9103,'20263010',627,,98583,27,,,0,99,,98584,27,,,0,101,,98585,27,,,0,101,,98586,27,,,0,100,,98587,27,,,0,100,,98588,27,,,0,100,,98589,27,,,0,100,,98590,27,,,0,99,,98591,27,,,0,98,,98592,27,,,0,29,,98593,27,,,0,70,,98594,27,,,0,32,,98595,27,,,0,75,,98596,27,,,0,70,,98597,27,,,0,26,,98598,27,,,0,100,,98599,27,,,0,100,,98600,27,,,0,100,,98601,27,,,0,100,,98602,27,,,0,98,,98603,27,,,0
9103,'20263510',622,,98604,27,,,0,100,,98605,27,,,0,100,,98606,27,,,0,101,,98607,27,,,0,100,,98608,27,,,0,100,,98609,27,,,0,100,,98610,27,,,0,99,,98611,27,,,0,99,,98612,27,,,0,100,,98613,27,,,0,100,,98614,27,,,0,100,,98615,27,,,0,101,,98616,27,,,0,98,,98617,27,,,0,101,,98618,27,,,0,100,,98619,27,,,0,101,,98620,27,,,0,100,,98621,27,,,0
9103,'20263511',622,,98622,27,,,0,100,,98623,27,,,0,100,,98624,27,,,0,101,,98625,27,,,0,100,,98626,27,,,0,100,,98627,27,,,0,100,,98628,27,,,0,99,,98629,27,,,0,99,,98630,27,,,0,100,,98631,27,,,0,100,,98632,27,,,0,100,,98633,27,,,0,101,,98634,27,,,0,98,,98635,27,,,0,101,,98636,27,,,0,100,,98637,27,,,0,101,,98638,27,,,0,100,,98639,27,,,0
9103,'20263610',622,,98640,27,,,0,100,,98641,27,,,0,100,,98642,27,,,0,101,,98643,27,,,0,100,,98644,27,,,0,100,,98645,27,,,0,100,,98646,27,,,0,99,,98647,27,,,0,99,,98648,27,,,0,100,,98649,27,,,0,100,,98650,27,,,0,100,,98651,27,,,0,101,,98652,27,,,0,98,,98653,27,,,0,101,,98654,27,,,0,100,,98655,27,,,0,101,,98656,27,,,0,100,,98657,27,,,0
9103,'20263611',622,,98658,27,,,0,100,,98659,27,,,0,100,,98660,27,,,0,101,,98661,27,,,0,100,,98662,27,,,0,100,,98663,27,,,0,100,,98664,27,,,0,99,,98665,27,,,0,99,,98666,27,,,0,100,,98667,27,,,0,100,,98668,27,,,0,100,,98669,27,,,0,101,,98670,27,,,0,98,,98671,27,,,0,101,,98672,27,,,0,100,,98673,27,,,0,101,,98674,27,,,0,100,,98675,27,,,0
9601,'20263010',625,,99395,38,,,0,99,,99396,38,,,0,35,,99397,38,,,0,67,,99398,38,,,0,100,,99413,38,,,0,100,,99399,38,,,0,100,,99400,38,,,0,99,,99401,38,,,0,100,,99402,38,,,0,100,,99403,38,,,0,100,,99404,38,,,0,99,,99405,38,,,0,111,,99406,38,,,0,91,,99407,38,,,0,98,,99408,38,,,0,100,,99409,38,,,0,100,,99410,38,,,0,99,,99411,38,,,0,100,,99412,38,,,0
9601,'20263510',751,,99414,38,,,0,100,,99415,38,,,0,101,,99416,38,,,0,101,,99417,38,,,0,100,,99418,38,,,0,96,,99419,38,,,0,99,,99420,38,,,0,108,,99421,38,,,0,97,,99422,38,,,0,96,,99423,38,,,0,108,,99424,38,,,0,95,,99425,38,,,0,99,,99426,38,,,0,100,,99427,38,,,0,100,,99428,38,,,0,100,,99429,38,,,0
9601,'20263511',751,,99430,38,,,0,100,,99431,38,,,0,101,,99432,38,,,0,101,,99433,38,,,0,100,,99434,38,,,0,96,,99435,38,,,0,99,,99436,38,,,0,108,,99437,38,,,0,97,,99438,38,,,0,96,,99439,38,,,0,108,,99440,38,,,0,95,,99441,38,,,0,99,,99442,38,,,0,100,,99443,38,,,0,100,,99444,38,,,0,100,,99445,38,,,0
9601,'20263610',751,,99446,38,,,0,100,,99447,38,,,0,101,,99448,38,,,0,101,,99449,38,,,0,100,,99450,38,,,0,96,,99451,38,,,0,99,,99452,38,,,0,108,,99453,38,,,0,97,,99454,38,,,0,96,,99455,38,,,0,108,,99456,38,,,0,95,,99457,38,,,0,99,,99458,38,,,0,100,,99459,38,,,0,100,,99460,38,,,0,100,,99461,38,,,0
9601,'20263611',751,,99462,38,,,0,100,,99463,38,,,0,101,,99464,38,,,0,101,,99465,38,,,0,100,,99466,38,,,0,96,,99467,38,,,0,99,,99468,38,,,0,108,,99469,38,,,0,97,,99470,38,,,0,96,,99471,38,,,0,108,,99472,38,,,0,95,,99473,38,,,0,99,,99474,38,,,0,100,,99475,38,,,0,100,,99476,38,,,0,100,,99477,38,,,0
29103,'20263010',1557,,99749,34,4,,0,72,,99746,34,4,,0,71,,99748,34,4,,0,32,,99747,34,4,,0
7009002,'20263010',732,,106151,23,,,0,2,,106150,53,,,0
