1303,'20263010',709,,92369,42,,,0,106,,92370,42,,,0,28,,92391,40,,,0,2,,92371,42,,,0,96,,92372,42,,,0,100,,92373,42,,,0,100,,92374,42,,,0,102,,92375,42,,,0,98,,92376,42,,,0,101,,92377,42,,,0,101,,92378,42,,,0,73,,92387,42,,,0,30,,92379,42,,,0,71,,92388,42,,,0,35,,92380,42,,,0,64,,92389,42,,,0,30,,92381,42,,,0,65,,92390,42,,,0,27,,92382,42,,,0,99,,92383,42,,,0,100,,92384,42,,,0,102,,92385,42,,,0,97,,92386,42,,,0
1303,'20263510',819,,92393,42,,,0,102,,92394,42,,,0,102,,92395,42,,,0,102,,92396,42,,,0,102,,92397,42,,,0,102,,92398,42,,,0,102,,92399,42,,,0,105,,92400,42,,,0,97,,92401,42,,,0,100,,92402,42,,,0,97,,92403,42,,,0,97,,92404,42,,,0,98,,92405,42,,,0,98,,92406,42,,,0,98,,92407,42,,,0,98,,92392,42,,,0
1303,'20263511',819,,92409,42,,,0,102,,92410,42,,,0,102,,92411,42,,,0,102,,92412,42,,,0,102,,92413,42,,,0,102,,92414,42,,,0,102,,92415,42,,,0,105,,92416,42,,,0,97,,92417,42,,,0,100,,92418,42,,,0,97,,92419,42,,,0,97,,92420,42,,,0,98,,92421,42,,,0,98,,92422,42,,,0,98,,92423,42,,,0,98,,92408,42,,,0
1303,'20263610',819,,92424,42,,,0,102,,92425,42,,,0,102,,92426,42,,,0,102,,92427,42,,,0,102,,92428,42,,,0,102,,92429,42,,,0,102,,92430,42,,,0,105,,92431,42,,,0,97,,92432,42,,,0,100,,92433,42,,,0,97,,92434,42,,,0,97,,92435,42,,,0,98,,92436,42,,,0,98,,92437,42,,,0,98,,92438,42,,,0,98,,92439,42,,,0
1303,'20263611',819,,92440,42,,,0,102,,92441,42,,,0,102,,92442,42,,,0,102,,92443,42,,,0,102,,92444,42,,,0,102,,92445,42,,,0,102,,92446,42,,,0,105,,92447,42,,,0,97,,92448,42,,,0,100,,92449,42,,,0,97,,92450,42,,,0,97,,92451,42,,,0,98,,92452,42,,,0,98,,92453,42,,,0,98,,92454,42,,,0,98,,92455,42,,,0
80703,'20263010',546,,105656,32,,,1,55,,105679,32,,,1,17,,105657,32,,,1,18,,105658,32,,,1,19,,105659,32,,,1,56,,105660,32,,,1,18,,105661,32,,,1,11,,105741,32,,,1,14,,105742,32,,,1,49,,105743,32,,,1,6,,105749,32,,,1,5,,105744,32,,,1,5,,105750,32,,,1,6,,105745,32,,,1,7,,105746,32,,,1,10,,105722,32,,,1,10,,105723,32,,,1,50,,105725,32,,,1,8,,105700,32,,,1,8,,105699,32,,,1,7,,105720,32,,,1,9,,105698,32,,,1,15,,105721,32,,,1,54,,105719,32,,,1,15,,105696,32,,,1,14,,105695,32,,,1,14,,105718,32,,,1,55,,105717,32,,,1,15,,105694,32,,,1,15,,105716,32,,,1,15,,105715,32,,,1,56,,105693,32,,,1,16,,105714,32,,,1,15,,105692,32,,,1,13,,105713,32,,,1,12,,105691,32,,,1,53,,105712,32,,,1,11,,105702,32,,,1,11,,105690,32,,,1,13,,105701,32,,,1,12,,105711,32,,,1,52,,105680,32,,,1,12,,105689,32,,,1,12,,105688,32,,,1,12,,105710,32,,,1,12,,105709,32,,,1,54,,105687,32,,,1,15,,105708,32,,,1,14,,105686,32,,,1,8,,105707,32,,,1,8,,105748,32,,,1,50,,105662,32,,,1,13,,105706,32,,,1,10,,105685,32,,,1,11,,105705,32,,,1,11,,105684,32,,,1,51,,105704,32,,,1,9,,105669,32,,,1,9,,105670,32,,,1,10,,105682,32,,,1,9,,105671,32,,,1,8,,105681,32,,,1,8,,105703,32,,,1,49,,105672,32,,,1,8,,105683,32,,,1,9,,105697,32,,,1,15,,105747,32,,,1,12,,105724,32,,,1,51,,105728,32,,,1,13,,105727,32,,,1,15,,105663,32,,,1,15,,105673,32,,,1,14,,105664,32,,,1,55,,105674,32,,,1,15,,105665,32,,,1,15,,105675,32,,,1,14,,105666,32,,,1,55,,105676,32,,,1,15,,105667,32,,,1,15,,105677,32,,,1,15,,105668,32,,,1,55,,105678,32,,,1,15,,105729,32,,,1,15,,105730,32,,,1,13,,105731,32,,,1,53,,105732,32,,,1,15,,105733,32,,,1,13,,105734,32,,,1,13,,105735,32,,,1,55,,105736,32,,,1,15,,105737,32,,,1,14,,105738,32,,,1,14,,105739,32,,,1,13,,105740,32,,,1,55,,105726,32,,,1
80703,'20263510',559,,105751,32,,,1,55,,105752,32,,,1,16,,105753,32,,,1,15,,105827,32,,,1,55,,105754,32,,,1,16,,105755,32,,,1,15,,105756,32,,,1,15,,105828,32,,,1,56,,105757,32,,,1,15,,105758,32,,,1,15,,105759,32,,,1,16,,105760,32,,,1,55,,105761,32,,,1,15,,105762,32,,,1,16,,105763,32,,,1,17,,105764,32,,,1,56,,105765,32,,,1,15,,105766,32,,,1,17,,105767,32,,,1,15,,105768,32,,,1,56,,105769,32,,,1,15,,105770,32,,,1,16,,105771,32,,,1,16,,105772,32,,,1,57,,105773,32,,,1,15,,105774,32,,,1,15,,105775,32,,,1,15,,105776,32,,,1,55,,105777,32,,,1,16,,105778,32,,,1,16,,105779,32,,,1,55,,105780,32,,,1,15,,105781,32,,,1,15,,105782,32,,,1,15,,105783,32,,,1,56,,105784,32,,,1,16,,105785,32,,,1,15,,105786,32,,,1,15,,105787,32,,,1,55,,105788,32,,,1,15,,105789,32,,,1,15,,105790,32,,,1,15,,105791,32,,,1,55,,105792,32,,,1,15,,105793,32,,,1,15,,105794,32,,,1,14,,105795,32,,,1,55,,105796,32,,,1,15,,105797,32,,,1,13,,105798,32,,,1,15,,105799,32,,,1,55,,105800,32,,,1,14,,105801,32,,,1,13,,105802,32,,,1,14,,105803,32,,,1,15,,105804,32,,,1,52,,105805,32,,,1,14,,105806,32,,,1,14,,105807,32,,,1,15,,105808,32,,,1,55,,105809,32,,,1,14,,105810,32,,,1,15,,105811,32,,,1,15,,105812,32,,,1,55,,105813,32,,,1,14,,105814,32,,,1,15,,105815,32,,,1,15,,105816,32,,,1,54,,105817,32,,,1,15,,105818,32,,,1,14,,105819,32,,,1,15,,105820,32,,,1,54,,105821,32,,,1,15,,105822,32,,,1,14,,105823,32,,,1,13,,105824,32,,,1,14,,105825,32,,,1,55,,105826,32,,,1
80703,'20263511',559,,105829,32,,,1,55,,105830,32,,,1,16,,105831,32,,,1,15,,105905,32,,,1,55,,105832,32,,,1,16,,105833,32,,,1,15,,105834,32,,,1,15,,105906,32,,,1,56,,105835,32,,,1,15,,105836,32,,,1,15,,105837,32,,,1,16,,105838,32,,,1,55,,105839,32,,,1,15,,105840,32,,,1,16,,105841,32,,,1,17,,105842,32,,,1,56,,105843,32,,,1,15,,105844,32,,,1,17,,105845,32,,,1,15,,105846,32,,,1,56,,105847,32,,,1,15,,105848,32,,,1,16,,105849,32,,,1,16,,105850,32,,,1,57,,105851,32,,,1,15,,105852,32,,,1,15,,105853,32,,,1,15,,105854,32,,,1,55,,105855,32,,,1,16,,105856,32,,,1,16,,105857,32,,,1,55,,105858,32,,,1,15,,105859,32,,,1,15,,105860,32,,,1,15,,105861,32,,,1,56,,105862,32,,,1,16,,105863,32,,,1,15,,105864,32,,,1,15,,105865,32,,,1,55,,105866,32,,,1,15,,105867,32,,,1,15,,105868,32,,,1,15,,105869,32,,,1,55,,105870,32,,,1,15,,105871,32,,,1,15,,105872,32,,,1,14,,105873,32,,,1,55,,105874,32,,,1,15,,105875,32,,,1,13,,105876,32,,,1,15,,105877,32,,,1,55,,105878,32,,,1,14,,105879,32,,,1,13,,105880,32,,,1,14,,105881,32,,,1,15,,105882,32,,,1,52,,105883,32,,,1,14,,105884,32,,,1,14,,105885,32,,,1,15,,105886,32,,,1,55,,105887,32,,,1,14,,105888,32,,,1,15,,105889,32,,,1,15,,105890,32,,,1,55,,105891,32,,,1,14,,105892,32,,,1,15,,105893,32,,,1,15,,105894,32,,,1,54,,105895,32,,,1,15,,105896,32,,,1,14,,105897,32,,,1,15,,105898,32,,,1,54,,105899,32,,,1,15,,105900,32,,,1,14,,105901,32,,,1,13,,105902,32,,,1,14,,105903,32,,,1,55,,105904,32,,,1
80703,'20263610',559,,105907,32,,,1,55,,105908,32,,,1,16,,105909,32,,,1,15,,105910,32,,,1,55,,105983,32,,,1,16,,105911,32,,,1,15,,105912,32,,,1,15,,105913,32,,,1,56,,105984,32,,,1,15,,105914,32,,,1,15,,105915,32,,,1,16,,105916,32,,,1,55,,105917,32,,,1,15,,105918,32,,,1,16,,105919,32,,,1,17,,105920,32,,,1,56,,105922,32,,,1,15,,105923,32,,,1,17,,105924,32,,,1,15,,105921,32,,,1,56,,105925,32,,,1,15,,105926,32,,,1,16,,105927,32,,,1,16,,105928,32,,,1,57,,105929,32,,,1,15,,105930,32,,,1,15,,105931,32,,,1,15,,105932,32,,,1,55,,105933,32,,,1,16,,105934,32,,,1,16,,105935,32,,,1,55,,105936,32,,,1,15,,105937,32,,,1,15,,105938,32,,,1,15,,105939,32,,,1,56,,105940,32,,,1,16,,105941,32,,,1,15,,105942,32,,,1,15,,105943,32,,,1,55,,105944,32,,,1,15,,105945,32,,,1,15,,105946,32,,,1,15,,105947,32,,,1,55,,105948,32,,,1,15,,105949,32,,,1,15,,105950,32,,,1,14,,105951,32,,,1,55,,105953,32,,,1,15,,105954,32,,,1,13,,105955,32,,,1,15,,105952,32,,,1,55,,105956,32,,,1,14,,105957,32,,,1,13,,105958,32,,,1,14,,105959,32,,,1,15,,105960,32,,,1,52,,105961,32,,,1,14,,105962,32,,,1,14,,105963,32,,,1,15,,105964,32,,,1,55,,105965,32,,,1,14,,105966,32,,,1,15,,105967,32,,,1,15,,105968,32,,,1,55,,105969,32,,,1,14,,105970,32,,,1,15,,105971,32,,,1,15,,105972,32,,,1,54,,105973,32,,,1,15,,105974,32,,,1,14,,105975,32,,,1,15,,105976,32,,,1,54,,105977,32,,,1,15,,105978,32,,,1,14,,105979,32,,,1,13,,105980,32,,,1,14,,105981,32,,,1,55,,105982,32,,,1
80703,'20263611',559,,105985,32,,,1,55,,105986,32,,,1,16,,105987,32,,,1,15,,105988,32,,,1,55,,106061,32,,,1,16,,105989,32,,,1,15,,105990,32,,,1,15,,105991,32,,,1,56,,106062,32,,,1,15,,105992,32,,,1,15,,105993,32,,,1,16,,105994,32,,,1,55,,105995,32,,,1,15,,105996,32,,,1,16,,105997,32,,,1,17,,105998,32,,,1,56,,106000,32,,,1,15,,106001,32,,,1,17,,106002,32,,,1,15,,105999,32,,,1,56,,106003,32,,,1,15,,106004,32,,,1,16,,106005,32,,,1,16,,106006,32,,,1,57,,106007,32,,,1,15,,106008,32,,,1,15,,106009,32,,,1,15,,106010,32,,,1,55,,106011,32,,,1,16,,106012,32,,,1,16,,106013,32,,,1,55,,106014,32,,,1,15,,106015,32,,,1,15,,106016,32,,,1,15,,106017,32,,,1,56,,106018,32,,,1,16,,106019,32,,,1,15,,106020,32,,,1,15,,106021,32,,,1,55,,106022,32,,,1,15,,106023,32,,,1,15,,106024,32,,,1,15,,106025,32,,,1,55,,106026,32,,,1,15,,106027,32,,,1,15,,106028,32,,,1,14,,106029,32,,,1,55,,106031,32,,,1,15,,106032,32,,,1,13,,106033,32,,,1,15,,106030,32,,,1,55,,106034,32,,,1,14,,106035,32,,,1,13,,106036,32,,,1,14,,106037,32,,,1,15,,106038,32,,,1,52,,106039,32,,,1,14,,106040,32,,,1,14,,106041,32,,,1,15,,106042,32,,,1,55,,106043,32,,,1,14,,106044,32,,,1,15,,106045,32,,,1,15,,106046,32,,,1,55,,106047,32,,,1,14,,106048,32,,,1,15,,106049,32,,,1,15,,106050,32,,,1,54,,106051,32,,,1,15,,106052,32,,,1,14,,106053,32,,,1,15,,106054,32,,,1,54,,106055,32,,,1,15,,106056,32,,,1,14,,106057,32,,,1,13,,106058,32,,,1,14,,106059,32,,,1,55,,106060,32,,,1
90703,'20263010',2558,,106072,32,,,0,170,,106073,32,,,0
90703,'20263510',2558,,106074,32,,,0,170,,106075,32,,,0
90703,'20263511',2558,,106076,32,,,0,170,,106077,32,,,0
