7203,'20263010',642,,96620,15,,,0,72,,96621,15,,,0,32,,96622,15,,,0,70,,96623,15,,,0,28,,96624,15,,,0,69,,96625,15,,,0,30,,96626,15,,,0,70,,96627,15,,,0,30,,96628,15,,,0,70,,96629,15,,,0,30,,96630,15,,,0,70,,96631,15,,,0,30,,96632,15,,,0,70,,96633,15,,,0,30,,96634,15,,,0,70,,96635,15,,,0,30,,96637,15,,,0,70,,96638,15,,,0,31,,96639,15,,,0,71,,96636,15,,,0,30,,96640,15,,,0,69,,96641,15,,,0,29,,96642,15,,,0,70,,96643,15,,,0,29,,96644,15,,,0,70,,96645,15,,,0,100,,96646,15,,,0,100,,96647,15,,,0,100,,96648,15,,,0,99,,96649,15,,,0,100,,96650,15,,,0
7203,'20263511',712,,96670,15,,,0,100,,96671,15,,,0,100,,96672,15,,,0,100,,96673,15,,,0,100,,96674,15,,,0,100,,96675,15,,,0,100,,96676,15,,,0,100,,96677,15,,,0,100,,96678,15,,,0,100,,96679,15,,,0,100,,96680,15,,,0,100,,96681,15,,,0,100,,96682,15,,,0,100,,96683,15,,,0,100,,96684,15,,,0,99,,96685,15,,,0,100,,96686,15,,,0,100,,96687,15,,,0,30,,96688,15,,,0
7203,'20263611',712,,96708,15,,,0,100,,96709,15,,,0,100,,96710,15,,,0,100,,96711,15,,,0,100,,96712,15,,,0,100,,96713,15,,,0,100,,96714,15,,,0,100,,96715,15,,,0,100,,96716,15,,,0,100,,96717,15,,,0,100,,96718,15,,,0,100,,96726,15,,,0,100,,96723,15,,,0,100,,96719,15,,,0,100,,96720,15,,,0,99,,96721,15,,,0,100,,96722,15,,,0,100,,96725,15,,,0,30,,96724,15,,,0
8200,'20263010',644,,97909,42,,,0,78,,97892,42,,,0,78,,97913,42,,,0,30,,97899,42,,,0,73,,97908,42,,,0,108,,97900,42,,,0,46,,97907,42,,,0,101,,97901,42,,,0,99,,97893,42,,,0,99,,97902,42,,,0,93,,97906,42,,,0,99,,97903,42,,,0,93,,97894,42,,,0,70,,97895,42,,,0,29,,97896,42,,,0,68,,97897,42,,,0,99,,97904,42,,,0,37,,97905,44,,,0,100,,97911,44,,,0,100,,97910,44,,,0,100,,97912,44,,,0,100,,97898,44,,,0
8200,'20263511',713,,97945,44,,,0,100,,97931,44,,,0,100,,97935,44,,,0,101,,97936,44,,,0,100,,97943,44,,,0,101,,97937,44,,,0,100,,97932,44,,,0,100,,97938,44,,,0,100,,97944,44,,,0,100,,97939,44,,,0,100,,97947,44,,,0,100,,97933,44,,,0,99,,97940,44,,,0,100,,97942,44,,,0,100,,97946,44,,,0,100,,97941,44,,,0,130,,97934,44,,,0
8200,'20263611',713,,97977,44,,,0,100,,97978,44,,,0,100,,97974,44,,,0,101,,97979,44,,,0,100,,97973,44,,,0,101,,97975,44,,,0,100,,97968,44,,,0,100,,97965,44,,,0,100,,97971,44,,,0,100,,97972,44,,,0,100,,97981,44,,,0,100,,97969,44,,,0,99,,97966,44,,,0,100,,97976,44,,,0,100,,97980,44,,,0,100,,97967,44,,,0,130,,97970,44,,,0
18500,'20263010',1605,,99504,35,,,0,104,,99505,35,,,0,29,,99506,35,,,0,63,,99507,35,,,0,56,,99509,35,,,0
27300,'20263010',1626,,99647,9,4,,0,30,,99648,9,4,,0,66,,99649,9,4,,0,32,,99650,9,4,,0
28400,'20263010',1623,,99713,9,4,,0,29,,99714,9,4,,0,71,,99715,9,4,,0,23,,99716,9,4,,0,73,,99717,9,4,,0
38200,'20263010',1240,,99883,18,4,,0,409,,99884,18,4,,0,98,,99885,18,4,,0,96,,99886,18,4,,0
58200,'20263010',1609,,100078,16,4,,0,23,,100079,16,4,,0,27,,100076,16,4,,0,76,,100077,16,4,,0,68,,100075,16,4,,0
97203,'20263010',2602,,106108,26,,,0
97203,'20263511',2602,,106110,26,,,0
98200,'20263010',2605,,106114,49,,,0
98200,'20263511',2605,,106116,49,,,0
