7000,'20263010',715,,95792,64,,,0,17,,95805,64,,,0,23,,95806,64,,,0,63,,95793,64,,,0,20,,95807,64,,,0,20,,95808,64,,,0,59,,95794,64,,,0,21,,95809,64,,,0,20,,95810,64,,,0,60,,95795,64,,,0,20,,95811,64,,,0,21,,95812,64,,,0,58,,95796,64,,,0,20,,95813,64,,,0,20,,95814,64,,,0,60,,95797,64,,,0,21,,95815,64,,,0,17,,95816,64,,,0,61,,95798,64,,,0,18,,95817,64,,,0,23,,95818,64,,,0,59,,95799,64,,,0,20,,95819,64,,,0,21,,95820,64,,,0,59,,95800,64,,,0,18,,95821,64,,,0,67,,95822,64,,,0,22,,95801,64,,,0,25,,95823,64,,,0,63,,95824,64,,,0,22,,95802,64,,,0,20,,95825,64,,,0,56,,95826,64,,,0,20,,95803,64,,,0,17,,95827,64,,,0,58,,95828,64,,,0,20,,95804,64,,,0,21,,95829,64,,,0,69,,95830,64,,,0,30,,95831,64,,,0,70,,95832,64,,,0,30,,95833,64,,,0,69,,95834,64,,,0,30,,95835,64,,,0,68,,95836,64,,,0,30,,95837,64,,,0,70,,95838,64,,,0
7000,'20263511',711,,95873,64,,,0,30,,95891,64,,,0,71,,95874,64,,,0,30,,95892,64,,,0,71,,95875,64,,,0,30,,95893,64,,,0,70,,95876,64,,,0,31,,95894,64,,,0,71,,95877,64,,,0,30,,95895,64,,,0,70,,95878,64,,,0,32,,95896,64,,,0,70,,95879,64,,,0,30,,95897,64,,,0,70,,95880,64,,,0,32,,95898,64,,,0,70,,95881,64,,,0,30,,95899,64,,,0,70,,95882,64,,,0,30,,95900,64,,,0,70,,95883,64,,,0,30,,95901,64,,,0,70,,95884,64,,,0,27,,95902,64,,,0,67,,95885,64,,,0,30,,95906,64,,,0,69,,95903,64,,,0,30,,95886,64,,,0,70,,95904,64,,,0,30,,95887,64,,,0,69,,95890,64,,,0,30,,95888,64,,,0,70,,95905,64,,,0,30,,95889,64,,,0
7000,'20263611',711,,95941,64,,,0,30,,95958,64,,,0,71,,95942,64,,,0,30,,95959,64,,,0,71,,95943,64,,,0,30,,95960,64,,,0,70,,95944,64,,,0,31,,95961,64,,,0,71,,95945,64,,,0,30,,95962,64,,,0,70,,95946,64,,,0,32,,95963,64,,,0,70,,95947,64,,,0,30,,95964,64,,,0,70,,95948,64,,,0,32,,95965,64,,,0,70,,95949,64,,,0,30,,95966,64,,,0,70,,95950,64,,,0,30,,95967,64,,,0,70,,95951,64,,,0,30,,95968,64,,,0,70,,95952,64,,,0,27,,95969,64,,,0,67,,95953,64,,,0,30,,95970,64,,,0,69,,95954,64,,,0,30,,95971,64,,,0,70,,95955,64,,,0,30,,95973,64,,,0,69,,95956,64,,,0,30,,95972,64,,,0,70,,95957,64,,,0,30,,95974,64,,,0
7400,'20263010',800,,96740,85,4,,1,58,,96727,85,4,,1,97,,96728,85,4,,1,99,,96729,85,4,,1,101,,96730,85,4,,1,100,,96731,85,4,,1,100,,96732,85,4,,1,102,,96733,85,4,,1,102,,96734,85,4,,1,142,,96735,85,4,,1,56,,96736,85,4,,1,98,,96737,85,4,,1,97,,96741,85,4,,1,100,,96742,85,4,,1,100,,96738,85,4,,1,100,,96743,85,4,,1,100,,96739,85,4,,1
7400,'20263511',852,,96765,85,4,,1,101,,96779,85,4,,1,100,,96780,85,4,,1,100,,96766,85,4,,1,101,,96767,85,4,,1,100,,96768,85,4,,1,100,,96769,85,4,,1,101,,96770,85,4,,1,100,,96771,85,4,,1,101,,96772,85,4,,1,101,,96773,85,4,,1,97,,96774,85,4,,1,99,,96775,85,4,,1,100,,96776,85,4,,1,100,,96777,85,4,,1,99,,96778,85,4,,1,169,,96781,85,4,,1
7400,'20263611',852,,96799,85,4,,1,101,,96813,85,4,,1,100,,96800,85,4,,1,100,,96814,85,4,,1,101,,96807,85,4,,1,100,,96808,85,4,,1,100,,96809,85,4,,1,101,,96810,85,4,,1,100,,96811,85,4,,1,101,,96812,85,4,,1,101,,96801,85,4,,1,97,,96805,85,4,,1,99,,96806,85,4,,1,100,,96802,85,4,,1,100,,96803,85,4,,1,99,,96804,85,4,,1,169,,96815,85,4,,1
8400,'20263010',835,,98071,100,4,,1,98,,98072,100,4,,1,100,,98073,100,4,,1,100,,98074,100,4,,1,102,,98075,100,4,,1,99,,98076,100,4,,1,100,,98077,100,4,,1,102,,98078,100,4,,1,111,,98079,100,4,,1,66,,98088,67,4,,1,27,,98080,100,4,,1,65,,98089,67,4,,1,28,,98081,100,4,,1,99,,98082,100,4,,1,98,,98083,100,4,,1,100,,98084,100,4,,1,100,,98085,100,4,,1,99,,98086,100,4,,1,100,,98087,100,4,,1
8400,'20263511',828,,98107,100,4,,1,100,,98122,100,4,,1,102,,98108,100,4,,1,101,,98123,100,4,,1,101,,98109,100,4,,1,100,,98111,100,4,,1,100,,98112,100,4,,1,100,,98113,100,4,,1,101,,98114,100,4,,1,100,,98115,100,4,,1,98,,98116,100,4,,1,99,,98117,100,4,,1,100,,98118,100,4,,1,99,,98119,100,4,,1,100,,98120,100,4,,1,100,,98121,100,4,,1,98,,98110,100,4,,1
8400,'20263611',828,,98141,100,4,,1,100,,98156,100,4,,1,102,,98142,100,4,,1,101,,98157,100,4,,1,101,,98143,100,4,,1,100,,98150,100,4,,1,100,,98144,100,4,,1,100,,98151,100,4,,1,101,,98145,100,4,,1,100,,98152,100,4,,1,98,,98146,100,4,,1,99,,98153,100,4,,1,100,,98147,100,4,,1,99,,98154,100,4,,1,100,,98148,100,4,,1,100,,98155,100,4,,1,98,,98149,100,4,,1
27000,'20263010',1620,,99620,24,4,,0,23,,99627,24,4,,0,2,,99621,24,4,,0,12,,99622,24,4,,0,62,,99623,24,4,,0,26,,99624,24,4,,0,66,,99625,24,4,,0,27,,99626,24,4,,0
37000,'20263010',1250,,99838,29,4,,0,368,,99839,29,4,,0,87,,99840,29,4,,0,102,,99841,29,4,,0,99,,99842,29,4,,0
57000,'20263010',1632,,100040,27,4,,0,9,,100041,27,4,,0,79,,100042,27,4,,0,18,,100043,27,4,,0,67,,100044,27,4,,0
80400,'20263010',653,,103422,59,4,,1,57,,103355,59,4,,1,15,,103357,59,4,,1,16,,103418,59,4,,1,14,,103367,59,4,,1,54,,103369,59,4,,1,15,,103370,59,4,,1,16,,103423,59,4,,1,15,,103371,59,4,,1,55,,103372,59,4,,1,14,,103373,59,4,,1,16,,103374,59,4,,1,15,,103376,59,4,,1,54,,103411,59,4,,1,16,,103415,59,4,,1,14,,103377,59,4,,1,15,,103378,59,4,,1,53,,103375,59,4,,1,17,,103412,59,4,,1,15,,103379,59,4,,1,14,,103380,59,4,,1,55,,103416,59,4,,1,15,,103382,59,4,,1,15,,103383,59,4,,1,16,,103384,59,4,,1,55,,103381,59,4,,1,14,,103385,59,4,,1,14,,103413,59,4,,1,16,,103386,59,4,,1,55,,103387,59,4,,1,15,,103388,59,4,,1,15,,103389,59,4,,1,15,,103420,59,4,,1,55,,103390,59,4,,1,19,,103392,59,4,,1,17,,103393,59,4,,1,56,,103394,59,4,,1,18,,103391,59,4,,1,10,,103395,59,4,,1,11,,103396,59,4,,1,12,,103429,59,4,,1,54,,103397,59,4,,1,8,,103398,59,4,,1,8,,103399,59,4,,1,8,,103400,59,4,,1,7,,103417,59,4,,1,10,,103401,59,4,,1,7,,103402,59,4,,1,49,,103403,59,4,,1,11,,103404,59,4,,1,10,,103405,59,4,,1,11,,103368,59,4,,1,16,,103366,59,4,,1,53,,103365,59,4,,1,15,,103406,59,4,,1,14,,103407,59,4,,1,17,,103428,59,4,,1,59,,103408,59,4,,1,18,,103410,59,4,,1,18,,103358,59,4,,1,57,,103414,59,4,,1,18,,103359,59,4,,1,18,,103419,59,4,,1,17,,103356,59,4,,1,58,,103421,59,4,,1,18,,103360,59,4,,1,17,,103361,59,4,,1,57,,103424,59,4,,1,16,,103362,59,4,,1,17,,103425,59,4,,1,19,,103363,59,4,,1,56,,103364,59,4,,1,17,,103426,59,4,,1,18,,103427,59,4,,1,57,,103409,59,4,,1,18,,103430,59,4,,1
80400,'20263511',738,,103543,59,4,,1,18,,103496,59,4,,1,58,,103497,59,4,,1,19,,103498,59,4,,1,19,,103544,59,4,,1,59,,103548,59,4,,1,18,,103499,59,4,,1,18,,103500,59,4,,1,59,,103539,59,4,,1,18,,103549,59,4,,1,18,,103545,59,4,,1,58,,103540,59,4,,1,17,,103547,59,4,,1,18,,103501,59,4,,1,17,,103541,59,4,,1,55,,103502,59,4,,1,15,,103542,59,4,,1,16,,103503,59,4,,1,15,,103550,59,4,,1,55,,103504,59,4,,1,15,,103505,59,4,,1,15,,103506,59,4,,1,15,,103507,59,4,,1,55,,103508,59,4,,1,15,,103509,59,4,,1,15,,103510,59,4,,1,15,,103511,59,4,,1,55,,103512,59,4,,1,15,,103513,59,4,,1,15,,103514,59,4,,1,15,,103515,59,4,,1,55,,103516,59,4,,1,15,,103517,59,4,,1,15,,103518,59,4,,1,15,,103519,59,4,,1,55,,103520,59,4,,1,14,,103521,59,4,,1,15,,103522,59,4,,1,16,,103523,59,4,,1,55,,103524,59,4,,1,15,,103525,59,4,,1,17,,103526,59,4,,1,16,,103527,59,4,,1,57,,103551,59,4,,1,17,,103546,59,4,,1,17,,103552,59,4,,1,58,,103528,59,4,,1,16,,103553,59,4,,1,18,,103529,59,4,,1,16,,103530,59,4,,1,58,,103554,59,4,,1,17,,103531,59,4,,1,18,,103555,59,4,,1,57,,103532,59,4,,1,18,,103533,59,4,,1,17,,103556,59,4,,1,18,,103534,59,4,,1,58,,103557,59,4,,1,17,,103535,59,4,,1,18,,103536,59,4,,1,58,,103558,59,4,,1,17,,103537,59,4,,1,18,,103538,59,4,,1,58,,103559,59,4,,1,18,,103560,59,4,,1
80400,'20263611',738,,103674,59,4,,1,18,,103626,59,4,,1,58,,103678,59,4,,1,19,,103627,59,4,,1,19,,103628,59,4,,1,59,,103676,59,4,,1,18,,103629,59,4,,1,18,,103630,59,4,,1,59,,103632,59,4,,1,18,,103672,59,4,,1,18,,103679,59,4,,1,58,,103675,59,4,,1,17,,103634,59,4,,1,18,,103680,59,4,,1,17,,103631,59,4,,1,55,,103635,59,4,,1,15,,103633,59,4,,1,16,,103673,59,4,,1,15,,103636,59,4,,1,55,,103637,59,4,,1,15,,103638,59,4,,1,15,,103639,59,4,,1,15,,103640,59,4,,1,55,,103641,59,4,,1,15,,103642,59,4,,1,15,,103643,59,4,,1,15,,103644,59,4,,1,55,,103645,59,4,,1,15,,103646,59,4,,1,15,,103647,59,4,,1,15,,103648,59,4,,1,55,,103649,59,4,,1,15,,103650,59,4,,1,15,,103651,59,4,,1,15,,103652,59,4,,1,55,,103653,59,4,,1,14,,103654,59,4,,1,15,,103655,59,4,,1,16,,103656,59,4,,1,55,,103657,59,4,,1,15,,103658,59,4,,1,17,,103659,59,4,,1,16,,103681,59,4,,1,57,,103660,59,4,,1,17,,103677,59,4,,1,17,,103682,59,4,,1,58,,103662,59,4,,1,16,,103683,59,4,,1,18,,103664,59,4,,1,16,,103661,59,4,,1,58,,103685,59,4,,1,17,,103665,59,4,,1,18,,103686,59,4,,1,57,,103663,59,4,,1,18,,103666,59,4,,1,17,,103687,59,4,,1,18,,103667,59,4,,1,58,,103684,59,4,,1,17,,103668,59,4,,1,18,,103669,59,4,,1,58,,103688,59,4,,1,17,,103670,59,4,,1,18,,103671,59,4,,1,58,,103689,59,4,,1,18,,103690,59,4,,1
90400,'20263010',2621,,106063,67,4,,0
90400,'20263511',2621,,106065,67,4,,0
98400,'20263010',2631,,106117,107,,,0
98400,'20263511',2631,,106119,107,,,0
