7100,'20263010',622,,96204,30,,,0,20,,96203,30,,,0,59,,96158,30,,,0,17,,96159,30,,,0,20,,96160,30,,,0,21,,96161,30,,,0,63,,96162,30,,,0,18,,96163,30,,,0,60,,96164,30,,,0,25,,96165,30,,,0,19,,96166,30,,,0,58,,96167,30,,,0,20,,96168,30,,,0,17,,96169,30,,,0,19,,96170,30,,,0,65,,96171,30,,,0,21,,96172,30,,,0,60,,96173,30,,,0,20,,96174,30,,,0,17,,96175,30,,,0,59,,96176,30,,,0,22,,96177,30,,,0,21,,96178,30,,,0,60,,96179,30,,,0,20,,96180,30,,,0,19,,96181,30,,,0,62,,96182,30,,,0,19,,96183,30,,,0,19,,96184,30,,,0,16,,96186,30,,,0,60,,96187,30,,,0,21,,96188,30,,,0,62,,96185,30,,,0,25,,96189,30,,,0,24,,96190,30,,,0,61,,96191,30,,,0,21,,96192,30,,,0,20,,96193,30,,,0,61,,96194,30,,,0,30,,96195,30,,,0,70,,96196,30,,,0,30,,96197,30,,,0,70,,96198,30,,,0,30,,96199,30,,,0,70,,96200,30,,,0,30,,96201,30,,,0,70,,96202,30,,,0
7100,'20263510',717,,96205,30,,,0,30,,96206,30,,,0,70,,96207,30,,,0,30,,96208,30,,,0,70,,96209,30,,,0,28,,96210,30,,,0,70,,96211,30,,,0,30,,96212,30,,,0,69,,96213,30,,,0,29,,96214,30,,,0,71,,96215,30,,,0,30,,96217,30,,,0,70,,96218,30,,,0,29,,96219,30,,,0,73,,96216,30,,,0,28,,96220,30,,,0,70,,96221,30,,,0,28,,96222,30,,,0,72,,96223,30,,,0,29,,96224,30,,,0,71,,96225,30,,,0,30,,96226,30,,,0,71,,96227,30,,,0,30,,96228,30,,,0,70,,96229,30,,,0,30,,96230,30,,,0,70,,96231,30,,,0,32,,96232,30,,,0,70,,96233,30,,,0,29,,96234,30,,,0,71,,96235,30,,,0,30,,96236,30,,,0,70,,96237,30,,,0
7100,'20263511',717,,96238,30,,,0,30,,96239,30,,,0,70,,96240,30,,,0,30,,96241,30,,,0,70,,96242,30,,,0,28,,96243,30,,,0,70,,96244,30,,,0,30,,96245,30,,,0,69,,96246,30,,,0,29,,96247,30,,,0,71,,96248,30,,,0,30,,96250,30,,,0,70,,96251,30,,,0,29,,96252,30,,,0,73,,96249,30,,,0,28,,96253,30,,,0,70,,96254,30,,,0,28,,96255,30,,,0,72,,96256,30,,,0,29,,96257,30,,,0,71,,96258,30,,,0,30,,96259,30,,,0,71,,96260,30,,,0,30,,96261,30,,,0,70,,96262,30,,,0,30,,96263,30,,,0,70,,96264,30,,,0,32,,96265,30,,,0,70,,96266,30,,,0,29,,96267,30,,,0,71,,96268,30,,,0,30,,96269,30,,,0,70,,96270,30,,,0
7100,'20263610',717,,96271,30,,,0,30,,96272,30,,,0,70,,96273,30,,,0,30,,96274,30,,,0,70,,96275,30,,,0,28,,96276,30,,,0,70,,96277,30,,,0,30,,96279,30,,,0,69,,96280,30,,,0,29,,96281,30,,,0,71,,96278,30,,,0,30,,96282,30,,,0,70,,96283,30,,,0,29,,96284,30,,,0,73,,96285,30,,,0,28,,96286,30,,,0,70,,96287,30,,,0,28,,96288,30,,,0,72,,96289,30,,,0,29,,96290,30,,,0,71,,96291,30,,,0,30,,96292,30,,,0,71,,96293,30,,,0,30,,96294,30,,,0,70,,96295,30,,,0,30,,96296,30,,,0,70,,96297,30,,,0,32,,96298,30,,,0,70,,96299,30,,,0,29,,96300,30,,,0,71,,96301,30,,,0,30,,96302,30,,,0,70,,96303,30,,,0
7100,'20263611',717,,96304,30,,,0,30,,96305,30,,,0,70,,96306,30,,,0,30,,96307,30,,,0,70,,96308,30,,,0,28,,96309,30,,,0,70,,96310,30,,,0,30,,96312,30,,,0,69,,96313,30,,,0,29,,96314,30,,,0,71,,96311,30,,,0,30,,96315,30,,,0,70,,96316,30,,,0,29,,96317,30,,,0,73,,96318,30,,,0,28,,96319,30,,,0,70,,96320,30,,,0,28,,96321,30,,,0,72,,96322,30,,,0,29,,96323,30,,,0,71,,96324,30,,,0,30,,96325,30,,,0,71,,96326,30,,,0,30,,96327,30,,,0,70,,96328,30,,,0,30,,96329,30,,,0,70,,96330,30,,,0,32,,96331,30,,,0,70,,96332,30,,,0,29,,96333,30,,,0,71,,96334,30,,,0,30,,96335,30,,,0,70,,96336,30,,,0
8200,'20263010',617,,97909,16,,,0,38,,97892,16,,,0,76,,97913,16,,,0,72,,97899,16,,,0,33,,97908,16,,,0,108,,97900,16,,,0,86,,97907,16,,,0,100,,97901,16,,,0,99,,97893,16,,,0,98,,97902,16,,,0,93,,97906,16,,,0,98,,97903,16,,,0,93,,97894,16,,,0,29,,97895,16,,,0,70,,97896,16,,,0,32,,97897,16,,,0,100,,97904,16,,,0,74,,97905,16,,,0,99,,97911,16,,,0,102,,97910,16,,,0,100,,97912,16,,,0,101,,97898,16,,,0
8200,'20263510',647,,97928,16,,,0,100,,97914,16,,,0,99,,97918,16,,,0,100,,97919,16,,,0,100,,97926,16,,,0,99,,97920,16,,,0,98,,97915,16,,,0,100,,97921,16,,,0,100,,97927,16,,,0,100,,97922,16,,,0,100,,97930,16,,,0,101,,97916,16,,,0,103,,97923,16,,,0,100,,97925,16,,,0,100,,97929,16,,,0,100,,97924,16,,,0,171,,97917,16,,,0
8200,'20263511',647,,97945,16,,,0,100,,97931,16,,,0,99,,97935,16,,,0,100,,97936,16,,,0,100,,97943,16,,,0,99,,97937,16,,,0,98,,97932,16,,,0,100,,97938,16,,,0,100,,97944,16,,,0,100,,97939,16,,,0,100,,97947,16,,,0,101,,97933,16,,,0,103,,97940,16,,,0,100,,97942,16,,,0,100,,97946,16,,,0,100,,97941,16,,,0,171,,97934,16,,,0
8200,'20263610',647,,97960,16,,,0,100,,97961,16,,,0,99,,97957,16,,,0,100,,97962,16,,,0,100,,97956,16,,,0,99,,97958,16,,,0,98,,97951,16,,,0,100,,97948,16,,,0,100,,97954,16,,,0,100,,97955,16,,,0,100,,97964,16,,,0,101,,97952,16,,,0,103,,97949,16,,,0,100,,97959,16,,,0,100,,97963,16,,,0,100,,97950,16,,,0,171,,97953,16,,,0
8200,'20263611',647,,97977,16,,,0,100,,97978,16,,,0,99,,97974,16,,,0,100,,97979,16,,,0,100,,97973,16,,,0,99,,97975,16,,,0,98,,97968,16,,,0,100,,97965,16,,,0,100,,97971,16,,,0,100,,97972,16,,,0,100,,97981,16,,,0,101,,97969,16,,,0,103,,97966,16,,,0,100,,97976,16,,,0,100,,97980,16,,,0,100,,97967,16,,,0,171,,97970,16,,,0
18500,'20263010',919,,99508,15,,,0,630,,99504,23,,,0,104,,99505,23,,,0,70,,99506,23,,,0,23,,99507,23,,,0,97,,99509,23,,,0
98200,'20263010',2546,,106114,20,,,0
98200,'20263510',2546,,106115,20,,,0
98200,'20263511',2546,,106116,20,,,0
1008200,'20263010',754,,106134,4,,,0
