1203,'20263010',622,,92200,1,,,0,28,,92218,1,,,0,76,,92201,1,,,0,26,,92202,1,,,0,71,,92219,1,,,0,31,,92203,1,,,0,99,,92204,1,,,0,98,,92205,1,,,0,96,,92206,1,,,0,101,,92207,1,,,0,100,,92208,1,,,0,98,,92209,1,,,0,98,,92210,1,,,0,109,,92211,1,,,0,98,,92212,1,,,0,103,,92213,1,,,0,100,,92214,1,,,0,100,,92215,1,,,0,100,,92216,1,,,0,99,,92217,1,,,0
1203,'20263511',731,,92236,1,,,0,100,,92237,1,,,0,98,,92238,1,,,0,98,,92239,1,,,0,101,,92240,1,,,0,105,,92241,1,,,0,95,,92242,1,,,0,105,,92243,1,,,0,94,,92244,1,,,0,101,,92245,1,,,0,102,,92246,1,,,0,102,,92247,1,,,0,100,,92248,1,,,0,100,,92249,1,,,0,100,,92250,1,,,0,100,,92251,1,,,0
1203,'20263611',731,,92268,1,,,0,100,,92269,1,,,0,98,,92270,1,,,0,98,,92271,1,,,0,101,,92272,1,,,0,105,,92273,1,,,0,95,,92274,1,,,0,105,,92275,1,,,0,94,,92276,1,,,0,101,,92277,1,,,0,102,,92278,1,,,0,102,,92279,1,,,0,100,,92280,1,,,0,100,,92281,1,,,0,100,,92283,1,,,0,100,,92282,1,,,0
1303,'20263010',641,,92369,1,,,0,104,,92370,1,,,0,69,,92371,1,,,0,101,,92372,1,,,0,101,,92373,1,,,0,99,,92374,1,,,0,101,,92375,1,,,0,99,,92376,1,,,0,100,,92377,1,,,0,96,,92378,1,,,0,31,,92387,1,,,0,70,,92379,1,,,0,32,,92388,1,,,0,76,,92380,1,,,0,25,,92389,1,,,0,70,,92381,1,,,0,29,,92390,1,,,0,68,,92382,1,,,0,100,,92383,1,,,0,100,,92384,1,,,0,100,,92385,1,,,0,99,,92386,1,,,0
1303,'20263511',754,,92409,1,,,0,102,,92410,1,,,0,102,,92411,1,,,0,142,,92412,1,,,0,102,,92413,1,,,0,102,,92414,1,,,0,101,,92415,1,,,0,104,,92416,1,,,0,97,,92417,1,,,0,100,,92418,1,,,0,98,,92419,1,,,0,98,,92420,1,,,0,98,,92421,1,,,0,58,,92422,1,,,0,98,,92423,1,,,0,98,,92408,1,,,0
1303,'20263611',754,,92440,1,,,0,102,,92441,1,,,0,102,,92442,1,,,0,142,,92443,1,,,0,102,,92444,1,,,0,102,,92445,1,,,0,101,,92446,1,,,0,104,,92447,1,,,0,97,,92448,1,,,0,100,,92449,1,,,0,98,,92450,1,,,0,98,,92451,1,,,0,98,,92452,1,,,0,58,,92453,1,,,0,98,,92454,1,,,0,98,,92455,1,,,0
1602,'20263010',649,,92456,1,,,0,75,,92457,1,,,0,100,,92460,1,,,0,103,,92461,1,,,0,100,,92462,1,,,0,100,,92463,1,,,0,99,,92464,1,,,0,101,,92465,1,,,0,99,,92466,1,,,0,97,,92467,1,,,0,30,,92473,1,,,0,65,,92468,1,,,0,84,,92458,1,,,0,38,,92459,1,,,0,102,,92469,1,,,0,101,,92470,1,,,0,100,,92471,1,,,0,100,,92472,1,,,0
1602,'20263511',952,,92481,1,,,0,201,,92478,1,,,0,199,,92479,1,,,0,306,,92480,1,,,0
1602,'20263611',952,,92489,1,,,0,201,,92486,1,,,0,199,,92487,1,,,0,306,,92488,1,,,0
2201,'20263010',641,,92964,22,,,0,72,,92955,22,,,0,32,,92956,22,,,0,69,,92957,22,,,0,29,,92958,22,,,0,702,,92959,22,,,0,72,,92960,22,,,0,31,,92961,22,,,0,67,,92962,22,,,0,33,,92963,22,,,0,93,,92965,22,,,0
7901,'20263010',704,,97250,51,,,0,31,,97251,51,,,0,70,,97252,51,,,0,29,,97253,51,,,0,69,,97254,51,,,0,100,,97255,51,,,0
8801,'20263010',721,,98469,37,,,0,31,,98470,37,,,0,72,,98471,37,,,0,25,,98472,37,,,0,169,,98476,37,,,0,535,,98473,37,,,0,71,,98474,37,,,0,99,,98475,37,,,0,124,,98477,37,,,0
9102,'20263010',541,,98490,51,,,0,102,,98491,51,,,0,72,,98492,51,,,0,31,,98493,51,,,0,70,,98494,51,,,0,30,,98495,51,,,0,69,,98496,50,,,0,99,,98497,50,,,0,100,,98498,50,,,0,102,,98499,50,,,0,99,,98500,50,,,0,100,,98501,50,,,0,100,,98502,50,,,0,98,,98503,51,,,0,104,,98504,51,,,0,100,,98505,51,,,0,97,,98506,50,,,0,100,,98507,50,,,0,99,,98508,50,,,0,99,,98509,50,,,0,98,,98510,51,,,0
9102,'20263511',610,,98529,51,,,0,101,,98530,51,,,0,101,,98531,51,,,0,100,,98532,50,,,0,101,,98533,50,,,0,101,,98534,50,,,0,100,,98535,50,,,0,100,,98536,50,,,0,100,,98537,50,,,0,100,,98538,50,,,0,100,,98539,50,,,0,100,,98540,50,,,0,99,,98541,50,,,0,98,,98542,51,,,0,100,,98543,51,,,0,100,,98544,51,,,0,100,,98545,51,,,0,99,,98546,51,,,0
9102,'20263611',610,,98565,51,,,0,101,,98566,51,,,0,101,,98567,51,,,0,100,,98568,50,,,0,101,,98569,50,,,0,101,,98570,50,,,0,100,,98571,50,,,0,100,,98572,50,,,0,100,,98573,50,,,0,100,,98574,50,,,0,100,,98575,50,,,0,100,,98576,50,,,0,99,,98577,50,,,0,98,,98578,51,,,0,100,,98579,51,,,0,100,,98580,51,,,0,100,,98581,51,,,0,99,,98582,51,,,0
9202,'20263010',610,,98695,42,,,0,99,,98694,42,,,0,36,,98693,42,,,0,72,,98676,42,,,0,29,,98692,42,,,0,69,,98677,42,,,0,99,,98678,42,,,0,100,,98679,42,,,0,102,,98681,42,,,0,100,,98682,42,,,0,100,,98680,42,,,0,100,,98688,42,,,0,108,,98686,42,,,0,101,,98687,42,,,0,94,,98689,42,,,0,96,,98683,42,,,0,98,,98684,42,,,0,99,,98685,42,,,0,98,,98690,42,,,0,97,,98691,42,,,0
9202,'20263511',628,,98729,42,,,0,102,,98728,42,,,0,100,,98713,42,,,0,100,,98724,42,,,0,101,,98723,42,,,0,100,,98714,42,,,0,97,,98725,42,,,0,101,,98717,42,,,0,101,,98719,42,,,0,102,,98718,42,,,0,101,,98726,42,,,0,104,,98715,42,,,0,96,,98716,42,,,0,99,,98727,42,,,0,97,,98720,42,,,0,100,,98721,42,,,0,100,,98722,42,,,0
9202,'20263611',628,,98763,42,,,0,102,,98762,42,,,0,100,,98747,42,,,0,100,,98757,42,,,0,101,,98756,42,,,0,100,,98748,42,,,0,97,,98758,42,,,0,101,,98751,42,,,0,101,,98753,42,,,0,102,,98752,42,,,0,101,,98759,42,,,0,104,,98749,42,,,0,96,,98750,42,,,0,99,,98760,42,,,0,97,,98754,42,,,0,100,,98755,42,,,0,100,,98761,42,,,0
9301,'20263010',619,,99005,51,0,11 12 1 13 14,0,14,,99013,56,0,24 14,0,89,,98990,51,0,11 12 1 13 14,0,16,,99012,51,0,11 12 1 13 14,0,15,,98991,51,0,11 12 1 13 14,0,60,,99014,56,0,24 14,0,14,,98992,51,0,11 12 1 13 14,0,27,,98993,51,0,11 12 1 13 14,0,70,,98994,51,0,11 12 1 13 14,0,14,,99015,56,0,24 14,0,17,,99003,51,0,11 12 1 13 14,0,98,,98995,51,0,11 12 1 13 14,0,54,,99016,56,0,24 14,0,46,,99008,51,0,11 12 1 13 14,0,86,,99017,56,0,24 14,0,13,,98996,51,0,11 12 1 13 14,0,101,,99009,51,0,11 12 1 13 14,0,56,,99018,56,0,24 14,0,43,,98997,51,0,11 12 1 13 14,0,90,,99019,56,0,24 14,0,8,,99001,51,0,11 12 1 13 14,0,66,,99010,51,0,11 12 1 13 14,0,31,,98998,51,0,11 12 1 13 14,0,70,,99020,56,0,24 14,0,5,,99011,51,0,11 12 1 13 14,0,35,,99004,51,0,11 12 1 13 14,0,81,,99021,56,0,24 14,0,14,,99002,51,0,11 12 1 13 14,0,99,,99006,51,0,11 12 1 13 14,0,55,,99022,56,0,24 14,0,45,,98999,51,0,11 12 1 13 14,0,84,,99023,56,0,24 14,0,15,,99007,51,0,11 12 1 13 14,0,100,,99000,51,0,11 12 1 13 14,0
9301,'20263511',633,,99067,56,0,24 14,0,15,,99066,51,0,11 12 1 13 14,0,101,,99056,51,0,11 12 1 13 14,0,56,,99068,56,0,24 14,0,44,,99051,51,0,11 12 1 13 14,0,86,,99069,56,0,24 14,0,15,,99065,51,0,11 12 1 13 14,0,101,,99058,51,0,11 12 1 13 14,0,57,,99070,56,0,24 14,0,43,,99060,51,0,11 12 1 13 14,0,87,,99071,56,0,24 14,0,13,,99052,51,0,11 12 1 13 14,0,101,,99061,51,0,11 12 1 13 14,0,57,,99072,56,0,24 14,0,43,,99059,51,0,11 12 1 13 14,0,88,,99073,56,0,24 14,0,12,,99062,51,0,11 12 1 13 14,0,101,,99053,51,0,11 12 1 13 14,0,58,,99074,56,0,24 14,0,41,,99063,51,0,11 12 1 13 14,0,83,,99075,56,0,24 14,0,15,,99057,51,0,11 12 1 13 14,0,98,,99064,51,0,11 12 1 13 14,0,56,,99076,56,0,24 14,0,44,,99054,51,0,11 12 1 13 14,0,85,,99077,56,0,24 14,0,115,,99055,51,0,11 12 1 13 14,0
9301,'20263611',633,,99121,56,0,24 14,0,15,,99120,51,0,11 12 1 13 14,0,101,,99117,51,0,11 12 1 13 14,0,56,,99122,56,0,24 14,0,44,,99110,51,0,11 12 1 13 14,0,86,,99123,56,0,24 14,0,15,,99118,51,0,11 12 1 13 14,0,101,,99105,51,0,11 12 1 13 14,0,57,,99124,56,0,24 14,0,43,,99113,51,0,11 12 1 13 14,0,87,,99125,56,0,24 14,0,13,,99106,51,0,11 12 1 13 14,0,101,,99114,51,0,11 12 1 13 14,0,57,,99126,56,0,24 14,0,43,,99111,51,0,11 12 1 13 14,0,88,,99127,56,0,24 14,0,12,,99115,51,0,11 12 1 13 14,0,101,,99107,51,0,11 12 1 13 14,0,58,,99128,56,0,24 14,0,41,,99116,51,0,11 12 1 13 14,0,83,,99129,56,0,24 14,0,15,,99112,51,0,11 12 1 13 14,0,98,,99119,51,0,11 12 1 13 14,0,56,,99130,56,0,24 14,0,44,,99108,51,0,11 12 1 13 14,0,85,,99131,56,0,24 14,0,115,,99109,51,0,11 12 1 13 14,0
9402,'20263010',624,,99132,41,,,0,101,,99134,41,,,0,33,,99149,41,,,0,73,,99150,41,,,0,28,,99148,41,,,0,71,,99133,41,,,0,99,,99151,41,,,0,100,,99135,41,,,0,100,,99136,41,,,0,99,,99137,41,,,0,100,,99138,41,,,0,102,,99139,41,,,0,104,,99140,41,,,0,99,,99141,41,,,0,98,,99142,41,,,0,96,,99143,41,,,0,99,,99144,41,,,0,99,,99145,41,,,0,98,,99146,41,,,0,99,,99147,41,,,0
9402,'20263511',616,,99187,41,,,0,101,,99170,41,,,0,101,,99171,41,,,0,100,,99172,41,,,0,103,,99173,41,,,0,101,,99174,41,,,0,101,,99175,41,,,0,100,,99176,41,,,0,100,,99177,41,,,0,100,,99178,41,,,0,100,,99179,41,,,0,100,,99180,41,,,0,98,,99181,41,,,0,99,,99182,41,,,0,99,,99183,41,,,0,99,,99184,41,,,0,99,,99185,41,,,0,99,,99186,41,,,0
9402,'20263611',616,,99223,41,,,0,101,,99206,41,,,0,101,,99207,41,,,0,100,,99208,41,,,0,103,,99209,41,,,0,101,,99210,41,,,0,101,,99211,41,,,0,100,,99212,41,,,0,100,,99213,41,,,0,100,,99214,41,,,0,100,,99215,41,,,0,100,,99216,41,,,0,98,,99217,41,,,0,99,,99218,41,,,0,99,,99219,41,,,0,99,,99220,41,,,0,99,,99221,41,,,0,99,,99222,41,,,0
33001,'20263010',645,,99772,23,4,,0,61,,99768,23,4,,0,10,,99769,23,4,,0,16,,99780,23,4,,0,15,,99773,23,4,,0,57,,99774,23,4,,0,25,,99775,23,4,,0,30,,99776,23,4,,0,55,,99770,23,4,,0,19,,99777,23,4,,0,100,,99778,23,4,,0,93,,99771,23,4,,0,100,,99779,23,4,,0
33101,'20263010',703,,99784,2,4,,0,23,,99785,2,4,,0,32,,99786,2,4,,0
33601,'20263010',727,,99790,47,4,,0,22,,99791,47,4,,0
33701,'20263010',702,,99797,25,4,,0,9,,99801,25,4,,0,12,,99798,25,4,,0,35,,99802,25,4,,0,72,,99803,25,4,,0,99,,99799,25,4,,0,201,,99800,25,4,,0
33801,'20263010',701,,99808,33,4,,0,16,,99809,33,4,,0,41,,99810,33,4,,0,375,,99811,33,4,,0
35001,'20263010',659,,99817,42,4,,0,58,,99818,42,4,,0,41,,99821,42,4,,0,74,,99822,42,4,,0,104,,99819,42,4,,0,200,,99820,42,4,,0
35401,'20263010',732,,99826,29,4,,0,401,,99827,29,4,,0
35501,'20263010',728,,99831,31,4,,0,206,,99832,31,4,,0
35801,'20263010',729,,99836,37,4,,0,30,,99837,37,4,,0
37001,'20263010',702,,99843,41,4,,0,10,,99844,41,4,,0,11,,99845,41,4,,0,15,,99846,41,4,,0,65,,99847,41,4,,0,133,,99850,22,4,,0,2,,99848,41,4,,0,200,,99849,41,4,,0
37201,'20263010',655,,99856,68,4,,0,67,,99855,68,4,,0,37,,99859,68,4,,0,172,,99857,68,4,,0,200,,99858,68,4,,0
37401,'20263010',724,,99863,37,4,,0,88,,99864,37,4,,0,125,,99865,37,4,,0
38001,'20263010',720,,99870,52,4,,0,16,,99872,52,4,,0,66,,99871,52,4,,0,329,,99873,52,4,,0
38101,'20263010',657,,99880,36,4,,0,74,,99878,36,4,,0,10,,99882,36,4,,0,14,,99881,36,4,,0,184,,99879,36,4,,0
38201,'20263010',649,,99888,53,4,,0,52,,99892,53,4,,0,14,,99891,53,4,,0,15,,99889,53,4,,0,28,,99893,53,4,,0,173,,99890,53,4,,0,200,,99887,53,4,,0
38401,'20263010',656,,99900,60,4,,0,71,,99898,60,4,,0,32,,99899,60,4,,0,177,,99901,60,4,,0
53001,'20263010',654,,99985,23,4,,0,63,,99986,23,4,,0,23,,99989,23,4,,0,16,,99987,23,4,,0,64,,99988,23,4,,0,90,,99990,23,4,,0,200,,99991,23,4,,0
53101,'20263010',702,,99995,2,4,,0,30,,99996,2,4,,0,76,,99997,2,4,,0
53601,'20263010',720,,100001,47,4,,0,31,,100002,47,4,,0
53701,'20263010',720,,100007,25,4,,0,37,,100008,25,4,,0
53801,'20263010',650,,100012,33,4,,0,77,,100013,33,4,,0,77,,100014,33,4,,0
55001,'20263010',646,,100021,42,4,,0,68,,100020,42,4,,0,32,,100022,42,4,,0,106,,100023,42,4,,0
55401,'20263010',727,,100029,29,4,,0,83,,100028,29,4,,0
55501,'20263010',723,,100034,31,4,,0,90,,100033,31,4,,0
55801,'20263010',721,,100038,37,4,,0,92,,100039,37,4,,0
57001,'20263010',653,,100045,41,4,,0,70,,100046,41,4,,0,29,,100047,41,4,,0
57201,'20263010',658,,100052,68,4,,0,59,,100053,68,4,,0,39,,100054,68,4,,0
57401,'20263010',653,,100060,37,4,,0,65,,100061,37,4,,0,40,,100059,37,4,,0
58001,'20263010',730,,100067,52,4,,0,28,,100066,52,4,,0,74,,100068,52,4,,0
58101,'20263010',654,,100072,36,4,,0,76,,100073,36,4,,0,27,,100074,36,4,,0
58201,'20263010',655,,100082,53,4,,0,52,,100080,53,4,,0,24,,100083,53,4,,0,16,,100081,53,4,,0,55,,100084,53,4,,0
58401,'20263010',657,,100090,60,4,,0,71,,100089,60,4,,0,29,,100091,60,4,,0
80401,'20263010',551,,103767,46,,,1,55,,103755,46,,,1,15,,103691,46,,,1,15,,103756,46,,,1,16,,103738,46,,,1,55,,103692,46,,,1,13,,103693,46,,,1,11,,103694,46,,,1,9,,103695,46,,,1,12,,103751,46,,,1,50,,103745,46,,,1,10,,103696,46,,,1,10,,103697,46,,,1,9,,103698,46,,,1,9,,103699,46,,,1,11,,103712,46,,,1,52,,103713,46,,,1,14,,103714,46,,,1,15,,103752,46,,,1,15,,103700,46,,,1,54,,103701,46,,,1,14,,103702,46,,,1,15,,103703,46,,,1,15,,103704,46,,,1,14,,103753,46,,,1,56,,103746,46,,,1,14,,103705,46,,,1,15,,103706,46,,,1,14,,103707,46,,,1,57,,103708,46,,,1,15,,103709,46,,,1,15,,103750,46,,,1,55,,103710,46,,,1,15,,103715,46,,,1,15,,103716,46,,,1,15,,103747,46,,,1,55,,103711,46,,,1,15,,103717,46,,,1,14,,103718,46,,,1,16,,103719,46,,,1,55,,103720,46,,,1,15,,103721,46,,,1,16,,103749,46,,,1,14,,103722,46,,,1,57,,103723,46,,,1,14,,103725,46,,,1,17,,103754,46,,,1,16,,103726,46,,,1,51,,103727,46,,,1,12,,103724,46,,,1,10,,103728,46,,,1,12,,103737,46,,,1,14,,103762,46,,,1,54,,103739,46,,,1,15,,103729,46,,,1,15,,103765,46,,,1,18,,103748,46,,,1,57,,103740,46,,,1,18,,103741,46,,,1,18,,103730,46,,,1,58,,103731,46,,,1,18,,103759,46,,,1,17,,103742,46,,,1,18,,103760,46,,,1,58,,103761,46,,,1,18,,103758,46,,,1,18,,103757,46,,,1,57,,103744,46,,,1,18,,103743,46,,,1,16,,103732,46,,,1,18,,103733,46,,,1,57,,103764,46,,,1,18,,103734,46,,,1,17,,103763,46,,,1,58,,103735,46,,,1,16,,103736,46,,,1,17,,103766,46,,,1,18,,103768,46,,,1
80401,'20263511',700,,103834,46,,,1,17,,103886,46,,,1,18,,103885,46,,,1,18,,103835,46,,,1,58,,103836,46,,,1,18,,103887,46,,,1,17,,103874,46,,,1,57,,103875,46,,,1,15,,103876,46,,,1,16,,103888,46,,,1,15,,103837,46,,,1,56,,103877,46,,,1,15,,103878,46,,,1,16,,103889,46,,,1,16,,103838,46,,,1,54,,103879,46,,,1,15,,103880,46,,,1,14,,103890,46,,,1,14,,103839,46,,,1,55,,103881,46,,,1,14,,103882,46,,,1,15,,103840,46,,,1,15,,103883,46,,,1,54,,103841,46,,,1,15,,103842,46,,,1,14,,103843,46,,,1,15,,103844,46,,,1,55,,103845,46,,,1,15,,103846,46,,,1,15,,103847,46,,,1,15,,103848,46,,,1,55,,103849,46,,,1,15,,103850,46,,,1,15,,103851,46,,,1,15,,103852,46,,,1,54,,103853,46,,,1,15,,103854,46,,,1,14,,103855,46,,,1,15,,103856,46,,,1,14,,103857,46,,,1,56,,103858,46,,,1,16,,103859,46,,,1,19,,103860,46,,,1,58,,103861,46,,,1,19,,103884,46,,,1,18,,103895,46,,,1,59,,103862,46,,,1,18,,103863,46,,,1,18,,103896,46,,,1,18,,103864,46,,,1,58,,103897,46,,,1,18,,103865,46,,,1,18,,103866,46,,,1,57,,103898,46,,,1,18,,103867,46,,,1,18,,103893,46,,,1,58,,103868,46,,,1,18,,103869,46,,,1,18,,103892,46,,,1,18,,103870,46,,,1,58,,103891,46,,,1,18,,103871,46,,,1,18,,103872,46,,,1,58,,103894,46,,,1,18,,103873,46,,,1
80401,'20263611',700,,103964,46,,,1,17,,103965,46,,,1,18,,104016,46,,,1,18,,104015,46,,,1,58,,103966,46,,,1,18,,104017,46,,,1,17,,104004,46,,,1,57,,104005,46,,,1,15,,104006,46,,,1,16,,104018,46,,,1,15,,103968,46,,,1,56,,104007,46,,,1,15,,104008,46,,,1,16,,104019,46,,,1,16,,103967,46,,,1,54,,104009,46,,,1,15,,104010,46,,,1,14,,104020,46,,,1,14,,103969,46,,,1,55,,104011,46,,,1,14,,104012,46,,,1,15,,103970,46,,,1,15,,104013,46,,,1,54,,103971,46,,,1,15,,103972,46,,,1,14,,103973,46,,,1,15,,103974,46,,,1,55,,103975,46,,,1,15,,103976,46,,,1,15,,103977,46,,,1,15,,103978,46,,,1,55,,103979,46,,,1,15,,103980,46,,,1,15,,103981,46,,,1,15,,103982,46,,,1,54,,103983,46,,,1,15,,103984,46,,,1,14,,103985,46,,,1,15,,103986,46,,,1,14,,103987,46,,,1,56,,103988,46,,,1,16,,103989,46,,,1,19,,103990,46,,,1,58,,103991,46,,,1,19,,103992,46,,,1,18,,104014,46,,,1,59,,104021,46,,,1,18,,103993,46,,,1,18,,103994,46,,,1,18,,104022,46,,,1,58,,103995,46,,,1,18,,104023,46,,,1,18,,103996,46,,,1,57,,103997,46,,,1,18,,104024,46,,,1,18,,103998,46,,,1,58,,104025,46,,,1,18,,103999,46,,,1,18,,104000,46,,,1,18,,104026,46,,,1,58,,104001,46,,,1,18,,104027,46,,,1,18,,104002,46,,,1,58,,104028,46,,,1,18,,104003,46,,,1
