8500,'20263010',611,,98257,17,,,0,30,,98251,17,,,0,69,,98252,17,,,0,29,,98253,17,,,0,71,,98254,17,,,0,32,,98255,17,,,0,369,,98256,17,,,0
8500,'20263510',816,,98258,17,,,0
8500,'20263511',816,,98259,17,,,0
8500,'20263610',816,,98260,17,,,0
8500,'20263611',816,,98261,17,,,0
8600,'20263010',646,,98273,12,,,0,68,,98272,12,,,0,33,,98274,12,,,0,68,,98295,12,,,0,2,,98275,12,,,0,102,,98276,12,,,0,100,,98290,12,,,0,100,,98278,12,,,0,99,,98280,12,,,0,29,,98294,12,,,0,72,,98281,12,,,0,99,,98291,12,,,0,96,,98277,12,,,0,27,,98282,12,,,0,63,,98279,12,,,0,37,,98283,12,,,0,73,,98284,12,,,0,33,,98285,12,,,0,72,,98292,12,,,0,101,,98286,12,,,0,100,,98289,12,,,0,101,,98287,12,,,0,99,,98293,12,,,0,102,,98288,12,,,0
8600,'20263510',721,,98296,12,,,0,100,,98305,12,,,0,99,,98300,12,,,0,99,,98306,12,,,0,100,,98301,12,,,0,99,,98307,12,,,0,100,,98302,12,,,0,100,,98308,12,,,0,98,,98303,12,,,0,101,,98309,12,,,0,102,,98304,12,,,0,101,,98310,12,,,0,100,,98297,12,,,0,100,,98311,12,,,0,103,,98299,12,,,0,100,,98312,12,,,0,101,,98298,12,,,0,100,,98313,12,,,0
8600,'20263511',721,,98314,12,,,0,100,,98323,12,,,0,99,,98318,12,,,0,99,,98324,12,,,0,100,,98319,12,,,0,99,,98325,12,,,0,100,,98320,12,,,0,100,,98326,12,,,0,98,,98321,12,,,0,101,,98327,12,,,0,102,,98322,12,,,0,101,,98328,12,,,0,100,,98315,12,,,0,100,,98329,12,,,0,103,,98317,12,,,0,100,,98330,12,,,0,101,,98316,12,,,0,100,,98331,12,,,0
8600,'20263610',721,,98332,12,,,0,100,,98341,12,,,0,99,,98333,12,,,0,99,,98342,12,,,0,100,,98334,12,,,0,99,,98343,12,,,0,100,,98335,12,,,0,100,,98344,12,,,0,98,,98336,12,,,0,101,,98345,12,,,0,102,,98337,12,,,0,101,,98346,12,,,0,100,,98338,12,,,0,100,,98347,12,,,0,103,,98339,12,,,0,100,,98348,12,,,0,101,,98340,12,,,0,100,,98349,12,,,0
8600,'20263611',721,,98350,12,,,0,100,,98359,12,,,0,99,,98351,12,,,0,99,,98360,12,,,0,100,,98352,12,,,0,99,,98361,12,,,0,100,,98353,12,,,0,100,,98362,12,,,0,98,,98354,12,,,0,101,,98363,12,,,0,102,,98355,12,,,0,101,,98364,12,,,0,100,,98356,12,,,0,100,,98365,12,,,0,103,,98357,12,,,0,100,,98366,12,,,0,101,,98358,12,,,0,100,,98367,12,,,0
98200,'20263010',2541,,106114,13,,,0
98200,'20263510',2541,,106115,13,,,0
98200,'20263511',2541,,106116,13,,,0
