7000,'20263010',657,,95792,39,,,0,56,,95805,39,,,0,22,,95806,39,,,0,23,,95793,39,,,0,60,,95807,39,,,0,22,,95808,39,,,0,19,,95794,39,,,0,61,,95809,39,,,0,20,,95810,39,,,0,60,,95795,39,,,0,20,,95811,39,,,0,19,,95812,39,,,0,18,,95796,39,,,0,60,,95813,39,,,0,20,,95814,39,,,0,20,,95797,39,,,0,61,,95815,39,,,0,17,,95816,39,,,0,21,,95798,39,,,0,58,,95817,39,,,0,23,,95818,39,,,0,19,,95799,39,,,0,60,,95819,39,,,0,21,,95820,39,,,0,19,,95800,39,,,0,57,,95821,39,,,0,23,,95822,39,,,0,22,,95801,39,,,0,65,,95823,39,,,0,23,,95824,39,,,0,63,,95802,39,,,0,22,,95825,39,,,0,18,,95826,39,,,0,60,,95803,39,,,0,18,,95827,39,,,0,18,,95828,39,,,0,60,,95804,39,,,0,22,,95829,39,,,0,30,,95830,39,,,0,70,,95831,39,,,0,30,,95832,39,,,0,70,,95833,39,,,0,30,,95834,39,,,0,70,,95835,39,,,0,28,,95836,39,,,0,70,,95837,39,,,0,30,,95838,39,,,0
7000,'20263511',655,,95873,39,,,0,70,,95891,39,,,0,31,,95874,39,,,0,70,,95892,39,,,0,30,,95875,39,,,0,70,,95893,39,,,0,30,,95876,39,,,0,71,,95894,39,,,0,30,,95877,39,,,0,70,,95895,39,,,0,30,,95878,39,,,0,71,,95896,39,,,0,30,,95879,39,,,0,70,,95897,39,,,0,30,,95880,39,,,0,71,,95898,39,,,0,30,,95881,39,,,0,70,,95899,39,,,0,30,,95882,39,,,0,70,,95900,39,,,0,30,,95883,39,,,0,70,,95901,39,,,0,30,,95884,39,,,0,68,,95902,39,,,0,29,,95885,39,,,0,70,,95906,39,,,0,29,,95903,39,,,0,70,,95886,39,,,0,30,,95904,39,,,0,70,,95887,39,,,0,30,,95890,39,,,0,70,,95888,39,,,0,30,,95905,39,,,0,70,,95889,39,,,0
7000,'20263611',655,,95941,39,,,0,70,,95958,39,,,0,31,,95942,39,,,0,70,,95959,39,,,0,30,,95943,39,,,0,70,,95960,39,,,0,30,,95944,39,,,0,71,,95961,39,,,0,30,,95945,39,,,0,70,,95962,39,,,0,30,,95946,39,,,0,71,,95963,39,,,0,30,,95947,39,,,0,70,,95964,39,,,0,30,,95948,39,,,0,71,,95965,39,,,0,30,,95949,39,,,0,70,,95966,39,,,0,30,,95950,39,,,0,70,,95967,39,,,0,30,,95951,39,,,0,70,,95968,39,,,0,30,,95952,39,,,0,68,,95969,39,,,0,29,,95953,39,,,0,70,,95970,39,,,0,29,,95954,39,,,0,70,,95971,39,,,0,30,,95955,39,,,0,70,,95973,39,,,0,30,,95956,39,,,0,70,,95972,39,,,0,30,,95957,39,,,0,70,,95974,39,,,0
27400,'20263010',1642,,99655,32,4,,0,72,,99656,32,4,,0,23,,99658,32,4,,0,66,,99659,32,4,,0,28,,99657,32,4,,0
37400,'20263010',1658,,99860,37,4,,0,92,,99861,37,4,,0,158,,99862,37,4,,0
57400,'20263010',1629,,100058,35,4,,0,74,,100056,35,4,,0,28,,100057,35,4,,0,24,,100055,35,4,,0
80400,'20263010',643,,103422,48,,,1,57,,103355,48,,,1,15,,103357,48,,,1,16,,103418,48,,,1,14,,103367,48,,,1,13,,103369,48,,,1,55,,103370,48,,,1,16,,103423,48,,,1,15,,103371,48,,,1,15,,103372,48,,,1,55,,103373,48,,,1,16,,103374,48,,,1,15,,103376,48,,,1,14,,103411,48,,,1,56,,103415,48,,,1,14,,103377,48,,,1,15,,103378,48,,,1,13,,103375,48,,,1,57,,103412,48,,,1,15,,103379,48,,,1,14,,103380,48,,,1,14,,103416,48,,,1,55,,103382,48,,,1,15,,103383,48,,,1,15,,103384,48,,,1,15,,103381,48,,,1,54,,103385,48,,,1,14,,103413,48,,,1,17,,103386,48,,,1,15,,103387,48,,,1,55,,103388,48,,,1,15,,103389,48,,,1,15,,103420,48,,,1,15,,103390,48,,,1,56,,103392,48,,,1,16,,103393,48,,,1,16,,103394,48,,,1,57,,103391,48,,,1,10,,103395,48,,,1,11,,103396,48,,,1,13,,103429,48,,,1,13,,103397,48,,,1,8,,103398,48,,,1,49,,103399,48,,,1,9,,103400,48,,,1,9,,103417,48,,,1,10,,103401,48,,,1,7,,103402,48,,,1,10,,103403,48,,,1,51,,103404,48,,,1,10,,103405,48,,,1,11,,103368,48,,,1,16,,103366,48,,,1,13,,103365,48,,,1,55,,103406,48,,,1,14,,103407,48,,,1,17,,103428,48,,,1,19,,103408,48,,,1,58,,103410,48,,,1,18,,103358,48,,,1,17,,103414,48,,,1,58,,103359,48,,,1,18,,103419,48,,,1,17,,103356,48,,,1,58,,103421,48,,,1,18,,103360,48,,,1,18,,103361,48,,,1,17,,103424,48,,,1,57,,103362,48,,,1,17,,103425,48,,,1,19,,103363,48,,,1,56,,103364,48,,,1,17,,103426,48,,,1,18,,103427,48,,,1,17,,103409,48,,,1,58,,103430,48,,,1
80400,'20263511',729,,103543,48,,,1,18,,103496,48,,,1,58,,103497,48,,,1,19,,103498,48,,,1,19,,103544,48,,,1,58,,103548,48,,,1,18,,103499,48,,,1,18,,103500,48,,,1,18,,103539,48,,,1,58,,103549,48,,,1,18,,103545,48,,,1,18,,103540,48,,,1,57,,103547,48,,,1,18,,103501,48,,,1,17,,103541,48,,,1,15,,103502,48,,,1,55,,103542,48,,,1,16,,103503,48,,,1,15,,103550,48,,,1,15,,103504,48,,,1,55,,103505,48,,,1,15,,103506,48,,,1,15,,103507,48,,,1,15,,103508,48,,,1,55,,103509,48,,,1,15,,103510,48,,,1,15,,103511,48,,,1,15,,103512,48,,,1,55,,103513,48,,,1,15,,103514,48,,,1,15,,103515,48,,,1,15,,103516,48,,,1,55,,103517,48,,,1,15,,103518,48,,,1,15,,103519,48,,,1,15,,103520,48,,,1,54,,103521,48,,,1,15,,103522,48,,,1,16,,103523,48,,,1,15,,103524,48,,,1,55,,103525,48,,,1,18,,103526,48,,,1,16,,103527,48,,,1,58,,103551,48,,,1,17,,103546,48,,,1,17,,103552,48,,,1,18,,103528,48,,,1,56,,103553,48,,,1,18,,103529,48,,,1,16,,103530,48,,,1,58,,103554,48,,,1,17,,103531,48,,,1,18,,103555,48,,,1,17,,103532,48,,,1,58,,103533,48,,,1,17,,103556,48,,,1,18,,103534,48,,,1,58,,103557,48,,,1,17,,103535,48,,,1,18,,103536,48,,,1,58,,103558,48,,,1,17,,103537,48,,,1,18,,103538,48,,,1,18,,103559,48,,,1,58,,103560,48,,,1
80400,'20263611',729,,103674,48,,,1,18,,103626,48,,,1,58,,103678,48,,,1,19,,103627,48,,,1,19,,103628,48,,,1,58,,103676,48,,,1,18,,103629,48,,,1,18,,103630,48,,,1,18,,103632,48,,,1,58,,103672,48,,,1,18,,103679,48,,,1,18,,103675,48,,,1,57,,103634,48,,,1,18,,103680,48,,,1,17,,103631,48,,,1,15,,103635,48,,,1,55,,103633,48,,,1,16,,103673,48,,,1,15,,103636,48,,,1,15,,103637,48,,,1,55,,103638,48,,,1,15,,103639,48,,,1,15,,103640,48,,,1,15,,103641,48,,,1,55,,103642,48,,,1,15,,103643,48,,,1,15,,103644,48,,,1,15,,103645,48,,,1,55,,103646,48,,,1,15,,103647,48,,,1,15,,103648,48,,,1,15,,103649,48,,,1,55,,103650,48,,,1,15,,103651,48,,,1,15,,103652,48,,,1,15,,103653,48,,,1,54,,103654,48,,,1,15,,103655,48,,,1,16,,103656,48,,,1,15,,103657,48,,,1,55,,103658,48,,,1,18,,103659,48,,,1,16,,103681,48,,,1,58,,103660,48,,,1,17,,103677,48,,,1,17,,103682,48,,,1,18,,103662,48,,,1,56,,103683,48,,,1,18,,103664,48,,,1,16,,103661,48,,,1,58,,103685,48,,,1,17,,103665,48,,,1,18,,103686,48,,,1,17,,103663,48,,,1,58,,103666,48,,,1,17,,103687,48,,,1,18,,103667,48,,,1,58,,103684,48,,,1,17,,103668,48,,,1,18,,103669,48,,,1,58,,103688,48,,,1,17,,103670,48,,,1,18,,103671,48,,,1,18,,103689,48,,,1,58,,103690,48,,,1
90400,'20263010',2612,,106063,56,,,0
90400,'20263511',2612,,106065,56,,,0
98400,'20263010',2614,,106117,72,,,0
98400,'20263511',2614,,106119,72,,,0
