7901,'20263010',616,,97249,37,,,0,31,,97250,37,,,0,69,,97251,37,,,0,30,,97252,37,,,0,70,,97253,37,,,0,30,,97254,37,,,0,100,,97255,37,,,0,98,,97256,37,,,0,100,,97257,37,,,0,100,,97258,37,,,0,100,,97259,37,,,0,100,,97260,37,,,0,100,,97267,37,,,0,96,,97261,37,,,0,74,,97270,37,,,0,30,,97268,37,,,0,100,,97262,37,,,0,100,,97263,37,,,0,100,,97264,37,,,0,101,,97269,37,,,0,100,,97265,37,,,0,100,,97266,37,,,0
7901,'20263511',745,,97292,37,,,0,100,,97293,37,,,0,100,,97294,37,,,0,100,,97298,37,,,0,100,,97299,37,,,0,100,,97289,37,,,0,100,,97300,37,,,0,100,,97297,37,,,0,100,,97301,37,,,0,100,,97295,37,,,0,68,,97306,37,,,0,32,,97302,37,,,0,100,,97290,37,,,0,100,,97303,37,,,0,100,,97296,37,,,0,100,,97304,37,,,0,100,,97291,37,,,0,100,,97305,37,,,0
7901,'20263611',745,,97330,37,,,0,100,,97329,37,,,0,100,,97325,37,,,0,100,,97334,37,,,0,100,,97335,37,,,0,100,,97327,37,,,0,100,,97336,37,,,0,100,,97333,37,,,0,100,,97338,37,,,0,100,,97331,37,,,0,68,,97342,37,,,0,32,,97339,37,,,0,100,,97326,37,,,0,100,,97340,37,,,0,100,,97332,37,,,0,100,,97341,37,,,0,100,,97328,37,,,0,100,,97337,37,,,0
8001,'20263010',617,,97529,37,,,0,30,,97530,37,,,0,70,,97531,37,,,0,29,,97532,37,,,0,70,,97533,37,,,0,30,,97534,37,,,0,70,,97535,37,,,0,31,,97536,37,,,0,70,,97537,37,,,0,30,,97538,37,,,0,70,,97539,37,,,0,30,,97540,37,,,0,70,,97541,37,,,0,30,,97542,37,,,0,70,,97543,37,,,0,30,,97544,37,,,0,70,,97545,37,,,0,30,,97546,37,,,0,70,,97547,37,,,0,30,,97548,37,,,0,69,,97549,37,,,0,29,,97550,37,,,0,2,,97565,20,,,0,69,,97551,37,,,0,30,,97552,37,,,0,70,,97553,37,,,0,31,,97554,37,,,0,70,,97560,37,,,0,100,,97561,37,,,0,100,,97562,37,,,0,100,,97563,37,,,0,100,,97564,37,,,0,30,,97559,37,,,0
8001,'20263511',617,,97633,37,,,0,30,,97602,37,,,0,70,,97620,37,,,0,30,,97603,37,,,0,70,,97621,37,,,0,30,,97604,37,,,0,70,,97622,37,,,0,30,,97605,37,,,0,70,,97623,37,,,0,30,,97606,37,,,0,70,,97624,37,,,0,30,,97607,37,,,0,70,,97625,37,,,0,30,,97608,37,,,0,70,,97626,37,,,0,30,,97609,37,,,0,70,,97627,37,,,0,30,,97610,37,,,0,70,,97628,37,,,0,30,,97611,37,,,0,70,,97629,37,,,0,30,,97612,37,,,0,70,,97630,37,,,0,30,,97613,37,,,0,70,,97631,37,,,0,30,,97614,37,,,0,70,,97632,37,,,0,30,,97615,37,,,0,100,,97616,37,,,0,100,,97617,37,,,0,100,,97618,37,,,0,100,,97619,37,,,0
8001,'20263611',617,,97705,37,,,0,30,,97674,37,,,0,70,,97692,37,,,0,30,,97675,37,,,0,70,,97693,37,,,0,30,,97676,37,,,0,70,,97694,37,,,0,30,,97677,37,,,0,70,,97695,37,,,0,30,,97678,37,,,0,70,,97696,37,,,0,30,,97679,37,,,0,70,,97697,37,,,0,30,,97680,37,,,0,70,,97698,37,,,0,30,,97681,37,,,0,70,,97699,37,,,0,30,,97682,37,,,0,70,,97700,37,,,0,30,,97683,37,,,0,70,,97701,37,,,0,30,,97684,37,,,0,70,,97702,37,,,0,30,,97685,37,,,0,70,,97703,37,,,0,30,,97686,37,,,0,70,,97704,37,,,0,30,,97687,37,,,0,100,,97688,37,,,0,100,,97689,37,,,0,100,,97690,37,,,0,100,,97691,37,,,0
8800,'20263010',715,,98456,45,,,0,99,,98457,45,,,0,30,,98465,45,,,0,101,,98466,45,,,0,597,,98464,9,,,0,1,,98458,45,,,0,70,,98463,45,,,0,29,,98459,45,,,0,70,,98460,45,,,0,33,,98461,45,,,0,71,,98468,45,,,0,30,,98467,45,,,0,500,,98462,45,,,0
27901,'20263010',631,,99672,26,,,0,83,,99670,26,,,0,34,,99671,26,,,0,66,,99669,26,,,0
28001,'20263010',636,,99679,39,,,0,74,,99680,39,,,0,21,,99681,39,,,0,19,,99684,39,,,0,56,,99682,39,,,0,8,,99683,39,,,0
38001,'20263010',704,,99870,39,,,0,16,,99872,39,,,0,24,,99871,39,,,0,372,,99873,39,,,0
58001,'20263010',714,,100067,39,,,0,26,,100066,39,,,0,74,,100068,39,,,0
