5600,'20263010',633,,95026,8,,,0,68,,95024,8,,,0,31,,95025,8,,,0
5700,'20263010',807,,95030,8,,,0,98,,95031,8,,,0,99,,95032,8,,,0,100,,95033,8,,,0,101,,95034,8,,,0,101,,95035,8,,,0,101,,95036,8,,,0,101,,95037,8,,,0,93,,95038,8,,,0,41,,95039,8,,,0,75,,95040,8,,,0,24,,95041,8,,,0,68,,95048,8,,,0,33,,95047,8,,,0,97,,95042,8,,,0,100,,95043,8,,,0,101,,95044,8,,,0,101,,95045,8,,,0,99,,95046,8,,,0
5700,'20263511',708,,95066,8,,,0,100,,95067,8,,,0,100,,95068,8,,,0,101,,95069,8,,,0,100,,95070,8,,,0,97,,95071,8,,,0,98,,95072,8,,,0,98,,95073,8,,,0,98,,95074,8,,,0,103,,95075,8,,,0,108,,95076,8,,,0,97,,95077,8,,,0,100,,95078,8,,,0,100,,95079,8,,,0,100,,95080,8,,,0,101,,95081,8,,,0,100,,95082,8,,,0
5700,'20263611',708,,95107,8,,,0,100,,95109,8,,,0,100,,95112,8,,,0,101,,95110,8,,,0,100,,95113,8,,,0,97,,95100,8,,,0,98,,95106,8,,,0,98,,95114,8,,,0,98,,95103,8,,,0,103,,95105,8,,,0,108,,95102,8,,,0,97,,95111,8,,,0,100,,95108,8,,,0,100,,95101,8,,,0,100,,95115,8,,,0,101,,95104,8,,,0,100,,95116,8,,,0
25000,'20263010',1530,,99556,18,4,,0,74,,99557,18,4,,0,15,,99558,18,4,,0,16,,99559,18,4,,0,69,,99560,18,4,,0,27,,99561,18,4,,0,14,,99562,18,4,,0,55,,99563,18,4,,0
35000,'20263010',1247,,99812,23,4,,0,300,,99816,23,4,,0,110,,99813,23,4,,0,90,,99814,23,4,,0,109,,99815,23,4,,0
55000,'20263010',1547,,100019,21,4,,0,66,,100017,21,4,,0,95,,100016,21,4,,0,32,,100015,21,4,,0,65,,100018,21,4,,0
80002,'20263010',609,,100202,23,,,1,15,,100118,23,,,1,14,,100119,23,,,1,10,,100120,23,,,1,9,,100121,23,,,1,52,,100122,23,,,1,11,,100123,23,,,1,10,,100124,23,,,1,10,,100203,23,,,1,10,,100125,23,,,1,50,,100206,23,,,1,10,,100126,23,,,1,11,,100127,23,,,1,9,,100128,23,,,1,10,,100129,23,,,1,9,,100130,23,,,1,10,,100131,23,,,1,50,,100132,23,,,1,13,,100133,23,,,1,14,,100134,23,,,1,15,,100135,23,,,1,55,,100136,23,,,1,15,,100137,23,,,1,15,,100138,23,,,1,15,,100139,23,,,1,55,,100140,23,,,1,15,,100141,23,,,1,15,,100142,23,,,1,15,,100143,23,,,1,55,,100144,23,,,1,15,,100145,23,,,1,14,,100146,23,,,1,15,,100147,23,,,1,55,,100148,23,,,1,15,,100149,23,,,1,14,,100150,23,,,1,16,,100151,23,,,1,55,,100152,23,,,1,17,,100153,23,,,1,16,,100154,23,,,1,14,,100155,23,,,1,56,,100156,23,,,1,12,,100157,23,,,1,12,,100158,23,,,1,10,,100159,23,,,1,11,,100160,23,,,1,51,,100209,23,,,1,12,,100161,23,,,1,10,,100163,23,,,1,10,,100162,23,,,1,9,,100204,23,,,1,9,,100164,23,,,1,50,,100165,23,,,1,9,,100166,23,,,1,9,,100167,23,,,1,9,,100168,23,,,1,10,,100169,23,,,1,9,,100170,23,,,1,50,,100171,23,,,1,11,,100207,23,,,1,13,,100172,23,,,1,15,,100173,23,,,1,14,,100174,23,,,1,54,,100175,23,,,1,16,,100176,23,,,1,15,,100177,23,,,1,14,,100178,23,,,1,55,,100179,23,,,1,15,,100180,23,,,1,16,,100181,23,,,1,15,,100182,23,,,1,55,,100183,23,,,1,15,,100184,23,,,1,15,,100185,23,,,1,15,,100186,23,,,1,55,,100187,23,,,1,15,,100188,23,,,1,15,,100189,23,,,1,13,,100190,23,,,1,55,,100191,23,,,1,14,,100192,23,,,1,14,,100193,23,,,1,15,,100194,23,,,1,52,,100195,23,,,1,15,,100196,23,,,1,15,,100197,23,,,1,16,,100198,23,,,1,55,,100199,23,,,1,15,,100200,23,,,1,17,,100201,23,,,1,17,,100205,23,,,1,58,,100208,23,,,1
80002,'20263511',622,,100369,23,,,1,15,,100291,23,,,1,15,,100292,23,,,1,55,,100293,23,,,1,15,,100294,23,,,1,16,,100295,23,,,1,15,,100296,23,,,1,54,,100297,23,,,1,15,,100298,23,,,1,15,,100299,23,,,1,14,,100300,23,,,1,54,,100301,23,,,1,15,,100302,23,,,1,15,,100303,23,,,1,16,,100304,23,,,1,55,,100305,23,,,1,15,,100306,23,,,1,15,,100307,23,,,1,14,,100308,23,,,1,56,,100309,23,,,1,16,,100310,23,,,1,18,,100311,23,,,1,17,,100312,23,,,1,55,,100313,23,,,1,15,,100314,23,,,1,15,,100315,23,,,1,16,,100316,23,,,1,56,,100317,23,,,1,13,,100318,23,,,1,15,,100319,23,,,1,16,,100320,23,,,1,55,,100321,23,,,1,15,,100322,23,,,1,15,,100323,23,,,1,16,,100361,23,,,1,55,,100363,23,,,1,15,,100324,23,,,1,15,,100325,23,,,1,14,,100326,23,,,1,52,,100327,23,,,1,12,,100328,23,,,1,12,,100329,23,,,1,14,,100330,23,,,1,53,,100331,23,,,1,14,,100333,23,,,1,14,,100334,23,,,1,11,,100335,23,,,1,12,,100332,23,,,1,53,,100336,23,,,1,14,,100367,23,,,1,13,,100368,23,,,1,14,,100337,23,,,1,55,,100338,23,,,1,14,,100339,23,,,1,14,,100340,23,,,1,13,,100341,23,,,1,12,,100342,23,,,1,54,,100344,23,,,1,14,,100345,23,,,1,16,,100343,23,,,1,15,,100347,23,,,1,55,,100348,23,,,1,16,,100346,23,,,1,16,,100349,23,,,1,14,,100351,23,,,1,55,,100352,23,,,1,16,,100353,23,,,1,15,,100354,23,,,1,15,,100355,23,,,1,54,,100356,23,,,1,15,,100350,23,,,1,16,,100357,23,,,1,16,,100358,23,,,1,55,,100359,23,,,1,15,,100360,23,,,1,18,,100365,23,,,1,56,,100364,23,,,1,14,,100362,23,,,1,15,,100366,23,,,1,15,,100370,23,,,1,15,,100371,23,,,1
80002,'20263611',622,,100482,23,,,1,15,,100504,23,,,1,15,,100510,23,,,1,55,,100505,23,,,1,15,,100498,23,,,1,16,,100508,23,,,1,15,,100502,23,,,1,54,,100506,23,,,1,15,,100507,23,,,1,15,,100494,23,,,1,14,,100509,23,,,1,54,,100493,23,,,1,15,,100511,23,,,1,15,,100495,23,,,1,16,,100501,23,,,1,55,,100514,23,,,1,15,,100503,23,,,1,15,,100512,23,,,1,14,,100497,23,,,1,56,,100513,23,,,1,16,,100496,23,,,1,18,,100515,23,,,1,17,,100516,23,,,1,55,,100500,23,,,1,15,,100517,23,,,1,15,,100499,23,,,1,16,,100532,23,,,1,56,,100518,23,,,1,13,,100533,23,,,1,15,,100527,23,,,1,16,,100519,23,,,1,55,,100520,23,,,1,15,,100526,23,,,1,15,,100521,23,,,1,16,,100485,23,,,1,55,,100489,23,,,1,15,,100522,23,,,1,15,,100530,23,,,1,14,,100525,23,,,1,52,,100528,23,,,1,12,,100531,23,,,1,12,,100529,23,,,1,14,,100523,23,,,1,53,,100524,23,,,1,14,,100470,23,,,1,14,,100464,23,,,1,11,,100457,23,,,1,12,,100455,23,,,1,53,,100466,23,,,1,14,,100490,23,,,1,13,,100491,23,,,1,14,,100471,23,,,1,55,,100472,23,,,1,14,,100465,23,,,1,14,,100453,23,,,1,13,,100463,23,,,1,12,,100469,23,,,1,54,,100460,23,,,1,14,,100467,23,,,1,16,,100456,23,,,1,15,,100473,23,,,1,55,,100468,23,,,1,16,,100458,23,,,1,16,,100459,23,,,1,14,,100474,23,,,1,55,,100478,23,,,1,16,,100475,23,,,1,15,,100476,23,,,1,15,,100477,23,,,1,54,,100479,23,,,1,15,,100454,23,,,1,16,,100480,23,,,1,16,,100461,23,,,1,55,,100481,23,,,1,15,,100462,23,,,1,18,,100487,23,,,1,56,,100486,23,,,1,14,,100484,23,,,1,15,,100488,23,,,1,15,,100492,23,,,1,15,,100483,23,,,1
95002,'20263010',2552,,106096,21,,,0,170,,106097,21,,,0
95002,'20263511',2552,,106101,21,,,0,170,,106100,21,,,0
