400,'20263010',709,,91195,20,,,0,18,,91199,20,,,0,15,,91180,20,,,0,13,,91200,20,,,0,56,,91181,20,,,0,9,,91201,20,,,0,21,,91202,20,,,0,18,,91185,20,,,0,66,,91194,20,,,0,33,,91182,20,,,0,70,,91196,20,,,0,31,,91186,20,,,0,70,,91183,20,,,0,14,,91203,20,,,0,14,,91184,20,,,0,55,,91204,20,,,0,16,,91193,20,,,0,14,,91205,20,,,0,16,,91172,20,,,0,69,,91174,20,,,0,31,,91178,20,,,0,70,,91175,20,,,0,30,,91173,20,,,0,54,,91206,20,,,0,15,,91198,20,,,0,16,,91207,20,,,0,6,,91212,20,,,0,8,,91189,20,,,0,46,,91213,20,,,0,7,,91208,20,,,0,14,,91209,20,,,0,18,,91177,20,,,0,63,,91210,20,,,0,19,,91187,20,,,0,24,,91188,20,,,0,65,,91211,20,,,0,33,,91197,20,,,0,98,,91190,20,,,0,100,,91176,20,,,0,101,,91179,20,,,0,98,,91191,20,,,0,100,,91192,20,,,0
400,'20263510',725,,91214,20,,,0,99,,91215,20,,,0,99,,91216,20,,,0,100,,91217,20,,,0,101,,91218,20,,,0,99,,91219,20,,,0,101,,91220,20,,,0,100,,91221,20,,,0,101,,91222,20,,,0,96,,91223,20,,,0,110,,91224,20,,,0,94,,91225,20,,,0,98,,91226,20,,,0,97,,91227,20,,,0,100,,91228,20,,,0,98,,91229,20,,,0,99,,91230,20,,,0
400,'20263511',725,,91231,20,,,0,99,,91232,20,,,0,99,,91233,20,,,0,100,,91234,20,,,0,101,,91235,20,,,0,99,,91236,20,,,0,101,,91237,20,,,0,100,,91238,20,,,0,101,,91239,20,,,0,96,,91240,20,,,0,110,,91241,20,,,0,94,,91242,20,,,0,98,,91243,20,,,0,97,,91244,20,,,0,100,,91245,20,,,0,98,,91246,20,,,0,99,,91247,20,,,0
400,'20263610',725,,91248,20,,,0,99,,91249,20,,,0,99,,91250,20,,,0,100,,91251,20,,,0,101,,91252,20,,,0,99,,91253,20,,,0,101,,91254,20,,,0,100,,91255,20,,,0,101,,91256,20,,,0,96,,91257,20,,,0,110,,91258,20,,,0,94,,91259,20,,,0,98,,91260,20,,,0,97,,91261,20,,,0,100,,91262,20,,,0,98,,91263,20,,,0,99,,91264,20,,,0
400,'20263611',725,,91265,20,,,0,99,,91266,20,,,0,99,,91267,20,,,0,100,,91268,20,,,0,101,,91269,20,,,0,99,,91270,20,,,0,101,,91271,20,,,0,100,,91272,20,,,0,101,,91273,20,,,0,96,,91274,20,,,0,110,,91275,20,,,0,94,,91276,20,,,0,98,,91277,20,,,0,97,,91278,20,,,0,100,,91279,20,,,0,98,,91280,20,,,0,99,,91281,20,,,0
5400,'20263010',1545,,94582,11,,,1,75,,94584,11,,,1,34,,94586,11,,,1,66,,94588,11,,,1
80202,'20263010',551,,101753,19,,,1,56,,101817,19,,,1,13,,101745,19,,,1,11,,101766,19,,,1,10,,101754,19,,,1,11,,101833,19,,,1,50,,101818,19,,,1,10,,101746,19,,,1,11,,101791,19,,,1,11,,101810,19,,,1,9,,101828,19,,,1,10,,101779,19,,,1,50,,101755,19,,,1,10,,101819,19,,,1,10,,101771,19,,,1,11,,101826,19,,,1,10,,101747,19,,,1,8,,101792,19,,,1,50,,101811,19,,,1,10,,101756,19,,,1,13,,101804,19,,,1,15,,101820,19,,,1,15,,101772,19,,,1,55,,101793,19,,,1,15,,101812,19,,,1,15,,101780,19,,,1,15,,101805,19,,,1,55,,101773,19,,,1,15,,101794,19,,,1,15,,101813,19,,,1,15,,101781,19,,,1,54,,101757,19,,,1,15,,101821,19,,,1,15,,101748,19,,,1,17,,101795,19,,,1,55,,101814,19,,,1,15,,101758,19,,,1,15,,101806,19,,,1,15,,101822,19,,,1,55,,101749,19,,,1,15,,101782,19,,,1,15,,101759,19,,,1,14,,101807,19,,,1,56,,101774,19,,,1,14,,101796,19,,,1,10,,101815,19,,,1,10,,101831,19,,,1,10,,101783,19,,,1,50,,101760,19,,,1,10,,101827,19,,,1,10,,101808,19,,,1,10,,101823,19,,,1,10,,101775,19,,,1,10,,101750,19,,,1,49,,101797,19,,,1,10,,101799,19,,,1,10,,101816,19,,,1,10,,101784,19,,,1,10,,101761,19,,,1,11,,101809,19,,,1,49,,101832,19,,,1,9,,101824,19,,,1,9,,101776,19,,,1,13,,101798,19,,,1,15,,101785,19,,,1,55,,101762,19,,,1,14,,101800,19,,,1,15,,101786,19,,,1,15,,101763,19,,,1,55,,101767,19,,,1,16,,101777,19,,,1,15,,101801,19,,,1,15,,101787,19,,,1,55,,101764,19,,,1,15,,101825,19,,,1,14,,101768,19,,,1,15,,101778,19,,,1,55,,101802,19,,,1,15,,101788,19,,,1,15,,101769,19,,,1,15,,101751,19,,,1,55,,101803,19,,,1,15,,101789,19,,,1,15,,101765,19,,,1,14,,101770,19,,,1,55,,101752,19,,,1,15,,101790,19,,,1,15,,101830,19,,,1,14,,101829,19,,,1
80202,'20263510',543,,101895,19,,,1,15,,101887,19,,,1,54,,101893,19,,,1,16,,101886,19,,,1,15,,101896,19,,,1,15,,101894,19,,,1,55,,101890,19,,,1,15,,101888,19,,,1,16,,101892,19,,,1,56,,101897,19,,,1,16,,101891,19,,,1,16,,101898,19,,,1,15,,101899,19,,,1,54,,101900,19,,,1,15,,101901,19,,,1,15,,101902,19,,,1,16,,101903,19,,,1,55,,101889,19,,,1,15,,101905,19,,,1,15,,101907,19,,,1,16,,101911,19,,,1,56,,101908,19,,,1,15,,101910,19,,,1,14,,101904,19,,,1,15,,101906,19,,,1,55,,101909,19,,,1,15,,101846,19,,,1,16,,101874,19,,,1,14,,101838,19,,,1,57,,101843,19,,,1,13,,101834,19,,,1,18,,101875,19,,,1,14,,101839,19,,,1,57,,101837,19,,,1,14,,101845,19,,,1,14,,101847,19,,,1,16,,101844,19,,,1,57,,101885,19,,,1,15,,101835,19,,,1,16,,101840,19,,,1,12,,101848,19,,,1,55,,101865,19,,,1,13,,101836,19,,,1,16,,101849,19,,,1,14,,101850,19,,,1,56,,101876,19,,,1,16,,101851,19,,,1,16,,101883,19,,,1,14,,101841,19,,,1,53,,101884,19,,,1,15,,101852,19,,,1,14,,101853,19,,,1,14,,101854,19,,,1,54,,101842,19,,,1,15,,101855,19,,,1,15,,101860,19,,,1,15,,101861,19,,,1,54,,101856,19,,,1,14,,101857,19,,,1,14,,101858,19,,,1,15,,101859,19,,,1,15,,101862,19,,,1,55,,101863,19,,,1,15,,101871,19,,,1,14,,101868,19,,,1,16,,101878,19,,,1,55,,101870,19,,,1,15,,101867,19,,,1,14,,101877,19,,,1,15,,101879,19,,,1,55,,101864,19,,,1,15,,101880,19,,,1,16,,101869,19,,,1,14,,101881,19,,,1,55,,101866,19,,,1,15,,101872,19,,,1,14,,101882,19,,,1,15,,101873,19,,,1
80202,'20263511',543,,101973,19,,,1,15,,101965,19,,,1,54,,101971,19,,,1,16,,101964,19,,,1,15,,101974,19,,,1,15,,101972,19,,,1,55,,101968,19,,,1,15,,101966,19,,,1,16,,101970,19,,,1,56,,101975,19,,,1,16,,101969,19,,,1,16,,101976,19,,,1,15,,101977,19,,,1,54,,101978,19,,,1,15,,101979,19,,,1,15,,101980,19,,,1,16,,101981,19,,,1,55,,101967,19,,,1,15,,101983,19,,,1,15,,101985,19,,,1,16,,101989,19,,,1,56,,101986,19,,,1,15,,101988,19,,,1,14,,101982,19,,,1,15,,101984,19,,,1,55,,101987,19,,,1,15,,101924,19,,,1,16,,101952,19,,,1,14,,101916,19,,,1,57,,101921,19,,,1,13,,101912,19,,,1,18,,101953,19,,,1,14,,101917,19,,,1,57,,101915,19,,,1,14,,101923,19,,,1,14,,101925,19,,,1,16,,101922,19,,,1,57,,101963,19,,,1,15,,101913,19,,,1,16,,101918,19,,,1,12,,101926,19,,,1,55,,101943,19,,,1,13,,101914,19,,,1,16,,101927,19,,,1,14,,101928,19,,,1,56,,101954,19,,,1,16,,101929,19,,,1,16,,101961,19,,,1,14,,101919,19,,,1,53,,101962,19,,,1,15,,101930,19,,,1,14,,101931,19,,,1,14,,101932,19,,,1,54,,101920,19,,,1,15,,101933,19,,,1,15,,101938,19,,,1,15,,101939,19,,,1,54,,101934,19,,,1,14,,101935,19,,,1,14,,101936,19,,,1,15,,101937,19,,,1,15,,101940,19,,,1,55,,101941,19,,,1,15,,101949,19,,,1,14,,101946,19,,,1,16,,101956,19,,,1,55,,101948,19,,,1,15,,101945,19,,,1,14,,101955,19,,,1,15,,101957,19,,,1,55,,101942,19,,,1,15,,101958,19,,,1,16,,101947,19,,,1,14,,101959,19,,,1,55,,101944,19,,,1,15,,101950,19,,,1,14,,101960,19,,,1,15,,101951,19,,,1
80202,'20263610',543,,102060,19,,,1,15,,102065,19,,,1,54,,102057,19,,,1,16,,102066,19,,,1,15,,102055,19,,,1,15,,102056,19,,,1,55,,102061,19,,,1,15,,102062,19,,,1,16,,102067,19,,,1,56,,102054,19,,,1,16,,102063,19,,,1,16,,102053,19,,,1,15,,102049,19,,,1,54,,102052,19,,,1,15,,102051,19,,,1,15,,102058,19,,,1,16,,102050,19,,,1,55,,102064,19,,,1,15,,102048,19,,,1,15,,102047,19,,,1,16,,102043,19,,,1,56,,102046,19,,,1,15,,102042,19,,,1,14,,102059,19,,,1,15,,102045,19,,,1,55,,102044,19,,,1,15,,102022,19,,,1,16,,101993,19,,,1,14,,102039,19,,,1,57,,102041,19,,,1,13,,102033,19,,,1,18,,101996,19,,,1,14,,102032,19,,,1,57,,102040,19,,,1,14,,102034,19,,,1,14,,102023,19,,,1,16,,102030,19,,,1,57,,101999,19,,,1,15,,102037,19,,,1,16,,102036,19,,,1,12,,102027,19,,,1,55,,102010,19,,,1,13,,102038,19,,,1,16,,102021,19,,,1,14,,102026,19,,,1,56,,101992,19,,,1,16,,102029,19,,,1,16,,102001,19,,,1,14,,102035,19,,,1,53,,102000,19,,,1,15,,102025,19,,,1,14,,102020,19,,,1,14,,102024,19,,,1,54,,102031,19,,,1,15,,102028,19,,,1,15,,102017,19,,,1,15,,102011,19,,,1,54,,102019,19,,,1,14,,102015,19,,,1,14,,102016,19,,,1,15,,102018,19,,,1,15,,102006,19,,,1,55,,102009,19,,,1,15,,102012,19,,,1,14,,102008,19,,,1,16,,101994,19,,,1,55,,102003,19,,,1,15,,102004,19,,,1,14,,101997,19,,,1,15,,101991,19,,,1,55,,102014,19,,,1,15,,101995,19,,,1,16,,102007,19,,,1,14,,101990,19,,,1,55,,102013,19,,,1,15,,102005,19,,,1,14,,101998,19,,,1,15,,102002,19,,,1
80202,'20263611',543,,102138,19,,,1,15,,102143,19,,,1,54,,102135,19,,,1,16,,102144,19,,,1,15,,102133,19,,,1,15,,102134,19,,,1,55,,102139,19,,,1,15,,102140,19,,,1,16,,102145,19,,,1,56,,102132,19,,,1,16,,102141,19,,,1,16,,102131,19,,,1,15,,102127,19,,,1,54,,102130,19,,,1,15,,102129,19,,,1,15,,102136,19,,,1,16,,102128,19,,,1,55,,102142,19,,,1,15,,102126,19,,,1,15,,102125,19,,,1,16,,102121,19,,,1,56,,102124,19,,,1,15,,102120,19,,,1,14,,102137,19,,,1,15,,102123,19,,,1,55,,102122,19,,,1,15,,102100,19,,,1,16,,102071,19,,,1,14,,102117,19,,,1,57,,102119,19,,,1,13,,102111,19,,,1,18,,102074,19,,,1,14,,102110,19,,,1,57,,102118,19,,,1,14,,102112,19,,,1,14,,102101,19,,,1,16,,102108,19,,,1,57,,102077,19,,,1,15,,102115,19,,,1,16,,102114,19,,,1,12,,102105,19,,,1,55,,102088,19,,,1,13,,102116,19,,,1,16,,102099,19,,,1,14,,102104,19,,,1,56,,102070,19,,,1,16,,102107,19,,,1,16,,102079,19,,,1,14,,102113,19,,,1,53,,102078,19,,,1,15,,102103,19,,,1,14,,102098,19,,,1,14,,102102,19,,,1,54,,102109,19,,,1,15,,102106,19,,,1,15,,102095,19,,,1,15,,102089,19,,,1,54,,102097,19,,,1,14,,102093,19,,,1,14,,102094,19,,,1,15,,102096,19,,,1,15,,102084,19,,,1,55,,102087,19,,,1,15,,102090,19,,,1,14,,102086,19,,,1,16,,102072,19,,,1,55,,102081,19,,,1,15,,102082,19,,,1,14,,102075,19,,,1,15,,102069,19,,,1,55,,102092,19,,,1,15,,102073,19,,,1,16,,102085,19,,,1,14,,102068,19,,,1,55,,102091,19,,,1,15,,102083,19,,,1,14,,102076,19,,,1,15,,102080,19,,,1
1000300,'20263010',813,,106132,18,,,0
