5501,'20263010',548,,94945,36,,,0,68,,94946,36,,,0,26,,94935,36,,,0,73,,94953,36,,,0,35,,94931,36,,,0,77,,94932,36,,,0,28,,94947,36,,,0,92,,94933,36,,,0,100,,94934,36,,,0,99,,94936,36,,,0,104,,94949,36,,,0,94,,94950,36,,,0,100,,94954,36,,,0,101,,94955,36,,,0,79,,94937,36,,,0,79,,94951,36,,,0,26,,94938,36,,,0,28,,94952,36,,,0,71,,94939,36,,,0,30,,94940,36,,,0,83,,94941,36,,,0,90,,94942,36,,,0,100,,94943,36,,,0,102,,94944,36,,,0,100,,94948,36,,,0
5501,'20263511',720,,94973,36,,,0,103,,94974,36,,,0,99,,94975,36,,,0,102,,94976,36,,,0,94,,94977,36,,,0,104,,94978,36,,,0,98,,94979,36,,,0,103,,94980,36,,,0,99,,94981,36,,,0,99,,94982,36,,,0,102,,94983,36,,,0,107,,94984,36,,,0,93,,94985,36,,,0,99,,94986,36,,,0,103,,94987,36,,,0,102,,94988,36,,,0,102,,94989,36,,,0
5501,'20263611',720,,95009,36,,,0,103,,95007,36,,,0,99,,95010,36,,,0,102,,95011,36,,,0,94,,95008,36,,,0,104,,95020,36,,,0,98,,95015,36,,,0,103,,95016,36,,,0,99,,95022,36,,,0,99,,95017,36,,,0,102,,95023,36,,,0,107,,95019,36,,,0,93,,95014,36,,,0,99,,95021,36,,,0,103,,95013,36,,,0,102,,95018,36,,,0,102,,95012,36,,,0
5601,'20263010',1626,,95027,30,,,0,28,,95029,30,,,0,71,,95028,30,,,0
5701,'20263010',614,,95117,28,,,0,28,,95118,28,,,0,66,,95119,28,,,0,33,,95120,28,,,0,74,,95121,28,,,0,30,,95122,28,,,0,62,,95123,28,,,0,39,,95124,28,,,0,99,,95125,28,,,0,101,,95126,28,,,0,100,,95127,28,,,0,101,,95128,28,,,0,101,,95136,28,,,0,104,,95129,28,,,0,271,,95130,28,,,0,99,,95131,28,,,0,97,,95132,28,,,0,100,,95133,28,,,0,100,,95134,28,,,0,101,,95135,28,,,0
5701,'20263511',746,,95153,28,,,0,101,,95154,28,,,0,101,,95155,28,,,0,100,,95156,28,,,0,101,,95157,28,,,0,97,,95158,28,,,0,98,,95159,28,,,0,98,,95160,28,,,0,105,,95161,28,,,0,104,,95162,28,,,0,100,,95163,28,,,0,96,,95164,28,,,0,100,,95165,28,,,0,99,,95166,28,,,0,100,,95167,28,,,0,101,,95168,28,,,0
5701,'20263611',746,,95187,28,,,0,101,,95186,28,,,0,101,,95185,28,,,0,100,,95190,28,,,0,101,,95192,28,,,0,97,,95188,28,,,0,98,,95198,28,,,0,98,,95194,28,,,0,105,,95189,28,,,0,104,,95191,28,,,0,100,,95197,28,,,0,96,,95193,28,,,0,100,,95199,28,,,0,99,,95195,28,,,0,100,,95196,28,,,0,101,,95200,28,,,0
25001,'20263010',624,,99564,15,,,0,23,,99565,15,,,0,63,,99566,15,,,0,29,,99567,15,,,0,78,,99568,15,,,0,2,,99569,15,,,0
25401,'20263010',628,,99591,33,,,0,28,,99592,33,,,0,63,,99593,33,,,0,17,,99594,33,,,0,11,,99595,33,,,0,78,,99596,33,,,0
25501,'20263010',653,,99601,36,,,0,67,,99602,36,,,0,17,,99603,36,,,0,13,,99604,36,,,0
35001,'20263010',630,,99817,29,,,0,17,,99818,29,,,0,72,,99821,29,,,0,34,,99822,29,,,0,155,,99819,29,,,0,200,,99820,29,,,0
55001,'20263010',618,,100021,29,,,0,28,,100020,29,,,0,64,,100022,29,,,0,113,,100023,29,,,0
80003,'20263010',456,,100624,15,,,1,55,,100537,15,,,1,15,,100563,15,,,1,15,,100560,15,,,1,13,,100542,15,,,1,49,,100562,15,,,1,10,,100539,15,,,1,10,,100550,15,,,1,9,,100618,15,,,1,10,,100617,15,,,1,10,,100616,15,,,1,49,,100615,15,,,1,9,,100614,15,,,1,9,,100613,15,,,1,7,,100612,15,,,1,8,,100611,15,,,1,11,,100610,15,,,1,10,,100609,15,,,1,54,,100608,15,,,1,15,,100607,15,,,1,15,,100606,15,,,1,15,,100605,15,,,1,55,,100604,15,,,1,15,,100603,15,,,1,15,,100602,15,,,1,16,,100601,15,,,1,53,,100600,15,,,1,15,,100599,15,,,1,15,,100598,15,,,1,16,,100597,15,,,1,55,,100596,15,,,1,15,,100595,15,,,1,15,,100594,15,,,1,15,,100593,15,,,1,55,,100592,15,,,1,15,,100591,15,,,1,15,,100590,15,,,1,15,,100589,15,,,1,55,,100588,15,,,1,15,,100587,15,,,1,15,,100586,15,,,1,15,,100585,15,,,1,54,,100552,15,,,1,16,,100584,15,,,1,15,,100561,15,,,1,14,,100558,15,,,1,52,,100583,15,,,1,11,,100565,15,,,1,10,,100623,15,,,1,9,,100620,15,,,1,9,,100564,15,,,1,11,,100547,15,,,1,50,,100566,15,,,1,10,,100582,15,,,1,10,,100541,15,,,1,10,,100534,15,,,1,10,,100555,15,,,1,10,,100581,15,,,1,51,,100536,15,,,1,10,,100535,15,,,1,10,,100580,15,,,1,10,,100579,15,,,1,12,,100621,15,,,1,10,,100538,15,,,1,53,,100540,15,,,1,15,,100578,15,,,1,15,,100556,15,,,1,17,,100622,15,,,1,54,,100577,15,,,1,14,,100544,15,,,1,14,,100543,15,,,1,15,,100576,15,,,1,56,,100545,15,,,1,15,,100575,15,,,1,15,,100574,15,,,1,15,,100546,15,,,1,57,,100573,15,,,1,15,,100549,15,,,1,15,,100548,15,,,1,15,,100572,15,,,1,55,,100551,15,,,1,15,,100571,15,,,1,16,,100553,15,,,1,13,,100570,15,,,1,55,,100554,15,,,1,16,,100569,15,,,1,16,,100557,15,,,1,14,,100568,15,,,1,56,,100559,15,,,1,16,,100567,15,,,1,15,,100619,15,,,1
80003,'20263511',537,,100702,15,,,1,15,,100703,15,,,1,54,,100704,15,,,1,15,,100705,15,,,1,15,,100706,15,,,1,16,,100707,15,,,1,55,,100708,15,,,1,15,,100710,15,,,1,15,,100711,15,,,1,15,,100712,15,,,1,56,,100709,15,,,1,15,,100713,15,,,1,15,,100714,15,,,1,15,,100715,15,,,1,55,,100716,15,,,1,15,,100717,15,,,1,14,,100718,15,,,1,15,,100719,15,,,1,55,,100720,15,,,1,16,,100722,15,,,1,16,,100723,15,,,1,15,,100724,15,,,1,55,,100721,15,,,1,14,,100725,15,,,1,16,,100726,15,,,1,16,,100727,15,,,1,53,,100728,15,,,1,14,,100729,15,,,1,15,,100731,15,,,1,15,,100730,15,,,1,55,,100732,15,,,1,14,,100733,15,,,1,16,,100734,15,,,1,15,,100735,15,,,1,55,,100736,15,,,1,15,,100737,15,,,1,14,,100738,15,,,1,15,,100740,15,,,1,55,,100741,15,,,1,15,,100742,15,,,1,14,,100739,15,,,1,16,,100743,15,,,1,55,,100744,15,,,1,16,,100745,15,,,1,14,,100746,15,,,1,16,,100747,15,,,1,57,,100748,15,,,1,14,,100749,15,,,1,16,,100751,15,,,1,16,,100752,15,,,1,55,,100753,15,,,1,17,,100750,15,,,1,13,,100754,15,,,1,15,,100755,15,,,1,55,,100756,15,,,1,15,,100757,15,,,1,15,,100759,15,,,1,15,,100760,15,,,1,57,,100761,15,,,1,17,,100758,15,,,1,14,,100762,15,,,1,14,,100763,15,,,1,55,,100764,15,,,1,15,,100765,15,,,1,15,,100766,15,,,1,15,,100767,15,,,1,56,,100768,15,,,1,14,,100770,15,,,1,15,,100771,15,,,1,15,,100772,15,,,1,55,,100769,15,,,1,15,,100773,15,,,1,14,,100774,15,,,1,15,,100775,15,,,1,55,,100776,15,,,1,15,,100777,15,,,1,15,,100778,15,,,1
80003,'20263611',537,,100873,15,,,1,15,,100863,15,,,1,54,,100868,15,,,1,15,,100861,15,,,1,15,,100874,15,,,1,16,,100859,15,,,1,55,,100858,15,,,1,15,,100867,15,,,1,15,,100875,15,,,1,15,,100856,15,,,1,56,,100869,15,,,1,15,,100862,15,,,1,15,,100857,15,,,1,15,,100876,15,,,1,55,,100877,15,,,1,15,,100871,15,,,1,14,,100864,15,,,1,15,,100872,15,,,1,55,,100865,15,,,1,16,,100879,15,,,1,16,,100860,15,,,1,15,,100880,15,,,1,55,,100878,15,,,1,14,,100883,15,,,1,16,,100881,15,,,1,16,,100866,15,,,1,53,,100888,15,,,1,14,,100882,15,,,1,15,,100889,15,,,1,15,,100884,15,,,1,55,,100885,15,,,1,14,,100886,15,,,1,16,,100887,15,,,1,15,,100870,15,,,1,55,,100890,15,,,1,15,,100906,15,,,1,14,,100899,15,,,1,15,,100902,15,,,1,55,,100896,15,,,1,15,,100905,15,,,1,14,,100897,15,,,1,16,,100898,15,,,1,55,,100892,15,,,1,16,,100907,15,,,1,14,,100908,15,,,1,16,,100903,15,,,1,57,,100893,15,,,1,14,,100900,15,,,1,16,,100904,15,,,1,16,,100909,15,,,1,55,,100910,15,,,1,17,,100901,15,,,1,13,,100891,15,,,1,15,,100911,15,,,1,55,,100912,15,,,1,15,,100913,15,,,1,15,,100914,15,,,1,15,,100895,15,,,1,57,,100924,15,,,1,17,,100894,15,,,1,14,,100929,15,,,1,14,,100916,15,,,1,55,,100918,15,,,1,15,,100926,15,,,1,15,,100920,15,,,1,15,,100919,15,,,1,56,,100927,15,,,1,14,,100915,15,,,1,15,,100923,15,,,1,15,,100922,15,,,1,55,,100921,15,,,1,15,,100928,15,,,1,14,,100930,15,,,1,15,,100931,15,,,1,55,,100917,15,,,1,15,,100925,15,,,1,15,,100932,15,,,1
