23101,'20263010',713,,99521,10,4,,0,29,,99522,10,4,,0,73,,99519,10,4,,0,22,,99520,10,4,,0
23701,'20263010',644,,99542,33,4,,0,15,,99543,33,4,,0,71,,99544,33,4,,0,27,,99545,33,4,,0,61,,99546,33,4,,0,27,,99547,33,4,,0
27001,'20263010',646,,99628,49,4,,0,13,,99629,49,4,,0,47,,99630,49,4,,0,17,,99631,49,4,,0,13,,99632,49,4,,0,67,,99633,49,4,,0,11,,99634,49,4,,0,17,,99635,49,4,,0,17,,99636,49,4,,0
27201,'20263010',704,,99646,58,4,,0,27,,99643,58,4,,0,72,,99642,58,4,,0,15,,99645,58,4,,0,26,,99644,58,4,,0
27301,'20263010',700,,99651,59,4,,0,27,,99652,59,4,,0,92,,99653,59,4,,0,29,,99654,59,4,,0
27401,'20263010',712,,99660,45,4,,0,28,,99661,45,4,,0,72,,99662,45,4,,0,7,,99664,45,4,,0,31,,99663,45,4,,0
27901,'20263010',701,,99672,47,4,,0,50,,99670,47,4,,0,77,,99671,47,4,,0,23,,99669,47,4,,0
28001,'20263010',700,,99679,50,4,,0,42,,99680,50,4,,0,65,,99681,50,4,,0,19,,99684,50,4,,0,14,,99682,50,4,,0,6,,99683,50,4,,0
28101,'20263010',712,,99694,45,4,,0,24,,99693,45,4,,0,81,,99690,45,4,,0,13,,99691,45,4,,0,17,,99692,45,4,,0
28201,'20263010',645,,99701,63,4,,0,61,,99704,63,4,,0,43,,99705,63,4,,0,64,,99702,63,4,,0,35,,99703,63,4,,0
28401,'20263010',715,,99721,78,4,,0,31,,99718,78,4,,0,68,,99722,78,4,,0,18,,99719,78,4,,0,19,,99720,78,4,,0
28901,'20263010',714,,99729,39,4,,0,32,,99728,39,4,,0,60,,99730,39,4,,0,17,,99732,39,4,,0,25,,99731,39,4,,0
