7900,'20263010',1220,,97161,5,,,0,326,,97165,5,,,0,67,,97166,5,,,0,34,,97167,5,,,0,73,,97168,5,,,0,30,,97169,5,,,0
18501,'20263010',733,,99510,38,,,0,67,,99511,38,,,0,34,,99512,38,,,0,67,,99514,38,,,0
80703,'20263010',527,,105656,14,,,1,15,,105679,14,,,1,15,,105657,14,,,1,57,,105658,14,,,1,17,,105659,14,,,1,16,,105660,14,,,1,56,,105661,14,,,1,10,,105741,14,,,1,11,,105742,14,,,1,8,,105743,14,,,1,6,,105749,14,,,1,4,,105744,14,,,1,5,,105750,14,,,1,6,,105745,14,,,1,48,,105746,14,,,1,10,,105722,14,,,1,10,,105723,14,,,1,11,,105725,14,,,1,9,,105700,14,,,1,9,,105699,14,,,1,7,,105720,14,,,1,50,,105698,14,,,1,15,,105721,14,,,1,15,,105719,14,,,1,15,,105696,14,,,1,54,,105695,14,,,1,14,,105718,14,,,1,15,,105717,14,,,1,15,,105694,14,,,1,55,,105716,14,,,1,15,,105715,14,,,1,15,,105693,14,,,1,15,,105714,14,,,1,55,,105692,14,,,1,13,,105713,14,,,1,13,,105691,14,,,1,13,,105712,14,,,1,11,,105702,14,,,1,51,,105690,14,,,1,13,,105701,14,,,1,12,,105711,14,,,1,12,,105680,14,,,1,12,,105689,14,,,1,52,,105688,14,,,1,12,,105710,14,,,1,12,,105709,14,,,1,12,,105687,14,,,1,12,,105708,14,,,1,53,,105686,14,,,1,8,,105707,14,,,1,8,,105748,14,,,1,9,,105662,14,,,1,9,,105706,14,,,1,10,,105685,14,,,1,51,,105705,14,,,1,11,,105684,14,,,1,11,,105704,14,,,1,11,,105669,14,,,1,10,,105670,14,,,1,10,,105682,14,,,1,49,,105671,14,,,1,9,,105681,14,,,1,9,,105703,14,,,1,9,,105672,14,,,1,8,,105683,14,,,1,10,,105697,14,,,1,55,,105747,14,,,1,15,,105724,14,,,1,14,,105728,14,,,1,14,,105727,14,,,1,55,,105663,14,,,1,15,,105673,14,,,1,14,,105664,14,,,1,15,,105674,14,,,1,55,,105665,14,,,1,15,,105675,14,,,1,14,,105666,14,,,1,15,,105676,14,,,1,55,,105667,14,,,1,15,,105677,14,,,1,15,,105668,14,,,1,15,,105678,14,,,1,55,,105729,14,,,1,15,,105730,14,,,1,14,,105731,14,,,1,14,,105732,14,,,1,15,,105733,14,,,1,53,,105734,14,,,1,14,,105735,14,,,1,15,,105736,14,,,1,15,,105737,14,,,1,55,,105738,14,,,1,14,,105739,14,,,1,15,,105740,14,,,1,15,,105726,14,,,1
80703,'20263510',540,,105751,14,,,1,15,,105752,14,,,1,55,,105753,14,,,1,15,,105827,14,,,1,15,,105754,14,,,1,15,,105755,14,,,1,55,,105756,14,,,1,15,,105828,14,,,1,15,,105757,14,,,1,15,,105758,14,,,1,55,,105759,14,,,1,16,,105760,14,,,1,15,,105761,14,,,1,15,,105762,14,,,1,55,,105763,14,,,1,17,,105764,14,,,1,15,,105765,14,,,1,15,,105766,14,,,1,56,,105767,14,,,1,15,,105768,14,,,1,16,,105769,14,,,1,55,,105770,14,,,1,16,,105771,14,,,1,16,,105772,14,,,1,16,,105773,14,,,1,55,,105774,14,,,1,15,,105775,14,,,1,15,,105776,14,,,1,15,,105777,14,,,1,56,,105778,14,,,1,16,,105779,14,,,1,15,,105780,14,,,1,15,,105781,14,,,1,55,,105782,14,,,1,15,,105783,14,,,1,15,,105784,14,,,1,15,,105785,14,,,1,55,,105786,14,,,1,15,,105787,14,,,1,15,,105788,14,,,1,15,,105789,14,,,1,55,,105790,14,,,1,15,,105791,14,,,1,15,,105792,14,,,1,15,,105793,14,,,1,55,,105794,14,,,1,15,,105795,14,,,1,15,,105796,14,,,1,15,,105797,14,,,1,54,,105798,14,,,1,15,,105799,14,,,1,15,,105800,14,,,1,15,,105801,14,,,1,53,,105802,14,,,1,14,,105803,14,,,1,15,,105804,14,,,1,14,,105805,14,,,1,14,,105806,14,,,1,54,,105807,14,,,1,15,,105808,14,,,1,15,,105809,14,,,1,14,,105810,14,,,1,55,,105811,14,,,1,15,,105812,14,,,1,15,,105813,14,,,1,14,,105814,14,,,1,55,,105815,14,,,1,15,,105816,14,,,1,15,,105817,14,,,1,15,,105818,14,,,1,55,,105819,14,,,1,15,,105820,14,,,1,14,,105821,14,,,1,15,,105822,14,,,1,55,,105823,14,,,1,14,,105824,14,,,1,14,,105825,14,,,1,15,,105826,14,,,1
80703,'20263511',540,,105829,14,,,1,15,,105830,14,,,1,55,,105831,14,,,1,15,,105905,14,,,1,15,,105832,14,,,1,15,,105833,14,,,1,55,,105834,14,,,1,15,,105906,14,,,1,15,,105835,14,,,1,15,,105836,14,,,1,55,,105837,14,,,1,16,,105838,14,,,1,15,,105839,14,,,1,15,,105840,14,,,1,55,,105841,14,,,1,17,,105842,14,,,1,15,,105843,14,,,1,15,,105844,14,,,1,56,,105845,14,,,1,15,,105846,14,,,1,16,,105847,14,,,1,55,,105848,14,,,1,16,,105849,14,,,1,16,,105850,14,,,1,16,,105851,14,,,1,55,,105852,14,,,1,15,,105853,14,,,1,15,,105854,14,,,1,15,,105855,14,,,1,56,,105856,14,,,1,16,,105857,14,,,1,15,,105858,14,,,1,15,,105859,14,,,1,55,,105860,14,,,1,15,,105861,14,,,1,15,,105862,14,,,1,15,,105863,14,,,1,55,,105864,14,,,1,15,,105865,14,,,1,15,,105866,14,,,1,15,,105867,14,,,1,55,,105868,14,,,1,15,,105869,14,,,1,15,,105870,14,,,1,15,,105871,14,,,1,55,,105872,14,,,1,15,,105873,14,,,1,15,,105874,14,,,1,15,,105875,14,,,1,54,,105876,14,,,1,15,,105877,14,,,1,15,,105878,14,,,1,15,,105879,14,,,1,53,,105880,14,,,1,14,,105881,14,,,1,15,,105882,14,,,1,14,,105883,14,,,1,14,,105884,14,,,1,54,,105885,14,,,1,15,,105886,14,,,1,15,,105887,14,,,1,14,,105888,14,,,1,55,,105889,14,,,1,15,,105890,14,,,1,15,,105891,14,,,1,14,,105892,14,,,1,55,,105893,14,,,1,15,,105894,14,,,1,15,,105895,14,,,1,15,,105896,14,,,1,55,,105897,14,,,1,15,,105898,14,,,1,14,,105899,14,,,1,15,,105900,14,,,1,55,,105901,14,,,1,14,,105902,14,,,1,14,,105903,14,,,1,15,,105904,14,,,1
80703,'20263610',540,,105907,14,,,1,15,,105908,14,,,1,55,,105909,14,,,1,15,,105910,14,,,1,15,,105983,14,,,1,15,,105911,14,,,1,55,,105912,14,,,1,15,,105913,14,,,1,15,,105984,14,,,1,15,,105914,14,,,1,55,,105915,14,,,1,16,,105916,14,,,1,15,,105917,14,,,1,15,,105918,14,,,1,55,,105919,14,,,1,17,,105920,14,,,1,15,,105922,14,,,1,15,,105923,14,,,1,56,,105924,14,,,1,15,,105921,14,,,1,16,,105925,14,,,1,55,,105926,14,,,1,16,,105927,14,,,1,16,,105928,14,,,1,16,,105929,14,,,1,55,,105930,14,,,1,15,,105931,14,,,1,15,,105932,14,,,1,15,,105933,14,,,1,56,,105934,14,,,1,16,,105935,14,,,1,15,,105936,14,,,1,15,,105937,14,,,1,55,,105938,14,,,1,15,,105939,14,,,1,15,,105940,14,,,1,15,,105941,14,,,1,55,,105942,14,,,1,15,,105943,14,,,1,15,,105944,14,,,1,15,,105945,14,,,1,55,,105946,14,,,1,15,,105947,14,,,1,15,,105948,14,,,1,15,,105949,14,,,1,55,,105950,14,,,1,15,,105951,14,,,1,15,,105953,14,,,1,15,,105954,14,,,1,54,,105955,14,,,1,15,,105952,14,,,1,15,,105956,14,,,1,15,,105957,14,,,1,53,,105958,14,,,1,14,,105959,14,,,1,15,,105960,14,,,1,14,,105961,14,,,1,14,,105962,14,,,1,54,,105963,14,,,1,15,,105964,14,,,1,15,,105965,14,,,1,14,,105966,14,,,1,55,,105967,14,,,1,15,,105968,14,,,1,15,,105969,14,,,1,14,,105970,14,,,1,55,,105971,14,,,1,15,,105972,14,,,1,15,,105973,14,,,1,15,,105974,14,,,1,55,,105975,14,,,1,15,,105976,14,,,1,14,,105977,14,,,1,15,,105978,14,,,1,55,,105979,14,,,1,14,,105980,14,,,1,14,,105981,14,,,1,15,,105982,14,,,1
80703,'20263611',540,,105985,14,,,1,15,,105986,14,,,1,55,,105987,14,,,1,15,,105988,14,,,1,15,,106061,14,,,1,15,,105989,14,,,1,55,,105990,14,,,1,15,,105991,14,,,1,15,,106062,14,,,1,15,,105992,14,,,1,55,,105993,14,,,1,16,,105994,14,,,1,15,,105995,14,,,1,15,,105996,14,,,1,55,,105997,14,,,1,17,,105998,14,,,1,15,,106000,14,,,1,15,,106001,14,,,1,56,,106002,14,,,1,15,,105999,14,,,1,16,,106003,14,,,1,55,,106004,14,,,1,16,,106005,14,,,1,16,,106006,14,,,1,16,,106007,14,,,1,55,,106008,14,,,1,15,,106009,14,,,1,15,,106010,14,,,1,15,,106011,14,,,1,56,,106012,14,,,1,16,,106013,14,,,1,15,,106014,14,,,1,15,,106015,14,,,1,55,,106016,14,,,1,15,,106017,14,,,1,15,,106018,14,,,1,15,,106019,14,,,1,55,,106020,14,,,1,15,,106021,14,,,1,15,,106022,14,,,1,15,,106023,14,,,1,55,,106024,14,,,1,15,,106025,14,,,1,15,,106026,14,,,1,15,,106027,14,,,1,55,,106028,14,,,1,15,,106029,14,,,1,15,,106031,14,,,1,15,,106032,14,,,1,54,,106033,14,,,1,15,,106030,14,,,1,15,,106034,14,,,1,15,,106035,14,,,1,53,,106036,14,,,1,14,,106037,14,,,1,15,,106038,14,,,1,14,,106039,14,,,1,14,,106040,14,,,1,54,,106041,14,,,1,15,,106042,14,,,1,15,,106043,14,,,1,14,,106044,14,,,1,55,,106045,14,,,1,15,,106046,14,,,1,15,,106047,14,,,1,14,,106048,14,,,1,55,,106049,14,,,1,15,,106050,14,,,1,15,,106051,14,,,1,15,,106052,14,,,1,55,,106053,14,,,1,15,,106054,14,,,1,14,,106055,14,,,1,15,,106056,14,,,1,55,,106057,14,,,1,14,,106058,14,,,1,14,,106059,14,,,1,15,,106060,14,,,1
90703,'20263010',2543,,106072,14,,,0,170,,106073,14,,,0
90703,'20263510',2543,,106074,14,,,0,170,,106075,14,,,0
90703,'20263511',2543,,106076,14,,,0,170,,106077,14,,,0
