8401,'20263010',638,,98158,56,,,1,67,,98177,56,,,1,30,,98159,56,,,1,69,,98178,56,,,1,32,,98160,56,,,1,71,,98175,56,,,1,31,,98161,56,,,1,99,,98162,56,,,1,100,,98163,56,,,1,99,,98164,56,,,1,102,,98165,56,,,1,99,,98166,56,,,1,98,,98167,56,,,1,97,,98168,56,,,1,104,,98169,56,,,1,103,,98170,56,,,1,99,,98171,56,,,1,100,,98172,56,,,1,102,,98173,56,,,1,100,,98174,56,,,1,100,,98176,56,,,1
8401,'20263511',640,,98197,56,,,1,99,,98212,56,,,1,99,,98198,56,,,1,100,,98211,56,,,1,100,,98199,56,,,1,100,,98206,56,,,1,100,,98207,56,,,1,99,,98208,56,,,1,100,,98209,56,,,1,99,,98210,56,,,1,102,,98201,56,,,1,101,,98200,56,,,1,100,,98202,56,,,1,100,,98205,56,,,1,100,,98204,56,,,1,100,,98203,56,,,1,102,,98213,56,,,1,100,,98214,56,,,1
8401,'20263611',640,,98245,56,,,1,99,,98249,56,,,1,99,,98248,56,,,1,100,,98246,56,,,1,100,,98233,56,,,1,100,,98239,56,,,1,100,,98234,56,,,1,99,,98240,56,,,1,100,,98235,56,,,1,99,,98241,56,,,1,102,,98236,56,,,1,101,,98242,56,,,1,100,,98237,56,,,1,100,,98243,56,,,1,100,,98238,56,,,1,100,,98244,56,,,1,102,,98247,56,,,1,100,,98250,56,,,1
27401,'20263010',642,,99660,28,,,0,61,,99661,28,,,0,26,,99662,28,,,0,7,,99664,28,,,0,76,,99663,28,,,0
29001,'20263010',645,,99740,18,,,0,67,,99738,18,,,0,42,,99739,18,,,0,66,,99741,18,,,0
37401,'20263010',704,,99863,28,,,0,46,,99864,28,,,0,171,,99865,28,,,0
57401,'20263010',634,,100060,28,,,0,23,,100061,28,,,0,77,,100059,28,,,0
80401,'20263010',532,,103767,27,,,1,15,,103755,27,,,1,54,,103691,27,,,1,15,,103756,27,,,1,15,,103738,27,,,1,15,,103692,27,,,1,12,,103693,27,,,1,50,,103694,27,,,1,9,,103695,27,,,1,11,,103751,27,,,1,9,,103745,27,,,1,10,,103696,27,,,1,10,,103697,27,,,1,51,,103698,27,,,1,11,,103699,27,,,1,11,,103712,27,,,1,13,,103713,27,,,1,14,,103714,27,,,1,55,,103752,27,,,1,15,,103700,27,,,1,14,,103701,27,,,1,14,,103702,27,,,1,55,,103703,27,,,1,15,,103704,27,,,1,14,,103753,27,,,1,16,,103746,27,,,1,54,,103705,27,,,1,15,,103706,27,,,1,13,,103707,27,,,1,17,,103708,27,,,1,55,,103709,27,,,1,15,,103750,27,,,1,15,,103710,27,,,1,15,,103715,27,,,1,55,,103716,27,,,1,16,,103747,27,,,1,15,,103711,27,,,1,14,,103717,27,,,1,54,,103718,27,,,1,16,,103719,27,,,1,15,,103720,27,,,1,15,,103721,27,,,1,56,,103749,27,,,1,14,,103722,27,,,1,15,,103723,27,,,1,14,,103725,27,,,1,56,,103754,27,,,1,14,,103726,27,,,1,11,,103727,27,,,1,13,,103724,27,,,1,53,,103728,27,,,1,12,,103737,27,,,1,15,,103762,27,,,1,15,,103739,27,,,1,15,,103729,27,,,1,55,,103765,27,,,1,18,,103748,27,,,1,18,,103740,27,,,1,58,,103741,27,,,1,18,,103730,27,,,1,18,,103731,27,,,1,58,,103759,27,,,1,19,,103742,27,,,1,18,,103760,27,,,1,18,,103761,27,,,1,58,,103758,27,,,1,18,,103757,27,,,1,17,,103744,27,,,1,58,,103743,27,,,1,16,,103732,27,,,1,18,,103733,27,,,1,17,,103764,27,,,1,58,,103734,27,,,1,17,,103763,27,,,1,18,,103735,27,,,1,57,,103736,27,,,1,17,,103766,27,,,1,18,,103768,27,,,1
80401,'20263511',643,,103834,27,,,1,58,,103886,27,,,1,18,,103885,27,,,1,18,,103835,27,,,1,17,,103836,27,,,1,58,,103887,27,,,1,17,,103874,27,,,1,16,,103875,27,,,1,55,,103876,27,,,1,16,,103888,27,,,1,15,,103837,27,,,1,16,,103877,27,,,1,55,,103878,27,,,1,16,,103889,27,,,1,16,,103838,27,,,1,14,,103879,27,,,1,55,,103880,27,,,1,14,,103890,27,,,1,14,,103839,27,,,1,15,,103881,27,,,1,54,,103882,27,,,1,14,,103840,27,,,1,15,,103883,27,,,1,14,,103841,27,,,1,15,,103842,27,,,1,54,,103843,27,,,1,15,,103844,27,,,1,15,,103845,27,,,1,15,,103846,27,,,1,55,,103847,27,,,1,15,,103848,27,,,1,15,,103849,27,,,1,15,,103850,27,,,1,55,,103851,27,,,1,15,,103852,27,,,1,14,,103853,27,,,1,15,,103854,27,,,1,54,,103855,27,,,1,15,,103856,27,,,1,14,,103857,27,,,1,16,,103858,27,,,1,56,,103859,27,,,1,19,,103860,27,,,1,18,,103861,27,,,1,59,,103884,27,,,1,19,,103895,27,,,1,19,,103862,27,,,1,59,,103863,27,,,1,18,,103896,27,,,1,18,,103864,27,,,1,18,,103897,27,,,1,58,,103865,27,,,1,18,,103866,27,,,1,18,,103898,27,,,1,58,,103867,27,,,1,18,,103893,27,,,1,18,,103868,27,,,1,58,,103869,27,,,1,18,,103892,27,,,1,18,,103870,27,,,1,19,,103891,27,,,1,58,,103871,27,,,1,18,,103872,27,,,1,18,,103894,27,,,1,58,,103873,27,,,1
80401,'20263611',643,,103964,27,,,1,58,,103965,27,,,1,18,,104016,27,,,1,18,,104015,27,,,1,17,,103966,27,,,1,58,,104017,27,,,1,17,,104004,27,,,1,16,,104005,27,,,1,55,,104006,27,,,1,16,,104018,27,,,1,15,,103968,27,,,1,16,,104007,27,,,1,55,,104008,27,,,1,16,,104019,27,,,1,16,,103967,27,,,1,14,,104009,27,,,1,55,,104010,27,,,1,14,,104020,27,,,1,14,,103969,27,,,1,15,,104011,27,,,1,54,,104012,27,,,1,14,,103970,27,,,1,15,,104013,27,,,1,14,,103971,27,,,1,15,,103972,27,,,1,54,,103973,27,,,1,15,,103974,27,,,1,15,,103975,27,,,1,15,,103976,27,,,1,55,,103977,27,,,1,15,,103978,27,,,1,15,,103979,27,,,1,15,,103980,27,,,1,55,,103981,27,,,1,15,,103982,27,,,1,14,,103983,27,,,1,15,,103984,27,,,1,54,,103985,27,,,1,15,,103986,27,,,1,14,,103987,27,,,1,16,,103988,27,,,1,56,,103989,27,,,1,19,,103990,27,,,1,18,,103991,27,,,1,59,,103992,27,,,1,19,,104014,27,,,1,19,,104021,27,,,1,59,,103993,27,,,1,18,,103994,27,,,1,18,,104022,27,,,1,18,,103995,27,,,1,58,,104023,27,,,1,18,,103996,27,,,1,18,,103997,27,,,1,58,,104024,27,,,1,18,,103998,27,,,1,18,,104025,27,,,1,58,,103999,27,,,1,18,,104000,27,,,1,18,,104026,27,,,1,19,,104001,27,,,1,58,,104027,27,,,1,18,,104002,27,,,1,18,,104028,27,,,1,58,,104003,27,,,1
