5400,'20263010',634,,94563,21,,,1,72,,94564,21,,,1,35,,94565,21,,,1,69,,94566,21,,,1,30,,94567,21,,,1,66,,94568,21,,,1,29,,94569,21,,,1,71,,94570,21,,,1,31,,94571,21,,,1,70,,94572,21,,,1,31,,94573,21,,,1,69,,94574,21,,,1,30,,94575,21,,,1,71,,94576,21,,,1,28,,94577,21,,,1,70,,94578,21,,,1,28,,94579,21,,,1,72,,94580,21,,,1,29,,94581,21,,,1,19,,94583,21,,,1,55,,94582,34,,,1,19,,94585,21,,,1,19,,94584,34,,,1,56,,94587,21,,,1,15,,94586,34,,,1,14,,94589,21,,,1,11,,94588,34,,,1,15,,94590,21,,,1,58,,94591,21,,,1,28,,94592,21,,,1,73,,94593,21,,,1,92,,94594,21,,,1,105,,94595,21,,,1,99,,94596,21,,,1,105,,94597,21,,,1,103,,94598,21,,,1,95,,94599,21,,,1
5400,'20263510',714,,94600,21,,,1,99,,94601,21,,,1,101,,94602,21,,,1,99,,94621,21,,,1,99,,94622,21,,,1,100,,94615,21,,,1,31,,94603,21,,,1,69,,94616,21,,,1,30,,94604,21,,,1,71,,94617,21,,,1,24,,94605,21,,,1,75,,94618,21,,,1,27,,94606,21,,,1,72,,94619,21,,,1,32,,94607,21,,,1,80,,94620,21,,,1,31,,94608,21,,,1,61,,94609,21,,,1,100,,94610,21,,,1,99,,94611,21,,,1,100,,94612,21,,,1,100,,94613,21,,,1,99,,94614,21,,,1,102,,94623,21,,,1,98,,94624,21,,,1
5400,'20263511',714,,94625,21,,,1,99,,94626,21,,,1,101,,94627,21,,,1,99,,94646,21,,,1,99,,94647,21,,,1,100,,94640,21,,,1,31,,94628,21,,,1,69,,94641,21,,,1,30,,94629,21,,,1,71,,94642,21,,,1,24,,94630,21,,,1,75,,94643,21,,,1,27,,94631,21,,,1,72,,94644,21,,,1,32,,94632,21,,,1,80,,94645,21,,,1,31,,94633,21,,,1,61,,94634,21,,,1,100,,94635,21,,,1,99,,94636,21,,,1,100,,94637,21,,,1,100,,94638,21,,,1,99,,94639,21,,,1,102,,94648,21,,,1,98,,94649,21,,,1
5400,'20263610',714,,94650,21,,,1,99,,94652,21,,,1,101,,94651,21,,,1,99,,94671,21,,,1,99,,94672,21,,,1,100,,94666,21,,,1,31,,94655,21,,,1,69,,94667,21,,,1,30,,94658,21,,,1,71,,94654,21,,,1,24,,94660,21,,,1,75,,94669,21,,,1,27,,94665,21,,,1,72,,94668,21,,,1,32,,94653,21,,,1,80,,94670,21,,,1,31,,94657,21,,,1,61,,94662,21,,,1,100,,94659,21,,,1,99,,94661,21,,,1,100,,94663,21,,,1,100,,94664,21,,,1,99,,94656,21,,,1,102,,94673,21,,,1,98,,94674,21,,,1
5400,'20263611',714,,94675,21,,,1,99,,94677,21,,,1,101,,94676,21,,,1,99,,94696,21,,,1,99,,94697,21,,,1,100,,94691,21,,,1,31,,94680,21,,,1,69,,94692,21,,,1,30,,94683,21,,,1,71,,94679,21,,,1,24,,94685,21,,,1,75,,94694,21,,,1,27,,94690,21,,,1,72,,94693,21,,,1,32,,94678,21,,,1,80,,94695,21,,,1,31,,94682,21,,,1,61,,94687,21,,,1,100,,94684,21,,,1,99,,94686,21,,,1,100,,94688,21,,,1,100,,94689,21,,,1,99,,94681,21,,,1,102,,94698,21,,,1,98,,94699,21,,,1
5500,'20263010',705,,94835,17,,,0,106,,94836,17,,,0,93,,94837,17,,,0,100,,94838,17,,,0,99,,94839,17,,,0,33,,94857,17,,,0,70,,94840,17,,,0,34,,94841,17,,,0,100,,94842,17,,,0,92,,94843,17,,,0,69,,94856,17,,,0,35,,94844,17,,,0,77,,94845,17,,,0,27,,94846,17,,,0,73,,94847,17,,,0,31,,94848,17,,,0,72,,94849,17,,,0,43,,94850,17,,,0,90,,94851,17,,,0,100,,94852,17,,,0,102,,94853,17,,,0,102,,94854,17,,,0,100,,94855,17,,,0,98,,94858,17,,,0
5500,'20263510',742,,94859,17,,,0,99,,94860,17,,,0,101,,94861,17,,,0,94,,94862,17,,,0,103,,94863,17,,,0,98,,94864,17,,,0,104,,94865,17,,,0,98,,94866,17,,,0,99,,94867,17,,,0,105,,94868,17,,,0,105,,94869,17,,,0,93,,94870,17,,,0,100,,94871,17,,,0,103,,94872,17,,,0,102,,94873,17,,,0,102,,94874,17,,,0,102,,94875,17,,,0,100,,94876,17,,,0
5500,'20263511',742,,94877,17,,,0,99,,94878,17,,,0,101,,94879,17,,,0,94,,94880,17,,,0,103,,94881,17,,,0,98,,94882,17,,,0,104,,94883,17,,,0,98,,94884,17,,,0,99,,94885,17,,,0,105,,94886,17,,,0,105,,94887,17,,,0,93,,94888,17,,,0,100,,94889,17,,,0,103,,94890,17,,,0,102,,94891,17,,,0,102,,94892,17,,,0,102,,94893,17,,,0,100,,94894,17,,,0
5500,'20263610',742,,94904,17,,,0,99,,94909,17,,,0,101,,94902,17,,,0,94,,94903,17,,,0,103,,94898,17,,,0,98,,94910,17,,,0,104,,94895,17,,,0,98,,94900,17,,,0,99,,94899,17,,,0,105,,94905,17,,,0,105,,94907,17,,,0,93,,94906,17,,,0,100,,94901,17,,,0,103,,94897,17,,,0,102,,94908,17,,,0,102,,94911,17,,,0,102,,94896,17,,,0,100,,94912,17,,,0
5500,'20263611',742,,94922,17,,,0,99,,94927,17,,,0,101,,94920,17,,,0,94,,94921,17,,,0,103,,94916,17,,,0,98,,94928,17,,,0,104,,94913,17,,,0,98,,94918,17,,,0,99,,94917,17,,,0,105,,94923,17,,,0,105,,94925,17,,,0,93,,94924,17,,,0,100,,94919,17,,,0,103,,94915,17,,,0,102,,94926,17,,,0,102,,94929,17,,,0,102,,94914,17,,,0,100,,94930,17,,,0
25400,'20263010',1531,,99585,13,4,,0,72,,99586,13,4,,0,35,,99587,13,4,,0,65,,99588,13,4,,0,28,,99589,13,4,,0,69,,99590,13,4,,0
25500,'20263010',1606,,99597,13,4,,0,34,,99598,13,4,,0,67,,99599,13,4,,0,29,,99600,13,4,,0
35400,'20263010',1236,,99823,10,4,,0,411,,99825,10,4,,0,99,,99824,10,4,,0
35500,'20263010',1651,,99828,10,4,,0,93,,99830,10,4,,0,93,,99829,10,4,,0
55400,'20263010',1613,,100027,8,4,,0,25,,100025,8,4,,0,67,,100024,8,4,,0,48,,100026,8,4,,0
55500,'20263010',1700,,100030,8,4,,0,22,,100031,8,4,,0,36,,100032,8,4,,0
95400,'20263010',2555,,106102,30,,,0,170,,106103,30,,,0
95400,'20263510',2555,,106104,30,,,0,170,,106105,30,,,0
95400,'20263511',2555,,106106,30,,,0,170,,106107,30,,,0
7005400,'20263010',1628,,106142,3,,,0
7005500,'20263010',1628,,106144,3,,,0
