3600,'20263010',801,,93658,85,,,0,30,,93679,85,,,0,70,,93659,85,,,0,99,,93660,85,,,0,100,,93661,85,,,0,100,,93662,85,,,0,100,,93663,85,,,0,100,,93664,85,,,0,101,,93665,85,,,0,102,,93666,85,,,0,33,,93667,85,,,0,69,,93668,85,,,0,26,,93669,85,,,0,69,,93670,85,,,0,30,,93671,85,,,0,70,,93673,85,,,0,58,,93674,85,,,0,100,,93675,85,,,0,100,,93676,85,,,0,98,,93677,85,,,0,100,,93678,85,,,0,99,,93672,85,,,0
3600,'20263510',757,,93682,85,,,0,101,,93683,85,,,0,100,,93684,85,,,0,101,,93685,85,,,0,100,,93686,85,,,0,100,,93687,85,,,0,100,,93688,85,,,0,141,,93689,85,,,0,100,,93690,85,,,0,100,,93691,85,,,0,59,,93692,85,,,0,99,,93693,85,,,0,100,,93695,85,,,0,100,,93680,85,,,0,99,,93696,85,,,0,100,,93681,85,,,0,100,,93694,85,,,0,99,,93697,85,,,0
3600,'20263511',757,,93700,85,,,0,101,,93701,85,,,0,100,,93702,85,,,0,101,,93703,85,,,0,100,,93704,85,,,0,100,,93705,85,,,0,100,,93706,85,,,0,141,,93707,85,,,0,100,,93708,85,,,0,100,,93709,85,,,0,59,,93710,85,,,0,99,,93711,85,,,0,100,,93713,85,,,0,100,,93698,85,,,0,99,,93714,85,,,0,100,,93699,85,,,0,100,,93712,85,,,0,99,,93715,85,,,0
3600,'20263610',757,,93733,85,,,0,101,,93731,85,,,0,100,,93725,85,,,0,101,,93728,85,,,0,100,,93717,85,,,0,100,,93716,85,,,0,100,,93724,85,,,0,141,,93723,85,,,0,100,,93722,85,,,0,100,,93721,85,,,0,59,,93720,85,,,0,99,,93719,85,,,0,100,,93729,85,,,0,100,,93718,85,,,0,99,,93730,85,,,0,100,,93727,85,,,0,100,,93726,85,,,0,99,,93732,85,,,0
3600,'20263611',757,,93751,85,,,0,101,,93749,85,,,0,100,,93743,85,,,0,101,,93746,85,,,0,100,,93735,85,,,0,100,,93734,85,,,0,100,,93742,85,,,0,141,,93741,85,,,0,100,,93740,85,,,0,100,,93739,85,,,0,59,,93738,85,,,0,99,,93737,85,,,0,100,,93747,85,,,0,100,,93736,85,,,0,99,,93748,85,,,0,100,,93745,85,,,0,100,,93744,85,,,0,99,,93750,85,,,0
23600,'20263010',1627,,99523,54,4,,0,74,,99524,54,4,,0,14,,99525,54,4,,0,11,,99526,54,4,,0,26,,99527,54,4,,0,66,,99528,54,4,,0
23800,'20263010',1618,,99548,41,4,,0,33,,99549,41,4,,0,85,,99551,41,4,,0,74,,99550,41,4,,0
33600,'20263010',1708,,99787,52,4,,0,92,,99788,52,4,,0,101,,99789,52,4,,0
33800,'20263010',1253,,99807,42,4,,0,452,,99804,42,4,,0,97,,99806,42,4,,0,99,,99805,42,4,,0
53600,'20263010',1717,,99998,50,4,,0,35,,99999,50,4,,0,64,,100000,50,4,,0
53800,'20263010',1713,,100010,40,4,,0,33,,100009,40,4,,0,68,,100011,40,4,,0
93600,'20263010',2620,,106093,89,,,0
93600,'20263510',2620,,106094,89,,,0
93600,'20263511',2620,,106095,89,,,0
