3100,'20263010',640,,93322,22,,,0,80,,93343,22,,,0,30,,93341,22,,,0,70,,93342,22,,,0,39,,93323,22,,,0,97,,93324,22,,,0,99,,93325,22,,,0,100,,93326,22,,,0,102,,93327,22,,,0,99,,93328,22,,,0,99,,93329,22,,,0,65,,93330,22,,,0,39,,93331,22,,,0,92,,93332,22,,,0,66,,93333,22,,,0,24,,93334,22,,,0,70,,93335,22,,,0,95,,93336,22,,,0,105,,93337,22,,,0,95,,93338,22,,,0,100,,93339,22,,,0,100,,93340,22,,,0,198,,93344,22,,,0
3100,'20263510',739,,93345,22,,,0,202,,93346,22,,,0,200,,93347,22,,,0,200,,93348,22,,,0,201,,93349,22,,,0,200,,93350,22,,,0,202,,93351,22,,,0,202,,93352,22,,,0,198,,93353,22,,,0,158,,93354,22,,,0
3100,'20263511',739,,93355,22,,,0,202,,93356,22,,,0,200,,93357,22,,,0,200,,93358,22,,,0,201,,93359,22,,,0,200,,93360,22,,,0,202,,93361,22,,,0,202,,93362,22,,,0,198,,93363,22,,,0,158,,93364,22,,,0
3100,'20263610',739,,93365,22,,,0,202,,93366,22,,,0,200,,93367,22,,,0,200,,93368,22,,,0,201,,93369,22,,,0,200,,93370,22,,,0,202,,93371,22,,,0,202,,93372,22,,,0,198,,93373,22,,,0,158,,93374,22,,,0
3100,'20263611',739,,93375,22,,,0,202,,93376,22,,,0,200,,93377,22,,,0,200,,93378,22,,,0,201,,93379,22,,,0,200,,93380,22,,,0,202,,93381,22,,,0,202,,93382,22,,,0,198,,93383,22,,,0,158,,93384,22,,,0
3200,'20263010',722,,93464,32,,,0,29,,93465,32,,,0,67,,93449,32,,,0,122,,93450,26,,,0,195,,93451,26,,,0,200,,93452,26,,,0,179,,93453,26,,,0,37,,93454,26,,,0,150,,93463,26,,,0,23,,93455,26,,,0,25,,93456,26,,,0,68,,93457,26,,,0,29,,93458,26,,,0,69,,93459,26,,,0,124,,93460,26,,,0,200,,93461,26,,,0,198,,93462,26,,,0
3200,'20263510',843,,93466,26,,,0,200,,93467,26,,,0,203,,93468,26,,,0,202,,93469,26,,,0,200,,93470,26,,,0,197,,93471,26,,,0,198,,93472,26,,,0,200,,93473,26,,,0,97,,93474,26,,,0
3200,'20263511',843,,93475,26,,,0,200,,93476,26,,,0,203,,93477,26,,,0,202,,93478,26,,,0,200,,93479,26,,,0,197,,93480,26,,,0,198,,93481,26,,,0,200,,93482,26,,,0,97,,93483,26,,,0
3200,'20263610',843,,93484,26,,,0,200,,93485,26,,,0,203,,93486,26,,,0,202,,93487,26,,,0,200,,93488,26,,,0,197,,93489,26,,,0,198,,93490,26,,,0,200,,93491,26,,,0,97,,93492,26,,,0
3200,'20263611',843,,93493,26,,,0,200,,93494,26,,,0,203,,93495,26,,,0,202,,93496,26,,,0,200,,93497,26,,,0,197,,93498,26,,,0,198,,93499,26,,,0,200,,93500,26,,,0,97,,93501,26,,,0
93100,'20263010',2615,,106084,55,,,0,125,,106085,76,,,0
93100,'20263510',2615,,106086,55,,,0,125,,106087,76,,,0
93100,'20263511',2615,,106088,55,,,0,125,,106089,76,,,0
