8000,'20263010',701,,97343,64,,,0,31,,97344,64,,,0,71,,97345,64,,,0,30,,97346,64,,,0,25,,97380,22,,,0,45,,97347,64,,,0,29,,97348,64,,,0,70,,97349,64,,,0,30,,97350,64,,,0,70,,97351,64,,,0,30,,97352,64,,,0,70,,97353,64,,,0,30,,97354,64,,,0,70,,97355,64,,,0,30,,97356,64,,,0,70,,97357,64,,,0,30,,97358,64,,,0,71,,97359,64,,,0,30,,97360,64,,,0,70,,97361,64,,,0,32,,97362,64,,,0,68,,97363,64,,,0,29,,97364,64,,,0,70,,97365,64,,,0,30,,97366,64,,,0,69,,97367,64,,,0,30,,97374,64,,,0,100,,97375,64,,,0,100,,97376,64,,,0,100,,97377,64,,,0,100,,97378,64,,,0,99,,97379,64,,,0,70,,97373,64,,,0
8000,'20263510',700,,97381,64,,,0,30,,97399,64,,,0,71,,97382,64,,,0,30,,97400,64,,,0,70,,97383,64,,,0,30,,97401,64,,,0,70,,97384,64,,,0,30,,97402,64,,,0,70,,97385,64,,,0,30,,97403,64,,,0,70,,97386,64,,,0,30,,97404,64,,,0,71,,97387,64,,,0,30,,97405,64,,,0,70,,97388,64,,,0,30,,97406,64,,,0,70,,97389,64,,,0,30,,97407,64,,,0,70,,97390,64,,,0,30,,97408,64,,,0,70,,97391,64,,,0,30,,97409,64,,,0,70,,97392,64,,,0,29,,97410,64,,,0,70,,97393,64,,,0,30,,97411,64,,,0,70,,97394,64,,,0,100,,97395,64,,,0,100,,97396,64,,,0,99,,97397,64,,,0,100,,97398,64,,,0,100,,97416,64,,,0
8000,'20263511',700,,97418,64,,,0,30,,97436,64,,,0,71,,97419,64,,,0,30,,97437,64,,,0,70,,97420,64,,,0,30,,97438,64,,,0,70,,97421,64,,,0,30,,97439,64,,,0,70,,97422,64,,,0,30,,97440,64,,,0,70,,97423,64,,,0,30,,97441,64,,,0,71,,97424,64,,,0,30,,97442,64,,,0,70,,97425,64,,,0,30,,97443,64,,,0,70,,97426,64,,,0,30,,97444,64,,,0,70,,97427,64,,,0,30,,97445,64,,,0,70,,97428,64,,,0,30,,97446,64,,,0,70,,97429,64,,,0,29,,97447,64,,,0,70,,97430,64,,,0,30,,97448,64,,,0,70,,97431,64,,,0,100,,97432,64,,,0,100,,97433,64,,,0,99,,97434,64,,,0,100,,97435,64,,,0,100,,97453,64,,,0
8000,'20263610',700,,97455,64,,,0,30,,97473,64,,,0,71,,97456,64,,,0,30,,97474,64,,,0,70,,97457,64,,,0,30,,97475,64,,,0,70,,97458,64,,,0,30,,97476,64,,,0,70,,97459,64,,,0,30,,97477,64,,,0,70,,97460,64,,,0,30,,97478,64,,,0,71,,97461,64,,,0,30,,97479,64,,,0,70,,97462,64,,,0,30,,97481,64,,,0,70,,97463,64,,,0,30,,97482,64,,,0,70,,97464,64,,,0,30,,97483,64,,,0,70,,97465,64,,,0,30,,97480,64,,,0,70,,97466,64,,,0,29,,97484,64,,,0,70,,97467,64,,,0,30,,97485,64,,,0,70,,97468,64,,,0,100,,97469,64,,,0,100,,97470,64,,,0,99,,97471,64,,,0,100,,97472,64,,,0,100,,97491,64,,,0
8000,'20263611',700,,97492,64,,,0,30,,97510,64,,,0,71,,97493,64,,,0,30,,97511,64,,,0,70,,97494,64,,,0,30,,97512,64,,,0,70,,97495,64,,,0,30,,97513,64,,,0,70,,97496,64,,,0,30,,97514,64,,,0,70,,97497,64,,,0,30,,97515,64,,,0,71,,97498,64,,,0,30,,97516,64,,,0,70,,97499,64,,,0,30,,97518,64,,,0,70,,97500,64,,,0,30,,97519,64,,,0,70,,97501,64,,,0,30,,97520,64,,,0,70,,97502,64,,,0,30,,97517,64,,,0,70,,97503,64,,,0,29,,97521,64,,,0,70,,97504,64,,,0,30,,97522,64,,,0,70,,97505,64,,,0,100,,97506,64,,,0,100,,97507,64,,,0,99,,97508,64,,,0,100,,97509,64,,,0,100,,97528,64,,,0
28000,'20263010',1609,,99678,25,4,,0,37,,99677,25,4,,0,9,,99673,25,4,,0,58,,99674,25,4,,0,37,,99675,25,4,,0,67,,99676,25,4,,0
38000,'20263010',1236,,99869,40,4,,0,411,,99866,40,4,,0,107,,99867,40,4,,0,102,,99868,40,4,,0
58000,'20263010',1620,,100064,38,4,,0,81,,100063,38,4,,0,20,,100062,38,4,,0,35,,100065,38,4,,0
98000,'20263010',2609,,106111,65,,,0
98000,'20263510',2609,,106112,65,,,0
98000,'20263511',2609,,106113,65,,,0
