5200,'20263010',635,,94199,8,,,0,70,,94200,8,,,0,32,,94201,8,,,0,75,,94202,8,,,0,29,,94203,8,,,0,66,,94221,8,,,0,29,,94204,8,,,0,99,,94205,8,,,0,100,,94206,8,,,0,101,,94207,8,,,0,100,,94208,8,,,0,101,,94209,8,,,0,70,,94222,8,,,0,31,,94210,8,,,0,71,,94220,8,,,0,30,,94211,8,,,0,72,,94212,8,,,0,28,,94213,8,,,0,97,,94214,8,,,0,99,,94215,8,,,0,99,,94216,8,,,0,100,,94217,8,,,0,100,,94218,8,,,0,100,,94219,8,,,0
5200,'20263510',733,,94223,8,,,0,101,,94224,8,,,0,100,,94225,8,,,0,100,,94226,8,,,0,100,,94227,8,,,0,100,,94228,8,,,0,105,,94229,8,,,0,95,,94230,8,,,0,105,,94231,8,,,0,95,,94232,8,,,0,100,,94233,8,,,0,100,,94237,8,,,0,100,,94234,8,,,0,99,,94238,8,,,0,100,,94235,8,,,0,100,,94239,8,,,0,100,,94236,8,,,0
5200,'20263511',733,,94240,8,,,0,101,,94241,8,,,0,100,,94242,8,,,0,100,,94243,8,,,0,100,,94244,8,,,0,100,,94245,8,,,0,105,,94246,8,,,0,95,,94247,8,,,0,105,,94248,8,,,0,95,,94249,8,,,0,100,,94250,8,,,0,100,,94254,8,,,0,100,,94251,8,,,0,99,,94255,8,,,0,100,,94252,8,,,0,100,,94256,8,,,0,100,,94253,8,,,0
5200,'20263610',733,,94272,8,,,0,101,,94271,8,,,0,100,,94270,8,,,0,100,,94273,8,,,0,100,,94265,8,,,0,100,,94264,8,,,0,105,,94266,8,,,0,95,,94260,8,,,0,105,,94261,8,,,0,95,,94259,8,,,0,100,,94262,8,,,0,100,,94268,8,,,0,100,,94267,8,,,0,99,,94258,8,,,0,100,,94257,8,,,0,100,,94269,8,,,0,100,,94263,8,,,0
5200,'20263611',733,,94289,8,,,0,101,,94288,8,,,0,100,,94287,8,,,0,100,,94290,8,,,0,100,,94282,8,,,0,100,,94281,8,,,0,105,,94283,8,,,0,95,,94277,8,,,0,105,,94278,8,,,0,95,,94276,8,,,0,100,,94279,8,,,0,100,,94285,8,,,0,100,,94284,8,,,0,99,,94275,8,,,0,100,,94274,8,,,0,100,,94286,8,,,0,100,,94280,8,,,0
35001,'20263010',640,,99817,40,,,0,17,,99818,40,,,0,73,,99821,40,,,0,74,,99822,40,,,0,114,,99819,40,,,0,200,,99820,40,,,0
55001,'20263010',627,,100021,40,,,0,28,,100020,40,,,0,66,,100022,40,,,0,112,,100023,40,,,0
80303,'20263010',530,,102949,2,,,1,15,,102950,2,,,1,55,,102951,2,,,1,13,,102952,2,,,1,12,,102953,2,,,1,11,,102954,2,,,1,12,,102956,2,,,1,52,,102958,2,,,1,11,,102960,2,,,1,10,,103038,2,,,1,8,,102962,2,,,1,9,,103037,2,,,1,7,,102965,2,,,1,8,,102966,2,,,1,49,,103036,2,,,1,8,,102969,2,,,1,9,,102971,2,,,1,8,,103035,2,,,1,11,,102974,2,,,1,10,,103046,2,,,1,10,,102976,2,,,1,50,,103039,2,,,1,10,,103034,2,,,1,10,,102978,2,,,1,12,,102980,2,,,1,12,,102983,2,,,1,52,,102984,2,,,1,11,,103033,2,,,1,12,,102987,2,,,1,12,,102989,2,,,1,12,,102992,2,,,1,52,,102994,2,,,1,12,,103045,2,,,1,12,,103032,2,,,1,13,,102996,2,,,1,13,,103031,2,,,1,52,,102999,2,,,1,12,,103000,2,,,1,11,,103030,2,,,1,12,,103003,2,,,1,12,,103001,2,,,1,52,,103029,2,,,1,12,,103008,2,,,1,12,,103028,2,,,1,12,,103011,2,,,1,12,,103013,2,,,1,51,,103015,2,,,1,13,,103017,2,,,1,12,,103027,2,,,1,10,,102955,2,,,1,12,,103026,2,,,1,50,,102972,2,,,1,10,,103025,2,,,1,9,,102981,2,,,1,10,,102986,2,,,1,9,,102993,2,,,1,9,,103024,2,,,1,9,,103002,2,,,1,50,,103007,2,,,1,10,,103023,2,,,1,10,,103019,2,,,1,11,,102968,2,,,1,10,,103022,2,,,1,11,,102963,2,,,1,51,,103010,2,,,1,11,,103020,2,,,1,11,,103016,2,,,1,10,,103005,2,,,1,11,,103040,2,,,1,52,,103021,2,,,1,12,,102990,2,,,1,13,,102975,2,,,1,14,,103041,2,,,1,15,,102957,2,,,1,56,,103018,2,,,1,13,,103014,2,,,1,15,,103012,2,,,1,15,,103009,2,,,1,55,,103006,2,,,1,15,,103004,2,,,1,15,,102998,2,,,1,16,,102997,2,,,1,55,,102995,2,,,1,15,,102991,2,,,1,15,,102988,2,,,1,15,,102985,2,,,1,55,,102982,2,,,1,16,,102979,2,,,1,15,,102977,2,,,1,56,,102973,2,,,1,15,,102970,2,,,1,15,,102967,2,,,1,16,,102964,2,,,1,55,,102961,2,,,1,15,,102959,2,,,1,16,,103042,2,,,1,16,,103043,2,,,1,55,,103044,2,,,1
80303,'20263510',535,,103047,2,,,1,15,,103048,2,,,1,53,,103052,2,,,1,15,,103110,2,,,1,14,,103050,2,,,1,14,,103049,2,,,1,54,,103051,2,,,1,15,,103111,2,,,1,16,,103062,2,,,1,16,,103058,2,,,1,55,,103056,2,,,1,15,,103112,2,,,1,15,,103055,2,,,1,15,,103053,2,,,1,54,,103113,2,,,1,14,,103054,2,,,1,15,,103063,2,,,1,15,,103064,2,,,1,55,,103060,2,,,1,15,,103061,2,,,1,15,,103057,2,,,1,15,,103059,2,,,1,55,,103103,2,,,1,15,,103101,2,,,1,15,,103106,2,,,1,15,,103102,2,,,1,58,,103068,2,,,1,14,,103072,2,,,1,16,,103070,2,,,1,13,,103088,2,,,1,55,,103093,2,,,1,14,,103094,2,,,1,17,,103091,2,,,1,15,,103089,2,,,1,54,,103083,2,,,1,15,,103097,2,,,1,16,,103084,2,,,1,13,,103096,2,,,1,56,,103099,2,,,1,16,,103098,2,,,1,16,,103077,2,,,1,14,,103108,2,,,1,55,,103092,2,,,1,16,,103071,2,,,1,15,,103073,2,,,1,13,,103090,2,,,1,56,,103095,2,,,1,15,,103080,2,,,1,15,,103079,2,,,1,16,,103082,2,,,1,55,,103081,2,,,1,15,,103086,2,,,1,16,,103087,2,,,1,15,,103114,2,,,1,55,,103105,2,,,1,14,,103074,2,,,1,16,,103075,2,,,1,15,,103115,2,,,1,55,,103065,2,,,1,15,,103067,2,,,1,16,,103117,2,,,1,15,,103104,2,,,1,55,,103118,2,,,1,15,,103066,2,,,1,15,,103119,2,,,1,15,,103100,2,,,1,55,,103116,2,,,1,16,,103078,2,,,1,15,,103120,2,,,1,15,,103076,2,,,1,56,,103121,2,,,1,15,,103107,2,,,1,16,,103122,2,,,1,15,,103069,2,,,1,55,,103123,2,,,1,16,,103085,2,,,1,15,,103109,2,,,1
80303,'20263511',535,,103124,2,,,1,15,,103125,2,,,1,53,,103129,2,,,1,15,,103187,2,,,1,14,,103127,2,,,1,14,,103126,2,,,1,54,,103128,2,,,1,15,,103188,2,,,1,16,,103139,2,,,1,16,,103135,2,,,1,55,,103133,2,,,1,15,,103189,2,,,1,15,,103132,2,,,1,15,,103130,2,,,1,54,,103190,2,,,1,14,,103131,2,,,1,15,,103140,2,,,1,15,,103141,2,,,1,55,,103137,2,,,1,15,,103138,2,,,1,15,,103134,2,,,1,15,,103136,2,,,1,55,,103180,2,,,1,15,,103178,2,,,1,15,,103183,2,,,1,15,,103179,2,,,1,58,,103145,2,,,1,14,,103149,2,,,1,16,,103147,2,,,1,13,,103165,2,,,1,55,,103170,2,,,1,14,,103171,2,,,1,17,,103168,2,,,1,15,,103166,2,,,1,54,,103160,2,,,1,15,,103174,2,,,1,16,,103161,2,,,1,13,,103173,2,,,1,56,,103176,2,,,1,16,,103175,2,,,1,16,,103154,2,,,1,14,,103185,2,,,1,55,,103169,2,,,1,16,,103148,2,,,1,15,,103150,2,,,1,13,,103167,2,,,1,56,,103172,2,,,1,15,,103157,2,,,1,15,,103156,2,,,1,16,,103159,2,,,1,55,,103158,2,,,1,15,,103163,2,,,1,16,,103164,2,,,1,15,,103191,2,,,1,55,,103182,2,,,1,14,,103151,2,,,1,16,,103152,2,,,1,15,,103192,2,,,1,55,,103142,2,,,1,15,,103144,2,,,1,16,,103194,2,,,1,15,,103181,2,,,1,55,,103195,2,,,1,15,,103143,2,,,1,15,,103196,2,,,1,15,,103177,2,,,1,55,,103193,2,,,1,16,,103155,2,,,1,15,,103197,2,,,1,15,,103153,2,,,1,56,,103198,2,,,1,15,,103184,2,,,1,16,,103199,2,,,1,15,,103146,2,,,1,55,,103200,2,,,1,16,,103162,2,,,1,15,,103186,2,,,1
80303,'20263610',535,,103277,2,,,1,15,,103274,2,,,1,53,,103272,2,,,1,15,,103210,2,,,1,14,,103270,2,,,1,14,,103269,2,,,1,54,,103273,2,,,1,15,,103206,2,,,1,16,,103261,2,,,1,16,,103266,2,,,1,55,,103276,2,,,1,15,,103213,2,,,1,15,,103271,2,,,1,15,,103275,2,,,1,54,,103211,2,,,1,14,,103268,2,,,1,15,,103248,2,,,1,15,,103254,2,,,1,55,,103264,2,,,1,15,,103255,2,,,1,15,,103265,2,,,1,15,,103263,2,,,1,55,,103246,2,,,1,15,,103240,2,,,1,15,,103244,2,,,1,15,,103241,2,,,1,58,,103257,2,,,1,14,,103253,2,,,1,16,,103251,2,,,1,13,,103222,2,,,1,55,,103220,2,,,1,14,,103235,2,,,1,17,,103233,2,,,1,15,,103231,2,,,1,54,,103225,2,,,1,15,,103238,2,,,1,16,,103227,2,,,1,13,,103237,2,,,1,56,,103239,2,,,1,16,,103230,2,,,1,16,,103217,2,,,1,14,,103247,2,,,1,55,,103234,2,,,1,16,,103250,2,,,1,15,,103258,2,,,1,13,,103216,2,,,1,56,,103236,2,,,1,15,,103232,2,,,1,15,,103219,2,,,1,16,,103226,2,,,1,55,,103223,2,,,1,15,,103228,2,,,1,16,,103224,2,,,1,15,,103209,2,,,1,55,,103243,2,,,1,14,,103259,2,,,1,16,,103260,2,,,1,15,,103202,2,,,1,55,,103256,2,,,1,15,,103252,2,,,1,16,,103215,2,,,1,15,,103242,2,,,1,55,,103204,2,,,1,15,,103267,2,,,1,15,,103214,2,,,1,15,,103229,2,,,1,55,,103203,2,,,1,16,,103218,2,,,1,15,,103205,2,,,1,15,,103262,2,,,1,56,,103208,2,,,1,15,,103245,2,,,1,16,,103207,2,,,1,15,,103249,2,,,1,55,,103212,2,,,1,16,,103221,2,,,1,15,,103201,2,,,1
80303,'20263611',535,,103354,2,,,1,15,,103351,2,,,1,53,,103349,2,,,1,15,,103287,2,,,1,14,,103347,2,,,1,14,,103346,2,,,1,54,,103350,2,,,1,15,,103283,2,,,1,16,,103338,2,,,1,16,,103343,2,,,1,55,,103353,2,,,1,15,,103290,2,,,1,15,,103348,2,,,1,15,,103352,2,,,1,54,,103288,2,,,1,14,,103345,2,,,1,15,,103325,2,,,1,15,,103331,2,,,1,55,,103341,2,,,1,15,,103332,2,,,1,15,,103342,2,,,1,15,,103340,2,,,1,55,,103323,2,,,1,15,,103317,2,,,1,15,,103321,2,,,1,15,,103318,2,,,1,58,,103334,2,,,1,14,,103330,2,,,1,16,,103328,2,,,1,13,,103299,2,,,1,55,,103297,2,,,1,14,,103312,2,,,1,17,,103310,2,,,1,15,,103308,2,,,1,54,,103302,2,,,1,15,,103315,2,,,1,16,,103304,2,,,1,13,,103314,2,,,1,56,,103316,2,,,1,16,,103307,2,,,1,16,,103294,2,,,1,14,,103324,2,,,1,55,,103311,2,,,1,16,,103327,2,,,1,15,,103335,2,,,1,13,,103293,2,,,1,56,,103313,2,,,1,15,,103309,2,,,1,15,,103296,2,,,1,16,,103303,2,,,1,55,,103300,2,,,1,15,,103305,2,,,1,16,,103301,2,,,1,15,,103286,2,,,1,55,,103320,2,,,1,14,,103336,2,,,1,16,,103337,2,,,1,15,,103279,2,,,1,55,,103333,2,,,1,15,,103329,2,,,1,16,,103292,2,,,1,15,,103319,2,,,1,55,,103281,2,,,1,15,,103344,2,,,1,15,,103291,2,,,1,15,,103306,2,,,1,55,,103280,2,,,1,16,,103295,2,,,1,15,,103282,2,,,1,15,,103339,2,,,1,56,,103285,2,,,1,15,,103322,2,,,1,16,,103284,2,,,1,15,,103326,2,,,1,55,,103289,2,,,1,16,,103298,2,,,1,15,,103278,2,,,1
1000300,'20263010',821,,106132,22,,,0
