8200,'20263010',630,,97909,30,,,0,78,,97892,30,,,0,37,,97913,30,,,0,72,,97899,30,,,0,33,,97908,30,,,0,108,,97900,30,,,0,86,,97907,30,,,0,100,,97901,30,,,0,99,,97893,30,,,0,99,,97902,30,,,0,93,,97906,30,,,0,98,,97903,30,,,0,93,,97894,30,,,0,29,,97895,30,,,0,70,,97896,30,,,0,29,,97897,30,,,0,99,,97904,30,,,0,74,,97905,30,,,0,99,,97911,30,,,0,102,,97910,30,,,0,100,,97912,30,,,0,100,,97898,30,,,0
8200,'20263510',657,,97928,30,,,0,100,,97914,30,,,0,100,,97918,30,,,0,100,,97919,30,,,0,100,,97926,30,,,0,100,,97920,30,,,0,99,,97915,30,,,0,100,,97921,30,,,0,100,,97927,30,,,0,100,,97922,30,,,0,100,,97930,30,,,0,100,,97916,30,,,0,102,,97923,30,,,0,100,,97925,30,,,0,100,,97929,30,,,0,100,,97924,30,,,0,170,,97917,30,,,0
8200,'20263511',657,,97945,30,,,0,100,,97931,30,,,0,100,,97935,30,,,0,100,,97936,30,,,0,100,,97943,30,,,0,100,,97937,30,,,0,99,,97932,30,,,0,100,,97938,30,,,0,100,,97944,30,,,0,100,,97939,30,,,0,100,,97947,30,,,0,100,,97933,30,,,0,102,,97940,30,,,0,100,,97942,30,,,0,100,,97946,30,,,0,100,,97941,30,,,0,170,,97934,30,,,0
8200,'20263610',657,,97960,30,,,0,100,,97961,30,,,0,100,,97957,30,,,0,100,,97962,30,,,0,100,,97956,30,,,0,100,,97958,30,,,0,99,,97951,30,,,0,100,,97948,30,,,0,100,,97954,30,,,0,100,,97955,30,,,0,100,,97964,30,,,0,100,,97952,30,,,0,102,,97949,30,,,0,100,,97959,30,,,0,100,,97963,30,,,0,100,,97950,30,,,0,170,,97953,30,,,0
8200,'20263611',657,,97977,30,,,0,100,,97978,30,,,0,100,,97974,30,,,0,100,,97979,30,,,0,100,,97973,30,,,0,100,,97975,30,,,0,99,,97968,30,,,0,100,,97965,30,,,0,100,,97971,30,,,0,100,,97972,30,,,0,100,,97981,30,,,0,100,,97969,30,,,0,102,,97966,30,,,0,100,,97976,30,,,0,100,,97980,30,,,0,100,,97967,30,,,0,170,,97970,30,,,0
18501,'20263010',659,,99510,14,,,0,64,,99511,14,,,0,79,,99512,14,,,0,27,,99514,14,,,0,921,,99513,2,,,0
38201,'20263010',637,,99888,51,,,0,12,,99892,51,,,0,54,,99891,51,,,0,12,,99889,51,,,0,28,,99893,51,,,0,175,,99890,51,,,0,200,,99887,51,,,0
58201,'20263010',641,,100082,51,,,0,12,,100080,51,,,0,62,,100083,51,,,0,16,,100081,51,,,0,15,,100084,51,,,0
80303,'20263010',552,,102949,24,,,1,55,,102950,24,,,1,15,,102951,24,,,1,14,,102952,24,,,1,13,,102953,24,,,1,52,,102954,24,,,1,13,,102956,24,,,1,12,,102958,24,,,1,11,,102960,24,,,1,10,,103038,24,,,1,9,,102962,24,,,1,49,,103037,24,,,1,7,,102965,24,,,1,8,,102966,24,,,1,9,,103036,24,,,1,7,,102969,24,,,1,9,,102971,24,,,1,8,,103035,24,,,1,50,,102974,24,,,1,10,,103046,24,,,1,9,,102976,24,,,1,10,,103039,24,,,1,10,,103034,24,,,1,10,,102978,24,,,1,52,,102980,24,,,1,12,,102983,24,,,1,12,,102984,24,,,1,12,,103033,24,,,1,12,,102987,24,,,1,52,,102989,24,,,1,12,,102992,24,,,1,12,,102994,24,,,1,12,,103045,24,,,1,12,,103032,24,,,1,54,,102996,24,,,1,13,,103031,24,,,1,12,,102999,24,,,1,12,,103000,24,,,1,11,,103030,24,,,1,52,,103003,24,,,1,12,,103001,24,,,1,12,,103029,24,,,1,12,,103008,24,,,1,12,,103028,24,,,1,52,,103011,24,,,1,12,,103013,24,,,1,11,,103015,24,,,1,13,,103017,24,,,1,12,,103027,24,,,1,51,,102955,24,,,1,12,,103026,24,,,1,11,,102972,24,,,1,10,,103025,24,,,1,10,,102981,24,,,1,10,,102986,24,,,1,49,,102993,24,,,1,11,,103024,24,,,1,9,,103002,24,,,1,11,,103007,24,,,1,10,,103023,24,,,1,10,,103019,24,,,1,51,,102968,24,,,1,9,,103022,24,,,1,11,,102963,24,,,1,9,,103010,24,,,1,9,,103020,24,,,1,11,,103016,24,,,1,49,,103005,24,,,1,10,,103040,24,,,1,11,,103021,24,,,1,12,,102990,24,,,1,12,,102975,24,,,1,54,,103041,24,,,1,14,,102957,24,,,1,16,,103018,24,,,1,13,,103014,24,,,1,55,,103012,24,,,1,15,,103009,24,,,1,15,,103006,24,,,1,15,,103004,24,,,1,55,,102998,24,,,1,15,,102997,24,,,1,15,,102995,24,,,1,15,,102991,24,,,1,55,,102988,24,,,1,15,,102985,24,,,1,15,,102982,24,,,1,15,,102979,24,,,1,55,,102977,24,,,1,15,,102973,24,,,1,15,,102970,24,,,1,15,,102967,24,,,1,55,,102964,24,,,1,15,,102961,24,,,1,15,,102959,24,,,1,15,,103042,24,,,1,56,,103043,24,,,1,15,,103044,24,,,1
80303,'20263510',554,,103047,24,,,1,55,,103048,24,,,1,14,,103052,24,,,1,15,,103110,24,,,1,14,,103050,24,,,1,54,,103049,24,,,1,15,,103051,24,,,1,15,,103111,24,,,1,16,,103062,24,,,1,56,,103058,24,,,1,16,,103056,24,,,1,15,,103112,24,,,1,15,,103055,24,,,1,55,,103053,24,,,1,15,,103113,24,,,1,15,,103054,24,,,1,15,,103063,24,,,1,55,,103064,24,,,1,15,,103060,24,,,1,15,,103061,24,,,1,15,,103057,24,,,1,55,,103059,24,,,1,15,,103103,24,,,1,16,,103101,24,,,1,15,,103106,24,,,1,55,,103102,24,,,1,18,,103068,24,,,1,15,,103072,24,,,1,16,,103070,24,,,1,53,,103088,24,,,1,15,,103093,24,,,1,14,,103094,24,,,1,17,,103091,24,,,1,55,,103089,24,,,1,14,,103083,24,,,1,15,,103097,24,,,1,16,,103084,24,,,1,53,,103096,24,,,1,16,,103099,24,,,1,16,,103098,24,,,1,16,,103077,24,,,1,54,,103108,24,,,1,15,,103092,24,,,1,16,,103071,24,,,1,15,,103073,24,,,1,53,,103090,24,,,1,15,,103095,24,,,1,15,,103080,24,,,1,14,,103079,24,,,1,56,,103082,24,,,1,14,,103081,24,,,1,15,,103086,24,,,1,15,,103087,24,,,1,55,,103114,24,,,1,15,,103105,24,,,1,14,,103074,24,,,1,15,,103075,24,,,1,55,,103115,24,,,1,15,,103065,24,,,1,15,,103067,24,,,1,15,,103117,24,,,1,55,,103104,24,,,1,15,,103118,24,,,1,15,,103066,24,,,1,15,,103119,24,,,1,55,,103100,24,,,1,15,,103116,24,,,1,15,,103078,24,,,1,15,,103120,24,,,1,55,,103076,24,,,1,16,,103121,24,,,1,15,,103107,24,,,1,15,,103122,24,,,1,55,,103069,24,,,1,15,,103123,24,,,1,15,,103085,24,,,1,15,,103109,24,,,1
80303,'20263511',554,,103124,24,,,1,55,,103125,24,,,1,14,,103129,24,,,1,15,,103187,24,,,1,14,,103127,24,,,1,54,,103126,24,,,1,15,,103128,24,,,1,15,,103188,24,,,1,16,,103139,24,,,1,56,,103135,24,,,1,16,,103133,24,,,1,15,,103189,24,,,1,15,,103132,24,,,1,55,,103130,24,,,1,15,,103190,24,,,1,15,,103131,24,,,1,15,,103140,24,,,1,55,,103141,24,,,1,15,,103137,24,,,1,15,,103138,24,,,1,15,,103134,24,,,1,55,,103136,24,,,1,15,,103180,24,,,1,16,,103178,24,,,1,15,,103183,24,,,1,55,,103179,24,,,1,18,,103145,24,,,1,15,,103149,24,,,1,16,,103147,24,,,1,53,,103165,24,,,1,15,,103170,24,,,1,14,,103171,24,,,1,17,,103168,24,,,1,55,,103166,24,,,1,14,,103160,24,,,1,15,,103174,24,,,1,16,,103161,24,,,1,53,,103173,24,,,1,16,,103176,24,,,1,16,,103175,24,,,1,16,,103154,24,,,1,54,,103185,24,,,1,15,,103169,24,,,1,16,,103148,24,,,1,15,,103150,24,,,1,53,,103167,24,,,1,15,,103172,24,,,1,15,,103157,24,,,1,14,,103156,24,,,1,56,,103159,24,,,1,14,,103158,24,,,1,15,,103163,24,,,1,15,,103164,24,,,1,55,,103191,24,,,1,15,,103182,24,,,1,14,,103151,24,,,1,15,,103152,24,,,1,55,,103192,24,,,1,15,,103142,24,,,1,15,,103144,24,,,1,15,,103194,24,,,1,55,,103181,24,,,1,15,,103195,24,,,1,15,,103143,24,,,1,15,,103196,24,,,1,55,,103177,24,,,1,15,,103193,24,,,1,15,,103155,24,,,1,15,,103197,24,,,1,55,,103153,24,,,1,16,,103198,24,,,1,15,,103184,24,,,1,15,,103199,24,,,1,55,,103146,24,,,1,15,,103200,24,,,1,15,,103162,24,,,1,15,,103186,24,,,1
80303,'20263610',554,,103277,24,,,1,55,,103274,24,,,1,14,,103272,24,,,1,15,,103210,24,,,1,14,,103270,24,,,1,54,,103269,24,,,1,15,,103273,24,,,1,15,,103206,24,,,1,16,,103261,24,,,1,56,,103266,24,,,1,16,,103276,24,,,1,15,,103213,24,,,1,15,,103271,24,,,1,55,,103275,24,,,1,15,,103211,24,,,1,15,,103268,24,,,1,15,,103248,24,,,1,55,,103254,24,,,1,15,,103264,24,,,1,15,,103255,24,,,1,15,,103265,24,,,1,55,,103263,24,,,1,15,,103246,24,,,1,16,,103240,24,,,1,15,,103244,24,,,1,55,,103241,24,,,1,18,,103257,24,,,1,15,,103253,24,,,1,16,,103251,24,,,1,53,,103222,24,,,1,15,,103220,24,,,1,14,,103235,24,,,1,17,,103233,24,,,1,55,,103231,24,,,1,14,,103225,24,,,1,15,,103238,24,,,1,16,,103227,24,,,1,53,,103237,24,,,1,16,,103239,24,,,1,16,,103230,24,,,1,16,,103217,24,,,1,54,,103247,24,,,1,15,,103234,24,,,1,16,,103250,24,,,1,15,,103258,24,,,1,53,,103216,24,,,1,15,,103236,24,,,1,15,,103232,24,,,1,14,,103219,24,,,1,56,,103226,24,,,1,14,,103223,24,,,1,15,,103228,24,,,1,15,,103224,24,,,1,55,,103209,24,,,1,15,,103243,24,,,1,14,,103259,24,,,1,15,,103260,24,,,1,55,,103202,24,,,1,15,,103256,24,,,1,15,,103252,24,,,1,15,,103215,24,,,1,55,,103242,24,,,1,15,,103204,24,,,1,15,,103267,24,,,1,15,,103214,24,,,1,55,,103229,24,,,1,15,,103203,24,,,1,15,,103218,24,,,1,15,,103205,24,,,1,55,,103262,24,,,1,16,,103208,24,,,1,15,,103245,24,,,1,15,,103207,24,,,1,55,,103249,24,,,1,15,,103212,24,,,1,15,,103221,24,,,1,15,,103201,24,,,1
80303,'20263611',554,,103354,24,,,1,55,,103351,24,,,1,14,,103349,24,,,1,15,,103287,24,,,1,14,,103347,24,,,1,54,,103346,24,,,1,15,,103350,24,,,1,15,,103283,24,,,1,16,,103338,24,,,1,56,,103343,24,,,1,16,,103353,24,,,1,15,,103290,24,,,1,15,,103348,24,,,1,55,,103352,24,,,1,15,,103288,24,,,1,15,,103345,24,,,1,15,,103325,24,,,1,55,,103331,24,,,1,15,,103341,24,,,1,15,,103332,24,,,1,15,,103342,24,,,1,55,,103340,24,,,1,15,,103323,24,,,1,16,,103317,24,,,1,15,,103321,24,,,1,55,,103318,24,,,1,18,,103334,24,,,1,15,,103330,24,,,1,16,,103328,24,,,1,53,,103299,24,,,1,15,,103297,24,,,1,14,,103312,24,,,1,17,,103310,24,,,1,55,,103308,24,,,1,14,,103302,24,,,1,15,,103315,24,,,1,16,,103304,24,,,1,53,,103314,24,,,1,16,,103316,24,,,1,16,,103307,24,,,1,16,,103294,24,,,1,54,,103324,24,,,1,15,,103311,24,,,1,16,,103327,24,,,1,15,,103335,24,,,1,53,,103293,24,,,1,15,,103313,24,,,1,15,,103309,24,,,1,14,,103296,24,,,1,56,,103303,24,,,1,14,,103300,24,,,1,15,,103305,24,,,1,15,,103301,24,,,1,55,,103286,24,,,1,15,,103320,24,,,1,14,,103336,24,,,1,15,,103337,24,,,1,55,,103279,24,,,1,15,,103333,24,,,1,15,,103329,24,,,1,15,,103292,24,,,1,55,,103319,24,,,1,15,,103281,24,,,1,15,,103344,24,,,1,15,,103291,24,,,1,55,,103306,24,,,1,15,,103280,24,,,1,15,,103295,24,,,1,15,,103282,24,,,1,55,,103339,24,,,1,16,,103285,24,,,1,15,,103322,24,,,1,15,,103284,24,,,1,55,,103326,24,,,1,15,,103289,24,,,1,15,,103298,24,,,1,15,,103278,24,,,1
98200,'20263010',2555,,106114,34,,,0
98200,'20263510',2555,,106115,34,,,0
98200,'20263511',2555,,106116,34,,,0
