80002,'20263010',547,,100202,4,,,1,54,,100118,4,,,1,14,,100119,4,,,1,10,,100120,4,,,1,8,,100121,4,,,1,11,,100122,4,,,1,10,,100123,4,,,1,49,,100124,4,,,1,10,,100203,4,,,1,10,,100125,4,,,1,9,,100206,4,,,1,10,,100126,4,,,1,11,,100127,4,,,1,49,,100128,4,,,1,10,,100129,4,,,1,10,,100130,4,,,1,10,,100131,4,,,1,11,,100132,4,,,1,13,,100133,4,,,1,54,,100134,4,,,1,15,,100135,4,,,1,15,,100136,4,,,1,15,,100137,4,,,1,55,,100138,4,,,1,15,,100139,4,,,1,15,,100140,4,,,1,15,,100141,4,,,1,55,,100142,4,,,1,15,,100143,4,,,1,15,,100144,4,,,1,15,,100145,4,,,1,54,,100146,4,,,1,15,,100147,4,,,1,15,,100148,4,,,1,15,,100149,4,,,1,54,,100150,4,,,1,16,,100151,4,,,1,15,,100152,4,,,1,16,,100153,4,,,1,55,,100154,4,,,1,14,,100155,4,,,1,16,,100156,4,,,1,11,,100157,4,,,1,51,,100158,4,,,1,9,,100159,4,,,1,10,,100160,4,,,1,10,,100209,4,,,1,11,,100161,4,,,1,10,,100163,4,,,1,50,,100162,4,,,1,9,,100204,4,,,1,10,,100164,4,,,1,11,,100165,4,,,1,9,,100166,4,,,1,10,,100167,4,,,1,50,,100168,4,,,1,10,,100169,4,,,1,10,,100170,4,,,1,10,,100171,4,,,1,11,,100207,4,,,1,14,,100172,4,,,1,56,,100173,4,,,1,15,,100174,4,,,1,14,,100175,4,,,1,16,,100176,4,,,1,55,,100177,4,,,1,15,,100178,4,,,1,15,,100179,4,,,1,15,,100180,4,,,1,56,,100181,4,,,1,15,,100182,4,,,1,15,,100183,4,,,1,15,,100184,4,,,1,55,,100185,4,,,1,15,,100186,4,,,1,15,,100187,4,,,1,15,,100188,4,,,1,55,,100189,4,,,1,14,,100190,4,,,1,15,,100191,4,,,1,14,,100192,4,,,1,55,,100193,4,,,1,15,,100194,4,,,1,13,,100195,4,,,1,15,,100196,4,,,1,56,,100197,4,,,1,16,,100198,4,,,1,15,,100199,4,,,1,15,,100200,4,,,1,57,,100201,4,,,1,17,,100205,4,,,1,18,,100208,4,,,1
80002,'20263511',601,,100369,4,,,1,15,,100291,4,,,1,15,,100292,4,,,1,15,,100293,4,,,1,55,,100294,4,,,1,16,,100295,4,,,1,14,,100296,4,,,1,14,,100297,4,,,1,55,,100298,4,,,1,15,,100299,4,,,1,14,,100300,4,,,1,14,,100301,4,,,1,15,,100302,4,,,1,55,,100303,4,,,1,15,,100304,4,,,1,15,,100305,4,,,1,15,,100306,4,,,1,54,,100307,4,,,1,14,,100308,4,,,1,16,,100309,4,,,1,15,,100310,4,,,1,58,,100311,4,,,1,16,,100312,4,,,1,15,,100313,4,,,1,55,,100314,4,,,1,15,,100315,4,,,1,16,,100316,4,,,1,16,,100317,4,,,1,53,,100318,4,,,1,15,,100319,4,,,1,16,,100320,4,,,1,15,,100321,4,,,1,55,,100322,4,,,1,15,,100323,4,,,1,16,,100361,4,,,1,15,,100363,4,,,1,55,,100324,4,,,1,15,,100325,4,,,1,14,,100326,4,,,1,12,,100327,4,,,1,12,,100328,4,,,1,52,,100329,4,,,1,14,,100330,4,,,1,13,,100331,4,,,1,14,,100333,4,,,1,54,,100334,4,,,1,11,,100335,4,,,1,12,,100332,4,,,1,13,,100336,4,,,1,14,,100367,4,,,1,53,,100368,4,,,1,14,,100337,4,,,1,15,,100338,4,,,1,15,,100339,4,,,1,54,,100340,4,,,1,13,,100341,4,,,1,12,,100342,4,,,1,15,,100344,4,,,1,14,,100345,4,,,1,56,,100343,4,,,1,15,,100347,4,,,1,15,,100348,4,,,1,56,,100346,4,,,1,16,,100349,4,,,1,14,,100351,4,,,1,15,,100352,4,,,1,56,,100353,4,,,1,15,,100354,4,,,1,16,,100355,4,,,1,14,,100356,4,,,1,55,,100350,4,,,1,16,,100357,4,,,1,16,,100358,4,,,1,15,,100359,4,,,1,56,,100360,4,,,1,18,,100365,4,,,1,16,,100364,4,,,1,14,,100362,4,,,1,55,,100366,4,,,1,15,,100370,4,,,1,15,,100371,4,,,1
80002,'20263611',601,,100482,4,,,1,15,,100504,4,,,1,15,,100510,4,,,1,15,,100505,4,,,1,55,,100498,4,,,1,16,,100508,4,,,1,14,,100502,4,,,1,14,,100506,4,,,1,55,,100507,4,,,1,15,,100494,4,,,1,14,,100509,4,,,1,14,,100493,4,,,1,15,,100511,4,,,1,55,,100495,4,,,1,15,,100501,4,,,1,15,,100514,4,,,1,15,,100503,4,,,1,54,,100512,4,,,1,14,,100497,4,,,1,16,,100513,4,,,1,15,,100496,4,,,1,58,,100515,4,,,1,16,,100516,4,,,1,15,,100500,4,,,1,55,,100517,4,,,1,15,,100499,4,,,1,16,,100532,4,,,1,16,,100518,4,,,1,53,,100533,4,,,1,15,,100527,4,,,1,16,,100519,4,,,1,15,,100520,4,,,1,55,,100526,4,,,1,15,,100521,4,,,1,16,,100485,4,,,1,15,,100489,4,,,1,55,,100522,4,,,1,15,,100530,4,,,1,14,,100525,4,,,1,12,,100528,4,,,1,12,,100531,4,,,1,52,,100529,4,,,1,14,,100523,4,,,1,13,,100524,4,,,1,14,,100470,4,,,1,54,,100464,4,,,1,11,,100457,4,,,1,12,,100455,4,,,1,13,,100466,4,,,1,14,,100490,4,,,1,53,,100491,4,,,1,14,,100471,4,,,1,15,,100472,4,,,1,15,,100465,4,,,1,54,,100453,4,,,1,13,,100463,4,,,1,12,,100469,4,,,1,15,,100460,4,,,1,14,,100467,4,,,1,56,,100456,4,,,1,15,,100473,4,,,1,15,,100468,4,,,1,56,,100458,4,,,1,16,,100459,4,,,1,14,,100474,4,,,1,15,,100478,4,,,1,56,,100475,4,,,1,15,,100476,4,,,1,16,,100477,4,,,1,14,,100479,4,,,1,55,,100454,4,,,1,16,,100480,4,,,1,16,,100461,4,,,1,15,,100481,4,,,1,56,,100462,4,,,1,18,,100487,4,,,1,16,,100486,4,,,1,14,,100484,4,,,1,55,,100488,4,,,1,15,,100492,4,,,1,15,,100483,4,,,1
80102,'20263010',549,,101021,4,,,1,52,,101025,4,,,1,10,,100933,4,,,1,10,,100934,4,,,1,11,,100935,4,,,1,11,,100936,4,,,1,10,,100937,4,,,1,51,,100938,4,,,1,10,,100939,4,,,1,10,,100940,4,,,1,8,,100941,4,,,1,12,,100942,4,,,1,8,,101023,4,,,1,50,,100943,4,,,1,9,,100944,4,,,1,9,,100945,4,,,1,9,,100946,4,,,1,8,,100947,4,,,1,10,,100948,4,,,1,54,,100949,4,,,1,13,,100950,4,,,1,15,,100951,4,,,1,15,,100952,4,,,1,15,,100953,4,,,1,55,,100954,4,,,1,15,,100955,4,,,1,15,,100956,4,,,1,14,,100957,4,,,1,54,,100958,4,,,1,15,,100959,4,,,1,14,,100960,4,,,1,15,,100961,4,,,1,53,,100962,4,,,1,15,,100963,4,,,1,15,,100965,4,,,1,15,,100966,4,,,1,54,,100968,4,,,1,14,,100964,4,,,1,12,,100969,4,,,1,12,,100970,4,,,1,13,,100967,4,,,1,53,,100971,4,,,1,12,,100972,4,,,1,12,,100974,4,,,1,10,,101028,4,,,1,9,,100975,4,,,1,52,,100976,4,,,1,9,,100973,4,,,1,9,,100977,4,,,1,9,,100978,4,,,1,8,,100980,4,,,1,10,,100981,4,,,1,49,,100982,4,,,1,9,,100979,4,,,1,9,,100983,4,,,1,9,,100984,4,,,1,9,,100985,4,,,1,11,,100986,4,,,1,9,,100987,4,,,1,50,,100988,4,,,1,10,,100989,4,,,1,10,,100990,4,,,1,12,,101026,4,,,1,10,,100991,4,,,1,56,,100992,4,,,1,15,,100993,4,,,1,15,,100994,4,,,1,15,,100995,4,,,1,55,,100997,4,,,1,15,,100998,4,,,1,15,,100999,4,,,1,15,,100996,4,,,1,55,,101000,4,,,1,15,,101003,4,,,1,15,,101004,4,,,1,15,,101005,4,,,1,55,,101002,4,,,1,15,,101006,4,,,1,15,,101001,4,,,1,15,,101007,4,,,1,55,,101008,4,,,1,15,,101009,4,,,1,15,,101010,4,,,1,15,,101011,4,,,1,55,,101012,4,,,1,16,,101013,4,,,1,16,,101014,4,,,1,15,,101015,4,,,1,54,,101016,4,,,1,14,,101017,4,,,1,15,,101018,4,,,1,14,,101019,4,,,1,55,,101020,4,,,1,15,,101022,4,,,1,15,,101024,4,,,1,15,,101027,4,,,1
80102,'20263511',605,,101107,4,,,1,17,,101108,4,,,1,15,,101109,4,,,1,17,,101110,4,,,1,55,,101111,4,,,1,15,,101112,4,,,1,15,,101113,4,,,1,15,,101114,4,,,1,55,,101115,4,,,1,15,,101116,4,,,1,15,,101117,4,,,1,14,,101118,4,,,1,56,,101119,4,,,1,15,,101120,4,,,1,14,,101121,4,,,1,14,,101122,4,,,1,56,,101123,4,,,1,15,,101124,4,,,1,16,,101125,4,,,1,15,,101126,4,,,1,55,,101127,4,,,1,16,,101128,4,,,1,16,,101129,4,,,1,16,,101130,4,,,1,54,,101131,4,,,1,15,,101132,4,,,1,15,,101133,4,,,1,15,,101134,4,,,1,55,,101135,4,,,1,15,,101136,4,,,1,15,,101137,4,,,1,15,,101138,4,,,1,55,,101139,4,,,1,16,,101140,4,,,1,16,,101141,4,,,1,14,,101142,4,,,1,54,,101179,4,,,1,16,,101143,4,,,1,16,,101144,4,,,1,15,,101145,4,,,1,55,,101180,4,,,1,15,,101147,4,,,1,15,,101148,4,,,1,15,,101150,4,,,1,55,,101181,4,,,1,15,,101146,4,,,1,15,,101151,4,,,1,16,,101152,4,,,1,54,,101149,4,,,1,15,,101153,4,,,1,16,,101154,4,,,1,15,,101155,4,,,1,55,,101156,4,,,1,15,,101157,4,,,1,15,,101158,4,,,1,15,,101159,4,,,1,55,,101160,4,,,1,15,,101161,4,,,1,15,,101162,4,,,1,15,,101163,4,,,1,55,,101164,4,,,1,15,,101165,4,,,1,15,,101166,4,,,1,15,,101167,4,,,1,55,,101168,4,,,1,15,,101169,4,,,1,15,,101170,4,,,1,15,,101172,4,,,1,55,,101173,4,,,1,15,,101174,4,,,1,15,,101171,4,,,1,15,,101175,4,,,1,55,,101176,4,,,1,16,,101177,4,,,1,15,,101178,4,,,1,56,,101182,4,,,1,16,,101183,4,,,1,18,,101184,4,,,1
80102,'20263611',605,,101298,4,,,1,17,,101292,4,,,1,15,,101296,4,,,1,17,,101297,4,,,1,55,,101311,4,,,1,15,,101295,4,,,1,15,,101335,4,,,1,15,,101337,4,,,1,55,,101338,4,,,1,15,,101339,4,,,1,15,,101336,4,,,1,14,,101293,4,,,1,56,,101294,4,,,1,15,,101289,4,,,1,14,,101290,4,,,1,14,,101291,4,,,1,56,,101281,4,,,1,15,,101280,4,,,1,16,,101279,4,,,1,15,,101282,4,,,1,55,,101283,4,,,1,16,,101268,4,,,1,16,,101267,4,,,1,16,,101266,4,,,1,54,,101264,4,,,1,15,,101265,4,,,1,15,,101277,4,,,1,15,,101278,4,,,1,55,,101274,4,,,1,15,,101276,4,,,1,15,,101275,4,,,1,15,,101333,4,,,1,55,,101330,4,,,1,16,,101331,4,,,1,16,,101332,4,,,1,14,,101334,4,,,1,54,,101284,4,,,1,16,,101317,4,,,1,16,,101310,4,,,1,15,,101315,4,,,1,55,,101285,4,,,1,15,,101319,4,,,1,15,,101318,4,,,1,15,,101307,4,,,1,55,,101286,4,,,1,15,,101308,4,,,1,15,,101314,4,,,1,16,,101309,4,,,1,54,,101316,4,,,1,15,,101304,4,,,1,16,,101312,4,,,1,15,,101300,4,,,1,55,,101313,4,,,1,15,,101305,4,,,1,15,,101302,4,,,1,15,,101301,4,,,1,55,,101303,4,,,1,15,,101299,4,,,1,15,,101306,4,,,1,15,,101329,4,,,1,55,,101322,4,,,1,15,,101324,4,,,1,15,,101328,4,,,1,15,,101326,4,,,1,55,,101320,4,,,1,15,,101327,4,,,1,15,,101321,4,,,1,15,,101325,4,,,1,55,,101270,4,,,1,15,,101269,4,,,1,15,,101323,4,,,1,15,,101271,4,,,1,55,,101272,4,,,1,16,,101273,4,,,1,15,,101263,4,,,1,56,,101288,4,,,1,16,,101287,4,,,1,18,,101340,4,,,1
80502,'20263010',541,,104157,30,,,0,10,,104029,30,,,0,50,,104030,30,,,0,9,,104032,30,,,0,9,,104033,30,,,0,9,,104034,30,,,0,11,,104160,30,,,0,10,,104035,30,,,0,10,,104036,30,,,0,49,,104037,30,,,0,9,,104031,30,,,0,11,,104158,30,,,0,8,,104159,30,,,0,7,,104038,30,,,0,8,,104039,30,,,0,8,,104040,30,,,0,49,,104042,30,,,0,8,,104043,30,,,0,10,,104044,30,,,0,10,,104041,30,,,0,10,,104045,30,,,0,11,,104046,30,,,0,49,,104047,30,,,0,9,,104048,30,,,0,11,,104136,30,,,0,10,,104049,30,,,0,9,,104050,30,,,0,10,,104137,30,,,0,51,,104051,30,,,0,10,,104052,30,,,0,10,,104138,30,,,0,10,,104053,30,,,0,10,,104054,30,,,0,10,,104139,30,,,0,50,,104055,30,,,0,10,,104056,30,,,0,10,,104140,30,,,0,10,,104057,30,,,0,10,,104058,30,,,0,10,,104141,30,,,0,50,,104060,30,,,0,10,,104061,30,,,0,10,,104062,30,,,0,10,,104063,30,,,0,10,,104142,30,,,0,10,,104064,30,,,0,49,,104065,30,,,0,10,,104059,30,,,0,10,,104066,30,,,0,10,,104067,30,,,0,10,,104068,30,,,0,9,,104070,30,,,0,50,,104069,30,,,0,9,,104071,30,,,0,10,,104072,30,,,0,11,,104073,30,,,0,11,,104074,30,,,0,9,,104075,30,,,0,49,,104076,30,,,0,6,,104077,30,,,0,5,,104078,30,,,0,4,,104079,30,,,0,6,,104080,30,,,0,8,,104135,30,,,0,6,,104081,30,,,0,8,,104129,30,,,0,7,,104082,30,,,0,47,,104085,30,,,0,7,,104086,30,,,0,7,,104087,30,,,0,4,,104088,30,,,0,6,,104133,30,,,0,7,,104084,30,,,0,8,,104083,30,,,0,7,,104090,30,,,0,6,,104091,30,,,0,48,,104092,30,,,0,8,,104089,30,,,0,4,,104093,30,,,0,10,,104094,30,,,0,9,,104095,30,,,0,7,,104096,30,,,0,8,,104097,30,,,0,6,,104098,30,,,0,7,,104099,30,,,0,47,,104100,30,,,0,7,,104101,30,,,0,10,,104143,30,,,0,9,,104102,30,,,0,11,,104103,30,,,0,9,,104104,30,,,0,50,,104144,30,,,0,9,,104106,30,,,0,12,,104107,30,,,0,10,,104145,30,,,0,10,,104108,30,,,0,10,,104146,30,,,0,50,,104105,30,,,0,10,,104109,30,,,0,10,,104148,30,,,0,10,,104110,30,,,0,10,,104111,30,,,0,10,,104112,30,,,0,50,,104113,30,,,0,10,,104114,30,,,0,10,,104149,30,,,0,10,,104115,30,,,0,10,,104116,30,,,0,10,,104150,30,,,0,50,,104117,30,,,0,10,,104119,30,,,0,10,,104147,30,,,0,10,,104120,30,,,0,10,,104121,30,,,0,11,,104151,30,,,0,49,,104118,30,,,0,11,,104122,30,,,0,10,,104152,30,,,0,10,,104123,30,,,0,10,,104132,30,,,0,10,,104153,30,,,0,50,,104124,30,,,0,10,,104125,30,,,0,10,,104154,30,,,0,10,,104130,30,,,0,10,,104126,30,,,0,10,,104155,30,,,0,50,,104127,30,,,0,10,,104128,30,,,0,10,,104156,30,,,0,10,,104131,30,,,0,9,,104134,30,,,0
80502,'20263511',556,,104395,30,,,0,50,,104279,30,,,0,10,,104372,30,,,0,9,,104280,30,,,0,10,,104366,30,,,0,10,,104373,30,,,0,10,,104281,30,,,0,50,,104282,30,,,0,11,,104374,30,,,0,10,,104396,30,,,0,9,,104283,30,,,0,10,,104367,30,,,0,9,,104375,30,,,0,50,,104284,30,,,0,10,,104285,30,,,0,10,,104286,30,,,0,9,,104287,30,,,0,10,,104368,30,,,0,10,,104376,30,,,0,49,,104288,30,,,0,10,,104289,30,,,0,11,,104290,30,,,0,10,,104291,30,,,0,10,,104292,30,,,0,10,,104377,30,,,0,50,,104293,30,,,0,11,,104294,30,,,0,10,,104295,30,,,0,10,,104296,30,,,0,10,,104297,30,,,0,10,,104378,30,,,0,50,,104298,30,,,0,10,,104299,30,,,0,11,,104300,30,,,0,10,,104301,30,,,0,10,,104302,30,,,0,10,,104379,30,,,0,50,,104303,30,,,0,10,,104304,30,,,0,10,,104305,30,,,0,10,,104307,30,,,0,10,,104308,30,,,0,10,,104380,30,,,0,50,,104309,30,,,0,10,,104306,30,,,0,10,,104310,30,,,0,10,,104311,30,,,0,11,,104312,30,,,0,8,,104381,30,,,0,50,,104313,30,,,0,10,,104314,30,,,0,10,,104315,30,,,0,9,,104316,30,,,0,10,,104317,30,,,0,10,,104318,30,,,0,50,,104319,30,,,0,9,,104320,30,,,0,9,,104321,30,,,0,10,,104322,30,,,0,10,,104323,30,,,0,10,,104324,30,,,0,50,,104325,30,,,0,10,,104326,30,,,0,10,,104327,30,,,0,10,,104328,30,,,0,10,,104329,30,,,0,10,,104330,30,,,0,50,,104331,30,,,0,11,,104371,30,,,0,10,,104332,30,,,0,10,,104333,30,,,0,11,,104334,30,,,0,11,,104335,30,,,0,49,,104337,30,,,0,9,,104338,30,,,0,10,,104339,30,,,0,10,,104370,30,,,0,10,,104340,30,,,0,10,,104341,30,,,0,50,,104342,30,,,0,10,,104382,30,,,0,10,,104336,30,,,0,10,,104343,30,,,0,10,,104383,30,,,0,10,,104344,30,,,0,50,,104345,30,,,0,11,,104384,30,,,0,10,,104346,30,,,0,10,,104347,30,,,0,11,,104385,30,,,0,11,,104348,30,,,0,50,,104349,30,,,0,10,,104386,30,,,0,10,,104350,30,,,0,10,,104351,30,,,0,10,,104387,30,,,0,11,,104352,30,,,0,50,,104369,30,,,0,10,,104388,30,,,0,9,,104353,30,,,0,10,,104354,30,,,0,10,,104389,30,,,0,10,,104355,30,,,0,50,,104356,30,,,0,10,,104390,30,,,0,10,,104357,30,,,0,10,,104358,30,,,0,10,,104391,30,,,0,10,,104359,30,,,0,50,,104360,30,,,0,10,,104392,30,,,0,10,,104361,30,,,0,10,,104362,30,,,0,11,,104393,30,,,0,11,,104365,30,,,0,50,,104363,30,,,0,10,,104394,30,,,0,10,,104364,30,,,0
80502,'20263611',556,,104632,30,,,0,50,,104600,30,,,0,10,,104608,30,,,0,9,,104599,30,,,0,10,,104601,30,,,0,10,,104609,30,,,0,10,,104598,30,,,0,50,,104597,30,,,0,11,,104610,30,,,0,10,,104595,30,,,0,9,,104594,30,,,0,10,,104596,30,,,0,9,,104611,30,,,0,50,,104592,30,,,0,10,,104580,30,,,0,10,,104579,30,,,0,9,,104584,30,,,0,10,,104583,30,,,0,10,,104612,30,,,0,49,,104572,30,,,0,10,,104575,30,,,0,11,,104573,30,,,0,10,,104587,30,,,0,10,,104586,30,,,0,10,,104613,30,,,0,50,,104588,30,,,0,11,,104571,30,,,0,10,,104577,30,,,0,10,,104593,30,,,0,10,,104582,30,,,0,10,,104614,30,,,0,50,,104574,30,,,0,10,,104578,30,,,0,11,,104576,30,,,0,10,,104590,30,,,0,10,,104585,30,,,0,10,,104615,30,,,0,50,,104589,30,,,0,10,,104591,30,,,0,10,,104581,30,,,0,10,,104564,30,,,0,10,,104561,30,,,0,10,,104616,30,,,0,50,,104555,30,,,0,10,,104563,30,,,0,10,,104567,30,,,0,10,,104560,30,,,0,11,,104558,30,,,0,8,,104617,30,,,0,50,,104566,30,,,0,10,,104556,30,,,0,10,,104562,30,,,0,9,,104559,30,,,0,10,,104569,30,,,0,10,,104570,30,,,0,50,,104554,30,,,0,9,,104557,30,,,0,9,,104553,30,,,0,10,,104565,30,,,0,10,,104568,30,,,0,10,,104546,30,,,0,50,,104541,30,,,0,10,,104545,30,,,0,10,,104550,30,,,0,10,,104540,30,,,0,10,,104543,30,,,0,10,,104539,30,,,0,50,,104538,30,,,0,11,,104537,30,,,0,10,,104606,30,,,0,10,,104549,30,,,0,11,,104552,30,,,0,11,,104551,30,,,0,49,,104548,30,,,0,9,,104542,30,,,0,10,,104547,30,,,0,10,,104544,30,,,0,10,,104535,30,,,0,10,,104602,30,,,0,50,,104529,30,,,0,10,,104618,30,,,0,10,,104527,30,,,0,10,,104536,30,,,0,10,,104619,30,,,0,10,,104526,30,,,0,50,,104620,30,,,0,11,,104533,30,,,0,10,,104534,30,,,0,10,,104621,30,,,0,11,,104531,30,,,0,11,,104528,30,,,0,50,,104622,30,,,0,10,,104530,30,,,0,10,,104532,30,,,0,10,,104623,30,,,0,10,,104525,30,,,0,11,,104524,30,,,0,50,,104624,30,,,0,10,,104521,30,,,0,9,,104519,30,,,0,10,,104625,30,,,0,10,,104516,30,,,0,10,,104605,30,,,0,50,,104626,30,,,0,10,,104517,30,,,0,10,,104515,30,,,0,10,,104628,30,,,0,10,,104523,30,,,0,10,,104518,30,,,0,50,,104629,30,,,0,10,,104520,30,,,0,10,,104522,30,,,0,10,,104630,30,,,0,11,,104604,30,,,0,11,,104603,30,,,0,50,,104627,30,,,0,10,,104607,30,,,0,10,,104631,30,,,0
93100,'20263010',2533,,106084,2,,,0,125,,106085,23,,,0
93100,'20263511',2533,,106088,2,,,0,125,,106089,23,,,0
93600,'20263010',2533,,106093,2,,,0
93600,'20263511',2533,,106095,2,,,0
95002,'20263010',2531,,106096,2,,,0,170,,106097,2,,,0
95002,'20263511',2531,,106101,2,,,0,170,,106100,2,,,0
97203,'20263010',2538,,106108,2,,,0
97203,'20263511',2538,,106110,2,,,0
98000,'20263010',2533,,106111,2,,,0
98000,'20263511',2533,,106113,2,,,0
98200,'20263010',2530,,106114,2,,,0
98200,'20263511',2530,,106116,2,,,0
98400,'20263010',2534,,106117,2,,,0
98400,'20263511',2534,,106119,2,,,0
