7400,'20263010',758,,96740,84,,,1,98,,96727,84,,,1,97,,96728,84,,,1,99,,96729,84,,,1,101,,96730,84,,,1,100,,96731,84,,,1,100,,96732,84,,,1,102,,96733,84,,,1,102,,96734,84,,,1,102,,96735,84,,,1,96,,96736,84,,,1,99,,96737,84,,,1,97,,96741,84,,,1,100,,96742,84,,,1,100,,96738,84,,,1,100,,96743,84,,,1,100,,96739,84,,,1
7400,'20263510',851,,96748,84,,,1,101,,96762,84,,,1,100,,96763,84,,,1,100,,96749,84,,,1,100,,96750,84,,,1,100,,96751,84,,,1,100,,96752,84,,,1,101,,96753,84,,,1,100,,96754,84,,,1,101,,96755,84,,,1,101,,96756,84,,,1,97,,96757,84,,,1,99,,96758,84,,,1,100,,96759,84,,,1,100,,96760,84,,,1,100,,96761,84,,,1,169,,96764,84,,,1
7400,'20263511',851,,96765,84,,,1,101,,96779,84,,,1,100,,96780,84,,,1,100,,96766,84,,,1,100,,96767,84,,,1,100,,96768,84,,,1,100,,96769,84,,,1,101,,96770,84,,,1,100,,96771,84,,,1,101,,96772,84,,,1,101,,96773,84,,,1,97,,96774,84,,,1,99,,96775,84,,,1,100,,96776,84,,,1,100,,96777,84,,,1,100,,96778,84,,,1,169,,96781,84,,,1
7400,'20263610',851,,96782,84,,,1,101,,96796,84,,,1,100,,96783,84,,,1,100,,96797,84,,,1,100,,96790,84,,,1,100,,96791,84,,,1,100,,96792,84,,,1,101,,96793,84,,,1,100,,96794,84,,,1,101,,96795,84,,,1,101,,96784,84,,,1,97,,96788,84,,,1,99,,96789,84,,,1,100,,96785,84,,,1,100,,96786,84,,,1,100,,96787,84,,,1,169,,96798,84,,,1
7400,'20263611',851,,96799,84,,,1,101,,96813,84,,,1,100,,96800,84,,,1,100,,96814,84,,,1,100,,96807,84,,,1,100,,96808,84,,,1,100,,96809,84,,,1,101,,96810,84,,,1,100,,96811,84,,,1,101,,96812,84,,,1,101,,96801,84,,,1,97,,96805,84,,,1,99,,96806,84,,,1,100,,96802,84,,,1,100,,96803,84,,,1,100,,96804,84,,,1,169,,96815,84,,,1
8400,'20263010',834,,98071,99,,,1,98,,98072,99,,,1,100,,98073,99,,,1,100,,98074,99,,,1,102,,98075,99,,,1,99,,98076,99,,,1,100,,98077,99,,,1,102,,98078,99,,,1,110,,98079,99,,,1,66,,98088,66,,,1,28,,98080,99,,,1,65,,98089,66,,,1,28,,98081,99,,,1,99,,98082,99,,,1,98,,98083,99,,,1,100,,98084,99,,,1,100,,98085,99,,,1,99,,98086,99,,,1,100,,98087,99,,,1
8400,'20263510',827,,98090,99,,,1,100,,98105,99,,,1,102,,98091,99,,,1,101,,98106,99,,,1,101,,98092,99,,,1,100,,98094,99,,,1,100,,98095,99,,,1,100,,98096,99,,,1,101,,98097,99,,,1,100,,98098,99,,,1,98,,98099,99,,,1,99,,98100,99,,,1,100,,98101,99,,,1,99,,98102,99,,,1,100,,98103,99,,,1,100,,98104,99,,,1,98,,98093,99,,,1
8400,'20263511',827,,98107,99,,,1,100,,98122,99,,,1,102,,98108,99,,,1,101,,98123,99,,,1,101,,98109,99,,,1,100,,98111,99,,,1,100,,98112,99,,,1,100,,98113,99,,,1,101,,98114,99,,,1,100,,98115,99,,,1,98,,98116,99,,,1,99,,98117,99,,,1,100,,98118,99,,,1,99,,98119,99,,,1,100,,98120,99,,,1,100,,98121,99,,,1,98,,98110,99,,,1
8400,'20263610',827,,98124,99,,,1,100,,98139,99,,,1,102,,98125,99,,,1,101,,98140,99,,,1,101,,98126,99,,,1,100,,98133,99,,,1,100,,98127,99,,,1,100,,98134,99,,,1,101,,98128,99,,,1,100,,98135,99,,,1,98,,98129,99,,,1,99,,98136,99,,,1,100,,98130,99,,,1,99,,98137,99,,,1,100,,98131,99,,,1,100,,98138,99,,,1,98,,98132,99,,,1
8400,'20263611',827,,98141,99,,,1,100,,98156,99,,,1,102,,98142,99,,,1,101,,98157,99,,,1,101,,98143,99,,,1,100,,98150,99,,,1,100,,98144,99,,,1,100,,98151,99,,,1,101,,98145,99,,,1,100,,98152,99,,,1,98,,98146,99,,,1,99,,98153,99,,,1,100,,98147,99,,,1,99,,98154,99,,,1,100,,98148,99,,,1,100,,98155,99,,,1,98,,98149,99,,,1
