9102,'20263010',526,,98490,42,,,0,100,,98491,42,,,0,30,,98492,42,,,0,68,,98493,42,,,0,29,,98494,42,,,0,72,,98495,42,,,0,721,,98503,42,,,0,106,,98504,42,,,0,105,,98505,42,,,0,498,,98510,42,,,0
9102,'20263510',555,,98511,42,,,0,100,,98512,42,,,0,100,,98513,42,,,0,1100,,98524,42,,,0,100,,98525,42,,,0,100,,98526,42,,,0,100,,98527,42,,,0,100,,98528,42,,,0
9102,'20263511',555,,98529,42,,,0,100,,98530,42,,,0,100,,98531,42,,,0,1100,,98542,42,,,0,100,,98543,42,,,0,100,,98544,42,,,0,100,,98545,42,,,0,100,,98546,42,,,0
9102,'20263610',555,,98547,42,,,0,100,,98548,42,,,0,100,,98549,42,,,0,1100,,98560,42,,,0,100,,98561,42,,,0,100,,98562,42,,,0,100,,98563,42,,,0,100,,98564,42,,,0
9102,'20263611',555,,98565,42,,,0,100,,98566,42,,,0,100,,98567,42,,,0,1100,,98578,42,,,0,100,,98579,42,,,0,100,,98580,42,,,0,100,,98581,42,,,0,100,,98582,42,,,0
29102,'20263010',622,,99742,42,,,0,24,,99745,42,,,0,62,,99743,42,,,0,29,,99744,42,,,0
99103,'20263010',2615,,106120,48,,,0,130,,106121,48,,,0
99103,'20263510',2615,,106122,48,,,0,130,,106123,48,,,0
99103,'20263511',2615,,106124,48,,,0,130,,106125,48,,,0
7009003,'20263010',1558,,106152,17,,,0
