3601,'20263010',643,,93752,68,,,0,70,,93753,68,,,0,32,,93754,68,,,0,70,,93755,68,,,0,28,,93756,68,,,0,100,,93757,68,,,0,100,,93758,68,,,0,100,,93759,68,,,0,100,,93760,68,,,0,100,,93761,68,,,0,100,,93762,68,,,0,100,,93763,68,,,0,102,,93764,68,,,0,98,,93765,68,,,0,100,,93766,68,,,0,99,,93767,68,,,0,100,,93768,68,,,0,100,,93769,68,,,0,99,,93771,68,,,0,100,,93770,68,,,0
3601,'20263510',642,,93789,68,,,0,100,,93772,68,,,0,100,,93773,68,,,0,100,,93774,68,,,0,100,,93775,68,,,0,100,,93776,68,,,0,100,,93777,68,,,0,100,,93778,68,,,0,100,,93779,68,,,0,100,,93780,68,,,0,100,,93781,68,,,0,100,,93782,68,,,0,100,,93783,68,,,0,100,,93784,68,,,0,100,,93788,68,,,0,100,,93785,68,,,0,100,,93787,68,,,0,100,,93786,68,,,0
3601,'20263511',642,,93807,68,,,0,100,,93790,68,,,0,100,,93791,68,,,0,100,,93792,68,,,0,100,,93793,68,,,0,100,,93794,68,,,0,100,,93795,68,,,0,100,,93796,68,,,0,100,,93797,68,,,0,100,,93798,68,,,0,100,,93799,68,,,0,100,,93800,68,,,0,100,,93801,68,,,0,100,,93802,68,,,0,100,,93806,68,,,0,100,,93803,68,,,0,100,,93805,68,,,0,100,,93804,68,,,0
3601,'20263610',642,,93825,68,,,0,100,,93818,68,,,0,100,,93823,68,,,0,100,,93817,68,,,0,100,,93816,68,,,0,100,,93815,68,,,0,100,,93814,68,,,0,100,,93813,68,,,0,100,,93812,68,,,0,100,,93811,68,,,0,100,,93810,68,,,0,100,,93809,68,,,0,100,,93808,68,,,0,100,,93822,68,,,0,100,,93824,68,,,0,100,,93821,68,,,0,100,,93820,68,,,0,100,,93819,68,,,0
3601,'20263611',642,,93843,68,,,0,100,,93836,68,,,0,100,,93841,68,,,0,100,,93835,68,,,0,100,,93834,68,,,0,100,,93833,68,,,0,100,,93832,68,,,0,100,,93831,68,,,0,100,,93830,68,,,0,100,,93829,68,,,0,100,,93828,68,,,0,100,,93827,68,,,0,100,,93826,68,,,0,100,,93840,68,,,0,100,,93842,68,,,0,100,,93839,68,,,0,100,,93838,68,,,0,100,,93837,68,,,0
6102,'20263010',625,,95538,24,,,1,31,,95539,24,,,1,71,,95540,24,,,1,30,,95541,24,,,1,70,,95542,24,,,1,30,,95543,24,,,1,70,,95544,24,,,1,30,,95562,24,,,1,71,,95545,24,,,1,31,,95563,24,,,1,70,,95546,24,,,1,71,,95564,24,,,1,30,,95547,24,,,1,71,,95565,24,,,1,30,,95548,24,,,1,70,,95566,24,,,1,30,,95549,24,,,1,70,,95567,24,,,1,30,,95550,24,,,1,71,,95568,24,,,1,32,,95551,24,,,1,69,,95552,24,,,1,34,,95553,24,,,1,21,,95554,24,,,1,70,,95555,24,,,1,100,,95556,24,,,1,100,,95557,24,,,1,100,,95558,24,,,1,29,,95561,24,,,1,69,,95559,24,,,1,99,,95560,24,,,1
6102,'20263510',724,,95569,24,,,1,100,,95570,24,,,1,31,,95586,24,,,1,70,,95571,24,,,1,102,,95572,24,,,1,101,,95573,24,,,1,30,,95587,24,,,1,70,,95574,24,,,1,31,,95588,24,,,1,71,,95575,24,,,1,70,,95589,24,,,1,30,,95576,24,,,1,70,,95590,24,,,1,30,,95577,24,,,1,70,,95591,24,,,1,30,,95578,24,,,1,70,,95592,24,,,1,30,,95579,24,,,1,29,,95593,24,,,1,68,,95580,24,,,1,100,,95581,24,,,1,98,,95582,24,,,1,100,,95583,24,,,1,100,,95584,24,,,1,100,,95585,24,,,1
6102,'20263511',724,,95594,24,,,1,100,,95595,24,,,1,31,,95611,24,,,1,70,,95596,24,,,1,102,,95597,24,,,1,101,,95598,24,,,1,30,,95612,24,,,1,70,,95599,24,,,1,31,,95613,24,,,1,71,,95600,24,,,1,70,,95614,24,,,1,30,,95601,24,,,1,70,,95615,24,,,1,30,,95602,24,,,1,70,,95616,24,,,1,30,,95603,24,,,1,70,,95617,24,,,1,30,,95604,24,,,1,29,,95618,24,,,1,68,,95605,24,,,1,100,,95606,24,,,1,98,,95607,24,,,1,100,,95608,24,,,1,100,,95609,24,,,1,100,,95610,24,,,1
6102,'20263610',724,,95619,24,,,1,100,,95620,24,,,1,31,,95636,24,,,1,70,,95621,24,,,1,102,,95622,24,,,1,101,,95623,24,,,1,30,,95637,24,,,1,70,,95624,24,,,1,31,,95638,24,,,1,71,,95625,24,,,1,70,,95639,24,,,1,30,,95626,24,,,1,70,,95640,24,,,1,30,,95627,24,,,1,70,,95641,24,,,1,30,,95628,24,,,1,70,,95642,24,,,1,30,,95629,24,,,1,29,,95643,24,,,1,68,,95630,24,,,1,100,,95631,24,,,1,98,,95632,24,,,1,100,,95633,24,,,1,100,,95634,24,,,1,100,,95635,24,,,1
6102,'20263611',724,,95644,24,,,1,100,,95645,24,,,1,31,,95661,24,,,1,70,,95646,24,,,1,102,,95647,24,,,1,101,,95648,24,,,1,30,,95662,24,,,1,70,,95649,24,,,1,31,,95663,24,,,1,71,,95650,24,,,1,70,,95664,24,,,1,30,,95651,24,,,1,70,,95665,24,,,1,30,,95652,24,,,1,70,,95666,24,,,1,30,,95653,24,,,1,70,,95667,24,,,1,30,,95654,24,,,1,29,,95668,24,,,1,68,,95655,24,,,1,100,,95656,24,,,1,98,,95657,24,,,1,100,,95658,24,,,1,100,,95659,24,,,1,100,,95660,24,,,1
