8200,'20263010',646,,97909,49,,,0,78,,97892,49,,,0,78,,97913,49,,,0,30,,97899,49,,,0,73,,97908,49,,,0,108,,97900,49,,,0,46,,97907,49,,,0,141,,97901,49,,,0,59,,97893,49,,,0,99,,97902,49,,,0,94,,97906,49,,,0,99,,97903,49,,,0,93,,97894,49,,,0,70,,97895,49,,,0,29,,97896,49,,,0,68,,97897,49,,,0,98,,97904,49,,,0,37,,97905,51,,,0,100,,97911,51,,,0,100,,97910,51,,,0,100,,97912,51,,,0,100,,97898,51,,,0
8200,'20263510',715,,97928,51,,,0,100,,97914,51,,,0,100,,97918,51,,,0,101,,97919,51,,,0,100,,97926,51,,,0,101,,97920,51,,,0,100,,97915,51,,,0,100,,97921,51,,,0,100,,97927,51,,,0,100,,97922,51,,,0,100,,97930,51,,,0,100,,97916,51,,,0,99,,97923,51,,,0,100,,97925,51,,,0,100,,97929,51,,,0,100,,97924,51,,,0,130,,97917,51,,,0
8200,'20263511',715,,97945,51,,,0,100,,97931,51,,,0,100,,97935,51,,,0,101,,97936,51,,,0,100,,97943,51,,,0,101,,97937,51,,,0,100,,97932,51,,,0,100,,97938,51,,,0,100,,97944,51,,,0,100,,97939,51,,,0,100,,97947,51,,,0,100,,97933,51,,,0,99,,97940,51,,,0,100,,97942,51,,,0,100,,97946,51,,,0,100,,97941,51,,,0,130,,97934,51,,,0
8200,'20263610',715,,97960,51,,,0,100,,97961,51,,,0,100,,97957,51,,,0,101,,97962,51,,,0,100,,97956,51,,,0,101,,97958,51,,,0,100,,97951,51,,,0,100,,97948,51,,,0,100,,97954,51,,,0,100,,97955,51,,,0,100,,97964,51,,,0,100,,97952,51,,,0,99,,97949,51,,,0,100,,97959,51,,,0,100,,97963,51,,,0,100,,97950,51,,,0,130,,97953,51,,,0
8200,'20263611',715,,97977,51,,,0,100,,97978,51,,,0,100,,97974,51,,,0,101,,97979,51,,,0,100,,97973,51,,,0,101,,97975,51,,,0,100,,97968,51,,,0,100,,97965,51,,,0,100,,97971,51,,,0,100,,97972,51,,,0,100,,97981,51,,,0,100,,97969,51,,,0,99,,97966,51,,,0,100,,97976,51,,,0,100,,97980,51,,,0,100,,97967,51,,,0,130,,97970,51,,,0
28400,'20263010',1628,,99713,16,4,,0,29,,99714,16,4,,0,69,,99715,16,4,,0,23,,99716,16,4,,0,73,,99717,16,4,,0
38200,'20263010',1245,,99883,25,4,,0,409,,99884,25,4,,0,98,,99885,25,4,,0,96,,99886,25,4,,0
58200,'20263010',1613,,100078,23,4,,0,23,,100079,23,4,,0,67,,100076,23,4,,0,35,,100077,23,4,,0,68,,100075,23,4,,0
98200,'20263010',2608,,106114,56,,,0
98200,'20263510',2608,,106115,56,,,0
98200,'20263511',2608,,106116,56,,,0
