7400,'20263010',656,,96740,4,,,1,95,,96727,4,,,1,106,,96728,4,,,1,101,,96729,4,,,1,99,,96730,4,,,1,98,,96731,4,,,1,101,,96732,4,,,1,98,,96733,4,,,1,99,,96734,4,,,1,96,,96735,4,,,1,102,,96736,4,,,1,105,,96737,4,,,1,102,,96741,4,,,1,101,,96742,4,,,1,99,,96738,4,,,1,142,,96743,4,,,1,101,,96739,4,,,1
7400,'20263511',801,,96765,4,,,1,99,,96779,4,,,1,58,,96780,4,,,1,100,,96766,4,,,1,99,,96767,4,,,1,98,,96768,4,,,1,100,,96769,4,,,1,100,,96770,4,,,1,100,,96771,4,,,1,100,,96772,4,,,1,101,,96773,4,,,1,102,,96774,4,,,1,142,,96775,4,,,1,101,,96776,4,,,1,100,,96777,4,,,1,100,,96778,4,,,1,132,,96781,4,,,1
7400,'20263611',801,,96799,4,,,1,99,,96813,4,,,1,58,,96800,4,,,1,100,,96814,4,,,1,99,,96807,4,,,1,98,,96808,4,,,1,100,,96809,4,,,1,100,,96810,4,,,1,100,,96811,4,,,1,100,,96812,4,,,1,101,,96801,4,,,1,102,,96805,4,,,1,142,,96806,4,,,1,101,,96802,4,,,1,100,,96803,4,,,1,100,,96804,4,,,1,132,,96815,4,,,1
8200,'20263010',608,,97909,4,,,0,38,,97892,4,,,0,75,,97913,4,,,0,32,,97899,4,,,0,74,,97908,4,,,0,108,,97900,4,,,0,86,,97907,4,,,0,100,,97901,4,,,0,99,,97893,4,,,0,98,,97902,4,,,0,93,,97906,4,,,0,96,,97903,4,,,0,93,,97894,4,,,0,28,,97895,4,,,0,72,,97896,4,,,0,32,,97897,4,,,0,102,,97904,4,,,0,74,,97905,4,,,0,99,,97911,4,,,0,102,,97910,4,,,0,100,,97912,4,,,0,102,,97898,4,,,0
8200,'20263511',638,,97945,4,,,0,100,,97931,4,,,0,99,,97935,4,,,0,100,,97936,4,,,0,100,,97943,4,,,0,99,,97937,4,,,0,98,,97932,4,,,0,100,,97938,4,,,0,100,,97944,4,,,0,100,,97939,4,,,0,100,,97947,4,,,0,101,,97933,4,,,0,105,,97940,4,,,0,100,,97942,4,,,0,100,,97946,4,,,0,100,,97941,4,,,0,171,,97934,4,,,0
8200,'20263611',638,,97977,4,,,0,100,,97978,4,,,0,99,,97974,4,,,0,100,,97979,4,,,0,100,,97973,4,,,0,99,,97975,4,,,0,98,,97968,4,,,0,100,,97965,4,,,0,100,,97971,4,,,0,100,,97972,4,,,0,100,,97981,4,,,0,101,,97969,4,,,0,105,,97966,4,,,0,100,,97976,4,,,0,100,,97980,4,,,0,100,,97967,4,,,0,171,,97970,4,,,0
8400,'20263010',724,,98071,4,,,1,99,,98072,4,,,1,105,,98073,4,,,1,99,,98074,4,,,1,99,,98075,4,,,1,99,,98076,4,,,1,101,,98077,4,,,1,98,,98078,4,,,1,98,,98079,4,,,1,95,,98080,4,,,1,106,,98081,4,,,1,103,,98082,4,,,1,102,,98083,4,,,1,101,,98084,4,,,1,101,,98085,4,,,1,101,,98086,4,,,1,100,,98087,4,,,1
8400,'20263511',731,,98107,4,,,1,99,,98122,4,,,1,98,,98108,4,,,1,101,,98123,4,,,1,99,,98109,4,,,1,99,,98111,4,,,1,98,,98112,4,,,1,100,,98113,4,,,1,100,,98114,4,,,1,100,,98115,4,,,1,101,,98116,4,,,1,102,,98117,4,,,1,101,,98118,4,,,1,102,,98119,4,,,1,100,,98120,4,,,1,100,,98121,4,,,1,101,,98110,4,,,1
8400,'20263611',731,,98141,4,,,1,99,,98156,4,,,1,98,,98142,4,,,1,101,,98157,4,,,1,99,,98143,4,,,1,99,,98150,4,,,1,98,,98144,4,,,1,100,,98151,4,,,1,100,,98145,4,,,1,100,,98152,4,,,1,101,,98146,4,,,1,102,,98153,4,,,1,101,,98147,4,,,1,102,,98154,4,,,1,100,,98148,4,,,1,100,,98155,4,,,1,101,,98149,4,,,1
80203,'20263010',543,,102146,15,,,1,15,,102167,15,,,1,53,,102157,15,,,1,10,,102218,15,,,1,10,,102232,15,,,1,10,,102147,15,,,1,9,,102168,15,,,1,51,,102183,15,,,1,11,,102158,15,,,1,9,,102205,15,,,1,9,,102219,15,,,1,11,,102226,15,,,1,10,,102173,15,,,1,50,,102148,15,,,1,10,,102195,15,,,1,10,,102227,15,,,1,10,,102212,15,,,1,10,,102159,15,,,1,10,,102206,15,,,1,50,,102231,15,,,1,13,,102220,15,,,1,15,,102174,15,,,1,16,,102213,15,,,1,14,,102184,15,,,1,55,,102160,15,,,1,15,,102207,15,,,1,15,,102175,15,,,1,15,,102149,15,,,1,55,,102214,15,,,1,15,,102208,15,,,1,15,,102221,15,,,1,56,,102150,15,,,1,15,,102215,15,,,1,15,,102185,15,,,1,15,,102209,15,,,1,55,,102176,15,,,1,16,,102151,15,,,1,13,,102196,15,,,1,15,,102186,15,,,1,15,,102210,15,,,1,55,,102177,15,,,1,15,,102152,15,,,1,15,,102197,15,,,1,15,,102187,15,,,1,53,,102211,15,,,1,10,,102222,15,,,1,10,,102178,15,,,1,10,,102233,15,,,1,11,,102198,15,,,1,49,,102201,15,,,1,11,,102229,15,,,1,10,,102216,15,,,1,10,,102188,15,,,1,10,,102161,15,,,1,10,,102223,15,,,1,50,,102179,15,,,1,9,,102228,15,,,1,10,,102153,15,,,1,10,,102199,15,,,1,11,,102217,15,,,1,9,,102189,15,,,1,50,,102234,15,,,1,10,,102225,15,,,1,13,,102224,15,,,1,15,,102180,15,,,1,15,,102230,15,,,1,55,,102154,15,,,1,15,,102200,15,,,1,14,,102190,15,,,1,16,,102162,15,,,1,55,,102169,15,,,1,15,,102181,15,,,1,15,,102202,15,,,1,15,,102191,15,,,1,55,,102163,15,,,1,15,,102170,15,,,1,15,,102182,15,,,1,15,,102203,15,,,1,55,,102192,15,,,1,15,,102164,15,,,1,15,,102171,15,,,1,15,,102155,15,,,1,55,,102193,15,,,1,15,,102165,15,,,1,15,,102172,15,,,1,15,,102156,15,,,1,55,,102204,15,,,1,15,,102194,15,,,1,15,,102166,15,,,1
80203,'20263511',542,,102377,15,,,1,15,,102368,15,,,1,54,,102362,15,,,1,15,,102364,15,,,1,14,,102369,15,,,1,14,,102370,15,,,1,56,,102375,15,,,1,15,,102365,15,,,1,15,,102376,15,,,1,15,,102371,15,,,1,55,,102363,15,,,1,14,,102372,15,,,1,15,,102367,15,,,1,14,,102378,15,,,1,55,,102373,15,,,1,14,,102366,15,,,1,15,,102374,15,,,1,14,,102379,15,,,1,55,,102380,15,,,1,15,,102384,15,,,1,15,,102385,15,,,1,14,,102381,15,,,1,55,,102382,15,,,1,15,,102386,15,,,1,15,,102383,15,,,1,15,,102387,15,,,1,54,,102388,15,,,1,16,,102321,15,,,1,13,,102312,15,,,1,18,,102319,15,,,1,54,,102324,15,,,1,16,,102326,15,,,1,14,,102322,15,,,1,14,,102313,15,,,1,56,,102317,15,,,1,16,,102325,15,,,1,15,,102314,15,,,1,16,,102315,15,,,1,54,,102327,15,,,1,14,,102359,15,,,1,13,,102318,15,,,1,16,,102358,15,,,1,54,,102320,15,,,1,17,,102328,15,,,1,16,,102329,15,,,1,16,,102347,15,,,1,54,,102361,15,,,1,13,,102330,15,,,1,17,,102331,15,,,1,15,,102360,15,,,1,54,,102316,15,,,1,14,,102332,15,,,1,16,,102333,15,,,1,15,,102334,15,,,1,55,,102335,15,,,1,16,,102338,15,,,1,14,,102336,15,,,1,15,,102337,15,,,1,55,,102342,15,,,1,15,,102340,15,,,1,16,,102339,15,,,1,15,,102341,15,,,1,55,,102346,15,,,1,16,,102356,15,,,1,15,,102355,15,,,1,15,,102357,15,,,1,54,,102353,15,,,1,15,,102352,15,,,1,16,,102348,15,,,1,15,,102351,15,,,1,57,,102323,15,,,1,15,,102354,15,,,1,16,,102345,15,,,1,15,,102343,15,,,1,55,,102344,15,,,1,15,,102350,15,,,1,14,,102349,15,,,1
80203,'20263611',542,,102521,15,,,1,15,,102535,15,,,1,54,,102534,15,,,1,15,,102536,15,,,1,14,,102537,15,,,1,14,,102531,15,,,1,56,,102526,15,,,1,15,,102540,15,,,1,15,,102524,15,,,1,15,,102529,15,,,1,55,,102533,15,,,1,14,,102542,15,,,1,15,,102539,15,,,1,14,,102522,15,,,1,55,,102520,15,,,1,14,,102538,15,,,1,15,,102523,15,,,1,14,,102525,15,,,1,55,,102528,15,,,1,15,,102514,15,,,1,15,,102517,15,,,1,14,,102519,15,,,1,55,,102527,15,,,1,15,,102518,15,,,1,15,,102513,15,,,1,15,,102516,15,,,1,54,,102515,15,,,1,16,,102500,15,,,1,13,,102511,15,,,1,18,,102510,15,,,1,54,,102507,15,,,1,16,,102492,15,,,1,14,,102499,15,,,1,14,,102506,15,,,1,56,,102504,15,,,1,16,,102491,15,,,1,15,,102508,15,,,1,16,,102505,15,,,1,54,,102494,15,,,1,14,,102541,15,,,1,13,,102509,15,,,1,16,,102467,15,,,1,54,,102503,15,,,1,17,,102501,15,,,1,16,,102490,15,,,1,16,,102483,15,,,1,54,,102532,15,,,1,13,,102493,15,,,1,17,,102498,15,,,1,15,,102530,15,,,1,54,,102512,15,,,1,14,,102497,15,,,1,16,,102496,15,,,1,15,,102495,15,,,1,55,,102489,15,,,1,16,,102487,15,,,1,14,,102485,15,,,1,15,,102488,15,,,1,55,,102481,15,,,1,15,,102484,15,,,1,16,,102486,15,,,1,15,,102474,15,,,1,55,,102478,15,,,1,16,,102471,15,,,1,15,,102469,15,,,1,15,,102468,15,,,1,54,,102472,15,,,1,15,,102466,15,,,1,16,,102477,15,,,1,15,,102482,15,,,1,57,,102502,15,,,1,15,,102470,15,,,1,16,,102479,15,,,1,15,,102473,15,,,1,55,,102480,15,,,1,15,,102475,15,,,1,14,,102476,15,,,1
98400,'20263010',2542,,106117,9,,,0
98400,'20263511',2542,,106119,9,,,0
