25000,'20263010',1522,,99556,7,,,0,31,,99557,7,,,0,55,,99558,7,,,0,16,,99559,7,,,0,30,,99560,7,,,0,69,,99561,7,,,0,14,,99562,7,,,0,15,,99563,7,,,0
35000,'20263010',1235,,99812,11,4,,0,300,,99816,11,4,,0,109,,99813,11,4,,0,93,,99814,11,4,,0,109,,99815,11,4,,0
55000,'20263010',1535,,100019,9,4,,0,24,,100017,9,4,,0,96,,100016,9,4,,0,73,,100015,9,4,,0,26,,100018,9,4,,0
80202,'20263010',557,,101753,24,4,,1,56,,101817,24,4,,1,13,,101745,24,4,,1,11,,101766,24,4,,1,10,,101754,24,4,,1,11,,101833,24,4,,1,50,,101818,24,4,,1,10,,101746,24,4,,1,11,,101791,24,4,,1,12,,101810,24,4,,1,10,,101828,24,4,,1,50,,101779,24,4,,1,10,,101755,24,4,,1,10,,101819,24,4,,1,10,,101771,24,4,,1,11,,101826,24,4,,1,9,,101747,24,4,,1,8,,101792,24,4,,1,50,,101811,24,4,,1,10,,101756,24,4,,1,13,,101804,24,4,,1,15,,101820,24,4,,1,55,,101772,24,4,,1,15,,101793,24,4,,1,15,,101812,24,4,,1,15,,101780,24,4,,1,55,,101805,24,4,,1,15,,101773,24,4,,1,15,,101794,24,4,,1,15,,101813,24,4,,1,55,,101781,24,4,,1,14,,101757,24,4,,1,15,,101821,24,4,,1,15,,101748,24,4,,1,57,,101795,24,4,,1,15,,101814,24,4,,1,15,,101758,24,4,,1,15,,101806,24,4,,1,55,,101822,24,4,,1,15,,101749,24,4,,1,15,,101782,24,4,,1,15,,101759,24,4,,1,54,,101807,24,4,,1,16,,101774,24,4,,1,14,,101796,24,4,,1,10,,101815,24,4,,1,10,,101831,24,4,,1,51,,101783,24,4,,1,10,,101760,24,4,,1,10,,101827,24,4,,1,10,,101808,24,4,,1,10,,101823,24,4,,1,10,,101775,24,4,,1,50,,101750,24,4,,1,8,,101797,24,4,,1,10,,101799,24,4,,1,10,,101816,24,4,,1,10,,101784,24,4,,1,10,,101761,24,4,,1,51,,101809,24,4,,1,9,,101832,24,4,,1,9,,101824,24,4,,1,9,,101776,24,4,,1,13,,101798,24,4,,1,15,,101785,24,4,,1,55,,101762,24,4,,1,14,,101800,24,4,,1,15,,101786,24,4,,1,15,,101763,24,4,,1,55,,101767,24,4,,1,16,,101777,24,4,,1,15,,101801,24,4,,1,15,,101787,24,4,,1,55,,101764,24,4,,1,15,,101825,24,4,,1,14,,101768,24,4,,1,14,,101778,24,4,,1,55,,101802,24,4,,1,15,,101788,24,4,,1,15,,101769,24,4,,1,15,,101751,24,4,,1,55,,101803,24,4,,1,15,,101789,24,4,,1,15,,101765,24,4,,1,14,,101770,24,4,,1,55,,101752,24,4,,1,15,,101790,24,4,,1,15,,101830,24,4,,1,14,,101829,24,4,,1
80202,'20263510',549,,101895,24,4,,1,55,,101887,24,4,,1,14,,101893,24,4,,1,16,,101886,24,4,,1,16,,101896,24,4,,1,55,,101894,24,4,,1,15,,101890,24,4,,1,15,,101888,24,4,,1,16,,101892,24,4,,1,56,,101897,24,4,,1,16,,101891,24,4,,1,16,,101898,24,4,,1,15,,101899,24,4,,1,54,,101900,24,4,,1,15,,101901,24,4,,1,15,,101902,24,4,,1,16,,101903,24,4,,1,55,,101889,24,4,,1,15,,101905,24,4,,1,15,,101907,24,4,,1,16,,101911,24,4,,1,56,,101908,24,4,,1,15,,101910,24,4,,1,14,,101904,24,4,,1,15,,101906,24,4,,1,55,,101909,24,4,,1,15,,101846,24,4,,1,16,,101874,24,4,,1,14,,101838,24,4,,1,57,,101843,24,4,,1,13,,101834,24,4,,1,18,,101875,24,4,,1,14,,101839,24,4,,1,57,,101837,24,4,,1,14,,101845,24,4,,1,14,,101847,24,4,,1,16,,101844,24,4,,1,57,,101885,24,4,,1,15,,101835,24,4,,1,16,,101840,24,4,,1,12,,101848,24,4,,1,55,,101865,24,4,,1,13,,101836,24,4,,1,16,,101849,24,4,,1,14,,101850,24,4,,1,56,,101876,24,4,,1,16,,101851,24,4,,1,16,,101883,24,4,,1,14,,101841,24,4,,1,53,,101884,24,4,,1,15,,101852,24,4,,1,14,,101853,24,4,,1,14,,101854,24,4,,1,54,,101842,24,4,,1,15,,101855,24,4,,1,15,,101860,24,4,,1,15,,101861,24,4,,1,54,,101856,24,4,,1,14,,101857,24,4,,1,14,,101858,24,4,,1,15,,101859,24,4,,1,55,,101862,24,4,,1,15,,101863,24,4,,1,15,,101871,24,4,,1,14,,101868,24,4,,1,56,,101878,24,4,,1,15,,101870,24,4,,1,15,,101867,24,4,,1,14,,101877,24,4,,1,55,,101879,24,4,,1,15,,101864,24,4,,1,15,,101880,24,4,,1,16,,101869,24,4,,1,54,,101881,24,4,,1,14,,101866,24,4,,1,15,,101872,24,4,,1,14,,101882,24,4,,1,55,,101873,24,4,,1
80202,'20263511',549,,101973,24,4,,1,55,,101965,24,4,,1,14,,101971,24,4,,1,16,,101964,24,4,,1,16,,101974,24,4,,1,55,,101972,24,4,,1,15,,101968,24,4,,1,15,,101966,24,4,,1,16,,101970,24,4,,1,56,,101975,24,4,,1,16,,101969,24,4,,1,16,,101976,24,4,,1,15,,101977,24,4,,1,54,,101978,24,4,,1,15,,101979,24,4,,1,15,,101980,24,4,,1,16,,101981,24,4,,1,55,,101967,24,4,,1,15,,101983,24,4,,1,15,,101985,24,4,,1,16,,101989,24,4,,1,56,,101986,24,4,,1,15,,101988,24,4,,1,14,,101982,24,4,,1,15,,101984,24,4,,1,55,,101987,24,4,,1,15,,101924,24,4,,1,16,,101952,24,4,,1,14,,101916,24,4,,1,57,,101921,24,4,,1,13,,101912,24,4,,1,18,,101953,24,4,,1,14,,101917,24,4,,1,57,,101915,24,4,,1,14,,101923,24,4,,1,14,,101925,24,4,,1,16,,101922,24,4,,1,57,,101963,24,4,,1,15,,101913,24,4,,1,16,,101918,24,4,,1,12,,101926,24,4,,1,55,,101943,24,4,,1,13,,101914,24,4,,1,16,,101927,24,4,,1,14,,101928,24,4,,1,56,,101954,24,4,,1,16,,101929,24,4,,1,16,,101961,24,4,,1,14,,101919,24,4,,1,53,,101962,24,4,,1,15,,101930,24,4,,1,14,,101931,24,4,,1,14,,101932,24,4,,1,54,,101920,24,4,,1,15,,101933,24,4,,1,15,,101938,24,4,,1,15,,101939,24,4,,1,54,,101934,24,4,,1,14,,101935,24,4,,1,14,,101936,24,4,,1,15,,101937,24,4,,1,55,,101940,24,4,,1,15,,101941,24,4,,1,15,,101949,24,4,,1,14,,101946,24,4,,1,56,,101956,24,4,,1,15,,101948,24,4,,1,15,,101945,24,4,,1,14,,101955,24,4,,1,55,,101957,24,4,,1,15,,101942,24,4,,1,15,,101958,24,4,,1,16,,101947,24,4,,1,54,,101959,24,4,,1,14,,101944,24,4,,1,15,,101950,24,4,,1,14,,101960,24,4,,1,55,,101951,24,4,,1
80202,'20263610',549,,102060,24,4,,1,55,,102065,24,4,,1,14,,102057,24,4,,1,16,,102066,24,4,,1,16,,102055,24,4,,1,55,,102056,24,4,,1,15,,102061,24,4,,1,15,,102062,24,4,,1,16,,102067,24,4,,1,56,,102054,24,4,,1,16,,102063,24,4,,1,16,,102053,24,4,,1,15,,102049,24,4,,1,54,,102052,24,4,,1,15,,102051,24,4,,1,15,,102058,24,4,,1,16,,102050,24,4,,1,55,,102064,24,4,,1,15,,102048,24,4,,1,15,,102047,24,4,,1,16,,102043,24,4,,1,56,,102046,24,4,,1,15,,102042,24,4,,1,14,,102059,24,4,,1,15,,102045,24,4,,1,55,,102044,24,4,,1,15,,102022,24,4,,1,16,,101993,24,4,,1,14,,102039,24,4,,1,57,,102041,24,4,,1,13,,102033,24,4,,1,18,,101996,24,4,,1,14,,102032,24,4,,1,57,,102040,24,4,,1,14,,102034,24,4,,1,14,,102023,24,4,,1,16,,102030,24,4,,1,57,,101999,24,4,,1,15,,102037,24,4,,1,16,,102036,24,4,,1,12,,102027,24,4,,1,55,,102010,24,4,,1,13,,102038,24,4,,1,16,,102021,24,4,,1,14,,102026,24,4,,1,56,,101992,24,4,,1,16,,102029,24,4,,1,16,,102001,24,4,,1,14,,102035,24,4,,1,53,,102000,24,4,,1,15,,102025,24,4,,1,14,,102020,24,4,,1,14,,102024,24,4,,1,54,,102031,24,4,,1,15,,102028,24,4,,1,15,,102017,24,4,,1,15,,102011,24,4,,1,54,,102019,24,4,,1,14,,102015,24,4,,1,14,,102016,24,4,,1,15,,102018,24,4,,1,55,,102006,24,4,,1,15,,102009,24,4,,1,15,,102012,24,4,,1,14,,102008,24,4,,1,56,,101994,24,4,,1,15,,102003,24,4,,1,15,,102004,24,4,,1,14,,101997,24,4,,1,55,,101991,24,4,,1,15,,102014,24,4,,1,15,,101995,24,4,,1,16,,102007,24,4,,1,54,,101990,24,4,,1,14,,102013,24,4,,1,15,,102005,24,4,,1,14,,101998,24,4,,1,55,,102002,24,4,,1
80202,'20263611',549,,102138,24,4,,1,55,,102143,24,4,,1,14,,102135,24,4,,1,16,,102144,24,4,,1,16,,102133,24,4,,1,55,,102134,24,4,,1,15,,102139,24,4,,1,15,,102140,24,4,,1,16,,102145,24,4,,1,56,,102132,24,4,,1,16,,102141,24,4,,1,16,,102131,24,4,,1,15,,102127,24,4,,1,54,,102130,24,4,,1,15,,102129,24,4,,1,15,,102136,24,4,,1,16,,102128,24,4,,1,55,,102142,24,4,,1,15,,102126,24,4,,1,15,,102125,24,4,,1,16,,102121,24,4,,1,56,,102124,24,4,,1,15,,102120,24,4,,1,14,,102137,24,4,,1,15,,102123,24,4,,1,55,,102122,24,4,,1,15,,102100,24,4,,1,16,,102071,24,4,,1,14,,102117,24,4,,1,57,,102119,24,4,,1,13,,102111,24,4,,1,18,,102074,24,4,,1,14,,102110,24,4,,1,57,,102118,24,4,,1,14,,102112,24,4,,1,14,,102101,24,4,,1,16,,102108,24,4,,1,57,,102077,24,4,,1,15,,102115,24,4,,1,16,,102114,24,4,,1,12,,102105,24,4,,1,55,,102088,24,4,,1,13,,102116,24,4,,1,16,,102099,24,4,,1,14,,102104,24,4,,1,56,,102070,24,4,,1,16,,102107,24,4,,1,16,,102079,24,4,,1,14,,102113,24,4,,1,53,,102078,24,4,,1,15,,102103,24,4,,1,14,,102098,24,4,,1,14,,102102,24,4,,1,54,,102109,24,4,,1,15,,102106,24,4,,1,15,,102095,24,4,,1,15,,102089,24,4,,1,54,,102097,24,4,,1,14,,102093,24,4,,1,14,,102094,24,4,,1,15,,102096,24,4,,1,55,,102084,24,4,,1,15,,102087,24,4,,1,15,,102090,24,4,,1,14,,102086,24,4,,1,56,,102072,24,4,,1,15,,102081,24,4,,1,15,,102082,24,4,,1,14,,102075,24,4,,1,55,,102069,24,4,,1,15,,102092,24,4,,1,15,,102073,24,4,,1,16,,102085,24,4,,1,54,,102068,24,4,,1,14,,102091,24,4,,1,15,,102083,24,4,,1,14,,102076,24,4,,1,55,,102080,24,4,,1
80203,'20263010',529,,102146,1,,,1,14,,102167,1,,,1,12,,102157,1,,,1,49,,102218,1,,,1,10,,102232,1,,,1,9,,102147,1,,,1,9,,102168,1,,,1,11,,102183,1,,,1,10,,102158,1,,,1,48,,102205,1,,,1,9,,102219,1,,,1,10,,102226,1,,,1,9,,102173,1,,,1,9,,102148,1,,,1,10,,102195,1,,,1,10,,102227,1,,,1,50,,102212,1,,,1,12,,102159,1,,,1,11,,102206,1,,,1,10,,102231,1,,,1,13,,102220,1,,,1,55,,102174,1,,,1,16,,102213,1,,,1,14,,102184,1,,,1,15,,102160,1,,,1,55,,102207,1,,,1,15,,102175,1,,,1,15,,102149,1,,,1,15,,102214,1,,,1,55,,102208,1,,,1,15,,102221,1,,,1,15,,102150,1,,,1,15,,102215,1,,,1,55,,102185,1,,,1,15,,102209,1,,,1,15,,102176,1,,,1,16,,102151,1,,,1,53,,102196,1,,,1,15,,102186,1,,,1,15,,102210,1,,,1,15,,102177,1,,,1,55,,102152,1,,,1,15,,102197,1,,,1,15,,102187,1,,,1,13,,102211,1,,,1,50,,102222,1,,,1,10,,102178,1,,,1,9,,102233,1,,,1,10,,102198,1,,,1,8,,102201,1,,,1,11,,102229,1,,,1,10,,102216,1,,,1,51,,102188,1,,,1,10,,102161,1,,,1,11,,102223,1,,,1,10,,102179,1,,,1,10,,102228,1,,,1,50,,102153,1,,,1,11,,102199,1,,,1,11,,102217,1,,,1,10,,102189,1,,,1,10,,102234,1,,,1,10,,102225,1,,,1,53,,102224,1,,,1,15,,102180,1,,,1,16,,102230,1,,,1,15,,102154,1,,,1,56,,102200,1,,,1,14,,102190,1,,,1,16,,102162,1,,,1,15,,102169,1,,,1,56,,102181,1,,,1,15,,102202,1,,,1,15,,102191,1,,,1,15,,102163,1,,,1,55,,102170,1,,,1,15,,102182,1,,,1,15,,102203,1,,,1,15,,102192,1,,,1,55,,102164,1,,,1,15,,102171,1,,,1,15,,102155,1,,,1,16,,102193,1,,,1,55,,102165,1,,,1,16,,102172,1,,,1,15,,102156,1,,,1,16,,102204,1,,,1,55,,102194,1,,,1,15,,102166,1,,,1
80203,'20263510',529,,102300,1,,,1,15,,102291,1,,,1,14,,102285,1,,,1,54,,102287,1,,,1,14,,102292,1,,,1,14,,102293,1,,,1,15,,102298,1,,,1,55,,102288,1,,,1,15,,102299,1,,,1,15,,102294,1,,,1,14,,102286,1,,,1,54,,102295,1,,,1,15,,102290,1,,,1,14,,102301,1,,,1,15,,102296,1,,,1,54,,102289,1,,,1,14,,102297,1,,,1,14,,102302,1,,,1,15,,102303,1,,,1,55,,102307,1,,,1,15,,102308,1,,,1,14,,102304,1,,,1,15,,102305,1,,,1,54,,102309,1,,,1,15,,102306,1,,,1,15,,102310,1,,,1,14,,102311,1,,,1,55,,102244,1,,,1,13,,102235,1,,,1,18,,102242,1,,,1,13,,102247,1,,,1,56,,102249,1,,,1,14,,102245,1,,,1,14,,102236,1,,,1,16,,102240,1,,,1,56,,102248,1,,,1,15,,102237,1,,,1,16,,102238,1,,,1,15,,102250,1,,,1,54,,102282,1,,,1,13,,102241,1,,,1,16,,102281,1,,,1,14,,102243,1,,,1,57,,102251,1,,,1,16,,102252,1,,,1,16,,102270,1,,,1,15,,102284,1,,,1,53,,102253,1,,,1,17,,102254,1,,,1,15,,102283,1,,,1,14,,102239,1,,,1,54,,102255,1,,,1,17,,102256,1,,,1,15,,102257,1,,,1,15,,102258,1,,,1,56,,102261,1,,,1,14,,102259,1,,,1,15,,102260,1,,,1,16,,102265,1,,,1,55,,102263,1,,,1,16,,102262,1,,,1,15,,102264,1,,,1,15,,102269,1,,,1,56,,102279,1,,,1,15,,102278,1,,,1,15,,102280,1,,,1,14,,102276,1,,,1,56,,102275,1,,,1,16,,102271,1,,,1,15,,102274,1,,,1,17,,102246,1,,,1,55,,102277,1,,,1,16,,102268,1,,,1,16,,102266,1,,,1,16,,102267,1,,,1,55,,102273,1,,,1,15,,102272,1,,,1
80203,'20263511',529,,102377,1,,,1,15,,102368,1,,,1,14,,102362,1,,,1,54,,102364,1,,,1,14,,102369,1,,,1,14,,102370,1,,,1,15,,102375,1,,,1,55,,102365,1,,,1,15,,102376,1,,,1,15,,102371,1,,,1,14,,102363,1,,,1,54,,102372,1,,,1,15,,102367,1,,,1,14,,102378,1,,,1,15,,102373,1,,,1,54,,102366,1,,,1,14,,102374,1,,,1,14,,102379,1,,,1,15,,102380,1,,,1,55,,102384,1,,,1,15,,102385,1,,,1,14,,102381,1,,,1,15,,102382,1,,,1,54,,102386,1,,,1,15,,102383,1,,,1,15,,102387,1,,,1,14,,102388,1,,,1,55,,102321,1,,,1,13,,102312,1,,,1,18,,102319,1,,,1,13,,102324,1,,,1,56,,102326,1,,,1,14,,102322,1,,,1,14,,102313,1,,,1,16,,102317,1,,,1,56,,102325,1,,,1,15,,102314,1,,,1,16,,102315,1,,,1,15,,102327,1,,,1,54,,102359,1,,,1,13,,102318,1,,,1,16,,102358,1,,,1,14,,102320,1,,,1,57,,102328,1,,,1,16,,102329,1,,,1,16,,102347,1,,,1,15,,102361,1,,,1,53,,102330,1,,,1,17,,102331,1,,,1,15,,102360,1,,,1,14,,102316,1,,,1,54,,102332,1,,,1,17,,102333,1,,,1,15,,102334,1,,,1,15,,102335,1,,,1,56,,102338,1,,,1,14,,102336,1,,,1,15,,102337,1,,,1,16,,102342,1,,,1,55,,102340,1,,,1,16,,102339,1,,,1,15,,102341,1,,,1,15,,102346,1,,,1,56,,102356,1,,,1,15,,102355,1,,,1,15,,102357,1,,,1,14,,102353,1,,,1,56,,102352,1,,,1,16,,102348,1,,,1,15,,102351,1,,,1,17,,102323,1,,,1,55,,102354,1,,,1,16,,102345,1,,,1,16,,102343,1,,,1,16,,102344,1,,,1,55,,102350,1,,,1,15,,102349,1,,,1
80203,'20263610',529,,102444,1,,,1,15,,102458,1,,,1,14,,102457,1,,,1,54,,102459,1,,,1,14,,102460,1,,,1,14,,102454,1,,,1,15,,102449,1,,,1,55,,102463,1,,,1,15,,102447,1,,,1,15,,102452,1,,,1,14,,102456,1,,,1,54,,102465,1,,,1,15,,102462,1,,,1,14,,102445,1,,,1,15,,102443,1,,,1,54,,102461,1,,,1,14,,102446,1,,,1,14,,102448,1,,,1,15,,102451,1,,,1,55,,102437,1,,,1,15,,102440,1,,,1,14,,102442,1,,,1,15,,102450,1,,,1,54,,102441,1,,,1,15,,102436,1,,,1,15,,102439,1,,,1,14,,102438,1,,,1,55,,102423,1,,,1,13,,102434,1,,,1,18,,102433,1,,,1,13,,102430,1,,,1,56,,102415,1,,,1,14,,102422,1,,,1,14,,102429,1,,,1,16,,102427,1,,,1,56,,102414,1,,,1,15,,102431,1,,,1,16,,102428,1,,,1,15,,102417,1,,,1,54,,102464,1,,,1,13,,102432,1,,,1,16,,102390,1,,,1,14,,102426,1,,,1,57,,102424,1,,,1,16,,102413,1,,,1,16,,102406,1,,,1,15,,102455,1,,,1,53,,102416,1,,,1,17,,102421,1,,,1,15,,102453,1,,,1,14,,102435,1,,,1,54,,102420,1,,,1,17,,102419,1,,,1,15,,102418,1,,,1,15,,102412,1,,,1,56,,102410,1,,,1,14,,102408,1,,,1,15,,102411,1,,,1,16,,102404,1,,,1,55,,102407,1,,,1,16,,102409,1,,,1,15,,102397,1,,,1,15,,102401,1,,,1,56,,102394,1,,,1,15,,102392,1,,,1,15,,102391,1,,,1,14,,102395,1,,,1,56,,102389,1,,,1,16,,102400,1,,,1,15,,102405,1,,,1,17,,102425,1,,,1,55,,102393,1,,,1,16,,102402,1,,,1,16,,102396,1,,,1,16,,102403,1,,,1,55,,102398,1,,,1,15,,102399,1,,,1
80203,'20263611',529,,102521,1,,,1,15,,102535,1,,,1,14,,102534,1,,,1,54,,102536,1,,,1,14,,102537,1,,,1,14,,102531,1,,,1,15,,102526,1,,,1,55,,102540,1,,,1,15,,102524,1,,,1,15,,102529,1,,,1,14,,102533,1,,,1,54,,102542,1,,,1,15,,102539,1,,,1,14,,102522,1,,,1,15,,102520,1,,,1,54,,102538,1,,,1,14,,102523,1,,,1,14,,102525,1,,,1,15,,102528,1,,,1,55,,102514,1,,,1,15,,102517,1,,,1,14,,102519,1,,,1,15,,102527,1,,,1,54,,102518,1,,,1,15,,102513,1,,,1,15,,102516,1,,,1,14,,102515,1,,,1,55,,102500,1,,,1,13,,102511,1,,,1,18,,102510,1,,,1,13,,102507,1,,,1,56,,102492,1,,,1,14,,102499,1,,,1,14,,102506,1,,,1,16,,102504,1,,,1,56,,102491,1,,,1,15,,102508,1,,,1,16,,102505,1,,,1,15,,102494,1,,,1,54,,102541,1,,,1,13,,102509,1,,,1,16,,102467,1,,,1,14,,102503,1,,,1,57,,102501,1,,,1,16,,102490,1,,,1,16,,102483,1,,,1,15,,102532,1,,,1,53,,102493,1,,,1,17,,102498,1,,,1,15,,102530,1,,,1,14,,102512,1,,,1,54,,102497,1,,,1,17,,102496,1,,,1,15,,102495,1,,,1,15,,102489,1,,,1,56,,102487,1,,,1,14,,102485,1,,,1,15,,102488,1,,,1,16,,102481,1,,,1,55,,102484,1,,,1,16,,102486,1,,,1,15,,102474,1,,,1,15,,102478,1,,,1,56,,102471,1,,,1,15,,102469,1,,,1,15,,102468,1,,,1,14,,102472,1,,,1,56,,102466,1,,,1,16,,102477,1,,,1,15,,102482,1,,,1,17,,102502,1,,,1,55,,102470,1,,,1,16,,102479,1,,,1,16,,102473,1,,,1,16,,102480,1,,,1,55,,102475,1,,,1,15,,102476,1,,,1
95400,'20263010',2547,3,106102,14,,,0,170,3,106103,14,,,0
95400,'20263510',2547,3,106104,14,,,0,170,3,106105,14,,,0
95400,'20263511',2547,3,106106,14,,,0,170,3,106107,14,,,0
