5103,'20263010',608,,94113,23,,,0,99,,94114,23,,,0,104,,94115,23,,,0,98,,94116,23,,,0,99,,94117,23,,,0,101,,94118,23,,,0,100,,94119,23,,,0,99,,94120,23,,,0,100,,94121,23,,,0,100,,94122,23,,,0,101,,94123,23,,,0,102,,94124,23,,,0,97,,94125,23,,,0,99,,94126,23,,,0,100,,94127,23,,,0,99,,94128,23,,,0,101,,94129,23,,,0,100,,94130,23,,,0
5103,'20263510',710,,94147,23,,,0,100,,94131,23,,,0,100,,94132,23,,,0,100,,94133,23,,,0,100,,94134,23,,,0,101,,94135,23,,,0,104,,94136,23,,,0,100,,94137,23,,,0,100,,94138,23,,,0,96,,94139,23,,,0,103,,94140,23,,,0,96,,94141,23,,,0,95,,94142,23,,,0,101,,94143,23,,,0,100,,94144,23,,,0,100,,94145,23,,,0,100,,94146,23,,,0
5103,'20263511',710,,94164,23,,,0,100,,94148,23,,,0,100,,94149,23,,,0,100,,94150,23,,,0,100,,94151,23,,,0,101,,94152,23,,,0,104,,94153,23,,,0,100,,94154,23,,,0,100,,94155,23,,,0,96,,94156,23,,,0,103,,94157,23,,,0,96,,94158,23,,,0,95,,94159,23,,,0,101,,94160,23,,,0,100,,94161,23,,,0,100,,94162,23,,,0,100,,94163,23,,,0
5103,'20263610',710,,94179,23,,,0,100,,94168,23,,,0,100,,94169,23,,,0,100,,94170,23,,,0,100,,94165,23,,,0,101,,94171,23,,,0,104,,94166,23,,,0,100,,94172,23,,,0,100,,94173,23,,,0,96,,94174,23,,,0,103,,94167,23,,,0,96,,94178,23,,,0,95,,94180,23,,,0,101,,94175,23,,,0,100,,94176,23,,,0,100,,94181,23,,,0,100,,94177,23,,,0
5103,'20263611',710,,94196,23,,,0,100,,94185,23,,,0,100,,94186,23,,,0,100,,94187,23,,,0,100,,94182,23,,,0,101,,94188,23,,,0,104,,94183,23,,,0,100,,94189,23,,,0,100,,94190,23,,,0,96,,94191,23,,,0,103,,94184,23,,,0,96,,94195,23,,,0,95,,94197,23,,,0,101,,94192,23,,,0,100,,94193,23,,,0,100,,94198,23,,,0,100,,94194,23,,,0
5601,'20263010',1630,,95027,33,,,0,27,,95029,33,,,0,71,,95028,33,,,0
5701,'20263010',616,,95117,31,,,0,28,,95118,31,,,0,67,,95119,31,,,0,34,,95120,31,,,0,73,,95121,31,,,0,30,,95122,31,,,0,62,,95123,31,,,0,39,,95124,31,,,0,99,,95125,31,,,0,101,,95126,31,,,0,100,,95127,31,,,0,101,,95128,31,,,0,101,,95136,31,,,0,104,,95129,31,,,0,271,,95130,31,,,0,98,,95131,31,,,0,97,,95132,31,,,0,100,,95133,31,,,0,100,,95134,31,,,0,101,,95135,31,,,0
5701,'20263510',748,,95137,31,,,0,101,,95138,31,,,0,101,,95139,31,,,0,100,,95140,31,,,0,101,,95141,31,,,0,98,,95142,31,,,0,98,,95143,31,,,0,98,,95144,31,,,0,105,,95145,31,,,0,104,,95146,31,,,0,99,,95147,31,,,0,96,,95148,31,,,0,100,,95149,31,,,0,99,,95150,31,,,0,100,,95151,31,,,0,101,,95152,31,,,0
5701,'20263511',748,,95153,31,,,0,101,,95154,31,,,0,101,,95155,31,,,0,100,,95156,31,,,0,101,,95157,31,,,0,98,,95158,31,,,0,98,,95159,31,,,0,98,,95160,31,,,0,105,,95161,31,,,0,104,,95162,31,,,0,99,,95163,31,,,0,96,,95164,31,,,0,100,,95165,31,,,0,99,,95166,31,,,0,100,,95167,31,,,0,101,,95168,31,,,0
5701,'20263610',748,,95171,31,,,0,101,,95170,31,,,0,101,,95169,31,,,0,100,,95174,31,,,0,101,,95176,31,,,0,98,,95172,31,,,0,98,,95182,31,,,0,98,,95178,31,,,0,105,,95173,31,,,0,104,,95175,31,,,0,99,,95181,31,,,0,96,,95177,31,,,0,100,,95183,31,,,0,99,,95179,31,,,0,100,,95180,31,,,0,101,,95184,31,,,0
5701,'20263611',748,,95187,31,,,0,101,,95186,31,,,0,101,,95185,31,,,0,100,,95190,31,,,0,101,,95192,31,,,0,98,,95188,31,,,0,98,,95198,31,,,0,98,,95194,31,,,0,105,,95189,31,,,0,104,,95191,31,,,0,99,,95197,31,,,0,96,,95193,31,,,0,100,,95199,31,,,0,99,,95195,31,,,0,100,,95196,31,,,0,101,,95200,31,,,0
80003,'20263010',458,,100624,18,,,1,55,,100537,18,,,1,15,,100563,18,,,1,15,,100560,18,,,1,13,,100542,18,,,1,49,,100562,18,,,1,10,,100539,18,,,1,10,,100550,18,,,1,10,,100618,18,,,1,10,,100617,18,,,1,10,,100616,18,,,1,49,,100615,18,,,1,10,,100614,18,,,1,9,,100613,18,,,1,7,,100612,18,,,1,8,,100611,18,,,1,11,,100610,18,,,1,10,,100609,18,,,1,54,,100608,18,,,1,15,,100607,18,,,1,15,,100606,18,,,1,14,,100605,18,,,1,55,,100604,18,,,1,15,,100603,18,,,1,15,,100602,18,,,1,16,,100601,18,,,1,53,,100600,18,,,1,15,,100599,18,,,1,15,,100598,18,,,1,16,,100597,18,,,1,55,,100596,18,,,1,15,,100595,18,,,1,15,,100594,18,,,1,15,,100593,18,,,1,55,,100592,18,,,1,15,,100591,18,,,1,15,,100590,18,,,1,15,,100589,18,,,1,55,,100588,18,,,1,15,,100587,18,,,1,15,,100586,18,,,1,15,,100585,18,,,1,54,,100552,18,,,1,16,,100584,18,,,1,15,,100561,18,,,1,14,,100558,18,,,1,52,,100583,18,,,1,11,,100565,18,,,1,10,,100623,18,,,1,10,,100620,18,,,1,9,,100564,18,,,1,11,,100547,18,,,1,50,,100566,18,,,1,10,,100582,18,,,1,10,,100541,18,,,1,10,,100534,18,,,1,10,,100555,18,,,1,10,,100581,18,,,1,51,,100536,18,,,1,10,,100535,18,,,1,10,,100580,18,,,1,10,,100579,18,,,1,12,,100621,18,,,1,49,,100538,18,,,1,13,,100540,18,,,1,15,,100578,18,,,1,15,,100556,18,,,1,57,,100622,18,,,1,14,,100577,18,,,1,14,,100544,18,,,1,14,,100543,18,,,1,15,,100576,18,,,1,56,,100545,18,,,1,15,,100575,18,,,1,15,,100574,18,,,1,15,,100546,18,,,1,56,,100573,18,,,1,15,,100549,18,,,1,15,,100548,18,,,1,55,,100572,18,,,1,15,,100551,18,,,1,15,,100571,18,,,1,16,,100553,18,,,1,13,,100570,18,,,1,55,,100554,18,,,1,16,,100569,18,,,1,16,,100557,18,,,1,54,,100568,18,,,1,16,,100559,18,,,1,16,,100567,18,,,1,15,,100619,18,,,1
80003,'20263510',539,,100625,18,,,1,15,,100626,18,,,1,55,,100627,18,,,1,15,,100628,18,,,1,15,,100629,18,,,1,16,,100630,18,,,1,55,,100631,18,,,1,15,,100633,18,,,1,15,,100634,18,,,1,15,,100635,18,,,1,56,,100632,18,,,1,15,,100636,18,,,1,15,,100637,18,,,1,15,,100638,18,,,1,55,,100639,18,,,1,15,,100640,18,,,1,14,,100641,18,,,1,15,,100642,18,,,1,55,,100643,18,,,1,16,,100645,18,,,1,16,,100646,18,,,1,15,,100647,18,,,1,55,,100644,18,,,1,15,,100648,18,,,1,16,,100649,18,,,1,16,,100650,18,,,1,53,,100651,18,,,1,14,,100652,18,,,1,15,,100654,18,,,1,15,,100653,18,,,1,55,,100655,18,,,1,14,,100656,18,,,1,16,,100657,18,,,1,15,,100658,18,,,1,55,,100659,18,,,1,15,,100660,18,,,1,14,,100661,18,,,1,15,,100663,18,,,1,55,,100664,18,,,1,15,,100665,18,,,1,14,,100662,18,,,1,16,,100666,18,,,1,55,,100667,18,,,1,16,,100668,18,,,1,14,,100669,18,,,1,16,,100670,18,,,1,56,,100671,18,,,1,14,,100672,18,,,1,16,,100674,18,,,1,16,,100675,18,,,1,55,,100676,18,,,1,17,,100673,18,,,1,13,,100677,18,,,1,15,,100678,18,,,1,55,,100679,18,,,1,15,,100680,18,,,1,15,,100682,18,,,1,15,,100683,18,,,1,57,,100684,18,,,1,17,,100681,18,,,1,14,,100685,18,,,1,54,,100686,18,,,1,15,,100687,18,,,1,15,,100688,18,,,1,15,,100689,18,,,1,55,,100690,18,,,1,16,,100691,18,,,1,14,,100693,18,,,1,15,,100694,18,,,1,55,,100695,18,,,1,15,,100692,18,,,1,15,,100696,18,,,1,14,,100697,18,,,1,15,,100698,18,,,1,54,,100699,18,,,1,15,,100700,18,,,1,15,,100701,18,,,1
80003,'20263511',539,,100702,18,,,1,15,,100703,18,,,1,55,,100704,18,,,1,15,,100705,18,,,1,15,,100706,18,,,1,16,,100707,18,,,1,55,,100708,18,,,1,15,,100710,18,,,1,15,,100711,18,,,1,15,,100712,18,,,1,56,,100709,18,,,1,15,,100713,18,,,1,15,,100714,18,,,1,15,,100715,18,,,1,55,,100716,18,,,1,15,,100717,18,,,1,14,,100718,18,,,1,15,,100719,18,,,1,55,,100720,18,,,1,16,,100722,18,,,1,16,,100723,18,,,1,15,,100724,18,,,1,55,,100721,18,,,1,15,,100725,18,,,1,16,,100726,18,,,1,16,,100727,18,,,1,53,,100728,18,,,1,14,,100729,18,,,1,15,,100731,18,,,1,15,,100730,18,,,1,55,,100732,18,,,1,14,,100733,18,,,1,16,,100734,18,,,1,15,,100735,18,,,1,55,,100736,18,,,1,15,,100737,18,,,1,14,,100738,18,,,1,15,,100740,18,,,1,55,,100741,18,,,1,15,,100742,18,,,1,14,,100739,18,,,1,16,,100743,18,,,1,55,,100744,18,,,1,16,,100745,18,,,1,14,,100746,18,,,1,16,,100747,18,,,1,56,,100748,18,,,1,14,,100749,18,,,1,16,,100751,18,,,1,16,,100752,18,,,1,55,,100753,18,,,1,17,,100750,18,,,1,13,,100754,18,,,1,15,,100755,18,,,1,55,,100756,18,,,1,15,,100757,18,,,1,15,,100759,18,,,1,15,,100760,18,,,1,57,,100761,18,,,1,17,,100758,18,,,1,14,,100762,18,,,1,54,,100763,18,,,1,15,,100764,18,,,1,15,,100765,18,,,1,15,,100766,18,,,1,55,,100767,18,,,1,16,,100768,18,,,1,14,,100770,18,,,1,15,,100771,18,,,1,55,,100772,18,,,1,15,,100769,18,,,1,15,,100773,18,,,1,14,,100774,18,,,1,15,,100775,18,,,1,54,,100776,18,,,1,15,,100777,18,,,1,15,,100778,18,,,1
80003,'20263610',539,,100796,18,,,1,15,,100786,18,,,1,55,,100791,18,,,1,15,,100784,18,,,1,15,,100797,18,,,1,16,,100782,18,,,1,55,,100781,18,,,1,15,,100790,18,,,1,15,,100798,18,,,1,15,,100779,18,,,1,56,,100792,18,,,1,15,,100785,18,,,1,15,,100780,18,,,1,15,,100799,18,,,1,55,,100800,18,,,1,15,,100794,18,,,1,14,,100787,18,,,1,15,,100795,18,,,1,55,,100788,18,,,1,16,,100802,18,,,1,16,,100783,18,,,1,15,,100803,18,,,1,55,,100801,18,,,1,15,,100806,18,,,1,16,,100804,18,,,1,16,,100789,18,,,1,53,,100811,18,,,1,14,,100805,18,,,1,15,,100812,18,,,1,15,,100807,18,,,1,55,,100808,18,,,1,14,,100809,18,,,1,16,,100810,18,,,1,15,,100793,18,,,1,55,,100813,18,,,1,15,,100829,18,,,1,14,,100822,18,,,1,15,,100825,18,,,1,55,,100819,18,,,1,15,,100828,18,,,1,14,,100820,18,,,1,16,,100821,18,,,1,55,,100815,18,,,1,16,,100830,18,,,1,14,,100831,18,,,1,16,,100826,18,,,1,56,,100816,18,,,1,14,,100823,18,,,1,16,,100827,18,,,1,16,,100832,18,,,1,55,,100833,18,,,1,17,,100824,18,,,1,13,,100814,18,,,1,15,,100834,18,,,1,55,,100835,18,,,1,15,,100836,18,,,1,15,,100837,18,,,1,15,,100818,18,,,1,57,,100847,18,,,1,17,,100817,18,,,1,14,,100852,18,,,1,54,,100839,18,,,1,15,,100841,18,,,1,15,,100849,18,,,1,15,,100843,18,,,1,55,,100842,18,,,1,16,,100850,18,,,1,14,,100838,18,,,1,15,,100846,18,,,1,55,,100845,18,,,1,15,,100844,18,,,1,15,,100851,18,,,1,14,,100853,18,,,1,15,,100854,18,,,1,54,,100840,18,,,1,15,,100848,18,,,1,15,,100855,18,,,1
80003,'20263611',539,,100873,18,,,1,15,,100863,18,,,1,55,,100868,18,,,1,15,,100861,18,,,1,15,,100874,18,,,1,16,,100859,18,,,1,55,,100858,18,,,1,15,,100867,18,,,1,15,,100875,18,,,1,15,,100856,18,,,1,56,,100869,18,,,1,15,,100862,18,,,1,15,,100857,18,,,1,15,,100876,18,,,1,55,,100877,18,,,1,15,,100871,18,,,1,14,,100864,18,,,1,15,,100872,18,,,1,55,,100865,18,,,1,16,,100879,18,,,1,16,,100860,18,,,1,15,,100880,18,,,1,55,,100878,18,,,1,15,,100883,18,,,1,16,,100881,18,,,1,16,,100866,18,,,1,53,,100888,18,,,1,14,,100882,18,,,1,15,,100889,18,,,1,15,,100884,18,,,1,55,,100885,18,,,1,14,,100886,18,,,1,16,,100887,18,,,1,15,,100870,18,,,1,55,,100890,18,,,1,15,,100906,18,,,1,14,,100899,18,,,1,15,,100902,18,,,1,55,,100896,18,,,1,15,,100905,18,,,1,14,,100897,18,,,1,16,,100898,18,,,1,55,,100892,18,,,1,16,,100907,18,,,1,14,,100908,18,,,1,16,,100903,18,,,1,56,,100893,18,,,1,14,,100900,18,,,1,16,,100904,18,,,1,16,,100909,18,,,1,55,,100910,18,,,1,17,,100901,18,,,1,13,,100891,18,,,1,15,,100911,18,,,1,55,,100912,18,,,1,15,,100913,18,,,1,15,,100914,18,,,1,15,,100895,18,,,1,57,,100924,18,,,1,17,,100894,18,,,1,14,,100929,18,,,1,54,,100916,18,,,1,15,,100918,18,,,1,15,,100926,18,,,1,15,,100920,18,,,1,55,,100919,18,,,1,16,,100927,18,,,1,14,,100915,18,,,1,15,,100923,18,,,1,55,,100922,18,,,1,15,,100921,18,,,1,15,,100928,18,,,1,14,,100930,18,,,1,15,,100931,18,,,1,54,,100917,18,,,1,15,,100925,18,,,1,15,,100932,18,,,1
