7401,'20263010',629,,96816,65,,,1,102,,96817,65,,,1,100,,96818,65,,,1,98,,96819,65,,,1,100,,96820,65,,,1,101,,96821,65,,,1,100,,96822,65,,,1,100,,96823,65,,,1,100,,96824,65,,,1,101,,96825,65,,,1,103,,96831,65,,,1,97,,96826,65,,,1,99,,96827,65,,,1,99,,96833,65,,,1,100,,96828,65,,,1,100,,96832,65,,,1,99,,96829,65,,,1,130,,96830,65,,,1
7401,'20263510',728,,96850,65,,,1,100,,96836,65,,,1,101,,96837,65,,,1,100,,96851,65,,,1,100,,96844,65,,,1,100,,96845,65,,,1,100,,96846,65,,,1,100,,96847,65,,,1,100,,96848,65,,,1,100,,96849,65,,,1,100,,96838,65,,,1,99,,96842,65,,,1,100,,96843,65,,,1,100,,96839,65,,,1,100,,96840,65,,,1,100,,96841,65,,,1
7401,'20263511',728,,96867,65,,,1,100,,96853,65,,,1,101,,96854,65,,,1,100,,96868,65,,,1,100,,96861,65,,,1,100,,96862,65,,,1,100,,96863,65,,,1,100,,96864,65,,,1,100,,96865,65,,,1,100,,96866,65,,,1,100,,96855,65,,,1,99,,96859,65,,,1,100,,96860,65,,,1,100,,96856,65,,,1,100,,96857,65,,,1,100,,96858,65,,,1
7401,'20263610',728,,96870,65,,,1,100,,96885,65,,,1,101,,96871,65,,,1,100,,96886,65,,,1,100,,96873,65,,,1,100,,96874,65,,,1,100,,96875,65,,,1,100,,96876,65,,,1,100,,96877,65,,,1,100,,96878,65,,,1,100,,96879,65,,,1,99,,96880,65,,,1,100,,96881,65,,,1,100,,96882,65,,,1,100,,96883,65,,,1,100,,96884,65,,,1
7401,'20263611',728,,96887,65,,,1,100,,96902,65,,,1,101,,96888,65,,,1,100,,96903,65,,,1,100,,96890,65,,,1,100,,96891,65,,,1,100,,96892,65,,,1,100,,96893,65,,,1,100,,96894,65,,,1,100,,96895,65,,,1,100,,96896,65,,,1,99,,96897,65,,,1,100,,96898,65,,,1,100,,96899,65,,,1,100,,96900,65,,,1,100,,96901,65,,,1
8401,'20263010',701,,98158,79,,,1,101,,98159,79,,,1,98,,98160,79,,,1,59,,98161,79,,,1,100,,98162,79,,,1,141,,98163,79,,,1,100,,98164,79,,,1,100,,98165,79,,,1,100,,98166,79,,,1,102,,98167,79,,,1,101,,98168,79,,,1,97,,98169,79,,,1,59,,98170,79,,,1,100,,98171,79,,,1,100,,98172,79,,,1,99,,98173,79,,,1,100,,98174,79,,,1,100,,98176,79,,,1
8401,'20263510',658,,98179,79,,,1,100,,98194,79,,,1,101,,98180,79,,,1,100,,98193,79,,,1,100,,98181,79,,,1,100,,98188,79,,,1,100,,98189,79,,,1,100,,98190,79,,,1,100,,98191,79,,,1,100,,98192,79,,,1,100,,98183,79,,,1,99,,98182,79,,,1,100,,98184,79,,,1,100,,98187,79,,,1,100,,98186,79,,,1,100,,98185,79,,,1,100,,98195,79,,,1,100,,98196,79,,,1
8401,'20263511',658,,98197,79,,,1,100,,98212,79,,,1,101,,98198,79,,,1,100,,98211,79,,,1,100,,98199,79,,,1,100,,98206,79,,,1,100,,98207,79,,,1,100,,98208,79,,,1,100,,98209,79,,,1,100,,98210,79,,,1,100,,98201,79,,,1,99,,98200,79,,,1,100,,98202,79,,,1,100,,98205,79,,,1,100,,98204,79,,,1,100,,98203,79,,,1,100,,98213,79,,,1,100,,98214,79,,,1
8401,'20263610',658,,98227,79,,,1,100,,98231,79,,,1,101,,98230,79,,,1,100,,98228,79,,,1,100,,98215,79,,,1,100,,98221,79,,,1,100,,98216,79,,,1,100,,98222,79,,,1,100,,98217,79,,,1,100,,98223,79,,,1,100,,98218,79,,,1,99,,98224,79,,,1,100,,98219,79,,,1,100,,98225,79,,,1,100,,98220,79,,,1,100,,98226,79,,,1,100,,98229,79,,,1,100,,98232,79,,,1
8401,'20263611',658,,98245,79,,,1,100,,98249,79,,,1,101,,98248,79,,,1,100,,98246,79,,,1,100,,98233,79,,,1,100,,98239,79,,,1,100,,98234,79,,,1,100,,98240,79,,,1,100,,98235,79,,,1,100,,98241,79,,,1,100,,98236,79,,,1,99,,98242,79,,,1,100,,98237,79,,,1,100,,98243,79,,,1,100,,98238,79,,,1,100,,98244,79,,,1,100,,98247,79,,,1,100,,98250,79,,,1
