7401,'20263010',642,,96816,82,,,1,103,,96817,82,,,1,98,,96818,82,,,1,98,,96819,82,,,1,100,,96820,82,,,1,101,,96821,82,,,1,101,,96822,82,,,1,100,,96823,82,,,1,101,,96824,82,,,1,103,,96825,82,,,1,104,,96831,82,,,1,94,,96826,82,,,1,97,,96827,82,,,1,98,,96833,82,,,1,99,,96828,82,,,1,100,,96832,82,,,1,99,,96829,82,,,1,170,,96830,82,,,1
7401,'20263511',739,,96867,82,,,1,100,,96853,82,,,1,101,,96854,82,,,1,100,,96868,82,,,1,100,,96861,82,,,1,100,,96862,82,,,1,102,,96863,82,,,1,100,,96864,82,,,1,100,,96865,82,,,1,99,,96866,82,,,1,100,,96855,82,,,1,98,,96859,82,,,1,100,,96860,82,,,1,99,,96856,82,,,1,100,,96857,82,,,1,100,,96858,82,,,1
7401,'20263611',739,,96887,82,,,1,100,,96902,82,,,1,101,,96888,82,,,1,100,,96903,82,,,1,100,,96890,82,,,1,100,,96891,82,,,1,102,,96892,82,,,1,100,,96893,82,,,1,100,,96894,82,,,1,99,,96895,82,,,1,100,,96896,82,,,1,98,,96897,82,,,1,100,,96898,82,,,1,99,,96899,82,,,1,100,,96900,82,,,1,100,,96901,82,,,1
8201,'20263010',629,,97982,112,,,0,73,,97983,112,,,0,32,,97984,112,,,0,72,,97985,112,,,0,35,,97999,112,,,0,76,,97996,112,,,0,35,,98001,112,,,0,99,,97986,112,,,0,104,,97991,97,,,0,95,,97987,112,,,0,98,,97992,97,,,0,98,,97998,112,,,0,95,,97993,97,,,0,111,,97997,112,,,0,94,,97994,97,,,0,92,,97988,112,,,0,93,,97989,112,,,0,69,,98000,112,,,0,57,,98002,112,,,0,168,,97995,97,,,0,129,,97990,112,,,0
8201,'20263511',725,,98035,112,,,0,100,,98029,97,,,0,101,,98030,112,,,0,101,,98023,97,,,0,101,,98033,112,,,0,101,,98024,97,,,0,102,,98020,112,,,0,100,,98025,97,,,0,100,,98031,112,,,0,99,,98026,97,,,0,101,,98032,112,,,0,96,,98027,97,,,0,99,,98034,112,,,0,99,,98021,97,,,0,100,,98028,112,,,0,129,,98036,97,,,0,170,,98022,112,,,0
8201,'20263611',725,,98070,112,,,0,100,,98069,97,,,0,101,,98065,112,,,0,101,,98067,97,,,0,101,,98066,112,,,0,101,,98068,97,,,0,102,,98059,112,,,0,100,,98054,97,,,0,100,,98063,112,,,0,99,,98055,97,,,0,101,,98062,112,,,0,96,,98056,97,,,0,99,,98064,112,,,0,99,,98060,97,,,0,100,,98058,112,,,0,129,,98057,97,,,0,170,,98061,112,,,0
8401,'20263010',714,,98158,96,,,1,101,,98159,96,,,1,97,,98160,96,,,1,99,,98161,96,,,1,100,,98162,96,,,1,102,,98163,96,,,1,100,,98164,96,,,1,100,,98165,96,,,1,101,,98166,96,,,1,105,,98167,96,,,1,100,,98168,96,,,1,94,,98169,96,,,1,98,,98170,96,,,1,98,,98171,96,,,1,100,,98172,96,,,1,99,,98173,96,,,1,100,,98174,96,,,1,100,,98176,96,,,1
8401,'20263511',709,,98197,96,,,1,100,,98212,96,,,1,101,,98198,96,,,1,100,,98211,96,,,1,100,,98199,96,,,1,100,,98206,96,,,1,101,,98207,96,,,1,101,,98208,96,,,1,100,,98209,96,,,1,99,,98210,96,,,1,100,,98201,96,,,1,98,,98200,96,,,1,100,,98202,96,,,1,100,,98205,96,,,1,99,,98204,96,,,1,100,,98203,96,,,1,100,,98213,96,,,1,99,,98214,96,,,1
8401,'20263611',709,,98245,96,,,1,100,,98249,96,,,1,101,,98248,96,,,1,100,,98246,96,,,1,100,,98233,96,,,1,100,,98239,96,,,1,101,,98234,96,,,1,101,,98240,96,,,1,100,,98235,96,,,1,99,,98241,96,,,1,100,,98236,96,,,1,98,,98242,96,,,1,100,,98237,96,,,1,100,,98243,96,,,1,99,,98238,96,,,1,100,,98244,96,,,1,100,,98247,96,,,1,99,,98250,96,,,1
80202,'20263010',544,,101753,11,,,1,15,,101817,11,,,1,53,,101745,11,,,1,10,,101766,11,,,1,10,,101754,11,,,1,10,,101833,11,,,1,10,,101818,11,,,1,50,,101746,11,,,1,10,,101791,11,,,1,11,,101810,11,,,1,9,,101828,11,,,1,10,,101779,11,,,1,10,,101755,11,,,1,50,,101819,11,,,1,10,,101771,11,,,1,11,,101826,11,,,1,10,,101747,11,,,1,9,,101792,11,,,1,10,,101811,11,,,1,50,,101756,11,,,1,13,,101804,11,,,1,15,,101820,11,,,1,15,,101772,11,,,1,55,,101793,11,,,1,15,,101812,11,,,1,15,,101780,11,,,1,15,,101805,11,,,1,55,,101773,11,,,1,15,,101794,11,,,1,15,,101813,11,,,1,15,,101781,11,,,1,14,,101757,11,,,1,55,,101821,11,,,1,15,,101748,11,,,1,16,,101795,11,,,1,55,,101814,11,,,1,15,,101758,11,,,1,15,,101806,11,,,1,15,,101822,11,,,1,55,,101749,11,,,1,15,,101782,11,,,1,15,,101759,11,,,1,14,,101807,11,,,1,56,,101774,11,,,1,13,,101796,11,,,1,10,,101815,11,,,1,10,,101831,11,,,1,10,,101783,11,,,1,10,,101760,11,,,1,50,,101827,11,,,1,10,,101808,11,,,1,10,,101823,11,,,1,10,,101775,11,,,1,10,,101750,11,,,1,9,,101797,11,,,1,51,,101799,11,,,1,10,,101816,11,,,1,10,,101784,11,,,1,10,,101761,11,,,1,11,,101809,11,,,1,10,,101832,11,,,1,49,,101824,11,,,1,10,,101776,11,,,1,13,,101798,11,,,1,15,,101785,11,,,1,15,,101762,11,,,1,55,,101800,11,,,1,15,,101786,11,,,1,15,,101763,11,,,1,15,,101767,11,,,1,56,,101777,11,,,1,15,,101801,11,,,1,15,,101787,11,,,1,15,,101764,11,,,1,55,,101825,11,,,1,14,,101768,11,,,1,15,,101778,11,,,1,15,,101802,11,,,1,55,,101788,11,,,1,15,,101769,11,,,1,15,,101751,11,,,1,15,,101803,11,,,1,55,,101789,11,,,1,15,,101765,11,,,1,15,,101770,11,,,1,15,,101752,11,,,1,55,,101790,11,,,1,15,,101830,11,,,1,15,,101829,11,,,1
80202,'20263511',536,,101973,11,,,1,15,,101965,11,,,1,54,,101971,11,,,1,16,,101964,11,,,1,15,,101974,11,,,1,15,,101972,11,,,1,55,,101968,11,,,1,15,,101966,11,,,1,16,,101970,11,,,1,15,,101975,11,,,1,56,,101969,11,,,1,16,,101976,11,,,1,15,,101977,11,,,1,14,,101978,11,,,1,55,,101979,11,,,1,15,,101980,11,,,1,16,,101981,11,,,1,15,,101967,11,,,1,55,,101983,11,,,1,15,,101985,11,,,1,16,,101989,11,,,1,15,,101986,11,,,1,55,,101988,11,,,1,14,,101982,11,,,1,15,,101984,11,,,1,15,,101987,11,,,1,55,,101924,11,,,1,16,,101952,11,,,1,14,,101916,11,,,1,17,,101921,11,,,1,53,,101912,11,,,1,18,,101953,11,,,1,14,,101917,11,,,1,17,,101915,11,,,1,54,,101923,11,,,1,14,,101925,11,,,1,16,,101922,11,,,1,16,,101963,11,,,1,55,,101913,11,,,1,16,,101918,11,,,1,12,,101926,11,,,1,15,,101943,11,,,1,53,,101914,11,,,1,16,,101927,11,,,1,14,,101928,11,,,1,16,,101954,11,,,1,56,,101929,11,,,1,16,,101961,11,,,1,14,,101919,11,,,1,13,,101962,11,,,1,55,,101930,11,,,1,14,,101931,11,,,1,14,,101932,11,,,1,14,,101920,11,,,1,56,,101933,11,,,1,15,,101938,11,,,1,15,,101939,11,,,1,14,,101934,11,,,1,54,,101935,11,,,1,15,,101936,11,,,1,15,,101937,11,,,1,15,,101940,11,,,1,55,,101941,11,,,1,15,,101949,11,,,1,14,,101946,11,,,1,16,,101956,11,,,1,55,,101948,11,,,1,15,,101945,11,,,1,14,,101955,11,,,1,15,,101957,11,,,1,56,,101942,11,,,1,15,,101958,11,,,1,16,,101947,11,,,1,14,,101959,11,,,1,55,,101944,11,,,1,15,,101950,11,,,1,14,,101960,11,,,1,15,,101951,11,,,1
80202,'20263611',536,,102138,11,,,1,15,,102143,11,,,1,54,,102135,11,,,1,16,,102144,11,,,1,15,,102133,11,,,1,15,,102134,11,,,1,55,,102139,11,,,1,15,,102140,11,,,1,16,,102145,11,,,1,15,,102132,11,,,1,56,,102141,11,,,1,16,,102131,11,,,1,15,,102127,11,,,1,14,,102130,11,,,1,55,,102129,11,,,1,15,,102136,11,,,1,16,,102128,11,,,1,15,,102142,11,,,1,55,,102126,11,,,1,15,,102125,11,,,1,16,,102121,11,,,1,15,,102124,11,,,1,55,,102120,11,,,1,14,,102137,11,,,1,15,,102123,11,,,1,15,,102122,11,,,1,55,,102100,11,,,1,16,,102071,11,,,1,14,,102117,11,,,1,17,,102119,11,,,1,53,,102111,11,,,1,18,,102074,11,,,1,14,,102110,11,,,1,17,,102118,11,,,1,54,,102112,11,,,1,14,,102101,11,,,1,16,,102108,11,,,1,16,,102077,11,,,1,55,,102115,11,,,1,16,,102114,11,,,1,12,,102105,11,,,1,15,,102088,11,,,1,53,,102116,11,,,1,16,,102099,11,,,1,14,,102104,11,,,1,16,,102070,11,,,1,56,,102107,11,,,1,16,,102079,11,,,1,14,,102113,11,,,1,13,,102078,11,,,1,55,,102103,11,,,1,14,,102098,11,,,1,14,,102102,11,,,1,14,,102109,11,,,1,56,,102106,11,,,1,15,,102095,11,,,1,15,,102089,11,,,1,14,,102097,11,,,1,54,,102093,11,,,1,15,,102094,11,,,1,15,,102096,11,,,1,15,,102084,11,,,1,55,,102087,11,,,1,15,,102090,11,,,1,14,,102086,11,,,1,16,,102072,11,,,1,55,,102081,11,,,1,15,,102082,11,,,1,14,,102075,11,,,1,15,,102069,11,,,1,56,,102092,11,,,1,15,,102073,11,,,1,16,,102085,11,,,1,14,,102068,11,,,1,55,,102091,11,,,1,15,,102083,11,,,1,14,,102076,11,,,1,15,,102080,11,,,1
