7000,'20263010',651,,95792,27,,,0,56,,95805,27,,,0,22,,95806,27,,,0,22,,95793,27,,,0,60,,95807,27,,,0,22,,95808,27,,,0,20,,95794,27,,,0,61,,95809,27,,,0,20,,95810,27,,,0,20,,95795,27,,,0,60,,95811,27,,,0,19,,95812,27,,,0,18,,95796,27,,,0,60,,95813,27,,,0,20,,95814,27,,,0,20,,95797,27,,,0,61,,95815,27,,,0,17,,95816,27,,,0,21,,95798,27,,,0,58,,95817,27,,,0,23,,95818,27,,,0,19,,95799,27,,,0,59,,95819,27,,,0,21,,95820,27,,,0,19,,95800,27,,,0,57,,95821,27,,,0,23,,95822,27,,,0,22,,95801,27,,,0,65,,95823,27,,,0,23,,95824,27,,,0,63,,95802,27,,,0,22,,95825,27,,,0,18,,95826,27,,,0,60,,95803,27,,,0,18,,95827,27,,,0,19,,95828,27,,,0,20,,95804,27,,,0,62,,95829,27,,,0,30,,95830,27,,,0,70,,95831,27,,,0,30,,95832,27,,,0,70,,95833,27,,,0,30,,95834,27,,,0,70,,95835,27,,,0,28,,95836,27,,,0,70,,95837,27,,,0,30,,95838,27,,,0
7000,'20263510',650,,95839,27,,,0,70,,95857,27,,,0,30,,95840,27,,,0,70,,95858,27,,,0,30,,95841,27,,,0,70,,95859,27,,,0,30,,95842,27,,,0,71,,95860,27,,,0,30,,95843,27,,,0,70,,95861,27,,,0,30,,95844,27,,,0,71,,95862,27,,,0,30,,95845,27,,,0,70,,95863,27,,,0,30,,95846,27,,,0,70,,95864,27,,,0,30,,95847,27,,,0,70,,95865,27,,,0,30,,95848,27,,,0,70,,95866,27,,,0,30,,95849,27,,,0,70,,95867,27,,,0,30,,95850,27,,,0,69,,95868,27,,,0,29,,95851,27,,,0,70,,95872,27,,,0,30,,95869,27,,,0,70,,95852,27,,,0,30,,95870,27,,,0,70,,95853,27,,,0,30,,95856,27,,,0,70,,95854,27,,,0,30,,95871,27,,,0,70,,95855,27,,,0
7000,'20263511',650,,95873,27,,,0,70,,95891,27,,,0,30,,95874,27,,,0,70,,95892,27,,,0,30,,95875,27,,,0,70,,95893,27,,,0,30,,95876,27,,,0,71,,95894,27,,,0,30,,95877,27,,,0,70,,95895,27,,,0,30,,95878,27,,,0,71,,95896,27,,,0,30,,95879,27,,,0,70,,95897,27,,,0,30,,95880,27,,,0,70,,95898,27,,,0,30,,95881,27,,,0,70,,95899,27,,,0,30,,95882,27,,,0,70,,95900,27,,,0,30,,95883,27,,,0,70,,95901,27,,,0,30,,95884,27,,,0,69,,95902,27,,,0,29,,95885,27,,,0,70,,95906,27,,,0,30,,95903,27,,,0,70,,95886,27,,,0,30,,95904,27,,,0,70,,95887,27,,,0,30,,95890,27,,,0,70,,95888,27,,,0,30,,95905,27,,,0,70,,95889,27,,,0
7000,'20263610',650,,95907,27,,,0,70,,95924,27,,,0,30,,95908,27,,,0,70,,95925,27,,,0,30,,95909,27,,,0,70,,95926,27,,,0,30,,95910,27,,,0,71,,95927,27,,,0,30,,95911,27,,,0,70,,95928,27,,,0,30,,95912,27,,,0,71,,95929,27,,,0,30,,95913,27,,,0,70,,95930,27,,,0,30,,95914,27,,,0,70,,95931,27,,,0,30,,95915,27,,,0,70,,95932,27,,,0,30,,95916,27,,,0,70,,95933,27,,,0,30,,95917,27,,,0,70,,95934,27,,,0,30,,95918,27,,,0,69,,95935,27,,,0,29,,95919,27,,,0,70,,95936,27,,,0,30,,95920,27,,,0,70,,95937,27,,,0,30,,95921,27,,,0,70,,95939,27,,,0,30,,95922,27,,,0,70,,95938,27,,,0,30,,95923,27,,,0,70,,95940,27,,,0
7000,'20263611',650,,95941,27,,,0,70,,95958,27,,,0,30,,95942,27,,,0,70,,95959,27,,,0,30,,95943,27,,,0,70,,95960,27,,,0,30,,95944,27,,,0,71,,95961,27,,,0,30,,95945,27,,,0,70,,95962,27,,,0,30,,95946,27,,,0,71,,95963,27,,,0,30,,95947,27,,,0,70,,95964,27,,,0,30,,95948,27,,,0,70,,95965,27,,,0,30,,95949,27,,,0,70,,95966,27,,,0,30,,95950,27,,,0,70,,95967,27,,,0,30,,95951,27,,,0,70,,95968,27,,,0,30,,95952,27,,,0,69,,95969,27,,,0,29,,95953,27,,,0,70,,95970,27,,,0,30,,95954,27,,,0,70,,95971,27,,,0,30,,95955,27,,,0,70,,95973,27,,,0,30,,95956,27,,,0,70,,95972,27,,,0,30,,95957,27,,,0,70,,95974,27,,,0
7203,'20263010',654,,96620,36,,,0,72,,96621,36,,,0,33,,96622,36,,,0,70,,96623,36,,,0,27,,96624,36,,,0,68,,96625,36,,,0,30,,96626,36,,,0,70,,96627,36,,,0,30,,96628,36,,,0,70,,96629,36,,,0,30,,96630,36,,,0,70,,96631,36,,,0,30,,96632,36,,,0,70,,96633,36,,,0,30,,96634,36,,,0,70,,96635,36,,,0,30,,96637,36,,,0,71,,96638,36,,,0,31,,96639,36,,,0,73,,96636,36,,,0,29,,96640,36,,,0,68,,96641,36,,,0,28,,96642,36,,,0,70,,96643,36,,,0,29,,96644,36,,,0,70,,96645,36,,,0,100,,96646,36,,,0,100,,96647,36,,,0,100,,96648,36,,,0,98,,96649,36,,,0,100,,96650,36,,,0
7203,'20263510',722,,96651,36,,,0,101,,96652,36,,,0,100,,96653,36,,,0,100,,96654,36,,,0,100,,96655,36,,,0,100,,96656,36,,,0,101,,96657,36,,,0,100,,96658,36,,,0,100,,96659,36,,,0,100,,96660,36,,,0,99,,96661,36,,,0,100,,96662,36,,,0,99,,96663,36,,,0,100,,96664,36,,,0,100,,96665,36,,,0,99,,96666,36,,,0,100,,96667,36,,,0,99,,96668,36,,,0,30,,96669,36,,,0
7203,'20263511',722,,96670,36,,,0,101,,96671,36,,,0,100,,96672,36,,,0,100,,96673,36,,,0,100,,96674,36,,,0,100,,96675,36,,,0,101,,96676,36,,,0,100,,96677,36,,,0,100,,96678,36,,,0,100,,96679,36,,,0,99,,96680,36,,,0,100,,96681,36,,,0,99,,96682,36,,,0,100,,96683,36,,,0,100,,96684,36,,,0,99,,96685,36,,,0,100,,96686,36,,,0,99,,96687,36,,,0,30,,96688,36,,,0
7203,'20263610',722,,96689,36,,,0,101,,96690,36,,,0,100,,96691,36,,,0,100,,96692,36,,,0,100,,96693,36,,,0,100,,96694,36,,,0,101,,96695,36,,,0,100,,96696,36,,,0,100,,96697,36,,,0,100,,96698,36,,,0,99,,96699,36,,,0,100,,96707,36,,,0,99,,96704,36,,,0,100,,96700,36,,,0,100,,96701,36,,,0,99,,96702,36,,,0,100,,96703,36,,,0,99,,96706,36,,,0,30,,96705,36,,,0
7203,'20263611',722,,96708,36,,,0,101,,96709,36,,,0,100,,96710,36,,,0,100,,96711,36,,,0,100,,96712,36,,,0,100,,96713,36,,,0,101,,96714,36,,,0,100,,96715,36,,,0,100,,96716,36,,,0,100,,96717,36,,,0,99,,96718,36,,,0,100,,96726,36,,,0,99,,96723,36,,,0,100,,96719,36,,,0,100,,96720,36,,,0,99,,96721,36,,,0,100,,96722,36,,,0,99,,96725,36,,,0,30,,96724,36,,,0
27300,'20263010',1640,,99647,30,4,,0,70,,99648,30,4,,0,24,,99649,30,4,,0,72,,99650,30,4,,0
28400,'20263010',1633,,99713,25,4,,0,69,,99714,25,4,,0,29,,99715,25,4,,0,22,,99716,25,4,,0,73,,99717,25,4,,0
38400,'20263010',1610,,99897,19,4,,0,34,,99894,19,4,,0,95,,99895,19,4,,0,112,,99896,19,4,,0
58400,'20263010',1616,,100087,17,4,,0,84,,100085,17,4,,0,24,,100086,17,4,,0,34,,100088,17,4,,0
97203,'20263010',2612,,106108,47,,,0
97203,'20263510',2612,,106109,47,,,0
97203,'20263511',2612,,106110,47,,,0
