5500,'20263010',712,,94835,31,,,0,107,,94836,31,,,0,93,,94837,31,,,0,100,,94838,31,,,0,99,,94839,31,,,0,33,,94857,31,,,0,70,,94840,31,,,0,34,,94841,31,,,0,100,,94842,31,,,0,92,,94843,31,,,0,69,,94856,31,,,0,35,,94844,31,,,0,78,,94845,31,,,0,28,,94846,31,,,0,72,,94847,31,,,0,30,,94848,31,,,0,72,,94849,31,,,0,83,,94850,31,,,0,50,,94851,31,,,0,100,,94852,31,,,0,102,,94853,31,,,0,141,,94854,31,,,0,100,,94855,31,,,0,58,,94858,31,,,0
5500,'20263511',749,,94877,31,,,0,99,,94878,31,,,0,101,,94879,31,,,0,94,,94880,31,,,0,103,,94881,31,,,0,98,,94882,31,,,0,104,,94883,31,,,0,98,,94884,31,,,0,99,,94885,31,,,0,105,,94886,31,,,0,105,,94887,31,,,0,93,,94888,31,,,0,100,,94889,31,,,0,103,,94890,31,,,0,102,,94891,31,,,0,102,,94892,31,,,0,102,,94893,31,,,0,100,,94894,31,,,0
5500,'20263611',749,,94922,31,,,0,99,,94927,31,,,0,101,,94920,31,,,0,94,,94921,31,,,0,103,,94916,31,,,0,98,,94928,31,,,0,104,,94913,31,,,0,98,,94918,31,,,0,99,,94917,31,,,0,105,,94923,31,,,0,105,,94925,31,,,0,93,,94924,31,,,0,100,,94919,31,,,0,103,,94915,31,,,0,102,,94926,31,,,0,102,,94929,31,,,0,102,,94914,31,,,0,100,,94930,31,,,0
5902,'20263010',720,,95381,29,,,0,103,,95382,29,,,0,30,,95398,29,,,0,67,,95383,29,,,0,100,,95384,29,,,0,100,,95385,29,,,0,101,,95386,29,,,0,100,,95387,29,,,0,100,,95388,29,,,0,100,,95389,29,,,0,106,,95390,29,,,0,97,,95391,29,,,0,97,,95392,29,,,0,99,,95393,29,,,0,99,,95394,29,,,0,100,,95395,29,,,0,99,,95396,29,,,0,99,,95397,29,,,0
5902,'20263511',818,,95414,29,,,0,101,,95415,29,,,0,101,,95416,29,,,0,100,,95417,29,,,0,100,,95418,29,,,0,100,,95419,29,,,0,100,,95420,29,,,0,104,,95421,29,,,0,96,,95422,29,,,0,100,,95423,29,,,0,99,,95424,29,,,0,99,,95425,29,,,0,100,,95426,29,,,0,100,,95427,29,,,0,100,,95428,29,,,0
5902,'20263611',818,,95444,29,,,0,101,,95445,29,,,0,101,,95446,29,,,0,100,,95447,29,,,0,100,,95448,29,,,0,100,,95449,29,,,0,100,,95450,29,,,0,104,,95451,29,,,0,96,,95452,29,,,0,100,,95453,29,,,0,99,,95454,29,,,0,99,,95455,29,,,0,100,,95456,29,,,0,100,,95457,29,,,0,100,,95458,29,,,0
25500,'20263010',1615,,99597,27,4,,0,34,,99598,27,4,,0,67,,99599,27,4,,0,28,,99600,27,4,,0
35500,'20263010',1701,,99828,24,4,,0,52,,99830,24,4,,0,93,,99829,24,4,,0
55500,'20263010',1710,,100030,22,4,,0,22,,100031,22,4,,0,74,,100032,22,4,,0
7005500,'20263010',1639,,106144,17,,,0
