100,'20263010',642,,90532,22,,,1,76,,90501,22,,,1,22,,90534,22,,,1,18,,90502,22,,,1,57,,90503,22,,,1,31,,90504,22,,,1,69,,90505,22,,,1,30,,90506,22,,,1,71,,90507,22,,,1,30,,90508,22,,,1,70,,90509,22,,,1,30,,90510,22,,,1,70,,90511,22,,,1,30,,90512,22,,,1,70,,90513,22,,,1,30,,90514,22,,,1,70,,90515,22,,,1,30,,90516,22,,,1,60,,90517,22,,,1,21,,90535,22,,,1,21,,90518,22,,,1,58,,90536,22,,,1,18,,90539,22,,,1,16,,90519,22,,,1,15,,90537,22,,,1,56,,90520,22,,,1,17,,90538,22,,,1,19,,90521,22,,,1,61,,90522,22,,,1,29,,90523,22,,,1,69,,90524,22,,,1,30,,90525,22,,,1,69,,90526,22,,,1,30,,90527,22,,,1,69,,90528,22,,,1,30,,90529,22,,,1,100,,90530,22,,,1,99,,90531,22,,,1,100,,90533,22,,,1
100,'20263511',635,,90566,22,,,1,100,,90567,22,,,1,102,,90568,22,,,1,101,,90569,22,,,1,102,,90570,22,,,1,100,,90571,22,,,1,100,,90572,22,,,1,70,,90573,22,,,1,30,,90574,22,,,1,71,,90575,22,,,1,31,,90576,22,,,1,70,,90577,22,,,1,30,,90578,22,,,1,70,,90579,22,,,1,27,,90580,22,,,1,73,,90581,22,,,1,29,,90582,22,,,1,70,,90583,22,,,1,29,,90584,22,,,1,100,,90585,22,,,1,99,,90586,22,,,1,98,,90587,22,,,1,99,,90588,22,,,1,99,,90565,22,,,1,100,,90589,22,,,1
100,'20263611',635,,90615,22,,,1,100,,90616,22,,,1,102,,90617,22,,,1,101,,90618,22,,,1,102,,90619,22,,,1,100,,90620,22,,,1,100,,90621,22,,,1,70,,90622,22,,,1,30,,90623,22,,,1,71,,90624,22,,,1,31,,90625,22,,,1,70,,90626,22,,,1,30,,90627,22,,,1,70,,90628,22,,,1,27,,90629,22,,,1,73,,90630,22,,,1,29,,90631,22,,,1,70,,90632,22,,,1,29,,90633,22,,,1,100,,90634,22,,,1,99,,90635,22,,,1,98,,90636,22,,,1,99,,90637,22,,,1,99,,90638,22,,,1,100,,90639,22,,,1
1803,'20263010',611,,92637,9,,,0,15,,92669,9,,,0,16,,92638,9,,,0,14,,92667,9,,,0,52,,92670,9,,,0,14,,92676,9,,,0,10,,92639,9,,,0,5,,92662,9,,,0,7,,92674,9,,,0,8,,92668,9,,,0,3,,92678,9,,,0,4,,92640,9,,,0,49,,92673,9,,,0,9,,92661,9,,,0,9,,92641,9,,,0,15,,92671,9,,,0,70,,92642,9,,,0,31,,92643,9,,,0,70,,92644,9,,,0,30,,92645,9,,,0,60,,92675,9,,,0,18,,92646,9,,,0,20,,92647,9,,,0,71,,92648,9,,,0,31,,92649,9,,,0,70,,92650,9,,,0,30,,92651,9,,,0,69,,92652,9,,,0,30,,92653,9,,,0,70,,92654,9,,,0,31,,92655,9,,,0,12,,92679,9,,,0,54,,92656,9,,,0,19,,92680,9,,,0,14,,92657,9,,,0,71,,92658,9,,,0,33,,92659,9,,,0,71,,92660,9,,,0,31,,92677,9,,,0,102,,92663,9,,,0,101,,92664,9,,,0,100,,92672,9,,,0,99,,92665,9,,,0,103,,92666,9,,,0
1803,'20263511',633,,92714,9,,,0,99,,92698,9,,,0,100,,92699,9,,,0,99,,92700,9,,,0,100,,92701,9,,,0,97,,92702,9,,,0,95,,92703,9,,,0,105,,92704,9,,,0,108,,92705,9,,,0,88,,92706,9,,,0,110,,92707,9,,,0,97,,92708,9,,,0,102,,92709,9,,,0,98,,92710,9,,,0,102,,92711,9,,,0,101,,92712,9,,,0,100,,92713,9,,,0
1803,'20263611',633,,92748,9,,,0,99,,92732,9,,,0,100,,92733,9,,,0,99,,92734,9,,,0,100,,92735,9,,,0,97,,92736,9,,,0,95,,92737,9,,,0,105,,92738,9,,,0,108,,92739,9,,,0,88,,92740,9,,,0,110,,92741,9,,,0,97,,92742,9,,,0,102,,92743,9,,,0,98,,92744,9,,,0,102,,92745,9,,,0,101,,92746,9,,,0,100,,92747,9,,,0
7100,'20263010',606,,96204,9,,,0,20,,96203,9,,,0,18,,96158,9,,,0,56,,96159,9,,,0,18,,96160,9,,,0,19,,96161,9,,,0,22,,96162,9,,,0,60,,96163,9,,,0,21,,96164,9,,,0,66,,96165,9,,,0,19,,96166,9,,,0,17,,96167,9,,,0,59,,96168,9,,,0,17,,96169,9,,,0,19,,96170,9,,,0,65,,96171,9,,,0,20,,96172,9,,,0,20,,96173,9,,,0,60,,96174,9,,,0,17,,96175,9,,,0,19,,96176,9,,,0,62,,96177,9,,,0,21,,96178,9,,,0,20,,96179,9,,,0,60,,96180,9,,,0,19,,96181,9,,,0,22,,96182,9,,,0,58,,96183,9,,,0,18,,96184,9,,,0,15,,96186,9,,,0,20,,96187,9,,,0,61,,96188,9,,,0,22,,96185,9,,,0,65,,96189,9,,,0,27,,96190,9,,,0,22,,96191,9,,,0,62,,96192,9,,,0,20,,96193,9,,,0,22,,96194,9,,,0,72,,96195,9,,,0,30,,96196,9,,,0,70,,96197,9,,,0,30,,96198,9,,,0,70,,96199,9,,,0,30,,96200,9,,,0,70,,96201,9,,,0,31,,96202,9,,,0
7100,'20263511',701,,96238,9,,,0,30,,96239,9,,,0,69,,96240,9,,,0,30,,96241,9,,,0,70,,96242,9,,,0,28,,96243,9,,,0,30,,96244,9,,,0,70,,96245,9,,,0,29,,96246,9,,,0,68,,96247,9,,,0,31,,96248,9,,,0,70,,96250,9,,,0,29,,96251,9,,,0,69,,96252,9,,,0,33,,96249,9,,,0,68,,96253,9,,,0,30,,96254,9,,,0,68,,96255,9,,,0,32,,96256,9,,,0,70,,96257,9,,,0,31,,96258,9,,,0,70,,96259,9,,,0,31,,96260,9,,,0,71,,96261,9,,,0,30,,96262,9,,,0,70,,96263,9,,,0,31,,96264,9,,,0,72,,96265,9,,,0,70,,96266,9,,,0,29,,96267,9,,,0,71,,96268,9,,,0,30,,96269,9,,,0,70,,96270,9,,,0
7100,'20263611',701,,96304,9,,,0,30,,96305,9,,,0,69,,96306,9,,,0,30,,96307,9,,,0,70,,96308,9,,,0,28,,96309,9,,,0,30,,96310,9,,,0,70,,96312,9,,,0,29,,96313,9,,,0,68,,96314,9,,,0,31,,96311,9,,,0,70,,96315,9,,,0,29,,96316,9,,,0,69,,96317,9,,,0,33,,96318,9,,,0,68,,96319,9,,,0,30,,96320,9,,,0,68,,96321,9,,,0,32,,96322,9,,,0,70,,96323,9,,,0,31,,96324,9,,,0,70,,96325,9,,,0,31,,96326,9,,,0,71,,96327,9,,,0,30,,96328,9,,,0,70,,96329,9,,,0,31,,96330,9,,,0,72,,96331,9,,,0,70,,96332,9,,,0,29,,96333,9,,,0,71,,96334,9,,,0,30,,96335,9,,,0,70,,96336,9,,,0
98000,'20263010',2535,,106111,5,,,0
98000,'20263511',2535,,106113,5,,,0
