1,100,'20262010',81288,81289,81290,81291,81292,81293,81294,81295,81296,81297,81298,81299,81300,81301,81302,81303,81304,81305,81306,81307,81308,81309,81310,81311,81312,81313,81314,81315,81316,81317,81318,81319,81320,81321,81322,81323,81324,81325,81326
1,101,'20262010',81377,81378,81379,81380,81381,81382,81383,81384,81385,81386,81387,81388,81389,81390,81391,81392,81393,81394,81395,81396,81397,81398,81399,81400,81401,81402,81403,81404,81405,81406,81407,81408,81409,81410,81411,81412,81413,81414,81415,81416,81417,81418
3,300,'20262010',81469,81470,81471,81472,81473,81474,81475,81476,81477,81478,81479,81480,81481,81482,81483,81484,81485,81486,81487,81488,81489,81490,81491,81492,81493,81494,81495,81496,81497,81498,81499,81500,81501,81502,81503,81504,81505,81506,81507,81508
3,301,'20262010',81583,81584,81585,81586,81587,81588,81589,81590,81591,81592,81593,81594,81595,81596,81597,81598,81599,81600,81601,81602,81603,81604,81605,81606,81607,81608,81609,81610,81611,81612,81613,81614,81615,81616,81617,81618,81619,81620,81621,81622,81623,81624
4,400,'20262010',81703,81704,81705,81706,81707,81708,81709,81710,81711,81712,81713,81714,81715,81716,81717,81718,81719,81720,81721,81722,81723,81724
4,401,'20262010',81759,81760,81761,81762,81763,81764,81765,81766,81767,81768,81769,81770,81771,81772,81773,81774,81775,81776,81777,81778,81779,81780,81781,81782,81783,81784
9,902,'20262010',81821,81822,81823,81824,81825
9,903,'20262010',81826,81827,81828,81829,81830
11,1102,'20262010',81831,81832,81833,81834,81835,81836,81837,81838,81839,81840,81841,81842,81843,81844,81845,81846,81847,81848,81849,81850,81851,81852,81853,81854,81855,81856,81857,81858,81859,81860,81861,81862,81863,81864,81865,81866,81867,81868,81869
11,1103,'20262010',81932,81933,81934,81935,81936,81937,81938,81939,81940,81941,81942,81943,81944,81945,81946,81947,81948,81949,81950,81951,81952,81953,81954,81955,81956,81957,81958,81959,81960,81961,81962,81963,81964,81965,81966,81967,81968,81969,81970
12,1202,'20262010',82033,82034,82035,82036,82037,82038,82039,82040,82041,82042,82043,82044,82045,82046,82047,82048,82049,82050,82051
12,1203,'20262010',82084,82085,82086,82087,82088,82089,82090,82091,82092,82093,82094,82095,82096,82097,82098,82099,82100,82101,82102,82103
13,1302,'20262010',82136,82137,82138,82139,82140,82141,82142,82143,82144,82145,82146,82147,82148,82149,82150,82151,82152,82153,82154,82155,82156,82157
13,1303,'20262010',82188,82189,82190,82191,82192,82193,82194,82195,82196,82197,82198,82199,82200,82201,82202,82203,82204,82205,82206,82207,82208
16,1602,'20262010',82241,82242,82243,82244,82245,82246,82247,82248,82249,82250,82251,82252,82253,82254,82255,82256
16,1603,'20262010',82265,82266,82267,82268,82269,82270,82271,82272,82273,82274,82275,82276,82277,82278,82279,82280,82281,82282
18,1802,'20262010',82291,82292,82293,82294,82295,82296,82297,82298,82299,82300,82301,82302,82303,82304,82305,82306,82307,82308,82309,82310,82311,82312,82313,82314,82315,82316,82317,82318,82319,82320,82321,82322,82323,82324,82325
18,1803,'20262010',82360,82361,82362,82363,82364,82365,82366,82367,82368,82369,82370,82371,82372,82373,82374,82375,82376,82377,82378,82379,82380,82381,82382,82383,82384,82385,82386,82387,82388,82389,82390,82391,82392,82393
19,1900,'20262010',82428,82429,82430,82431,82432,82433,82434,82435,82436,82437,82438,82439,82440,82441,82442,82443,82444,82445,82446,82447,82448,82449,82450
19,1901,'20262010',82487,82488,82489,82490,82491,82492,82493,82494,82495,82496,82497,82498,82499,82500,82501,82502,82503,82504,82505,82506,82507,82508,82509
22,2200,'20262010',82548,82549,82550,82551,82552,82553,82554,82555,82556
22,2201,'20262010',82557,82558,82559,82560,82561,82562,82563,82564,82565,82566,82567
28,2800,'20262010',82568,82569,82570,82571,82572,82573,82574,82575,82576,82577,82578,82579,82580,82581,82582,82583,82584,82585,82586,82587,82588,82589,82590,82591,82592,82593,82594,82595,82596,82597,82598,82599,82600,82601,82602,82603,82604
28,2801,'20262010',82671,82672,82673,82674,82675,82676,82677,82678,82679,82680,82681,82682,82683,82684,82685,82686,82687,82688,82689,82690,82691,82692,82693,82694,82695,82696,82697,82698,82699,82700,82701,82702,82703,82704,82705
29,2902,'20262010',82770,82771,82772,82773,82774
29,2903,'20262010',82775,82776,82777,82778,82779,82780
31,3100,'20262010',82781,82782,82783,82784,82785,82786,82787,82788,82789,82790,82791,82792,82793,82794,82795,82796,82797,82798,82799,82800,82801,82802,82803
31,3101,'20262010',82824,82825,82826,82827,82828,82829,82830,82831,82832,82833,82834,82835,82836,82837,82838,82839,82840,82841,82842,82843,82844,82845,82846,82847
32,3200,'20262010',82868,82869,82870,82871,82872,82873,82874,82875,82876,82877,82878,82879,82880,82881,82882
32,3201,'20262010',82901,82902,82903,82904,82905,82906,82907,82908,82909,82910,82911,82912,82913,82914
33,3300,'20262010',82933,82934,82935
33,3301,'20262010',82936,82937,82938
34,3400,'20262010',82939,82940,82941,82942,82943,82944,82945,82946,82947,82948,82949,82950,82951,82952,82953
34,3401,'20262010',82972,82973,82974,82975,82976,82977,82978,82979,82980,82981,82982,82983,82984,82985,82986,82987
36,3600,'20262010',83006,83007,83008,83009,83010,83011,83012,83013,83014,83015,83016,83017,83018,83019,83020,83021,83022,83023,83024,83025,83026,83027
36,3601,'20262010',83064,83065,83066,83067,83068,83069,83070,83071,83072,83073,83074,83075,83076,83077,83078,83079,83080,83081,83082,83083
39,3900,'20262010',83120,83121,83122,83123,83124,83125,83126,83127,83128,83129,83130,83131,83132,83133,83134,83135,83136,83137,83138,83139
39,3901,'20262010',83174,83175,83176,83177,83178,83179,83180,83181,83182,83183,83184,83185,83186,83187,83188,83189,83190,83191
51,5102,'20262010',83224,83225,83226,83227,83228,83229,83230,83231,83232,83233,83234,83235,83236,83237,83238,83239,83240,83241
51,5103,'20262010',83276,83277,83278,83279,83280,83281,83282,83283,83284,83285,83286,83287,83288,83289,83290,83291,83292,83293
52,5200,'20262010',83328,83329,83330,83331,83332,83333,83334,83335,83336,83337,83338,83339,83340,83341,83342,83343,83344,83345,83346,83347,83348,83349,83350,83351
52,5201,'20262010',83386,83387,83388,83389,83390,83391,83392,83393,83394,83395,83396,83397,83398,83399,83400,83401,83402,83403,83404,83405,83406,83407,83408,83409
53,5302,'20262010',83444,83445,83446,83447,83448,83449,83450,83451,83452,83453,83454,83455,83456,83457,83458,83459,83460,83461,83462,83463,83464,83465
53,5303,'20262010',83500,83501,83502,83503,83504,83505,83506,83507,83508,83509,83510,83511,83512,83513,83514,83515,83516,83517,83518,83519,83520,83521
54,5400,'20262010',83556,83557,83558,83559,83560,83561,83562,83563,83564,83565,83566,83567,83568,83569,83570,83571,83572,83573,83574,83575,83576,83577,83578,83579,83580,83581,83582,83583,83584,83585,83586,83587,83588
54,5401,'20262010',83639,83640,83641,83642,83643,83644,83645,83646,83647,83648,83649,83650,83651,83652,83653,83654,83655,83656,83657,83658,83659,83660,83661,83662,83663,83664,83665,83666,83667,83668,83669
55,5500,'20262010',83720,83721,83722,83723,83724,83725,83726,83727,83728,83729,83730,83731,83732,83733,83734,83735,83736,83737,83738,83739,83740,83741,83742,83743
55,5501,'20262010',83780,83781,83782,83783,83784,83785,83786,83787,83788,83789,83790,83791,83792,83793,83794,83795,83796,83797,83798,83799,83800,83801,83802,83803,83804
56,5600,'20262010',83839,83840,83841
56,5601,'20262010',83842,83843,83844
57,5700,'20262010',83845,83846,83847,83848,83849,83850,83851,83852,83853,83854,83855,83856,83857,83858,83859,83860,83861,83862,83863
57,5701,'20262010',83898,83899,83900,83901,83902,83903,83904,83905,83906,83907,83908,83909,83910,83911,83912,83913,83914,83915,83916,83917
58,5800,'20262010',83950,83951,83952,83953,83954,83955,83956,83957,83958,83959,83960,83961,83962,83963,83964,83965,83966,83967,83968,83969,83970,83971,83972
58,5801,'20262010',84007,84008,84009,84010,84011,84012,84013,84014,84015,84016,84017,84018,84019,84020,84021,84022,84023,84024,84025,84026,84027
59,5902,'20262010',84062,84063,84064,84065,84066,84067,84068,84069,84070,84071,84072,84073,84074,84075,84076,84077,84078
59,5903,'20262010',84109,84110,84111,84112,84113,84114,84115,84116,84117,84118,84119,84120,84121,84122,84123,84124,84125
61,6102,'20262010',84156,84157,84158,84159,84160,84161,84162,84163,84164,84165,84166,84167,84168,84169,84170,84171,84172,84173,84174,84175,84176,84177,84178,84179,84180,84181,84182,84183,84184,84185,84186
61,6103,'20262010',84237,84238,84239,84240,84241,84242,84243,84244,84245,84246,84247,84248,84249,84250,84251,84252,84253,84254,84255,84256,84257,84258,84259,84260,84261,84262,84263,84264,84265,84266,84267
64,6400,'20262010',84314,84315,84316,84317,84318,84319,84320,84321,84322,84323,84324,84325,84326
64,6401,'20262010',84359,84360,84361,84362,84363,84364,84365,84366,84367,84368,84369,84370,84371,84372
65,6500,'20262010',84409,84410,84411,84412,84413
65,6501,'20262010',84414,84415,84416,84417,84418,84419
70,7000,'20262010',84420,84421,84422,84423,84424,84425,84426,84427,84428,84429,84430,84431,84432,84433,84434,84435,84436,84437,84438,84439,84440,84441,84442,84443,84444,84445,84446,84447,84448,84449,84450,84451,84452,84453,84454,84455,84456,84457,84458,84459,84460,84461,84462,84463,84464,84465,84466
70,7001,'20262010',84535,84536,84537,84538,84539,84540,84541,84542,84543,84544,84545,84546,84547,84548,84549,84550,84551,84552,84553,84554,84555,84556,84557,84558,84559,84560,84561,84562,84563,84564,84565,84566,84567,84568,84569,84570,84571,84572,84573,84574,84575,84576,84577,84578,84579,84580,84581
72,7202,'20262010',84650,84651,84652,84653,84654,84655,84656,84657,84658,84659,84660,84661,84662,84663,84664,84665,84666,84667,84668,84669,84670,84671,84672,84673,84674,84675,84676,84677,84678,84679,84680,84681
72,7203,'20262010',84718,84719,84720,84721,84722,84723,84724,84725,84726,84727,84728,84729,84730,84731,84732,84733,84734,84735,84736,84737,84738,84739,84740,84741,84742,84743,84744,84745,84746,84747,84748
74,7400,'20262010',84787,84788,84789,84790,84791,84792,84793,84794,84795,84796,84797,84798,84799,84800,84801,84802,84803,84804,84805,84806,84807
74,7401,'20262010',84842,84843,84844,84845,84846,84847,84848,84849,84850,84851,84852,84853,84854,84855,84856,84857,84858,84859,84860,84861
76,7600,'20262010',84896,84897,84898,84899,84900,84901,84902,84903,84904,84905,84906,84907,84908,84909,84910,84911,84912,84913,84914,84915,84916,84917,84918,84919,84920
76,7601,'20262010',84973,84974,84975,84976,84977,84978,84979,84980,84981,84982,84983,84984,84985,84986,84987,84988,84989,84990,84991,84992,84993,84994,84995,84996,84997,84998
79,7900,'20262010',85049,85050,85051,85052,85053,85054,85055,85056,85057,85058,85059,85060,85061,85062,85063,85064,85065
79,7901,'20262010',85100,85101,85102,85103,85104,85105,85106,85107,85108,85109,85110,85111,85112,85113,85114,85115,85116,85117
80,8000,'20262010',85154,85155,85156,85157,85158,85159,85160,85161,85162,85163,85164,85165,85166,85167,85168,85169,85170,85171,85172,85173,85174,85175,85176,85177,85178,85179,85180,85181,85182,85183,85184,85185,85186,85187,85188,85189,85190
80,8001,'20262010',85265,85266,85267,85268,85269,85270,85271,85272,85273,85274,85275,85276,85277,85278,85279,85280,85281,85282,85283,85284,85285,85286,85287,85288,85289,85290,85291,85292,85293,85294,85295,85296,85297,85298,85299,85300
81,8100,'20262010',85373,85374,85375,85376,85377,85378,85379,85380,85381,85382,85383,85384,85385,85386,85387,85388,85389,85390,85391,85392,85393,85394,85395
81,8101,'20262010',85428,85429,85430,85431,85432,85433,85434,85435,85436,85437,85438,85439,85440,85441,85442,85443,85444,85445,85446,85447,85448,85449,85450
82,8200,'20262010',85487,85488,85489,85490,85491,85492,85493,85494,85495,85496,85497,85498,85499,85500,85501,85502,85503,85504,85505,85506,85507,85508
82,8201,'20262010',85545,85546,85547,85548,85549,85550,85551,85552,85553,85554,85555,85556,85557,85558,85559,85560,85561,85562,85563,85564,85565,85566
84,8400,'20262010',85601,85602,85603,85604,85605,85606,85607,85608,85609,85610,85611,85612,85613,85614,85615,85616,85617,85618,85619
84,8401,'20262010',85654,85655,85656,85657,85658,85659,85660,85661,85662,85663,85664,85665,85666,85667,85668,85669,85670,85671,85672,85673,85674
85,8500,'20262010',85711,85712,85713,85714,85715,85716
85,8501,'20262010',85719,85720,85721,85722,85723
86,8600,'20262010',85726,85727,85728,85729,85730,85731,85732,85733,85734,85735,85736,85737,85738,85739,85740,85741,85742,85743,85744,85745,85746,85747,85748
86,8601,'20262010',85785,85786,85787,85788,85789,85790,85791,85792,85793,85794,85795,85796,85797,85798,85799,85800,85801,85802,85803,85804,85805,85806
88,8800,'20262010',85839,85840,85841,85842,85843,85844,85845,85846,85847,85848,85849,85850,85851
88,8801,'20262010',85852,85853,85854,85855,85856,85857,85858,85859,85860
90,9002,'20262010',85861,85862,85863,85864,85865
90,9003,'20262010',85866,85867,85868,85869,85870
91,9102,'20262010',85871,85872,85873,85874,85875,85876,85877,85878,85879,85880,85881,85882,85883,85884,85885,85886,85887,85888,85889,85890,85891
91,9103,'20262010',85928,85929,85930,85931,85932,85933,85934,85935,85936,85937,85938,85939,85940,85941,85942,85943,85944,85945,85946,85947,85948
92,9202,'20262010',85985,85986,85987,85988,85989,85990,85991,85992,85993,85994,85995,85996,85997,85998,85999,86000,86001,86002,86003,86004
92,9203,'20262010',86039,86040,86041,86042,86043,86044,86045,86046,86047,86048,86049,86050,86051,86052,86053,86054,86055,86056,86057,86058,86059
93,9300,'20262010',86094,86095,86096,86097,86098,86099,86100,86101,86102,86103,86104,86105,86106,86107,86108,86109,86110,86111,86112,86113,86114,86115
93,9301,'20262010',86148,86149,86150,86151,86152,86153,86154,86155,86156,86157,86158,86159,86160,86161,86162,86163,86164,86165,86166,86167,86168,86169,86170
94,9402,'20262010',86203,86204,86205,86206,86207,86208,86209,86210,86211,86212,86213,86214,86215,86216,86217,86218,86219,86220,86221,86222
94,9403,'20262010',86259,86260,86261,86262,86263,86264,86265,86266,86267,86268,86269,86270,86271,86272,86273,86274,86275,86276,86277,86278
96,9600,'20262010',86313,86314,86315,86316,86317,86318,86319,86320,86321,86322,86323,86324,86325,86326,86327,86328,86329,86330,86331
96,9601,'20262010',86364,86365,86366,86367,86368,86369,86370,86371,86372,86373,86374,86375,86376,86377,86378,86379,86380,86381,86382
133,13300,'20262010',86415,86416,86417,86418,86419
133,13301,'20262010',86420,86421,86422,86423,86424,86425,86426
136,13600,'20262010',86427,86428,86429,86430,86431,86432
136,13601,'20262010',86433,86434,86435,86436,86437,86438
185,18500,'20262010',86439,86440,86441,86442,86443,86444
185,18501,'20262010',86445,86446,86447,86448,86449
230,23000,'20262010',86450,86451,86452,86453,86454,86455,86456,86457,86458
230,23001,'20262010',86459,86460,86461,86462,86463,86464
236,23600,'20262010',86465,86466,86467,86468,86469,86470
236,23601,'20262010',86471,86472,86473,86474,86475
238,23800,'20262010',86476,86477,86478,86479
238,23801,'20262010',86480,86481,86482,86483
239,23900,'20262010',86484,86485,86486,86487
239,23901,'20262010',86488,86489,86490,86491
250,25000,'20262010',86492,86493,86494,86495,86496,86497,86498
250,25001,'20262010',86499,86500,86501,86502,86503
251,25100,'20262010',86504,86505,86506,86507
251,25101,'20262010',86508,86509,86510
253,25300,'20262010',86511,86512,86513,86514
253,25301,'20262010',86515,86516,86517,86518
254,25400,'20262010',86519,86520,86521,86522,86523
254,25401,'20262010',86524,86525,86526,86527,86528
255,25500,'20262010',86529,86530,86531,86532
255,25501,'20262010',86533,86534,86535,86536
257,25700,'20262010',86537,86538,86539,86540
257,25701,'20262010',86541,86542,86543
258,25800,'20262010',86544,86545,86546,86547
258,25801,'20262010',86548,86549,86550,86551
270,27000,'20262010',86552,86553,86554,86555,86556,86557,86558
270,27001,'20262010',86559,86560,86561,86562,86563,86564,86565,86566,86567
272,27200,'20262010',86568,86569,86570,86571
272,27201,'20262010',86572,86573,86574,86575
273,27300,'20262010',86576,86577,86578,86579
273,27301,'20262010',86580,86581,86582,86583
274,27400,'20262010',86584,86585,86586,86587,86588
274,27401,'20262010',86589,86590,86591,86592,86593
279,27900,'20262010',86594,86595,86596,86597
279,27901,'20262010',86598,86599,86600,86601
280,28000,'20262010',86602,86603,86604,86605,86606,86607
280,28001,'20262010',86608,86609,86610,86611,86612,86613
281,28100,'20262010',86614,86615,86616,86617,86618
281,28101,'20262010',86619,86620,86621,86622,86623
282,28200,'20262010',86624,86625,86626,86627,86628
282,28201,'20262010',86629,86630,86631,86632,86633
283,28302,'20262010',86634,86635,86636
283,28303,'20262010',86637,86638,86639
284,28400,'20262010',86640,86641,86642,86643,86644
284,28401,'20262010',86645,86646,86647,86648,86649
289,28900,'20262010',86650,86651,86652,86653,86654
289,28901,'20262010',86655,86656,86657,86658,86659
290,29000,'20262010',86660,86661,86662,86663,86664
290,29001,'20262010',86665,86666,86667,86668
291,29102,'20262010',86669,86670,86671,86672
291,29103,'20262010',86673,86674,86675,86676
292,29202,'20262010',86677,86678,86679
292,29203,'20262010',86680,86681,86682
294,29402,'20262010',86683,86684,86685
294,29403,'20262010',86686,86687,86688
530,53000,'20262010',86763,86764,86765,86766
530,53001,'20262010',86767,86768,86769,86770
536,53600,'20262010',86771,86772
536,53601,'20262010',86773,86774
537,53700,'20262010',86775,86776,86777,86778
537,53701,'20262010',86779,86780
538,53800,'20262010',86781,86782
538,53801,'20262010',86783,86784
550,55000,'20262010',86785,86786,86787,86788
550,55001,'20262010',86789,86790,86791,86792
554,55400,'20262010',86793,86794,86795
554,55401,'20262010',86796,86797
555,55500,'20262010',86798,86799
555,55501,'20262010',86800,86801
558,55800,'20262010',86802,86803
558,55801,'20262010',86804,86805
570,57000,'20262010',86806,86807,86808
570,57001,'20262010',86809,86810,86811
572,57200,'20262010',86812,86813
572,57201,'20262010',86814,86815,86816
574,57400,'20262010',86817,86818,86819
574,57401,'20262010',86820,86821,86822
580,58000,'20262010',86823,86824,86825
580,58001,'20262010',86826,86827,86828
581,58100,'20262010',86829,86830
581,58101,'20262010',86831,86832,86833
582,58200,'20262010',86834,86835,86836
582,58201,'20262010',86837,86838,86839,86840
584,58400,'20262010',86841,86842,86843
584,58401,'20262010',86844,86845,86846
630,63000,'20262010',86847,86848,86849
630,63001,'20262010',86850,86851,86852
650,65000,'20262010',86853,86854,86855
650,65001,'20262010',86856,86857,86858
690,69002,'20262010',86859,86860,86861
690,69003,'20262010',86862,86863
800,80002,'20262010',86864,86865,86866,86867,86868,86869,86870,86871,86872,86873,86874,86875,86876,86877,86878,86879,86880,86881,86882,86883,86884,86885,86886,86887,86888,86889,86890,86891,86892,86893,86894,86895,86896,86897,86898,86899,86900,86901,86902,86903,86904,86905,86906,86907,86908,86909,86910,86911,86912,86913,86914,86915,86916,86917,86918,86919,86920,86921,86922,86923,86924,86925,86926,86927,86928,86929,86930,86931,86932,86933,86934,86935,86936,86937,86938,86939,86940,86941,86942,86943,86944,86945,86946,86947,86948,86949,86950,86951,86952,86953,86954,86955,86956
800,80003,'20262010',87119,87120,87121,87122,87123,87124,87125,87126,87127,87128,87129,87130,87131,87132,87133,87134,87135,87136,87137,87138,87139,87140,87141,87142,87143,87144,87145,87146,87147,87148,87149,87150,87151,87152,87153,87154,87155,87156,87157,87158,87159,87160,87161,87162,87163,87164,87165,87166,87167,87168,87169,87170,87171,87172,87173,87174,87175,87176,87177,87178,87179,87180,87181,87182,87183,87184,87185,87186,87187,87188,87189,87190,87191,87192,87193,87194,87195,87196,87197,87198,87199,87200,87201,87202,87203,87204,87205,87206,87207,87208,87209
801,80102,'20262010',87364,87365,87366,87367,87368,87369,87370,87371,87372,87373,87374,87375,87376,87377,87378,87379,87380,87381,87382,87383,87384,87385,87386,87387,87388,87389,87390,87391,87392,87393,87394,87395,87396,87397,87398,87399,87400,87401,87402,87403,87404,87405,87406,87407,87408,87409,87410,87411,87412,87413,87414,87415,87416,87417,87418,87419,87420,87421,87422,87423,87424,87425,87426,87427,87428,87429,87430,87431,87432,87433,87434,87435,87436,87437,87438,87439,87440,87441,87442,87443,87444,87445,87446,87447,87448,87449,87450,87451,87452,87453,87454,87455,87456,87457,87458
801,80103,'20262010',87619,87620,87621,87622,87623,87624,87625,87626,87627,87628,87629,87630,87631,87632,87633,87634,87635,87636,87637,87638,87639,87640,87641,87642,87643,87644,87645,87646,87647,87648,87649,87650,87651,87652,87653,87654,87655,87656,87657,87658,87659,87660,87661,87662,87663,87664,87665,87666,87667,87668,87669,87670,87671,87672,87673,87674,87675,87676,87677,87678,87679,87680,87681,87682,87683,87684,87685,87686,87687,87688,87689,87690,87691,87692,87693,87694,87695,87696,87697,87698,87699,87700,87701,87702,87703,87704,87705,87706,87707,87708,87709,87710,87711,87712,87713
802,80202,'20262010',87868,87869,87870,87871,87872,87873,87874,87875,87876,87877,87878,87879,87880,87881,87882,87883,87884,87885,87886,87887,87888,87889,87890,87891,87892,87893,87894,87895,87896,87897,87898,87899,87900,87901,87902,87903,87904,87905,87906,87907,87908,87909,87910,87911,87912,87913,87914,87915,87916,87917,87918,87919,87920,87921,87922,87923,87924,87925,87926,87927,87928,87929,87930,87931,87932,87933,87934,87935,87936,87937,87938,87939,87940,87941,87942,87943,87944,87945,87946,87947,87948,87949,87950,87951,87952,87953
802,80203,'20262010',88110,88111,88112,88113,88114,88115,88116,88117,88118,88119,88120,88121,88122,88123,88124,88125,88126,88127,88128,88129,88130,88131,88132,88133,88134,88135,88136,88137,88138,88139,88140,88141,88142,88143,88144,88145,88146,88147,88148,88149,88150,88151,88152,88153,88154,88155,88156,88157,88158,88159,88160,88161,88162,88163,88164,88165,88166,88167,88168,88169,88170,88171,88172,88173,88174,88175,88176,88177,88178,88179,88180,88181,88182,88183,88184,88185,88186,88187,88188,88189,88190,88191,88192,88193,88194,88195,88196
803,80302,'20262010',88351,88352,88353,88354,88355,88356,88357,88358,88359,88360,88361,88362,88363,88364,88365,88366,88367,88368,88369,88370,88371,88372,88373,88374,88375,88376,88377,88378,88379,88380,88381,88382,88383,88384,88385,88386,88387,88388,88389,88390,88391,88392,88393,88394,88395,88396,88397,88398,88399,88400,88401,88402,88403,88404,88405,88406,88407,88408,88409,88410,88411,88412,88413,88414,88415,88416,88417,88418,88419,88420,88421,88422,88423,88424,88425,88426,88427,88428,88429,88430,88431,88432,88433,88434,88435,88436,88437,88438,88439,88440
803,80303,'20262010',88595,88596,88597,88598,88599,88600,88601,88602,88603,88604,88605,88606,88607,88608,88609,88610,88611,88612,88613,88614,88615,88616,88617,88618,88619,88620,88621,88622,88623,88624,88625,88626,88627,88628,88629,88630,88631,88632,88633,88634,88635,88636,88637,88638,88639,88640,88641,88642,88643,88644,88645,88646,88647,88648,88649,88650,88651,88652,88653,88654,88655,88656,88657,88658,88659,88660,88661,88662,88663,88664,88665,88666,88667,88668,88669,88670,88671,88672,88673,88674,88675,88676,88677,88678,88679,88680,88681
804,80400,'20262010',88836,88837,88838,88839,88840,88841,88842,88843,88844,88845,88846,88847,88848,88849,88850,88851,88852,88853,88854,88855,88856,88857,88858,88859,88860,88861,88862,88863,88864,88865,88866,88867,88868,88869,88870,88871,88872,88873,88874,88875,88876,88877,88878,88879,88880,88881,88882,88883,88884,88885,88886,88887,88888,88889,88890,88891,88892,88893,88894,88895,88896,88897,88898,88899,88900,88901,88902,88903,88904,88905,88906,88907,88908
804,80401,'20262010',89037,89038,89039,89040,89041,89042,89043,89044,89045,89046,89047,89048,89049,89050,89051,89052,89053,89054,89055,89056,89057,89058,89059,89060,89061,89062,89063,89064,89065,89066,89067,89068,89069,89070,89071,89072,89073,89074,89075,89076,89077,89078,89079,89080,89081,89082,89083,89084,89085,89086,89087,89088,89089,89090,89091,89092,89093,89094,89095,89096,89097,89098,89099,89100,89101,89102,89103,89104,89105,89106,89107,89108,89109,89110,89111,89112,89113
805,80502,'20262010',89244,89245,89246,89247,89248,89249,89250,89251,89252,89253,89254,89255,89256,89257,89258,89259,89260,89261,89262,89263,89264,89265,89266,89267,89268,89269,89270,89271,89272,89273,89274,89275,89276,89277,89278,89279,89280,89281,89282,89283,89284,89285,89286,89287,89288,89289,89290,89291,89292,89293,89294,89295,89296,89297,89298,89299,89300,89301,89302,89303,89304,89305,89306,89307,89308,89309,89310,89311,89312,89313,89314,89315,89316,89317,89318,89319,89320,89321,89322,89323,89324,89325,89326,89327,89328,89329,89330,89331,89332,89333,89334,89335,89336,89337,89338,89339,89340,89341,89342,89343,89344,89345,89346,89347,89348,89349,89350,89351,89352,89353,89354,89355,89356,89357,89358,89359,89360,89361,89362,89363,89364,89365,89366,89367,89368,89369,89370,89371,89372,89373,89374,89375
805,80503,'20262010',89612,89613,89614,89615,89616,89617,89618,89619,89620,89621,89622,89623,89624,89625,89626,89627,89628,89629,89630,89631,89632,89633,89634,89635,89636,89637,89638,89639,89640,89641,89642,89643,89644,89645,89646,89647,89648,89649,89650,89651,89652,89653,89654,89655,89656,89657,89658,89659,89660,89661,89662,89663,89664,89665,89666,89667,89668,89669,89670,89671,89672,89673,89674,89675,89676,89677,89678,89679,89680,89681,89682,89683,89684,89685,89686,89687,89688,89689,89690,89691,89692,89693,89694,89695,89696,89697,89698,89699,89700,89701,89702,89703,89704,89705,89706,89707,89708,89709,89710,89711,89712,89713,89714,89715,89716,89717,89718,89719,89720,89721,89722,89723,89724,89725,89726,89727,89728,89729,89730,89731,89732,89733,89734,89735,89736,89737,89738
807,80702,'20262010',89975,89976,89977,89978,89979,89980,89981,89982,89983,89984,89985,89986,89987,89988,89989,89990,89991,89992,89993,89994,89995,89996,89997,89998,89999,90000,90001,90002,90003,90004,90005,90006,90007,90008,90009,90010,90011,90012,90013,90014,90015,90016,90017,90018,90019,90020,90021,90022,90023,90024,90025,90026,90027,90028,90029,90030,90031,90032,90033,90034,90035,90036,90037,90038,90039,90040,90041,90042,90043,90044,90045,90046,90047,90048,90049,90050,90051,90052,90053,90054,90055,90056,90057,90058,90059,90060
807,80703,'20262010',90217,90218,90219,90220,90221,90222,90223,90224,90225,90226,90227,90228,90229,90230,90231,90232,90233,90234,90235,90236,90237,90238,90239,90240,90241,90242,90243,90244,90245,90246,90247,90248,90249,90250,90251,90252,90253,90254,90255,90256,90257,90258,90259,90260,90261,90262,90263,90264,90265,90266,90267,90268,90269,90270,90271,90272,90273,90274,90275,90276,90277,90278,90279,90280,90281,90282,90283,90284,90285,90286,90287,90288,90289,90290,90291,90292,90293,90294,90295,90296,90297,90298,90299,90300
904,90400,'20262010',90457
907,90702,'20262010',90459,90460
907,90703,'20262010',90463,90464
925,92503,'20262010',90467,90468
931,93100,'20262010',90471,90472
931,93101,'20262010',90475
936,93600,'20262010',90477
950,95002,'20262010',90479,90480
954,95400,'20262010',90483,90484
972,97203,'20262010',90487
980,98000,'20262010',90489
982,98200,'20262010',90491
984,98400,'20262010',90493
991,99103,'20262010',90495,90496
992,99203,'20262010',90499,90500
