7400,'20263010',703,,96740,14,,,1,56,,96727,14,,,1,145,,96728,14,,,1,100,,96729,14,,,1,99,,96730,14,,,1,100,,96731,14,,,1,100,,96732,14,,,1,99,,96733,14,,,1,99,,96734,14,,,1,57,,96735,14,,,1,101,,96736,14,,,1,143,,96737,14,,,1,102,,96741,14,,,1,101,,96742,14,,,1,99,,96738,14,,,1,101,,96743,14,,,1,101,,96739,14,,,1
7400,'20263511',806,,96765,14,,,1,99,,96779,14,,,1,98,,96780,14,,,1,101,,96766,14,,,1,99,,96767,14,,,1,99,,96768,14,,,1,100,,96769,14,,,1,100,,96770,14,,,1,100,,96771,14,,,1,100,,96772,14,,,1,101,,96773,14,,,1,101,,96774,14,,,1,101,,96775,14,,,1,101,,96776,14,,,1,100,,96777,14,,,1,100,,96778,14,,,1,132,,96781,14,,,1
7400,'20263611',806,,96799,14,,,1,99,,96813,14,,,1,98,,96800,14,,,1,101,,96814,14,,,1,99,,96807,14,,,1,99,,96808,14,,,1,100,,96809,14,,,1,100,,96810,14,,,1,100,,96811,14,,,1,100,,96812,14,,,1,101,,96801,14,,,1,101,,96805,14,,,1,101,,96806,14,,,1,101,,96802,14,,,1,100,,96803,14,,,1,100,,96804,14,,,1,132,,96815,14,,,1
8400,'20263010',731,,98071,14,,,1,100,,98072,14,,,1,103,,98073,14,,,1,99,,98074,14,,,1,100,,98075,14,,,1,100,,98076,14,,,1,100,,98077,14,,,1,99,,98078,14,,,1,98,,98079,14,,,1,97,,98080,14,,,1,104,,98081,14,,,1,101,,98082,14,,,1,102,,98083,14,,,1,101,,98084,14,,,1,100,,98085,14,,,1,101,,98086,14,,,1,100,,98087,14,,,1
8400,'20263511',736,,98107,14,,,1,99,,98122,14,,,1,98,,98108,14,,,1,101,,98123,14,,,1,100,,98109,14,,,1,99,,98111,14,,,1,99,,98112,14,,,1,100,,98113,14,,,1,100,,98114,14,,,1,100,,98115,14,,,1,101,,98116,14,,,1,101,,98117,14,,,1,100,,98118,14,,,1,102,,98119,14,,,1,100,,98120,14,,,1,100,,98121,14,,,1,101,,98110,14,,,1
8400,'20263611',736,,98141,14,,,1,99,,98156,14,,,1,98,,98142,14,,,1,101,,98157,14,,,1,100,,98143,14,,,1,99,,98150,14,,,1,99,,98144,14,,,1,100,,98151,14,,,1,100,,98145,14,,,1,100,,98152,14,,,1,101,,98146,14,,,1,101,,98153,14,,,1,100,,98147,14,,,1,102,,98154,14,,,1,100,,98148,14,,,1,100,,98155,14,,,1,101,,98149,14,,,1
8600,'20263010',653,,98273,18,,,0,68,,98272,18,,,0,33,,98274,18,,,0,68,,98295,18,,,0,2,,98275,18,,,0,101,,98276,18,,,0,100,,98290,18,,,0,100,,98278,18,,,0,99,,98280,18,,,0,29,,98294,18,,,0,72,,98281,18,,,0,99,,98291,18,,,0,97,,98277,18,,,0,27,,98282,18,,,0,64,,98279,18,,,0,37,,98283,18,,,0,73,,98284,18,,,0,32,,98285,18,,,0,71,,98292,18,,,0,101,,98286,18,,,0,100,,98289,18,,,0,101,,98287,18,,,0,99,,98293,18,,,0,102,,98288,18,,,0
8600,'20263511',727,,98314,18,,,0,100,,98323,18,,,0,99,,98318,18,,,0,99,,98324,18,,,0,100,,98319,18,,,0,99,,98325,18,,,0,100,,98320,18,,,0,100,,98326,18,,,0,99,,98321,18,,,0,101,,98327,18,,,0,101,,98322,18,,,0,101,,98328,18,,,0,100,,98315,18,,,0,100,,98329,18,,,0,102,,98317,18,,,0,100,,98330,18,,,0,101,,98316,18,,,0,100,,98331,18,,,0
8600,'20263611',727,,98350,18,,,0,100,,98359,18,,,0,99,,98351,18,,,0,99,,98360,18,,,0,100,,98352,18,,,0,99,,98361,18,,,0,100,,98353,18,,,0,100,,98362,18,,,0,99,,98354,18,,,0,101,,98363,18,,,0,101,,98355,18,,,0,101,,98364,18,,,0,100,,98356,18,,,0,100,,98365,18,,,0,102,,98357,18,,,0,100,,98366,18,,,0,101,,98358,18,,,0,100,,98367,18,,,0
98400,'20263010',2547,,106117,19,,,0
98400,'20263511',2547,,106119,19,,,0
