23701,'20263010',616,,99542,9,,,0,15,,99543,9,,,0,25,,99544,9,,,0,61,,99545,9,,,0,20,,99546,9,,,0,70,,99547,9,,,0
33701,'20263010',635,,99797,9,,,0,8,,99801,9,,,0,11,,99798,9,,,0,70,,99802,9,,,0,32,,99803,9,,,0,146,,99799,9,,,0,203,,99800,9,,,0
53701,'20263010',650,,100007,9,,,0,72,,100008,9,,,0
80103,'20263010',451,,101436,9,,,1,56,,101429,9,,,1,15,,101342,9,,,1,14,,101343,9,,,1,11,,101341,9,,,1,9,,101345,9,,,1,50,,101346,9,,,1,9,,101347,9,,,1,9,,101344,9,,,1,10,,101349,9,,,1,11,,101435,9,,,1,10,,101350,9,,,1,50,,101351,9,,,1,8,,101348,9,,,1,8,,101352,9,,,1,7,,101353,9,,,1,11,,101354,9,,,1,9,,101355,9,,,1,11,,101356,9,,,1,52,,101357,9,,,1,9,,101358,9,,,1,8,,101359,9,,,1,9,,101360,9,,,1,11,,101361,9,,,1,53,,101362,9,,,1,15,,101363,9,,,1,16,,101364,9,,,1,16,,101365,9,,,1,54,,101366,9,,,1,14,,101367,9,,,1,15,,101370,9,,,1,15,,101371,9,,,1,55,,101372,9,,,1,15,,101368,9,,,1,15,,101369,9,,,1,15,,101373,9,,,1,55,,101375,9,,,1,15,,101376,9,,,1,16,,101374,9,,,1,14,,101378,9,,,1,55,,101379,9,,,1,13,,101377,9,,,1,15,,101380,9,,,1,15,,101434,9,,,1,15,,101381,9,,,1,54,,101382,9,,,1,14,,101383,9,,,1,12,,101384,9,,,1,12,,101432,9,,,1,8,,101385,9,,,1,48,,101386,9,,,1,8,,101387,9,,,1,8,,101388,9,,,1,9,,101389,9,,,1,10,,101390,9,,,1,8,,101391,9,,,1,9,,101393,9,,,1,50,,101394,9,,,1,8,,101395,9,,,1,9,,101392,9,,,1,8,,101433,9,,,1,8,,101396,9,,,1,11,,101397,9,,,1,51,,101399,9,,,1,10,,101400,9,,,1,11,,101401,9,,,1,10,,101430,9,,,1,13,,101398,9,,,1,54,,101402,9,,,1,14,,101404,9,,,1,16,,101406,9,,,1,16,,101403,9,,,1,55,,101407,9,,,1,15,,101405,9,,,1,16,,101408,9,,,1,15,,101409,9,,,1,55,,101410,9,,,1,15,,101411,9,,,1,16,,101412,9,,,1,15,,101413,9,,,1,55,,101414,9,,,1,15,,101415,9,,,1,15,,101416,9,,,1,15,,101417,9,,,1,55,,101418,9,,,1,15,,101420,9,,,1,15,,101421,9,,,1,16,,101422,9,,,1,55,,101419,9,,,1,16,,101423,9,,,1,15,,101424,9,,,1,15,,101425,9,,,1,55,,101426,9,,,1,15,,101427,9,,,1,15,,101428,9,,,1,15,,101431,9,,,1
80103,'20263510',537,,101437,9,,,1,18,,101438,9,,,1,54,,101439,9,,,1,15,,101440,9,,,1,14,,101441,9,,,1,13,,101442,9,,,1,55,,101443,9,,,1,15,,101444,9,,,1,15,,101445,9,,,1,14,,101446,9,,,1,55,,101447,9,,,1,15,,101448,9,,,1,15,,101449,9,,,1,15,,101450,9,,,1,55,,101451,9,,,1,16,,101452,9,,,1,16,,101453,9,,,1,15,,101454,9,,,1,55,,101455,9,,,1,16,,101456,9,,,1,15,,101457,9,,,1,15,,101458,9,,,1,56,,101460,9,,,1,15,,101461,9,,,1,15,,101462,9,,,1,16,,101459,9,,,1,55,,101463,9,,,1,16,,101464,9,,,1,16,,101465,9,,,1,16,,101466,9,,,1,56,,101467,9,,,1,15,,101468,9,,,1,15,,101469,9,,,1,15,,101470,9,,,1,55,,101471,9,,,1,16,,101472,9,,,1,16,,101473,9,,,1,54,,101474,9,,,1,15,,101475,9,,,1,16,,101476,9,,,1,15,,101477,9,,,1,55,,101478,9,,,1,16,,101479,9,,,1,15,,101480,9,,,1,15,,101481,9,,,1,55,,101482,9,,,1,15,,101483,9,,,1,16,,101484,9,,,1,15,,101485,9,,,1,57,,101486,9,,,1,16,,101487,9,,,1,16,,101488,9,,,1,14,,101490,9,,,1,55,,101491,9,,,1,14,,101492,9,,,1,16,,101489,9,,,1,14,,101493,9,,,1,55,,101494,9,,,1,15,,101495,9,,,1,18,,101496,9,,,1,15,,101497,9,,,1,55,,101498,9,,,1,15,,101499,9,,,1,13,,101500,9,,,1,15,,101501,9,,,1,55,,101502,9,,,1,15,,101503,9,,,1,16,,101504,9,,,1,16,,101505,9,,,1,54,,101506,9,,,1,15,,101507,9,,,1,15,,101508,9,,,1,15,,101509,9,,,1,55,,101510,9,,,1,15,,101511,9,,,1,15,,101512,9,,,1,14,,101513,9,,,1
80103,'20263511',537,,101514,9,,,1,18,,101515,9,,,1,54,,101516,9,,,1,15,,101517,9,,,1,14,,101518,9,,,1,13,,101519,9,,,1,55,,101520,9,,,1,15,,101521,9,,,1,15,,101522,9,,,1,14,,101523,9,,,1,55,,101524,9,,,1,15,,101525,9,,,1,15,,101526,9,,,1,15,,101527,9,,,1,55,,101528,9,,,1,16,,101529,9,,,1,16,,101530,9,,,1,15,,101531,9,,,1,55,,101532,9,,,1,16,,101533,9,,,1,15,,101534,9,,,1,15,,101535,9,,,1,56,,101537,9,,,1,15,,101538,9,,,1,15,,101539,9,,,1,16,,101536,9,,,1,55,,101540,9,,,1,16,,101541,9,,,1,16,,101542,9,,,1,16,,101543,9,,,1,56,,101544,9,,,1,15,,101545,9,,,1,15,,101546,9,,,1,15,,101547,9,,,1,55,,101548,9,,,1,16,,101549,9,,,1,16,,101550,9,,,1,54,,101551,9,,,1,15,,101552,9,,,1,16,,101553,9,,,1,15,,101554,9,,,1,55,,101555,9,,,1,16,,101556,9,,,1,15,,101557,9,,,1,15,,101558,9,,,1,55,,101559,9,,,1,15,,101560,9,,,1,16,,101561,9,,,1,15,,101562,9,,,1,57,,101563,9,,,1,16,,101564,9,,,1,16,,101565,9,,,1,14,,101567,9,,,1,55,,101568,9,,,1,14,,101569,9,,,1,16,,101566,9,,,1,14,,101570,9,,,1,55,,101571,9,,,1,15,,101572,9,,,1,18,,101573,9,,,1,15,,101574,9,,,1,55,,101575,9,,,1,15,,101576,9,,,1,13,,101577,9,,,1,15,,101578,9,,,1,55,,101579,9,,,1,15,,101580,9,,,1,16,,101581,9,,,1,16,,101582,9,,,1,54,,101583,9,,,1,15,,101584,9,,,1,15,,101585,9,,,1,15,,101586,9,,,1,55,,101587,9,,,1,15,,101588,9,,,1,15,,101589,9,,,1,14,,101590,9,,,1
80103,'20263610',537,,101598,9,,,1,18,,101591,9,,,1,54,,101599,9,,,1,15,,101592,9,,,1,14,,101594,9,,,1,13,,101593,9,,,1,55,,101595,9,,,1,15,,101596,9,,,1,15,,101597,9,,,1,14,,101605,9,,,1,55,,101600,9,,,1,15,,101608,9,,,1,15,,101609,9,,,1,15,,101606,9,,,1,55,,101601,9,,,1,16,,101603,9,,,1,16,,101607,9,,,1,15,,101602,9,,,1,55,,101604,9,,,1,16,,101619,9,,,1,15,,101625,9,,,1,15,,101624,9,,,1,56,,101622,9,,,1,15,,101612,9,,,1,15,,101617,9,,,1,16,,101621,9,,,1,55,,101627,9,,,1,16,,101628,9,,,1,16,,101611,9,,,1,16,,101629,9,,,1,56,,101616,9,,,1,15,,101626,9,,,1,15,,101618,9,,,1,15,,101610,9,,,1,55,,101620,9,,,1,16,,101613,9,,,1,16,,101630,9,,,1,54,,101623,9,,,1,15,,101614,9,,,1,16,,101615,9,,,1,15,,101640,9,,,1,55,,101641,9,,,1,16,,101647,9,,,1,15,,101645,9,,,1,15,,101649,9,,,1,55,,101648,9,,,1,15,,101642,9,,,1,16,,101643,9,,,1,15,,101635,9,,,1,57,,101644,9,,,1,16,,101646,9,,,1,16,,101650,9,,,1,14,,101634,9,,,1,55,,101631,9,,,1,14,,101651,9,,,1,16,,101638,9,,,1,14,,101632,9,,,1,55,,101636,9,,,1,15,,101633,9,,,1,18,,101637,9,,,1,15,,101639,9,,,1,55,,101652,9,,,1,15,,101659,9,,,1,13,,101665,9,,,1,15,,101666,9,,,1,55,,101653,9,,,1,15,,101654,9,,,1,16,,101660,9,,,1,16,,101667,9,,,1,54,,101655,9,,,1,15,,101662,9,,,1,15,,101656,9,,,1,15,,101663,9,,,1,55,,101657,9,,,1,15,,101658,9,,,1,15,,101664,9,,,1,14,,101661,9,,,1
80103,'20263611',537,,101675,9,,,1,18,,101668,9,,,1,54,,101676,9,,,1,15,,101669,9,,,1,14,,101671,9,,,1,13,,101670,9,,,1,55,,101672,9,,,1,15,,101673,9,,,1,15,,101674,9,,,1,14,,101682,9,,,1,55,,101677,9,,,1,15,,101685,9,,,1,15,,101686,9,,,1,15,,101683,9,,,1,55,,101678,9,,,1,16,,101680,9,,,1,16,,101684,9,,,1,15,,101679,9,,,1,55,,101681,9,,,1,16,,101696,9,,,1,15,,101702,9,,,1,15,,101701,9,,,1,56,,101699,9,,,1,15,,101689,9,,,1,15,,101694,9,,,1,16,,101698,9,,,1,55,,101704,9,,,1,16,,101705,9,,,1,16,,101688,9,,,1,16,,101706,9,,,1,56,,101693,9,,,1,15,,101703,9,,,1,15,,101695,9,,,1,15,,101687,9,,,1,55,,101697,9,,,1,16,,101690,9,,,1,16,,101707,9,,,1,54,,101700,9,,,1,15,,101691,9,,,1,16,,101692,9,,,1,15,,101717,9,,,1,55,,101718,9,,,1,16,,101724,9,,,1,15,,101722,9,,,1,15,,101726,9,,,1,55,,101725,9,,,1,15,,101719,9,,,1,16,,101720,9,,,1,15,,101712,9,,,1,57,,101721,9,,,1,16,,101723,9,,,1,16,,101727,9,,,1,14,,101711,9,,,1,55,,101708,9,,,1,14,,101728,9,,,1,16,,101715,9,,,1,14,,101709,9,,,1,55,,101713,9,,,1,15,,101710,9,,,1,18,,101714,9,,,1,15,,101716,9,,,1,55,,101729,9,,,1,15,,101736,9,,,1,13,,101742,9,,,1,15,,101743,9,,,1,55,,101730,9,,,1,15,,101731,9,,,1,16,,101737,9,,,1,16,,101744,9,,,1,54,,101732,9,,,1,15,,101739,9,,,1,15,,101733,9,,,1,15,,101740,9,,,1,55,,101734,9,,,1,15,,101735,9,,,1,15,,101741,9,,,1,14,,101738,9,,,1
93101,'20263010',2627,,106090,9,,,0
93101,'20263510',2627,,106091,9,,,0
93101,'20263511',2627,,106092,9,,,0
