80102,'20263010',551,,101021,6,,,1,52,,101025,6,,,1,10,,100933,6,,,1,10,,100934,6,,,1,11,,100935,6,,,1,11,,100936,6,,,1,10,,100937,6,,,1,51,,100938,6,,,1,10,,100939,6,,,1,10,,100940,6,,,1,9,,100941,6,,,1,12,,100942,6,,,1,8,,101023,6,,,1,50,,100943,6,,,1,9,,100944,6,,,1,9,,100945,6,,,1,9,,100946,6,,,1,8,,100947,6,,,1,10,,100948,6,,,1,53,,100949,6,,,1,13,,100950,6,,,1,15,,100951,6,,,1,15,,100952,6,,,1,55,,100953,6,,,1,15,,100954,6,,,1,15,,100955,6,,,1,15,,100956,6,,,1,54,,100957,6,,,1,14,,100958,6,,,1,15,,100959,6,,,1,14,,100960,6,,,1,15,,100961,6,,,1,53,,100962,6,,,1,15,,100963,6,,,1,15,,100965,6,,,1,15,,100966,6,,,1,54,,100968,6,,,1,14,,100964,6,,,1,12,,100969,6,,,1,12,,100970,6,,,1,53,,100967,6,,,1,13,,100971,6,,,1,12,,100972,6,,,1,12,,100974,6,,,1,10,,101028,6,,,1,9,,100975,6,,,1,52,,100976,6,,,1,9,,100973,6,,,1,9,,100977,6,,,1,9,,100978,6,,,1,8,,100980,6,,,1,10,,100981,6,,,1,49,,100982,6,,,1,9,,100979,6,,,1,9,,100983,6,,,1,9,,100984,6,,,1,9,,100985,6,,,1,11,,100986,6,,,1,9,,100987,6,,,1,50,,100988,6,,,1,10,,100989,6,,,1,10,,100990,6,,,1,12,,101026,6,,,1,10,,100991,6,,,1,56,,100992,6,,,1,15,,100993,6,,,1,15,,100994,6,,,1,15,,100995,6,,,1,55,,100997,6,,,1,15,,100998,6,,,1,15,,100999,6,,,1,15,,100996,6,,,1,55,,101000,6,,,1,15,,101003,6,,,1,15,,101004,6,,,1,15,,101005,6,,,1,55,,101002,6,,,1,15,,101006,6,,,1,15,,101001,6,,,1,15,,101007,6,,,1,55,,101008,6,,,1,15,,101009,6,,,1,15,,101010,6,,,1,15,,101011,6,,,1,55,,101012,6,,,1,16,,101013,6,,,1,16,,101014,6,,,1,15,,101015,6,,,1,54,,101016,6,,,1,14,,101017,6,,,1,15,,101018,6,,,1,14,,101019,6,,,1,55,,101020,6,,,1,15,,101022,6,,,1,15,,101024,6,,,1,15,,101027,6,,,1
80102,'20263511',607,,101107,6,,,1,17,,101108,6,,,1,15,,101109,6,,,1,17,,101110,6,,,1,55,,101111,6,,,1,15,,101112,6,,,1,15,,101113,6,,,1,15,,101114,6,,,1,55,,101115,6,,,1,15,,101116,6,,,1,15,,101117,6,,,1,14,,101118,6,,,1,56,,101119,6,,,1,15,,101120,6,,,1,14,,101121,6,,,1,14,,101122,6,,,1,56,,101123,6,,,1,15,,101124,6,,,1,16,,101125,6,,,1,15,,101126,6,,,1,55,,101127,6,,,1,16,,101128,6,,,1,16,,101129,6,,,1,16,,101130,6,,,1,54,,101131,6,,,1,15,,101132,6,,,1,15,,101133,6,,,1,15,,101134,6,,,1,55,,101135,6,,,1,15,,101136,6,,,1,15,,101137,6,,,1,15,,101138,6,,,1,55,,101139,6,,,1,16,,101140,6,,,1,16,,101141,6,,,1,14,,101142,6,,,1,54,,101179,6,,,1,16,,101143,6,,,1,16,,101144,6,,,1,55,,101145,6,,,1,15,,101180,6,,,1,15,,101147,6,,,1,15,,101148,6,,,1,55,,101150,6,,,1,15,,101181,6,,,1,15,,101146,6,,,1,15,,101151,6,,,1,56,,101152,6,,,1,14,,101149,6,,,1,15,,101153,6,,,1,16,,101154,6,,,1,55,,101155,6,,,1,15,,101156,6,,,1,15,,101157,6,,,1,15,,101158,6,,,1,55,,101159,6,,,1,15,,101160,6,,,1,15,,101161,6,,,1,15,,101162,6,,,1,55,,101163,6,,,1,15,,101164,6,,,1,15,,101165,6,,,1,15,,101166,6,,,1,55,,101167,6,,,1,15,,101168,6,,,1,15,,101169,6,,,1,15,,101170,6,,,1,55,,101172,6,,,1,15,,101173,6,,,1,15,,101174,6,,,1,15,,101171,6,,,1,55,,101175,6,,,1,15,,101176,6,,,1,16,,101177,6,,,1,15,,101178,6,,,1,56,,101182,6,,,1,16,,101183,6,,,1,18,,101184,6,,,1
80102,'20263611',607,,101298,6,,,1,17,,101292,6,,,1,15,,101296,6,,,1,17,,101297,6,,,1,55,,101311,6,,,1,15,,101295,6,,,1,15,,101335,6,,,1,15,,101337,6,,,1,55,,101338,6,,,1,15,,101339,6,,,1,15,,101336,6,,,1,14,,101293,6,,,1,56,,101294,6,,,1,15,,101289,6,,,1,14,,101290,6,,,1,14,,101291,6,,,1,56,,101281,6,,,1,15,,101280,6,,,1,16,,101279,6,,,1,15,,101282,6,,,1,55,,101283,6,,,1,16,,101268,6,,,1,16,,101267,6,,,1,16,,101266,6,,,1,54,,101264,6,,,1,15,,101265,6,,,1,15,,101277,6,,,1,15,,101278,6,,,1,55,,101274,6,,,1,15,,101276,6,,,1,15,,101275,6,,,1,15,,101333,6,,,1,55,,101330,6,,,1,16,,101331,6,,,1,16,,101332,6,,,1,14,,101334,6,,,1,54,,101284,6,,,1,16,,101317,6,,,1,16,,101310,6,,,1,55,,101315,6,,,1,15,,101285,6,,,1,15,,101319,6,,,1,15,,101318,6,,,1,55,,101307,6,,,1,15,,101286,6,,,1,15,,101308,6,,,1,15,,101314,6,,,1,56,,101309,6,,,1,14,,101316,6,,,1,15,,101304,6,,,1,16,,101312,6,,,1,55,,101300,6,,,1,15,,101313,6,,,1,15,,101305,6,,,1,15,,101302,6,,,1,55,,101301,6,,,1,15,,101303,6,,,1,15,,101299,6,,,1,15,,101306,6,,,1,55,,101329,6,,,1,15,,101322,6,,,1,15,,101324,6,,,1,15,,101328,6,,,1,55,,101326,6,,,1,15,,101320,6,,,1,15,,101327,6,,,1,15,,101321,6,,,1,55,,101325,6,,,1,15,,101270,6,,,1,15,,101269,6,,,1,15,,101323,6,,,1,55,,101271,6,,,1,15,,101272,6,,,1,16,,101273,6,,,1,15,,101263,6,,,1,56,,101288,6,,,1,16,,101287,6,,,1,18,,101340,6,,,1
80502,'20263010',544,,104157,32,,,0,10,,104029,32,,,0,50,,104030,32,,,0,9,,104032,32,,,0,9,,104033,32,,,0,9,,104034,32,,,0,11,,104160,32,,,0,10,,104035,32,,,0,50,,104036,32,,,0,9,,104037,32,,,0,9,,104031,32,,,0,11,,104158,32,,,0,8,,104159,32,,,0,8,,104038,32,,,0,8,,104039,32,,,0,48,,104040,32,,,0,9,,104042,32,,,0,8,,104043,32,,,0,10,,104044,32,,,0,10,,104041,32,,,0,10,,104045,32,,,0,51,,104046,32,,,0,8,,104047,32,,,0,9,,104048,32,,,0,11,,104136,32,,,0,10,,104049,32,,,0,9,,104050,32,,,0,10,,104137,32,,,0,51,,104051,32,,,0,10,,104052,32,,,0,10,,104138,32,,,0,10,,104053,32,,,0,10,,104054,32,,,0,10,,104139,32,,,0,50,,104055,32,,,0,10,,104056,32,,,0,10,,104140,32,,,0,10,,104057,32,,,0,10,,104058,32,,,0,10,,104141,32,,,0,50,,104060,32,,,0,10,,104061,32,,,0,10,,104062,32,,,0,10,,104063,32,,,0,10,,104142,32,,,0,10,,104064,32,,,0,49,,104065,32,,,0,10,,104059,32,,,0,10,,104066,32,,,0,10,,104067,32,,,0,10,,104068,32,,,0,9,,104070,32,,,0,50,,104069,32,,,0,9,,104071,32,,,0,10,,104072,32,,,0,11,,104073,32,,,0,11,,104074,32,,,0,9,,104075,32,,,0,49,,104076,32,,,0,6,,104077,32,,,0,5,,104078,32,,,0,4,,104079,32,,,0,6,,104080,32,,,0,8,,104135,32,,,0,6,,104081,32,,,0,8,,104129,32,,,0,8,,104082,32,,,0,47,,104085,32,,,0,7,,104086,32,,,0,7,,104087,32,,,0,4,,104088,32,,,0,6,,104133,32,,,0,7,,104084,32,,,0,8,,104083,32,,,0,7,,104090,32,,,0,6,,104091,32,,,0,48,,104092,32,,,0,8,,104089,32,,,0,4,,104093,32,,,0,10,,104094,32,,,0,9,,104095,32,,,0,7,,104096,32,,,0,8,,104097,32,,,0,6,,104098,32,,,0,47,,104099,32,,,0,7,,104100,32,,,0,6,,104101,32,,,0,10,,104143,32,,,0,9,,104102,32,,,0,11,,104103,32,,,0,9,,104104,32,,,0,50,,104144,32,,,0,9,,104106,32,,,0,12,,104107,32,,,0,10,,104145,32,,,0,10,,104108,32,,,0,10,,104146,32,,,0,50,,104105,32,,,0,10,,104109,32,,,0,10,,104148,32,,,0,10,,104110,32,,,0,10,,104111,32,,,0,10,,104112,32,,,0,50,,104113,32,,,0,10,,104114,32,,,0,10,,104149,32,,,0,10,,104115,32,,,0,10,,104116,32,,,0,10,,104150,32,,,0,50,,104117,32,,,0,10,,104119,32,,,0,10,,104147,32,,,0,10,,104120,32,,,0,10,,104121,32,,,0,11,,104151,32,,,0,49,,104118,32,,,0,11,,104122,32,,,0,10,,104152,32,,,0,10,,104123,32,,,0,10,,104132,32,,,0,10,,104153,32,,,0,50,,104124,32,,,0,10,,104125,32,,,0,10,,104154,32,,,0,10,,104130,32,,,0,10,,104126,32,,,0,10,,104155,32,,,0,50,,104127,32,,,0,10,,104128,32,,,0,10,,104156,32,,,0,10,,104131,32,,,0,9,,104134,32,,,0
80502,'20263511',558,,104395,32,,,0,50,,104279,32,,,0,10,,104372,32,,,0,9,,104280,32,,,0,10,,104366,32,,,0,10,,104373,32,,,0,10,,104281,32,,,0,50,,104282,32,,,0,11,,104374,32,,,0,10,,104396,32,,,0,9,,104283,32,,,0,10,,104367,32,,,0,9,,104375,32,,,0,50,,104284,32,,,0,10,,104285,32,,,0,10,,104286,32,,,0,9,,104287,32,,,0,10,,104368,32,,,0,10,,104376,32,,,0,50,,104288,32,,,0,10,,104289,32,,,0,11,,104290,32,,,0,10,,104291,32,,,0,10,,104292,32,,,0,10,,104377,32,,,0,50,,104293,32,,,0,11,,104294,32,,,0,10,,104295,32,,,0,10,,104296,32,,,0,10,,104297,32,,,0,10,,104378,32,,,0,50,,104298,32,,,0,10,,104299,32,,,0,11,,104300,32,,,0,10,,104301,32,,,0,10,,104302,32,,,0,10,,104379,32,,,0,50,,104303,32,,,0,10,,104304,32,,,0,10,,104305,32,,,0,10,,104307,32,,,0,10,,104308,32,,,0,10,,104380,32,,,0,50,,104309,32,,,0,10,,104306,32,,,0,10,,104310,32,,,0,10,,104311,32,,,0,11,,104312,32,,,0,8,,104381,32,,,0,50,,104313,32,,,0,10,,104314,32,,,0,10,,104315,32,,,0,9,,104316,32,,,0,10,,104317,32,,,0,10,,104318,32,,,0,50,,104319,32,,,0,9,,104320,32,,,0,9,,104321,32,,,0,10,,104322,32,,,0,10,,104323,32,,,0,10,,104324,32,,,0,50,,104325,32,,,0,10,,104326,32,,,0,10,,104327,32,,,0,10,,104328,32,,,0,10,,104329,32,,,0,10,,104330,32,,,0,50,,104331,32,,,0,11,,104371,32,,,0,10,,104332,32,,,0,10,,104333,32,,,0,11,,104334,32,,,0,11,,104335,32,,,0,49,,104337,32,,,0,9,,104338,32,,,0,10,,104339,32,,,0,10,,104370,32,,,0,10,,104340,32,,,0,10,,104341,32,,,0,50,,104342,32,,,0,10,,104382,32,,,0,10,,104336,32,,,0,10,,104343,32,,,0,10,,104383,32,,,0,10,,104344,32,,,0,50,,104345,32,,,0,11,,104384,32,,,0,10,,104346,32,,,0,10,,104347,32,,,0,11,,104385,32,,,0,10,,104348,32,,,0,50,,104349,32,,,0,10,,104386,32,,,0,10,,104350,32,,,0,10,,104351,32,,,0,10,,104387,32,,,0,11,,104352,32,,,0,50,,104369,32,,,0,10,,104388,32,,,0,9,,104353,32,,,0,10,,104354,32,,,0,10,,104389,32,,,0,10,,104355,32,,,0,50,,104356,32,,,0,10,,104390,32,,,0,10,,104357,32,,,0,10,,104358,32,,,0,10,,104391,32,,,0,10,,104359,32,,,0,50,,104360,32,,,0,10,,104392,32,,,0,10,,104361,32,,,0,10,,104362,32,,,0,11,,104393,32,,,0,11,,104365,32,,,0,50,,104363,32,,,0,10,,104394,32,,,0,10,,104364,32,,,0
80502,'20263611',558,,104632,32,,,0,50,,104600,32,,,0,10,,104608,32,,,0,9,,104599,32,,,0,10,,104601,32,,,0,10,,104609,32,,,0,10,,104598,32,,,0,50,,104597,32,,,0,11,,104610,32,,,0,10,,104595,32,,,0,9,,104594,32,,,0,10,,104596,32,,,0,9,,104611,32,,,0,50,,104592,32,,,0,10,,104580,32,,,0,10,,104579,32,,,0,9,,104584,32,,,0,10,,104583,32,,,0,10,,104612,32,,,0,50,,104572,32,,,0,10,,104575,32,,,0,11,,104573,32,,,0,10,,104587,32,,,0,10,,104586,32,,,0,10,,104613,32,,,0,50,,104588,32,,,0,11,,104571,32,,,0,10,,104577,32,,,0,10,,104593,32,,,0,10,,104582,32,,,0,10,,104614,32,,,0,50,,104574,32,,,0,10,,104578,32,,,0,11,,104576,32,,,0,10,,104590,32,,,0,10,,104585,32,,,0,10,,104615,32,,,0,50,,104589,32,,,0,10,,104591,32,,,0,10,,104581,32,,,0,10,,104564,32,,,0,10,,104561,32,,,0,10,,104616,32,,,0,50,,104555,32,,,0,10,,104563,32,,,0,10,,104567,32,,,0,10,,104560,32,,,0,11,,104558,32,,,0,8,,104617,32,,,0,50,,104566,32,,,0,10,,104556,32,,,0,10,,104562,32,,,0,9,,104559,32,,,0,10,,104569,32,,,0,10,,104570,32,,,0,50,,104554,32,,,0,9,,104557,32,,,0,9,,104553,32,,,0,10,,104565,32,,,0,10,,104568,32,,,0,10,,104546,32,,,0,50,,104541,32,,,0,10,,104545,32,,,0,10,,104550,32,,,0,10,,104540,32,,,0,10,,104543,32,,,0,10,,104539,32,,,0,50,,104538,32,,,0,11,,104537,32,,,0,10,,104606,32,,,0,10,,104549,32,,,0,11,,104552,32,,,0,11,,104551,32,,,0,49,,104548,32,,,0,9,,104542,32,,,0,10,,104547,32,,,0,10,,104544,32,,,0,10,,104535,32,,,0,10,,104602,32,,,0,50,,104529,32,,,0,10,,104618,32,,,0,10,,104527,32,,,0,10,,104536,32,,,0,10,,104619,32,,,0,10,,104526,32,,,0,50,,104620,32,,,0,11,,104533,32,,,0,10,,104534,32,,,0,10,,104621,32,,,0,11,,104531,32,,,0,10,,104528,32,,,0,50,,104622,32,,,0,10,,104530,32,,,0,10,,104532,32,,,0,10,,104623,32,,,0,10,,104525,32,,,0,11,,104524,32,,,0,50,,104624,32,,,0,10,,104521,32,,,0,9,,104519,32,,,0,10,,104625,32,,,0,10,,104516,32,,,0,10,,104605,32,,,0,50,,104626,32,,,0,10,,104517,32,,,0,10,,104515,32,,,0,10,,104628,32,,,0,10,,104523,32,,,0,10,,104518,32,,,0,50,,104629,32,,,0,10,,104520,32,,,0,10,,104522,32,,,0,10,,104630,32,,,0,11,,104604,32,,,0,11,,104603,32,,,0,50,,104627,32,,,0,10,,104607,32,,,0,10,,104631,32,,,0
93100,'20263010',2534,,106084,4,,,0,125,,106085,25,,,0
93100,'20263511',2534,,106088,4,,,0,125,,106089,25,,,0
93600,'20263010',2534,,106093,4,,,0
93600,'20263511',2534,,106095,4,,,0
97203,'20263010',2539,,106108,4,,,0
97203,'20263511',2539,,106110,4,,,0
98200,'20263010',2531,,106114,4,,,0
98200,'20263511',2531,,106116,4,,,0
98400,'20263010',2535,,106117,4,,,0
98400,'20263511',2535,,106119,4,,,0
