1303,'20263010',713,,92369,48,4,,0,107,,92370,48,4,,0,28,,92391,46,4,,0,2,,92371,48,4,,0,95,,92372,48,4,,0,100,,92373,48,4,,0,100,,92374,48,4,,0,102,,92375,48,4,,0,98,,92376,48,4,,0,101,,92377,48,4,,0,101,,92378,48,4,,0,73,,92387,48,4,,0,31,,92379,48,4,,0,70,,92388,48,4,,0,35,,92380,48,4,,0,64,,92389,48,4,,0,30,,92381,48,4,,0,65,,92390,48,4,,0,27,,92382,48,4,,0,99,,92383,48,4,,0,100,,92384,48,4,,0,102,,92385,48,4,,0,97,,92386,48,4,,0
1303,'20263510',823,,92393,48,4,,0,102,,92394,48,4,,0,102,,92395,48,4,,0,102,,92396,48,4,,0,102,,92397,48,4,,0,102,,92398,48,4,,0,102,,92399,48,4,,0,105,,92400,48,4,,0,97,,92401,48,4,,0,100,,92402,48,4,,0,97,,92403,48,4,,0,97,,92404,48,4,,0,98,,92405,48,4,,0,98,,92406,48,4,,0,98,,92407,48,4,,0,98,,92392,48,4,,0
1303,'20263511',823,,92409,48,4,,0,102,,92410,48,4,,0,102,,92411,48,4,,0,102,,92412,48,4,,0,102,,92413,48,4,,0,102,,92414,48,4,,0,102,,92415,48,4,,0,105,,92416,48,4,,0,97,,92417,48,4,,0,100,,92418,48,4,,0,97,,92419,48,4,,0,97,,92420,48,4,,0,98,,92421,48,4,,0,98,,92422,48,4,,0,98,,92423,48,4,,0,98,,92408,48,4,,0
1303,'20263610',823,,92424,48,4,,0,102,,92425,48,4,,0,102,,92426,48,4,,0,102,,92427,48,4,,0,102,,92428,48,4,,0,102,,92429,48,4,,0,102,,92430,48,4,,0,105,,92431,48,4,,0,97,,92432,48,4,,0,100,,92433,48,4,,0,97,,92434,48,4,,0,97,,92435,48,4,,0,98,,92436,48,4,,0,98,,92437,48,4,,0,98,,92438,48,4,,0,98,,92439,48,4,,0
1303,'20263611',823,,92440,48,4,,0,102,,92441,48,4,,0,102,,92442,48,4,,0,102,,92443,48,4,,0,102,,92444,48,4,,0,102,,92445,48,4,,0,102,,92446,48,4,,0,105,,92447,48,4,,0,97,,92448,48,4,,0,100,,92449,48,4,,0,97,,92450,48,4,,0,97,,92451,48,4,,0,98,,92452,48,4,,0,98,,92453,48,4,,0,98,,92454,48,4,,0,98,,92455,48,4,,0
9002,'20263010',655,,98478,39,4,,0,70,,98479,39,4,,0,75,,98482,39,4,,0,35,,98480,39,4,,0,18,,98483,26,4,,0,2,,98481,39,4,,0
9601,'20263010',634,,99395,47,4,,0,99,,99396,47,4,,0,76,,99397,47,4,,0,27,,99398,47,4,,0,98,,99413,47,4,,0,100,,99399,47,4,,0,100,,99400,47,4,,0,100,,99401,47,4,,0,100,,99402,47,4,,0,100,,99403,47,4,,0,100,,99404,47,4,,0,100,,99405,47,4,,0,110,,99406,47,4,,0,91,,99407,47,4,,0,98,,99408,47,4,,0,100,,99409,47,4,,0,99,,99410,47,4,,0,99,,99411,47,4,,0,100,,99412,47,4,,0
9601,'20263510',759,,99414,47,4,,0,100,,99415,47,4,,0,141,,99416,47,4,,0,102,,99417,47,4,,0,100,,99418,47,4,,0,56,,99419,47,4,,0,99,,99420,47,4,,0,148,,99421,47,4,,0,97,,99422,47,4,,0,56,,99423,47,4,,0,147,,99424,47,4,,0,95,,99425,47,4,,0,59,,99426,47,4,,0,100,,99427,47,4,,0,100,,99428,47,4,,0,100,,99429,47,4,,0
9601,'20263511',759,,99430,47,4,,0,100,,99431,47,4,,0,141,,99432,47,4,,0,102,,99433,47,4,,0,100,,99434,47,4,,0,56,,99435,47,4,,0,99,,99436,47,4,,0,148,,99437,47,4,,0,97,,99438,47,4,,0,56,,99439,47,4,,0,147,,99440,47,4,,0,95,,99441,47,4,,0,59,,99442,47,4,,0,100,,99443,47,4,,0,100,,99444,47,4,,0,100,,99445,47,4,,0
9601,'20263610',759,,99446,47,4,,0,100,,99447,47,4,,0,141,,99448,47,4,,0,102,,99449,47,4,,0,100,,99450,47,4,,0,56,,99451,47,4,,0,99,,99452,47,4,,0,148,,99453,47,4,,0,97,,99454,47,4,,0,56,,99455,47,4,,0,147,,99456,47,4,,0,95,,99457,47,4,,0,59,,99458,47,4,,0,100,,99459,47,4,,0,100,,99460,47,4,,0,100,,99461,47,4,,0
9601,'20263611',759,,99462,47,4,,0,100,,99463,47,4,,0,141,,99464,47,4,,0,102,,99465,47,4,,0,100,,99466,47,4,,0,56,,99467,47,4,,0,99,,99468,47,4,,0,148,,99469,47,4,,0,97,,99470,47,4,,0,56,,99471,47,4,,0,147,,99472,47,4,,0,95,,99473,47,4,,0,59,,99474,47,4,,0,100,,99475,47,4,,0,100,,99476,47,4,,0,100,,99477,47,4,,0
