7600,'20263010',543,,96904,22,,,1,80,,96905,22,,,1,101,,96906,22,,,1,34,,96907,22,,,1,85,,96908,22,,,1,70,,96909,22,,,1,37,,96910,22,,,1,96,,96911,22,,,1,86,,96912,22,,,1,102,,96913,22,,,1,73,,96914,22,,,1,27,,96915,22,,,1,75,,96916,22,,,1,100,,96917,22,,,1,101,,96918,22,,,1,47,,96919,22,,,1,72,,96920,22,,,1,20,,96921,22,,,1,71,,96922,22,,,1,23,,96923,22,,,1,76,,96924,22,,,1,126,,96925,22,,,1,99,,96926,22,,,1,102,,96927,22,,,1,92,,96928,22,,,1
7600,'20263510',622,,96944,22,,,1,29,,96948,22,,,1,70,,96952,22,,,1,29,,96947,22,,,1,72,,96929,22,,,1,30,,96949,22,,,1,62,,96930,22,,,1,103,,96931,22,,,1,95,,96932,22,,,1,94,,96933,22,,,1,34,,96950,22,,,1,70,,96934,22,,,1,30,,96951,22,,,1,74,,96935,22,,,1,105,,96936,22,,,1,90,,96937,22,,,1,33,,96953,22,,,1,67,,96938,22,,,1,33,,96954,22,,,1,71,,96939,22,,,1,27,,96946,22,,,1,70,,96940,22,,,1,100,,96941,22,,,1,102,,96942,22,,,1,106,,96943,22,,,1,98,,96945,22,,,1
7600,'20263511',622,,96970,22,,,1,29,,96974,22,,,1,70,,96978,22,,,1,29,,96973,22,,,1,72,,96955,22,,,1,30,,96975,22,,,1,62,,96956,22,,,1,103,,96957,22,,,1,95,,96958,22,,,1,94,,96959,22,,,1,34,,96976,22,,,1,70,,96960,22,,,1,30,,96977,22,,,1,74,,96961,22,,,1,105,,96962,22,,,1,90,,96963,22,,,1,33,,96979,22,,,1,67,,96964,22,,,1,33,,96980,22,,,1,71,,96965,22,,,1,27,,96972,22,,,1,70,,96966,22,,,1,100,,96967,22,,,1,102,,96968,22,,,1,106,,96969,22,,,1,98,,96971,22,,,1
7600,'20263610',622,,96998,22,,,1,29,,96999,22,,,1,70,,96981,22,,,1,29,,97000,22,,,1,72,,96982,22,,,1,30,,97001,22,,,1,62,,96983,22,,,1,103,,96984,22,,,1,95,,96985,22,,,1,94,,96986,22,,,1,34,,97002,22,,,1,70,,96987,22,,,1,30,,97003,22,,,1,74,,96988,22,,,1,105,,96989,22,,,1,90,,96990,22,,,1,33,,97004,22,,,1,67,,96991,22,,,1,33,,97005,22,,,1,71,,96992,22,,,1,27,,97006,22,,,1,70,,96993,22,,,1,100,,96994,22,,,1,102,,96995,22,,,1,106,,96996,22,,,1,98,,96997,22,,,1
7600,'20263611',622,,97024,22,,,1,29,,97025,22,,,1,70,,97007,22,,,1,29,,97026,22,,,1,72,,97008,22,,,1,30,,97027,22,,,1,62,,97009,22,,,1,103,,97010,22,,,1,95,,97011,22,,,1,94,,97012,22,,,1,34,,97028,22,,,1,70,,97013,22,,,1,30,,97029,22,,,1,74,,97014,22,,,1,105,,97015,22,,,1,90,,97016,22,,,1,33,,97030,22,,,1,67,,97017,22,,,1,33,,97031,22,,,1,71,,97018,22,,,1,27,,97032,22,,,1,70,,97019,22,,,1,100,,97020,22,,,1,102,,97021,22,,,1,106,,97022,22,,,1,98,,97023,22,,,1
9300,'20263010',645,,98873,22,,,0,101,,98853,22,,,0,3,,98876,22,,,0,97,,98865,22,,,0,71,,98877,22,,,0,30,,98869,22,,,0,99,,98878,22,,,0,1,,98870,22,,,0,100,,98871,22,,,0,71,,98879,22,,,0,29,,98854,22,,,0,99,,98855,22,,,0,1,,98880,22,,,0,93,,98872,22,,,0,69,,98862,22,,,0,11,,98881,22,,,0,17,,98874,22,,,0,70,,98866,22,,,0,34,,98856,22,,,0,12,,98882,22,,,0,54,,98857,22,,,0,32,,98858,22,,,0,72,,98859,22,,,0,9,,98883,22,,,0,17,,98860,22,,,0,69,,98867,22,,,0,38,,98884,22,,,0,6,,98861,22,,,0,100,,98863,22,,,0,63,,98885,22,,,0,36,,98868,22,,,0,100,,98864,22,,,0,100,,98875,22,,,0
9300,'20263510',644,,98901,22,,,0,97,,98902,22,,,0,4,,98892,22,,,0,100,,98893,22,,,0,67,,98903,22,,,0,33,,98900,22,,,0,98,,98904,22,,,0,2,,98886,22,,,0,99,,98897,22,,,0,70,,98905,22,,,0,30,,98894,22,,,0,100,,98906,22,,,0,0,,98895,22,,,0,100,,98887,22,,,0,70,,98907,22,,,0,30,,98896,22,,,0,101,,98898,22,,,0,1,,98908,22,,,0,99,,98888,22,,,0,69,,98909,22,,,0,31,,98899,22,,,0,96,,98910,22,,,0,3,,98891,22,,,0,166,,98911,22,,,0,34,,98889,22,,,0,200,,98890,22,,,0
9300,'20263511',644,,98927,22,,,0,97,,98928,22,,,0,4,,98918,22,,,0,100,,98919,22,,,0,67,,98929,22,,,0,33,,98926,22,,,0,98,,98930,22,,,0,2,,98912,22,,,0,99,,98923,22,,,0,70,,98931,22,,,0,30,,98920,22,,,0,100,,98932,22,,,0,0,,98921,22,,,0,100,,98913,22,,,0,70,,98933,22,,,0,30,,98922,22,,,0,101,,98924,22,,,0,1,,98934,22,,,0,99,,98914,22,,,0,69,,98935,22,,,0,31,,98925,22,,,0,96,,98936,22,,,0,3,,98917,22,,,0,166,,98937,22,,,0,34,,98915,22,,,0,200,,98916,22,,,0
9300,'20263610',644,,98953,22,,,0,97,,98954,22,,,0,4,,98943,22,,,0,100,,98951,22,,,0,67,,98955,22,,,0,33,,98952,22,,,0,98,,98956,22,,,0,2,,98944,22,,,0,99,,98948,22,,,0,70,,98957,22,,,0,30,,98938,22,,,0,100,,98958,22,,,0,0,,98946,22,,,0,100,,98945,22,,,0,70,,98959,22,,,0,30,,98947,22,,,0,101,,98949,22,,,0,1,,98960,22,,,0,99,,98939,22,,,0,69,,98961,22,,,0,31,,98950,22,,,0,96,,98962,22,,,0,3,,98942,22,,,0,166,,98963,22,,,0,34,,98940,22,,,0,200,,98941,22,,,0
9300,'20263611',644,,98979,22,,,0,97,,98980,22,,,0,4,,98969,22,,,0,100,,98977,22,,,0,67,,98981,22,,,0,33,,98978,22,,,0,98,,98982,22,,,0,2,,98970,22,,,0,99,,98974,22,,,0,70,,98983,22,,,0,30,,98964,22,,,0,100,,98984,22,,,0,0,,98972,22,,,0,100,,98971,22,,,0,70,,98985,22,,,0,30,,98973,22,,,0,101,,98975,22,,,0,1,,98986,22,,,0,99,,98965,22,,,0,69,,98987,22,,,0,31,,98976,22,,,0,96,,98988,22,,,0,3,,98968,22,,,0,166,,98989,22,,,0,34,,98966,22,,,0,200,,98967,22,,,0
9601,'20263010',608,,99395,4,,,0,98,,99396,4,,,0,33,,99397,4,,,0,69,,99398,4,,,0,101,,99413,4,,,0,100,,99399,4,,,0,100,,99400,4,,,0,98,,99401,4,,,0,100,,99402,4,,,0,100,,99403,4,,,0,100,,99404,4,,,0,97,,99405,4,,,0,112,,99406,4,,,0,92,,99407,4,,,0,99,,99408,4,,,0,100,,99409,4,,,0,100,,99410,4,,,0,100,,99411,4,,,0,100,,99412,4,,,0
9601,'20263510',735,,99414,4,,,0,100,,99415,4,,,0,100,,99416,4,,,0,100,,99417,4,,,0,100,,99418,4,,,0,96,,99419,4,,,0,99,,99420,4,,,0,108,,99421,4,,,0,96,,99422,4,,,0,97,,99423,4,,,0,109,,99424,4,,,0,95,,99425,4,,,0,100,,99426,4,,,0,100,,99427,4,,,0,100,,99428,4,,,0,100,,99429,4,,,0
9601,'20263511',735,,99430,4,,,0,100,,99431,4,,,0,100,,99432,4,,,0,100,,99433,4,,,0,100,,99434,4,,,0,96,,99435,4,,,0,99,,99436,4,,,0,108,,99437,4,,,0,96,,99438,4,,,0,97,,99439,4,,,0,109,,99440,4,,,0,95,,99441,4,,,0,100,,99442,4,,,0,100,,99443,4,,,0,100,,99444,4,,,0,100,,99445,4,,,0
9601,'20263610',735,,99446,4,,,0,100,,99447,4,,,0,100,,99448,4,,,0,100,,99449,4,,,0,100,,99450,4,,,0,96,,99451,4,,,0,99,,99452,4,,,0,108,,99453,4,,,0,96,,99454,4,,,0,97,,99455,4,,,0,109,,99456,4,,,0,95,,99457,4,,,0,100,,99458,4,,,0,100,,99459,4,,,0,100,,99460,4,,,0,100,,99461,4,,,0
9601,'20263611',735,,99462,4,,,0,100,,99463,4,,,0,100,,99464,4,,,0,100,,99465,4,,,0,100,,99466,4,,,0,96,,99467,4,,,0,99,,99468,4,,,0,108,,99469,4,,,0,96,,99470,4,,,0,97,,99471,4,,,0,109,,99472,4,,,0,95,,99473,4,,,0,100,,99474,4,,,0,100,,99475,4,,,0,100,,99476,4,,,0,100,,99477,4,,,0
28303,'20263010',1617,,99712,22,4,,0,29,,99709,22,4,,0,100,,99710,22,4,,0,62,,99711,22,4,,0
99203,'20263010',2558,,106126,24,,,0,170,,106127,24,,,0
99203,'20263510',2558,,106128,24,,,0,170,,106129,24,,,0
99203,'20263511',2558,,106130,24,,,0,170,,106131,24,,,0
