3600,'20263010',719,,93658,19,,,0,30,,93679,19,,,0,69,,93659,19,,,0,101,,93660,19,,,0,100,,93661,19,,,0,100,,93662,19,,,0,100,,93663,19,,,0,100,,93664,19,,,0,100,,93665,19,,,0,100,,93666,19,,,0,27,,93667,19,,,0,68,,93668,19,,,0,33,,93669,19,,,0,71,,93670,19,,,0,31,,93671,19,,,0,70,,93673,19,,,0,101,,93674,19,,,0,100,,93675,19,,,0,101,,93676,19,,,0,101,,93677,19,,,0,100,,93678,19,,,0,100,,93672,19,,,0
3600,'20263510',720,,93682,19,,,0,100,,93683,19,,,0,100,,93684,19,,,0,100,,93685,19,,,0,100,,93686,19,,,0,99,,93687,19,,,0,100,,93688,19,,,0,100,,93689,19,,,0,100,,93690,19,,,0,100,,93691,19,,,0,100,,93692,19,,,0,101,,93693,19,,,0,100,,93695,19,,,0,100,,93680,19,,,0,101,,93696,19,,,0,100,,93681,19,,,0,101,,93694,19,,,0,101,,93697,19,,,0
3600,'20263511',720,,93700,19,,,0,100,,93701,19,,,0,100,,93702,19,,,0,100,,93703,19,,,0,100,,93704,19,,,0,99,,93705,19,,,0,100,,93706,19,,,0,100,,93707,19,,,0,100,,93708,19,,,0,100,,93709,19,,,0,100,,93710,19,,,0,101,,93711,19,,,0,100,,93713,19,,,0,100,,93698,19,,,0,101,,93714,19,,,0,100,,93699,19,,,0,101,,93712,19,,,0,101,,93715,19,,,0
3600,'20263610',720,,93733,19,,,0,100,,93731,19,,,0,100,,93725,19,,,0,100,,93728,19,,,0,100,,93717,19,,,0,99,,93716,19,,,0,100,,93724,19,,,0,100,,93723,19,,,0,100,,93722,19,,,0,100,,93721,19,,,0,100,,93720,19,,,0,101,,93719,19,,,0,100,,93729,19,,,0,100,,93718,19,,,0,101,,93730,19,,,0,100,,93727,19,,,0,101,,93726,19,,,0,101,,93732,19,,,0
3600,'20263611',720,,93751,19,,,0,100,,93749,19,,,0,100,,93743,19,,,0,100,,93746,19,,,0,100,,93735,19,,,0,99,,93734,19,,,0,100,,93742,19,,,0,100,,93741,19,,,0,100,,93740,19,,,0,100,,93739,19,,,0,100,,93738,19,,,0,101,,93737,19,,,0,100,,93747,19,,,0,100,,93736,19,,,0,101,,93748,19,,,0,100,,93745,19,,,0,101,,93744,19,,,0,101,,93750,19,,,0
13600,'20263010',1550,,99478,13,,,0,7,,99484,13,,,0,51,,99485,13,,,0,10,,99479,13,,,0,14,,99486,13,,,0,11,,99480,13,,,0,9,,99481,13,,,0,50,,99487,13,,,0,11,,99488,13,,,0,11,,99482,13,,,0,13,,99489,13,,,0,12,,99483,13,,,0
33800,'20263010',1233,,99807,9,4,,0,408,,99804,9,4,,0,101,,99806,9,4,,0,99,,99805,9,4,,0
53800,'20263010',1650,,100010,7,4,,0,74,,100009,7,4,,0,30,,100011,7,4,,0
93600,'20263010',2547,,106093,23,,,0
93600,'20263510',2547,,106094,23,,,0
93600,'20263511',2547,,106095,23,,,0
