7401,'20263010',624,,96816,57,,,1,100,,96817,57,,,1,100,,96818,57,,,1,100,,96819,57,,,1,100,,96820,57,,,1,100,,96821,57,,,1,100,,96822,57,,,1,100,,96823,57,,,1,100,,96824,57,,,1,100,,96825,57,,,1,102,,96831,57,,,1,99,,96826,57,,,1,99,,96827,57,,,1,100,,96833,57,,,1,100,,96828,57,,,1,100,,96832,57,,,1,100,,96829,57,,,1,130,,96830,57,,,1
7401,'20263511',724,,96867,57,,,1,100,,96853,57,,,1,100,,96854,57,,,1,100,,96868,57,,,1,100,,96861,57,,,1,100,,96862,57,,,1,100,,96863,57,,,1,100,,96864,57,,,1,100,,96865,57,,,1,100,,96866,57,,,1,100,,96855,57,,,1,100,,96859,57,,,1,100,,96860,57,,,1,100,,96856,57,,,1,100,,96857,57,,,1,100,,96858,57,,,1
7401,'20263611',724,,96887,57,,,1,100,,96902,57,,,1,100,,96888,57,,,1,100,,96903,57,,,1,100,,96890,57,,,1,100,,96891,57,,,1,100,,96892,57,,,1,100,,96893,57,,,1,100,,96894,57,,,1,100,,96895,57,,,1,100,,96896,57,,,1,100,,96897,57,,,1,100,,96898,57,,,1,100,,96899,57,,,1,100,,96900,57,,,1,100,,96901,57,,,1
7901,'20263010',654,,97250,43,,,0,71,,97251,43,,,0,30,,97252,43,,,0,70,,97253,43,,,0,29,,97254,43,,,0,100,,97255,43,,,0
8401,'20263010',654,,98158,71,,,1,101,,98159,71,,,1,99,,98160,71,,,1,100,,98161,71,,,1,100,,98162,71,,,1,100,,98163,71,,,1,100,,98164,71,,,1,100,,98165,71,,,1,100,,98166,71,,,1,101,,98167,71,,,1,101,,98168,71,,,1,98,,98169,71,,,1,100,,98170,71,,,1,100,,98171,71,,,1,100,,98172,71,,,1,100,,98173,71,,,1,100,,98174,71,,,1,100,,98176,71,,,1
8401,'20263511',654,,98197,71,,,1,100,,98212,71,,,1,100,,98198,71,,,1,100,,98211,71,,,1,100,,98199,71,,,1,100,,98206,71,,,1,100,,98207,71,,,1,100,,98208,71,,,1,100,,98209,71,,,1,100,,98210,71,,,1,100,,98201,71,,,1,100,,98200,71,,,1,100,,98202,71,,,1,100,,98205,71,,,1,100,,98204,71,,,1,100,,98203,71,,,1,100,,98213,71,,,1,100,,98214,71,,,1
8401,'20263611',654,,98245,71,,,1,100,,98249,71,,,1,100,,98248,71,,,1,100,,98246,71,,,1,100,,98233,71,,,1,100,,98239,71,,,1,100,,98234,71,,,1,100,,98240,71,,,1,100,,98235,71,,,1,100,,98241,71,,,1,100,,98236,71,,,1,100,,98242,71,,,1,100,,98237,71,,,1,100,,98243,71,,,1,100,,98238,71,,,1,100,,98244,71,,,1,100,,98247,71,,,1,100,,98250,71,,,1
27901,'20263010',635,,99672,31,,,0,83,,99670,31,,,0,34,,99671,31,,,0,66,,99669,31,,,0
80401,'20263010',540,,103767,38,,,1,15,,103755,38,,,1,55,,103691,38,,,1,15,,103756,38,,,1,15,,103738,38,,,1,15,,103692,38,,,1,52,,103693,38,,,1,10,,103694,38,,,1,9,,103695,38,,,1,12,,103751,38,,,1,10,,103745,38,,,1,10,,103696,38,,,1,50,,103697,38,,,1,10,,103698,38,,,1,10,,103699,38,,,1,11,,103712,38,,,1,13,,103713,38,,,1,54,,103714,38,,,1,15,,103752,38,,,1,15,,103700,38,,,1,14,,103701,38,,,1,54,,103702,38,,,1,15,,103703,38,,,1,15,,103704,38,,,1,14,,103753,38,,,1,56,,103746,38,,,1,14,,103705,38,,,1,15,,103706,38,,,1,13,,103707,38,,,1,57,,103708,38,,,1,15,,103709,38,,,1,15,,103750,38,,,1,15,,103710,38,,,1,55,,103715,38,,,1,15,,103716,38,,,1,16,,103747,38,,,1,15,,103711,38,,,1,54,,103717,38,,,1,14,,103718,38,,,1,16,,103719,38,,,1,15,,103720,38,,,1,55,,103721,38,,,1,16,,103749,38,,,1,14,,103722,38,,,1,16,,103723,38,,,1,54,,103725,38,,,1,17,,103754,38,,,1,15,,103726,38,,,1,11,,103727,38,,,1,12,,103724,38,,,1,52,,103728,38,,,1,12,,103737,38,,,1,14,,103762,38,,,1,15,,103739,38,,,1,55,,103729,38,,,1,15,,103765,38,,,1,18,,103748,38,,,1,18,,103740,38,,,1,58,,103741,38,,,1,18,,103730,38,,,1,18,,103731,38,,,1,58,,103759,38,,,1,18,,103742,38,,,1,18,,103760,38,,,1,58,,103761,38,,,1,18,,103758,38,,,1,18,,103757,38,,,1,17,,103744,38,,,1,58,,103743,38,,,1,16,,103732,38,,,1,18,,103733,38,,,1,57,,103764,38,,,1,18,,103734,38,,,1,17,,103763,38,,,1,18,,103735,38,,,1,56,,103736,38,,,1,17,,103766,38,,,1,18,,103768,38,,,1
80401,'20263511',651,,103834,38,,,1,57,,103886,38,,,1,18,,103885,38,,,1,18,,103835,38,,,1,58,,103836,38,,,1,18,,103887,38,,,1,17,,103874,38,,,1,17,,103875,38,,,1,55,,103876,38,,,1,16,,103888,38,,,1,15,,103837,38,,,1,16,,103877,38,,,1,55,,103878,38,,,1,16,,103889,38,,,1,16,,103838,38,,,1,14,,103879,38,,,1,55,,103880,38,,,1,14,,103890,38,,,1,14,,103839,38,,,1,15,,103881,38,,,1,54,,103882,38,,,1,14,,103840,38,,,1,15,,103883,38,,,1,14,,103841,38,,,1,55,,103842,38,,,1,14,,103843,38,,,1,15,,103844,38,,,1,15,,103845,38,,,1,55,,103846,38,,,1,15,,103847,38,,,1,15,,103848,38,,,1,15,,103849,38,,,1,55,,103850,38,,,1,15,,103851,38,,,1,15,,103852,38,,,1,14,,103853,38,,,1,55,,103854,38,,,1,14,,103855,38,,,1,15,,103856,38,,,1,14,,103857,38,,,1,56,,103858,38,,,1,16,,103859,38,,,1,19,,103860,38,,,1,18,,103861,38,,,1,59,,103884,38,,,1,18,,103895,38,,,1,19,,103862,38,,,1,59,,103863,38,,,1,18,,103896,38,,,1,18,,103864,38,,,1,58,,103897,38,,,1,18,,103865,38,,,1,18,,103866,38,,,1,17,,103898,38,,,1,58,,103867,38,,,1,18,,103893,38,,,1,18,,103868,38,,,1,58,,103869,38,,,1,18,,103892,38,,,1,18,,103870,38,,,1,58,,103891,38,,,1,18,,103871,38,,,1,18,,103872,38,,,1,18,,103894,38,,,1,58,,103873,38,,,1
80401,'20263611',651,,103964,38,,,1,57,,103965,38,,,1,18,,104016,38,,,1,18,,104015,38,,,1,58,,103966,38,,,1,18,,104017,38,,,1,17,,104004,38,,,1,17,,104005,38,,,1,55,,104006,38,,,1,16,,104018,38,,,1,15,,103968,38,,,1,16,,104007,38,,,1,55,,104008,38,,,1,16,,104019,38,,,1,16,,103967,38,,,1,14,,104009,38,,,1,55,,104010,38,,,1,14,,104020,38,,,1,14,,103969,38,,,1,15,,104011,38,,,1,54,,104012,38,,,1,14,,103970,38,,,1,15,,104013,38,,,1,14,,103971,38,,,1,55,,103972,38,,,1,14,,103973,38,,,1,15,,103974,38,,,1,15,,103975,38,,,1,55,,103976,38,,,1,15,,103977,38,,,1,15,,103978,38,,,1,15,,103979,38,,,1,55,,103980,38,,,1,15,,103981,38,,,1,15,,103982,38,,,1,14,,103983,38,,,1,55,,103984,38,,,1,14,,103985,38,,,1,15,,103986,38,,,1,14,,103987,38,,,1,56,,103988,38,,,1,16,,103989,38,,,1,19,,103990,38,,,1,18,,103991,38,,,1,59,,103992,38,,,1,18,,104014,38,,,1,19,,104021,38,,,1,59,,103993,38,,,1,18,,103994,38,,,1,18,,104022,38,,,1,58,,103995,38,,,1,18,,104023,38,,,1,18,,103996,38,,,1,17,,103997,38,,,1,58,,104024,38,,,1,18,,103998,38,,,1,18,,104025,38,,,1,58,,103999,38,,,1,18,,104000,38,,,1,18,,104026,38,,,1,58,,104001,38,,,1,18,,104027,38,,,1,18,,104002,38,,,1,18,,104028,38,,,1,58,,104003,38,,,1
