5400,'20263010',1533,,94582,3,,,1,75,,94584,3,,,1,35,,94586,3,,,1,67,,94588,3,,,1
13600,'20263010',1534,,99478,3,,,0,7,,99484,3,,,0,11,,99485,3,,,0,50,,99479,3,,,0,14,,99486,3,,,0,11,,99480,3,,,0,10,,99481,3,,,0,10,,99487,3,,,0,11,,99488,3,,,0,51,,99482,3,,,0,13,,99489,3,,,0,12,,99483,3,,,0
28302,'20263010',707,,99708,53,4,,0,29,,99706,53,4,,0,76,,99707,53,4,,0
29000,'20263010',1537,,99733,3,,,0,70,,99734,3,,,0,45,,99735,3,,,0,79,,99736,3,,,0,77,,99737,3,,,0
29102,'20263010',646,,99742,60,4,,0,69,,99745,60,4,,0,27,,99743,60,4,,0,73,,99744,60,4,,0
29202,'20263010',716,,99752,36,4,,0,23,,99751,36,4,,0,75,,99750,36,4,,0
29402,'20263010',647,,99756,50,4,,0,96,,99757,50,4,,0,72,,99758,50,4,,0
95400,'20263010',2534,,106102,4,,,0,170,,106103,4,,,0
95400,'20263510',2534,,106104,4,,,0,170,,106105,4,,,0
95400,'20263511',2534,,106106,4,,,0,170,,106107,4,,,0
