7000,'20263010',715,,95792,65,,,0,17,,95805,65,,,0,23,,95806,65,,,0,63,,95793,65,,,0,20,,95807,65,,,0,20,,95808,65,,,0,59,,95794,65,,,0,21,,95809,65,,,0,20,,95810,65,,,0,60,,95795,65,,,0,20,,95811,65,,,0,21,,95812,65,,,0,58,,95796,65,,,0,20,,95813,65,,,0,20,,95814,65,,,0,60,,95797,65,,,0,21,,95815,65,,,0,17,,95816,65,,,0,61,,95798,65,,,0,18,,95817,65,,,0,23,,95818,65,,,0,59,,95799,65,,,0,20,,95819,65,,,0,21,,95820,65,,,0,59,,95800,65,,,0,18,,95821,65,,,0,67,,95822,65,,,0,22,,95801,65,,,0,25,,95823,65,,,0,63,,95824,65,,,0,22,,95802,65,,,0,20,,95825,65,,,0,56,,95826,65,,,0,20,,95803,65,,,0,17,,95827,65,,,0,58,,95828,65,,,0,20,,95804,65,,,0,21,,95829,65,,,0,69,,95830,65,,,0,30,,95831,65,,,0,70,,95832,65,,,0,30,,95833,65,,,0,69,,95834,65,,,0,30,,95835,65,,,0,68,,95836,65,,,0,30,,95837,65,,,0,70,,95838,65,,,0
7000,'20263510',711,,95839,65,,,0,30,,95857,65,,,0,71,,95840,65,,,0,30,,95858,65,,,0,71,,95841,65,,,0,30,,95859,65,,,0,70,,95842,65,,,0,31,,95860,65,,,0,71,,95843,65,,,0,30,,95861,65,,,0,70,,95844,65,,,0,32,,95862,65,,,0,70,,95845,65,,,0,30,,95863,65,,,0,70,,95846,65,,,0,32,,95864,65,,,0,70,,95847,65,,,0,30,,95865,65,,,0,70,,95848,65,,,0,30,,95866,65,,,0,70,,95849,65,,,0,30,,95867,65,,,0,70,,95850,65,,,0,27,,95868,65,,,0,67,,95851,65,,,0,30,,95872,65,,,0,69,,95869,65,,,0,30,,95852,65,,,0,70,,95870,65,,,0,30,,95853,65,,,0,69,,95856,65,,,0,30,,95854,65,,,0,70,,95871,65,,,0,30,,95855,65,,,0
7000,'20263511',711,,95873,65,,,0,30,,95891,65,,,0,71,,95874,65,,,0,30,,95892,65,,,0,71,,95875,65,,,0,30,,95893,65,,,0,70,,95876,65,,,0,31,,95894,65,,,0,71,,95877,65,,,0,30,,95895,65,,,0,70,,95878,65,,,0,32,,95896,65,,,0,70,,95879,65,,,0,30,,95897,65,,,0,70,,95880,65,,,0,32,,95898,65,,,0,70,,95881,65,,,0,30,,95899,65,,,0,70,,95882,65,,,0,30,,95900,65,,,0,70,,95883,65,,,0,30,,95901,65,,,0,70,,95884,65,,,0,27,,95902,65,,,0,67,,95885,65,,,0,30,,95906,65,,,0,69,,95903,65,,,0,30,,95886,65,,,0,70,,95904,65,,,0,30,,95887,65,,,0,69,,95890,65,,,0,30,,95888,65,,,0,70,,95905,65,,,0,30,,95889,65,,,0
7000,'20263610',711,,95907,65,,,0,30,,95924,65,,,0,71,,95908,65,,,0,30,,95925,65,,,0,71,,95909,65,,,0,30,,95926,65,,,0,70,,95910,65,,,0,31,,95927,65,,,0,71,,95911,65,,,0,30,,95928,65,,,0,70,,95912,65,,,0,32,,95929,65,,,0,70,,95913,65,,,0,30,,95930,65,,,0,70,,95914,65,,,0,32,,95931,65,,,0,70,,95915,65,,,0,30,,95932,65,,,0,70,,95916,65,,,0,30,,95933,65,,,0,70,,95917,65,,,0,30,,95934,65,,,0,70,,95918,65,,,0,27,,95935,65,,,0,67,,95919,65,,,0,30,,95936,65,,,0,69,,95920,65,,,0,30,,95937,65,,,0,70,,95921,65,,,0,30,,95939,65,,,0,69,,95922,65,,,0,30,,95938,65,,,0,70,,95923,65,,,0,30,,95940,65,,,0
7000,'20263611',711,,95941,65,,,0,30,,95958,65,,,0,71,,95942,65,,,0,30,,95959,65,,,0,71,,95943,65,,,0,30,,95960,65,,,0,70,,95944,65,,,0,31,,95961,65,,,0,71,,95945,65,,,0,30,,95962,65,,,0,70,,95946,65,,,0,32,,95963,65,,,0,70,,95947,65,,,0,30,,95964,65,,,0,70,,95948,65,,,0,32,,95965,65,,,0,70,,95949,65,,,0,30,,95966,65,,,0,70,,95950,65,,,0,30,,95967,65,,,0,70,,95951,65,,,0,30,,95968,65,,,0,70,,95952,65,,,0,27,,95969,65,,,0,67,,95953,65,,,0,30,,95970,65,,,0,69,,95954,65,,,0,30,,95971,65,,,0,70,,95955,65,,,0,30,,95973,65,,,0,69,,95956,65,,,0,30,,95972,65,,,0,70,,95957,65,,,0,30,,95974,65,,,0
27000,'20263010',1621,,99620,25,4,,0,23,,99627,25,4,,0,2,,99621,25,4,,0,12,,99622,25,4,,0,62,,99623,25,4,,0,25,,99624,25,4,,0,66,,99625,25,4,,0,27,,99626,25,4,,0
37000,'20263010',1250,,99838,30,4,,0,368,,99839,30,4,,0,87,,99840,30,4,,0,102,,99841,30,4,,0,99,,99842,30,4,,0
57000,'20263010',1632,,100040,28,4,,0,9,,100041,28,4,,0,79,,100042,28,4,,0,18,,100043,28,4,,0,67,,100044,28,4,,0
98400,'20263010',2632,,106117,108,,,0
98400,'20263510',2632,,106118,108,,,0
98400,'20263511',2632,,106119,108,,,0
