502,'20263010',611,,91399,1,,,0,30,,91400,1,,,0,73,,91401,1,,,0,29,,91402,1,,,0,66,,91403,1,,,0,31,,91404,1,,,0,600,,91411,1,,,0,69,,91410,1,,,0,29,,91405,1,,,0,69,,91406,1,,,0,30,,91407,1,,,0,75,,91408,1,,,0,28,,91409,1,,,0
503,'20263010',650,,91412,10,4,,0,74,,91413,10,4,,0,35,,91414,10,4,,0,65,,91415,10,4,,0,28,,91416,10,4,,0,68,,91417,10,4,,0,602,,91418,10,4,,0,33,,91419,10,4,,0,75,,91420,10,4,,0,27,,91421,10,4,,0,71,,91422,10,4,,0,26,,91423,10,4,,0,67,,91424,10,4,,0
23600,'20263010',1536,,99523,1,,,0,70,,99524,1,,,0,15,,99525,1,,,0,15,,99526,1,,,0,72,,99527,1,,,0,28,,99528,1,,,0
23601,'20263010',705,,99529,55,4,,0,12,,99530,55,4,,0,29,,99533,55,4,,0,69,,99531,55,4,,0,32,,99532,55,4,,0
23800,'20263010',1536,,99548,1,,,0,70,,99549,1,,,0,52,,99551,1,,,0,78,,99550,1,,,0
23801,'20263010',715,,99552,42,4,,0,17,,99553,42,4,,0,13,,99554,42,4,,0,67,,99555,42,4,,0
25000,'20263010',1510,,99556,1,,,0,29,,99557,1,,,0,15,,99558,1,,,0,56,,99559,1,,,0,30,,99560,1,,,0,70,,99561,1,,,0,15,,99562,1,,,0,15,,99563,1,,,0
25001,'20263010',645,,99564,29,4,,0,67,,99565,29,4,,0,28,,99566,29,4,,0,71,,99567,29,4,,0,32,,99568,29,4,,0,1,,99569,29,4,,0
25100,'20263010',1540,,99570,1,,,0,69,,99571,1,,,0,33,,99572,1,,,0,68,,99573,1,,,0
25101,'20263010',713,,99574,24,4,,0,29,,99575,24,4,,0,71,,99576,24,4,,0
25300,'20263010',1541,,99577,1,,,0,70,,99578,1,,,0,32,,99579,1,,,0,71,,99580,1,,,0
25301,'20263010',713,,99581,36,4,,0,28,,99582,36,4,,0,71,,99583,36,4,,0,32,,99584,36,4,,0
25400,'20263010',1512,,99585,1,,,0,30,,99586,1,,,0,70,,99587,1,,,0,30,,99588,1,,,0,70,,99589,1,,,0,30,,99590,1,,,0
25401,'20263010',646,,99591,38,4,,0,69,,99592,38,4,,0,29,,99593,38,4,,0,59,,99594,38,4,,0,11,,99595,38,4,,0,30,,99596,38,4,,0
25500,'20263010',1544,,99597,1,,,0,70,,99598,1,,,0,31,,99599,1,,,0,71,,99600,1,,,0
25501,'20263010',713,,99601,41,4,,0,29,,99602,41,4,,0,59,,99603,41,4,,0,13,,99604,41,4,,0
25700,'20263010',1544,,99605,1,,,0,69,,99606,1,,,0,31,,99607,1,,,0,72,,99608,1,,,0
25701,'20263010',715,,99609,34,4,,0,26,,99610,34,4,,0,70,,99611,34,4,,0
25800,'20263010',1546,,99612,1,,,0,70,,99613,1,,,0,31,,99614,1,,,0,71,,99615,1,,,0
25801,'20263010',715,,99616,44,4,,0,21,,99617,44,4,,0,76,,99618,44,4,,0,33,,99619,44,4,,0
