9300,'20263010',653,,98873,39,,,0,102,,98853,39,,,0,49,,98876,45,,,0,51,,98865,39,,,0,76,,98877,45,,,0,24,,98869,39,,,0,100,,98870,39,,,0,4,,98878,45,,,0,96,,98871,39,,,0,77,,98879,45,,,0,23,,98854,39,,,0,99,,98855,39,,,0,47,,98880,45,,,0,48,,98872,39,,,0,69,,98862,39,,,0,17,,98881,45,,,0,11,,98874,39,,,0,70,,98866,39,,,0,35,,98856,39,,,0,60,,98882,45,,,0,6,,98857,39,,,0,31,,98858,39,,,0,72,,98859,39,,,0,14,,98883,45,,,0,12,,98860,39,,,0,69,,98867,39,,,0,42,,98884,45,,,0,1,,98861,39,,,0,100,,98863,39,,,0,68,,98885,45,,,0,32,,98868,39,,,0,99,,98864,39,,,0,100,,98875,39,,,0
9300,'20263510',652,,98901,39,,,0,102,,98892,39,,,0,100,,98893,39,,,0,71,,98903,45,,,0,28,,98900,39,,,0,100,,98886,39,,,0,3,,98904,45,,,0,96,,98897,39,,,0,76,,98905,45,,,0,25,,98894,39,,,0,101,,98895,39,,,0,4,,98906,45,,,0,96,,98887,39,,,0,74,,98907,45,,,0,26,,98896,39,,,0,101,,98898,39,,,0,45,,98908,45,,,0,54,,98888,39,,,0,74,,98909,45,,,0,25,,98899,39,,,0,99,,98891,39,,,0,2,,98910,45,,,0,168,,98911,45,,,0,30,,98889,39,,,0,200,,98890,39,,,0
9300,'20263511',652,,98927,39,,,0,102,,98918,39,,,0,100,,98919,39,,,0,71,,98929,45,,,0,28,,98926,39,,,0,100,,98912,39,,,0,3,,98930,45,,,0,96,,98923,39,,,0,76,,98931,45,,,0,25,,98920,39,,,0,101,,98921,39,,,0,4,,98932,45,,,0,96,,98913,39,,,0,74,,98933,45,,,0,26,,98922,39,,,0,101,,98924,39,,,0,45,,98934,45,,,0,54,,98914,39,,,0,74,,98935,45,,,0,25,,98925,39,,,0,99,,98917,39,,,0,2,,98936,45,,,0,168,,98937,45,,,0,30,,98915,39,,,0,200,,98916,39,,,0
9300,'20263610',652,,98953,39,,,0,102,,98943,39,,,0,100,,98951,39,,,0,71,,98955,45,,,0,28,,98952,39,,,0,100,,98944,39,,,0,3,,98956,45,,,0,96,,98948,39,,,0,76,,98957,45,,,0,25,,98938,39,,,0,101,,98946,39,,,0,4,,98958,45,,,0,96,,98945,39,,,0,74,,98959,45,,,0,26,,98947,39,,,0,101,,98949,39,,,0,45,,98960,45,,,0,54,,98939,39,,,0,74,,98961,45,,,0,25,,98950,39,,,0,99,,98942,39,,,0,2,,98962,45,,,0,168,,98963,45,,,0,30,,98940,39,,,0,200,,98941,39,,,0
9300,'20263611',652,,98979,39,,,0,102,,98969,39,,,0,100,,98977,39,,,0,71,,98981,45,,,0,28,,98978,39,,,0,100,,98970,39,,,0,3,,98982,45,,,0,96,,98974,39,,,0,76,,98983,45,,,0,25,,98964,39,,,0,101,,98972,39,,,0,4,,98984,45,,,0,96,,98971,39,,,0,74,,98985,45,,,0,26,,98973,39,,,0,101,,98975,39,,,0,45,,98986,45,,,0,54,,98965,39,,,0,74,,98987,45,,,0,25,,98976,39,,,0,99,,98968,39,,,0,2,,98988,45,,,0,168,,98989,45,,,0,30,,98966,39,,,0,200,,98967,39,,,0
9601,'20263010',613,,99395,13,,,0,99,,99396,13,,,0,33,,99397,13,,,0,69,,99398,13,,,0,100,,99413,13,,,0,100,,99399,13,,,0,100,,99400,13,,,0,99,,99401,13,,,0,100,,99402,13,,,0,100,,99403,13,,,0,100,,99404,13,,,0,97,,99405,13,,,0,112,,99406,13,,,0,92,,99407,13,,,0,98,,99408,13,,,0,100,,99409,13,,,0,100,,99410,13,,,0,100,,99411,13,,,0,100,,99412,13,,,0
9601,'20263510',740,,99414,13,,,0,100,,99415,13,,,0,100,,99416,13,,,0,101,,99417,13,,,0,100,,99418,13,,,0,96,,99419,13,,,0,99,,99420,13,,,0,108,,99421,13,,,0,96,,99422,13,,,0,97,,99423,13,,,0,108,,99424,13,,,0,95,,99425,13,,,0,100,,99426,13,,,0,100,,99427,13,,,0,100,,99428,13,,,0,100,,99429,13,,,0
9601,'20263511',740,,99430,13,,,0,100,,99431,13,,,0,100,,99432,13,,,0,101,,99433,13,,,0,100,,99434,13,,,0,96,,99435,13,,,0,99,,99436,13,,,0,108,,99437,13,,,0,96,,99438,13,,,0,97,,99439,13,,,0,108,,99440,13,,,0,95,,99441,13,,,0,100,,99442,13,,,0,100,,99443,13,,,0,100,,99444,13,,,0,100,,99445,13,,,0
9601,'20263610',740,,99446,13,,,0,100,,99447,13,,,0,100,,99448,13,,,0,101,,99449,13,,,0,100,,99450,13,,,0,96,,99451,13,,,0,99,,99452,13,,,0,108,,99453,13,,,0,96,,99454,13,,,0,97,,99455,13,,,0,108,,99456,13,,,0,95,,99457,13,,,0,100,,99458,13,,,0,100,,99459,13,,,0,100,,99460,13,,,0,100,,99461,13,,,0
9601,'20263611',740,,99462,13,,,0,100,,99463,13,,,0,100,,99464,13,,,0,101,,99465,13,,,0,100,,99466,13,,,0,96,,99467,13,,,0,99,,99468,13,,,0,108,,99469,13,,,0,96,,99470,13,,,0,97,,99471,13,,,0,108,,99472,13,,,0,95,,99473,13,,,0,100,,99474,13,,,0,100,,99475,13,,,0,100,,99476,13,,,0,100,,99477,13,,,0
99203,'20263010',2605,,106126,41,,,0,130,,106127,41,,,0
99203,'20263510',2605,,106128,41,,,0,130,,106129,41,,,0
99203,'20263511',2605,,106130,41,,,0,130,,106131,41,,,0
