5501,'20263010',531,,94945,8,,,0,28,,94946,8,,,0,65,,94935,8,,,0,31,,94953,8,,,0,74,,94931,8,,,0,77,,94932,8,,,0,27,,94947,8,,,0,96,,94933,8,,,0,100,,94934,8,,,0,99,,94936,8,,,0,103,,94949,8,,,0,95,,94950,8,,,0,100,,94954,8,,,0,100,,94955,8,,,0,77,,94937,8,,,0,40,,94951,8,,,0,68,,94938,8,,,0,28,,94952,8,,,0,71,,94939,8,,,0,31,,94940,8,,,0,83,,94941,8,,,0,90,,94942,8,,,0,100,,94943,8,,,0,102,,94944,8,,,0,101,,94948,8,,,0
5501,'20263510',703,,94956,8,,,0,103,,94957,8,,,0,99,,94958,8,,,0,101,,94959,8,,,0,94,,94960,8,,,0,104,,94961,8,,,0,98,,94962,8,,,0,103,,94963,8,,,0,99,,94964,8,,,0,99,,94965,8,,,0,103,,94966,8,,,0,107,,94967,8,,,0,93,,94968,8,,,0,99,,94969,8,,,0,103,,94970,8,,,0,102,,94971,8,,,0,102,,94972,8,,,0
5501,'20263511',703,,94973,8,,,0,103,,94974,8,,,0,99,,94975,8,,,0,101,,94976,8,,,0,94,,94977,8,,,0,104,,94978,8,,,0,98,,94979,8,,,0,103,,94980,8,,,0,99,,94981,8,,,0,99,,94982,8,,,0,103,,94983,8,,,0,107,,94984,8,,,0,93,,94985,8,,,0,99,,94986,8,,,0,103,,94987,8,,,0,102,,94988,8,,,0,102,,94989,8,,,0
5501,'20263610',703,,94992,8,,,0,103,,94990,8,,,0,99,,94993,8,,,0,101,,94994,8,,,0,94,,94991,8,,,0,104,,95003,8,,,0,98,,94998,8,,,0,103,,94999,8,,,0,99,,95005,8,,,0,99,,95000,8,,,0,103,,95006,8,,,0,107,,95002,8,,,0,93,,94997,8,,,0,99,,95004,8,,,0,103,,94996,8,,,0,102,,95001,8,,,0,102,,94995,8,,,0
5501,'20263611',703,,95009,8,,,0,103,,95007,8,,,0,99,,95010,8,,,0,101,,95011,8,,,0,94,,95008,8,,,0,104,,95020,8,,,0,98,,95015,8,,,0,103,,95016,8,,,0,99,,95022,8,,,0,99,,95017,8,,,0,103,,95023,8,,,0,107,,95019,8,,,0,93,,95014,8,,,0,99,,95021,8,,,0,103,,95013,8,,,0,102,,95018,8,,,0,102,,95012,8,,,0
25501,'20263010',633,,99601,8,,,0,26,,99602,8,,,0,57,,99603,8,,,0,14,,99604,8,,,0
35501,'20263010',644,,99831,8,,,0,257,,99832,8,,,0
55501,'20263010',638,,100034,8,,,0,81,,100033,8,,,0
95400,'20263010',2608,,106102,60,,,0,130,,106103,60,,,0
95400,'20263510',2608,,106104,60,,,0,130,,106105,60,,,0
95400,'20263511',2608,,106106,60,,,0,130,,106107,60,,,0
