9301,'20263010',554,,99005,25,0,11 12 1 13 14,0,50,,99013,25,0,24 14,0,49,,98990,25,0,11 12 1 13 14,0,55,,99012,25,0,11 12 1 13 14,0,15,,98991,25,0,11 12 1 13 14,0,13,,99014,25,0,24 14,0,20,,98992,25,0,11 12 1 13 14,0,69,,98993,25,0,11 12 1 13 14,0,31,,98994,25,0,11 12 1 13 14,0,50,,99015,25,0,24 14,0,22,,99003,25,0,11 12 1 13 14,0,98,,98995,25,0,11 12 1 13 14,0,9,,99016,25,0,24 14,0,89,,99008,25,0,11 12 1 13 14,0,81,,99017,25,0,24 14,0,19,,98996,25,0,11 12 1 13 14,0,100,,99009,25,0,11 12 1 13 14,0,11,,99018,25,0,24 14,0,88,,98997,25,0,11 12 1 13 14,0,82,,99019,25,0,24 14,0,13,,99001,25,0,11 12 1 13 14,0,24,,99010,25,0,11 12 1 13 14,0,69,,98998,25,0,11 12 1 13 14,0,24,,99020,25,0,24 14,0,13,,99011,25,0,11 12 1 13 14,0,77,,99004,25,0,11 12 1 13 14,0,80,,99021,25,0,24 14,0,19,,99002,25,0,11 12 1 13 14,0,101,,99006,25,0,11 12 1 13 14,0,10,,99022,25,0,24 14,0,90,,98999,25,0,11 12 1 13 14,0,79,,99023,25,0,24 14,0,21,,99007,25,0,11 12 1 13 14,0,100,,99000,25,0,11 12 1 13 14,0
9301,'20263510',604,,99040,25,0,24 14,0,20,,99039,25,0,11 12 1 13 14,0,99,,99029,25,0,11 12 1 13 14,0,12,,99041,25,0,24 14,0,88,,99024,25,0,11 12 1 13 14,0,82,,99042,25,0,24 14,0,18,,99038,25,0,11 12 1 13 14,0,100,,99031,25,0,11 12 1 13 14,0,12,,99043,25,0,24 14,0,88,,99033,25,0,11 12 1 13 14,0,82,,99044,25,0,24 14,0,18,,99025,25,0,11 12 1 13 14,0,100,,99034,25,0,11 12 1 13 14,0,12,,99045,25,0,24 14,0,88,,99032,25,0,11 12 1 13 14,0,82,,99046,25,0,24 14,0,18,,99035,25,0,11 12 1 13 14,0,100,,99026,25,0,11 12 1 13 14,0,12,,99047,25,0,24 14,0,89,,99036,25,0,11 12 1 13 14,0,81,,99048,25,0,24 14,0,19,,99030,25,0,11 12 1 13 14,0,99,,99037,25,0,11 12 1 13 14,0,12,,99049,25,0,24 14,0,88,,99027,25,0,11 12 1 13 14,0,81,,99050,25,0,24 14,0,119,,99028,25,0,11 12 1 13 14,0
9301,'20263511',604,,99067,25,0,24 14,0,20,,99066,25,0,11 12 1 13 14,0,99,,99056,25,0,11 12 1 13 14,0,12,,99068,25,0,24 14,0,88,,99051,25,0,11 12 1 13 14,0,82,,99069,25,0,24 14,0,18,,99065,25,0,11 12 1 13 14,0,100,,99058,25,0,11 12 1 13 14,0,12,,99070,25,0,24 14,0,88,,99060,25,0,11 12 1 13 14,0,82,,99071,25,0,24 14,0,18,,99052,25,0,11 12 1 13 14,0,100,,99061,25,0,11 12 1 13 14,0,12,,99072,25,0,24 14,0,88,,99059,25,0,11 12 1 13 14,0,82,,99073,25,0,24 14,0,18,,99062,25,0,11 12 1 13 14,0,100,,99053,25,0,11 12 1 13 14,0,12,,99074,25,0,24 14,0,89,,99063,25,0,11 12 1 13 14,0,81,,99075,25,0,24 14,0,19,,99057,25,0,11 12 1 13 14,0,99,,99064,25,0,11 12 1 13 14,0,12,,99076,25,0,24 14,0,88,,99054,25,0,11 12 1 13 14,0,81,,99077,25,0,24 14,0,119,,99055,25,0,11 12 1 13 14,0
9301,'20263610',604,,99094,25,0,24 14,0,20,,99093,25,0,11 12 1 13 14,0,99,,99090,25,0,11 12 1 13 14,0,12,,99095,25,0,24 14,0,88,,99083,25,0,11 12 1 13 14,0,82,,99096,25,0,24 14,0,18,,99091,25,0,11 12 1 13 14,0,100,,99078,25,0,11 12 1 13 14,0,12,,99097,25,0,24 14,0,88,,99086,25,0,11 12 1 13 14,0,82,,99098,25,0,24 14,0,18,,99079,25,0,11 12 1 13 14,0,100,,99087,25,0,11 12 1 13 14,0,12,,99099,25,0,24 14,0,88,,99084,25,0,11 12 1 13 14,0,82,,99100,25,0,24 14,0,18,,99088,25,0,11 12 1 13 14,0,100,,99080,25,0,11 12 1 13 14,0,12,,99101,25,0,24 14,0,89,,99089,25,0,11 12 1 13 14,0,81,,99102,25,0,24 14,0,19,,99085,25,0,11 12 1 13 14,0,99,,99092,25,0,11 12 1 13 14,0,12,,99103,25,0,24 14,0,88,,99081,25,0,11 12 1 13 14,0,81,,99104,25,0,24 14,0,119,,99082,25,0,11 12 1 13 14,0
9301,'20263611',604,,99121,25,0,24 14,0,20,,99120,25,0,11 12 1 13 14,0,99,,99117,25,0,11 12 1 13 14,0,12,,99122,25,0,24 14,0,88,,99110,25,0,11 12 1 13 14,0,82,,99123,25,0,24 14,0,18,,99118,25,0,11 12 1 13 14,0,100,,99105,25,0,11 12 1 13 14,0,12,,99124,25,0,24 14,0,88,,99113,25,0,11 12 1 13 14,0,82,,99125,25,0,24 14,0,18,,99106,25,0,11 12 1 13 14,0,100,,99114,25,0,11 12 1 13 14,0,12,,99126,25,0,24 14,0,88,,99111,25,0,11 12 1 13 14,0,82,,99127,25,0,24 14,0,18,,99115,25,0,11 12 1 13 14,0,100,,99107,25,0,11 12 1 13 14,0,12,,99128,25,0,24 14,0,89,,99116,25,0,11 12 1 13 14,0,81,,99129,25,0,24 14,0,19,,99112,25,0,11 12 1 13 14,0,99,,99119,25,0,11 12 1 13 14,0,12,,99130,25,0,24 14,0,88,,99108,25,0,11 12 1 13 14,0,81,,99131,25,0,24 14,0,119,,99109,25,0,11 12 1 13 14,0
9601,'20263010',615,,99395,20,,,0,99,,99396,20,,,0,34,,99397,20,,,0,68,,99398,20,,,0,100,,99413,20,,,0,100,,99399,20,,,0,100,,99400,20,,,0,99,,99401,20,,,0,100,,99402,20,,,0,100,,99403,20,,,0,100,,99404,20,,,0,98,,99405,20,,,0,111,,99406,20,,,0,92,,99407,20,,,0,98,,99408,20,,,0,100,,99409,20,,,0,100,,99410,20,,,0,100,,99411,20,,,0,100,,99412,20,,,0
9601,'20263510',742,,99414,20,,,0,100,,99415,20,,,0,100,,99416,20,,,0,101,,99417,20,,,0,100,,99418,20,,,0,96,,99419,20,,,0,99,,99420,20,,,0,108,,99421,20,,,0,97,,99422,20,,,0,96,,99423,20,,,0,108,,99424,20,,,0,95,,99425,20,,,0,100,,99426,20,,,0,100,,99427,20,,,0,100,,99428,20,,,0,100,,99429,20,,,0
9601,'20263511',742,,99430,20,,,0,100,,99431,20,,,0,100,,99432,20,,,0,101,,99433,20,,,0,100,,99434,20,,,0,96,,99435,20,,,0,99,,99436,20,,,0,108,,99437,20,,,0,97,,99438,20,,,0,96,,99439,20,,,0,108,,99440,20,,,0,95,,99441,20,,,0,100,,99442,20,,,0,100,,99443,20,,,0,100,,99444,20,,,0,100,,99445,20,,,0
9601,'20263610',742,,99446,20,,,0,100,,99447,20,,,0,100,,99448,20,,,0,101,,99449,20,,,0,100,,99450,20,,,0,96,,99451,20,,,0,99,,99452,20,,,0,108,,99453,20,,,0,97,,99454,20,,,0,96,,99455,20,,,0,108,,99456,20,,,0,95,,99457,20,,,0,100,,99458,20,,,0,100,,99459,20,,,0,100,,99460,20,,,0,100,,99461,20,,,0
9601,'20263611',742,,99462,20,,,0,100,,99463,20,,,0,100,,99464,20,,,0,101,,99465,20,,,0,100,,99466,20,,,0,96,,99467,20,,,0,99,,99468,20,,,0,108,,99469,20,,,0,97,,99470,20,,,0,96,,99471,20,,,0,108,,99472,20,,,0,95,,99473,20,,,0,100,,99474,20,,,0,100,,99475,20,,,0,100,,99476,20,,,0,100,,99477,20,,,0
28302,'20263010',634,,99708,22,,,0,25,,99706,22,,,0,70,,99707,22,,,0
