401,'20260929',537,,1541501,18,,,0,71,,1541502,18,,,0,28,,1541503,18,,,0,72,,1541504,18,,,0,13,,1541505,18,,,0,14,,1541506,18,,,0,14,,1541507,18,,,0,10,,1541508,18,,,0,46,,1541509,18,,,0,8,,1541499,18,,,0,4,,1541510,18,,,0,11,,1541511,18,,,0,13,,1541512,18,,,0,15,,1541513,18,,,0,55,,1541514,18,,,0,17,,1541515,18,,,0,30,,1541516,18,,,0,72,,1541517,18,,,0,29,,1541518,18,,,0,68,,1541519,18,,,0,31,,1541520,18,,,0,69,,1541521,18,,,0,14,,1541522,18,,,0,16,,1541523,18,,,0,71,,1541524,18,,,0,30,,1541525,18,,,0,69,,1541526,18,,,0,27,,1541527,18,,,0,54,,1541528,18,,,0,18,,1541529,18,,,0,17,,1541530,18,,,0,58,,1541531,18,,,0,16,,1541532,18,,,0,10,,1541533,18,,,0,18,,1541534,18,,,0,55,,1541535,18,,,0,17,,1541536,18,,,0,15,,1541537,18,,,0,20,,1541538,18,,,0,64,,1541539,18,,,0,100,,1541540,18,,,0,101,,1541541,18,,,0,101,,1541542,18,,,0,100,,1541543,18,,,0,100,,1541544,18,,,0,97,,1541545,18,,,0
401,'20260930',537,,1541548,18,,,0,71,,1541549,18,,,0,28,,1541550,18,,,0,72,,1541551,18,,,0,13,,1541552,18,,,0,14,,1541553,18,,,0,14,,1541554,18,,,0,10,,1541555,18,,,0,46,,1541556,18,,,0,8,,1541546,18,,,0,4,,1541557,18,,,0,11,,1541558,18,,,0,13,,1541559,18,,,0,15,,1541560,18,,,0,55,,1541561,18,,,0,17,,1541562,18,,,0,30,,1541563,18,,,0,72,,1541564,18,,,0,29,,1541565,18,,,0,68,,1541566,18,,,0,31,,1541567,18,,,0,69,,1541568,18,,,0,14,,1541569,18,,,0,16,,1541570,18,,,0,71,,1541571,18,,,0,30,,1541572,18,,,0,69,,1541573,18,,,0,27,,1541574,18,,,0,54,,1541575,18,,,0,18,,1541576,18,,,0,17,,1541577,18,,,0,58,,1541578,18,,,0,16,,1541579,18,,,0,10,,1541580,18,,,0,18,,1541581,18,,,0,55,,1541582,18,,,0,17,,1541583,18,,,0,15,,1541584,18,,,0,20,,1541585,18,,,0,64,,1541586,18,,,0,100,,1541587,18,,,0,101,,1541588,18,,,0,101,,1541589,18,,,0,100,,1541590,18,,,0,100,,1541591,18,,,0,97,,1541592,18,,,0
401,'20261001',537,,1541595,18,,,0,71,,1541596,18,,,0,28,,1541597,18,,,0,72,,1541598,18,,,0,13,,1541599,18,,,0,14,,1541600,18,,,0,14,,1541601,18,,,0,10,,1541602,18,,,0,46,,1541603,18,,,0,8,,1541593,18,,,0,4,,1541604,18,,,0,11,,1541605,18,,,0,13,,1541606,18,,,0,15,,1541607,18,,,0,55,,1541608,18,,,0,17,,1541609,18,,,0,30,,1541610,18,,,0,72,,1541611,18,,,0,29,,1541612,18,,,0,68,,1541613,18,,,0,31,,1541614,18,,,0,69,,1541615,18,,,0,14,,1541616,18,,,0,16,,1541617,18,,,0,71,,1541618,18,,,0,30,,1541619,18,,,0,69,,1541620,18,,,0,27,,1541621,18,,,0,54,,1541622,18,,,0,18,,1541623,18,,,0,17,,1541624,18,,,0,58,,1541625,18,,,0,16,,1541626,18,,,0,10,,1541627,18,,,0,18,,1541628,18,,,0,55,,1541629,18,,,0,17,,1541630,18,,,0,15,,1541631,18,,,0,20,,1541632,18,,,0,64,,1541633,18,,,0,100,,1541634,18,,,0,101,,1541635,18,,,0,101,,1541636,18,,,0,100,,1541637,18,,,0,100,,1541638,18,,,0,97,,1541639,18,,,0
401,'20261002',537,,1463971,18,,,0,71,,1463967,18,,,0,28,,1463964,18,,,0,72,,1463970,18,,,0,13,,1463996,18,,,0,14,,1463965,18,,,0,14,,1464007,18,,,0,10,,1463997,18,,,0,46,,1464008,18,,,0,12,,1463972,18,,,0,11,,1463994,18,,,0,13,,1463973,18,,,0,15,,1463998,18,,,0,55,,1463968,18,,,0,17,,1463999,18,,,0,30,,1463974,18,,,0,72,,1463975,18,,,0,29,,1463966,18,,,0,68,,1463976,18,,,0,31,,1463977,18,,,0,69,,1463978,18,,,0,14,,1464000,18,,,0,16,,1463980,18,,,0,71,,1463979,18,,,0,30,,1463981,18,,,0,69,,1463982,18,,,0,27,,1463969,18,,,0,54,,1464001,18,,,0,18,,1463988,18,,,0,17,,1464002,18,,,0,58,,1463989,18,,,0,16,,1464003,18,,,0,10,,1463990,18,,,0,18,,1464004,18,,,0,55,,1463992,18,,,0,17,,1464005,18,,,0,15,,1464006,18,,,0,20,,1463995,18,,,0,64,,1463983,18,,,0,100,,1463993,18,,,0,101,,1463984,18,,,0,101,,1463985,18,,,0,100,,1463991,18,,,0,100,,1463986,18,,,0,97,,1463987,18,,,0
401,'20261003',700,,1487005,18,,,0,59,,1486988,18,,,0,98,,1486989,18,,,0,98,,1486990,18,,,0,101,,1486991,18,,,0,98,,1486992,18,,,0,100,,1486993,18,,,0,100,,1486994,18,,,0,100,,1486995,18,,,0,100,,1486996,18,,,0,102,,1486997,18,,,0,99,,1486998,18,,,0,101,,1486999,18,,,0,98,,1487000,18,,,0,100,,1487001,18,,,0,98,,1487002,18,,,0,99,,1487003,18,,,0,98,,1487004,18,,,0
401,'20261004',700,,1487023,18,,,0,59,,1487006,18,,,0,98,,1487007,18,,,0,98,,1487008,18,,,0,101,,1487009,18,,,0,98,,1487010,18,,,0,100,,1487011,18,,,0,100,,1487012,18,,,0,100,,1487013,18,,,0,100,,1487014,18,,,0,102,,1487015,18,,,0,99,,1487016,18,,,0,101,,1487017,18,,,0,98,,1487018,18,,,0,100,,1487019,18,,,0,98,,1487020,18,,,0,99,,1487021,18,,,0,98,,1487022,18,,,0
401,'20261005',537,,1487031,18,,,0,71,,1487027,18,,,0,28,,1487024,18,,,0,72,,1487030,18,,,0,13,,1487056,18,,,0,14,,1487025,18,,,0,14,,1487067,18,,,0,10,,1487057,18,,,0,46,,1487068,18,,,0,12,,1487032,18,,,0,11,,1487054,18,,,0,13,,1487033,18,,,0,15,,1487058,18,,,0,55,,1487028,18,,,0,17,,1487059,18,,,0,30,,1487034,18,,,0,72,,1487035,18,,,0,29,,1487026,18,,,0,68,,1487036,18,,,0,31,,1487037,18,,,0,69,,1487038,18,,,0,14,,1487060,18,,,0,16,,1487040,18,,,0,71,,1487039,18,,,0,30,,1487041,18,,,0,69,,1487042,18,,,0,27,,1487029,18,,,0,54,,1487061,18,,,0,18,,1487048,18,,,0,17,,1487062,18,,,0,58,,1487049,18,,,0,16,,1487063,18,,,0,10,,1487050,18,,,0,18,,1487064,18,,,0,55,,1487052,18,,,0,17,,1487065,18,,,0,15,,1487066,18,,,0,20,,1487055,18,,,0,64,,1487043,18,,,0,100,,1487053,18,,,0,101,,1487044,18,,,0,101,,1487045,18,,,0,100,,1487051,18,,,0,100,,1487046,18,,,0,97,,1487047,18,,,0
401,'20261006',537,,1510400,18,,,0,71,,1510396,18,,,0,28,,1510393,18,,,0,72,,1510399,18,,,0,13,,1510425,18,,,0,14,,1510394,18,,,0,14,,1510436,18,,,0,10,,1510426,18,,,0,46,,1510437,18,,,0,12,,1510401,18,,,0,11,,1510423,18,,,0,13,,1510402,18,,,0,15,,1510427,18,,,0,55,,1510397,18,,,0,17,,1510428,18,,,0,30,,1510403,18,,,0,72,,1510404,18,,,0,29,,1510395,18,,,0,68,,1510405,18,,,0,31,,1510406,18,,,0,69,,1510407,18,,,0,14,,1510429,18,,,0,16,,1510409,18,,,0,71,,1510408,18,,,0,30,,1510410,18,,,0,69,,1510411,18,,,0,27,,1510398,18,,,0,54,,1510430,18,,,0,18,,1510417,18,,,0,17,,1510431,18,,,0,58,,1510418,18,,,0,16,,1510432,18,,,0,10,,1510419,18,,,0,18,,1510433,18,,,0,55,,1510421,18,,,0,17,,1510434,18,,,0,15,,1510435,18,,,0,20,,1510424,18,,,0,64,,1510412,18,,,0,100,,1510422,18,,,0,101,,1510413,18,,,0,101,,1510414,18,,,0,100,,1510420,18,,,0,100,,1510415,18,,,0,97,,1510416,18,,,0
401,'20261007',537,,1510445,18,,,0,71,,1510441,18,,,0,28,,1510438,18,,,0,72,,1510444,18,,,0,13,,1510470,18,,,0,14,,1510439,18,,,0,14,,1510481,18,,,0,10,,1510471,18,,,0,46,,1510482,18,,,0,12,,1510446,18,,,0,11,,1510468,18,,,0,13,,1510447,18,,,0,15,,1510472,18,,,0,55,,1510442,18,,,0,17,,1510473,18,,,0,30,,1510448,18,,,0,72,,1510449,18,,,0,29,,1510440,18,,,0,68,,1510450,18,,,0,31,,1510451,18,,,0,69,,1510452,18,,,0,14,,1510474,18,,,0,16,,1510454,18,,,0,71,,1510453,18,,,0,30,,1510455,18,,,0,69,,1510456,18,,,0,27,,1510443,18,,,0,54,,1510475,18,,,0,18,,1510462,18,,,0,17,,1510476,18,,,0,58,,1510463,18,,,0,16,,1510477,18,,,0,10,,1510464,18,,,0,18,,1510478,18,,,0,55,,1510466,18,,,0,17,,1510479,18,,,0,15,,1510480,18,,,0,20,,1510469,18,,,0,64,,1510457,18,,,0,100,,1510467,18,,,0,101,,1510458,18,,,0,101,,1510459,18,,,0,100,,1510465,18,,,0,100,,1510460,18,,,0,97,,1510461,18,,,0
401,'20261008',537,,1510490,18,,,0,71,,1510486,18,,,0,28,,1510483,18,,,0,72,,1510489,18,,,0,13,,1510515,18,,,0,14,,1510484,18,,,0,14,,1510526,18,,,0,10,,1510516,18,,,0,46,,1510527,18,,,0,12,,1510491,18,,,0,11,,1510513,18,,,0,13,,1510492,18,,,0,15,,1510517,18,,,0,55,,1510487,18,,,0,17,,1510518,18,,,0,30,,1510493,18,,,0,72,,1510494,18,,,0,29,,1510485,18,,,0,68,,1510495,18,,,0,31,,1510496,18,,,0,69,,1510497,18,,,0,14,,1510519,18,,,0,16,,1510499,18,,,0,71,,1510498,18,,,0,30,,1510500,18,,,0,69,,1510501,18,,,0,27,,1510488,18,,,0,54,,1510520,18,,,0,18,,1510507,18,,,0,17,,1510521,18,,,0,58,,1510508,18,,,0,16,,1510522,18,,,0,10,,1510509,18,,,0,18,,1510523,18,,,0,55,,1510511,18,,,0,17,,1510524,18,,,0,15,,1510525,18,,,0,20,,1510514,18,,,0,64,,1510502,18,,,0,100,,1510512,18,,,0,101,,1510503,18,,,0,101,,1510504,18,,,0,100,,1510510,18,,,0,100,,1510505,18,,,0,97,,1510506,18,,,0
401,'20261009',537,,1510535,18,,,0,71,,1510531,18,,,0,28,,1510528,18,,,0,72,,1510534,18,,,0,13,,1510560,18,,,0,14,,1510529,18,,,0,14,,1510571,18,,,0,10,,1510561,18,,,0,46,,1510572,18,,,0,12,,1510536,18,,,0,11,,1510558,18,,,0,13,,1510537,18,,,0,15,,1510562,18,,,0,55,,1510532,18,,,0,17,,1510563,18,,,0,30,,1510538,18,,,0,72,,1510539,18,,,0,29,,1510530,18,,,0,68,,1510540,18,,,0,31,,1510541,18,,,0,69,,1510542,18,,,0,14,,1510564,18,,,0,16,,1510544,18,,,0,71,,1510543,18,,,0,30,,1510545,18,,,0,69,,1510546,18,,,0,27,,1510533,18,,,0,54,,1510565,18,,,0,18,,1510552,18,,,0,17,,1510566,18,,,0,58,,1510553,18,,,0,16,,1510567,18,,,0,10,,1510554,18,,,0,18,,1510568,18,,,0,55,,1510556,18,,,0,17,,1510569,18,,,0,15,,1510570,18,,,0,20,,1510559,18,,,0,64,,1510547,18,,,0,100,,1510557,18,,,0,101,,1510548,18,,,0,101,,1510549,18,,,0,100,,1510555,18,,,0,100,,1510550,18,,,0,97,,1510551,18,,,0
401,'20261010',700,,1541657,18,,,0,59,,1541640,18,,,0,98,,1541641,18,,,0,98,,1541642,18,,,0,101,,1541643,18,,,0,98,,1541644,18,,,0,100,,1541645,18,,,0,100,,1541646,18,,,0,100,,1541647,18,,,0,100,,1541648,18,,,0,102,,1541649,18,,,0,99,,1541650,18,,,0,101,,1541651,18,,,0,98,,1541652,18,,,0,100,,1541653,18,,,0,98,,1541654,18,,,0,99,,1541655,18,,,0,98,,1541656,18,,,0
401,'20261011',700,,1541675,18,,,0,59,,1541658,18,,,0,98,,1541659,18,,,0,98,,1541660,18,,,0,101,,1541661,18,,,0,98,,1541662,18,,,0,100,,1541663,18,,,0,100,,1541664,18,,,0,100,,1541665,18,,,0,100,,1541666,18,,,0,102,,1541667,18,,,0,99,,1541668,18,,,0,101,,1541669,18,,,0,98,,1541670,18,,,0,100,,1541671,18,,,0,98,,1541672,18,,,0,99,,1541673,18,,,0,98,,1541674,18,,,0
401,'20261012',700,,1541693,18,,,0,59,,1541676,18,,,0,98,,1541677,18,,,0,98,,1541678,18,,,0,101,,1541679,18,,,0,98,,1541680,18,,,0,100,,1541681,18,,,0,100,,1541682,18,,,0,100,,1541683,18,,,0,100,,1541684,18,,,0,102,,1541685,18,,,0,99,,1541686,18,,,0,101,,1541687,18,,,0,98,,1541688,18,,,0,100,,1541689,18,,,0,98,,1541690,18,,,0,99,,1541691,18,,,0,98,,1541692,18,,,0
80203,'20260929',539,,1556880,12,,,1,14,,1556881,12,,,1,53,,1556882,12,,,1,10,,1556883,12,,,1,10,,1556884,12,,,1,10,,1556885,12,,,1,9,,1556886,12,,,1,11,,1556887,12,,,1,51,,1556888,12,,,1,9,,1556889,12,,,1,9,,1556890,12,,,1,11,,1556891,12,,,1,9,,1556892,12,,,1,10,,1556893,12,,,1,50,,1556894,12,,,1,10,,1556895,12,,,1,10,,1556896,12,,,1,11,,1556897,12,,,1,10,,1556898,12,,,1,10,,1556899,12,,,1,53,,1556900,12,,,1,15,,1556901,12,,,1,16,,1556902,12,,,1,14,,1556903,12,,,1,55,,1556904,12,,,1,15,,1556905,12,,,1,15,,1556906,12,,,1,15,,1556907,12,,,1,55,,1556908,12,,,1,15,,1556909,12,,,1,15,,1556910,12,,,1,15,,1556911,12,,,1,55,,1556912,12,,,1,15,,1556913,12,,,1,15,,1556914,12,,,1,15,,1556915,12,,,1,56,,1556916,12,,,1,13,,1556917,12,,,1,15,,1556918,12,,,1,15,,1556919,12,,,1,55,,1556920,12,,,1,15,,1556921,12,,,1,15,,1556922,12,,,1,15,,1556923,12,,,1,53,,1556924,12,,,1,10,,1556925,12,,,1,10,,1556926,12,,,1,10,,1556927,12,,,1,10,,1556928,12,,,1,8,,1556929,12,,,1,51,,1556930,12,,,1,10,,1556931,12,,,1,11,,1556932,12,,,1,10,,1556933,12,,,1,10,,1556934,12,,,1,10,,1556935,12,,,1,50,,1556936,12,,,1,10,,1556937,12,,,1,11,,1556938,12,,,1,11,,1556939,12,,,1,9,,1556940,12,,,1,10,,1556941,12,,,1,50,,1556942,12,,,1,13,,1556943,12,,,1,15,,1556944,12,,,1,15,,1556945,12,,,1,55,,1556946,12,,,1,15,,1556947,12,,,1,14,,1556948,12,,,1,16,,1556949,12,,,1,55,,1556950,12,,,1,15,,1556951,12,,,1,15,,1556952,12,,,1,15,,1556953,12,,,1,55,,1556954,12,,,1,15,,1556955,12,,,1,15,,1556956,12,,,1,15,,1556957,12,,,1,55,,1556958,12,,,1,15,,1556959,12,,,1,15,,1556960,12,,,1,15,,1556961,12,,,1,55,,1556962,12,,,1,15,,1556963,12,,,1,16,,1556964,12,,,1,15,,1556965,12,,,1,55,,1556966,12,,,1,15,,1556967,12,,,1,15,,1556968,12,,,1
80203,'20260930',539,,1556969,12,,,1,14,,1556970,12,,,1,53,,1556971,12,,,1,10,,1556972,12,,,1,10,,1556973,12,,,1,10,,1556974,12,,,1,9,,1556975,12,,,1,11,,1556976,12,,,1,51,,1556977,12,,,1,9,,1556978,12,,,1,9,,1556979,12,,,1,11,,1556980,12,,,1,9,,1556981,12,,,1,10,,1556982,12,,,1,50,,1556983,12,,,1,10,,1556984,12,,,1,10,,1556985,12,,,1,11,,1556986,12,,,1,10,,1556987,12,,,1,10,,1556988,12,,,1,53,,1556989,12,,,1,15,,1556990,12,,,1,16,,1556991,12,,,1,14,,1556992,12,,,1,55,,1556993,12,,,1,15,,1556994,12,,,1,15,,1556995,12,,,1,15,,1556996,12,,,1,55,,1556997,12,,,1,15,,1556998,12,,,1,15,,1556999,12,,,1,15,,1557000,12,,,1,55,,1557001,12,,,1,15,,1557002,12,,,1,15,,1557003,12,,,1,15,,1557004,12,,,1,56,,1557005,12,,,1,13,,1557006,12,,,1,15,,1557007,12,,,1,15,,1557008,12,,,1,55,,1557009,12,,,1,15,,1557010,12,,,1,15,,1557011,12,,,1,15,,1557012,12,,,1,53,,1557013,12,,,1,10,,1557014,12,,,1,10,,1557015,12,,,1,10,,1557016,12,,,1,10,,1557017,12,,,1,8,,1557018,12,,,1,51,,1557019,12,,,1,10,,1557020,12,,,1,11,,1557021,12,,,1,10,,1557022,12,,,1,10,,1557023,12,,,1,10,,1557024,12,,,1,50,,1557025,12,,,1,10,,1557026,12,,,1,11,,1557027,12,,,1,11,,1557028,12,,,1,9,,1557029,12,,,1,10,,1557030,12,,,1,50,,1557031,12,,,1,13,,1557032,12,,,1,15,,1557033,12,,,1,15,,1557034,12,,,1,55,,1557035,12,,,1,15,,1557036,12,,,1,14,,1557037,12,,,1,16,,1557038,12,,,1,55,,1557039,12,,,1,15,,1557040,12,,,1,15,,1557041,12,,,1,15,,1557042,12,,,1,55,,1557043,12,,,1,15,,1557044,12,,,1,15,,1557045,12,,,1,15,,1557046,12,,,1,55,,1557047,12,,,1,15,,1557048,12,,,1,15,,1557049,12,,,1,15,,1557050,12,,,1,55,,1557051,12,,,1,15,,1557052,12,,,1,16,,1557053,12,,,1,15,,1557054,12,,,1,55,,1557055,12,,,1,15,,1557056,12,,,1,15,,1557057,12,,,1
80203,'20261001',539,,1557058,12,,,1,14,,1557059,12,,,1,53,,1557060,12,,,1,10,,1557061,12,,,1,10,,1557062,12,,,1,10,,1557063,12,,,1,9,,1557064,12,,,1,11,,1557065,12,,,1,51,,1557066,12,,,1,9,,1557067,12,,,1,9,,1557068,12,,,1,11,,1557069,12,,,1,9,,1557070,12,,,1,10,,1557071,12,,,1,50,,1557072,12,,,1,10,,1557073,12,,,1,10,,1557074,12,,,1,11,,1557075,12,,,1,10,,1557076,12,,,1,10,,1557077,12,,,1,53,,1557078,12,,,1,15,,1557079,12,,,1,16,,1557080,12,,,1,14,,1557081,12,,,1,55,,1557082,12,,,1,15,,1557083,12,,,1,15,,1557084,12,,,1,15,,1557085,12,,,1,55,,1557086,12,,,1,15,,1557087,12,,,1,15,,1557088,12,,,1,15,,1557089,12,,,1,55,,1557090,12,,,1,15,,1557091,12,,,1,15,,1557092,12,,,1,15,,1557093,12,,,1,56,,1557094,12,,,1,13,,1557095,12,,,1,15,,1557096,12,,,1,15,,1557097,12,,,1,55,,1557098,12,,,1,15,,1557099,12,,,1,15,,1557100,12,,,1,15,,1557101,12,,,1,53,,1557102,12,,,1,10,,1557103,12,,,1,10,,1557104,12,,,1,10,,1557105,12,,,1,10,,1557106,12,,,1,8,,1557107,12,,,1,51,,1557108,12,,,1,10,,1557109,12,,,1,11,,1557110,12,,,1,10,,1557111,12,,,1,10,,1557112,12,,,1,10,,1557113,12,,,1,50,,1557114,12,,,1,10,,1557115,12,,,1,11,,1557116,12,,,1,11,,1557117,12,,,1,9,,1557118,12,,,1,10,,1557119,12,,,1,50,,1557120,12,,,1,13,,1557121,12,,,1,15,,1557122,12,,,1,15,,1557123,12,,,1,55,,1557124,12,,,1,15,,1557125,12,,,1,14,,1557126,12,,,1,16,,1557127,12,,,1,55,,1557128,12,,,1,15,,1557129,12,,,1,15,,1557130,12,,,1,15,,1557131,12,,,1,55,,1557132,12,,,1,15,,1557133,12,,,1,15,,1557134,12,,,1,15,,1557135,12,,,1,55,,1557136,12,,,1,15,,1557137,12,,,1,15,,1557138,12,,,1,15,,1557139,12,,,1,55,,1557140,12,,,1,15,,1557141,12,,,1,16,,1557142,12,,,1,15,,1557143,12,,,1,55,,1557144,12,,,1,15,,1557145,12,,,1,15,,1557146,12,,,1
80203,'20261002',539,,1480883,12,,,1,14,,1480904,12,,,1,53,,1480894,12,,,1,10,,1480955,12,,,1,10,,1480969,12,,,1,10,,1480884,12,,,1,9,,1480905,12,,,1,11,,1480920,12,,,1,51,,1480895,12,,,1,9,,1480942,12,,,1,9,,1480956,12,,,1,11,,1480963,12,,,1,9,,1480910,12,,,1,10,,1480885,12,,,1,50,,1480932,12,,,1,10,,1480964,12,,,1,10,,1480949,12,,,1,11,,1480896,12,,,1,10,,1480943,12,,,1,10,,1480968,12,,,1,53,,1480957,12,,,1,15,,1480911,12,,,1,16,,1480950,12,,,1,14,,1480921,12,,,1,55,,1480897,12,,,1,15,,1480944,12,,,1,15,,1480912,12,,,1,15,,1480886,12,,,1,55,,1480951,12,,,1,15,,1480945,12,,,1,15,,1480958,12,,,1,15,,1480887,12,,,1,55,,1480952,12,,,1,15,,1480922,12,,,1,15,,1480946,12,,,1,15,,1480913,12,,,1,56,,1480888,12,,,1,13,,1480933,12,,,1,15,,1480923,12,,,1,15,,1480947,12,,,1,55,,1480914,12,,,1,15,,1480889,12,,,1,15,,1480934,12,,,1,15,,1480924,12,,,1,53,,1480948,12,,,1,10,,1480959,12,,,1,10,,1480915,12,,,1,10,,1480970,12,,,1,10,,1480935,12,,,1,8,,1480938,12,,,1,51,,1480966,12,,,1,10,,1480953,12,,,1,11,,1480925,12,,,1,10,,1480898,12,,,1,10,,1480960,12,,,1,10,,1480916,12,,,1,50,,1480965,12,,,1,10,,1480890,12,,,1,11,,1480936,12,,,1,11,,1480954,12,,,1,9,,1480926,12,,,1,10,,1480971,12,,,1,50,,1480962,12,,,1,13,,1480961,12,,,1,15,,1480917,12,,,1,15,,1480967,12,,,1,55,,1480891,12,,,1,15,,1480937,12,,,1,14,,1480927,12,,,1,16,,1480899,12,,,1,55,,1480906,12,,,1,15,,1480918,12,,,1,15,,1480939,12,,,1,15,,1480928,12,,,1,55,,1480900,12,,,1,15,,1480907,12,,,1,15,,1480919,12,,,1,15,,1480940,12,,,1,55,,1480929,12,,,1,15,,1480901,12,,,1,15,,1480908,12,,,1,15,,1480892,12,,,1,55,,1480930,12,,,1,15,,1480902,12,,,1,16,,1480909,12,,,1,15,,1480893,12,,,1,55,,1480941,12,,,1,15,,1480931,12,,,1,15,,1480903,12,,,1
80203,'20261003',537,,1503764,12,,,1,15,,1503755,12,,,1,54,,1503749,12,,,1,15,,1503751,12,,,1,14,,1503756,12,,,1,14,,1503757,12,,,1,56,,1503762,12,,,1,15,,1503752,12,,,1,15,,1503763,12,,,1,15,,1503758,12,,,1,55,,1503750,12,,,1,14,,1503759,12,,,1,15,,1503754,12,,,1,14,,1503765,12,,,1,55,,1503760,12,,,1,14,,1503753,12,,,1,15,,1503761,12,,,1,14,,1503766,12,,,1,55,,1503767,12,,,1,15,,1503771,12,,,1,15,,1503772,12,,,1,14,,1503768,12,,,1,55,,1503769,12,,,1,15,,1503773,12,,,1,15,,1503770,12,,,1,15,,1503774,12,,,1,14,,1503775,12,,,1,56,,1503708,12,,,1,13,,1503699,12,,,1,18,,1503706,12,,,1,13,,1503711,12,,,1,56,,1503713,12,,,1,14,,1503709,12,,,1,14,,1503700,12,,,1,16,,1503704,12,,,1,56,,1503712,12,,,1,15,,1503701,12,,,1,16,,1503702,12,,,1,55,,1503714,12,,,1,14,,1503746,12,,,1,13,,1503705,12,,,1,16,,1503745,12,,,1,14,,1503707,12,,,1,57,,1503715,12,,,1,16,,1503716,12,,,1,16,,1503734,12,,,1,54,,1503748,12,,,1,13,,1503717,12,,,1,17,,1503718,12,,,1,15,,1503747,12,,,1,54,,1503703,12,,,1,14,,1503719,12,,,1,16,,1503720,12,,,1,15,,1503721,12,,,1,55,,1503722,12,,,1,16,,1503725,12,,,1,14,,1503723,12,,,1,15,,1503724,12,,,1,55,,1503729,12,,,1,15,,1503727,12,,,1,16,,1503726,12,,,1,15,,1503728,12,,,1,55,,1503733,12,,,1,16,,1503743,12,,,1,15,,1503742,12,,,1,15,,1503744,12,,,1,54,,1503740,12,,,1,15,,1503739,12,,,1,16,,1503735,12,,,1,15,,1503738,12,,,1,57,,1503710,12,,,1,15,,1503741,12,,,1,16,,1503732,12,,,1,16,,1503730,12,,,1,55,,1503731,12,,,1,15,,1503737,12,,,1,14,,1503736,12,,,1
80203,'20261004',537,,1503831,12,,,1,15,,1503845,12,,,1,54,,1503844,12,,,1,15,,1503846,12,,,1,14,,1503847,12,,,1,14,,1503841,12,,,1,56,,1503836,12,,,1,15,,1503850,12,,,1,15,,1503834,12,,,1,15,,1503839,12,,,1,55,,1503843,12,,,1,14,,1503852,12,,,1,15,,1503849,12,,,1,14,,1503832,12,,,1,55,,1503830,12,,,1,14,,1503848,12,,,1,15,,1503833,12,,,1,14,,1503835,12,,,1,55,,1503838,12,,,1,15,,1503824,12,,,1,15,,1503827,12,,,1,14,,1503829,12,,,1,55,,1503837,12,,,1,15,,1503828,12,,,1,15,,1503823,12,,,1,15,,1503826,12,,,1,14,,1503825,12,,,1,56,,1503810,12,,,1,13,,1503821,12,,,1,18,,1503820,12,,,1,13,,1503817,12,,,1,56,,1503802,12,,,1,14,,1503809,12,,,1,14,,1503816,12,,,1,16,,1503814,12,,,1,56,,1503801,12,,,1,15,,1503818,12,,,1,16,,1503815,12,,,1,55,,1503804,12,,,1,14,,1503851,12,,,1,13,,1503819,12,,,1,16,,1503777,12,,,1,14,,1503813,12,,,1,57,,1503811,12,,,1,16,,1503800,12,,,1,16,,1503793,12,,,1,54,,1503842,12,,,1,13,,1503803,12,,,1,17,,1503808,12,,,1,15,,1503840,12,,,1,54,,1503822,12,,,1,14,,1503807,12,,,1,16,,1503806,12,,,1,15,,1503805,12,,,1,55,,1503799,12,,,1,16,,1503797,12,,,1,14,,1503795,12,,,1,15,,1503798,12,,,1,55,,1503791,12,,,1,15,,1503794,12,,,1,16,,1503796,12,,,1,15,,1503784,12,,,1,55,,1503788,12,,,1,16,,1503781,12,,,1,15,,1503779,12,,,1,15,,1503778,12,,,1,54,,1503782,12,,,1,15,,1503776,12,,,1,16,,1503787,12,,,1,15,,1503792,12,,,1,57,,1503812,12,,,1,15,,1503780,12,,,1,16,,1503789,12,,,1,16,,1503783,12,,,1,55,,1503790,12,,,1,15,,1503785,12,,,1,14,,1503786,12,,,1
80203,'20261005',539,,1503853,12,,,1,14,,1503874,12,,,1,53,,1503864,12,,,1,10,,1503925,12,,,1,10,,1503939,12,,,1,10,,1503854,12,,,1,9,,1503875,12,,,1,11,,1503890,12,,,1,51,,1503865,12,,,1,9,,1503912,12,,,1,9,,1503926,12,,,1,11,,1503933,12,,,1,9,,1503880,12,,,1,10,,1503855,12,,,1,50,,1503902,12,,,1,10,,1503934,12,,,1,10,,1503919,12,,,1,11,,1503866,12,,,1,10,,1503913,12,,,1,10,,1503938,12,,,1,53,,1503927,12,,,1,15,,1503881,12,,,1,16,,1503920,12,,,1,14,,1503891,12,,,1,55,,1503867,12,,,1,15,,1503914,12,,,1,15,,1503882,12,,,1,15,,1503856,12,,,1,55,,1503921,12,,,1,15,,1503915,12,,,1,15,,1503928,12,,,1,15,,1503857,12,,,1,55,,1503922,12,,,1,15,,1503892,12,,,1,15,,1503916,12,,,1,15,,1503883,12,,,1,56,,1503858,12,,,1,13,,1503903,12,,,1,15,,1503893,12,,,1,15,,1503917,12,,,1,55,,1503884,12,,,1,15,,1503859,12,,,1,15,,1503904,12,,,1,15,,1503894,12,,,1,53,,1503918,12,,,1,10,,1503929,12,,,1,10,,1503885,12,,,1,10,,1503940,12,,,1,10,,1503905,12,,,1,8,,1503908,12,,,1,51,,1503936,12,,,1,10,,1503923,12,,,1,11,,1503895,12,,,1,10,,1503868,12,,,1,10,,1503930,12,,,1,10,,1503886,12,,,1,50,,1503935,12,,,1,10,,1503860,12,,,1,11,,1503906,12,,,1,11,,1503924,12,,,1,9,,1503896,12,,,1,10,,1503941,12,,,1,50,,1503932,12,,,1,13,,1503931,12,,,1,15,,1503887,12,,,1,15,,1503937,12,,,1,55,,1503861,12,,,1,15,,1503907,12,,,1,14,,1503897,12,,,1,16,,1503869,12,,,1,55,,1503876,12,,,1,15,,1503888,12,,,1,15,,1503909,12,,,1,15,,1503898,12,,,1,55,,1503870,12,,,1,15,,1503877,12,,,1,15,,1503889,12,,,1,15,,1503910,12,,,1,55,,1503899,12,,,1,15,,1503871,12,,,1,15,,1503878,12,,,1,15,,1503862,12,,,1,55,,1503900,12,,,1,15,,1503872,12,,,1,16,,1503879,12,,,1,15,,1503863,12,,,1,55,,1503911,12,,,1,15,,1503901,12,,,1,15,,1503873,12,,,1
80203,'20261006',539,,1533608,12,,,1,14,,1533629,12,,,1,53,,1533619,12,,,1,10,,1533680,12,,,1,10,,1533694,12,,,1,10,,1533609,12,,,1,9,,1533630,12,,,1,11,,1533645,12,,,1,51,,1533620,12,,,1,9,,1533667,12,,,1,9,,1533681,12,,,1,11,,1533688,12,,,1,9,,1533635,12,,,1,10,,1533610,12,,,1,50,,1533657,12,,,1,10,,1533689,12,,,1,10,,1533674,12,,,1,11,,1533621,12,,,1,10,,1533668,12,,,1,10,,1533693,12,,,1,53,,1533682,12,,,1,15,,1533636,12,,,1,16,,1533675,12,,,1,14,,1533646,12,,,1,55,,1533622,12,,,1,15,,1533669,12,,,1,15,,1533637,12,,,1,15,,1533611,12,,,1,55,,1533676,12,,,1,15,,1533670,12,,,1,15,,1533683,12,,,1,15,,1533612,12,,,1,55,,1533677,12,,,1,15,,1533647,12,,,1,15,,1533671,12,,,1,15,,1533638,12,,,1,56,,1533613,12,,,1,13,,1533658,12,,,1,15,,1533648,12,,,1,15,,1533672,12,,,1,55,,1533639,12,,,1,15,,1533614,12,,,1,15,,1533659,12,,,1,15,,1533649,12,,,1,53,,1533673,12,,,1,10,,1533684,12,,,1,10,,1533640,12,,,1,10,,1533695,12,,,1,10,,1533660,12,,,1,8,,1533663,12,,,1,51,,1533691,12,,,1,10,,1533678,12,,,1,11,,1533650,12,,,1,10,,1533623,12,,,1,10,,1533685,12,,,1,10,,1533641,12,,,1,50,,1533690,12,,,1,10,,1533615,12,,,1,11,,1533661,12,,,1,11,,1533679,12,,,1,9,,1533651,12,,,1,10,,1533696,12,,,1,50,,1533687,12,,,1,13,,1533686,12,,,1,15,,1533642,12,,,1,15,,1533692,12,,,1,55,,1533616,12,,,1,15,,1533662,12,,,1,14,,1533652,12,,,1,16,,1533624,12,,,1,55,,1533631,12,,,1,15,,1533643,12,,,1,15,,1533664,12,,,1,15,,1533653,12,,,1,55,,1533625,12,,,1,15,,1533632,12,,,1,15,,1533644,12,,,1,15,,1533665,12,,,1,55,,1533654,12,,,1,15,,1533626,12,,,1,15,,1533633,12,,,1,15,,1533617,12,,,1,55,,1533655,12,,,1,15,,1533627,12,,,1,16,,1533634,12,,,1,15,,1533618,12,,,1,55,,1533666,12,,,1,15,,1533656,12,,,1,15,,1533628,12,,,1
80203,'20261007',539,,1533697,12,,,1,14,,1533718,12,,,1,53,,1533708,12,,,1,10,,1533769,12,,,1,10,,1533783,12,,,1,10,,1533698,12,,,1,9,,1533719,12,,,1,11,,1533734,12,,,1,51,,1533709,12,,,1,9,,1533756,12,,,1,9,,1533770,12,,,1,11,,1533777,12,,,1,9,,1533724,12,,,1,10,,1533699,12,,,1,50,,1533746,12,,,1,10,,1533778,12,,,1,10,,1533763,12,,,1,11,,1533710,12,,,1,10,,1533757,12,,,1,10,,1533782,12,,,1,53,,1533771,12,,,1,15,,1533725,12,,,1,16,,1533764,12,,,1,14,,1533735,12,,,1,55,,1533711,12,,,1,15,,1533758,12,,,1,15,,1533726,12,,,1,15,,1533700,12,,,1,55,,1533765,12,,,1,15,,1533759,12,,,1,15,,1533772,12,,,1,15,,1533701,12,,,1,55,,1533766,12,,,1,15,,1533736,12,,,1,15,,1533760,12,,,1,15,,1533727,12,,,1,56,,1533702,12,,,1,13,,1533747,12,,,1,15,,1533737,12,,,1,15,,1533761,12,,,1,55,,1533728,12,,,1,15,,1533703,12,,,1,15,,1533748,12,,,1,15,,1533738,12,,,1,53,,1533762,12,,,1,10,,1533773,12,,,1,10,,1533729,12,,,1,10,,1533784,12,,,1,10,,1533749,12,,,1,8,,1533752,12,,,1,51,,1533780,12,,,1,10,,1533767,12,,,1,11,,1533739,12,,,1,10,,1533712,12,,,1,10,,1533774,12,,,1,10,,1533730,12,,,1,50,,1533779,12,,,1,10,,1533704,12,,,1,11,,1533750,12,,,1,11,,1533768,12,,,1,9,,1533740,12,,,1,10,,1533785,12,,,1,50,,1533776,12,,,1,13,,1533775,12,,,1,15,,1533731,12,,,1,15,,1533781,12,,,1,55,,1533705,12,,,1,15,,1533751,12,,,1,14,,1533741,12,,,1,16,,1533713,12,,,1,55,,1533720,12,,,1,15,,1533732,12,,,1,15,,1533753,12,,,1,15,,1533742,12,,,1,55,,1533714,12,,,1,15,,1533721,12,,,1,15,,1533733,12,,,1,15,,1533754,12,,,1,55,,1533743,12,,,1,15,,1533715,12,,,1,15,,1533722,12,,,1,15,,1533706,12,,,1,55,,1533744,12,,,1,15,,1533716,12,,,1,16,,1533723,12,,,1,15,,1533707,12,,,1,55,,1533755,12,,,1,15,,1533745,12,,,1,15,,1533717,12,,,1
80203,'20261008',539,,1533786,12,,,1,14,,1533807,12,,,1,53,,1533797,12,,,1,10,,1533858,12,,,1,10,,1533872,12,,,1,10,,1533787,12,,,1,9,,1533808,12,,,1,11,,1533823,12,,,1,51,,1533798,12,,,1,9,,1533845,12,,,1,9,,1533859,12,,,1,11,,1533866,12,,,1,9,,1533813,12,,,1,10,,1533788,12,,,1,50,,1533835,12,,,1,10,,1533867,12,,,1,10,,1533852,12,,,1,11,,1533799,12,,,1,10,,1533846,12,,,1,10,,1533871,12,,,1,53,,1533860,12,,,1,15,,1533814,12,,,1,16,,1533853,12,,,1,14,,1533824,12,,,1,55,,1533800,12,,,1,15,,1533847,12,,,1,15,,1533815,12,,,1,15,,1533789,12,,,1,55,,1533854,12,,,1,15,,1533848,12,,,1,15,,1533861,12,,,1,15,,1533790,12,,,1,55,,1533855,12,,,1,15,,1533825,12,,,1,15,,1533849,12,,,1,15,,1533816,12,,,1,56,,1533791,12,,,1,13,,1533836,12,,,1,15,,1533826,12,,,1,15,,1533850,12,,,1,55,,1533817,12,,,1,15,,1533792,12,,,1,15,,1533837,12,,,1,15,,1533827,12,,,1,53,,1533851,12,,,1,10,,1533862,12,,,1,10,,1533818,12,,,1,10,,1533873,12,,,1,10,,1533838,12,,,1,8,,1533841,12,,,1,51,,1533869,12,,,1,10,,1533856,12,,,1,11,,1533828,12,,,1,10,,1533801,12,,,1,10,,1533863,12,,,1,10,,1533819,12,,,1,50,,1533868,12,,,1,10,,1533793,12,,,1,11,,1533839,12,,,1,11,,1533857,12,,,1,9,,1533829,12,,,1,10,,1533874,12,,,1,50,,1533865,12,,,1,13,,1533864,12,,,1,15,,1533820,12,,,1,15,,1533870,12,,,1,55,,1533794,12,,,1,15,,1533840,12,,,1,14,,1533830,12,,,1,16,,1533802,12,,,1,55,,1533809,12,,,1,15,,1533821,12,,,1,15,,1533842,12,,,1,15,,1533831,12,,,1,55,,1533803,12,,,1,15,,1533810,12,,,1,15,,1533822,12,,,1,15,,1533843,12,,,1,55,,1533832,12,,,1,15,,1533804,12,,,1,15,,1533811,12,,,1,15,,1533795,12,,,1,55,,1533833,12,,,1,15,,1533805,12,,,1,16,,1533812,12,,,1,15,,1533796,12,,,1,55,,1533844,12,,,1,15,,1533834,12,,,1,15,,1533806,12,,,1
80203,'20261009',539,,1533875,12,,,1,14,,1533896,12,,,1,53,,1533886,12,,,1,10,,1533947,12,,,1,10,,1533961,12,,,1,10,,1533876,12,,,1,9,,1533897,12,,,1,11,,1533912,12,,,1,51,,1533887,12,,,1,9,,1533934,12,,,1,9,,1533948,12,,,1,11,,1533955,12,,,1,9,,1533902,12,,,1,10,,1533877,12,,,1,50,,1533924,12,,,1,10,,1533956,12,,,1,10,,1533941,12,,,1,11,,1533888,12,,,1,10,,1533935,12,,,1,10,,1533960,12,,,1,53,,1533949,12,,,1,15,,1533903,12,,,1,16,,1533942,12,,,1,14,,1533913,12,,,1,55,,1533889,12,,,1,15,,1533936,12,,,1,15,,1533904,12,,,1,15,,1533878,12,,,1,55,,1533943,12,,,1,15,,1533937,12,,,1,15,,1533950,12,,,1,15,,1533879,12,,,1,55,,1533944,12,,,1,15,,1533914,12,,,1,15,,1533938,12,,,1,15,,1533905,12,,,1,56,,1533880,12,,,1,13,,1533925,12,,,1,15,,1533915,12,,,1,15,,1533939,12,,,1,55,,1533906,12,,,1,15,,1533881,12,,,1,15,,1533926,12,,,1,15,,1533916,12,,,1,53,,1533940,12,,,1,10,,1533951,12,,,1,10,,1533907,12,,,1,10,,1533962,12,,,1,10,,1533927,12,,,1,8,,1533930,12,,,1,51,,1533958,12,,,1,10,,1533945,12,,,1,11,,1533917,12,,,1,10,,1533890,12,,,1,10,,1533952,12,,,1,10,,1533908,12,,,1,50,,1533957,12,,,1,10,,1533882,12,,,1,11,,1533928,12,,,1,11,,1533946,12,,,1,9,,1533918,12,,,1,10,,1533963,12,,,1,50,,1533954,12,,,1,13,,1533953,12,,,1,15,,1533909,12,,,1,15,,1533959,12,,,1,55,,1533883,12,,,1,15,,1533929,12,,,1,14,,1533919,12,,,1,16,,1533891,12,,,1,55,,1533898,12,,,1,15,,1533910,12,,,1,15,,1533931,12,,,1,15,,1533920,12,,,1,55,,1533892,12,,,1,15,,1533899,12,,,1,15,,1533911,12,,,1,15,,1533932,12,,,1,55,,1533921,12,,,1,15,,1533893,12,,,1,15,,1533900,12,,,1,15,,1533884,12,,,1,55,,1533922,12,,,1,15,,1533894,12,,,1,16,,1533901,12,,,1,15,,1533885,12,,,1,55,,1533933,12,,,1,15,,1533923,12,,,1,15,,1533895,12,,,1
80203,'20261010',537,,1557212,12,,,1,15,,1557203,12,,,1,54,,1557197,12,,,1,15,,1557199,12,,,1,14,,1557204,12,,,1,14,,1557205,12,,,1,56,,1557210,12,,,1,15,,1557200,12,,,1,15,,1557211,12,,,1,15,,1557206,12,,,1,55,,1557198,12,,,1,14,,1557207,12,,,1,15,,1557202,12,,,1,14,,1557213,12,,,1,55,,1557208,12,,,1,14,,1557201,12,,,1,15,,1557209,12,,,1,14,,1557214,12,,,1,55,,1557215,12,,,1,15,,1557219,12,,,1,15,,1557220,12,,,1,14,,1557216,12,,,1,55,,1557217,12,,,1,15,,1557221,12,,,1,15,,1557218,12,,,1,15,,1557222,12,,,1,14,,1557223,12,,,1,56,,1557156,12,,,1,13,,1557147,12,,,1,18,,1557154,12,,,1,13,,1557159,12,,,1,56,,1557161,12,,,1,14,,1557157,12,,,1,14,,1557148,12,,,1,16,,1557152,12,,,1,56,,1557160,12,,,1,15,,1557149,12,,,1,16,,1557150,12,,,1,55,,1557162,12,,,1,14,,1557194,12,,,1,13,,1557153,12,,,1,16,,1557193,12,,,1,14,,1557155,12,,,1,57,,1557163,12,,,1,16,,1557164,12,,,1,16,,1557182,12,,,1,54,,1557196,12,,,1,13,,1557165,12,,,1,17,,1557166,12,,,1,15,,1557195,12,,,1,54,,1557151,12,,,1,14,,1557167,12,,,1,16,,1557168,12,,,1,15,,1557169,12,,,1,55,,1557170,12,,,1,16,,1557173,12,,,1,14,,1557171,12,,,1,15,,1557172,12,,,1,55,,1557177,12,,,1,15,,1557175,12,,,1,16,,1557174,12,,,1,15,,1557176,12,,,1,55,,1557181,12,,,1,16,,1557191,12,,,1,15,,1557190,12,,,1,15,,1557192,12,,,1,54,,1557188,12,,,1,15,,1557187,12,,,1,16,,1557183,12,,,1,15,,1557186,12,,,1,57,,1557158,12,,,1,15,,1557189,12,,,1,16,,1557180,12,,,1,16,,1557178,12,,,1,55,,1557179,12,,,1,15,,1557185,12,,,1,14,,1557184,12,,,1
80203,'20261011',537,,1557279,12,,,1,15,,1557293,12,,,1,54,,1557292,12,,,1,15,,1557294,12,,,1,14,,1557295,12,,,1,14,,1557289,12,,,1,56,,1557284,12,,,1,15,,1557298,12,,,1,15,,1557282,12,,,1,15,,1557287,12,,,1,55,,1557291,12,,,1,14,,1557300,12,,,1,15,,1557297,12,,,1,14,,1557280,12,,,1,55,,1557278,12,,,1,14,,1557296,12,,,1,15,,1557281,12,,,1,14,,1557283,12,,,1,55,,1557286,12,,,1,15,,1557272,12,,,1,15,,1557275,12,,,1,14,,1557277,12,,,1,55,,1557285,12,,,1,15,,1557276,12,,,1,15,,1557271,12,,,1,15,,1557274,12,,,1,14,,1557273,12,,,1,56,,1557258,12,,,1,13,,1557269,12,,,1,18,,1557268,12,,,1,13,,1557265,12,,,1,56,,1557250,12,,,1,14,,1557257,12,,,1,14,,1557264,12,,,1,16,,1557262,12,,,1,56,,1557249,12,,,1,15,,1557266,12,,,1,16,,1557263,12,,,1,55,,1557252,12,,,1,14,,1557299,12,,,1,13,,1557267,12,,,1,16,,1557225,12,,,1,14,,1557261,12,,,1,57,,1557259,12,,,1,16,,1557248,12,,,1,16,,1557241,12,,,1,54,,1557290,12,,,1,13,,1557251,12,,,1,17,,1557256,12,,,1,15,,1557288,12,,,1,54,,1557270,12,,,1,14,,1557255,12,,,1,16,,1557254,12,,,1,15,,1557253,12,,,1,55,,1557247,12,,,1,16,,1557245,12,,,1,14,,1557243,12,,,1,15,,1557246,12,,,1,55,,1557239,12,,,1,15,,1557242,12,,,1,16,,1557244,12,,,1,15,,1557232,12,,,1,55,,1557236,12,,,1,16,,1557229,12,,,1,15,,1557227,12,,,1,15,,1557226,12,,,1,54,,1557230,12,,,1,15,,1557224,12,,,1,16,,1557235,12,,,1,15,,1557240,12,,,1,57,,1557260,12,,,1,15,,1557228,12,,,1,16,,1557237,12,,,1,16,,1557231,12,,,1,55,,1557238,12,,,1,15,,1557233,12,,,1,14,,1557234,12,,,1
80203,'20261012',537,,1557356,12,,,1,15,,1557370,12,,,1,54,,1557369,12,,,1,15,,1557371,12,,,1,14,,1557372,12,,,1,14,,1557366,12,,,1,56,,1557361,12,,,1,15,,1557375,12,,,1,15,,1557359,12,,,1,15,,1557364,12,,,1,55,,1557368,12,,,1,14,,1557377,12,,,1,15,,1557374,12,,,1,14,,1557357,12,,,1,55,,1557355,12,,,1,14,,1557373,12,,,1,15,,1557358,12,,,1,14,,1557360,12,,,1,55,,1557363,12,,,1,15,,1557349,12,,,1,15,,1557352,12,,,1,14,,1557354,12,,,1,55,,1557362,12,,,1,15,,1557353,12,,,1,15,,1557348,12,,,1,15,,1557351,12,,,1,14,,1557350,12,,,1,56,,1557335,12,,,1,13,,1557346,12,,,1,18,,1557345,12,,,1,13,,1557342,12,,,1,56,,1557327,12,,,1,14,,1557334,12,,,1,14,,1557341,12,,,1,16,,1557339,12,,,1,56,,1557326,12,,,1,15,,1557343,12,,,1,16,,1557340,12,,,1,55,,1557329,12,,,1,14,,1557376,12,,,1,13,,1557344,12,,,1,16,,1557302,12,,,1,14,,1557338,12,,,1,57,,1557336,12,,,1,16,,1557325,12,,,1,16,,1557318,12,,,1,54,,1557367,12,,,1,13,,1557328,12,,,1,17,,1557333,12,,,1,15,,1557365,12,,,1,54,,1557347,12,,,1,14,,1557332,12,,,1,16,,1557331,12,,,1,15,,1557330,12,,,1,55,,1557324,12,,,1,16,,1557322,12,,,1,14,,1557320,12,,,1,15,,1557323,12,,,1,55,,1557316,12,,,1,15,,1557319,12,,,1,16,,1557321,12,,,1,15,,1557309,12,,,1,55,,1557313,12,,,1,16,,1557306,12,,,1,15,,1557304,12,,,1,15,,1557303,12,,,1,54,,1557307,12,,,1,15,,1557301,12,,,1,16,,1557312,12,,,1,15,,1557317,12,,,1,57,,1557337,12,,,1,15,,1557305,12,,,1,16,,1557314,12,,,1,16,,1557308,12,,,1,55,,1557315,12,,,1,15,,1557310,12,,,1,14,,1557311,12,,,1
