1102,'20261002',627,,1564627,39,,,1,17,,1564628,39,,,1,12,,1564629,39,,,1,49,,1564630,39,,,1,11,,1564631,39,,,1,12,,1564632,39,,,1,8,,1564626,39,,,1,3,,1564633,39,,,1,15,,1564634,39,,,1,52,,1564635,39,,,1,12,,1564636,39,,,1,11,,1564637,39,,,1,15,,1564638,39,,,1,56,,1564639,39,,,1,31,,1564640,39,,,1,70,,1564641,39,,,1,29,,1564642,39,,,1,70,,1564643,39,,,1,30,,1564644,39,,,1,70,,1564645,39,,,1,31,,1564646,39,,,1,70,,1564647,39,,,1,30,,1564648,39,,,1,70,,1564649,39,,,1,29,,1564650,39,,,1,29,,1564651,39,,,1,55,,1564652,39,,,1,15,,1564653,39,,,1,15,,1564654,39,,,1,15,,1564655,39,,,1,56,,1564656,39,,,1,14,,1564657,39,,,1,17,,1564658,39,,,1,55,,1564659,39,,,1,29,,1564660,39,,,1,29,,1564661,39,,,1,71,,1564662,39,,,1,28,,1564663,39,,,1,69,,1564664,39,,,1,29,,1564665,39,,,1,99,,1564666,39,,,1,99,,1564667,39,,,1,99,,1564668,39,,,1,100,,1564669,39,,,1
1102,'20261003',557,,1564670,39,,,1,100,,1564671,39,,,1,100,,1564672,39,,,1,70,,1564673,39,,,1,30,,1564674,39,,,1,71,,1564675,39,,,1,30,,1564676,39,,,1,70,,1564677,39,,,1,30,,1564678,39,,,1,70,,1564679,39,,,1,30,,1564680,39,,,1,70,,1564681,39,,,1,29,,1564682,39,,,1,72,,1564683,39,,,1,28,,1564684,39,,,1,70,,1564685,39,,,1,29,,1564686,39,,,1,74,,1564687,39,,,1,27,,1564688,39,,,1,72,,1564689,39,,,1,30,,1564690,39,,,1,71,,1564691,39,,,1,70,,1564692,39,,,1,30,,1564693,39,,,1,29,,1564694,39,,,1,70,,1564695,39,,,1,29,,1564696,39,,,1,99,,1564697,39,,,1,100,,1564698,39,,,1,100,,1564699,39,,,1,100,,1564700,39,,,1
1102,'20261004',557,,1564701,39,,,1,100,,1564702,39,,,1,100,,1564703,39,,,1,70,,1564704,39,,,1,30,,1564705,39,,,1,71,,1564706,39,,,1,30,,1564707,39,,,1,70,,1564708,39,,,1,30,,1564709,39,,,1,70,,1564710,39,,,1,30,,1564711,39,,,1,70,,1564712,39,,,1,29,,1564713,39,,,1,72,,1564714,39,,,1,28,,1564715,39,,,1,70,,1564716,39,,,1,29,,1564717,39,,,1,74,,1564718,39,,,1,27,,1564719,39,,,1,72,,1564720,39,,,1,30,,1564721,39,,,1,71,,1564722,39,,,1,70,,1564723,39,,,1,30,,1564724,39,,,1,29,,1564725,39,,,1,70,,1564726,39,,,1,29,,1564727,39,,,1,99,,1564728,39,,,1,100,,1564729,39,,,1,100,,1564730,39,,,1,100,,1564731,39,,,1
1102,'20261005',627,,1564732,39,,,1,17,,1564733,39,,,1,12,,1564734,39,,,1,49,,1564735,39,,,1,11,,1564736,39,,,1,12,,1564737,39,,,1,8,,1564775,39,,,1,3,,1564738,39,,,1,12,,1564776,39,,,1,3,,1564739,39,,,1,52,,1564740,39,,,1,12,,1564741,39,,,1,11,,1564742,39,,,1,15,,1564743,39,,,1,56,,1564744,39,,,1,31,,1564745,39,,,1,70,,1564746,39,,,1,29,,1564747,39,,,1,70,,1564748,39,,,1,30,,1564749,39,,,1,70,,1564750,39,,,1,31,,1564751,39,,,1,70,,1564752,39,,,1,30,,1564753,39,,,1,70,,1564754,39,,,1,29,,1564755,39,,,1,29,,1564756,39,,,1,55,,1564757,39,,,1,15,,1564758,39,,,1,15,,1564759,39,,,1,15,,1564760,39,,,1,56,,1564761,39,,,1,14,,1564762,39,,,1,17,,1564763,39,,,1,55,,1564764,39,,,1,29,,1564765,39,,,1,29,,1564766,39,,,1,71,,1564767,39,,,1,28,,1564768,39,,,1,69,,1564769,39,,,1,29,,1564770,39,,,1,99,,1564771,39,,,1,99,,1564772,39,,,1,99,,1564773,39,,,1,100,,1564774,39,,,1
1102,'20261006',627,,1511504,39,,,1,17,,1511508,39,,,1,12,,1511513,39,,,1,49,,1511506,39,,,1,11,,1511502,39,,,1,12,,1511505,39,,,1,11,,1511500,39,,,1,15,,1511499,39,,,1,52,,1511501,39,,,1,12,,1511503,39,,,1,11,,1511514,39,,,1,15,,1511507,39,,,1,56,,1511509,39,,,1,31,,1511511,39,,,1,70,,1511510,39,,,1,29,,1511512,39,,,1,70,,1511534,39,,,1,30,,1511519,39,,,1,70,,1511531,39,,,1,31,,1511536,39,,,1,70,,1511518,39,,,1,30,,1511522,39,,,1,70,,1511532,39,,,1,29,,1511533,39,,,1,29,,1511525,39,,,1,55,,1511535,39,,,1,15,,1511528,39,,,1,15,,1511515,39,,,1,15,,1511537,39,,,1,56,,1511516,39,,,1,14,,1511520,39,,,1,17,,1511538,39,,,1,55,,1511517,39,,,1,29,,1511526,39,,,1,29,,1511530,39,,,1,71,,1511521,39,,,1,28,,1511540,39,,,1,69,,1511529,39,,,1,29,,1511523,39,,,1,99,,1511527,39,,,1,99,,1511539,39,,,1,99,,1511524,39,,,1,100,,1511541,39,,,1
1102,'20261007',627,,1511547,39,,,1,17,,1511551,39,,,1,12,,1511556,39,,,1,49,,1511549,39,,,1,11,,1511545,39,,,1,12,,1511548,39,,,1,11,,1511543,39,,,1,15,,1511542,39,,,1,52,,1511544,39,,,1,12,,1511546,39,,,1,11,,1511557,39,,,1,15,,1511550,39,,,1,56,,1511552,39,,,1,31,,1511554,39,,,1,70,,1511553,39,,,1,29,,1511555,39,,,1,70,,1511577,39,,,1,30,,1511562,39,,,1,70,,1511574,39,,,1,31,,1511579,39,,,1,70,,1511561,39,,,1,30,,1511565,39,,,1,70,,1511575,39,,,1,29,,1511576,39,,,1,29,,1511568,39,,,1,55,,1511578,39,,,1,15,,1511571,39,,,1,15,,1511558,39,,,1,15,,1511580,39,,,1,56,,1511559,39,,,1,14,,1511563,39,,,1,17,,1511581,39,,,1,55,,1511560,39,,,1,29,,1511569,39,,,1,29,,1511573,39,,,1,71,,1511564,39,,,1,28,,1511583,39,,,1,69,,1511572,39,,,1,29,,1511566,39,,,1,99,,1511570,39,,,1,99,,1511582,39,,,1,99,,1511567,39,,,1,100,,1511584,39,,,1
1102,'20261008',627,,1511590,39,,,1,17,,1511594,39,,,1,12,,1511599,39,,,1,49,,1511592,39,,,1,11,,1511588,39,,,1,12,,1511591,39,,,1,11,,1511586,39,,,1,15,,1511585,39,,,1,52,,1511587,39,,,1,12,,1511589,39,,,1,11,,1511600,39,,,1,15,,1511593,39,,,1,56,,1511595,39,,,1,31,,1511597,39,,,1,70,,1511596,39,,,1,29,,1511598,39,,,1,70,,1511620,39,,,1,30,,1511605,39,,,1,70,,1511617,39,,,1,31,,1511622,39,,,1,70,,1511604,39,,,1,30,,1511608,39,,,1,70,,1511618,39,,,1,29,,1511619,39,,,1,29,,1511611,39,,,1,55,,1511621,39,,,1,15,,1511614,39,,,1,15,,1511601,39,,,1,15,,1511623,39,,,1,56,,1511602,39,,,1,14,,1511606,39,,,1,17,,1511624,39,,,1,55,,1511603,39,,,1,29,,1511612,39,,,1,29,,1511616,39,,,1,71,,1511607,39,,,1,28,,1511626,39,,,1,69,,1511615,39,,,1,29,,1511609,39,,,1,99,,1511613,39,,,1,99,,1511625,39,,,1,99,,1511610,39,,,1,100,,1511627,39,,,1
1102,'20261009',627,,1511633,39,,,1,17,,1511637,39,,,1,12,,1511642,39,,,1,49,,1511635,39,,,1,11,,1511631,39,,,1,12,,1511634,39,,,1,11,,1511629,39,,,1,15,,1511628,39,,,1,52,,1511630,39,,,1,12,,1511632,39,,,1,11,,1511643,39,,,1,15,,1511636,39,,,1,56,,1511638,39,,,1,31,,1511640,39,,,1,70,,1511639,39,,,1,29,,1511641,39,,,1,70,,1511663,39,,,1,30,,1511648,39,,,1,70,,1511660,39,,,1,31,,1511665,39,,,1,70,,1511647,39,,,1,30,,1511651,39,,,1,70,,1511661,39,,,1,29,,1511662,39,,,1,29,,1511654,39,,,1,55,,1511664,39,,,1,15,,1511657,39,,,1,15,,1511644,39,,,1,15,,1511666,39,,,1,56,,1511645,39,,,1,14,,1511649,39,,,1,17,,1511667,39,,,1,55,,1511646,39,,,1,29,,1511655,39,,,1,29,,1511659,39,,,1,71,,1511650,39,,,1,28,,1511669,39,,,1,69,,1511658,39,,,1,29,,1511652,39,,,1,99,,1511656,39,,,1,99,,1511668,39,,,1,99,,1511653,39,,,1,100,,1511670,39,,,1
1102,'20261010',557,,1542355,39,,,1,100,,1542356,39,,,1,100,,1542357,39,,,1,70,,1542358,39,,,1,30,,1542359,39,,,1,71,,1542360,39,,,1,30,,1542361,39,,,1,70,,1542362,39,,,1,30,,1542363,39,,,1,70,,1542364,39,,,1,30,,1542365,39,,,1,70,,1542366,39,,,1,29,,1542367,39,,,1,72,,1542368,39,,,1,28,,1542369,39,,,1,70,,1542370,39,,,1,29,,1542371,39,,,1,74,,1542372,39,,,1,27,,1542373,39,,,1,72,,1542374,39,,,1,30,,1542375,39,,,1,71,,1542376,39,,,1,70,,1542377,39,,,1,30,,1542383,39,,,1,29,,1542378,39,,,1,70,,1542382,39,,,1,29,,1542379,39,,,1,99,,1542380,39,,,1,100,,1542381,39,,,1,100,,1542354,39,,,1,100,,1542384,39,,,1
1102,'20261011',557,,1542386,39,,,1,100,,1542387,39,,,1,100,,1542388,39,,,1,70,,1542389,39,,,1,30,,1542390,39,,,1,71,,1542391,39,,,1,30,,1542392,39,,,1,70,,1542393,39,,,1,30,,1542394,39,,,1,70,,1542395,39,,,1,30,,1542396,39,,,1,70,,1542397,39,,,1,29,,1542398,39,,,1,72,,1542399,39,,,1,28,,1542400,39,,,1,70,,1542401,39,,,1,29,,1542402,39,,,1,74,,1542403,39,,,1,27,,1542404,39,,,1,72,,1542405,39,,,1,30,,1542406,39,,,1,71,,1542407,39,,,1,70,,1542408,39,,,1,30,,1542409,39,,,1,29,,1542411,39,,,1,70,,1542410,39,,,1,29,,1542412,39,,,1,99,,1542413,39,,,1,100,,1542414,39,,,1,100,,1542415,39,,,1,100,,1542385,39,,,1
1102,'20261012',557,,1542417,39,,,1,100,,1542418,39,,,1,100,,1542419,39,,,1,70,,1542420,39,,,1,30,,1542421,39,,,1,71,,1542422,39,,,1,30,,1542423,39,,,1,70,,1542424,39,,,1,30,,1542425,39,,,1,70,,1542426,39,,,1,30,,1542427,39,,,1,70,,1542428,39,,,1,29,,1542429,39,,,1,72,,1542430,39,,,1,28,,1542431,39,,,1,70,,1542432,39,,,1,29,,1542433,39,,,1,74,,1542434,39,,,1,27,,1542435,39,,,1,72,,1542436,39,,,1,30,,1542437,39,,,1,71,,1542438,39,,,1,70,,1542439,39,,,1,30,,1542440,39,,,1,29,,1542442,39,,,1,70,,1542441,39,,,1,29,,1542443,39,,,1,99,,1542444,39,,,1,100,,1542445,39,,,1,100,,1542446,39,,,1,100,,1542416,39,,,1
1102,'20261013',627,,1564782,39,,,1,17,,1564786,39,,,1,12,,1564791,39,,,1,49,,1564784,39,,,1,11,,1564780,39,,,1,12,,1564783,39,,,1,11,,1564778,39,,,1,15,,1564777,39,,,1,52,,1564779,39,,,1,12,,1564781,39,,,1,11,,1564792,39,,,1,15,,1564785,39,,,1,56,,1564787,39,,,1,31,,1564789,39,,,1,70,,1564788,39,,,1,29,,1564790,39,,,1,70,,1564812,39,,,1,30,,1564797,39,,,1,70,,1564809,39,,,1,31,,1564814,39,,,1,70,,1564796,39,,,1,30,,1564800,39,,,1,70,,1564810,39,,,1,29,,1564811,39,,,1,29,,1564803,39,,,1,55,,1564813,39,,,1,15,,1564806,39,,,1,15,,1564793,39,,,1,15,,1564815,39,,,1,56,,1564794,39,,,1,14,,1564798,39,,,1,17,,1564816,39,,,1,55,,1564795,39,,,1,29,,1564804,39,,,1,29,,1564808,39,,,1,71,,1564799,39,,,1,28,,1564818,39,,,1,69,,1564807,39,,,1,29,,1564801,39,,,1,99,,1564805,39,,,1,99,,1564817,39,,,1,99,,1564802,39,,,1,100,,1564819,39,,,1
1102,'20261014',627,,1564825,39,,,1,17,,1564829,39,,,1,12,,1564834,39,,,1,49,,1564827,39,,,1,11,,1564823,39,,,1,12,,1564826,39,,,1,11,,1564821,39,,,1,15,,1564820,39,,,1,52,,1564822,39,,,1,12,,1564824,39,,,1,11,,1564835,39,,,1,15,,1564828,39,,,1,56,,1564830,39,,,1,31,,1564832,39,,,1,70,,1564831,39,,,1,29,,1564833,39,,,1,70,,1564855,39,,,1,30,,1564840,39,,,1,70,,1564852,39,,,1,31,,1564857,39,,,1,70,,1564839,39,,,1,30,,1564843,39,,,1,70,,1564853,39,,,1,29,,1564854,39,,,1,29,,1564846,39,,,1,55,,1564856,39,,,1,15,,1564849,39,,,1,15,,1564836,39,,,1,15,,1564858,39,,,1,56,,1564837,39,,,1,14,,1564841,39,,,1,17,,1564859,39,,,1,55,,1564838,39,,,1,29,,1564847,39,,,1,29,,1564851,39,,,1,71,,1564842,39,,,1,28,,1564861,39,,,1,69,,1564850,39,,,1,29,,1564844,39,,,1,99,,1564848,39,,,1,99,,1564860,39,,,1,99,,1564845,39,,,1,100,,1564862,39,,,1
1102,'20261015',627,,1564868,39,,,1,17,,1564872,39,,,1,12,,1564877,39,,,1,49,,1564870,39,,,1,11,,1564866,39,,,1,12,,1564869,39,,,1,11,,1564864,39,,,1,15,,1564863,39,,,1,52,,1564865,39,,,1,12,,1564867,39,,,1,11,,1564878,39,,,1,15,,1564871,39,,,1,56,,1564873,39,,,1,31,,1564875,39,,,1,70,,1564874,39,,,1,29,,1564876,39,,,1,70,,1564898,39,,,1,30,,1564883,39,,,1,70,,1564895,39,,,1,31,,1564900,39,,,1,70,,1564882,39,,,1,30,,1564886,39,,,1,70,,1564896,39,,,1,29,,1564897,39,,,1,29,,1564889,39,,,1,55,,1564899,39,,,1,15,,1564892,39,,,1,15,,1564879,39,,,1,15,,1564901,39,,,1,56,,1564880,39,,,1,14,,1564884,39,,,1,17,,1564902,39,,,1,55,,1564881,39,,,1,29,,1564890,39,,,1,29,,1564894,39,,,1,71,,1564885,39,,,1,28,,1564904,39,,,1,69,,1564893,39,,,1,29,,1564887,39,,,1,99,,1564891,39,,,1,99,,1564903,39,,,1,99,,1564888,39,,,1,100,,1564905,39,,,1
1102,'20261016',627,,1564911,39,,,1,17,,1564915,39,,,1,12,,1564920,39,,,1,49,,1564913,39,,,1,11,,1564909,39,,,1,12,,1564912,39,,,1,11,,1564907,39,,,1,15,,1564906,39,,,1,52,,1564908,39,,,1,12,,1564910,39,,,1,11,,1564921,39,,,1,15,,1564914,39,,,1,56,,1564916,39,,,1,31,,1564918,39,,,1,70,,1564917,39,,,1,29,,1564919,39,,,1,70,,1564941,39,,,1,30,,1564926,39,,,1,70,,1564938,39,,,1,31,,1564943,39,,,1,70,,1564925,39,,,1,30,,1564929,39,,,1,70,,1564939,39,,,1,29,,1564940,39,,,1,29,,1564932,39,,,1,55,,1564942,39,,,1,15,,1564935,39,,,1,15,,1564922,39,,,1,15,,1564944,39,,,1,56,,1564923,39,,,1,14,,1564927,39,,,1,17,,1564945,39,,,1,55,,1564924,39,,,1,29,,1564933,39,,,1,29,,1564937,39,,,1,71,,1564928,39,,,1,28,,1564947,39,,,1,69,,1564936,39,,,1,29,,1564930,39,,,1,99,,1564934,39,,,1,99,,1564946,39,,,1,99,,1564931,39,,,1,100,,1564948,39,,,1
1603,'20261002',727,,1566026,24,,,0,24,,1566027,24,,,0,905,,1566037,24,,,0,65,,1566038,24,,,0
1603,'20261005',727,,1566053,24,,,0,24,,1566054,24,,,0,905,,1566064,24,,,0,65,,1566065,24,,,0
1603,'20261006',727,,1512794,24,,,0,24,,1512795,24,,,0,905,,1512796,24,,,0,65,,1512797,24,,,0
1603,'20261007',727,,1512813,24,,,0,24,,1512814,24,,,0,905,,1512815,24,,,0,65,,1512816,24,,,0
1603,'20261008',727,,1512832,24,,,0,24,,1512833,24,,,0,905,,1512834,24,,,0,65,,1512835,24,,,0
1603,'20261009',727,,1512851,24,,,0,24,,1512852,24,,,0,905,,1512853,24,,,0,65,,1512854,24,,,0
1603,'20261013',727,,1566071,24,,,0,24,,1566072,24,,,0,905,,1566073,24,,,0,65,,1566074,24,,,0
1603,'20261014',727,,1566090,24,,,0,24,,1566091,24,,,0,905,,1566092,24,,,0,65,,1566093,24,,,0
1603,'20261015',727,,1566109,24,,,0,24,,1566110,24,,,0,905,,1566111,24,,,0,65,,1566112,24,,,0
1603,'20261016',727,,1566128,24,,,0,24,,1566129,24,,,0,905,,1566130,24,,,0,65,,1566131,24,,,0
7009002,'20261002',756,,1593661,28,4,,0,2,,1593660,58,4,,0
7009002,'20261005',756,,1593663,28,4,,0,2,,1593662,58,4,,0
7009002,'20261006',756,,1540408,28,4,,0,2,,1540407,58,4,,0
7009002,'20261007',756,,1540410,28,4,,0,2,,1540409,58,4,,0
7009002,'20261008',756,,1540412,28,4,,0,2,,1540411,58,4,,0
7009002,'20261009',756,,1540414,28,4,,0,2,,1540413,58,4,,0
7009002,'20261013',756,,1593665,28,4,,0,2,,1593664,58,4,,0
7009002,'20261014',756,,1593667,28,4,,0,2,,1593666,58,4,,0
7009002,'20261015',756,,1593669,28,4,,0,2,,1593668,58,4,,0
7009002,'20261016',756,,1593671,28,4,,0,2,,1593670,58,4,,0
