27200,'20261006',1638,,1612248,36,4,,0,72,,1612249,36,4,,0,38,,1612250,36,4,,0,62,,1612251,36,4,,0,23,,1612252,36,4,,0
27200,'20261007',1638,,1612253,36,4,,0,72,,1612254,36,4,,0,38,,1612255,36,4,,0,62,,1612256,36,4,,0,23,,1612257,36,4,,0
27200,'20261008',1638,,1612258,36,4,,0,72,,1612259,36,4,,0,38,,1612260,36,4,,0,62,,1612261,36,4,,0,23,,1612262,36,4,,0
27200,'20261009',1638,,1612263,36,4,,0,72,,1612264,36,4,,0,38,,1612265,36,4,,0,62,,1612266,36,4,,0,23,,1612267,36,4,,0
27200,'20261013',1638,,1580512,36,4,,0,72,,1580513,36,4,,0,38,,1580514,36,4,,0,62,,1580515,36,4,,0,23,,1580511,36,4,,0
27200,'20261014',1638,,1580517,36,4,,0,72,,1580518,36,4,,0,38,,1580519,36,4,,0,62,,1580520,36,4,,0,23,,1580516,36,4,,0
27200,'20261015',1638,,1580522,36,4,,0,72,,1580523,36,4,,0,38,,1580524,36,4,,0,62,,1580525,36,4,,0,23,,1580521,36,4,,0
27200,'20261016',1638,,1580527,36,4,,0,72,,1580528,36,4,,0,38,,1580529,36,4,,0,62,,1580530,36,4,,0,23,,1580526,36,4,,0
27200,'20261019',1638,,1612269,36,4,,0,72,,1612270,36,4,,0,38,,1612271,36,4,,0,62,,1612272,36,4,,0,23,,1612268,36,4,,0
27200,'20261020',1638,,1612274,36,4,,0,72,,1612275,36,4,,0,38,,1612276,36,4,,0,62,,1612277,36,4,,0,23,,1612273,36,4,,0
