3600,'20261002',754,,1568722,68,,,0,70,,1568723,68,,,0,30,,1568724,68,,,0,99,,1568725,68,,,0,100,,1568726,68,,,0,100,,1568727,68,,,0,100,,1568728,68,,,0,100,,1568729,68,,,0,100,,1568730,68,,,0,102,,1568731,68,,,0,72,,1568732,68,,,0,29,,1568733,68,,,0,68,,1568721,68,,,0,29,,1568735,68,,,0,70,,1568736,68,,,0,30,,1568737,68,,,0,98,,1568738,68,,,0,100,,1568739,68,,,0,100,,1568740,68,,,0,98,,1568741,68,,,0,100,,1568742,68,,,0,100,,1568743,68,,,0
3600,'20261003',749,,1568744,68,,,0,101,,1568745,68,,,0,100,,1568746,68,,,0,101,,1568747,68,,,0,100,,1568748,68,,,0,100,,1568749,68,,,0,100,,1568750,68,,,0,101,,1568751,68,,,0,100,,1568752,68,,,0,100,,1568753,68,,,0,99,,1568754,68,,,0,99,,1568755,68,,,0,100,,1568756,68,,,0,100,,1568757,68,,,0,99,,1568758,68,,,0,100,,1568759,68,,,0,100,,1568760,68,,,0,99,,1568761,68,,,0
3600,'20261004',749,,1568762,68,,,0,101,,1568763,68,,,0,100,,1568764,68,,,0,101,,1568765,68,,,0,100,,1568766,68,,,0,100,,1568767,68,,,0,100,,1568768,68,,,0,101,,1568769,68,,,0,100,,1568770,68,,,0,100,,1568771,68,,,0,99,,1568772,68,,,0,99,,1568773,68,,,0,100,,1568774,68,,,0,100,,1568775,68,,,0,99,,1568776,68,,,0,100,,1568777,68,,,0,100,,1568778,68,,,0,99,,1568779,68,,,0
3600,'20261005',754,,1568781,68,,,0,70,,1568782,68,,,0,30,,1568783,68,,,0,99,,1568784,68,,,0,100,,1568785,68,,,0,100,,1568786,68,,,0,100,,1568787,68,,,0,100,,1568788,68,,,0,100,,1568789,68,,,0,102,,1568790,68,,,0,72,,1568791,68,,,0,29,,1568792,68,,,0,68,,1568780,68,,,0,29,,1568794,68,,,0,70,,1568795,68,,,0,30,,1568796,68,,,0,98,,1568797,68,,,0,100,,1568798,68,,,0,100,,1568799,68,,,0,98,,1568800,68,,,0,100,,1568801,68,,,0,100,,1568802,68,,,0
3600,'20261006',754,,1515526,68,,,0,70,,1515547,68,,,0,30,,1515527,68,,,0,99,,1515528,68,,,0,100,,1515529,68,,,0,100,,1515530,68,,,0,100,,1515531,68,,,0,100,,1515532,68,,,0,100,,1515533,68,,,0,102,,1515534,68,,,0,72,,1515535,68,,,0,29,,1515536,68,,,0,68,,1515537,68,,,0,29,,1515538,68,,,0,70,,1515539,68,,,0,30,,1515541,68,,,0,98,,1515542,68,,,0,100,,1515543,68,,,0,100,,1515544,68,,,0,98,,1515545,68,,,0,100,,1515546,68,,,0,100,,1515540,68,,,0
3600,'20261007',754,,1515548,68,,,0,70,,1515569,68,,,0,30,,1515549,68,,,0,99,,1515550,68,,,0,100,,1515551,68,,,0,100,,1515552,68,,,0,100,,1515553,68,,,0,100,,1515554,68,,,0,100,,1515555,68,,,0,102,,1515556,68,,,0,72,,1515557,68,,,0,29,,1515558,68,,,0,68,,1515559,68,,,0,29,,1515560,68,,,0,70,,1515561,68,,,0,30,,1515563,68,,,0,98,,1515564,68,,,0,100,,1515565,68,,,0,100,,1515566,68,,,0,98,,1515567,68,,,0,100,,1515568,68,,,0,100,,1515562,68,,,0
3600,'20261008',754,,1515570,68,,,0,70,,1515591,68,,,0,30,,1515571,68,,,0,99,,1515572,68,,,0,100,,1515573,68,,,0,100,,1515574,68,,,0,100,,1515575,68,,,0,100,,1515576,68,,,0,100,,1515577,68,,,0,102,,1515578,68,,,0,72,,1515579,68,,,0,29,,1515580,68,,,0,68,,1515581,68,,,0,29,,1515582,68,,,0,70,,1515583,68,,,0,30,,1515585,68,,,0,98,,1515586,68,,,0,100,,1515587,68,,,0,100,,1515588,68,,,0,98,,1515589,68,,,0,100,,1515590,68,,,0,100,,1515584,68,,,0
3600,'20261009',754,,1515592,68,,,0,70,,1515613,68,,,0,30,,1515593,68,,,0,99,,1515594,68,,,0,100,,1515595,68,,,0,100,,1515596,68,,,0,100,,1515597,68,,,0,100,,1515598,68,,,0,100,,1515599,68,,,0,102,,1515600,68,,,0,72,,1515601,68,,,0,29,,1515602,68,,,0,68,,1515603,68,,,0,29,,1515604,68,,,0,70,,1515605,68,,,0,30,,1515607,68,,,0,98,,1515608,68,,,0,100,,1515609,68,,,0,100,,1515610,68,,,0,98,,1515611,68,,,0,100,,1515612,68,,,0,100,,1515606,68,,,0
3600,'20261010',749,,1544999,68,,,0,101,,1545000,68,,,0,100,,1545001,68,,,0,101,,1545002,68,,,0,100,,1545003,68,,,0,100,,1545004,68,,,0,100,,1545005,68,,,0,101,,1545006,68,,,0,100,,1545007,68,,,0,100,,1545008,68,,,0,99,,1545009,68,,,0,99,,1545010,68,,,0,100,,1545012,68,,,0,100,,1544997,68,,,0,99,,1545013,68,,,0,100,,1544998,68,,,0,100,,1545011,68,,,0,99,,1545014,68,,,0
3600,'20261011',749,,1545032,68,,,0,101,,1545030,68,,,0,100,,1545024,68,,,0,101,,1545027,68,,,0,100,,1545016,68,,,0,100,,1545015,68,,,0,100,,1545023,68,,,0,101,,1545022,68,,,0,100,,1545021,68,,,0,100,,1545020,68,,,0,99,,1545019,68,,,0,99,,1545018,68,,,0,100,,1545028,68,,,0,100,,1545017,68,,,0,99,,1545029,68,,,0,100,,1545026,68,,,0,100,,1545025,68,,,0,99,,1545031,68,,,0
3600,'20261012',749,,1545050,68,,,0,101,,1545048,68,,,0,100,,1545042,68,,,0,101,,1545045,68,,,0,100,,1545034,68,,,0,100,,1545033,68,,,0,100,,1545041,68,,,0,101,,1545040,68,,,0,100,,1545039,68,,,0,100,,1545038,68,,,0,99,,1545037,68,,,0,99,,1545036,68,,,0,100,,1545046,68,,,0,100,,1545035,68,,,0,99,,1545047,68,,,0,100,,1545044,68,,,0,100,,1545043,68,,,0,99,,1545049,68,,,0
3600,'20261013',754,,1568803,68,,,0,70,,1568824,68,,,0,30,,1568804,68,,,0,99,,1568805,68,,,0,100,,1568806,68,,,0,100,,1568807,68,,,0,100,,1568808,68,,,0,100,,1568809,68,,,0,100,,1568810,68,,,0,102,,1568811,68,,,0,72,,1568812,68,,,0,29,,1568813,68,,,0,68,,1568814,68,,,0,29,,1568815,68,,,0,70,,1568816,68,,,0,30,,1568818,68,,,0,98,,1568819,68,,,0,100,,1568820,68,,,0,100,,1568821,68,,,0,98,,1568822,68,,,0,100,,1568823,68,,,0,100,,1568817,68,,,0
3600,'20261014',754,,1568825,68,,,0,70,,1568846,68,,,0,30,,1568826,68,,,0,99,,1568827,68,,,0,100,,1568828,68,,,0,100,,1568829,68,,,0,100,,1568830,68,,,0,100,,1568831,68,,,0,100,,1568832,68,,,0,102,,1568833,68,,,0,72,,1568834,68,,,0,29,,1568835,68,,,0,68,,1568836,68,,,0,29,,1568837,68,,,0,70,,1568838,68,,,0,30,,1568840,68,,,0,98,,1568841,68,,,0,100,,1568842,68,,,0,100,,1568843,68,,,0,98,,1568844,68,,,0,100,,1568845,68,,,0,100,,1568839,68,,,0
3600,'20261015',754,,1568847,68,,,0,70,,1568868,68,,,0,30,,1568848,68,,,0,99,,1568849,68,,,0,100,,1568850,68,,,0,100,,1568851,68,,,0,100,,1568852,68,,,0,100,,1568853,68,,,0,100,,1568854,68,,,0,102,,1568855,68,,,0,72,,1568856,68,,,0,29,,1568857,68,,,0,68,,1568858,68,,,0,29,,1568859,68,,,0,70,,1568860,68,,,0,30,,1568862,68,,,0,98,,1568863,68,,,0,100,,1568864,68,,,0,100,,1568865,68,,,0,98,,1568866,68,,,0,100,,1568867,68,,,0,100,,1568861,68,,,0
3600,'20261016',754,,1568869,68,,,0,70,,1568890,68,,,0,30,,1568870,68,,,0,99,,1568871,68,,,0,100,,1568872,68,,,0,100,,1568873,68,,,0,100,,1568874,68,,,0,100,,1568875,68,,,0,100,,1568876,68,,,0,102,,1568877,68,,,0,72,,1568878,68,,,0,29,,1568879,68,,,0,68,,1568880,68,,,0,29,,1568881,68,,,0,70,,1568882,68,,,0,30,,1568884,68,,,0,98,,1568885,68,,,0,100,,1568886,68,,,0,100,,1568887,68,,,0,98,,1568888,68,,,0,100,,1568889,68,,,0,100,,1568883,68,,,0
23600,'20261002',1615,,1579811,37,4,,0,34,,1579812,37,4,,0,54,,1579813,37,4,,0,11,,1579814,37,4,,0,28,,1579815,37,4,,0,66,,1579816,37,4,,0
23600,'20261005',1615,,1579817,37,4,,0,34,,1579818,37,4,,0,54,,1579819,37,4,,0,11,,1579820,37,4,,0,28,,1579821,37,4,,0,66,,1579822,37,4,,0
23600,'20261006',1615,,1526551,37,4,,0,34,,1526552,37,4,,0,54,,1526553,37,4,,0,11,,1526554,37,4,,0,28,,1526555,37,4,,0,66,,1526556,37,4,,0
23600,'20261007',1615,,1526557,37,4,,0,34,,1526558,37,4,,0,54,,1526559,37,4,,0,11,,1526560,37,4,,0,28,,1526561,37,4,,0,66,,1526562,37,4,,0
23600,'20261008',1615,,1526563,37,4,,0,34,,1526564,37,4,,0,54,,1526565,37,4,,0,11,,1526566,37,4,,0,28,,1526567,37,4,,0,66,,1526568,37,4,,0
23600,'20261009',1615,,1526569,37,4,,0,34,,1526570,37,4,,0,54,,1526571,37,4,,0,11,,1526572,37,4,,0,28,,1526573,37,4,,0,66,,1526574,37,4,,0
23600,'20261013',1615,,1579823,37,4,,0,34,,1579824,37,4,,0,54,,1579825,37,4,,0,11,,1579826,37,4,,0,28,,1579827,37,4,,0,66,,1579828,37,4,,0
23600,'20261014',1615,,1579829,37,4,,0,34,,1579830,37,4,,0,54,,1579831,37,4,,0,11,,1579832,37,4,,0,28,,1579833,37,4,,0,66,,1579834,37,4,,0
23600,'20261015',1615,,1579835,37,4,,0,34,,1579836,37,4,,0,54,,1579837,37,4,,0,11,,1579838,37,4,,0,28,,1579839,37,4,,0,66,,1579840,37,4,,0
23600,'20261016',1615,,1579841,37,4,,0,34,,1579842,37,4,,0,54,,1579843,37,4,,0,11,,1579844,37,4,,0,28,,1579845,37,4,,0,66,,1579846,37,4,,0
33600,'20261002',1659,,1581403,35,4,,0,92,,1581404,35,4,,0,101,,1581405,35,4,,0
33600,'20261005',1659,,1581406,35,4,,0,92,,1581407,35,4,,0,101,,1581408,35,4,,0
33600,'20261006',1659,,1528133,35,4,,0,92,,1528134,35,4,,0,101,,1528135,35,4,,0
33600,'20261007',1659,,1528136,35,4,,0,92,,1528137,35,4,,0,101,,1528138,35,4,,0
33600,'20261008',1659,,1528139,35,4,,0,92,,1528140,35,4,,0,101,,1528141,35,4,,0
33600,'20261009',1659,,1528142,35,4,,0,92,,1528143,35,4,,0,101,,1528144,35,4,,0
33600,'20261013',1659,,1581409,35,4,,0,92,,1581410,35,4,,0,101,,1581411,35,4,,0
33600,'20261014',1659,,1581412,35,4,,0,92,,1581413,35,4,,0,101,,1581414,35,4,,0
33600,'20261015',1659,,1581415,35,4,,0,92,,1581416,35,4,,0,101,,1581417,35,4,,0
33600,'20261016',1659,,1581418,35,4,,0,92,,1581419,35,4,,0,101,,1581420,35,4,,0
53600,'20261002',1708,,1582240,33,4,,0,35,,1582241,33,4,,0,64,,1582242,33,4,,0
53600,'20261005',1708,,1582243,33,4,,0,35,,1582244,33,4,,0,64,,1582245,33,4,,0
53600,'20261006',1708,,1528970,33,4,,0,35,,1528971,33,4,,0,64,,1528972,33,4,,0
53600,'20261007',1708,,1528973,33,4,,0,35,,1528974,33,4,,0,64,,1528975,33,4,,0
53600,'20261008',1708,,1528976,33,4,,0,35,,1528977,33,4,,0,64,,1528978,33,4,,0
53600,'20261009',1708,,1528979,33,4,,0,35,,1528980,33,4,,0,64,,1528981,33,4,,0
53600,'20261013',1708,,1582246,33,4,,0,35,,1582247,33,4,,0,64,,1582248,33,4,,0
53600,'20261014',1708,,1582249,33,4,,0,35,,1582250,33,4,,0,64,,1582251,33,4,,0
53600,'20261015',1708,,1582252,33,4,,0,35,,1582253,33,4,,0,64,,1582254,33,4,,0
53600,'20261016',1708,,1582255,33,4,,0,35,,1582256,33,4,,0,64,,1582257,33,4,,0
93600,'20261002',2611,,1593511,72,,,0
93600,'20261003',2611,,1593512,72,,,0
93600,'20261009',2611,,1540226,72,,,0
93600,'20261010',2611,,1561861,72,,,0
93600,'20261016',2611,,1593513,72,,,0
