3600,'20261009',703,,1600504,2,,,0,28,,1600505,2,,,0,69,,1600506,2,,,0,104,,1600507,2,,,0,100,,1600508,2,,,0,99,,1600509,2,,,0,99,,1600510,2,,,0,100,,1600511,2,,,0,100,,1600512,2,,,0,99,,1600513,2,,,0,25,,1600514,2,,,0,26,,1600515,2,,,0,76,,1600516,2,0,43 44 45,0,31,,1600517,2,,,0,73,,1600518,2,,,0,71,,1600519,2,,,0,103,,1600520,2,,,0,100,,1600521,2,,,0,101,,1600522,2,,,0,102,,1600523,2,,,0,100,,1600524,2,,,0,100,,1600525,2,,,0
3600,'20261010',708,,1630035,2,,,0,99,,1630036,2,,,0,100,,1630037,2,,,0,100,,1630038,2,,,0,99,,1630039,2,,,0,98,,1630040,2,,,0,100,,1630041,2,,,0,99,,1630042,2,,,0,100,,1630043,2,,,0,100,,1630044,2,,,0,100,,1630045,2,,,0,103,,1630046,2,,,0,101,,1630047,2,,,0,100,,1630048,2,,,0,101,,1630049,2,,,0,101,,1630050,2,,,0,101,,1630051,2,,,0,101,,1630052,2,,,0
3600,'20261011',708,,1630053,2,,,0,99,,1630054,2,,,0,100,,1630055,2,,,0,100,,1630056,2,,,0,99,,1630057,2,,,0,98,,1630058,2,,,0,100,,1630059,2,,,0,99,,1630060,2,,,0,100,,1630061,2,,,0,100,,1630062,2,,,0,100,,1630063,2,,,0,103,,1630064,2,,,0,101,,1630065,2,,,0,100,,1630066,2,,,0,101,,1630067,2,,,0,101,,1630068,2,,,0,101,,1630069,2,,,0,101,,1630070,2,,,0
3600,'20261012',708,,1630071,2,,,0,99,,1630072,2,,,0,100,,1630073,2,,,0,100,,1630074,2,,,0,99,,1630075,2,,,0,98,,1630076,2,,,0,100,,1630077,2,,,0,99,,1630078,2,,,0,100,,1630079,2,,,0,100,,1630080,2,,,0,100,,1630081,2,,,0,103,,1630082,2,,,0,101,,1630083,2,,,0,100,,1630084,2,,,0,101,,1630085,2,,,0,101,,1630086,2,,,0,101,,1630087,2,,,0,101,,1630088,2,,,0
3600,'20261013',703,,1568803,2,,,0,28,,1568824,2,,,0,69,,1568804,2,,,0,104,,1568805,2,,,0,100,,1568806,2,,,0,99,,1568807,2,,,0,99,,1568808,2,,,0,100,,1568809,2,,,0,100,,1568810,2,,,0,99,,1568811,2,,,0,25,,1568812,2,,,0,26,,1568813,2,,,0,76,,1568814,2,,,0,31,,1568815,2,,,0,73,,1568816,2,,,0,71,,1568818,2,,,0,103,,1568819,2,,,0,100,,1568820,2,,,0,101,,1568821,2,,,0,102,,1568822,2,,,0,100,,1568823,2,,,0,100,,1568817,2,,,0
3600,'20261014',703,,1568825,2,,,0,28,,1568846,2,,,0,69,,1568826,2,,,0,104,,1568827,2,,,0,100,,1568828,2,,,0,99,,1568829,2,,,0,99,,1568830,2,,,0,100,,1568831,2,,,0,100,,1568832,2,,,0,99,,1568833,2,,,0,25,,1568834,2,,,0,26,,1568835,2,,,0,76,,1568836,2,,,0,31,,1568837,2,,,0,73,,1568838,2,,,0,71,,1568840,2,,,0,103,,1568841,2,,,0,100,,1568842,2,,,0,101,,1568843,2,,,0,102,,1568844,2,,,0,100,,1568845,2,,,0,100,,1568839,2,,,0
3600,'20261015',703,,1568847,2,,,0,28,,1568868,2,,,0,69,,1568848,2,,,0,104,,1568849,2,,,0,100,,1568850,2,,,0,99,,1568851,2,,,0,99,,1568852,2,,,0,100,,1568853,2,,,0,100,,1568854,2,,,0,99,,1568855,2,,,0,25,,1568856,2,,,0,26,,1568857,2,,,0,76,,1568858,2,,,0,31,,1568859,2,,,0,73,,1568860,2,,,0,71,,1568862,2,,,0,103,,1568863,2,,,0,100,,1568864,2,,,0,101,,1568865,2,,,0,102,,1568866,2,,,0,100,,1568867,2,,,0,100,,1568861,2,,,0
3600,'20261016',703,,1568869,2,,,0,28,,1568890,2,,,0,69,,1568870,2,,,0,104,,1568871,2,,,0,100,,1568872,2,,,0,99,,1568873,2,,,0,99,,1568874,2,,,0,100,,1568875,2,,,0,100,,1568876,2,,,0,99,,1568877,2,,,0,25,,1568878,2,,,0,26,,1568879,2,,,0,76,,1568880,2,,,0,31,,1568881,2,,,0,73,,1568882,2,,,0,71,,1568884,2,,,0,103,,1568885,2,,,0,100,,1568886,2,,,0,101,,1568887,2,,,0,102,,1568888,2,,,0,100,,1568889,2,,,0,100,,1568883,2,,,0
3600,'20261017',708,,1600528,2,,,0,99,,1600529,2,,,0,100,,1600530,2,,,0,100,,1600531,2,,,0,99,,1600532,2,,,0,98,,1600533,2,,,0,100,,1600534,2,,,0,99,,1600535,2,,,0,100,,1600536,2,,,0,100,,1600537,2,,,0,100,,1600538,2,,,0,103,,1600539,2,,,0,101,,1600541,2,,,0,100,,1600526,2,,,0,101,,1600542,2,,,0,101,,1600527,2,,,0,101,,1600540,2,,,0,101,,1600543,2,,,0
3600,'20261018',708,,1600561,2,,,0,99,,1600559,2,,,0,100,,1600553,2,,,0,100,,1600556,2,,,0,99,,1600545,2,,,0,98,,1600544,2,,,0,100,,1600552,2,,,0,99,,1600551,2,,,0,100,,1600550,2,,,0,100,,1600549,2,,,0,100,,1600548,2,,,0,103,,1600547,2,,,0,101,,1600557,2,,,0,100,,1600546,2,,,0,101,,1600558,2,,,0,101,,1600555,2,,,0,101,,1600554,2,,,0,101,,1600560,2,,,0
3600,'20261019',703,,1600562,2,,,0,28,,1600583,2,,,0,69,,1600563,2,,,0,104,,1600564,2,,,0,100,,1600565,2,,,0,99,,1600566,2,,,0,99,,1600567,2,,,0,100,,1600568,2,,,0,100,,1600569,2,,,0,99,,1600570,2,,,0,25,,1600571,2,,,0,26,,1600572,2,,,0,76,,1600573,2,,,0,31,,1600574,2,,,0,73,,1600575,2,,,0,71,,1600577,2,,,0,103,,1600578,2,,,0,100,,1600579,2,,,0,101,,1600580,2,,,0,102,,1600581,2,,,0,100,,1600582,2,,,0,100,,1600576,2,,,0
3600,'20261020',703,,1600584,2,,,0,28,,1600605,2,,,0,69,,1600585,2,,,0,104,,1600586,2,,,0,100,,1600587,2,,,0,99,,1600588,2,,,0,99,,1600589,2,,,0,100,,1600590,2,,,0,100,,1600591,2,,,0,99,,1600592,2,,,0,25,,1600593,2,,,0,26,,1600594,2,,,0,76,,1600595,2,,,0,31,,1600596,2,,,0,73,,1600597,2,,,0,71,,1600599,2,,,0,103,,1600600,2,,,0,100,,1600601,2,,,0,101,,1600602,2,,,0,102,,1600603,2,,,0,100,,1600604,2,,,0,100,,1600598,2,,,0
3600,'20261021',703,,1630089,2,,,0,28,,1630110,2,,,0,69,,1630090,2,,,0,104,,1630091,2,,,0,100,,1630092,2,,,0,99,,1630093,2,,,0,99,,1630094,2,,,0,100,,1630095,2,,,0,100,,1630096,2,,,0,99,,1630097,2,,,0,25,,1630098,2,,,0,26,,1630099,2,,,0,76,,1630100,2,,,0,31,,1630101,2,,,0,73,,1630102,2,,,0,71,,1630104,2,,,0,103,,1630105,2,,,0,100,,1630106,2,,,0,101,,1630107,2,,,0,102,,1630108,2,,,0,100,,1630109,2,,,0,100,,1630103,2,,,0
3600,'20261022',703,,1630111,2,,,0,28,,1630132,2,,,0,69,,1630112,2,,,0,104,,1630113,2,,,0,100,,1630114,2,,,0,99,,1630115,2,,,0,99,,1630116,2,,,0,100,,1630117,2,,,0,100,,1630118,2,,,0,99,,1630119,2,,,0,25,,1630120,2,,,0,26,,1630121,2,,,0,76,,1630122,2,,,0,31,,1630123,2,,,0,73,,1630124,2,,,0,71,,1630126,2,,,0,103,,1630127,2,,,0,100,,1630128,2,,,0,101,,1630129,2,,,0,102,,1630130,2,,,0,100,,1630131,2,,,0,100,,1630125,2,,,0
3600,'20261023',703,,1630133,2,,,0,28,,1630154,2,,,0,69,,1630134,2,,,0,104,,1630135,2,,,0,100,,1630136,2,,,0,99,,1630137,2,,,0,99,,1630138,2,,,0,100,,1630139,2,,,0,100,,1630140,2,,,0,99,,1630141,2,,,0,25,,1630142,2,,,0,26,,1630143,2,,,0,76,,1630144,2,,,0,31,,1630145,2,,,0,73,,1630146,2,,,0,71,,1630148,2,,,0,103,,1630149,2,,,0,100,,1630150,2,,,0,101,,1630151,2,,,0,102,,1630152,2,,,0,100,,1630153,2,,,0,100,,1630147,2,,,0
93600,'20261009',2535,,1625326,6,,,0
93600,'20261010',2535,,1646887,6,,,0
93600,'20261016',2535,,1593513,6,,,0
93600,'20261017',2535,,1625327,6,,,0
93600,'20261023',2535,,1646888,6,,,0
