1901,'20261002',636,,1566926,28,,,0,72,,1566927,28,,,0,41,,1566928,28,,,0,70,,1566929,28,,,0,25,,1566930,28,,,0,66,,1566931,28,,,0,29,,1566932,28,,,0,100,,1566933,28,,,0,101,,1566934,28,,,0,100,,1566935,28,,,0,100,,1566936,28,,,0,99,,1566937,28,,,0,103,,1566938,28,,,0,72,,1566925,28,,,0,33,,1566939,28,,,0,72,,1566940,28,,,0,28,,1566941,28,,,0,65,,1566942,28,,,0,28,,1566943,28,,,0,97,,1566944,28,,,0,99,,1566945,28,,,0,99,,1566946,28,,,0,100,,1566947,28,,,0,99,,1566948,28,,,0,100,,1566949,28,,,0
1901,'20261003',628,,1566950,28,,,0,100,,1566951,28,,,0,100,,1566952,28,,,0,102,,1566953,28,,,0,100,,1566954,28,,,0,102,,1566955,28,,,0,100,,1566956,28,,,0,102,,1566957,28,,,0,101,,1566958,28,,,0,100,,1566959,28,,,0,99,,1566960,28,,,0,99,,1566961,28,,,0,99,,1566962,28,,,0,98,,1566963,28,,,0,99,,1566964,28,,,0,100,,1566965,28,,,0,100,,1566966,28,,,0,99,,1566967,28,,,0,100,,1566968,28,,,0
1901,'20261004',628,,1566969,28,,,0,100,,1566970,28,,,0,100,,1566971,28,,,0,102,,1566972,28,,,0,100,,1566973,28,,,0,102,,1566974,28,,,0,100,,1566975,28,,,0,102,,1566976,28,,,0,101,,1566977,28,,,0,100,,1566978,28,,,0,99,,1566979,28,,,0,99,,1566980,28,,,0,99,,1566981,28,,,0,98,,1566982,28,,,0,99,,1566983,28,,,0,100,,1566984,28,,,0,100,,1566985,28,,,0,99,,1566986,28,,,0,100,,1566987,28,,,0
1901,'20261005',636,,1566989,28,,,0,72,,1566990,28,,,0,41,,1566991,28,,,0,70,,1566992,28,,,0,25,,1566993,28,,,0,66,,1566994,28,,,0,29,,1566995,28,,,0,100,,1566996,28,,,0,101,,1566997,28,,,0,100,,1566998,28,,,0,100,,1566999,28,,,0,99,,1567000,28,,,0,103,,1567001,28,,,0,72,,1566988,28,,,0,33,,1567002,28,,,0,72,,1567003,28,,,0,28,,1567004,28,,,0,65,,1567005,28,,,0,28,,1567006,28,,,0,97,,1567007,28,,,0,99,,1567008,28,,,0,99,,1567009,28,,,0,100,,1567010,28,,,0,99,,1567011,28,,,0,100,,1567012,28,,,0
1901,'20261006',636,,1513736,28,,,0,72,,1513737,28,,,0,41,,1513738,28,,,0,70,,1513739,28,,,0,25,,1513740,28,,,0,66,,1513741,28,,,0,29,,1513742,28,,,0,100,,1513743,28,,,0,101,,1513744,28,,,0,100,,1513745,28,,,0,100,,1513746,28,,,0,99,,1513747,28,,,0,103,,1513748,28,,,0,72,,1513749,28,,,0,33,,1513750,28,,,0,72,,1513751,28,,,0,28,,1513752,28,,,0,65,,1513753,28,,,0,28,,1513754,28,,,0,97,,1513755,28,,,0,99,,1513756,28,,,0,99,,1513757,28,,,0,100,,1513758,28,,,0,99,,1513759,28,,,0,100,,1513760,28,,,0
1901,'20261007',636,,1513761,28,,,0,72,,1513762,28,,,0,41,,1513763,28,,,0,70,,1513764,28,,,0,25,,1513765,28,,,0,66,,1513766,28,,,0,29,,1513767,28,,,0,100,,1513768,28,,,0,101,,1513769,28,,,0,100,,1513770,28,,,0,100,,1513771,28,,,0,99,,1513772,28,,,0,103,,1513773,28,,,0,72,,1513774,28,,,0,33,,1513775,28,,,0,72,,1513776,28,,,0,28,,1513777,28,,,0,65,,1513778,28,,,0,28,,1513779,28,,,0,97,,1513780,28,,,0,99,,1513781,28,,,0,99,,1513782,28,,,0,100,,1513783,28,,,0,99,,1513784,28,,,0,100,,1513785,28,,,0
1901,'20261008',636,,1513786,28,,,0,72,,1513787,28,,,0,41,,1513788,28,,,0,70,,1513789,28,,,0,25,,1513790,28,,,0,66,,1513791,28,,,0,29,,1513792,28,,,0,100,,1513793,28,,,0,101,,1513794,28,,,0,100,,1513795,28,,,0,100,,1513796,28,,,0,99,,1513797,28,,,0,103,,1513798,28,,,0,72,,1513799,28,,,0,33,,1513800,28,,,0,72,,1513801,28,,,0,28,,1513802,28,,,0,65,,1513803,28,,,0,28,,1513804,28,,,0,97,,1513805,28,,,0,99,,1513806,28,,,0,99,,1513807,28,,,0,100,,1513808,28,,,0,99,,1513809,28,,,0,100,,1513810,28,,,0
1901,'20261009',636,,1513811,28,,,0,72,,1513812,28,,,0,41,,1513813,28,,,0,70,,1513814,28,,,0,25,,1513815,28,,,0,66,,1513816,28,,,0,29,,1513817,28,,,0,100,,1513818,28,,,0,101,,1513819,28,,,0,100,,1513820,28,,,0,100,,1513821,28,,,0,99,,1513822,28,,,0,103,,1513823,28,,,0,72,,1513824,28,,,0,33,,1513825,28,,,0,72,,1513826,28,,,0,28,,1513827,28,,,0,65,,1513828,28,,,0,28,,1513829,28,,,0,97,,1513830,28,,,0,99,,1513831,28,,,0,99,,1513832,28,,,0,100,,1513833,28,,,0,99,,1513834,28,,,0,100,,1513835,28,,,0
1901,'20261010',628,,1543827,28,,,0,100,,1543828,28,,,0,100,,1543829,28,,,0,102,,1543830,28,,,0,100,,1543831,28,,,0,102,,1543832,28,,,0,100,,1543833,28,,,0,102,,1543834,28,,,0,101,,1543835,28,,,0,100,,1543836,28,,,0,99,,1543837,28,,,0,99,,1543838,28,,,0,99,,1543839,28,,,0,98,,1543840,28,,,0,99,,1543841,28,,,0,100,,1543842,28,,,0,100,,1543843,28,,,0,99,,1543844,28,,,0,100,,1543845,28,,,0
1901,'20261011',628,,1543846,28,,,0,100,,1543847,28,,,0,100,,1543848,28,,,0,102,,1543849,28,,,0,100,,1543850,28,,,0,102,,1543851,28,,,0,100,,1543852,28,,,0,102,,1543853,28,,,0,101,,1543854,28,,,0,100,,1543855,28,,,0,99,,1543856,28,,,0,99,,1543857,28,,,0,99,,1543858,28,,,0,98,,1543859,28,,,0,99,,1543860,28,,,0,100,,1543861,28,,,0,100,,1543862,28,,,0,99,,1543863,28,,,0,100,,1543864,28,,,0
1901,'20261012',628,,1543865,28,,,0,100,,1543866,28,,,0,100,,1543867,28,,,0,102,,1543868,28,,,0,100,,1543869,28,,,0,102,,1543870,28,,,0,100,,1543871,28,,,0,102,,1543872,28,,,0,101,,1543873,28,,,0,100,,1543874,28,,,0,99,,1543875,28,,,0,99,,1543876,28,,,0,99,,1543877,28,,,0,98,,1543878,28,,,0,99,,1543879,28,,,0,100,,1543880,28,,,0,100,,1543881,28,,,0,99,,1543882,28,,,0,100,,1543883,28,,,0
1901,'20261013',636,,1567013,28,,,0,72,,1567014,28,,,0,41,,1567015,28,,,0,70,,1567016,28,,,0,25,,1567017,28,,,0,66,,1567018,28,,,0,29,,1567019,28,,,0,100,,1567020,28,,,0,101,,1567021,28,,,0,100,,1567022,28,,,0,100,,1567023,28,,,0,99,,1567024,28,,,0,103,,1567025,28,,,0,72,,1567026,28,,,0,33,,1567027,28,,,0,72,,1567028,28,,,0,28,,1567029,28,,,0,65,,1567030,28,,,0,28,,1567031,28,,,0,97,,1567032,28,,,0,99,,1567033,28,,,0,99,,1567034,28,,,0,100,,1567035,28,,,0,99,,1567036,28,,,0,100,,1567037,28,,,0
1901,'20261014',636,,1567038,28,,,0,72,,1567039,28,,,0,41,,1567040,28,,,0,70,,1567041,28,,,0,25,,1567042,28,,,0,66,,1567043,28,,,0,29,,1567044,28,,,0,100,,1567045,28,,,0,101,,1567046,28,,,0,100,,1567047,28,,,0,100,,1567048,28,,,0,99,,1567049,28,,,0,103,,1567050,28,,,0,72,,1567051,28,,,0,33,,1567052,28,,,0,72,,1567053,28,,,0,28,,1567054,28,,,0,65,,1567055,28,,,0,28,,1567056,28,,,0,97,,1567057,28,,,0,99,,1567058,28,,,0,99,,1567059,28,,,0,100,,1567060,28,,,0,99,,1567061,28,,,0,100,,1567062,28,,,0
1901,'20261015',636,,1567063,28,,,0,72,,1567064,28,,,0,41,,1567065,28,,,0,70,,1567066,28,,,0,25,,1567067,28,,,0,66,,1567068,28,,,0,29,,1567069,28,,,0,100,,1567070,28,,,0,101,,1567071,28,,,0,100,,1567072,28,,,0,100,,1567073,28,,,0,99,,1567074,28,,,0,103,,1567075,28,,,0,72,,1567076,28,,,0,33,,1567077,28,,,0,72,,1567078,28,,,0,28,,1567079,28,,,0,65,,1567080,28,,,0,28,,1567081,28,,,0,97,,1567082,28,,,0,99,,1567083,28,,,0,99,,1567084,28,,,0,100,,1567085,28,,,0,99,,1567086,28,,,0,100,,1567087,28,,,0
1901,'20261016',636,,1567088,28,,,0,72,,1567089,28,,,0,41,,1567090,28,,,0,70,,1567091,28,,,0,25,,1567092,28,,,0,66,,1567093,28,,,0,29,,1567094,28,,,0,100,,1567095,28,,,0,101,,1567096,28,,,0,100,,1567097,28,,,0,100,,1567098,28,,,0,99,,1567099,28,,,0,103,,1567100,28,,,0,72,,1567101,28,,,0,33,,1567102,28,,,0,72,,1567103,28,,,0,28,,1567104,28,,,0,65,,1567105,28,,,0,28,,1567106,28,,,0,97,,1567107,28,,,0,99,,1567108,28,,,0,99,,1567109,28,,,0,100,,1567110,28,,,0,99,,1567111,28,,,0,100,,1567112,28,,,0
28302,'20261002',703,,1580915,50,4,,0,29,,1580916,50,4,,0,75,,1580917,50,4,,0
28302,'20261005',703,,1580918,50,4,,0,29,,1580919,50,4,,0,75,,1580920,50,4,,0
28302,'20261006',703,,1527647,50,4,,0,29,,1527645,50,4,,0,75,,1527646,50,4,,0
28302,'20261007',703,,1527650,50,4,,0,29,,1527648,50,4,,0,75,,1527649,50,4,,0
28302,'20261008',703,,1527653,50,4,,0,29,,1527651,50,4,,0,75,,1527652,50,4,,0
28302,'20261009',703,,1527656,50,4,,0,29,,1527654,50,4,,0,75,,1527655,50,4,,0
28302,'20261013',703,,1580923,50,4,,0,29,,1580921,50,4,,0,75,,1580922,50,4,,0
28302,'20261014',703,,1580926,50,4,,0,29,,1580924,50,4,,0,75,,1580925,50,4,,0
28302,'20261015',703,,1580929,50,4,,0,29,,1580927,50,4,,0,75,,1580928,50,4,,0
28302,'20261016',703,,1580932,50,4,,0,29,,1580930,50,4,,0,75,,1580931,50,4,,0
29102,'20261002',642,,1581131,57,4,,0,69,,1581132,57,4,,0,26,,1581133,57,4,,0,73,,1581134,57,4,,0
29102,'20261005',642,,1581135,57,4,,0,69,,1581136,57,4,,0,26,,1581137,57,4,,0,73,,1581138,57,4,,0
29102,'20261006',642,,1527863,57,4,,0,69,,1527866,57,4,,0,26,,1527864,57,4,,0,73,,1527865,57,4,,0
29102,'20261007',642,,1527867,57,4,,0,69,,1527870,57,4,,0,26,,1527868,57,4,,0,73,,1527869,57,4,,0
29102,'20261008',642,,1527871,57,4,,0,69,,1527874,57,4,,0,26,,1527872,57,4,,0,73,,1527873,57,4,,0
29102,'20261009',642,,1527875,57,4,,0,69,,1527878,57,4,,0,26,,1527876,57,4,,0,73,,1527877,57,4,,0
29102,'20261013',642,,1581139,57,4,,0,69,,1581142,57,4,,0,26,,1581140,57,4,,0,73,,1581141,57,4,,0
29102,'20261014',642,,1581143,57,4,,0,69,,1581146,57,4,,0,26,,1581144,57,4,,0,73,,1581145,57,4,,0
29102,'20261015',642,,1581147,57,4,,0,69,,1581150,57,4,,0,26,,1581148,57,4,,0,73,,1581149,57,4,,0
29102,'20261016',642,,1581151,57,4,,0,69,,1581154,57,4,,0,26,,1581152,57,4,,0,73,,1581153,57,4,,0
29202,'20261002',712,,1581179,33,4,,0,22,,1581180,33,4,,0,75,,1581181,33,4,,0
29202,'20261005',712,,1581182,33,4,,0,22,,1581183,33,4,,0,75,,1581184,33,4,,0
29202,'20261006',712,,1527911,33,4,,0,22,,1527910,33,4,,0,75,,1527909,33,4,,0
29202,'20261007',712,,1527914,33,4,,0,22,,1527913,33,4,,0,75,,1527912,33,4,,0
29202,'20261008',712,,1527917,33,4,,0,22,,1527916,33,4,,0,75,,1527915,33,4,,0
29202,'20261009',712,,1527920,33,4,,0,22,,1527919,33,4,,0,75,,1527918,33,4,,0
29202,'20261013',712,,1581187,33,4,,0,22,,1581186,33,4,,0,75,,1581185,33,4,,0
29202,'20261014',712,,1581190,33,4,,0,22,,1581189,33,4,,0,75,,1581188,33,4,,0
29202,'20261015',712,,1581193,33,4,,0,22,,1581192,33,4,,0,75,,1581191,33,4,,0
29202,'20261016',712,,1581196,33,4,,0,22,,1581195,33,4,,0,75,,1581194,33,4,,0
29402,'20261002',643,,1581215,47,4,,0,95,,1581216,47,4,,0,72,,1581217,47,4,,0
29402,'20261005',643,,1581218,47,4,,0,95,,1581219,47,4,,0,72,,1581220,47,4,,0
29402,'20261006',643,,1527945,47,4,,0,95,,1527946,47,4,,0,72,,1527947,47,4,,0
29402,'20261007',643,,1527948,47,4,,0,95,,1527949,47,4,,0,72,,1527950,47,4,,0
29402,'20261008',643,,1527951,47,4,,0,95,,1527952,47,4,,0,72,,1527953,47,4,,0
29402,'20261009',643,,1527954,47,4,,0,95,,1527955,47,4,,0,72,,1527956,47,4,,0
29402,'20261013',643,,1581221,47,4,,0,95,,1581222,47,4,,0,72,,1581223,47,4,,0
29402,'20261014',643,,1581224,47,4,,0,95,,1581225,47,4,,0,72,,1581226,47,4,,0
29402,'20261015',643,,1581227,47,4,,0,95,,1581228,47,4,,0,72,,1581229,47,4,,0
29402,'20261016',643,,1581230,47,4,,0,95,,1581231,47,4,,0,72,,1581232,47,4,,0
80702,'20261002',542,,1592023,31,,,1,15,,1592024,31,,,1,54,,1592025,31,,,1,16,,1592026,31,,,1,18,,1592027,31,,,1,57,,1592028,31,,,1,16,,1592029,31,,,1,6,,1592030,31,,,1,9,,1592031,31,,,1,8,,1592032,31,,,1,12,,1592033,31,,,1,4,,1592034,31,,,1,49,,1592035,31,,,1,3,,1592036,31,,,1,9,,1592037,31,,,1,8,,1592038,31,,,1,4,,1592039,31,,,1,5,,1592040,31,,,1,10,,1592041,31,,,1,6,,1592042,31,,,1,51,,1592043,31,,,1,9,,1592044,31,,,1,11,,1592045,31,,,1,10,,1592046,31,,,1,13,,1592047,31,,,1,14,,1592048,31,,,1,54,,1592049,31,,,1,15,,1592050,31,,,1,15,,1592051,31,,,1,15,,1592052,31,,,1,55,,1592053,31,,,1,14,,1592054,31,,,1,14,,1592055,31,,,1,15,,1592056,31,,,1,54,,1592057,31,,,1,15,,1592058,31,,,1,16,,1592059,31,,,1,12,,1592060,31,,,1,53,,1592061,31,,,1,12,,1592062,31,,,1,12,,1592063,31,,,1,12,,1592064,31,,,1,12,,1592065,31,,,1,52,,1592066,31,,,1,12,,1592067,31,,,1,16,,1592068,31,,,1,7,,1592069,31,,,1,11,,1592070,31,,,1,54,,1592071,31,,,1,15,,1592072,31,,,1,10,,1592073,31,,,1,12,,1592074,31,,,1,10,,1592075,31,,,1,51,,1592076,31,,,1,12,,1592077,31,,,1,9,,1592078,31,,,1,11,,1592079,31,,,1,10,,1592080,31,,,1,11,,1592081,31,,,1,50,,1592082,31,,,1,10,,1592083,31,,,1,10,,1592084,31,,,1,9,,1592085,31,,,1,12,,1592086,31,,,1,9,,1592087,31,,,1,52,,1592088,31,,,1,12,,1592089,31,,,1,12,,1592090,31,,,1,12,,1592091,31,,,1,14,,1592092,31,,,1,55,,1592093,31,,,1,13,,1592094,31,,,1,16,,1592095,31,,,1,14,,1592096,31,,,1,55,,1592097,31,,,1,15,,1592098,31,,,1,15,,1592099,31,,,1,15,,1592100,31,,,1,55,,1592101,31,,,1,15,,1592102,31,,,1,14,,1592103,31,,,1,15,,1592104,31,,,1,55,,1592105,31,,,1,15,,1592106,31,,,1,14,,1592107,31,,,1,15,,1592108,31,,,1,54,,1592109,31,,,1,15,,1592110,31,,,1,15,,1592111,31,,,1,14,,1592112,31,,,1,56,,1592113,31,,,1,16,,1592114,31,,,1,14,,1592115,31,,,1,14,,1592116,31,,,1,54,,1592117,31,,,1,15,,1592118,31,,,1
80702,'20261003',602,,1592119,31,,,1,15,,1592120,31,,,1,15,,1592121,31,,,1,15,,1592122,31,,,1,55,,1592123,31,,,1,15,,1592124,31,,,1,15,,1592125,31,,,1,15,,1592126,31,,,1,55,,1592127,31,,,1,15,,1592128,31,,,1,14,,1592129,31,,,1,14,,1592130,31,,,1,56,,1592131,31,,,1,15,,1592132,31,,,1,15,,1592133,31,,,1,15,,1592134,31,,,1,55,,1592135,31,,,1,16,,1592136,31,,,1,15,,1592137,31,,,1,16,,1592138,31,,,1,56,,1592139,31,,,1,15,,1592140,31,,,1,15,,1592141,31,,,1,15,,1592142,31,,,1,55,,1592143,31,,,1,15,,1592144,31,,,1,16,,1592145,31,,,1,15,,1592146,31,,,1,54,,1592147,31,,,1,15,,1592148,31,,,1,15,,1592149,31,,,1,15,,1592150,31,,,1,55,,1592151,31,,,1,15,,1592152,31,,,1,15,,1592153,31,,,1,15,,1592154,31,,,1,55,,1592155,31,,,1,15,,1592156,31,,,1,15,,1592157,31,,,1,15,,1592158,31,,,1,55,,1592159,31,,,1,15,,1592160,31,,,1,15,,1592161,31,,,1,15,,1592162,31,,,1,55,,1592163,31,,,1,16,,1592164,31,,,1,14,,1592165,31,,,1,15,,1592166,31,,,1,55,,1592167,31,,,1,15,,1592168,31,,,1,14,,1592169,31,,,1,15,,1592170,31,,,1,55,,1592171,31,,,1,14,,1592172,31,,,1,15,,1592173,31,,,1,14,,1592174,31,,,1,55,,1592175,31,,,1,15,,1592176,31,,,1,14,,1592177,31,,,1,16,,1592178,31,,,1,55,,1592179,31,,,1,15,,1592180,31,,,1,15,,1592181,31,,,1,15,,1592182,31,,,1,55,,1592183,31,,,1,15,,1592184,31,,,1,15,,1592185,31,,,1,15,,1592186,31,,,1,55,,1592187,31,,,1,15,,1592188,31,,,1,15,,1592189,31,,,1,16,,1592190,31,,,1,55,,1592191,31,,,1,14,,1592192,31,,,1,15,,1592193,31,,,1,15,,1592194,31,,,1,55,,1592195,31,,,1,15,,1592196,31,,,1
80702,'20261004',602,,1592197,31,,,1,15,,1592198,31,,,1,15,,1592199,31,,,1,15,,1592200,31,,,1,55,,1592201,31,,,1,15,,1592202,31,,,1,15,,1592203,31,,,1,15,,1592204,31,,,1,55,,1592205,31,,,1,15,,1592206,31,,,1,14,,1592207,31,,,1,14,,1592208,31,,,1,56,,1592209,31,,,1,15,,1592210,31,,,1,15,,1592211,31,,,1,15,,1592212,31,,,1,55,,1592213,31,,,1,16,,1592214,31,,,1,15,,1592215,31,,,1,16,,1592216,31,,,1,56,,1592217,31,,,1,15,,1592218,31,,,1,15,,1592219,31,,,1,15,,1592220,31,,,1,55,,1592221,31,,,1,15,,1592222,31,,,1,16,,1592223,31,,,1,15,,1592224,31,,,1,54,,1592225,31,,,1,15,,1592226,31,,,1,15,,1592227,31,,,1,15,,1592228,31,,,1,55,,1592229,31,,,1,15,,1592230,31,,,1,15,,1592231,31,,,1,15,,1592232,31,,,1,55,,1592233,31,,,1,15,,1592234,31,,,1,15,,1592235,31,,,1,15,,1592236,31,,,1,55,,1592237,31,,,1,15,,1592238,31,,,1,15,,1592239,31,,,1,15,,1592240,31,,,1,55,,1592241,31,,,1,16,,1592242,31,,,1,14,,1592243,31,,,1,15,,1592244,31,,,1,55,,1592245,31,,,1,15,,1592246,31,,,1,14,,1592247,31,,,1,15,,1592248,31,,,1,55,,1592249,31,,,1,14,,1592250,31,,,1,15,,1592251,31,,,1,14,,1592252,31,,,1,55,,1592253,31,,,1,15,,1592254,31,,,1,14,,1592255,31,,,1,16,,1592256,31,,,1,55,,1592257,31,,,1,15,,1592258,31,,,1,15,,1592259,31,,,1,15,,1592260,31,,,1,55,,1592261,31,,,1,15,,1592262,31,,,1,15,,1592263,31,,,1,15,,1592264,31,,,1,55,,1592265,31,,,1,15,,1592266,31,,,1,15,,1592267,31,,,1,16,,1592268,31,,,1,55,,1592269,31,,,1,14,,1592270,31,,,1,15,,1592271,31,,,1,15,,1592272,31,,,1,55,,1592273,31,,,1,15,,1592274,31,,,1
80702,'20261005',542,,1592275,31,,,1,15,,1592276,31,,,1,54,,1592277,31,,,1,16,,1592278,31,,,1,18,,1592279,31,,,1,57,,1592280,31,,,1,16,,1592281,31,,,1,6,,1592282,31,,,1,9,,1592283,31,,,1,8,,1592284,31,,,1,12,,1592285,31,,,1,4,,1592286,31,,,1,49,,1592287,31,,,1,3,,1592288,31,,,1,9,,1592289,31,,,1,8,,1592290,31,,,1,4,,1592291,31,,,1,5,,1592292,31,,,1,10,,1592293,31,,,1,6,,1592294,31,,,1,51,,1592295,31,,,1,9,,1592296,31,,,1,11,,1592297,31,,,1,10,,1592298,31,,,1,13,,1592299,31,,,1,14,,1592300,31,,,1,54,,1592301,31,,,1,15,,1592302,31,,,1,15,,1592303,31,,,1,15,,1592304,31,,,1,55,,1592305,31,,,1,14,,1592306,31,,,1,14,,1592307,31,,,1,15,,1592308,31,,,1,54,,1592309,31,,,1,15,,1592310,31,,,1,16,,1592311,31,,,1,12,,1592312,31,,,1,53,,1592313,31,,,1,12,,1592314,31,,,1,12,,1592315,31,,,1,12,,1592316,31,,,1,12,,1592317,31,,,1,52,,1592318,31,,,1,12,,1592319,31,,,1,16,,1592320,31,,,1,7,,1592321,31,,,1,11,,1592322,31,,,1,54,,1592323,31,,,1,15,,1592324,31,,,1,10,,1592325,31,,,1,12,,1592326,31,,,1,10,,1592327,31,,,1,51,,1592328,31,,,1,12,,1592329,31,,,1,9,,1592330,31,,,1,11,,1592331,31,,,1,10,,1592332,31,,,1,11,,1592333,31,,,1,50,,1592334,31,,,1,10,,1592335,31,,,1,10,,1592336,31,,,1,9,,1592337,31,,,1,12,,1592338,31,,,1,9,,1592339,31,,,1,52,,1592340,31,,,1,12,,1592341,31,,,1,12,,1592342,31,,,1,12,,1592343,31,,,1,14,,1592344,31,,,1,55,,1592345,31,,,1,13,,1592346,31,,,1,16,,1592347,31,,,1,14,,1592348,31,,,1,55,,1592349,31,,,1,15,,1592350,31,,,1,15,,1592351,31,,,1,15,,1592352,31,,,1,55,,1592353,31,,,1,15,,1592354,31,,,1,14,,1592355,31,,,1,15,,1592356,31,,,1,55,,1592357,31,,,1,15,,1592358,31,,,1,14,,1592359,31,,,1,15,,1592360,31,,,1,54,,1592361,31,,,1,15,,1592362,31,,,1,15,,1592363,31,,,1,14,,1592364,31,,,1,56,,1592365,31,,,1,16,,1592366,31,,,1,14,,1592367,31,,,1,14,,1592368,31,,,1,54,,1592369,31,,,1,15,,1592370,31,,,1
80702,'20261006',542,,1539176,31,,,1,15,,1539136,31,,,1,54,,1539137,31,,,1,16,,1539138,31,,,1,18,,1539139,31,,,1,57,,1539140,31,,,1,16,,1539141,31,,,1,6,,1539085,31,,,1,9,,1539167,31,,,1,8,,1539168,31,,,1,12,,1539174,31,,,1,4,,1539177,31,,,1,49,,1539169,31,,,1,3,,1539178,31,,,1,9,,1539170,31,,,1,8,,1539171,31,,,1,4,,1539179,31,,,1,5,,1539172,31,,,1,10,,1539173,31,,,1,6,,1539166,31,,,1,51,,1539086,31,,,1,9,,1539087,31,,,1,11,,1539088,31,,,1,10,,1539089,31,,,1,13,,1539090,31,,,1,14,,1539091,31,,,1,54,,1539092,31,,,1,15,,1539093,31,,,1,15,,1539094,31,,,1,15,,1539095,31,,,1,55,,1539096,31,,,1,14,,1539097,31,,,1,14,,1539098,31,,,1,15,,1539099,31,,,1,54,,1539100,31,,,1,15,,1539101,31,,,1,16,,1539102,31,,,1,12,,1539103,31,,,1,53,,1539104,31,,,1,12,,1539105,31,,,1,12,,1539106,31,,,1,12,,1539107,31,,,1,12,,1539108,31,,,1,52,,1539109,31,,,1,12,,1539110,31,,,1,16,,1539111,31,,,1,7,,1539112,31,,,1,11,,1539113,31,,,1,54,,1539114,31,,,1,15,,1539115,31,,,1,10,,1539116,31,,,1,12,,1539117,31,,,1,10,,1539118,31,,,1,51,,1539119,31,,,1,12,,1539120,31,,,1,9,,1539121,31,,,1,11,,1539122,31,,,1,10,,1539123,31,,,1,11,,1539124,31,,,1,50,,1539125,31,,,1,10,,1539126,31,,,1,10,,1539127,31,,,1,9,,1539128,31,,,1,12,,1539129,31,,,1,9,,1539130,31,,,1,52,,1539131,31,,,1,12,,1539132,31,,,1,12,,1539133,31,,,1,12,,1539134,31,,,1,14,,1539135,31,,,1,55,,1539142,31,,,1,13,,1539143,31,,,1,16,,1539144,31,,,1,14,,1539145,31,,,1,55,,1539146,31,,,1,15,,1539147,31,,,1,15,,1539148,31,,,1,15,,1539149,31,,,1,55,,1539150,31,,,1,15,,1539151,31,,,1,14,,1539152,31,,,1,15,,1539153,31,,,1,55,,1539154,31,,,1,15,,1539155,31,,,1,14,,1539156,31,,,1,15,,1539157,31,,,1,54,,1539158,31,,,1,15,,1539159,31,,,1,15,,1539160,31,,,1,14,,1539161,31,,,1,56,,1539162,31,,,1,16,,1539163,31,,,1,14,,1539164,31,,,1,14,,1539165,31,,,1,54,,1539084,31,,,1,15,,1539175,31,,,1
80702,'20261007',542,,1539272,31,,,1,15,,1539232,31,,,1,54,,1539233,31,,,1,16,,1539234,31,,,1,18,,1539235,31,,,1,57,,1539236,31,,,1,16,,1539237,31,,,1,6,,1539181,31,,,1,9,,1539263,31,,,1,8,,1539264,31,,,1,12,,1539270,31,,,1,4,,1539273,31,,,1,49,,1539265,31,,,1,3,,1539274,31,,,1,9,,1539266,31,,,1,8,,1539267,31,,,1,4,,1539275,31,,,1,5,,1539268,31,,,1,10,,1539269,31,,,1,6,,1539262,31,,,1,51,,1539182,31,,,1,9,,1539183,31,,,1,11,,1539184,31,,,1,10,,1539185,31,,,1,13,,1539186,31,,,1,14,,1539187,31,,,1,54,,1539188,31,,,1,15,,1539189,31,,,1,15,,1539190,31,,,1,15,,1539191,31,,,1,55,,1539192,31,,,1,14,,1539193,31,,,1,14,,1539194,31,,,1,15,,1539195,31,,,1,54,,1539196,31,,,1,15,,1539197,31,,,1,16,,1539198,31,,,1,12,,1539199,31,,,1,53,,1539200,31,,,1,12,,1539201,31,,,1,12,,1539202,31,,,1,12,,1539203,31,,,1,12,,1539204,31,,,1,52,,1539205,31,,,1,12,,1539206,31,,,1,16,,1539207,31,,,1,7,,1539208,31,,,1,11,,1539209,31,,,1,54,,1539210,31,,,1,15,,1539211,31,,,1,10,,1539212,31,,,1,12,,1539213,31,,,1,10,,1539214,31,,,1,51,,1539215,31,,,1,12,,1539216,31,,,1,9,,1539217,31,,,1,11,,1539218,31,,,1,10,,1539219,31,,,1,11,,1539220,31,,,1,50,,1539221,31,,,1,10,,1539222,31,,,1,10,,1539223,31,,,1,9,,1539224,31,,,1,12,,1539225,31,,,1,9,,1539226,31,,,1,52,,1539227,31,,,1,12,,1539228,31,,,1,12,,1539229,31,,,1,12,,1539230,31,,,1,14,,1539231,31,,,1,55,,1539238,31,,,1,13,,1539239,31,,,1,16,,1539240,31,,,1,14,,1539241,31,,,1,55,,1539242,31,,,1,15,,1539243,31,,,1,15,,1539244,31,,,1,15,,1539245,31,,,1,55,,1539246,31,,,1,15,,1539247,31,,,1,14,,1539248,31,,,1,15,,1539249,31,,,1,55,,1539250,31,,,1,15,,1539251,31,,,1,14,,1539252,31,,,1,15,,1539253,31,,,1,54,,1539254,31,,,1,15,,1539255,31,,,1,15,,1539256,31,,,1,14,,1539257,31,,,1,56,,1539258,31,,,1,16,,1539259,31,,,1,14,,1539260,31,,,1,14,,1539261,31,,,1,54,,1539180,31,,,1,15,,1539271,31,,,1
80702,'20261008',542,,1539368,31,,,1,15,,1539328,31,,,1,54,,1539329,31,,,1,16,,1539330,31,,,1,18,,1539331,31,,,1,57,,1539332,31,,,1,16,,1539333,31,,,1,6,,1539277,31,,,1,9,,1539359,31,,,1,8,,1539360,31,,,1,12,,1539366,31,,,1,4,,1539369,31,,,1,49,,1539361,31,,,1,3,,1539370,31,,,1,9,,1539362,31,,,1,8,,1539363,31,,,1,4,,1539371,31,,,1,5,,1539364,31,,,1,10,,1539365,31,,,1,6,,1539358,31,,,1,51,,1539278,31,,,1,9,,1539279,31,,,1,11,,1539280,31,,,1,10,,1539281,31,,,1,13,,1539282,31,,,1,14,,1539283,31,,,1,54,,1539284,31,,,1,15,,1539285,31,,,1,15,,1539286,31,,,1,15,,1539287,31,,,1,55,,1539288,31,,,1,14,,1539289,31,,,1,14,,1539290,31,,,1,15,,1539291,31,,,1,54,,1539292,31,,,1,15,,1539293,31,,,1,16,,1539294,31,,,1,12,,1539295,31,,,1,53,,1539296,31,,,1,12,,1539297,31,,,1,12,,1539298,31,,,1,12,,1539299,31,,,1,12,,1539300,31,,,1,52,,1539301,31,,,1,12,,1539302,31,,,1,16,,1539303,31,,,1,7,,1539304,31,,,1,11,,1539305,31,,,1,54,,1539306,31,,,1,15,,1539307,31,,,1,10,,1539308,31,,,1,12,,1539309,31,,,1,10,,1539310,31,,,1,51,,1539311,31,,,1,12,,1539312,31,,,1,9,,1539313,31,,,1,11,,1539314,31,,,1,10,,1539315,31,,,1,11,,1539316,31,,,1,50,,1539317,31,,,1,10,,1539318,31,,,1,10,,1539319,31,,,1,9,,1539320,31,,,1,12,,1539321,31,,,1,9,,1539322,31,,,1,52,,1539323,31,,,1,12,,1539324,31,,,1,12,,1539325,31,,,1,12,,1539326,31,,,1,14,,1539327,31,,,1,55,,1539334,31,,,1,13,,1539335,31,,,1,16,,1539336,31,,,1,14,,1539337,31,,,1,55,,1539338,31,,,1,15,,1539339,31,,,1,15,,1539340,31,,,1,15,,1539341,31,,,1,55,,1539342,31,,,1,15,,1539343,31,,,1,14,,1539344,31,,,1,15,,1539345,31,,,1,55,,1539346,31,,,1,15,,1539347,31,,,1,14,,1539348,31,,,1,15,,1539349,31,,,1,54,,1539350,31,,,1,15,,1539351,31,,,1,15,,1539352,31,,,1,14,,1539353,31,,,1,56,,1539354,31,,,1,16,,1539355,31,,,1,14,,1539356,31,,,1,14,,1539357,31,,,1,54,,1539276,31,,,1,15,,1539367,31,,,1
80702,'20261009',542,,1539464,31,,,1,15,,1539424,31,,,1,54,,1539425,31,,,1,16,,1539426,31,,,1,18,,1539427,31,,,1,57,,1539428,31,,,1,16,,1539429,31,,,1,6,,1539373,31,,,1,9,,1539455,31,,,1,8,,1539456,31,,,1,12,,1539462,31,,,1,4,,1539465,31,,,1,49,,1539457,31,,,1,3,,1539466,31,,,1,9,,1539458,31,,,1,8,,1539459,31,,,1,4,,1539467,31,,,1,5,,1539460,31,,,1,10,,1539461,31,,,1,6,,1539454,31,,,1,51,,1539374,31,,,1,9,,1539375,31,,,1,11,,1539376,31,,,1,10,,1539377,31,,,1,13,,1539378,31,,,1,14,,1539379,31,,,1,54,,1539380,31,,,1,15,,1539381,31,,,1,15,,1539382,31,,,1,15,,1539383,31,,,1,55,,1539384,31,,,1,14,,1539385,31,,,1,14,,1539386,31,,,1,15,,1539387,31,,,1,54,,1539388,31,,,1,15,,1539389,31,,,1,16,,1539390,31,,,1,12,,1539391,31,,,1,53,,1539392,31,,,1,12,,1539393,31,,,1,12,,1539394,31,,,1,12,,1539395,31,,,1,12,,1539396,31,,,1,52,,1539397,31,,,1,12,,1539398,31,,,1,16,,1539399,31,,,1,7,,1539400,31,,,1,11,,1539401,31,,,1,54,,1539402,31,,,1,15,,1539403,31,,,1,10,,1539404,31,,,1,12,,1539405,31,,,1,10,,1539406,31,,,1,51,,1539407,31,,,1,12,,1539408,31,,,1,9,,1539409,31,,,1,11,,1539410,31,,,1,10,,1539411,31,,,1,11,,1539412,31,,,1,50,,1539413,31,,,1,10,,1539414,31,,,1,10,,1539415,31,,,1,9,,1539416,31,,,1,12,,1539417,31,,,1,9,,1539418,31,,,1,52,,1539419,31,,,1,12,,1539420,31,,,1,12,,1539421,31,,,1,12,,1539422,31,,,1,14,,1539423,31,,,1,55,,1539430,31,,,1,13,,1539431,31,,,1,16,,1539432,31,,,1,14,,1539433,31,,,1,55,,1539434,31,,,1,15,,1539435,31,,,1,15,,1539436,31,,,1,15,,1539437,31,,,1,55,,1539438,31,,,1,15,,1539439,31,,,1,14,,1539440,31,,,1,15,,1539441,31,,,1,55,,1539442,31,,,1,15,,1539443,31,,,1,14,,1539444,31,,,1,15,,1539445,31,,,1,54,,1539446,31,,,1,15,,1539447,31,,,1,15,,1539448,31,,,1,14,,1539449,31,,,1,56,,1539450,31,,,1,16,,1539451,31,,,1,14,,1539452,31,,,1,14,,1539453,31,,,1,54,,1539372,31,,,1,15,,1539463,31,,,1
80702,'20261010',602,,1561098,31,,,1,15,,1561099,31,,,1,15,,1561100,31,,,1,15,,1561174,31,,,1,55,,1561101,31,,,1,15,,1561102,31,,,1,15,,1561175,31,,,1,15,,1561103,31,,,1,55,,1561104,31,,,1,15,,1561105,31,,,1,14,,1561106,31,,,1,14,,1561107,31,,,1,56,,1561108,31,,,1,15,,1561109,31,,,1,15,,1561110,31,,,1,15,,1561111,31,,,1,55,,1561112,31,,,1,16,,1561113,31,,,1,15,,1561114,31,,,1,16,,1561115,31,,,1,56,,1561116,31,,,1,15,,1561117,31,,,1,15,,1561118,31,,,1,15,,1561119,31,,,1,55,,1561120,31,,,1,15,,1561121,31,,,1,16,,1561122,31,,,1,15,,1561123,31,,,1,54,,1561124,31,,,1,15,,1561125,31,,,1,15,,1561126,31,,,1,15,,1561127,31,,,1,55,,1561128,31,,,1,15,,1561129,31,,,1,15,,1561130,31,,,1,15,,1561131,31,,,1,55,,1561132,31,,,1,15,,1561133,31,,,1,15,,1561134,31,,,1,15,,1561135,31,,,1,55,,1561136,31,,,1,15,,1561137,31,,,1,15,,1561138,31,,,1,15,,1561139,31,,,1,55,,1561140,31,,,1,16,,1561141,31,,,1,14,,1561142,31,,,1,15,,1561143,31,,,1,55,,1561144,31,,,1,15,,1561145,31,,,1,14,,1561146,31,,,1,15,,1561147,31,,,1,55,,1561148,31,,,1,14,,1561149,31,,,1,15,,1561150,31,,,1,14,,1561151,31,,,1,55,,1561152,31,,,1,15,,1561153,31,,,1,14,,1561154,31,,,1,16,,1561155,31,,,1,55,,1561156,31,,,1,15,,1561157,31,,,1,15,,1561158,31,,,1,15,,1561159,31,,,1,55,,1561160,31,,,1,15,,1561161,31,,,1,15,,1561162,31,,,1,15,,1561163,31,,,1,55,,1561164,31,,,1,15,,1561165,31,,,1,15,,1561166,31,,,1,16,,1561167,31,,,1,55,,1561168,31,,,1,14,,1561169,31,,,1,15,,1561170,31,,,1,15,,1561171,31,,,1,55,,1561172,31,,,1,15,,1561173,31,,,1
80702,'20261011',602,,1561176,31,,,1,15,,1561177,31,,,1,15,,1561178,31,,,1,15,,1561252,31,,,1,55,,1561179,31,,,1,15,,1561180,31,,,1,15,,1561253,31,,,1,15,,1561181,31,,,1,55,,1561182,31,,,1,15,,1561183,31,,,1,14,,1561184,31,,,1,14,,1561185,31,,,1,56,,1561186,31,,,1,15,,1561187,31,,,1,15,,1561188,31,,,1,15,,1561189,31,,,1,55,,1561190,31,,,1,16,,1561191,31,,,1,15,,1561192,31,,,1,16,,1561193,31,,,1,56,,1561194,31,,,1,15,,1561195,31,,,1,15,,1561196,31,,,1,15,,1561197,31,,,1,55,,1561198,31,,,1,15,,1561199,31,,,1,16,,1561200,31,,,1,15,,1561201,31,,,1,54,,1561202,31,,,1,15,,1561203,31,,,1,15,,1561204,31,,,1,15,,1561205,31,,,1,55,,1561206,31,,,1,15,,1561207,31,,,1,15,,1561208,31,,,1,15,,1561209,31,,,1,55,,1561210,31,,,1,15,,1561211,31,,,1,15,,1561212,31,,,1,15,,1561213,31,,,1,55,,1561214,31,,,1,15,,1561215,31,,,1,15,,1561216,31,,,1,15,,1561217,31,,,1,55,,1561218,31,,,1,16,,1561219,31,,,1,14,,1561220,31,,,1,15,,1561221,31,,,1,55,,1561222,31,,,1,15,,1561223,31,,,1,14,,1561224,31,,,1,15,,1561225,31,,,1,55,,1561226,31,,,1,14,,1561227,31,,,1,15,,1561228,31,,,1,14,,1561229,31,,,1,55,,1561230,31,,,1,15,,1561231,31,,,1,14,,1561232,31,,,1,16,,1561233,31,,,1,55,,1561234,31,,,1,15,,1561235,31,,,1,15,,1561237,31,,,1,15,,1561238,31,,,1,55,,1561239,31,,,1,15,,1561236,31,,,1,15,,1561240,31,,,1,15,,1561241,31,,,1,55,,1561242,31,,,1,15,,1561243,31,,,1,15,,1561244,31,,,1,16,,1561245,31,,,1,55,,1561246,31,,,1,14,,1561247,31,,,1,15,,1561248,31,,,1,15,,1561249,31,,,1,55,,1561250,31,,,1,15,,1561251,31,,,1
80702,'20261012',602,,1561254,31,,,1,15,,1561255,31,,,1,15,,1561256,31,,,1,15,,1561330,31,,,1,55,,1561257,31,,,1,15,,1561258,31,,,1,15,,1561331,31,,,1,15,,1561259,31,,,1,55,,1561260,31,,,1,15,,1561261,31,,,1,14,,1561262,31,,,1,14,,1561263,31,,,1,56,,1561264,31,,,1,15,,1561265,31,,,1,15,,1561266,31,,,1,15,,1561267,31,,,1,55,,1561268,31,,,1,16,,1561269,31,,,1,15,,1561270,31,,,1,16,,1561271,31,,,1,56,,1561272,31,,,1,15,,1561273,31,,,1,15,,1561274,31,,,1,15,,1561275,31,,,1,55,,1561276,31,,,1,15,,1561277,31,,,1,16,,1561278,31,,,1,15,,1561279,31,,,1,54,,1561280,31,,,1,15,,1561281,31,,,1,15,,1561282,31,,,1,15,,1561283,31,,,1,55,,1561284,31,,,1,15,,1561285,31,,,1,15,,1561286,31,,,1,15,,1561287,31,,,1,55,,1561288,31,,,1,15,,1561289,31,,,1,15,,1561290,31,,,1,15,,1561291,31,,,1,55,,1561292,31,,,1,15,,1561293,31,,,1,15,,1561294,31,,,1,15,,1561295,31,,,1,55,,1561296,31,,,1,16,,1561297,31,,,1,14,,1561298,31,,,1,15,,1561299,31,,,1,55,,1561300,31,,,1,15,,1561301,31,,,1,14,,1561302,31,,,1,15,,1561303,31,,,1,55,,1561304,31,,,1,14,,1561305,31,,,1,15,,1561306,31,,,1,14,,1561307,31,,,1,55,,1561308,31,,,1,15,,1561309,31,,,1,14,,1561310,31,,,1,16,,1561311,31,,,1,55,,1561312,31,,,1,15,,1561313,31,,,1,15,,1561315,31,,,1,15,,1561316,31,,,1,55,,1561317,31,,,1,15,,1561314,31,,,1,15,,1561318,31,,,1,15,,1561319,31,,,1,55,,1561320,31,,,1,15,,1561321,31,,,1,15,,1561322,31,,,1,16,,1561323,31,,,1,55,,1561324,31,,,1,14,,1561325,31,,,1,15,,1561326,31,,,1,15,,1561327,31,,,1,55,,1561328,31,,,1,15,,1561329,31,,,1
80702,'20261013',542,,1592463,31,,,1,15,,1592423,31,,,1,54,,1592424,31,,,1,16,,1592425,31,,,1,18,,1592426,31,,,1,57,,1592427,31,,,1,16,,1592428,31,,,1,6,,1592372,31,,,1,9,,1592454,31,,,1,8,,1592455,31,,,1,12,,1592461,31,,,1,4,,1592464,31,,,1,49,,1592456,31,,,1,3,,1592465,31,,,1,9,,1592457,31,,,1,8,,1592458,31,,,1,4,,1592466,31,,,1,5,,1592459,31,,,1,10,,1592460,31,,,1,6,,1592453,31,,,1,51,,1592373,31,,,1,9,,1592374,31,,,1,11,,1592375,31,,,1,10,,1592376,31,,,1,13,,1592377,31,,,1,14,,1592378,31,,,1,54,,1592379,31,,,1,15,,1592380,31,,,1,15,,1592381,31,,,1,15,,1592382,31,,,1,55,,1592383,31,,,1,14,,1592384,31,,,1,14,,1592385,31,,,1,15,,1592386,31,,,1,54,,1592387,31,,,1,15,,1592388,31,,,1,16,,1592389,31,,,1,12,,1592390,31,,,1,53,,1592391,31,,,1,12,,1592392,31,,,1,12,,1592393,31,,,1,12,,1592394,31,,,1,12,,1592395,31,,,1,52,,1592396,31,,,1,12,,1592397,31,,,1,16,,1592398,31,,,1,7,,1592399,31,,,1,11,,1592400,31,,,1,54,,1592401,31,,,1,15,,1592402,31,,,1,10,,1592403,31,,,1,12,,1592404,31,,,1,10,,1592405,31,,,1,51,,1592406,31,,,1,12,,1592407,31,,,1,9,,1592408,31,,,1,11,,1592409,31,,,1,10,,1592410,31,,,1,11,,1592411,31,,,1,50,,1592412,31,,,1,10,,1592413,31,,,1,10,,1592414,31,,,1,9,,1592415,31,,,1,12,,1592416,31,,,1,9,,1592417,31,,,1,52,,1592418,31,,,1,12,,1592419,31,,,1,12,,1592420,31,,,1,12,,1592421,31,,,1,14,,1592422,31,,,1,55,,1592429,31,,,1,13,,1592430,31,,,1,16,,1592431,31,,,1,14,,1592432,31,,,1,55,,1592433,31,,,1,15,,1592434,31,,,1,15,,1592435,31,,,1,15,,1592436,31,,,1,55,,1592437,31,,,1,15,,1592438,31,,,1,14,,1592439,31,,,1,15,,1592440,31,,,1,55,,1592441,31,,,1,15,,1592442,31,,,1,14,,1592443,31,,,1,15,,1592444,31,,,1,54,,1592445,31,,,1,15,,1592446,31,,,1,15,,1592447,31,,,1,14,,1592448,31,,,1,56,,1592449,31,,,1,16,,1592450,31,,,1,14,,1592451,31,,,1,14,,1592452,31,,,1,54,,1592371,31,,,1,15,,1592462,31,,,1
80702,'20261014',542,,1592559,31,,,1,15,,1592519,31,,,1,54,,1592520,31,,,1,16,,1592521,31,,,1,18,,1592522,31,,,1,57,,1592523,31,,,1,16,,1592524,31,,,1,6,,1592468,31,,,1,9,,1592550,31,,,1,8,,1592551,31,,,1,12,,1592557,31,,,1,4,,1592560,31,,,1,49,,1592552,31,,,1,3,,1592561,31,,,1,9,,1592553,31,,,1,8,,1592554,31,,,1,4,,1592562,31,,,1,5,,1592555,31,,,1,10,,1592556,31,,,1,6,,1592549,31,,,1,51,,1592469,31,,,1,9,,1592470,31,,,1,11,,1592471,31,,,1,10,,1592472,31,,,1,13,,1592473,31,,,1,14,,1592474,31,,,1,54,,1592475,31,,,1,15,,1592476,31,,,1,15,,1592477,31,,,1,15,,1592478,31,,,1,55,,1592479,31,,,1,14,,1592480,31,,,1,14,,1592481,31,,,1,15,,1592482,31,,,1,54,,1592483,31,,,1,15,,1592484,31,,,1,16,,1592485,31,,,1,12,,1592486,31,,,1,53,,1592487,31,,,1,12,,1592488,31,,,1,12,,1592489,31,,,1,12,,1592490,31,,,1,12,,1592491,31,,,1,52,,1592492,31,,,1,12,,1592493,31,,,1,16,,1592494,31,,,1,7,,1592495,31,,,1,11,,1592496,31,,,1,54,,1592497,31,,,1,15,,1592498,31,,,1,10,,1592499,31,,,1,12,,1592500,31,,,1,10,,1592501,31,,,1,51,,1592502,31,,,1,12,,1592503,31,,,1,9,,1592504,31,,,1,11,,1592505,31,,,1,10,,1592506,31,,,1,11,,1592507,31,,,1,50,,1592508,31,,,1,10,,1592509,31,,,1,10,,1592510,31,,,1,9,,1592511,31,,,1,12,,1592512,31,,,1,9,,1592513,31,,,1,52,,1592514,31,,,1,12,,1592515,31,,,1,12,,1592516,31,,,1,12,,1592517,31,,,1,14,,1592518,31,,,1,55,,1592525,31,,,1,13,,1592526,31,,,1,16,,1592527,31,,,1,14,,1592528,31,,,1,55,,1592529,31,,,1,15,,1592530,31,,,1,15,,1592531,31,,,1,15,,1592532,31,,,1,55,,1592533,31,,,1,15,,1592534,31,,,1,14,,1592535,31,,,1,15,,1592536,31,,,1,55,,1592537,31,,,1,15,,1592538,31,,,1,14,,1592539,31,,,1,15,,1592540,31,,,1,54,,1592541,31,,,1,15,,1592542,31,,,1,15,,1592543,31,,,1,14,,1592544,31,,,1,56,,1592545,31,,,1,16,,1592546,31,,,1,14,,1592547,31,,,1,14,,1592548,31,,,1,54,,1592467,31,,,1,15,,1592558,31,,,1
80702,'20261015',542,,1592655,31,,,1,15,,1592615,31,,,1,54,,1592616,31,,,1,16,,1592617,31,,,1,18,,1592618,31,,,1,57,,1592619,31,,,1,16,,1592620,31,,,1,6,,1592564,31,,,1,9,,1592646,31,,,1,8,,1592647,31,,,1,12,,1592653,31,,,1,4,,1592656,31,,,1,49,,1592648,31,,,1,3,,1592657,31,,,1,9,,1592649,31,,,1,8,,1592650,31,,,1,4,,1592658,31,,,1,5,,1592651,31,,,1,10,,1592652,31,,,1,6,,1592645,31,,,1,51,,1592565,31,,,1,9,,1592566,31,,,1,11,,1592567,31,,,1,10,,1592568,31,,,1,13,,1592569,31,,,1,14,,1592570,31,,,1,54,,1592571,31,,,1,15,,1592572,31,,,1,15,,1592573,31,,,1,15,,1592574,31,,,1,55,,1592575,31,,,1,14,,1592576,31,,,1,14,,1592577,31,,,1,15,,1592578,31,,,1,54,,1592579,31,,,1,15,,1592580,31,,,1,16,,1592581,31,,,1,12,,1592582,31,,,1,53,,1592583,31,,,1,12,,1592584,31,,,1,12,,1592585,31,,,1,12,,1592586,31,,,1,12,,1592587,31,,,1,52,,1592588,31,,,1,12,,1592589,31,,,1,16,,1592590,31,,,1,7,,1592591,31,,,1,11,,1592592,31,,,1,54,,1592593,31,,,1,15,,1592594,31,,,1,10,,1592595,31,,,1,12,,1592596,31,,,1,10,,1592597,31,,,1,51,,1592598,31,,,1,12,,1592599,31,,,1,9,,1592600,31,,,1,11,,1592601,31,,,1,10,,1592602,31,,,1,11,,1592603,31,,,1,50,,1592604,31,,,1,10,,1592605,31,,,1,10,,1592606,31,,,1,9,,1592607,31,,,1,12,,1592608,31,,,1,9,,1592609,31,,,1,52,,1592610,31,,,1,12,,1592611,31,,,1,12,,1592612,31,,,1,12,,1592613,31,,,1,14,,1592614,31,,,1,55,,1592621,31,,,1,13,,1592622,31,,,1,16,,1592623,31,,,1,14,,1592624,31,,,1,55,,1592625,31,,,1,15,,1592626,31,,,1,15,,1592627,31,,,1,15,,1592628,31,,,1,55,,1592629,31,,,1,15,,1592630,31,,,1,14,,1592631,31,,,1,15,,1592632,31,,,1,55,,1592633,31,,,1,15,,1592634,31,,,1,14,,1592635,31,,,1,15,,1592636,31,,,1,54,,1592637,31,,,1,15,,1592638,31,,,1,15,,1592639,31,,,1,14,,1592640,31,,,1,56,,1592641,31,,,1,16,,1592642,31,,,1,14,,1592643,31,,,1,14,,1592644,31,,,1,54,,1592563,31,,,1,15,,1592654,31,,,1
80702,'20261016',542,,1592751,31,,,1,15,,1592711,31,,,1,54,,1592712,31,,,1,16,,1592713,31,,,1,18,,1592714,31,,,1,57,,1592715,31,,,1,16,,1592716,31,,,1,6,,1592660,31,,,1,9,,1592742,31,,,1,8,,1592743,31,,,1,12,,1592749,31,,,1,4,,1592752,31,,,1,49,,1592744,31,,,1,3,,1592753,31,,,1,9,,1592745,31,,,1,8,,1592746,31,,,1,4,,1592754,31,,,1,5,,1592747,31,,,1,10,,1592748,31,,,1,6,,1592741,31,,,1,51,,1592661,31,,,1,9,,1592662,31,,,1,11,,1592663,31,,,1,10,,1592664,31,,,1,13,,1592665,31,,,1,14,,1592666,31,,,1,54,,1592667,31,,,1,15,,1592668,31,,,1,15,,1592669,31,,,1,15,,1592670,31,,,1,55,,1592671,31,,,1,14,,1592672,31,,,1,14,,1592673,31,,,1,15,,1592674,31,,,1,54,,1592675,31,,,1,15,,1592676,31,,,1,16,,1592677,31,,,1,12,,1592678,31,,,1,53,,1592679,31,,,1,12,,1592680,31,,,1,12,,1592681,31,,,1,12,,1592682,31,,,1,12,,1592683,31,,,1,52,,1592684,31,,,1,12,,1592685,31,,,1,16,,1592686,31,,,1,7,,1592687,31,,,1,11,,1592688,31,,,1,54,,1592689,31,,,1,15,,1592690,31,,,1,10,,1592691,31,,,1,12,,1592692,31,,,1,10,,1592693,31,,,1,51,,1592694,31,,,1,12,,1592695,31,,,1,9,,1592696,31,,,1,11,,1592697,31,,,1,10,,1592698,31,,,1,11,,1592699,31,,,1,50,,1592700,31,,,1,10,,1592701,31,,,1,10,,1592702,31,,,1,9,,1592703,31,,,1,12,,1592704,31,,,1,9,,1592705,31,,,1,52,,1592706,31,,,1,12,,1592707,31,,,1,12,,1592708,31,,,1,12,,1592709,31,,,1,14,,1592710,31,,,1,55,,1592717,31,,,1,13,,1592718,31,,,1,16,,1592719,31,,,1,14,,1592720,31,,,1,55,,1592721,31,,,1,15,,1592722,31,,,1,15,,1592723,31,,,1,15,,1592724,31,,,1,55,,1592725,31,,,1,15,,1592726,31,,,1,14,,1592727,31,,,1,15,,1592728,31,,,1,55,,1592729,31,,,1,15,,1592730,31,,,1,14,,1592731,31,,,1,15,,1592732,31,,,1,54,,1592733,31,,,1,15,,1592734,31,,,1,15,,1592735,31,,,1,14,,1592736,31,,,1,56,,1592737,31,,,1,16,,1592738,31,,,1,14,,1592739,31,,,1,14,,1592740,31,,,1,54,,1592659,31,,,1,15,,1592750,31,,,1
90702,'20261002',2554,,1593484,31,,,0,85,,1593485,31,,,0
90702,'20261003',2554,,1593486,31,,,0,85,,1593487,31,,,0
90702,'20261009',2554,,1540201,31,,,0,85,,1540202,31,,,0
90702,'20261010',2554,,1561852,31,,,0,85,,1561853,31,,,0
90702,'20261016',2554,,1593488,31,,,0,85,,1593489,31,,,0
