3400,'20261009',631,,1600254,18,,,0,75,,1600255,18,,,0,37,,1600256,18,,,0,66,,1600257,18,,,0,96,,1600258,18,,,0,117,,1600259,18,,,0,200,,1600260,18,,,0,200,,1600261,18,,,0,224,,1600262,18,,,0,68,,1600263,18,,,0,33,,1600264,18,,,0,73,,1600265,18,,,0,29,,1600266,18,,,0,86,,1600267,18,,,0,193,,1600268,18,,,0,200,,1600269,18,,,0
3400,'20261010',636,,1629885,18,,,0,201,,1629886,18,,,0,199,,1629887,18,,,0,200,,1629888,18,,,0,200,,1629889,18,,,0,200,,1629890,18,,,0,202,,1629891,18,,,0,201,,1629892,18,,,0,200,,1629893,18,,,0
3400,'20261011',636,,1629894,18,,,0,201,,1629895,18,,,0,199,,1629896,18,,,0,200,,1629897,18,,,0,200,,1629898,18,,,0,200,,1629899,18,,,0,202,,1629900,18,,,0,201,,1629901,18,,,0,200,,1629902,18,,,0
3400,'20261012',636,,1629903,18,,,0,201,,1629904,18,,,0,199,,1629905,18,,,0,200,,1629906,18,,,0,200,,1629907,18,,,0,200,,1629908,18,,,0,202,,1629909,18,,,0,201,,1629910,18,,,0,200,,1629911,18,,,0
3400,'20261013',631,,1568556,18,,,0,75,,1568543,18,,,0,37,,1568550,18,,,0,66,,1568557,18,,,0,96,,1568558,18,,,0,117,,1568555,18,,,0,200,,1568544,18,,,0,200,,1568553,18,,,0,224,,1568551,18,,,0,68,,1568545,18,,,0,33,,1568546,18,,,0,73,,1568547,18,,,0,29,,1568549,18,,,0,86,,1568552,18,,,0,193,,1568554,18,,,0,200,,1568548,18,,,0
3400,'20261014',631,,1568572,18,,,0,75,,1568559,18,,,0,37,,1568566,18,,,0,66,,1568573,18,,,0,96,,1568574,18,,,0,117,,1568571,18,,,0,200,,1568560,18,,,0,200,,1568569,18,,,0,224,,1568567,18,,,0,68,,1568561,18,,,0,33,,1568562,18,,,0,73,,1568563,18,,,0,29,,1568565,18,,,0,86,,1568568,18,,,0,193,,1568570,18,,,0,200,,1568564,18,,,0
3400,'20261015',631,,1568588,18,,,0,75,,1568575,18,,,0,37,,1568582,18,,,0,66,,1568589,18,,,0,96,,1568590,18,,,0,117,,1568587,18,,,0,200,,1568576,18,,,0,200,,1568585,18,,,0,224,,1568583,18,,,0,68,,1568577,18,,,0,33,,1568578,18,,,0,73,,1568579,18,,,0,29,,1568581,18,,,0,86,,1568584,18,,,0,193,,1568586,18,,,0,200,,1568580,18,,,0
3400,'20261016',631,,1568604,18,,,0,75,,1568591,18,,,0,37,,1568598,18,,,0,66,,1568605,18,,,0,96,,1568606,18,,,0,117,,1568603,18,,,0,200,,1568592,18,,,0,200,,1568601,18,,,0,224,,1568599,18,,,0,68,,1568593,18,,,0,33,,1568594,18,,,0,73,,1568595,18,,,0,29,,1568597,18,,,0,86,,1568600,18,,,0,193,,1568602,18,,,0,200,,1568596,18,,,0
3400,'20261017',636,,1600270,18,,,0,201,,1600271,18,,,0,199,,1600272,18,,,0,200,,1600274,18,,,0,200,,1600273,18,,,0,200,,1600276,18,,,0,202,,1600277,18,,,0,201,,1600278,18,,,0,200,,1600275,18,,,0
3400,'20261018',636,,1600281,18,,,0,201,,1600282,18,,,0,199,,1600283,18,,,0,200,,1600284,18,,,0,200,,1600285,18,,,0,200,,1600286,18,,,0,202,,1600287,18,,,0,201,,1600280,18,,,0,200,,1600279,18,,,0
3400,'20261019',631,,1600301,18,,,0,75,,1600288,18,,,0,37,,1600295,18,,,0,66,,1600302,18,,,0,96,,1600303,18,,,0,117,,1600300,18,,,0,200,,1600289,18,,,0,200,,1600298,18,,,0,224,,1600296,18,,,0,68,,1600290,18,,,0,33,,1600291,18,,,0,73,,1600292,18,,,0,29,,1600294,18,,,0,86,,1600297,18,,,0,193,,1600299,18,,,0,200,,1600293,18,,,0
3400,'20261020',631,,1600317,18,,,0,75,,1600304,18,,,0,37,,1600311,18,,,0,66,,1600318,18,,,0,96,,1600319,18,,,0,117,,1600316,18,,,0,200,,1600305,18,,,0,200,,1600314,18,,,0,224,,1600312,18,,,0,68,,1600306,18,,,0,33,,1600307,18,,,0,73,,1600308,18,,,0,29,,1600310,18,,,0,86,,1600313,18,,,0,193,,1600315,18,,,0,200,,1600309,18,,,0
3400,'20261021',631,,1629925,18,,,0,75,,1629912,18,,,0,37,,1629919,18,,,0,66,,1629926,18,,,0,96,,1629927,18,,,0,117,,1629924,18,,,0,200,,1629913,18,,,0,200,,1629922,18,,,0,224,,1629920,18,,,0,68,,1629914,18,,,0,33,,1629915,18,,,0,73,,1629916,18,,,0,29,,1629918,18,,,0,86,,1629921,18,,,0,193,,1629923,18,,,0,200,,1629917,18,,,0
3400,'20261022',631,,1629941,18,,,0,75,,1629928,18,,,0,37,,1629935,18,,,0,66,,1629942,18,,,0,96,,1629943,18,,,0,117,,1629940,18,,,0,200,,1629929,18,,,0,200,,1629938,18,,,0,224,,1629936,18,,,0,68,,1629930,18,,,0,33,,1629931,18,,,0,73,,1629932,18,,,0,29,,1629934,18,,,0,86,,1629937,18,,,0,193,,1629939,18,,,0,200,,1629933,18,,,0
3400,'20261023',631,,1629957,18,,,0,75,,1629944,18,,,0,37,,1629951,18,,,0,66,,1629958,18,,,0,96,,1629959,18,,,0,117,,1629956,18,,,0,200,,1629945,18,,,0,200,,1629954,18,,,0,224,,1629952,18,,,0,68,,1629946,18,,,0,33,,1629947,18,,,0,73,,1629948,18,,,0,29,,1629950,18,,,0,86,,1629953,18,,,0,193,,1629955,18,,,0,200,,1629949,18,,,0
