1202,'20261009',650,,1597023,40,,,0,76,,1597024,40,,,0,31,,1597025,40,,,0,74,,1597026,40,,,0,70,,1597027,40,,,0,56,,1597028,40,,,0,99,,1597029,40,,,0,100,,1597030,40,,,0,99,,1597031,40,,,0,100,,1597032,40,,,0,99,,1597033,40,,,0,101,,1597034,40,,,0,104,,1597022,40,4,,0,42,,1597035,40,,,0,104,,1597036,40,,,0,53,,1597037,40,,,0,97,,1597038,40,,,0,100,,1597039,40,,,0,99,,1597040,40,,,0,99,,1597041,40,,,0
1202,'20261010',832,,1627779,40,,,0,101,,1627780,40,,,0,102,,1627781,40,,,0,100,,1627782,41,,,0,107,,1627783,41,,,0,102,,1627784,41,,,0,95,,1627785,41,,,0,106,,1627786,41,,,0,99,,1627787,41,,,0,99,,1627788,41,,,0,97,,1627789,41,,,0,94,,1627790,40,,,0,99,,1627791,40,,,0,99,,1627792,40,,,0,100,,1627793,40,,,0,100,,1627794,40,,,0
1202,'20261011',832,,1627795,40,,,0,101,,1627796,40,,,0,102,,1627797,40,,,0,100,,1627798,41,,,0,107,,1627799,41,,,0,102,,1627800,41,,,0,95,,1627801,41,,,0,106,,1627802,41,,,0,99,,1627803,41,,,0,99,,1627804,41,,,0,97,,1627805,41,,,0,94,,1627806,40,,,0,99,,1627807,40,,,0,99,,1627808,40,,,0,100,,1627809,40,,,0,100,,1627810,40,,,0
1202,'20261012',832,,1627811,40,,,0,101,,1627812,40,,,0,102,,1627813,40,,,0,100,,1627814,41,,,0,107,,1627815,41,,,0,102,,1627816,41,,,0,95,,1627817,41,,,0,106,,1627818,41,,,0,99,,1627819,41,,,0,99,,1627820,41,,,0,97,,1627821,41,,,0,94,,1627822,40,,,0,99,,1627823,40,,,0,99,,1627824,40,,,0,100,,1627825,40,,,0,100,,1627826,40,,,0
1202,'20261013',650,,1565346,40,,,0,76,,1565328,40,,,0,31,,1565329,40,,,0,74,,1565330,40,,,0,70,,1565331,40,,,0,56,,1565332,40,,,0,99,,1565333,40,,,0,100,,1565334,40,,,0,99,,1565335,40,,,0,100,,1565336,40,,,0,99,,1565337,40,,,0,101,,1565338,40,,,0,146,,1565339,40,,,0,104,,1565340,40,,,0,53,,1565341,40,,,0,97,,1565342,40,,,0,100,,1565343,40,,,0,99,,1565344,40,,,0,99,,1565345,40,,,0
1202,'20261014',650,,1565365,40,,,0,76,,1565347,40,,,0,31,,1565348,40,,,0,74,,1565349,40,,,0,70,,1565350,40,,,0,56,,1565351,40,,,0,99,,1565352,40,,,0,100,,1565353,40,,,0,99,,1565354,40,,,0,100,,1565355,40,,,0,99,,1565356,40,,,0,101,,1565357,40,,,0,146,,1565358,40,,,0,104,,1565359,40,,,0,53,,1565360,40,,,0,97,,1565361,40,,,0,100,,1565362,40,,,0,99,,1565363,40,,,0,99,,1565364,40,,,0
1202,'20261015',650,,1565384,40,,,0,76,,1565366,40,,,0,31,,1565367,40,,,0,74,,1565368,40,,,0,70,,1565369,40,,,0,56,,1565370,40,,,0,99,,1565371,40,,,0,100,,1565372,40,,,0,99,,1565373,40,,,0,100,,1565374,40,,,0,99,,1565375,40,,,0,101,,1565376,40,,,0,146,,1565377,40,,,0,104,,1565378,40,,,0,53,,1565379,40,,,0,97,,1565380,40,,,0,100,,1565381,40,,,0,99,,1565382,40,,,0,99,,1565383,40,,,0
1202,'20261016',650,,1565403,40,,,0,76,,1565385,40,,,0,31,,1565386,40,,,0,74,,1565387,40,,,0,70,,1565388,40,,,0,56,,1565389,40,,,0,99,,1565390,40,,,0,100,,1565391,40,,,0,99,,1565392,40,,,0,100,,1565393,40,,,0,99,,1565394,40,,,0,101,,1565395,40,,,0,146,,1565396,40,,,0,104,,1565397,40,,,0,53,,1565398,40,,,0,97,,1565399,40,,,0,100,,1565400,40,,,0,99,,1565401,40,,,0,99,,1565402,40,,,0
1202,'20261017',832,,1597042,40,,,0,101,,1597043,40,,,0,102,,1597044,40,,,0,100,,1597051,41,,,0,107,,1597052,41,,,0,102,,1597053,41,,,0,95,,1597054,41,,,0,106,,1597055,41,,,0,99,,1597056,41,,,0,99,,1597057,41,,,0,97,,1597045,41,,,0,94,,1597046,40,,,0,99,,1597047,40,,,0,99,,1597048,40,,,0,100,,1597049,40,,,0,100,,1597050,40,,,0
1202,'20261018',832,,1597058,40,,,0,101,,1597059,40,,,0,102,,1597060,40,,,0,100,,1597061,41,,,0,107,,1597062,41,,,0,102,,1597063,41,,,0,95,,1597064,41,,,0,106,,1597065,41,,,0,99,,1597066,41,,,0,99,,1597067,41,,,0,97,,1597068,41,,,0,94,,1597069,40,,,0,99,,1597070,40,,,0,99,,1597071,40,,,0,100,,1597072,40,,,0,100,,1597073,40,,,0
1202,'20261019',650,,1597092,40,,,0,76,,1597074,40,,,0,31,,1597075,40,,,0,74,,1597076,40,,,0,70,,1597077,40,,,0,56,,1597078,40,,,0,99,,1597079,40,,,0,100,,1597080,40,,,0,99,,1597081,40,,,0,100,,1597082,40,,,0,99,,1597083,40,,,0,101,,1597084,40,,,0,146,,1597085,40,,,0,104,,1597086,40,,,0,53,,1597087,40,,,0,97,,1597088,40,,,0,100,,1597089,40,,,0,99,,1597090,40,,,0,99,,1597091,40,,,0
1202,'20261020',650,,1597111,40,,,0,76,,1597093,40,,,0,31,,1597094,40,,,0,74,,1597095,40,,,0,70,,1597096,40,,,0,56,,1597097,40,,,0,99,,1597098,40,,,0,100,,1597099,40,,,0,99,,1597100,40,,,0,100,,1597101,40,,,0,99,,1597102,40,,,0,101,,1597103,40,,,0,146,,1597104,40,,,0,104,,1597105,40,,,0,53,,1597106,40,,,0,97,,1597107,40,,,0,100,,1597108,40,,,0,99,,1597109,40,,,0,99,,1597110,40,,,0
1202,'20261021',650,,1627845,40,,,0,76,,1627827,40,,,0,31,,1627828,40,,,0,74,,1627829,40,,,0,70,,1627830,40,,,0,56,,1627831,40,,,0,99,,1627832,40,,,0,100,,1627833,40,,,0,99,,1627834,40,,,0,100,,1627835,40,,,0,99,,1627836,40,,,0,101,,1627837,40,,,0,146,,1627838,40,,,0,104,,1627839,40,,,0,53,,1627840,40,,,0,97,,1627841,40,,,0,100,,1627842,40,,,0,99,,1627843,40,,,0,99,,1627844,40,,,0
1202,'20261022',650,,1627864,40,,,0,76,,1627846,40,,,0,31,,1627847,40,,,0,74,,1627848,40,,,0,70,,1627849,40,,,0,56,,1627850,40,,,0,99,,1627851,40,,,0,100,,1627852,40,,,0,99,,1627853,40,,,0,100,,1627854,40,,,0,99,,1627855,40,,,0,101,,1627856,40,,,0,146,,1627857,40,,,0,104,,1627858,40,,,0,53,,1627859,40,,,0,97,,1627860,40,,,0,100,,1627861,40,,,0,99,,1627862,40,,,0,99,,1627863,40,,,0
1202,'20261023',650,,1627883,40,,,0,76,,1627865,40,,,0,31,,1627866,40,,,0,74,,1627867,40,,,0,70,,1627868,40,,,0,56,,1627869,40,,,0,99,,1627870,40,,,0,100,,1627871,40,,,0,99,,1627872,40,,,0,100,,1627873,40,,,0,99,,1627874,40,,,0,101,,1627875,40,,,0,146,,1627876,40,,,0,104,,1627877,40,,,0,53,,1627878,40,,,0,97,,1627879,40,,,0,100,,1627880,40,,,0,99,,1627881,40,,,0,99,,1627882,40,,,0
7600,'20261009',526,,1606625,10,,,1,77,,1606626,10,,,1,99,,1606627,10,,,1,33,,1606628,10,,,1,84,,1606629,10,,,1,31,,1606630,10,,,1,78,,1606631,10,,,1,97,,1606632,10,,,1,85,,1606633,10,,,1,101,,1606634,10,,,1,33,,1606635,10,,,1,68,,1606636,10,,,1,35,,1606637,10,,,1,99,,1606638,10,,,1,95,,1606639,10,,,1,87,,1606640,10,,,1,74,,1606641,10,,,1,24,,1606642,10,,,1,32,,1606643,10,,,1,63,,1606644,10,,,1,36,,1606645,10,,,1,166,,1606646,10,,,1,100,,1606647,10,,,1,103,,1606648,10,,,1,94,,1606649,10,,,1
7600,'20261010',603,,1634301,10,,,1,29,,1634302,10,,,1,70,,1634303,10,,,1,28,,1634304,10,,,1,72,,1634305,10,,,1,30,,1634306,10,,,1,22,,1634307,10,,,1,103,,1634308,10,,,1,95,,1634309,10,,,1,94,,1634310,10,,,1,74,,1634311,10,,,1,29,,1634312,10,,,1,70,,1634313,10,,,1,34,,1634314,10,,,1,105,,1634315,10,,,1,90,,1634316,10,,,1,73,,1634317,10,,,1,27,,1634318,10,,,1,73,,1634319,10,,,1,31,,1634320,10,,,1,68,,1634321,10,,,1,30,,1634322,10,,,1,100,,1634323,10,,,1,102,,1634324,10,,,1,106,,1634325,10,,,1,99,,1634326,10,,,1
7600,'20261011',603,,1634327,10,,,1,29,,1634328,10,,,1,70,,1634329,10,,,1,28,,1634330,10,,,1,72,,1634331,10,,,1,30,,1634332,10,,,1,22,,1634333,10,,,1,103,,1634334,10,,,1,95,,1634335,10,,,1,94,,1634336,10,,,1,74,,1634337,10,,,1,29,,1634338,10,,,1,70,,1634339,10,,,1,34,,1634340,10,,,1,105,,1634341,10,,,1,90,,1634342,10,,,1,73,,1634343,10,,,1,27,,1634344,10,,,1,73,,1634345,10,,,1,31,,1634346,10,,,1,68,,1634347,10,,,1,30,,1634348,10,,,1,100,,1634349,10,,,1,102,,1634350,10,,,1,106,,1634351,10,,,1,99,,1634352,10,,,1
7600,'20261012',603,,1634353,10,,,1,29,,1634354,10,,,1,70,,1634355,10,,,1,28,,1634356,10,,,1,72,,1634357,10,,,1,30,,1634358,10,,,1,22,,1634359,10,,,1,103,,1634360,10,,,1,95,,1634361,10,,,1,94,,1634362,10,,,1,74,,1634363,10,,,1,29,,1634364,10,,,1,70,,1634365,10,,,1,34,,1634366,10,,,1,105,,1634367,10,,,1,90,,1634368,10,,,1,73,,1634369,10,,,1,27,,1634370,10,,,1,73,,1634371,10,,,1,31,,1634372,10,,,1,68,,1634373,10,,,1,30,,1634374,10,,,1,100,,1634375,10,,,1,102,,1634376,10,,,1,106,,1634377,10,,,1,99,,1634378,10,,,1
7600,'20261013',526,,1574929,10,,,1,77,,1574930,10,,,1,99,,1574931,10,,,1,33,,1574932,10,,,1,84,,1574933,10,,,1,31,,1574934,10,,,1,78,,1574935,10,,,1,97,,1574936,10,,,1,85,,1574937,10,,,1,101,,1574938,10,,,1,33,,1574939,10,,,1,68,,1574940,10,,,1,35,,1574941,10,,,1,99,,1574942,10,,,1,95,,1574943,10,,,1,87,,1574944,10,,,1,74,,1574945,10,,,1,24,,1574946,10,,,1,32,,1574947,10,,,1,63,,1574948,10,,,1,36,,1574949,10,,,1,166,,1574950,10,,,1,100,,1574951,10,,,1,103,,1574952,10,,,1,94,,1574953,10,,,1
7600,'20261014',526,,1574954,10,,,1,77,,1574955,10,,,1,99,,1574956,10,,,1,33,,1574957,10,,,1,84,,1574958,10,,,1,31,,1574959,10,,,1,78,,1574960,10,,,1,97,,1574961,10,,,1,85,,1574962,10,,,1,101,,1574963,10,,,1,33,,1574964,10,,,1,68,,1574965,10,,,1,35,,1574966,10,,,1,99,,1574967,10,,,1,95,,1574968,10,,,1,87,,1574969,10,,,1,74,,1574970,10,,,1,24,,1574971,10,,,1,32,,1574972,10,,,1,63,,1574973,10,,,1,36,,1574974,10,,,1,166,,1574975,10,,,1,100,,1574976,10,,,1,103,,1574977,10,,,1,94,,1574978,10,,,1
7600,'20261015',526,,1574979,10,,,1,77,,1574980,10,,,1,99,,1574981,10,,,1,33,,1574982,10,,,1,84,,1574983,10,,,1,31,,1574984,10,,,1,78,,1574985,10,,,1,97,,1574986,10,,,1,85,,1574987,10,,,1,101,,1574988,10,,,1,33,,1574989,10,,,1,68,,1574990,10,,,1,35,,1574991,10,,,1,99,,1574992,10,,,1,95,,1574993,10,,,1,87,,1574994,10,,,1,74,,1574995,10,,,1,24,,1574996,10,,,1,32,,1574997,10,,,1,63,,1574998,10,,,1,36,,1574999,10,,,1,166,,1575000,10,,,1,100,,1575001,10,,,1,103,,1575002,10,,,1,94,,1575003,10,,,1
7600,'20261016',526,,1575004,10,,,1,77,,1575005,10,,,1,99,,1575006,10,,,1,33,,1575007,10,,,1,84,,1575008,10,,,1,31,,1575009,10,,,1,78,,1575010,10,,,1,97,,1575011,10,,,1,85,,1575012,10,,,1,101,,1575013,10,,,1,33,,1575014,10,,,1,68,,1575015,10,,,1,35,,1575016,10,,,1,99,,1575017,10,,,1,95,,1575018,10,,,1,87,,1575019,10,,,1,74,,1575020,10,,,1,24,,1575021,10,,,1,32,,1575022,10,,,1,63,,1575023,10,,,1,36,,1575024,10,,,1,166,,1575025,10,,,1,100,,1575026,10,,,1,103,,1575027,10,,,1,94,,1575028,10,,,1
7600,'20261017',603,,1606665,10,,,1,29,,1606669,10,,,1,70,,1606673,10,,,1,28,,1606668,10,,,1,72,,1606650,10,,,1,30,,1606670,10,,,1,22,,1606651,10,,,1,103,,1606652,10,,,1,95,,1606653,10,,,1,94,,1606654,10,,,1,74,,1606671,10,,,1,29,,1606655,10,,,1,70,,1606672,10,,,1,34,,1606656,10,,,1,105,,1606657,10,,,1,90,,1606658,10,,,1,73,,1606674,10,,,1,27,,1606659,10,,,1,73,,1606675,10,,,1,31,,1606660,10,,,1,68,,1606667,10,,,1,30,,1606661,10,,,1,100,,1606662,10,,,1,102,,1606663,10,,,1,106,,1606664,10,,,1,99,,1606666,10,,,1
7600,'20261018',603,,1606693,10,,,1,29,,1606694,10,,,1,70,,1606676,10,,,1,28,,1606695,10,,,1,72,,1606677,10,,,1,30,,1606696,10,,,1,22,,1606678,10,,,1,103,,1606679,10,,,1,95,,1606680,10,,,1,94,,1606681,10,,,1,74,,1606697,10,,,1,29,,1606682,10,,,1,70,,1606698,10,,,1,34,,1606683,10,,,1,105,,1606684,10,,,1,90,,1606685,10,,,1,73,,1606699,10,,,1,27,,1606686,10,,,1,73,,1606700,10,,,1,31,,1606687,10,,,1,68,,1606701,10,,,1,30,,1606688,10,,,1,100,,1606689,10,,,1,102,,1606690,10,,,1,106,,1606691,10,,,1,99,,1606692,10,,,1
7600,'20261019',526,,1606702,10,,,1,77,,1606703,10,,,1,99,,1606704,10,,,1,33,,1606705,10,,,1,84,,1606706,10,,,1,31,,1606707,10,,,1,78,,1606708,10,,,1,97,,1606709,10,,,1,85,,1606710,10,,,1,101,,1606711,10,,,1,33,,1606712,10,,,1,68,,1606713,10,,,1,35,,1606714,10,,,1,99,,1606715,10,,,1,95,,1606716,10,,,1,87,,1606717,10,,,1,74,,1606718,10,,,1,24,,1606719,10,,,1,32,,1606720,10,,,1,63,,1606721,10,,,1,36,,1606722,10,,,1,166,,1606723,10,,,1,100,,1606724,10,,,1,103,,1606725,10,,,1,94,,1606726,10,,,1
7600,'20261020',526,,1606727,10,,,1,77,,1606728,10,,,1,99,,1606729,10,,,1,33,,1606730,10,,,1,84,,1606731,10,,,1,31,,1606732,10,,,1,78,,1606733,10,,,1,97,,1606734,10,,,1,85,,1606735,10,,,1,101,,1606736,10,,,1,33,,1606737,10,,,1,68,,1606738,10,,,1,35,,1606739,10,,,1,99,,1606740,10,,,1,95,,1606741,10,,,1,87,,1606742,10,,,1,74,,1606743,10,,,1,24,,1606744,10,,,1,32,,1606745,10,,,1,63,,1606746,10,,,1,36,,1606747,10,,,1,166,,1606748,10,,,1,100,,1606749,10,,,1,103,,1606750,10,,,1,94,,1606751,10,,,1
7600,'20261021',526,,1634379,10,,,1,77,,1634380,10,,,1,99,,1634381,10,,,1,33,,1634382,10,,,1,84,,1634383,10,,,1,31,,1634384,10,,,1,78,,1634385,10,,,1,97,,1634386,10,,,1,85,,1634387,10,,,1,101,,1634388,10,,,1,33,,1634389,10,,,1,68,,1634390,10,,,1,35,,1634391,10,,,1,99,,1634392,10,,,1,95,,1634393,10,,,1,87,,1634394,10,,,1,74,,1634395,10,,,1,24,,1634396,10,,,1,32,,1634397,10,,,1,63,,1634398,10,,,1,36,,1634399,10,,,1,166,,1634400,10,,,1,100,,1634401,10,,,1,103,,1634402,10,,,1,94,,1634403,10,,,1
7600,'20261022',526,,1634404,10,,,1,77,,1634405,10,,,1,99,,1634406,10,,,1,33,,1634407,10,,,1,84,,1634408,10,,,1,31,,1634409,10,,,1,78,,1634410,10,,,1,97,,1634411,10,,,1,85,,1634412,10,,,1,101,,1634413,10,,,1,33,,1634414,10,,,1,68,,1634415,10,,,1,35,,1634416,10,,,1,99,,1634417,10,,,1,95,,1634418,10,,,1,87,,1634419,10,,,1,74,,1634420,10,,,1,24,,1634421,10,,,1,32,,1634422,10,,,1,63,,1634423,10,,,1,36,,1634424,10,,,1,166,,1634425,10,,,1,100,,1634426,10,,,1,103,,1634427,10,,,1,94,,1634428,10,,,1
7600,'20261023',526,,1634429,10,,,1,77,,1634430,10,,,1,99,,1634431,10,,,1,33,,1634432,10,,,1,84,,1634433,10,,,1,31,,1634434,10,,,1,78,,1634435,10,,,1,97,,1634436,10,,,1,85,,1634437,10,,,1,101,,1634438,10,,,1,33,,1634439,10,,,1,68,,1634440,10,,,1,35,,1634441,10,,,1,99,,1634442,10,,,1,95,,1634443,10,,,1,87,,1634444,10,,,1,74,,1634445,10,,,1,24,,1634446,10,,,1,32,,1634447,10,,,1,63,,1634448,10,,,1,36,,1634449,10,,,1,166,,1634450,10,,,1,100,,1634451,10,,,1,103,,1634452,10,,,1,94,,1634453,10,,,1
