5801,'20261009',618,,1603536,29,,,0,31,,1603537,29,,,0,68,,1603538,29,,,0,31,,1603539,29,,,0,71,,1603540,29,,,0,32,,1603541,29,,,0,68,,1603542,29,,,0,106,,1603543,29,,,0,101,,1603544,29,,,0,101,,1603545,29,,,0,100,,1603546,29,,,0,100,,1603547,29,,,0,100,,1603548,29,,,0,102,,1603557,16,,,0,2,,1603549,29,,,0,99,,1603550,29,,,0,99,,1603551,29,,,0,98,,1603552,29,,,0,100,,1603553,29,,,0,101,,1603554,29,,,0,98,,1603555,29,,,0,98,,1603556,29,,,0
5801,'20261010',717,,1632165,29,,,0,100,,1632166,29,,,0,100,,1632167,29,,,0,102,,1632168,29,,,0,99,,1632169,29,,,0,98,,1632170,29,,,0,104,,1632171,29,,,0,100,,1632172,29,,,0,104,,1632173,29,,,0,97,,1632174,29,,,0,103,,1632175,29,,,0,105,,1632176,29,,,0,94,,1632177,29,,,0,97,,1632178,29,,,0,97,,1632179,29,,,0,100,,1632180,29,,,0,100,,1632181,29,,,0
5801,'20261011',717,,1632182,29,,,0,100,,1632183,29,,,0,100,,1632184,29,,,0,102,,1632185,29,,,0,99,,1632186,29,,,0,98,,1632187,29,,,0,104,,1632188,29,,,0,100,,1632189,29,,,0,104,,1632190,29,,,0,97,,1632191,29,,,0,103,,1632192,29,,,0,105,,1632193,29,,,0,94,,1632194,29,,,0,97,,1632195,29,,,0,97,,1632196,29,,,0,100,,1632197,29,,,0,100,,1632198,29,,,0
5801,'20261012',717,,1632199,29,,,0,100,,1632200,29,,,0,100,,1632201,29,,,0,102,,1632202,29,,,0,99,,1632203,29,,,0,98,,1632204,29,,,0,104,,1632205,29,,,0,100,,1632206,29,,,0,104,,1632207,29,,,0,97,,1632208,29,,,0,103,,1632209,29,,,0,105,,1632210,29,,,0,94,,1632211,29,,,0,97,,1632212,29,,,0,97,,1632213,29,,,0,100,,1632214,29,,,0,100,,1632215,29,,,0
5801,'20261013',618,,1571847,29,,,0,31,,1571829,29,,,0,68,,1571830,29,,,0,31,,1571831,29,,,0,71,,1571832,29,,,0,32,,1571848,29,,,0,68,,1571842,29,,,0,106,,1571843,29,,,0,101,,1571833,29,,,0,101,,1571834,29,,,0,100,,1571844,29,,,0,100,,1571837,29,,,0,100,,1571845,29,,,0,104,,1571840,29,,,0,99,,1571835,29,,,0,99,,1571836,29,,,0,98,,1571838,29,,,0,100,,1571846,29,,,0,101,,1571841,29,,,0,98,,1571839,29,,,0,98,,1571849,29,,,0
5801,'20261014',618,,1571868,29,,,0,31,,1571850,29,,,0,68,,1571851,29,,,0,31,,1571852,29,,,0,71,,1571853,29,,,0,32,,1571869,29,,,0,68,,1571863,29,,,0,106,,1571864,29,,,0,101,,1571854,29,,,0,101,,1571855,29,,,0,100,,1571865,29,,,0,100,,1571858,29,,,0,100,,1571866,29,,,0,104,,1571861,29,,,0,99,,1571856,29,,,0,99,,1571857,29,,,0,98,,1571859,29,,,0,100,,1571867,29,,,0,101,,1571862,29,,,0,98,,1571860,29,,,0,98,,1571870,29,,,0
5801,'20261015',618,,1571889,29,,,0,31,,1571871,29,,,0,68,,1571872,29,,,0,31,,1571873,29,,,0,71,,1571874,29,,,0,32,,1571890,29,,,0,68,,1571884,29,,,0,106,,1571885,29,,,0,101,,1571875,29,,,0,101,,1571876,29,,,0,100,,1571886,29,,,0,100,,1571879,29,,,0,100,,1571887,29,,,0,104,,1571882,29,,,0,99,,1571877,29,,,0,99,,1571878,29,,,0,98,,1571880,29,,,0,100,,1571888,29,,,0,101,,1571883,29,,,0,98,,1571881,29,,,0,98,,1571891,29,,,0
5801,'20261016',618,,1571910,29,,,0,31,,1571892,29,,,0,68,,1571893,29,,,0,31,,1571894,29,,,0,71,,1571895,29,,,0,32,,1571911,29,,,0,68,,1571905,29,,,0,106,,1571906,29,,,0,101,,1571896,29,,,0,101,,1571897,29,,,0,100,,1571907,29,,,0,100,,1571900,29,,,0,100,,1571908,29,,,0,104,,1571903,29,,,0,99,,1571898,29,,,0,99,,1571899,29,,,0,98,,1571901,29,,,0,100,,1571909,29,,,0,101,,1571904,29,,,0,98,,1571902,29,,,0,98,,1571912,29,,,0
5801,'20261017',717,,1603558,29,,,0,100,,1603559,29,,,0,100,,1603566,29,,,0,102,,1603564,29,,,0,99,,1603567,29,,,0,98,,1603560,29,,,0,104,,1603561,29,,,0,100,,1603568,29,,,0,104,,1603565,29,,,0,97,,1603569,29,,,0,103,,1603570,29,,,0,105,,1603562,29,,,0,94,,1603563,29,,,0,97,,1603571,29,,,0,97,,1603572,29,,,0,100,,1603573,29,,,0,100,,1603574,29,,,0
5801,'20261018',717,,1603582,29,,,0,100,,1603579,29,,,0,100,,1603584,29,,,0,102,,1603581,29,,,0,99,,1603576,29,,,0,98,,1603580,29,,,0,104,,1603583,29,,,0,100,,1603589,29,,,0,104,,1603575,29,,,0,97,,1603590,29,,,0,103,,1603585,29,,,0,105,,1603578,29,,,0,94,,1603577,29,,,0,97,,1603591,29,,,0,97,,1603588,29,,,0,100,,1603586,29,,,0,100,,1603587,29,,,0
5801,'20261019',618,,1603610,29,,,0,31,,1603592,29,,,0,68,,1603593,29,,,0,31,,1603594,29,,,0,71,,1603595,29,,,0,32,,1603611,29,,,0,68,,1603605,29,,,0,106,,1603606,29,,,0,101,,1603596,29,,,0,101,,1603597,29,,,0,100,,1603607,29,,,0,100,,1603600,29,,,0,100,,1603608,29,,,0,104,,1603603,29,,,0,99,,1603598,29,,,0,99,,1603599,29,,,0,98,,1603601,29,,,0,100,,1603609,29,,,0,101,,1603604,29,,,0,98,,1603602,29,,,0,98,,1603612,29,,,0
5801,'20261020',618,,1603631,29,,,0,31,,1603613,29,,,0,68,,1603614,29,,,0,31,,1603615,29,,,0,71,,1603616,29,,,0,32,,1603632,29,,,0,68,,1603626,29,,,0,106,,1603627,29,,,0,101,,1603617,29,,,0,101,,1603618,29,,,0,100,,1603628,29,,,0,100,,1603621,29,,,0,100,,1603629,29,,,0,104,,1603624,29,,,0,99,,1603619,29,,,0,99,,1603620,29,,,0,98,,1603622,29,,,0,100,,1603630,29,,,0,101,,1603625,29,,,0,98,,1603623,29,,,0,98,,1603633,29,,,0
5801,'20261021',618,,1632234,29,,,0,31,,1632216,29,,,0,68,,1632217,29,,,0,31,,1632218,29,,,0,71,,1632219,29,,,0,32,,1632235,29,,,0,68,,1632229,29,,,0,106,,1632230,29,,,0,101,,1632220,29,,,0,101,,1632221,29,,,0,100,,1632231,29,,,0,100,,1632224,29,,,0,100,,1632232,29,,,0,104,,1632227,29,,,0,99,,1632222,29,,,0,99,,1632223,29,,,0,98,,1632225,29,,,0,100,,1632233,29,,,0,101,,1632228,29,,,0,98,,1632226,29,,,0,98,,1632236,29,,,0
5801,'20261022',618,,1632255,29,,,0,31,,1632237,29,,,0,68,,1632238,29,,,0,31,,1632239,29,,,0,71,,1632240,29,,,0,32,,1632256,29,,,0,68,,1632250,29,,,0,106,,1632251,29,,,0,101,,1632241,29,,,0,101,,1632242,29,,,0,100,,1632252,29,,,0,100,,1632245,29,,,0,100,,1632253,29,,,0,104,,1632248,29,,,0,99,,1632243,29,,,0,99,,1632244,29,,,0,98,,1632246,29,,,0,100,,1632254,29,,,0,101,,1632249,29,,,0,98,,1632247,29,,,0,98,,1632257,29,,,0
5801,'20261023',618,,1632276,29,,,0,31,,1632258,29,,,0,68,,1632259,29,,,0,31,,1632260,29,,,0,71,,1632261,29,,,0,32,,1632277,29,,,0,68,,1632271,29,,,0,106,,1632272,29,,,0,101,,1632262,29,,,0,101,,1632263,29,,,0,100,,1632273,29,,,0,100,,1632266,29,,,0,100,,1632274,29,,,0,104,,1632269,29,,,0,99,,1632264,29,,,0,99,,1632265,29,,,0,98,,1632267,29,,,0,100,,1632275,29,,,0,101,,1632270,29,,,0,98,,1632268,29,,,0,98,,1632278,29,,,0
25801,'20261009',650,,1612130,29,,,0,60,,1612131,29,,,0,30,,1612132,29,,,0,81,,1612133,29,,,0
25801,'20261013',650,,1580381,29,,,0,60,,1580382,29,,,0,30,,1580383,29,,,0,81,,1580384,29,,,0
25801,'20261014',650,,1580385,29,,,0,60,,1580386,29,,,0,30,,1580387,29,,,0,81,,1580388,29,,,0
25801,'20261015',650,,1580389,29,,,0,60,,1580390,29,,,0,30,,1580391,29,,,0,81,,1580392,29,,,0
25801,'20261016',650,,1580393,29,,,0,60,,1580394,29,,,0,30,,1580395,29,,,0,81,,1580396,29,,,0
25801,'20261019',650,,1612134,29,,,0,60,,1612135,29,,,0,30,,1612136,29,,,0,81,,1612137,29,,,0
25801,'20261020',650,,1612138,29,,,0,60,,1612139,29,,,0,30,,1612140,29,,,0,81,,1612141,29,,,0
25801,'20261021',650,,1638045,29,,,0,60,,1638046,29,,,0,30,,1638047,29,,,0,81,,1638048,29,,,0
25801,'20261022',650,,1638049,29,,,0,60,,1638050,29,,,0,30,,1638051,29,,,0,81,,1638052,29,,,0
25801,'20261023',650,,1638053,29,,,0,60,,1638054,29,,,0,30,,1638055,29,,,0,81,,1638056,29,,,0
35801,'20261009',659,,1613460,29,,,0,67,,1613461,29,,,0
35801,'20261013',659,,1581702,29,,,0,67,,1581703,29,,,0
35801,'20261014',659,,1581704,29,,,0,67,,1581705,29,,,0
35801,'20261015',659,,1581706,29,,,0,67,,1581707,29,,,0
35801,'20261016',659,,1581708,29,,,0,67,,1581709,29,,,0
35801,'20261019',659,,1613462,29,,,0,67,,1613463,29,,,0
35801,'20261020',659,,1613464,29,,,0,67,,1613465,29,,,0
35801,'20261021',659,,1638705,29,,,0,67,,1638706,29,,,0
35801,'20261022',659,,1638707,29,,,0,67,,1638708,29,,,0
35801,'20261023',659,,1638709,29,,,0,67,,1638710,29,,,0
55801,'20261009',654,,1614244,29,,,0,85,,1614245,29,,,0
55801,'20261013',654,,1582484,29,,,0,85,,1582485,29,,,0
55801,'20261014',654,,1582486,29,,,0,85,,1582487,29,,,0
55801,'20261015',654,,1582488,29,,,0,85,,1582489,29,,,0
55801,'20261016',654,,1582490,29,,,0,85,,1582491,29,,,0
55801,'20261019',654,,1614246,29,,,0,85,,1614247,29,,,0
55801,'20261020',654,,1614248,29,,,0,85,,1614249,29,,,0
55801,'20261021',654,,1639097,29,,,0,85,,1639098,29,,,0
55801,'20261022',654,,1639099,29,,,0,85,,1639100,29,,,0
55801,'20261023',654,,1639101,29,,,0,85,,1639102,29,,,0
