5400,'20261009',642,,1602178,34,,,1,72,,1602179,34,,,1,36,,1602173,34,,,1,68,,1602180,34,,,1,30,,1602181,34,,,1,66,,1602182,34,,,1,29,,1602183,34,,,1,71,,1602184,34,,,1,31,,1602185,34,,,1,70,,1602186,34,,,1,31,,1602187,34,,,1,69,,1602188,34,,,1,30,,1602189,34,,,1,71,,1602190,34,,,1,28,,1602191,34,,,1,70,,1602192,34,,,1,28,,1602193,34,,,1,72,,1602194,34,,,1,29,,1602195,34,,,1,59,,1602196,34,,,1,17,,1602174,47,,,1,19,,1602197,34,,,1,19,,1602175,47,,,1,56,,1602198,34,,,1,14,,1602176,47,,,1,12,,1602199,34,,,1,11,,1602177,47,,,1,55,,1602200,34,,,1,18,,1602201,34,,,1,28,,1602202,34,,,1,73,,1602203,34,,,1,92,,1602204,34,,,1,105,,1602205,34,,,1,99,,1602206,34,,,1,104,,1602207,34,,,1,103,,1602208,34,,,1,95,,1602209,34,,,1
5400,'20261010',719,,1631193,34,,,1,100,,1631194,34,,,1,101,,1631195,34,,,1,99,,1631196,34,,,1,100,,1631197,34,,,1,100,,1631198,34,,,1,31,,1631199,34,,,1,69,,1631200,34,,,1,30,,1631201,34,,,1,71,,1631202,34,,,1,24,,1631203,34,,,1,75,,1631204,34,,,1,27,,1631205,34,,,1,72,,1631206,34,,,1,32,,1631207,34,,,1,80,,1631208,34,,,1,71,,1631209,34,,,1,21,,1631210,34,,,1,100,,1631211,34,,,1,99,,1631212,34,,,1,100,,1631213,34,,,1,100,,1631214,34,,,1,98,,1631215,34,,,1,102,,1631216,34,,,1,98,,1631217,34,,,1
5400,'20261011',719,,1631218,34,,,1,100,,1631219,34,,,1,101,,1631220,34,,,1,99,,1631221,34,,,1,100,,1631222,34,,,1,100,,1631223,34,,,1,31,,1631224,34,,,1,69,,1631225,34,,,1,30,,1631226,34,,,1,71,,1631227,34,,,1,24,,1631228,34,,,1,75,,1631229,34,,,1,27,,1631230,34,,,1,72,,1631231,34,,,1,32,,1631232,34,,,1,80,,1631233,34,,,1,71,,1631234,34,,,1,21,,1631235,34,,,1,100,,1631236,34,,,1,99,,1631237,34,,,1,100,,1631238,34,,,1,100,,1631239,34,,,1,98,,1631240,34,,,1,102,,1631241,34,,,1,98,,1631242,34,,,1
5400,'20261012',719,,1631243,34,,,1,100,,1631244,34,,,1,101,,1631245,34,,,1,99,,1631246,34,,,1,100,,1631247,34,,,1,100,,1631248,34,,,1,31,,1631249,34,,,1,69,,1631250,34,,,1,30,,1631251,34,,,1,71,,1631252,34,,,1,24,,1631253,34,,,1,75,,1631254,34,,,1,27,,1631255,34,,,1,72,,1631256,34,,,1,32,,1631257,34,,,1,80,,1631258,34,,,1,71,,1631259,34,,,1,21,,1631260,34,,,1,100,,1631261,34,,,1,99,,1631262,34,,,1,100,,1631263,34,,,1,100,,1631264,34,,,1,98,,1631265,34,,,1,102,,1631266,34,,,1,98,,1631267,34,,,1
5400,'20261013',642,,1570471,34,,,1,72,,1570472,34,,,1,36,,1570473,34,,,1,68,,1570474,34,,,1,30,,1570475,34,,,1,66,,1570476,34,,,1,29,,1570477,34,,,1,71,,1570478,34,,,1,31,,1570479,34,,,1,70,,1570480,34,,,1,31,,1570481,34,,,1,69,,1570482,34,,,1,30,,1570483,34,,,1,71,,1570484,34,,,1,28,,1570485,34,,,1,70,,1570486,34,,,1,28,,1570487,34,,,1,72,,1570488,34,,,1,29,,1570489,34,,,1,59,,1570491,34,,,1,17,,1570490,47,,,1,19,,1570493,34,,,1,19,,1570492,47,,,1,56,,1570495,34,,,1,14,,1570494,47,,,1,12,,1570497,34,,,1,11,,1570496,47,,,1,55,,1570498,34,,,1,18,,1570499,34,,,1,28,,1570500,34,,,1,73,,1570501,34,,,1,92,,1570502,34,,,1,105,,1570503,34,,,1,99,,1570504,34,,,1,104,,1570505,34,,,1,103,,1570506,34,,,1,95,,1570507,34,,,1
5400,'20261014',642,,1570508,34,,,1,72,,1570509,34,,,1,36,,1570510,34,,,1,68,,1570511,34,,,1,30,,1570512,34,,,1,66,,1570513,34,,,1,29,,1570514,34,,,1,71,,1570515,34,,,1,31,,1570516,34,,,1,70,,1570517,34,,,1,31,,1570518,34,,,1,69,,1570519,34,,,1,30,,1570520,34,,,1,71,,1570521,34,,,1,28,,1570522,34,,,1,70,,1570523,34,,,1,28,,1570524,34,,,1,72,,1570525,34,,,1,29,,1570526,34,,,1,59,,1570528,34,,,1,17,,1570527,47,,,1,19,,1570530,34,,,1,19,,1570529,47,,,1,56,,1570532,34,,,1,14,,1570531,47,,,1,12,,1570534,34,,,1,11,,1570533,47,,,1,55,,1570535,34,,,1,18,,1570536,34,,,1,28,,1570537,34,,,1,73,,1570538,34,,,1,92,,1570539,34,,,1,105,,1570540,34,,,1,99,,1570541,34,,,1,104,,1570542,34,,,1,103,,1570543,34,,,1,95,,1570544,34,,,1
5400,'20261015',642,,1570545,34,,,1,72,,1570546,34,,,1,36,,1570547,34,,,1,68,,1570548,34,,,1,30,,1570549,34,,,1,66,,1570550,34,,,1,29,,1570551,34,,,1,71,,1570552,34,,,1,31,,1570553,34,,,1,70,,1570554,34,,,1,31,,1570555,34,,,1,69,,1570556,34,,,1,30,,1570557,34,,,1,71,,1570558,34,,,1,28,,1570559,34,,,1,70,,1570560,34,,,1,28,,1570561,34,,,1,72,,1570562,34,,,1,29,,1570563,34,,,1,59,,1570565,34,,,1,17,,1570564,47,,,1,19,,1570567,34,,,1,19,,1570566,47,,,1,56,,1570569,34,,,1,14,,1570568,47,,,1,12,,1570571,34,,,1,11,,1570570,47,,,1,55,,1570572,34,,,1,18,,1570573,34,,,1,28,,1570574,34,,,1,73,,1570575,34,,,1,92,,1570576,34,,,1,105,,1570577,34,,,1,99,,1570578,34,,,1,104,,1570579,34,,,1,103,,1570580,34,,,1,95,,1570581,34,,,1
5400,'20261016',642,,1570582,34,,,1,72,,1570583,34,,,1,36,,1570584,34,,,1,68,,1570585,34,,,1,30,,1570586,34,,,1,66,,1570587,34,,,1,29,,1570588,34,,,1,71,,1570589,34,,,1,31,,1570590,34,,,1,70,,1570591,34,,,1,31,,1570592,34,,,1,69,,1570593,34,,,1,30,,1570594,34,,,1,71,,1570595,34,,,1,28,,1570596,34,,,1,70,,1570597,34,,,1,28,,1570598,34,,,1,72,,1570599,34,,,1,29,,1570600,34,,,1,59,,1570602,34,,,1,17,,1570601,47,,,1,19,,1570604,34,,,1,19,,1570603,47,,,1,56,,1570606,34,,,1,14,,1570605,47,,,1,12,,1570608,34,,,1,11,,1570607,47,,,1,55,,1570609,34,,,1,18,,1570610,34,,,1,28,,1570611,34,,,1,73,,1570612,34,,,1,92,,1570613,34,,,1,105,,1570614,34,,,1,99,,1570615,34,,,1,104,,1570616,34,,,1,103,,1570617,34,,,1,95,,1570618,34,,,1
5400,'20261017',719,,1602210,34,,,1,100,,1602211,34,,,1,101,,1602212,34,,,1,99,,1602231,34,,,1,100,,1602232,34,,,1,100,,1602225,34,,,1,31,,1602213,34,,,1,69,,1602226,34,,,1,30,,1602214,34,,,1,71,,1602227,34,,,1,24,,1602215,34,,,1,75,,1602228,34,,,1,27,,1602216,34,,,1,72,,1602229,34,,,1,32,,1602217,34,,,1,80,,1602230,34,,,1,71,,1602218,34,,,1,21,,1602219,34,,,1,100,,1602220,34,,,1,99,,1602221,34,,,1,100,,1602222,34,,,1,100,,1602223,34,,,1,98,,1602224,34,,,1,102,,1602233,34,,,1,98,,1602234,34,,,1
5400,'20261018',719,,1602235,34,,,1,100,,1602237,34,,,1,101,,1602236,34,,,1,99,,1602256,34,,,1,100,,1602257,34,,,1,100,,1602251,34,,,1,31,,1602240,34,,,1,69,,1602252,34,,,1,30,,1602243,34,,,1,71,,1602239,34,,,1,24,,1602245,34,,,1,75,,1602254,34,,,1,27,,1602250,34,,,1,72,,1602253,34,,,1,32,,1602238,34,,,1,80,,1602255,34,,,1,71,,1602242,34,,,1,21,,1602247,34,,,1,100,,1602244,34,,,1,99,,1602246,34,,,1,100,,1602248,34,,,1,100,,1602249,34,,,1,98,,1602241,34,,,1,102,,1602258,34,,,1,98,,1602259,34,,,1
5400,'20261019',642,,1602260,34,,,1,72,,1602261,34,,,1,36,,1602262,34,,,1,68,,1602263,34,,,1,30,,1602264,34,,,1,66,,1602265,34,,,1,29,,1602266,34,,,1,71,,1602267,34,,,1,31,,1602268,34,,,1,70,,1602269,34,,,1,31,,1602270,34,,,1,69,,1602271,34,,,1,30,,1602272,34,,,1,71,,1602273,34,,,1,28,,1602274,34,,,1,70,,1602275,34,,,1,28,,1602276,34,,,1,72,,1602277,34,,,1,29,,1602278,34,,,1,59,,1602280,34,,,1,17,,1602279,47,,,1,19,,1602282,34,,,1,19,,1602281,47,,,1,56,,1602284,34,,,1,14,,1602283,47,,,1,12,,1602286,34,,,1,11,,1602285,47,,,1,55,,1602287,34,,,1,18,,1602288,34,,,1,28,,1602289,34,,,1,73,,1602290,34,,,1,92,,1602291,34,,,1,105,,1602292,34,,,1,99,,1602293,34,,,1,104,,1602294,34,,,1,103,,1602295,34,,,1,95,,1602296,34,,,1
5400,'20261020',642,,1602297,34,,,1,72,,1602298,34,,,1,36,,1602299,34,,,1,68,,1602300,34,,,1,30,,1602301,34,,,1,66,,1602302,34,,,1,29,,1602303,34,,,1,71,,1602304,34,,,1,31,,1602305,34,,,1,70,,1602306,34,,,1,31,,1602307,34,,,1,69,,1602308,34,,,1,30,,1602309,34,,,1,71,,1602310,34,,,1,28,,1602311,34,,,1,70,,1602312,34,,,1,28,,1602313,34,,,1,72,,1602314,34,,,1,29,,1602315,34,,,1,59,,1602317,34,,,1,17,,1602316,47,,,1,19,,1602319,34,,,1,19,,1602318,47,,,1,56,,1602321,34,,,1,14,,1602320,47,,,1,12,,1602323,34,,,1,11,,1602322,47,,,1,55,,1602324,34,,,1,18,,1602325,34,,,1,28,,1602326,34,,,1,73,,1602327,34,,,1,92,,1602328,34,,,1,105,,1602329,34,,,1,99,,1602330,34,,,1,104,,1602331,34,,,1,103,,1602332,34,,,1,95,,1602333,34,,,1
5400,'20261021',642,,1631268,34,,,1,72,,1631269,34,,,1,36,,1631270,34,,,1,68,,1631271,34,,,1,30,,1631272,34,,,1,66,,1631273,34,,,1,29,,1631274,34,,,1,71,,1631275,34,,,1,31,,1631276,34,,,1,70,,1631277,34,,,1,31,,1631278,34,,,1,69,,1631279,34,,,1,30,,1631280,34,,,1,71,,1631281,34,,,1,28,,1631282,34,,,1,70,,1631283,34,,,1,28,,1631284,34,,,1,72,,1631285,34,,,1,29,,1631286,34,,,1,59,,1631288,34,,,1,17,,1631287,47,,,1,19,,1631290,34,,,1,19,,1631289,47,,,1,56,,1631292,34,,,1,14,,1631291,47,,,1,12,,1631294,34,,,1,11,,1631293,47,,,1,55,,1631295,34,,,1,18,,1631296,34,,,1,28,,1631297,34,,,1,73,,1631298,34,,,1,92,,1631299,34,,,1,105,,1631300,34,,,1,99,,1631301,34,,,1,104,,1631302,34,,,1,103,,1631303,34,,,1,95,,1631304,34,,,1
5400,'20261022',642,,1631305,34,,,1,72,,1631306,34,,,1,36,,1631307,34,,,1,68,,1631308,34,,,1,30,,1631309,34,,,1,66,,1631310,34,,,1,29,,1631311,34,,,1,71,,1631312,34,,,1,31,,1631313,34,,,1,70,,1631314,34,,,1,31,,1631315,34,,,1,69,,1631316,34,,,1,30,,1631317,34,,,1,71,,1631318,34,,,1,28,,1631319,34,,,1,70,,1631320,34,,,1,28,,1631321,34,,,1,72,,1631322,34,,,1,29,,1631323,34,,,1,59,,1631325,34,,,1,17,,1631324,47,,,1,19,,1631327,34,,,1,19,,1631326,47,,,1,56,,1631329,34,,,1,14,,1631328,47,,,1,12,,1631331,34,,,1,11,,1631330,47,,,1,55,,1631332,34,,,1,18,,1631333,34,,,1,28,,1631334,34,,,1,73,,1631335,34,,,1,92,,1631336,34,,,1,105,,1631337,34,,,1,99,,1631338,34,,,1,104,,1631339,34,,,1,103,,1631340,34,,,1,95,,1631341,34,,,1
5400,'20261023',642,,1631342,34,,,1,72,,1631343,34,,,1,36,,1631344,34,,,1,68,,1631345,34,,,1,30,,1631346,34,,,1,66,,1631347,34,,,1,29,,1631348,34,,,1,71,,1631349,34,,,1,31,,1631350,34,,,1,70,,1631351,34,,,1,31,,1631352,34,,,1,69,,1631353,34,,,1,30,,1631354,34,,,1,71,,1631355,34,,,1,28,,1631356,34,,,1,70,,1631357,34,,,1,28,,1631358,34,,,1,72,,1631359,34,,,1,29,,1631360,34,,,1,59,,1631362,34,,,1,17,,1631361,47,,,1,19,,1631364,34,,,1,19,,1631363,47,,,1,56,,1631366,34,,,1,14,,1631365,47,,,1,12,,1631368,34,,,1,11,,1631367,47,,,1,55,,1631369,34,,,1,18,,1631370,34,,,1,28,,1631371,34,,,1,73,,1631372,34,,,1,92,,1631373,34,,,1,105,,1631374,34,,,1,99,,1631375,34,,,1,104,,1631376,34,,,1,103,,1631377,34,,,1,95,,1631378,34,,,1
25400,'20261009',1540,,1611950,26,4,,0,74,,1611951,26,4,,0,36,,1611952,26,4,,0,64,,1611953,26,4,,0,25,,1611954,26,4,,0,69,,1611955,26,4,,0
25400,'20261013',1540,,1580199,26,4,,0,74,,1580200,26,4,,0,36,,1580201,26,4,,0,64,,1580202,26,4,,0,25,,1580203,26,4,,0,69,,1580204,26,4,,0
25400,'20261014',1540,,1580205,26,4,,0,74,,1580206,26,4,,0,36,,1580207,26,4,,0,64,,1580208,26,4,,0,25,,1580209,26,4,,0,69,,1580210,26,4,,0
25400,'20261015',1540,,1580211,26,4,,0,74,,1580212,26,4,,0,36,,1580213,26,4,,0,64,,1580214,26,4,,0,25,,1580215,26,4,,0,69,,1580216,26,4,,0
25400,'20261016',1540,,1580217,26,4,,0,74,,1580218,26,4,,0,36,,1580219,26,4,,0,64,,1580220,26,4,,0,25,,1580221,26,4,,0,69,,1580222,26,4,,0
25400,'20261019',1540,,1611956,26,4,,0,74,,1611957,26,4,,0,36,,1611958,26,4,,0,64,,1611959,26,4,,0,25,,1611960,26,4,,0,69,,1611961,26,4,,0
25400,'20261020',1540,,1611962,26,4,,0,74,,1611963,26,4,,0,36,,1611964,26,4,,0,64,,1611965,26,4,,0,25,,1611966,26,4,,0,69,,1611967,26,4,,0
25400,'20261021',1540,,1637952,26,4,,0,74,,1637953,26,4,,0,36,,1637954,26,4,,0,64,,1637955,26,4,,0,25,,1637956,26,4,,0,69,,1637957,26,4,,0
25400,'20261022',1540,,1637958,26,4,,0,74,,1637959,26,4,,0,36,,1637960,26,4,,0,64,,1637961,26,4,,0,25,,1637962,26,4,,0,69,,1637963,26,4,,0
25400,'20261023',1540,,1637964,26,4,,0,74,,1637965,26,4,,0,36,,1637966,26,4,,0,64,,1637967,26,4,,0,25,,1637968,26,4,,0,69,,1637969,26,4,,0
35400,'20261009',1244,,1613385,23,4,,0,414,,1613386,23,4,,0,96,,1613387,23,4,,0
35400,'20261013',1244,,1581626,23,4,,0,414,,1581628,23,4,,0,96,,1581627,23,4,,0
35400,'20261014',1244,,1581629,23,4,,0,414,,1581631,23,4,,0,96,,1581630,23,4,,0
35400,'20261015',1244,,1581632,23,4,,0,414,,1581634,23,4,,0,96,,1581633,23,4,,0
35400,'20261016',1244,,1581635,23,4,,0,414,,1581637,23,4,,0,96,,1581636,23,4,,0
35400,'20261019',1244,,1613388,23,4,,0,414,,1613390,23,4,,0,96,,1613389,23,4,,0
35400,'20261020',1244,,1613391,23,4,,0,414,,1613393,23,4,,0,96,,1613392,23,4,,0
35400,'20261021',1244,,1638666,23,4,,0,414,,1638668,23,4,,0,96,,1638667,23,4,,0
35400,'20261022',1244,,1638669,23,4,,0,414,,1638671,23,4,,0,96,,1638670,23,4,,0
35400,'20261023',1244,,1638672,23,4,,0,414,,1638674,23,4,,0,96,,1638673,23,4,,0
55400,'20261009',1624,,1614166,21,4,,0,26,,1614167,21,4,,0,66,,1614168,21,4,,0,85,,1614169,21,4,,0
55400,'20261013',1624,,1582407,21,4,,0,26,,1582405,21,4,,0,66,,1582404,21,4,,0,85,,1582406,21,4,,0
55400,'20261014',1624,,1582411,21,4,,0,26,,1582409,21,4,,0,66,,1582408,21,4,,0,85,,1582410,21,4,,0
55400,'20261015',1624,,1582415,21,4,,0,26,,1582413,21,4,,0,66,,1582412,21,4,,0,85,,1582414,21,4,,0
55400,'20261016',1624,,1582419,21,4,,0,26,,1582417,21,4,,0,66,,1582416,21,4,,0,85,,1582418,21,4,,0
55400,'20261019',1624,,1614173,21,4,,0,26,,1614171,21,4,,0,66,,1614170,21,4,,0,85,,1614172,21,4,,0
55400,'20261020',1624,,1614177,21,4,,0,26,,1614175,21,4,,0,66,,1614174,21,4,,0,85,,1614176,21,4,,0
55400,'20261021',1624,,1639058,21,4,,0,26,,1639056,21,4,,0,66,,1639055,21,4,,0,85,,1639057,21,4,,0
55400,'20261022',1624,,1639062,21,4,,0,26,,1639060,21,4,,0,66,,1639059,21,4,,0,85,,1639061,21,4,,0
55400,'20261023',1624,,1639066,21,4,,0,26,,1639064,21,4,,0,66,,1639063,21,4,,0,85,,1639065,21,4,,0
95400,'20261009',2601,,1625332,43,,,0,130,,1625333,43,,,0
95400,'20261010',2601,,1646893,43,,,0,130,,1646894,43,,,0
95400,'20261016',2601,,1593524,43,,,0,130,,1593525,43,,,0
95400,'20261017',2601,,1625334,43,,,0,130,,1625335,43,,,0
95400,'20261023',2601,,1646895,43,,,0,130,,1646896,43,,,0
7005400,'20261009',1642,,1625459,16,,,0
7005400,'20261013',1642,,1593616,16,,,0
7005400,'20261014',1642,,1593617,16,,,0
7005400,'20261015',1642,,1593618,16,,,0
7005400,'20261016',1642,,1593619,16,,,0
7005400,'20261019',1642,,1625460,16,,,0
7005400,'20261020',1642,,1625461,16,,,0
7005400,'20261021',1642,,1646943,16,,,0
7005400,'20261022',1642,,1646944,16,,,0
7005400,'20261023',1642,,1646945,16,,,0
