5400,'20260929',622,,1546094,6,,,1,32,,1546095,6,,,1,74,,1546089,6,,,1,29,,1546096,6,,,1,70,,1546097,6,,,1,26,,1546098,6,,,1,69,,1546099,6,,,1,32,,1546100,6,,,1,71,,1546101,6,,,1,30,,1546102,6,,,1,70,,1546103,6,,,1,29,,1546104,6,,,1,70,,1546105,6,,,1,31,,1546106,6,,,1,68,,1546107,6,,,1,30,,1546108,6,,,1,68,,1546109,6,,,1,32,,1546110,6,,,1,69,,1546111,6,,,1,19,,1546112,6,,,1,16,,1546090,19,,,1,58,,1546113,6,,,1,18,,1546091,19,,,1,17,,1546114,6,,,1,56,,1546092,19,,,1,14,,1546115,6,,,1,11,,1546093,19,,,1,15,,1546116,6,,,1,58,,1546117,6,,,1,28,,1546118,6,,,1,73,,1546119,6,,,1,52,,1546120,6,,,1,145,,1546121,6,,,1,100,,1546122,6,,,1,105,,1546123,6,,,1,104,,1546124,6,,,1,95,,1546125,6,,,1
5400,'20260930',622,,1546131,6,,,1,32,,1546132,6,,,1,74,,1546126,6,,,1,29,,1546133,6,,,1,70,,1546134,6,,,1,26,,1546135,6,,,1,69,,1546136,6,,,1,32,,1546137,6,,,1,71,,1546138,6,,,1,30,,1546139,6,,,1,70,,1546140,6,,,1,29,,1546141,6,,,1,70,,1546142,6,,,1,31,,1546143,6,,,1,68,,1546144,6,,,1,30,,1546145,6,,,1,68,,1546146,6,,,1,32,,1546147,6,,,1,69,,1546148,6,,,1,19,,1546149,6,,,1,16,,1546127,19,,,1,58,,1546150,6,,,1,18,,1546128,19,,,1,17,,1546151,6,,,1,56,,1546129,19,,,1,14,,1546152,6,,,1,11,,1546130,19,,,1,15,,1546153,6,,,1,58,,1546154,6,,,1,28,,1546155,6,,,1,73,,1546156,6,,,1,52,,1546157,6,,,1,145,,1546158,6,,,1,100,,1546159,6,,,1,105,,1546160,6,,,1,104,,1546161,6,,,1,95,,1546162,6,,,1
5400,'20261001',622,,1546168,6,,,1,32,,1546169,6,,,1,74,,1546163,6,,,1,29,,1546170,6,,,1,70,,1546171,6,,,1,26,,1546172,6,,,1,69,,1546173,6,,,1,32,,1546174,6,,,1,71,,1546175,6,,,1,30,,1546176,6,,,1,70,,1546177,6,,,1,29,,1546178,6,,,1,70,,1546179,6,,,1,31,,1546180,6,,,1,68,,1546181,6,,,1,30,,1546182,6,,,1,68,,1546183,6,,,1,32,,1546184,6,,,1,69,,1546185,6,,,1,19,,1546186,6,,,1,16,,1546164,19,,,1,58,,1546187,6,,,1,18,,1546165,19,,,1,17,,1546188,6,,,1,56,,1546166,19,,,1,14,,1546189,6,,,1,11,,1546167,19,,,1,15,,1546190,6,,,1,58,,1546191,6,,,1,28,,1546192,6,,,1,73,,1546193,6,,,1,52,,1546194,6,,,1,145,,1546195,6,,,1,100,,1546196,6,,,1,105,,1546197,6,,,1,104,,1546198,6,,,1,95,,1546199,6,,,1
5400,'20261002',622,,1468881,6,,,1,32,,1468882,6,,,1,74,,1468883,6,,,1,29,,1468884,6,,,1,70,,1468885,6,,,1,26,,1468886,6,,,1,69,,1468887,6,,,1,32,,1468888,6,,,1,71,,1468889,6,,,1,30,,1468890,6,,,1,70,,1468891,6,,,1,29,,1468892,6,,,1,70,,1468893,6,,,1,31,,1468894,6,,,1,68,,1468895,6,,,1,30,,1468896,6,,,1,68,,1468897,6,,,1,32,,1468898,6,,,1,69,,1468899,6,,,1,19,,1468901,6,,,1,16,,1468900,19,,,1,58,,1468903,6,,,1,18,,1468902,19,,,1,17,,1468905,6,,,1,56,,1468904,19,,,1,14,,1468907,6,,,1,11,,1468906,19,,,1,15,,1468908,6,,,1,58,,1468909,6,,,1,28,,1468910,6,,,1,73,,1468911,6,,,1,52,,1468912,6,,,1,145,,1468913,6,,,1,100,,1468914,6,,,1,105,,1468915,6,,,1,104,,1468916,6,,,1,95,,1468917,6,,,1
5400,'20261003',701,,1491870,6,,,1,99,,1491871,6,,,1,101,,1491872,6,,,1,99,,1491891,6,,,1,59,,1491892,6,,,1,100,,1491885,6,,,1,70,,1491873,6,,,1,29,,1491886,6,,,1,70,,1491874,6,,,1,31,,1491887,6,,,1,64,,1491875,6,,,1,35,,1491888,6,,,1,67,,1491876,6,,,1,32,,1491889,6,,,1,72,,1491877,6,,,1,80,,1491890,6,,,1,32,,1491878,6,,,1,62,,1491879,6,,,1,100,,1491880,6,,,1,99,,1491881,6,,,1,100,,1491882,6,,,1,101,,1491883,6,,,1,99,,1491884,6,,,1,102,,1491893,6,,,1,99,,1491894,6,,,1
5400,'20261004',701,,1491895,6,,,1,99,,1491897,6,,,1,101,,1491896,6,,,1,99,,1491916,6,,,1,59,,1491917,6,,,1,100,,1491911,6,,,1,70,,1491900,6,,,1,29,,1491912,6,,,1,70,,1491903,6,,,1,31,,1491899,6,,,1,64,,1491905,6,,,1,35,,1491914,6,,,1,67,,1491910,6,,,1,32,,1491913,6,,,1,72,,1491898,6,,,1,80,,1491915,6,,,1,32,,1491902,6,,,1,62,,1491907,6,,,1,100,,1491904,6,,,1,99,,1491906,6,,,1,100,,1491908,6,,,1,101,,1491909,6,,,1,99,,1491901,6,,,1,102,,1491918,6,,,1,99,,1491919,6,,,1
5400,'20261005',622,,1491920,6,,,1,32,,1491921,6,,,1,74,,1491922,6,,,1,29,,1491923,6,,,1,70,,1491924,6,,,1,26,,1491925,6,,,1,69,,1491926,6,,,1,32,,1491927,6,,,1,71,,1491928,6,,,1,30,,1491929,6,,,1,70,,1491930,6,,,1,29,,1491931,6,,,1,70,,1491932,6,,,1,31,,1491933,6,,,1,68,,1491934,6,,,1,30,,1491935,6,,,1,68,,1491936,6,,,1,32,,1491937,6,,,1,69,,1491938,6,,,1,19,,1491940,6,,,1,16,,1491939,19,,,1,58,,1491942,6,,,1,18,,1491941,19,,,1,17,,1491944,6,,,1,56,,1491943,19,,,1,14,,1491946,6,,,1,11,,1491945,19,,,1,15,,1491947,6,,,1,58,,1491948,6,,,1,28,,1491949,6,,,1,73,,1491950,6,,,1,52,,1491951,6,,,1,145,,1491952,6,,,1,100,,1491953,6,,,1,105,,1491954,6,,,1,104,,1491955,6,,,1,95,,1491956,6,,,1
5400,'20261006',622,,1517194,6,,,1,32,,1517195,6,,,1,74,,1517196,6,,,1,29,,1517197,6,,,1,70,,1517198,6,,,1,26,,1517199,6,,,1,69,,1517200,6,,,1,32,,1517201,6,,,1,71,,1517202,6,,,1,30,,1517203,6,,,1,70,,1517204,6,,,1,29,,1517205,6,,,1,70,,1517206,6,,,1,31,,1517207,6,,,1,68,,1517208,6,,,1,30,,1517209,6,,,1,68,,1517210,6,,,1,32,,1517211,6,,,1,69,,1517212,6,,,1,19,,1517214,6,,,1,16,,1517213,19,,,1,58,,1517216,6,,,1,18,,1517215,19,,,1,17,,1517218,6,,,1,56,,1517217,19,,,1,14,,1517220,6,,,1,11,,1517219,19,,,1,15,,1517221,6,,,1,58,,1517222,6,,,1,28,,1517223,6,,,1,73,,1517224,6,,,1,52,,1517225,6,,,1,145,,1517226,6,,,1,100,,1517227,6,,,1,105,,1517228,6,,,1,104,,1517229,6,,,1,95,,1517230,6,,,1
5400,'20261007',622,,1517231,6,,,1,32,,1517232,6,,,1,74,,1517233,6,,,1,29,,1517234,6,,,1,70,,1517235,6,,,1,26,,1517236,6,,,1,69,,1517237,6,,,1,32,,1517238,6,,,1,71,,1517239,6,,,1,30,,1517240,6,,,1,70,,1517241,6,,,1,29,,1517242,6,,,1,70,,1517243,6,,,1,31,,1517244,6,,,1,68,,1517245,6,,,1,30,,1517246,6,,,1,68,,1517247,6,,,1,32,,1517248,6,,,1,69,,1517249,6,,,1,19,,1517251,6,,,1,16,,1517250,19,,,1,58,,1517253,6,,,1,18,,1517252,19,,,1,17,,1517255,6,,,1,56,,1517254,19,,,1,14,,1517257,6,,,1,11,,1517256,19,,,1,15,,1517258,6,,,1,58,,1517259,6,,,1,28,,1517260,6,,,1,73,,1517261,6,,,1,52,,1517262,6,,,1,145,,1517263,6,,,1,100,,1517264,6,,,1,105,,1517265,6,,,1,104,,1517266,6,,,1,95,,1517267,6,,,1
5400,'20261008',622,,1517268,6,,,1,32,,1517269,6,,,1,74,,1517270,6,,,1,29,,1517271,6,,,1,70,,1517272,6,,,1,26,,1517273,6,,,1,69,,1517274,6,,,1,32,,1517275,6,,,1,71,,1517276,6,,,1,30,,1517277,6,,,1,70,,1517278,6,,,1,29,,1517279,6,,,1,70,,1517280,6,,,1,31,,1517281,6,,,1,68,,1517282,6,,,1,30,,1517283,6,,,1,68,,1517284,6,,,1,32,,1517285,6,,,1,69,,1517286,6,,,1,19,,1517288,6,,,1,16,,1517287,19,,,1,58,,1517290,6,,,1,18,,1517289,19,,,1,17,,1517292,6,,,1,56,,1517291,19,,,1,14,,1517294,6,,,1,11,,1517293,19,,,1,15,,1517295,6,,,1,58,,1517296,6,,,1,28,,1517297,6,,,1,73,,1517298,6,,,1,52,,1517299,6,,,1,145,,1517300,6,,,1,100,,1517301,6,,,1,105,,1517302,6,,,1,104,,1517303,6,,,1,95,,1517304,6,,,1
5400,'20261009',622,,1517305,6,,,1,32,,1517306,6,,,1,74,,1517307,6,,,1,29,,1517308,6,,,1,70,,1517309,6,,,1,26,,1517310,6,,,1,69,,1517311,6,,,1,32,,1517312,6,,,1,71,,1517313,6,,,1,30,,1517314,6,,,1,70,,1517315,6,,,1,29,,1517316,6,,,1,70,,1517317,6,,,1,31,,1517318,6,,,1,68,,1517319,6,,,1,30,,1517320,6,,,1,68,,1517321,6,,,1,32,,1517322,6,,,1,69,,1517323,6,,,1,19,,1517325,6,,,1,16,,1517324,19,,,1,58,,1517327,6,,,1,18,,1517326,19,,,1,17,,1517329,6,,,1,56,,1517328,19,,,1,14,,1517331,6,,,1,11,,1517330,19,,,1,15,,1517332,6,,,1,58,,1517333,6,,,1,28,,1517334,6,,,1,73,,1517335,6,,,1,52,,1517336,6,,,1,145,,1517337,6,,,1,100,,1517338,6,,,1,105,,1517339,6,,,1,104,,1517340,6,,,1,95,,1517341,6,,,1
5400,'20261010',701,,1546200,6,,,1,99,,1546201,6,,,1,101,,1546202,6,,,1,99,,1546221,6,,,1,59,,1546222,6,,,1,100,,1546215,6,,,1,70,,1546203,6,,,1,29,,1546216,6,,,1,70,,1546204,6,,,1,31,,1546217,6,,,1,64,,1546205,6,,,1,35,,1546218,6,,,1,67,,1546206,6,,,1,32,,1546219,6,,,1,72,,1546207,6,,,1,80,,1546220,6,,,1,32,,1546208,6,,,1,62,,1546209,6,,,1,100,,1546210,6,,,1,99,,1546211,6,,,1,100,,1546212,6,,,1,101,,1546213,6,,,1,99,,1546214,6,,,1,102,,1546223,6,,,1,99,,1546224,6,,,1
5400,'20261011',701,,1546225,6,,,1,99,,1546227,6,,,1,101,,1546226,6,,,1,99,,1546246,6,,,1,59,,1546247,6,,,1,100,,1546241,6,,,1,70,,1546230,6,,,1,29,,1546242,6,,,1,70,,1546233,6,,,1,31,,1546229,6,,,1,64,,1546235,6,,,1,35,,1546244,6,,,1,67,,1546240,6,,,1,32,,1546243,6,,,1,72,,1546228,6,,,1,80,,1546245,6,,,1,32,,1546232,6,,,1,62,,1546237,6,,,1,100,,1546234,6,,,1,99,,1546236,6,,,1,100,,1546238,6,,,1,101,,1546239,6,,,1,99,,1546231,6,,,1,102,,1546248,6,,,1,99,,1546249,6,,,1
5400,'20261012',701,,1546250,6,,,1,99,,1546252,6,,,1,101,,1546251,6,,,1,99,,1546271,6,,,1,59,,1546272,6,,,1,100,,1546266,6,,,1,70,,1546255,6,,,1,29,,1546267,6,,,1,70,,1546258,6,,,1,31,,1546254,6,,,1,64,,1546260,6,,,1,35,,1546269,6,,,1,67,,1546265,6,,,1,32,,1546268,6,,,1,72,,1546253,6,,,1,80,,1546270,6,,,1,32,,1546257,6,,,1,62,,1546262,6,,,1,100,,1546259,6,,,1,99,,1546261,6,,,1,100,,1546263,6,,,1,101,,1546264,6,,,1,99,,1546256,6,,,1,102,,1546273,6,,,1,99,,1546274,6,,,1
