9202,'20261009',536,,1609910,12,,,0,96,,1609911,12,,,0,73,,1609912,12,,,0,31,,1609913,12,,,0,72,,1609914,12,,,0,31,,1609915,12,,,0,99,,1609916,12,,,0,100,,1609917,12,,,0,100,,1609918,12,,,0,101,,1609919,12,,,0,100,,1609920,12,,,0,100,,1609921,12,,,0,98,,1609922,12,,,0,103,,1609923,12,,,0,100,,1609924,12,,,0,100,,1609925,12,,,0,98,,1609926,12,,,0,99,,1609927,12,,,0,99,,1609928,12,,,0,99,,1609929,12,,,0
9202,'20261010',557,,1636611,12,,,0,100,,1636612,12,,,0,99,,1636613,12,,,0,100,,1636614,12,,,0,98,,1636615,12,,,0,100,,1636616,12,,,0,97,,1636617,12,,,0,101,,1636618,12,,,0,101,,1636619,12,,,0,102,,1636620,12,,,0,101,,1636621,12,,,0,144,,1636622,12,,,0,59,,1636623,12,,,0,100,,1636624,12,,,0,97,,1636625,12,,,0,101,,1636626,12,,,0,100,,1636627,12,,,0
9202,'20261011',557,,1636628,12,,,0,100,,1636629,12,,,0,99,,1636630,12,,,0,100,,1636631,12,,,0,98,,1636632,12,,,0,100,,1636633,12,,,0,97,,1636634,12,,,0,101,,1636635,12,,,0,101,,1636636,12,,,0,102,,1636637,12,,,0,101,,1636638,12,,,0,144,,1636639,12,,,0,59,,1636640,12,,,0,100,,1636641,12,,,0,97,,1636642,12,,,0,101,,1636643,12,,,0,100,,1636644,12,,,0
9202,'20261012',557,,1636645,12,,,0,100,,1636646,12,,,0,99,,1636647,12,,,0,100,,1636648,12,,,0,98,,1636649,12,,,0,100,,1636650,12,,,0,97,,1636651,12,,,0,101,,1636652,12,,,0,101,,1636653,12,,,0,102,,1636654,12,,,0,101,,1636655,12,,,0,144,,1636656,12,,,0,59,,1636657,12,,,0,100,,1636658,12,,,0,97,,1636659,12,,,0,101,,1636660,12,,,0,100,,1636661,12,,,0
9202,'20261013',536,,1578206,12,,,0,96,,1578205,12,,,0,73,,1578204,12,,,0,31,,1578187,12,,,0,72,,1578203,12,,,0,31,,1578188,12,,,0,99,,1578189,12,,,0,100,,1578190,12,,,0,100,,1578192,12,,,0,101,,1578193,12,,,0,100,,1578191,12,,,0,100,,1578199,12,,,0,98,,1578197,12,,,0,103,,1578198,12,,,0,100,,1578200,12,,,0,100,,1578194,12,,,0,98,,1578195,12,,,0,99,,1578196,12,,,0,99,,1578201,12,,,0,99,,1578202,12,,,0
9202,'20261014',536,,1578226,12,,,0,96,,1578225,12,,,0,73,,1578224,12,,,0,31,,1578207,12,,,0,72,,1578223,12,,,0,31,,1578208,12,,,0,99,,1578209,12,,,0,100,,1578210,12,,,0,100,,1578212,12,,,0,101,,1578213,12,,,0,100,,1578211,12,,,0,100,,1578219,12,,,0,98,,1578217,12,,,0,103,,1578218,12,,,0,100,,1578220,12,,,0,100,,1578214,12,,,0,98,,1578215,12,,,0,99,,1578216,12,,,0,99,,1578221,12,,,0,99,,1578222,12,,,0
9202,'20261015',536,,1578246,12,,,0,96,,1578245,12,,,0,73,,1578244,12,,,0,31,,1578227,12,,,0,72,,1578243,12,,,0,31,,1578228,12,,,0,99,,1578229,12,,,0,100,,1578230,12,,,0,100,,1578232,12,,,0,101,,1578233,12,,,0,100,,1578231,12,,,0,100,,1578239,12,,,0,98,,1578237,12,,,0,103,,1578238,12,,,0,100,,1578240,12,,,0,100,,1578234,12,,,0,98,,1578235,12,,,0,99,,1578236,12,,,0,99,,1578241,12,,,0,99,,1578242,12,,,0
9202,'20261016',536,,1578266,12,,,0,96,,1578265,12,,,0,73,,1578264,12,,,0,31,,1578247,12,,,0,72,,1578263,12,,,0,31,,1578248,12,,,0,99,,1578249,12,,,0,100,,1578250,12,,,0,100,,1578252,12,,,0,101,,1578253,12,,,0,100,,1578251,12,,,0,100,,1578259,12,,,0,98,,1578257,12,,,0,103,,1578258,12,,,0,100,,1578260,12,,,0,100,,1578254,12,,,0,98,,1578255,12,,,0,99,,1578256,12,,,0,99,,1578261,12,,,0,99,,1578262,12,,,0
9202,'20261017',557,,1609946,12,,,0,100,,1609945,12,,,0,99,,1609930,12,,,0,100,,1609941,12,,,0,98,,1609940,12,,,0,100,,1609931,12,,,0,97,,1609942,12,,,0,101,,1609934,12,,,0,101,,1609936,12,,,0,102,,1609935,12,,,0,101,,1609943,12,,,0,144,,1609932,12,,,0,59,,1609933,12,,,0,100,,1609944,12,,,0,97,,1609937,12,,,0,101,,1609938,12,,,0,100,,1609939,12,,,0
9202,'20261018',557,,1609963,12,,,0,100,,1609962,12,,,0,99,,1609947,12,,,0,100,,1609957,12,,,0,98,,1609956,12,,,0,100,,1609948,12,,,0,97,,1609958,12,,,0,101,,1609951,12,,,0,101,,1609953,12,,,0,102,,1609952,12,,,0,101,,1609959,12,,,0,144,,1609949,12,,,0,59,,1609950,12,,,0,100,,1609960,12,,,0,97,,1609954,12,,,0,101,,1609955,12,,,0,100,,1609961,12,,,0
9202,'20261019',536,,1609983,12,,,0,96,,1609982,12,,,0,73,,1609981,12,,,0,31,,1609964,12,,,0,72,,1609980,12,,,0,31,,1609965,12,,,0,99,,1609966,12,,,0,100,,1609967,12,,,0,100,,1609969,12,,,0,101,,1609970,12,,,0,100,,1609968,12,,,0,100,,1609976,12,,,0,98,,1609974,12,,,0,103,,1609975,12,,,0,100,,1609977,12,,,0,100,,1609971,12,,,0,98,,1609972,12,,,0,99,,1609973,12,,,0,99,,1609978,12,,,0,99,,1609979,12,,,0
9202,'20261020',536,,1610003,12,,,0,96,,1610002,12,,,0,73,,1610001,12,,,0,31,,1609984,12,,,0,72,,1610000,12,,,0,31,,1609985,12,,,0,99,,1609986,12,,,0,100,,1609987,12,,,0,100,,1609989,12,,,0,101,,1609990,12,,,0,100,,1609988,12,,,0,100,,1609996,12,,,0,98,,1609994,12,,,0,103,,1609995,12,,,0,100,,1609997,12,,,0,100,,1609991,12,,,0,98,,1609992,12,,,0,99,,1609993,12,,,0,99,,1609998,12,,,0,99,,1609999,12,,,0
9202,'20261021',536,,1636681,12,,,0,96,,1636680,12,,,0,73,,1636679,12,,,0,31,,1636662,12,,,0,72,,1636678,12,,,0,31,,1636663,12,,,0,99,,1636664,12,,,0,100,,1636665,12,,,0,100,,1636667,12,,,0,101,,1636668,12,,,0,100,,1636666,12,,,0,100,,1636674,12,,,0,98,,1636672,12,,,0,103,,1636673,12,,,0,100,,1636675,12,,,0,100,,1636669,12,,,0,98,,1636670,12,,,0,99,,1636671,12,,,0,99,,1636676,12,,,0,99,,1636677,12,,,0
9202,'20261022',536,,1636701,12,,,0,96,,1636700,12,,,0,73,,1636699,12,,,0,31,,1636682,12,,,0,72,,1636698,12,,,0,31,,1636683,12,,,0,99,,1636684,12,,,0,100,,1636685,12,,,0,100,,1636687,12,,,0,101,,1636688,12,,,0,100,,1636686,12,,,0,100,,1636694,12,,,0,98,,1636692,12,,,0,103,,1636693,12,,,0,100,,1636695,12,,,0,100,,1636689,12,,,0,98,,1636690,12,,,0,99,,1636691,12,,,0,99,,1636696,12,,,0,99,,1636697,12,,,0
9202,'20261023',536,,1636721,12,,,0,96,,1636720,12,,,0,73,,1636719,12,,,0,31,,1636702,12,,,0,72,,1636718,12,,,0,31,,1636703,12,,,0,99,,1636704,12,,,0,100,,1636705,12,,,0,100,,1636707,12,,,0,101,,1636708,12,,,0,100,,1636706,12,,,0,100,,1636714,12,,,0,98,,1636712,12,,,0,103,,1636713,12,,,0,100,,1636715,12,,,0,100,,1636709,12,,,0,98,,1636710,12,,,0,99,,1636711,12,,,0,99,,1636716,12,,,0,99,,1636717,12,,,0
29202,'20261009',637,,1612935,12,,,0,18,,1612936,12,,,0,69,,1612937,12,,,0
29202,'20261013',637,,1581187,12,,,0,18,,1581186,12,,,0,69,,1581185,12,,,0
29202,'20261014',637,,1581190,12,,,0,18,,1581189,12,,,0,69,,1581188,12,,,0
29202,'20261015',637,,1581193,12,,,0,18,,1581192,12,,,0,69,,1581191,12,,,0
29202,'20261016',637,,1581196,12,,,0,18,,1581195,12,,,0,69,,1581194,12,,,0
29202,'20261019',637,,1612940,12,,,0,18,,1612939,12,,,0,69,,1612938,12,,,0
29202,'20261020',637,,1612943,12,,,0,18,,1612942,12,,,0,69,,1612941,12,,,0
29202,'20261021',637,,1638449,12,,,0,18,,1638448,12,,,0,69,,1638447,12,,,0
29202,'20261022',637,,1638452,12,,,0,18,,1638451,12,,,0,69,,1638450,12,,,0
29202,'20261023',637,,1638455,12,,,0,18,,1638454,12,,,0,69,,1638453,12,,,0
