9402,'20260929',553,,1552119,3,,,0,96,,1552118,3,,,0,2,,1552120,3,,,0,71,,1552121,3,,,0,32,,1552122,3,,,0,70,,1552123,3,,,0,33,,1552124,3,,,0,100,,1552125,3,,,0,99,,1552126,3,,,0,99,,1552127,3,,,0,100,,1552128,3,,,0,100,,1552129,3,,,0,101,,1552130,3,,,0,97,,1552131,3,,,0,102,,1552132,3,,,0,102,,1552133,3,,,0,99,,1552134,3,,,0,99,,1552135,3,,,0,99,,1552136,3,,,0,99,,1552137,3,,,0,100,,1552138,3,,,0
9402,'20260930',553,,1552140,3,,,0,96,,1552139,3,,,0,2,,1552141,3,,,0,71,,1552142,3,,,0,32,,1552143,3,,,0,70,,1552144,3,,,0,33,,1552145,3,,,0,100,,1552146,3,,,0,99,,1552147,3,,,0,99,,1552148,3,,,0,100,,1552149,3,,,0,100,,1552150,3,,,0,101,,1552151,3,,,0,97,,1552152,3,,,0,102,,1552153,3,,,0,102,,1552154,3,,,0,99,,1552155,3,,,0,99,,1552156,3,,,0,99,,1552157,3,,,0,99,,1552158,3,,,0,100,,1552159,3,,,0
9402,'20261001',553,,1552161,3,,,0,96,,1552160,3,,,0,2,,1552162,3,,,0,71,,1552163,3,,,0,32,,1552164,3,,,0,70,,1552165,3,,,0,33,,1552166,3,,,0,100,,1552167,3,,,0,99,,1552168,3,,,0,99,,1552169,3,,,0,100,,1552170,3,,,0,100,,1552171,3,,,0,101,,1552172,3,,,0,97,,1552173,3,,,0,102,,1552174,3,,,0,102,,1552175,3,,,0,99,,1552176,3,,,0,99,,1552177,3,,,0,99,,1552178,3,,,0,99,,1552179,3,,,0,100,,1552180,3,,,0
9402,'20261002',553,,1475118,3,,,0,98,,1475120,3,,,0,71,,1475135,3,,,0,32,,1475136,3,,,0,70,,1475134,3,,,0,33,,1475119,3,,,0,100,,1475137,3,,,0,99,,1475121,3,,,0,99,,1475122,3,,,0,100,,1475123,3,,,0,100,,1475124,3,,,0,101,,1475125,3,,,0,97,,1475126,3,,,0,102,,1475127,3,,,0,102,,1475128,3,,,0,99,,1475129,3,,,0,99,,1475130,3,,,0,99,,1475131,3,,,0,99,,1475132,3,,,0,100,,1475133,3,,,0
9402,'20261003',547,,1498136,3,,,0,100,,1498119,3,,,0,100,,1498120,3,,,0,100,,1498121,3,,,0,101,,1498122,3,,,0,100,,1498123,3,,,0,101,,1498124,3,,,0,100,,1498125,3,,,0,100,,1498126,3,,,0,100,,1498127,3,,,0,101,,1498128,3,,,0,100,,1498129,3,,,0,100,,1498130,3,,,0,100,,1498131,3,,,0,99,,1498132,3,,,0,99,,1498133,3,,,0,99,,1498134,3,,,0,100,,1498135,3,,,0
9402,'20261004',547,,1498154,3,,,0,100,,1498137,3,,,0,100,,1498138,3,,,0,100,,1498139,3,,,0,101,,1498140,3,,,0,100,,1498141,3,,,0,101,,1498142,3,,,0,100,,1498143,3,,,0,100,,1498144,3,,,0,100,,1498145,3,,,0,101,,1498146,3,,,0,100,,1498147,3,,,0,100,,1498148,3,,,0,100,,1498149,3,,,0,99,,1498150,3,,,0,99,,1498151,3,,,0,99,,1498152,3,,,0,100,,1498153,3,,,0
9402,'20261005',553,,1498155,3,,,0,98,,1498157,3,,,0,71,,1498172,3,,,0,32,,1498173,3,,,0,70,,1498171,3,,,0,33,,1498156,3,,,0,100,,1498174,3,,,0,99,,1498158,3,,,0,99,,1498159,3,,,0,100,,1498160,3,,,0,100,,1498161,3,,,0,101,,1498162,3,,,0,97,,1498163,3,,,0,102,,1498164,3,,,0,102,,1498165,3,,,0,99,,1498166,3,,,0,99,,1498167,3,,,0,99,,1498168,3,,,0,99,,1498169,3,,,0,100,,1498170,3,,,0
9402,'20261006',553,,1525745,3,,,0,98,,1525747,3,,,0,71,,1525762,3,,,0,32,,1525763,3,,,0,70,,1525761,3,,,0,33,,1525746,3,,,0,100,,1525764,3,,,0,99,,1525748,3,,,0,99,,1525749,3,,,0,100,,1525750,3,,,0,100,,1525751,3,,,0,101,,1525752,3,,,0,97,,1525753,3,,,0,102,,1525754,3,,,0,102,,1525755,3,,,0,99,,1525756,3,,,0,99,,1525757,3,,,0,99,,1525758,3,,,0,99,,1525759,3,,,0,100,,1525760,3,,,0
9402,'20261007',553,,1525765,3,,,0,98,,1525767,3,,,0,71,,1525782,3,,,0,32,,1525783,3,,,0,70,,1525781,3,,,0,33,,1525766,3,,,0,100,,1525784,3,,,0,99,,1525768,3,,,0,99,,1525769,3,,,0,100,,1525770,3,,,0,100,,1525771,3,,,0,101,,1525772,3,,,0,97,,1525773,3,,,0,102,,1525774,3,,,0,102,,1525775,3,,,0,99,,1525776,3,,,0,99,,1525777,3,,,0,99,,1525778,3,,,0,99,,1525779,3,,,0,100,,1525780,3,,,0
9402,'20261008',553,,1525785,3,,,0,98,,1525787,3,,,0,71,,1525802,3,,,0,32,,1525803,3,,,0,70,,1525801,3,,,0,33,,1525786,3,,,0,100,,1525804,3,,,0,99,,1525788,3,,,0,99,,1525789,3,,,0,100,,1525790,3,,,0,100,,1525791,3,,,0,101,,1525792,3,,,0,97,,1525793,3,,,0,102,,1525794,3,,,0,102,,1525795,3,,,0,99,,1525796,3,,,0,99,,1525797,3,,,0,99,,1525798,3,,,0,99,,1525799,3,,,0,100,,1525800,3,,,0
9402,'20261009',553,,1525805,3,,,0,98,,1525807,3,,,0,71,,1525822,3,,,0,32,,1525823,3,,,0,70,,1525821,3,,,0,33,,1525806,3,,,0,100,,1525824,3,,,0,99,,1525808,3,,,0,99,,1525809,3,,,0,100,,1525810,3,,,0,100,,1525811,3,,,0,101,,1525812,3,,,0,97,,1525813,3,,,0,102,,1525814,3,,,0,102,,1525815,3,,,0,99,,1525816,3,,,0,99,,1525817,3,,,0,99,,1525818,3,,,0,99,,1525819,3,,,0,100,,1525820,3,,,0
9402,'20261010',547,,1552198,3,,,0,100,,1552181,3,,,0,100,,1552182,3,,,0,100,,1552183,3,,,0,101,,1552184,3,,,0,100,,1552185,3,,,0,101,,1552186,3,,,0,100,,1552187,3,,,0,100,,1552188,3,,,0,100,,1552189,3,,,0,101,,1552190,3,,,0,100,,1552191,3,,,0,100,,1552192,3,,,0,100,,1552193,3,,,0,99,,1552194,3,,,0,99,,1552195,3,,,0,99,,1552196,3,,,0,100,,1552197,3,,,0
9402,'20261011',547,,1552216,3,,,0,100,,1552199,3,,,0,100,,1552200,3,,,0,100,,1552201,3,,,0,101,,1552202,3,,,0,100,,1552203,3,,,0,101,,1552204,3,,,0,100,,1552205,3,,,0,100,,1552206,3,,,0,100,,1552207,3,,,0,101,,1552208,3,,,0,100,,1552209,3,,,0,100,,1552210,3,,,0,100,,1552211,3,,,0,99,,1552212,3,,,0,99,,1552213,3,,,0,99,,1552214,3,,,0,100,,1552215,3,,,0
9402,'20261012',547,,1552234,3,,,0,100,,1552217,3,,,0,100,,1552218,3,,,0,100,,1552219,3,,,0,101,,1552220,3,,,0,100,,1552221,3,,,0,101,,1552222,3,,,0,100,,1552223,3,,,0,100,,1552224,3,,,0,100,,1552225,3,,,0,101,,1552226,3,,,0,100,,1552227,3,,,0,100,,1552228,3,,,0,100,,1552229,3,,,0,99,,1552230,3,,,0,99,,1552231,3,,,0,99,,1552232,3,,,0,100,,1552233,3,,,0
29402,'20260929',608,,1553393,3,,,0,42,,1553394,3,,,0,70,,1553395,3,,,0
29402,'20260930',608,,1553396,3,,,0,42,,1553397,3,,,0,70,,1553398,3,,,0
29402,'20261001',608,,1553399,3,,,0,42,,1553400,3,,,0,70,,1553401,3,,,0
29402,'20261002',608,,1476589,3,,,0,42,,1476590,3,,,0,70,,1476591,3,,,0
29402,'20261005',608,,1499626,3,,,0,42,,1499627,3,,,0,70,,1499628,3,,,0
29402,'20261006',608,,1527945,3,,,0,42,,1527946,3,,,0,70,,1527947,3,,,0
29402,'20261007',608,,1527948,3,,,0,42,,1527949,3,,,0,70,,1527950,3,,,0
29402,'20261008',608,,1527951,3,,,0,42,,1527952,3,,,0,70,,1527953,3,,,0
29402,'20261009',608,,1527954,3,,,0,42,,1527955,3,,,0,70,,1527956,3,,,0
99103,'20261002',2637,,1485616,93,,,0,170,,1485617,93,,,0
99103,'20261003',2637,,1508569,93,,,0,170,,1508570,93,,,0
99103,'20261009',2637,,1540255,93,,,0,170,,1540256,93,,,0
99103,'20261010',2637,,1561870,93,,,0,170,,1561871,93,,,0
