65000,'20260807',1552,,1103440,4,,,0,72,,1103441,4,,,0,30,,1103442,4,,,0
65000,'20260810',1552,,1134319,4,,,0,72,,1134320,4,,,0,30,,1134321,4,,,0
65000,'20260811',1552,,1134322,4,,,0,72,,1134323,4,,,0,30,,1134324,4,,,0
65000,'20260812',1552,,1134325,4,,,0,72,,1134326,4,,,0,30,,1134327,4,,,0
65000,'20260813',1552,,1134328,4,,,0,72,,1134329,4,,,0,30,,1134330,4,,,0
65000,'20260814',1552,,1103443,4,,,0,72,,1103444,4,,,0,30,,1103445,4,,,0
65000,'20260817',1552,,1103446,4,,,0,72,,1103447,4,,,0,30,,1103448,4,,,0
65000,'20260818',1552,,1103449,4,,,0,72,,1103450,4,,,0,30,,1103451,4,,,0
65000,'20260819',1552,,1134331,4,,,0,72,,1134332,4,,,0,30,,1134333,4,,,0
65000,'20260820',1552,,1134334,4,,,0,72,,1134335,4,,,0,30,,1134336,4,,,0
65000,'20260821',1552,,1134337,4,,,0,72,,1134338,4,,,0,30,,1134339,4,,,0
80502,'20260807',511,,1110562,5,,,0,10,,1110563,5,,,0,11,,1110564,5,,,0,9,,1110565,5,,,0,9,,1110566,5,,,0,50,,1110567,5,,,0,11,,1110568,5,,,0,8,,1110569,5,,,0,7,,1110570,5,,,0,9,,1110571,5,,,0,9,,1110572,5,,,0,9,,1110573,5,,,0,50,,1110574,5,,,0,8,,1110575,5,,,0,10,,1110576,5,,,0,9,,1110577,5,,,0,10,,1110579,5,,,0,10,,1110580,5,,,0,51,,1110578,5,,,0,10,,1110581,5,,,0,11,,1110582,5,,,0,12,,1110583,5,,,0,9,,1110584,5,,,0,11,,1110585,5,,,0,50,,1110586,5,,,0,10,,1110587,5,,,0,10,,1110588,5,,,0,10,,1110589,5,,,0,10,,1110590,5,,,0,10,,1110591,5,,,0,50,,1110592,5,,,0,10,,1110593,5,,,0,10,,1110594,5,,,0,10,,1110595,5,,,0,10,,1110596,5,,,0,10,,1110597,5,,,0,50,,1110598,5,,,0,9,,1110599,5,,,0,10,,1110600,5,,,0,10,,1110601,5,,,0,10,,1110602,5,,,0,10,,1110603,5,,,0,50,,1110604,5,,,0,10,,1110605,5,,,0,10,,1110606,5,,,0,10,,1110607,5,,,0,10,,1110608,5,,,0,10,,1110609,5,,,0,50,,1110610,5,,,0,11,,1110611,5,,,0,10,,1110612,5,,,0,10,,1110613,5,,,0,10,,1110614,5,,,0,10,,1110615,5,,,0,50,,1110616,5,,,0,8,,1110617,5,,,0,8,,1110618,5,,,0,7,,1110619,5,,,0,6,,1110620,5,,,0,6,,1110621,5,,,0,6,,1110622,5,,,0,4,,1110623,5,,,0,6,,1110624,5,,,0,45,,1110625,5,,,0,6,,1110626,5,,,0,5,,1110627,5,,,0,6,,1110628,5,,,0,6,,1110629,5,,,0,6,,1110630,5,,,0,6,,1110631,5,,,0,6,,1110632,5,,,0,7,,1110633,5,,,0,7,,1110634,5,,,0,46,,1110635,5,,,0,7,,1110636,5,,,0,7,,1110637,5,,,0,6,,1110638,5,,,0,6,,1110639,5,,,0,6,,1110640,5,,,0,7,,1110642,5,,,0,7,,1110643,5,,,0,9,,1110641,5,,,0,47,,1110644,5,,,0,7,,1110645,5,,,0,7,,1110646,5,,,0,8,,1110647,5,,,0,6,,1110648,5,,,0,12,,1110649,5,,,0,10,,1110650,5,,,0,51,,1110651,5,,,0,10,,1110652,5,,,0,10,,1110653,5,,,0,11,,1110654,5,,,0,11,,1110655,5,,,0,10,,1110656,5,,,0,50,,1110657,5,,,0,10,,1110659,5,,,0,11,,1110658,5,,,0,10,,1110660,5,,,0,10,,1110661,5,,,0,10,,1110662,5,,,0,50,,1110663,5,,,0,10,,1110664,5,,,0,10,,1110665,5,,,0,10,,1110666,5,,,0,10,,1110667,5,,,0,10,,1110668,5,,,0,50,,1110669,5,,,0,11,,1110670,5,,,0,10,,1110671,5,,,0,11,,1110672,5,,,0,10,,1110673,5,,,0,51,,1110674,5,,,0,10,,1110675,5,,,0,9,,1110676,5,,,0,10,,1110677,5,,,0,10,,1110678,5,,,0,10,,1110679,5,,,0,10,,1110680,5,,,0,50,,1110681,5,,,0,10,,1110682,5,,,0,10,,1110683,5,,,0,11,,1110684,5,,,0,10,,1110685,5,,,0,50,,1110686,5,,,0,10,,1110687,5,,,0,10,,1110688,5,,,0,10,,1110689,5,,,0,10,,1110690,5,,,0,10,,1110691,5,,,0,50,,1110692,5,,,0,10,,1110693,5,,,0
80502,'20260808',534,,1142084,5,,,0,11,,1142085,5,,,0,10,,1142086,5,,,0,50,,1142087,5,,,0,10,,1142088,5,,,0,9,,1142089,5,,,0,9,,1142090,5,,,0,10,,1142091,5,,,0,9,,1142092,5,,,0,48,,1142093,5,,,0,10,,1142094,5,,,0,10,,1142095,5,,,0,9,,1142096,5,,,0,10,,1142097,5,,,0,10,,1142098,5,,,0,9,,1142099,5,,,0,49,,1142100,5,,,0,11,,1142101,5,,,0,10,,1142102,5,,,0,9,,1142103,5,,,0,9,,1142104,5,,,0,10,,1142105,5,,,0,50,,1142106,5,,,0,10,,1142107,5,,,0,10,,1142108,5,,,0,10,,1142109,5,,,0,10,,1142110,5,,,0,10,,1142111,5,,,0,50,,1142112,5,,,0,10,,1142113,5,,,0,10,,1142114,5,,,0,10,,1142115,5,,,0,10,,1142116,5,,,0,10,,1142117,5,,,0,50,,1142118,5,,,0,10,,1142119,5,,,0,10,,1142120,5,,,0,10,,1142121,5,,,0,10,,1142122,5,,,0,10,,1142123,5,,,0,50,,1142124,5,,,0,10,,1142125,5,,,0,10,,1142126,5,,,0,10,,1142127,5,,,0,10,,1142128,5,,,0,9,,1142129,5,,,0,49,,1142130,5,,,0,10,,1142131,5,,,0,10,,1142132,5,,,0,10,,1142133,5,,,0,10,,1142134,5,,,0,10,,1142135,5,,,0,51,,1142136,5,,,0,9,,1142137,5,,,0,10,,1142138,5,,,0,10,,1142139,5,,,0,10,,1142140,5,,,0,10,,1142141,5,,,0,50,,1142142,5,,,0,10,,1142143,5,,,0,10,,1142144,5,,,0,10,,1142145,5,,,0,10,,1142146,5,,,0,10,,1142147,5,,,0,50,,1142148,5,,,0,10,,1142149,5,,,0,10,,1142150,5,,,0,11,,1142151,5,,,0,10,,1142152,5,,,0,10,,1142153,5,,,0,50,,1142154,5,,,0,10,,1142155,5,,,0,10,,1142156,5,,,0,10,,1142157,5,,,0,10,,1142158,5,,,0,10,,1142159,5,,,0,51,,1142160,5,,,0,10,,1142161,5,,,0,10,,1142162,5,,,0,10,,1142163,5,,,0,10,,1142164,5,,,0,11,,1142165,5,,,0,50,,1142166,5,,,0,10,,1142167,5,,,0,10,,1142168,5,,,0,10,,1142169,5,,,0,11,,1142170,5,,,0,11,,1142171,5,,,0,50,,1142172,5,,,0,10,,1142173,5,,,0,10,,1142174,5,,,0,10,,1142175,5,,,0,10,,1142176,5,,,0,10,,1142177,5,,,0,50,,1142178,5,,,0,10,,1142179,5,,,0,10,,1142180,5,,,0,10,,1142181,5,,,0,10,,1142182,5,,,0,10,,1142183,5,,,0,51,,1142184,5,,,0,10,,1142185,5,,,0,10,,1142186,5,,,0,10,,1142187,5,,,0,10,,1142188,5,,,0,50,,1142189,5,,,0,10,,1142190,5,,,0,10,,1142191,5,,,0,10,,1142192,5,,,0,10,,1142193,5,,,0,10,,1142194,5,,,0,50,,1142195,5,,,0,10,,1142196,5,,,0,10,,1142197,5,,,0,10,,1142198,5,,,0,10,,1142199,5,,,0,11,,1142200,5,,,0,51,,1142201,5,,,0
80502,'20260809',534,,1142202,5,,,0,11,,1142203,5,,,0,10,,1142204,5,,,0,50,,1142205,5,,,0,10,,1142206,5,,,0,9,,1142207,5,,,0,9,,1142208,5,,,0,10,,1142209,5,,,0,9,,1142210,5,,,0,48,,1142211,5,,,0,10,,1142212,5,,,0,10,,1142213,5,,,0,9,,1142214,5,,,0,10,,1142215,5,,,0,10,,1142216,5,,,0,9,,1142217,5,,,0,49,,1142218,5,,,0,11,,1142219,5,,,0,10,,1142220,5,,,0,9,,1142221,5,,,0,9,,1142222,5,,,0,10,,1142223,5,,,0,50,,1142224,5,,,0,10,,1142225,5,,,0,10,,1142226,5,,,0,10,,1142227,5,,,0,10,,1142228,5,,,0,10,,1142229,5,,,0,50,,1142230,5,,,0,10,,1142231,5,,,0,10,,1142232,5,,,0,10,,1142233,5,,,0,10,,1142234,5,,,0,10,,1142235,5,,,0,50,,1142236,5,,,0,10,,1142237,5,,,0,10,,1142238,5,,,0,10,,1142239,5,,,0,10,,1142240,5,,,0,10,,1142241,5,,,0,50,,1142242,5,,,0,10,,1142243,5,,,0,10,,1142244,5,,,0,10,,1142245,5,,,0,10,,1142246,5,,,0,9,,1142247,5,,,0,49,,1142248,5,,,0,10,,1142249,5,,,0,10,,1142250,5,,,0,10,,1142251,5,,,0,10,,1142252,5,,,0,10,,1142253,5,,,0,51,,1142254,5,,,0,9,,1142255,5,,,0,10,,1142256,5,,,0,10,,1142257,5,,,0,10,,1142258,5,,,0,10,,1142259,5,,,0,50,,1142260,5,,,0,10,,1142261,5,,,0,10,,1142262,5,,,0,10,,1142263,5,,,0,10,,1142264,5,,,0,10,,1142265,5,,,0,50,,1142266,5,,,0,10,,1142267,5,,,0,10,,1142268,5,,,0,11,,1142269,5,,,0,10,,1142270,5,,,0,10,,1142271,5,,,0,50,,1142272,5,,,0,10,,1142273,5,,,0,10,,1142274,5,,,0,10,,1142275,5,,,0,10,,1142276,5,,,0,10,,1142277,5,,,0,51,,1142278,5,,,0,10,,1142279,5,,,0,10,,1142280,5,,,0,10,,1142281,5,,,0,10,,1142282,5,,,0,11,,1142283,5,,,0,50,,1142284,5,,,0,10,,1142285,5,,,0,10,,1142286,5,,,0,10,,1142287,5,,,0,11,,1142288,5,,,0,11,,1142289,5,,,0,50,,1142290,5,,,0,10,,1142291,5,,,0,10,,1142292,5,,,0,10,,1142293,5,,,0,10,,1142294,5,,,0,10,,1142295,5,,,0,50,,1142296,5,,,0,10,,1142297,5,,,0,10,,1142298,5,,,0,10,,1142299,5,,,0,10,,1142300,5,,,0,10,,1142301,5,,,0,51,,1142302,5,,,0,10,,1142303,5,,,0,10,,1142304,5,,,0,10,,1142305,5,,,0,10,,1142306,5,,,0,50,,1142307,5,,,0,10,,1142308,5,,,0,10,,1142309,5,,,0,10,,1142310,5,,,0,10,,1142311,5,,,0,10,,1142312,5,,,0,50,,1142313,5,,,0,10,,1142314,5,,,0,10,,1142315,5,,,0,10,,1142316,5,,,0,10,,1142317,5,,,0,11,,1142318,5,,,0,51,,1142319,5,,,0
80502,'20260810',511,,1142320,5,,,0,10,,1142321,5,,,0,11,,1142322,5,,,0,9,,1142323,5,,,0,9,,1142324,5,,,0,50,,1142325,5,,,0,11,,1142326,5,,,0,8,,1142327,5,,,0,7,,1142328,5,,,0,9,,1142329,5,,,0,9,,1142330,5,,,0,9,,1142331,5,,,0,50,,1142332,5,,,0,8,,1142333,5,,,0,10,,1142334,5,,,0,9,,1142335,5,,,0,10,,1142337,5,,,0,10,,1142338,5,,,0,51,,1142336,5,,,0,10,,1142339,5,,,0,11,,1142340,5,,,0,12,,1142341,5,,,0,9,,1142342,5,,,0,11,,1142343,5,,,0,50,,1142344,5,,,0,10,,1142345,5,,,0,10,,1142346,5,,,0,10,,1142347,5,,,0,10,,1142348,5,,,0,10,,1142349,5,,,0,50,,1142350,5,,,0,10,,1142351,5,,,0,10,,1142352,5,,,0,10,,1142353,5,,,0,10,,1142354,5,,,0,10,,1142355,5,,,0,50,,1142356,5,,,0,9,,1142357,5,,,0,10,,1142358,5,,,0,10,,1142359,5,,,0,10,,1142360,5,,,0,10,,1142361,5,,,0,50,,1142362,5,,,0,10,,1142363,5,,,0,10,,1142364,5,,,0,10,,1142365,5,,,0,10,,1142366,5,,,0,10,,1142367,5,,,0,50,,1142368,5,,,0,11,,1142369,5,,,0,10,,1142370,5,,,0,10,,1142371,5,,,0,10,,1142372,5,,,0,10,,1142373,5,,,0,50,,1142374,5,,,0,8,,1142375,5,,,0,8,,1142376,5,,,0,7,,1142377,5,,,0,6,,1142378,5,,,0,6,,1142379,5,,,0,6,,1142380,5,,,0,4,,1142381,5,,,0,6,,1142382,5,,,0,45,,1142383,5,,,0,6,,1142384,5,,,0,5,,1142385,5,,,0,6,,1142386,5,,,0,6,,1142387,5,,,0,6,,1142388,5,,,0,6,,1142389,5,,,0,6,,1142390,5,,,0,7,,1142391,5,,,0,7,,1142392,5,,,0,46,,1142393,5,,,0,7,,1142394,5,,,0,7,,1142395,5,,,0,6,,1142396,5,,,0,6,,1142397,5,,,0,6,,1142398,5,,,0,7,,1142400,5,,,0,7,,1142401,5,,,0,9,,1142399,5,,,0,47,,1142402,5,,,0,7,,1142403,5,,,0,7,,1142404,5,,,0,8,,1142405,5,,,0,6,,1142406,5,,,0,12,,1142407,5,,,0,10,,1142408,5,,,0,51,,1142409,5,,,0,10,,1142410,5,,,0,10,,1142411,5,,,0,11,,1142412,5,,,0,11,,1142413,5,,,0,10,,1142414,5,,,0,50,,1142415,5,,,0,10,,1142417,5,,,0,11,,1142416,5,,,0,10,,1142418,5,,,0,10,,1142419,5,,,0,10,,1142420,5,,,0,50,,1142421,5,,,0,10,,1142422,5,,,0,10,,1142423,5,,,0,10,,1142424,5,,,0,10,,1142425,5,,,0,10,,1142426,5,,,0,50,,1142427,5,,,0,11,,1142428,5,,,0,10,,1142429,5,,,0,11,,1142430,5,,,0,10,,1142431,5,,,0,51,,1142432,5,,,0,10,,1142433,5,,,0,9,,1142434,5,,,0,10,,1142435,5,,,0,10,,1142436,5,,,0,10,,1142437,5,,,0,10,,1142438,5,,,0,50,,1142439,5,,,0,10,,1142440,5,,,0,10,,1142441,5,,,0,11,,1142442,5,,,0,10,,1142443,5,,,0,50,,1142444,5,,,0,10,,1142445,5,,,0,10,,1142446,5,,,0,10,,1142447,5,,,0,10,,1142448,5,,,0,10,,1142449,5,,,0,50,,1142450,5,,,0,10,,1142451,5,,,0
80502,'20260811',511,,1142452,5,,,0,10,,1142453,5,,,0,11,,1142454,5,,,0,9,,1142455,5,,,0,9,,1142456,5,,,0,50,,1142457,5,,,0,11,,1142458,5,,,0,8,,1142459,5,,,0,7,,1142460,5,,,0,9,,1142461,5,,,0,9,,1142462,5,,,0,9,,1142463,5,,,0,50,,1142464,5,,,0,8,,1142465,5,,,0,10,,1142466,5,,,0,9,,1142467,5,,,0,10,,1142469,5,,,0,10,,1142470,5,,,0,51,,1142468,5,,,0,10,,1142471,5,,,0,11,,1142472,5,,,0,12,,1142473,5,,,0,9,,1142474,5,,,0,11,,1142475,5,,,0,50,,1142476,5,,,0,10,,1142477,5,,,0,10,,1142478,5,,,0,10,,1142479,5,,,0,10,,1142480,5,,,0,10,,1142481,5,,,0,50,,1142482,5,,,0,10,,1142483,5,,,0,10,,1142484,5,,,0,10,,1142485,5,,,0,10,,1142486,5,,,0,10,,1142487,5,,,0,50,,1142488,5,,,0,9,,1142489,5,,,0,10,,1142490,5,,,0,10,,1142491,5,,,0,10,,1142492,5,,,0,10,,1142493,5,,,0,50,,1142494,5,,,0,10,,1142495,5,,,0,10,,1142496,5,,,0,10,,1142497,5,,,0,10,,1142498,5,,,0,10,,1142499,5,,,0,50,,1142500,5,,,0,11,,1142501,5,,,0,10,,1142502,5,,,0,10,,1142503,5,,,0,10,,1142504,5,,,0,10,,1142505,5,,,0,50,,1142506,5,,,0,8,,1142507,5,,,0,8,,1142508,5,,,0,7,,1142509,5,,,0,6,,1142510,5,,,0,6,,1142511,5,,,0,6,,1142512,5,,,0,4,,1142513,5,,,0,6,,1142514,5,,,0,45,,1142515,5,,,0,6,,1142516,5,,,0,5,,1142517,5,,,0,6,,1142518,5,,,0,6,,1142519,5,,,0,6,,1142520,5,,,0,6,,1142521,5,,,0,6,,1142522,5,,,0,7,,1142523,5,,,0,7,,1142524,5,,,0,46,,1142525,5,,,0,7,,1142526,5,,,0,7,,1142527,5,,,0,6,,1142528,5,,,0,6,,1142529,5,,,0,6,,1142530,5,,,0,7,,1142532,5,,,0,7,,1142533,5,,,0,9,,1142531,5,,,0,47,,1142534,5,,,0,7,,1142535,5,,,0,7,,1142536,5,,,0,8,,1142537,5,,,0,6,,1142538,5,,,0,12,,1142539,5,,,0,10,,1142540,5,,,0,51,,1142541,5,,,0,10,,1142542,5,,,0,10,,1142543,5,,,0,11,,1142544,5,,,0,11,,1142545,5,,,0,10,,1142546,5,,,0,50,,1142547,5,,,0,10,,1142549,5,,,0,11,,1142548,5,,,0,10,,1142550,5,,,0,10,,1142551,5,,,0,10,,1142552,5,,,0,50,,1142553,5,,,0,10,,1142554,5,,,0,10,,1142555,5,,,0,10,,1142556,5,,,0,10,,1142557,5,,,0,10,,1142558,5,,,0,50,,1142559,5,,,0,11,,1142560,5,,,0,10,,1142561,5,,,0,11,,1142562,5,,,0,10,,1142563,5,,,0,51,,1142564,5,,,0,10,,1142565,5,,,0,9,,1142566,5,,,0,10,,1142567,5,,,0,10,,1142568,5,,,0,10,,1142569,5,,,0,10,,1142570,5,,,0,50,,1142571,5,,,0,10,,1142572,5,,,0,10,,1142573,5,,,0,11,,1142574,5,,,0,10,,1142575,5,,,0,50,,1142576,5,,,0,10,,1142577,5,,,0,10,,1142578,5,,,0,10,,1142579,5,,,0,10,,1142580,5,,,0,10,,1142581,5,,,0,50,,1142582,5,,,0,10,,1142583,5,,,0
80502,'20260812',511,,1142584,5,,,0,10,,1142585,5,,,0,11,,1142586,5,,,0,9,,1142587,5,,,0,9,,1142588,5,,,0,50,,1142589,5,,,0,11,,1142590,5,,,0,8,,1142591,5,,,0,7,,1142592,5,,,0,9,,1142593,5,,,0,9,,1142594,5,,,0,9,,1142595,5,,,0,50,,1142596,5,,,0,8,,1142597,5,,,0,10,,1142598,5,,,0,9,,1142599,5,,,0,10,,1142601,5,,,0,10,,1142602,5,,,0,51,,1142600,5,,,0,10,,1142603,5,,,0,11,,1142604,5,,,0,12,,1142605,5,,,0,9,,1142606,5,,,0,11,,1142607,5,,,0,50,,1142608,5,,,0,10,,1142609,5,,,0,10,,1142610,5,,,0,10,,1142611,5,,,0,10,,1142612,5,,,0,10,,1142613,5,,,0,50,,1142614,5,,,0,10,,1142615,5,,,0,10,,1142616,5,,,0,10,,1142617,5,,,0,10,,1142618,5,,,0,10,,1142619,5,,,0,50,,1142620,5,,,0,9,,1142621,5,,,0,10,,1142622,5,,,0,10,,1142623,5,,,0,10,,1142624,5,,,0,10,,1142625,5,,,0,50,,1142626,5,,,0,10,,1142627,5,,,0,10,,1142628,5,,,0,10,,1142629,5,,,0,10,,1142630,5,,,0,10,,1142631,5,,,0,50,,1142632,5,,,0,11,,1142633,5,,,0,10,,1142634,5,,,0,10,,1142635,5,,,0,10,,1142636,5,,,0,10,,1142637,5,,,0,50,,1142638,5,,,0,8,,1142639,5,,,0,8,,1142640,5,,,0,7,,1142641,5,,,0,6,,1142642,5,,,0,6,,1142643,5,,,0,6,,1142644,5,,,0,4,,1142645,5,,,0,6,,1142646,5,,,0,45,,1142647,5,,,0,6,,1142648,5,,,0,5,,1142649,5,,,0,6,,1142650,5,,,0,6,,1142651,5,,,0,6,,1142652,5,,,0,6,,1142653,5,,,0,6,,1142654,5,,,0,7,,1142655,5,,,0,7,,1142656,5,,,0,46,,1142657,5,,,0,7,,1142658,5,,,0,7,,1142659,5,,,0,6,,1142660,5,,,0,6,,1142661,5,,,0,6,,1142662,5,,,0,7,,1142664,5,,,0,7,,1142665,5,,,0,9,,1142663,5,,,0,47,,1142666,5,,,0,7,,1142667,5,,,0,7,,1142668,5,,,0,8,,1142669,5,,,0,6,,1142670,5,,,0,12,,1142671,5,,,0,10,,1142672,5,,,0,51,,1142673,5,,,0,10,,1142674,5,,,0,10,,1142675,5,,,0,11,,1142676,5,,,0,11,,1142677,5,,,0,10,,1142678,5,,,0,50,,1142679,5,,,0,10,,1142681,5,,,0,11,,1142680,5,,,0,10,,1142682,5,,,0,10,,1142683,5,,,0,10,,1142684,5,,,0,50,,1142685,5,,,0,10,,1142686,5,,,0,10,,1142687,5,,,0,10,,1142688,5,,,0,10,,1142689,5,,,0,10,,1142690,5,,,0,50,,1142691,5,,,0,11,,1142692,5,,,0,10,,1142693,5,,,0,11,,1142694,5,,,0,10,,1142695,5,,,0,51,,1142696,5,,,0,10,,1142697,5,,,0,9,,1142698,5,,,0,10,,1142699,5,,,0,10,,1142700,5,,,0,10,,1142701,5,,,0,10,,1142702,5,,,0,50,,1142703,5,,,0,10,,1142704,5,,,0,10,,1142705,5,,,0,11,,1142706,5,,,0,10,,1142707,5,,,0,50,,1142708,5,,,0,10,,1142709,5,,,0,10,,1142710,5,,,0,10,,1142711,5,,,0,10,,1142712,5,,,0,10,,1142713,5,,,0,50,,1142714,5,,,0,10,,1142715,5,,,0
80502,'20260813',511,,1142716,5,,,0,10,,1142717,5,,,0,11,,1142718,5,,,0,9,,1142719,5,,,0,9,,1142720,5,,,0,50,,1142721,5,,,0,11,,1142722,5,,,0,8,,1142723,5,,,0,7,,1142724,5,,,0,9,,1142725,5,,,0,9,,1142726,5,,,0,9,,1142727,5,,,0,50,,1142728,5,,,0,8,,1142729,5,,,0,10,,1142730,5,,,0,9,,1142731,5,,,0,10,,1142733,5,,,0,10,,1142734,5,,,0,51,,1142732,5,,,0,10,,1142735,5,,,0,11,,1142736,5,,,0,12,,1142737,5,,,0,9,,1142738,5,,,0,11,,1142739,5,,,0,50,,1142740,5,,,0,10,,1142741,5,,,0,10,,1142742,5,,,0,10,,1142743,5,,,0,10,,1142744,5,,,0,10,,1142745,5,,,0,50,,1142746,5,,,0,10,,1142747,5,,,0,10,,1142748,5,,,0,10,,1142749,5,,,0,10,,1142750,5,,,0,10,,1142751,5,,,0,50,,1142752,5,,,0,9,,1142753,5,,,0,10,,1142754,5,,,0,10,,1142755,5,,,0,10,,1142756,5,,,0,10,,1142757,5,,,0,50,,1142758,5,,,0,10,,1142759,5,,,0,10,,1142760,5,,,0,10,,1142761,5,,,0,10,,1142762,5,,,0,10,,1142763,5,,,0,50,,1142764,5,,,0,11,,1142765,5,,,0,10,,1142766,5,,,0,10,,1142767,5,,,0,10,,1142768,5,,,0,10,,1142769,5,,,0,50,,1142770,5,,,0,8,,1142771,5,,,0,8,,1142772,5,,,0,7,,1142773,5,,,0,6,,1142774,5,,,0,6,,1142775,5,,,0,6,,1142776,5,,,0,4,,1142777,5,,,0,6,,1142778,5,,,0,45,,1142779,5,,,0,6,,1142780,5,,,0,5,,1142781,5,,,0,6,,1142782,5,,,0,6,,1142783,5,,,0,6,,1142784,5,,,0,6,,1142785,5,,,0,6,,1142786,5,,,0,7,,1142787,5,,,0,7,,1142788,5,,,0,46,,1142789,5,,,0,7,,1142790,5,,,0,7,,1142791,5,,,0,6,,1142792,5,,,0,6,,1142793,5,,,0,6,,1142794,5,,,0,7,,1142796,5,,,0,7,,1142797,5,,,0,9,,1142795,5,,,0,47,,1142798,5,,,0,7,,1142799,5,,,0,7,,1142800,5,,,0,8,,1142801,5,,,0,6,,1142802,5,,,0,12,,1142803,5,,,0,10,,1142804,5,,,0,51,,1142805,5,,,0,10,,1142806,5,,,0,10,,1142807,5,,,0,11,,1142808,5,,,0,11,,1142809,5,,,0,10,,1142810,5,,,0,50,,1142811,5,,,0,10,,1142813,5,,,0,11,,1142812,5,,,0,10,,1142814,5,,,0,10,,1142815,5,,,0,10,,1142816,5,,,0,50,,1142817,5,,,0,10,,1142818,5,,,0,10,,1142819,5,,,0,10,,1142820,5,,,0,10,,1142821,5,,,0,10,,1142822,5,,,0,50,,1142823,5,,,0,11,,1142824,5,,,0,10,,1142825,5,,,0,11,,1142826,5,,,0,10,,1142827,5,,,0,51,,1142828,5,,,0,10,,1142829,5,,,0,9,,1142830,5,,,0,10,,1142831,5,,,0,10,,1142832,5,,,0,10,,1142833,5,,,0,10,,1142834,5,,,0,50,,1142835,5,,,0,10,,1142836,5,,,0,10,,1142837,5,,,0,11,,1142838,5,,,0,10,,1142839,5,,,0,50,,1142840,5,,,0,10,,1142841,5,,,0,10,,1142842,5,,,0,10,,1142843,5,,,0,10,,1142844,5,,,0,10,,1142845,5,,,0,50,,1142846,5,,,0,10,,1142847,5,,,0
80502,'20260814',511,,1110825,5,,,0,10,,1110694,5,,,0,11,,1110695,5,,,0,9,,1110696,5,,,0,9,,1110697,5,,,0,50,,1110698,5,,,0,11,,1110699,5,,,0,8,,1110700,5,,,0,7,,1110701,5,,,0,9,,1110702,5,,,0,9,,1110703,5,,,0,9,,1110704,5,,,0,50,,1110705,5,,,0,8,,1110706,5,,,0,10,,1110707,5,,,0,9,,1110709,5,,,0,10,,1110710,5,,,0,10,,1110711,5,,,0,51,,1110708,5,,,0,10,,1110712,5,,,0,11,,1110713,5,,,0,12,,1110714,5,,,0,9,,1110715,5,,,0,11,,1110804,5,,,0,50,,1110716,5,,,0,10,,1110717,5,,,0,10,,1110805,5,,,0,10,,1110718,5,,,0,10,,1110719,5,,,0,10,,1110806,5,,,0,50,,1110720,5,,,0,10,,1110721,5,,,0,10,,1110807,5,,,0,10,,1110722,5,,,0,10,,1110723,5,,,0,10,,1110808,5,,,0,50,,1110724,5,,,0,9,,1110725,5,,,0,10,,1110809,5,,,0,10,,1110726,5,,,0,10,,1110727,5,,,0,10,,1110728,5,,,0,50,,1110730,5,,,0,10,,1110810,5,,,0,10,,1110731,5,,,0,10,,1110732,5,,,0,10,,1110729,5,,,0,10,,1110733,5,,,0,50,,1110734,5,,,0,11,,1110735,5,,,0,10,,1110737,5,,,0,10,,1110736,5,,,0,10,,1110738,5,,,0,10,,1110739,5,,,0,50,,1110740,5,,,0,8,,1110741,5,,,0,8,,1110742,5,,,0,7,,1110743,5,,,0,6,,1110744,5,,,0,6,,1110745,5,,,0,6,,1110746,5,,,0,4,,1110747,5,,,0,6,,1110803,5,,,0,45,,1110748,5,,,0,6,,1110797,5,,,0,5,,1110749,5,,,0,6,,1110752,5,,,0,6,,1110753,5,,,0,6,,1110754,5,,,0,6,,1110755,5,,,0,6,,1110801,5,,,0,7,,1110751,5,,,0,7,,1110750,5,,,0,46,,1110756,5,,,0,7,,1110757,5,,,0,7,,1110758,5,,,0,6,,1110759,5,,,0,6,,1110760,5,,,0,6,,1110761,5,,,0,7,,1110762,5,,,0,7,,1110763,5,,,0,9,,1110764,5,,,0,47,,1110765,5,,,0,7,,1110766,5,,,0,7,,1110767,5,,,0,8,,1110768,5,,,0,6,,1110769,5,,,0,12,,1110811,5,,,0,10,,1110770,5,,,0,51,,1110771,5,,,0,10,,1110772,5,,,0,10,,1110812,5,,,0,11,,1110774,5,,,0,11,,1110775,5,,,0,10,,1110813,5,,,0,50,,1110776,5,,,0,10,,1110814,5,,,0,11,,1110773,5,,,0,10,,1110777,5,,,0,10,,1110815,5,,,0,10,,1110778,5,,,0,50,,1110779,5,,,0,10,,1110780,5,,,0,10,,1110781,5,,,0,10,,1110782,5,,,0,10,,1110816,5,,,0,10,,1110783,5,,,0,50,,1110784,5,,,0,11,,1110817,5,,,0,10,,1110785,5,,,0,11,,1110786,5,,,0,10,,1110818,5,,,0,51,,1110787,5,,,0,10,,1110788,5,,,0,9,,1110819,5,,,0,10,,1110789,5,,,0,10,,1110790,5,,,0,10,,1110820,5,,,0,10,,1110791,5,,,0,50,,1110800,5,,,0,10,,1110821,5,,,0,10,,1110792,5,,,0,11,,1110793,5,,,0,10,,1110822,5,,,0,50,,1110798,5,,,0,10,,1110794,5,,,0,10,,1110823,5,,,0,10,,1110795,5,,,0,10,,1110796,5,,,0,10,,1110824,5,,,0,50,,1110799,5,,,0,10,,1110802,5,,,0
80502,'20260815',534,,1110943,5,,,0,11,,1110826,5,,,0,10,,1110919,5,,,0,50,,1110827,5,,,0,10,,1110913,5,,,0,9,,1110920,5,,,0,9,,1110828,5,,,0,10,,1110829,5,,,0,9,,1110921,5,,,0,48,,1110830,5,,,0,10,,1110914,5,,,0,10,,1110922,5,,,0,9,,1110831,5,,,0,10,,1110832,5,,,0,10,,1110833,5,,,0,9,,1110834,5,,,0,49,,1110915,5,,,0,11,,1110923,5,,,0,10,,1110835,5,,,0,9,,1110836,5,,,0,9,,1110837,5,,,0,10,,1110838,5,,,0,50,,1110839,5,,,0,10,,1110924,5,,,0,10,,1110840,5,,,0,10,,1110841,5,,,0,10,,1110842,5,,,0,10,,1110843,5,,,0,50,,1110844,5,,,0,10,,1110925,5,,,0,10,,1110845,5,,,0,10,,1110846,5,,,0,10,,1110847,5,,,0,10,,1110848,5,,,0,50,,1110849,5,,,0,10,,1110926,5,,,0,10,,1110850,5,,,0,10,,1110851,5,,,0,10,,1110852,5,,,0,10,,1110853,5,,,0,50,,1110854,5,,,0,10,,1110927,5,,,0,10,,1110855,5,,,0,10,,1110856,5,,,0,10,,1110857,5,,,0,9,,1110858,5,,,0,49,,1110859,5,,,0,10,,1110928,5,,,0,10,,1110860,5,,,0,10,,1110861,5,,,0,10,,1110862,5,,,0,10,,1110863,5,,,0,51,,1110864,5,,,0,9,,1110865,5,,,0,10,,1110866,5,,,0,10,,1110867,5,,,0,10,,1110868,5,,,0,10,,1110869,5,,,0,50,,1110870,5,,,0,10,,1110871,5,,,0,10,,1110872,5,,,0,10,,1110873,5,,,0,10,,1110874,5,,,0,10,,1110875,5,,,0,50,,1110876,5,,,0,10,,1110877,5,,,0,10,,1110878,5,,,0,11,,1110918,5,,,0,10,,1110879,5,,,0,10,,1110880,5,,,0,50,,1110881,5,,,0,10,,1110882,5,,,0,10,,1110883,5,,,0,10,,1110884,5,,,0,10,,1110885,5,,,0,10,,1110917,5,,,0,51,,1110887,5,,,0,10,,1110888,5,,,0,10,,1110889,5,,,0,10,,1110929,5,,,0,10,,1110886,5,,,0,11,,1110890,5,,,0,50,,1110930,5,,,0,10,,1110891,5,,,0,10,,1110892,5,,,0,10,,1110931,5,,,0,11,,1110893,5,,,0,11,,1110894,5,,,0,50,,1110932,5,,,0,10,,1110895,5,,,0,10,,1110896,5,,,0,10,,1110933,5,,,0,10,,1110897,5,,,0,10,,1110898,5,,,0,50,,1110934,5,,,0,10,,1110899,5,,,0,10,,1110916,5,,,0,10,,1110935,5,,,0,10,,1110900,5,,,0,10,,1110901,5,,,0,51,,1110936,5,,,0,10,,1110902,5,,,0,10,,1110903,5,,,0,10,,1110937,5,,,0,10,,1110904,5,,,0,50,,1110905,5,,,0,10,,1110938,5,,,0,10,,1110906,5,,,0,10,,1110907,5,,,0,10,,1110939,5,,,0,10,,1110908,5,,,0,50,,1110909,5,,,0,10,,1110940,5,,,0,10,,1110912,5,,,0,10,,1110910,5,,,0,10,,1110941,5,,,0,11,,1110911,5,,,0,51,,1110942,5,,,0
80502,'20260816',534,,1111061,5,,,0,11,,1111029,5,,,0,10,,1111037,5,,,0,50,,1111028,5,,,0,10,,1111030,5,,,0,9,,1111038,5,,,0,9,,1111027,5,,,0,10,,1111026,5,,,0,9,,1111039,5,,,0,48,,1111024,5,,,0,10,,1111023,5,,,0,10,,1111025,5,,,0,9,,1111040,5,,,0,10,,1111021,5,,,0,10,,1111008,5,,,0,9,,1111011,5,,,0,49,,1111013,5,,,0,11,,1111012,5,,,0,10,,1111041,5,,,0,9,,1111001,5,,,0,9,,1111004,5,,,0,10,,1111002,5,,,0,50,,1111016,5,,,0,10,,1111015,5,,,0,10,,1111042,5,,,0,10,,1111017,5,,,0,10,,1111000,5,,,0,10,,1111006,5,,,0,50,,1111022,5,,,0,10,,1111010,5,,,0,10,,1111043,5,,,0,10,,1111003,5,,,0,10,,1111007,5,,,0,10,,1111005,5,,,0,50,,1111019,5,,,0,10,,1111014,5,,,0,10,,1111044,5,,,0,10,,1111018,5,,,0,10,,1111020,5,,,0,10,,1111009,5,,,0,50,,1110993,5,,,0,10,,1110990,5,,,0,10,,1111045,5,,,0,10,,1110984,5,,,0,10,,1110992,5,,,0,9,,1110996,5,,,0,49,,1110989,5,,,0,10,,1110987,5,,,0,10,,1111046,5,,,0,10,,1110995,5,,,0,10,,1110985,5,,,0,10,,1110991,5,,,0,51,,1110988,5,,,0,9,,1110998,5,,,0,10,,1110999,5,,,0,10,,1110983,5,,,0,10,,1110986,5,,,0,10,,1110982,5,,,0,50,,1110994,5,,,0,10,,1110997,5,,,0,10,,1110975,5,,,0,10,,1110970,5,,,0,10,,1110974,5,,,0,10,,1110978,5,,,0,50,,1110969,5,,,0,10,,1110972,5,,,0,10,,1110968,5,,,0,11,,1110967,5,,,0,10,,1110966,5,,,0,10,,1111036,5,,,0,50,,1110981,5,,,0,10,,1110980,5,,,0,10,,1110979,5,,,0,10,,1110977,5,,,0,10,,1110971,5,,,0,10,,1110976,5,,,0,51,,1110973,5,,,0,10,,1110964,5,,,0,10,,1111031,5,,,0,10,,1110958,5,,,0,10,,1111047,5,,,0,11,,1110956,5,,,0,50,,1110965,5,,,0,10,,1111048,5,,,0,10,,1110955,5,,,0,10,,1111049,5,,,0,11,,1110962,5,,,0,11,,1110963,5,,,0,50,,1111050,5,,,0,10,,1110960,5,,,0,10,,1110957,5,,,0,10,,1111051,5,,,0,10,,1110959,5,,,0,10,,1110961,5,,,0,50,,1111052,5,,,0,10,,1110954,5,,,0,10,,1110953,5,,,0,10,,1111053,5,,,0,10,,1110949,5,,,0,10,,1110948,5,,,0,51,,1111054,5,,,0,10,,1110945,5,,,0,10,,1111034,5,,,0,10,,1111055,5,,,0,10,,1110946,5,,,0,50,,1110944,5,,,0,10,,1111057,5,,,0,10,,1110952,5,,,0,10,,1110947,5,,,0,10,,1111058,5,,,0,10,,1110951,5,,,0,50,,1110950,5,,,0,10,,1111059,5,,,0,10,,1111033,5,,,0,10,,1111032,5,,,0,10,,1111056,5,,,0,11,,1111035,5,,,0,51,,1111060,5,,,0
80502,'20260817',511,,1111193,5,,,0,10,,1111062,5,,,0,11,,1111063,5,,,0,9,,1111064,5,,,0,9,,1111065,5,,,0,50,,1111066,5,,,0,11,,1111067,5,,,0,8,,1111068,5,,,0,7,,1111069,5,,,0,9,,1111070,5,,,0,9,,1111071,5,,,0,9,,1111072,5,,,0,50,,1111073,5,,,0,8,,1111074,5,,,0,10,,1111075,5,,,0,9,,1111077,5,,,0,10,,1111078,5,,,0,10,,1111079,5,,,0,51,,1111076,5,,,0,10,,1111080,5,,,0,11,,1111081,5,,,0,12,,1111082,5,,,0,9,,1111083,5,,,0,11,,1111172,5,,,0,50,,1111084,5,,,0,10,,1111085,5,,,0,10,,1111173,5,,,0,10,,1111086,5,,,0,10,,1111087,5,,,0,10,,1111174,5,,,0,50,,1111088,5,,,0,10,,1111089,5,,,0,10,,1111175,5,,,0,10,,1111090,5,,,0,10,,1111091,5,,,0,10,,1111176,5,,,0,50,,1111092,5,,,0,9,,1111093,5,,,0,10,,1111177,5,,,0,10,,1111094,5,,,0,10,,1111095,5,,,0,10,,1111096,5,,,0,50,,1111098,5,,,0,10,,1111178,5,,,0,10,,1111099,5,,,0,10,,1111100,5,,,0,10,,1111097,5,,,0,10,,1111101,5,,,0,50,,1111102,5,,,0,11,,1111103,5,,,0,10,,1111105,5,,,0,10,,1111104,5,,,0,10,,1111106,5,,,0,10,,1111107,5,,,0,50,,1111108,5,,,0,8,,1111109,5,,,0,8,,1111110,5,,,0,7,,1111111,5,,,0,6,,1111112,5,,,0,6,,1111113,5,,,0,6,,1111114,5,,,0,4,,1111115,5,,,0,6,,1111171,5,,,0,45,,1111116,5,,,0,6,,1111165,5,,,0,5,,1111117,5,,,0,6,,1111120,5,,,0,6,,1111121,5,,,0,6,,1111122,5,,,0,6,,1111123,5,,,0,6,,1111169,5,,,0,7,,1111119,5,,,0,7,,1111118,5,,,0,46,,1111124,5,,,0,7,,1111125,5,,,0,7,,1111126,5,,,0,6,,1111127,5,,,0,6,,1111128,5,,,0,6,,1111129,5,,,0,7,,1111130,5,,,0,7,,1111131,5,,,0,9,,1111132,5,,,0,47,,1111133,5,,,0,7,,1111134,5,,,0,7,,1111135,5,,,0,8,,1111136,5,,,0,6,,1111137,5,,,0,12,,1111179,5,,,0,10,,1111138,5,,,0,51,,1111139,5,,,0,10,,1111140,5,,,0,10,,1111180,5,,,0,11,,1111142,5,,,0,11,,1111143,5,,,0,10,,1111181,5,,,0,50,,1111144,5,,,0,10,,1111182,5,,,0,11,,1111141,5,,,0,10,,1111145,5,,,0,10,,1111183,5,,,0,10,,1111146,5,,,0,50,,1111147,5,,,0,10,,1111148,5,,,0,10,,1111149,5,,,0,10,,1111150,5,,,0,10,,1111184,5,,,0,10,,1111151,5,,,0,50,,1111152,5,,,0,11,,1111185,5,,,0,10,,1111153,5,,,0,11,,1111154,5,,,0,10,,1111186,5,,,0,51,,1111155,5,,,0,10,,1111156,5,,,0,9,,1111187,5,,,0,10,,1111157,5,,,0,10,,1111158,5,,,0,10,,1111188,5,,,0,10,,1111159,5,,,0,50,,1111168,5,,,0,10,,1111189,5,,,0,10,,1111160,5,,,0,11,,1111161,5,,,0,10,,1111190,5,,,0,50,,1111166,5,,,0,10,,1111162,5,,,0,10,,1111191,5,,,0,10,,1111163,5,,,0,10,,1111164,5,,,0,10,,1111192,5,,,0,50,,1111167,5,,,0,10,,1111170,5,,,0
80502,'20260818',511,,1111325,5,,,0,10,,1111194,5,,,0,11,,1111195,5,,,0,9,,1111196,5,,,0,9,,1111197,5,,,0,50,,1111198,5,,,0,11,,1111199,5,,,0,8,,1111200,5,,,0,7,,1111201,5,,,0,9,,1111202,5,,,0,9,,1111203,5,,,0,9,,1111204,5,,,0,50,,1111205,5,,,0,8,,1111206,5,,,0,10,,1111207,5,,,0,9,,1111209,5,,,0,10,,1111210,5,,,0,10,,1111211,5,,,0,51,,1111208,5,,,0,10,,1111212,5,,,0,11,,1111213,5,,,0,12,,1111214,5,,,0,9,,1111215,5,,,0,11,,1111304,5,,,0,50,,1111216,5,,,0,10,,1111217,5,,,0,10,,1111305,5,,,0,10,,1111218,5,,,0,10,,1111219,5,,,0,10,,1111306,5,,,0,50,,1111220,5,,,0,10,,1111221,5,,,0,10,,1111307,5,,,0,10,,1111222,5,,,0,10,,1111223,5,,,0,10,,1111308,5,,,0,50,,1111224,5,,,0,9,,1111225,5,,,0,10,,1111309,5,,,0,10,,1111226,5,,,0,10,,1111227,5,,,0,10,,1111228,5,,,0,50,,1111230,5,,,0,10,,1111310,5,,,0,10,,1111231,5,,,0,10,,1111232,5,,,0,10,,1111229,5,,,0,10,,1111233,5,,,0,50,,1111234,5,,,0,11,,1111235,5,,,0,10,,1111237,5,,,0,10,,1111236,5,,,0,10,,1111238,5,,,0,10,,1111239,5,,,0,50,,1111240,5,,,0,8,,1111241,5,,,0,8,,1111242,5,,,0,7,,1111243,5,,,0,6,,1111244,5,,,0,6,,1111245,5,,,0,6,,1111246,5,,,0,4,,1111247,5,,,0,6,,1111303,5,,,0,45,,1111248,5,,,0,6,,1111297,5,,,0,5,,1111249,5,,,0,6,,1111252,5,,,0,6,,1111253,5,,,0,6,,1111254,5,,,0,6,,1111255,5,,,0,6,,1111301,5,,,0,7,,1111251,5,,,0,7,,1111250,5,,,0,46,,1111256,5,,,0,7,,1111257,5,,,0,7,,1111258,5,,,0,6,,1111259,5,,,0,6,,1111260,5,,,0,6,,1111261,5,,,0,7,,1111262,5,,,0,7,,1111263,5,,,0,9,,1111264,5,,,0,47,,1111265,5,,,0,7,,1111266,5,,,0,7,,1111267,5,,,0,8,,1111268,5,,,0,6,,1111269,5,,,0,12,,1111311,5,,,0,10,,1111270,5,,,0,51,,1111271,5,,,0,10,,1111272,5,,,0,10,,1111312,5,,,0,11,,1111274,5,,,0,11,,1111275,5,,,0,10,,1111313,5,,,0,50,,1111276,5,,,0,10,,1111314,5,,,0,11,,1111273,5,,,0,10,,1111277,5,,,0,10,,1111315,5,,,0,10,,1111278,5,,,0,50,,1111279,5,,,0,10,,1111280,5,,,0,10,,1111281,5,,,0,10,,1111282,5,,,0,10,,1111316,5,,,0,10,,1111283,5,,,0,50,,1111284,5,,,0,11,,1111317,5,,,0,10,,1111285,5,,,0,11,,1111286,5,,,0,10,,1111318,5,,,0,51,,1111287,5,,,0,10,,1111288,5,,,0,9,,1111319,5,,,0,10,,1111289,5,,,0,10,,1111290,5,,,0,10,,1111320,5,,,0,10,,1111291,5,,,0,50,,1111300,5,,,0,10,,1111321,5,,,0,10,,1111292,5,,,0,11,,1111293,5,,,0,10,,1111322,5,,,0,50,,1111298,5,,,0,10,,1111294,5,,,0,10,,1111323,5,,,0,10,,1111295,5,,,0,10,,1111296,5,,,0,10,,1111324,5,,,0,50,,1111299,5,,,0,10,,1111302,5,,,0
80502,'20260819',511,,1142979,5,,,0,10,,1142848,5,,,0,11,,1142849,5,,,0,9,,1142850,5,,,0,9,,1142851,5,,,0,50,,1142852,5,,,0,11,,1142853,5,,,0,8,,1142854,5,,,0,7,,1142855,5,,,0,9,,1142856,5,,,0,9,,1142857,5,,,0,9,,1142858,5,,,0,50,,1142859,5,,,0,8,,1142860,5,,,0,10,,1142861,5,,,0,9,,1142863,5,,,0,10,,1142864,5,,,0,10,,1142865,5,,,0,51,,1142862,5,,,0,10,,1142866,5,,,0,11,,1142867,5,,,0,12,,1142868,5,,,0,9,,1142869,5,,,0,11,,1142958,5,,,0,50,,1142870,5,,,0,10,,1142871,5,,,0,10,,1142959,5,,,0,10,,1142872,5,,,0,10,,1142873,5,,,0,10,,1142960,5,,,0,50,,1142874,5,,,0,10,,1142875,5,,,0,10,,1142961,5,,,0,10,,1142876,5,,,0,10,,1142877,5,,,0,10,,1142962,5,,,0,50,,1142878,5,,,0,9,,1142879,5,,,0,10,,1142963,5,,,0,10,,1142880,5,,,0,10,,1142881,5,,,0,10,,1142882,5,,,0,50,,1142884,5,,,0,10,,1142964,5,,,0,10,,1142885,5,,,0,10,,1142886,5,,,0,10,,1142883,5,,,0,10,,1142887,5,,,0,50,,1142888,5,,,0,11,,1142889,5,,,0,10,,1142891,5,,,0,10,,1142890,5,,,0,10,,1142892,5,,,0,10,,1142893,5,,,0,50,,1142894,5,,,0,8,,1142895,5,,,0,8,,1142896,5,,,0,7,,1142897,5,,,0,6,,1142898,5,,,0,6,,1142899,5,,,0,6,,1142900,5,,,0,4,,1142901,5,,,0,6,,1142957,5,,,0,45,,1142902,5,,,0,6,,1142951,5,,,0,5,,1142903,5,,,0,6,,1142906,5,,,0,6,,1142907,5,,,0,6,,1142908,5,,,0,6,,1142909,5,,,0,6,,1142955,5,,,0,7,,1142905,5,,,0,7,,1142904,5,,,0,46,,1142910,5,,,0,7,,1142911,5,,,0,7,,1142912,5,,,0,6,,1142913,5,,,0,6,,1142914,5,,,0,6,,1142915,5,,,0,7,,1142916,5,,,0,7,,1142917,5,,,0,9,,1142918,5,,,0,47,,1142919,5,,,0,7,,1142920,5,,,0,7,,1142921,5,,,0,8,,1142922,5,,,0,6,,1142923,5,,,0,12,,1142965,5,,,0,10,,1142924,5,,,0,51,,1142925,5,,,0,10,,1142926,5,,,0,10,,1142966,5,,,0,11,,1142928,5,,,0,11,,1142929,5,,,0,10,,1142967,5,,,0,50,,1142930,5,,,0,10,,1142968,5,,,0,11,,1142927,5,,,0,10,,1142931,5,,,0,10,,1142969,5,,,0,10,,1142932,5,,,0,50,,1142933,5,,,0,10,,1142934,5,,,0,10,,1142935,5,,,0,10,,1142936,5,,,0,10,,1142970,5,,,0,10,,1142937,5,,,0,50,,1142938,5,,,0,11,,1142971,5,,,0,10,,1142939,5,,,0,11,,1142940,5,,,0,10,,1142972,5,,,0,51,,1142941,5,,,0,10,,1142942,5,,,0,9,,1142973,5,,,0,10,,1142943,5,,,0,10,,1142944,5,,,0,10,,1142974,5,,,0,10,,1142945,5,,,0,50,,1142954,5,,,0,10,,1142975,5,,,0,10,,1142946,5,,,0,11,,1142947,5,,,0,10,,1142976,5,,,0,50,,1142952,5,,,0,10,,1142948,5,,,0,10,,1142977,5,,,0,10,,1142949,5,,,0,10,,1142950,5,,,0,10,,1142978,5,,,0,50,,1142953,5,,,0,10,,1142956,5,,,0
80502,'20260820',511,,1143111,5,,,0,10,,1142980,5,,,0,11,,1142981,5,,,0,9,,1142982,5,,,0,9,,1142983,5,,,0,50,,1142984,5,,,0,11,,1142985,5,,,0,8,,1142986,5,,,0,7,,1142987,5,,,0,9,,1142988,5,,,0,9,,1142989,5,,,0,9,,1142990,5,,,0,50,,1142991,5,,,0,8,,1142992,5,,,0,10,,1142993,5,,,0,9,,1142995,5,,,0,10,,1142996,5,,,0,10,,1142997,5,,,0,51,,1142994,5,,,0,10,,1142998,5,,,0,11,,1142999,5,,,0,12,,1143000,5,,,0,9,,1143001,5,,,0,11,,1143090,5,,,0,50,,1143002,5,,,0,10,,1143003,5,,,0,10,,1143091,5,,,0,10,,1143004,5,,,0,10,,1143005,5,,,0,10,,1143092,5,,,0,50,,1143006,5,,,0,10,,1143007,5,,,0,10,,1143093,5,,,0,10,,1143008,5,,,0,10,,1143009,5,,,0,10,,1143094,5,,,0,50,,1143010,5,,,0,9,,1143011,5,,,0,10,,1143095,5,,,0,10,,1143012,5,,,0,10,,1143013,5,,,0,10,,1143014,5,,,0,50,,1143016,5,,,0,10,,1143096,5,,,0,10,,1143017,5,,,0,10,,1143018,5,,,0,10,,1143015,5,,,0,10,,1143019,5,,,0,50,,1143020,5,,,0,11,,1143021,5,,,0,10,,1143023,5,,,0,10,,1143022,5,,,0,10,,1143024,5,,,0,10,,1143025,5,,,0,50,,1143026,5,,,0,8,,1143027,5,,,0,8,,1143028,5,,,0,7,,1143029,5,,,0,6,,1143030,5,,,0,6,,1143031,5,,,0,6,,1143032,5,,,0,4,,1143033,5,,,0,6,,1143089,5,,,0,45,,1143034,5,,,0,6,,1143083,5,,,0,5,,1143035,5,,,0,6,,1143038,5,,,0,6,,1143039,5,,,0,6,,1143040,5,,,0,6,,1143041,5,,,0,6,,1143087,5,,,0,7,,1143037,5,,,0,7,,1143036,5,,,0,46,,1143042,5,,,0,7,,1143043,5,,,0,7,,1143044,5,,,0,6,,1143045,5,,,0,6,,1143046,5,,,0,6,,1143047,5,,,0,7,,1143048,5,,,0,7,,1143049,5,,,0,9,,1143050,5,,,0,47,,1143051,5,,,0,7,,1143052,5,,,0,7,,1143053,5,,,0,8,,1143054,5,,,0,6,,1143055,5,,,0,12,,1143097,5,,,0,10,,1143056,5,,,0,51,,1143057,5,,,0,10,,1143058,5,,,0,10,,1143098,5,,,0,11,,1143060,5,,,0,11,,1143061,5,,,0,10,,1143099,5,,,0,50,,1143062,5,,,0,10,,1143100,5,,,0,11,,1143059,5,,,0,10,,1143063,5,,,0,10,,1143101,5,,,0,10,,1143064,5,,,0,50,,1143065,5,,,0,10,,1143066,5,,,0,10,,1143067,5,,,0,10,,1143068,5,,,0,10,,1143102,5,,,0,10,,1143069,5,,,0,50,,1143070,5,,,0,11,,1143103,5,,,0,10,,1143071,5,,,0,11,,1143072,5,,,0,10,,1143104,5,,,0,51,,1143073,5,,,0,10,,1143074,5,,,0,9,,1143105,5,,,0,10,,1143075,5,,,0,10,,1143076,5,,,0,10,,1143106,5,,,0,10,,1143077,5,,,0,50,,1143086,5,,,0,10,,1143107,5,,,0,10,,1143078,5,,,0,11,,1143079,5,,,0,10,,1143108,5,,,0,50,,1143084,5,,,0,10,,1143080,5,,,0,10,,1143109,5,,,0,10,,1143081,5,,,0,10,,1143082,5,,,0,10,,1143110,5,,,0,50,,1143085,5,,,0,10,,1143088,5,,,0
80502,'20260821',511,,1143243,5,,,0,10,,1143112,5,,,0,11,,1143113,5,,,0,9,,1143114,5,,,0,9,,1143115,5,,,0,50,,1143116,5,,,0,11,,1143117,5,,,0,8,,1143118,5,,,0,7,,1143119,5,,,0,9,,1143120,5,,,0,9,,1143121,5,,,0,9,,1143122,5,,,0,50,,1143123,5,,,0,8,,1143124,5,,,0,10,,1143125,5,,,0,9,,1143127,5,,,0,10,,1143128,5,,,0,10,,1143129,5,,,0,51,,1143126,5,,,0,10,,1143130,5,,,0,11,,1143131,5,,,0,12,,1143132,5,,,0,9,,1143133,5,,,0,11,,1143222,5,,,0,50,,1143134,5,,,0,10,,1143135,5,,,0,10,,1143223,5,,,0,10,,1143136,5,,,0,10,,1143137,5,,,0,10,,1143224,5,,,0,50,,1143138,5,,,0,10,,1143139,5,,,0,10,,1143225,5,,,0,10,,1143140,5,,,0,10,,1143141,5,,,0,10,,1143226,5,,,0,50,,1143142,5,,,0,9,,1143143,5,,,0,10,,1143227,5,,,0,10,,1143144,5,,,0,10,,1143145,5,,,0,10,,1143146,5,,,0,50,,1143148,5,,,0,10,,1143228,5,,,0,10,,1143149,5,,,0,10,,1143150,5,,,0,10,,1143147,5,,,0,10,,1143151,5,,,0,50,,1143152,5,,,0,11,,1143153,5,,,0,10,,1143155,5,,,0,10,,1143154,5,,,0,10,,1143156,5,,,0,10,,1143157,5,,,0,50,,1143158,5,,,0,8,,1143159,5,,,0,8,,1143160,5,,,0,7,,1143161,5,,,0,6,,1143162,5,,,0,6,,1143163,5,,,0,6,,1143164,5,,,0,4,,1143165,5,,,0,6,,1143221,5,,,0,45,,1143166,5,,,0,6,,1143215,5,,,0,5,,1143167,5,,,0,6,,1143170,5,,,0,6,,1143171,5,,,0,6,,1143172,5,,,0,6,,1143173,5,,,0,6,,1143219,5,,,0,7,,1143169,5,,,0,7,,1143168,5,,,0,46,,1143174,5,,,0,7,,1143175,5,,,0,7,,1143176,5,,,0,6,,1143177,5,,,0,6,,1143178,5,,,0,6,,1143179,5,,,0,7,,1143180,5,,,0,7,,1143181,5,,,0,9,,1143182,5,,,0,47,,1143183,5,,,0,7,,1143184,5,,,0,7,,1143185,5,,,0,8,,1143186,5,,,0,6,,1143187,5,,,0,12,,1143229,5,,,0,10,,1143188,5,,,0,51,,1143189,5,,,0,10,,1143190,5,,,0,10,,1143230,5,,,0,11,,1143192,5,,,0,11,,1143193,5,,,0,10,,1143231,5,,,0,50,,1143194,5,,,0,10,,1143232,5,,,0,11,,1143191,5,,,0,10,,1143195,5,,,0,10,,1143233,5,,,0,10,,1143196,5,,,0,50,,1143197,5,,,0,10,,1143198,5,,,0,10,,1143199,5,,,0,10,,1143200,5,,,0,10,,1143234,5,,,0,10,,1143201,5,,,0,50,,1143202,5,,,0,11,,1143235,5,,,0,10,,1143203,5,,,0,11,,1143204,5,,,0,10,,1143236,5,,,0,51,,1143205,5,,,0,10,,1143206,5,,,0,9,,1143237,5,,,0,10,,1143207,5,,,0,10,,1143208,5,,,0,10,,1143238,5,,,0,10,,1143209,5,,,0,50,,1143218,5,,,0,10,,1143239,5,,,0,10,,1143210,5,,,0,11,,1143211,5,,,0,10,,1143240,5,,,0,50,,1143216,5,,,0,10,,1143212,5,,,0,10,,1143241,5,,,0,10,,1143213,5,,,0,10,,1143214,5,,,0,10,,1143242,5,,,0,50,,1143217,5,,,0,10,,1143220,5,,,0
