3901,'20261002',616,,1569215,8,,,0,27,,1569216,8,,,0,69,,1569217,8,,,0,28,,1569218,8,,,0,70,,1569219,8,,,0,13,,1569220,8,,,0,90,,1569221,8,,,0,101,,1569222,8,,,0,100,,1569223,8,,,0,100,,1569224,8,,,0,100,,1569225,8,,,0,100,,1569226,8,,,0,99,,1569227,8,,,0,99,,1569228,8,,,0,101,,1569229,8,,,0,101,,1569230,8,,,0,100,,1569231,8,,,0,100,,1569232,8,,,0,101,,1569233,8,,,0,101,,1569234,8,,,0,100,,1569235,8,,,0
3901,'20261003',715,,1569236,8,,,0,100,,1569237,8,,,0,99,,1569238,8,,,0,100,,1569239,8,,,0,100,,1569240,8,,,0,100,,1569241,8,,,0,100,,1569242,8,,,0,100,,1569243,8,,,0,100,,1569244,8,,,0,100,,1569245,8,,,0,100,,1569246,8,,,0,100,,1569247,8,,,0,101,,1569248,8,,,0,100,,1569249,8,,,0,100,,1569250,8,,,0,100,,1569251,8,,,0,100,,1569252,8,,,0
3901,'20261004',715,,1569253,8,,,0,100,,1569254,8,,,0,99,,1569255,8,,,0,100,,1569256,8,,,0,100,,1569257,8,,,0,100,,1569258,8,,,0,100,,1569259,8,,,0,100,,1569260,8,,,0,100,,1569261,8,,,0,100,,1569262,8,,,0,100,,1569263,8,,,0,100,,1569264,8,,,0,101,,1569265,8,,,0,100,,1569266,8,,,0,100,,1569267,8,,,0,100,,1569268,8,,,0,100,,1569269,8,,,0
3901,'20261005',616,,1569270,8,,,0,27,,1569271,8,,,0,69,,1569272,8,,,0,28,,1569273,8,,,0,70,,1569274,8,,,0,13,,1569275,8,,,0,90,,1569276,8,,,0,101,,1569277,8,,,0,100,,1569278,8,,,0,100,,1569279,8,,,0,100,,1569280,8,,,0,100,,1569281,8,,,0,99,,1569282,8,,,0,99,,1569283,8,,,0,101,,1569284,8,,,0,101,,1569285,8,,,0,100,,1569286,8,,,0,100,,1569287,8,,,0,101,,1569288,8,,,0,101,,1569289,8,,,0,100,,1569290,8,,,0
3901,'20261006',616,,1516014,8,,,0,27,,1516015,8,,,0,69,,1516016,8,,,0,28,,1516017,8,,,0,70,,1516018,8,,,0,13,,1516033,8,,,0,90,,1516019,8,,,0,101,,1516020,8,,,0,100,,1516021,8,,,0,100,,1516022,8,,,0,100,,1516023,8,,,0,100,,1516024,8,,,0,99,,1516025,8,,,0,99,,1516032,8,,,0,101,,1516026,8,,,0,101,,1516027,8,,,0,100,,1516028,8,,,0,100,,1516029,8,,,0,101,,1516030,8,,,0,101,,1516034,8,,,0,100,,1516031,8,,,0
3901,'20261007',616,,1516035,8,,,0,27,,1516036,8,,,0,69,,1516037,8,,,0,28,,1516038,8,,,0,70,,1516039,8,,,0,13,,1516054,8,,,0,90,,1516040,8,,,0,101,,1516041,8,,,0,100,,1516042,8,,,0,100,,1516043,8,,,0,100,,1516044,8,,,0,100,,1516045,8,,,0,99,,1516046,8,,,0,99,,1516053,8,,,0,101,,1516047,8,,,0,101,,1516048,8,,,0,100,,1516049,8,,,0,100,,1516050,8,,,0,101,,1516051,8,,,0,101,,1516055,8,,,0,100,,1516052,8,,,0
3901,'20261008',616,,1516056,8,,,0,27,,1516057,8,,,0,69,,1516058,8,,,0,28,,1516059,8,,,0,70,,1516060,8,,,0,13,,1516075,8,,,0,90,,1516061,8,,,0,101,,1516062,8,,,0,100,,1516063,8,,,0,100,,1516064,8,,,0,100,,1516065,8,,,0,100,,1516066,8,,,0,99,,1516067,8,,,0,99,,1516074,8,,,0,101,,1516068,8,,,0,101,,1516069,8,,,0,100,,1516070,8,,,0,100,,1516071,8,,,0,101,,1516072,8,,,0,101,,1516076,8,,,0,100,,1516073,8,,,0
3901,'20261009',616,,1516077,8,,,0,27,,1516078,8,,,0,69,,1516079,8,,,0,28,,1516080,8,,,0,70,,1516081,8,,,0,13,,1516096,8,,,0,90,,1516082,8,,,0,101,,1516083,8,,,0,100,,1516084,8,,,0,100,,1516085,8,,,0,100,,1516086,8,,,0,100,,1516087,8,,,0,99,,1516088,8,,,0,99,,1516095,8,,,0,101,,1516089,8,,,0,101,,1516090,8,,,0,100,,1516091,8,,,0,100,,1516092,8,,,0,101,,1516093,8,,,0,101,,1516097,8,,,0,100,,1516094,8,,,0
3901,'20261010',715,,1545348,8,,,0,100,,1545349,8,,,0,99,,1545350,8,,,0,100,,1545351,8,,,0,100,,1545352,8,,,0,100,,1545353,8,,,0,100,,1545354,8,,,0,100,,1545355,8,,,0,100,,1545356,8,,,0,100,,1545357,8,,,0,100,,1545358,8,,,0,100,,1545359,8,,,0,101,,1545360,8,,,0,100,,1545363,8,,,0,100,,1545361,8,,,0,100,,1545364,8,,,0,100,,1545362,8,,,0
3901,'20261011',715,,1545379,8,,,0,100,,1545365,8,,,0,99,,1545380,8,,,0,100,,1545366,8,,,0,100,,1545367,8,,,0,100,,1545368,8,,,0,100,,1545369,8,,,0,100,,1545370,8,,,0,100,,1545371,8,,,0,100,,1545372,8,,,0,100,,1545373,8,,,0,100,,1545374,8,,,0,101,,1545375,8,,,0,100,,1545378,8,,,0,100,,1545376,8,,,0,100,,1545381,8,,,0,100,,1545377,8,,,0
3901,'20261012',715,,1545396,8,,,0,100,,1545382,8,,,0,99,,1545397,8,,,0,100,,1545383,8,,,0,100,,1545384,8,,,0,100,,1545385,8,,,0,100,,1545386,8,,,0,100,,1545387,8,,,0,100,,1545388,8,,,0,100,,1545389,8,,,0,100,,1545390,8,,,0,100,,1545391,8,,,0,101,,1545392,8,,,0,100,,1545395,8,,,0,100,,1545393,8,,,0,100,,1545398,8,,,0,100,,1545394,8,,,0
3901,'20261013',616,,1569291,8,,,0,27,,1569292,8,,,0,69,,1569293,8,,,0,28,,1569294,8,,,0,70,,1569295,8,,,0,13,,1569310,8,,,0,90,,1569296,8,,,0,101,,1569297,8,,,0,100,,1569298,8,,,0,100,,1569299,8,,,0,100,,1569300,8,,,0,100,,1569301,8,,,0,99,,1569302,8,,,0,99,,1569309,8,,,0,101,,1569303,8,,,0,101,,1569304,8,,,0,100,,1569305,8,,,0,100,,1569306,8,,,0,101,,1569307,8,,,0,101,,1569311,8,,,0,100,,1569308,8,,,0
3901,'20261014',616,,1569312,8,,,0,27,,1569313,8,,,0,69,,1569314,8,,,0,28,,1569315,8,,,0,70,,1569316,8,,,0,13,,1569331,8,,,0,90,,1569317,8,,,0,101,,1569318,8,,,0,100,,1569319,8,,,0,100,,1569320,8,,,0,100,,1569321,8,,,0,100,,1569322,8,,,0,99,,1569323,8,,,0,99,,1569330,8,,,0,101,,1569324,8,,,0,101,,1569325,8,,,0,100,,1569326,8,,,0,100,,1569327,8,,,0,101,,1569328,8,,,0,101,,1569332,8,,,0,100,,1569329,8,,,0
3901,'20261015',616,,1569333,8,,,0,27,,1569334,8,,,0,69,,1569335,8,,,0,28,,1569336,8,,,0,70,,1569337,8,,,0,13,,1569352,8,,,0,90,,1569338,8,,,0,101,,1569339,8,,,0,100,,1569340,8,,,0,100,,1569341,8,,,0,100,,1569342,8,,,0,100,,1569343,8,,,0,99,,1569344,8,,,0,99,,1569351,8,,,0,101,,1569345,8,,,0,101,,1569346,8,,,0,100,,1569347,8,,,0,100,,1569348,8,,,0,101,,1569349,8,,,0,101,,1569353,8,,,0,100,,1569350,8,,,0
3901,'20261016',616,,1569354,8,,,0,27,,1569355,8,,,0,69,,1569356,8,,,0,28,,1569357,8,,,0,70,,1569358,8,,,0,13,,1569373,8,,,0,90,,1569359,8,,,0,101,,1569360,8,,,0,100,,1569361,8,,,0,100,,1569362,8,,,0,100,,1569363,8,,,0,100,,1569364,8,,,0,99,,1569365,8,,,0,99,,1569372,8,,,0,101,,1569366,8,,,0,101,,1569367,8,,,0,100,,1569368,8,,,0,100,,1569369,8,,,0,101,,1569370,8,,,0,101,,1569374,8,,,0,100,,1569371,8,,,0
