7400,'20260929',747,,1548985,66,,,1,98,,1548986,66,,,1,98,,1548987,66,,,1,99,,1548988,66,,,1,101,,1548989,66,,,1,100,,1548990,66,,,1,100,,1548991,66,,,1,102,,1548992,66,,,1,101,,1548993,66,,,1,100,,1548994,66,,,1,99,,1548995,66,,,1,99,,1548996,66,,,1,98,,1548997,66,,,1,100,,1548998,66,,,1,100,,1548999,66,,,1,100,,1549000,66,,,1,100,,1549001,66,,,1
7400,'20260930',747,,1549006,66,,,1,98,,1549007,66,,,1,98,,1549008,66,,,1,99,,1549009,66,,,1,101,,1549010,66,,,1,100,,1549011,66,,,1,100,,1549012,66,,,1,102,,1549013,66,,,1,101,,1549014,66,,,1,100,,1549015,66,,,1,99,,1549016,66,,,1,99,,1549017,66,,,1,98,,1549018,66,,,1,100,,1549019,66,,,1,100,,1549020,66,,,1,100,,1549021,66,,,1,100,,1549022,66,,,1
7400,'20261001',747,,1549027,66,,,1,98,,1549028,66,,,1,98,,1549029,66,,,1,99,,1549030,66,,,1,101,,1549031,66,,,1,100,,1549032,66,,,1,100,,1549033,66,,,1,102,,1549034,66,,,1,101,,1549035,66,,,1,100,,1549036,66,,,1,99,,1549037,66,,,1,99,,1549038,66,,,1,98,,1549039,66,,,1,100,,1549040,66,,,1,100,,1549041,66,,,1,100,,1549042,66,,,1,100,,1549043,66,,,1
7400,'20261002',747,,1471875,66,,,1,98,,1471862,66,,,1,98,,1471863,66,,,1,99,,1471864,66,,,1,101,,1471865,66,,,1,100,,1471866,66,,,1,100,,1471867,66,,,1,102,,1471868,66,,,1,101,,1471869,66,,,1,100,,1471870,66,,,1,99,,1471871,66,,,1,99,,1471872,66,,,1,98,,1471876,66,,,1,100,,1471877,66,,,1,100,,1471873,66,,,1,100,,1471878,66,,,1,100,,1471874,66,,,1
7400,'20261003',841,,1494873,66,,,1,101,,1494887,66,,,1,100,,1494888,66,,,1,100,,1494874,66,,,1,100,,1494875,66,,,1,100,,1494876,66,,,1,100,,1494877,66,,,1,101,,1494878,66,,,1,100,,1494879,66,,,1,101,,1494880,66,,,1,100,,1494881,66,,,1,98,,1494882,66,,,1,99,,1494883,66,,,1,100,,1494884,66,,,1,100,,1494885,66,,,1,100,,1494886,66,,,1,169,,1494889,66,,,1
7400,'20261004',841,,1494890,66,,,1,101,,1494904,66,,,1,100,,1494891,66,,,1,100,,1494905,66,,,1,100,,1494898,66,,,1,100,,1494899,66,,,1,100,,1494900,66,,,1,101,,1494901,66,,,1,100,,1494902,66,,,1,101,,1494903,66,,,1,100,,1494892,66,,,1,98,,1494896,66,,,1,99,,1494897,66,,,1,100,,1494893,66,,,1,100,,1494894,66,,,1,100,,1494895,66,,,1,169,,1494906,66,,,1
7400,'20261005',747,,1494920,66,,,1,98,,1494907,66,,,1,98,,1494908,66,,,1,99,,1494909,66,,,1,101,,1494910,66,,,1,100,,1494911,66,,,1,100,,1494912,66,,,1,102,,1494913,66,,,1,101,,1494914,66,,,1,100,,1494915,66,,,1,99,,1494916,66,,,1,99,,1494917,66,,,1,98,,1494921,66,,,1,100,,1494922,66,,,1,100,,1494918,66,,,1,100,,1494923,66,,,1,100,,1494919,66,,,1
7400,'20261006',747,,1521327,66,,,1,98,,1521314,66,,,1,98,,1521315,66,,,1,99,,1521316,66,,,1,101,,1521317,66,,,1,100,,1521318,66,,,1,100,,1521319,66,,,1,102,,1521320,66,,,1,101,,1521321,66,,,1,100,,1521322,66,,,1,99,,1521323,66,,,1,99,,1521324,66,,,1,98,,1521328,66,,,1,100,,1521329,66,,,1,100,,1521325,66,,,1,100,,1521330,66,,,1,100,,1521326,66,,,1
7400,'20261007',747,,1521348,66,,,1,98,,1521335,66,,,1,98,,1521336,66,,,1,99,,1521337,66,,,1,101,,1521338,66,,,1,100,,1521339,66,,,1,100,,1521340,66,,,1,102,,1521341,66,,,1,101,,1521342,66,,,1,100,,1521343,66,,,1,99,,1521344,66,,,1,99,,1521345,66,,,1,98,,1521349,66,,,1,100,,1521350,66,,,1,100,,1521346,66,,,1,100,,1521351,66,,,1,100,,1521347,66,,,1
7400,'20261008',747,,1521369,66,,,1,98,,1521356,66,,,1,98,,1521357,66,,,1,99,,1521358,66,,,1,101,,1521359,66,,,1,100,,1521360,66,,,1,100,,1521361,66,,,1,102,,1521362,66,,,1,101,,1521363,66,,,1,100,,1521364,66,,,1,99,,1521365,66,,,1,99,,1521366,66,,,1,98,,1521370,66,,,1,100,,1521371,66,,,1,100,,1521367,66,,,1,100,,1521372,66,,,1,100,,1521368,66,,,1
7400,'20261009',747,,1521390,66,,,1,98,,1521377,66,,,1,98,,1521378,66,,,1,99,,1521379,66,,,1,101,,1521380,66,,,1,100,,1521381,66,,,1,100,,1521382,66,,,1,102,,1521383,66,,,1,101,,1521384,66,,,1,100,,1521385,66,,,1,99,,1521386,66,,,1,99,,1521387,66,,,1,98,,1521391,66,,,1,100,,1521392,66,,,1,100,,1521388,66,,,1,100,,1521393,66,,,1,100,,1521389,66,,,1
7400,'20261010',841,,1549044,66,,,1,101,,1549058,66,,,1,100,,1549059,66,,,1,100,,1549045,66,,,1,100,,1549046,66,,,1,100,,1549047,66,,,1,100,,1549048,66,,,1,101,,1549049,66,,,1,100,,1549050,66,,,1,101,,1549051,66,,,1,100,,1549052,66,,,1,98,,1549053,66,,,1,99,,1549054,66,,,1,100,,1549055,66,,,1,100,,1549056,66,,,1,100,,1549057,66,,,1,169,,1549060,66,,,1
7400,'20261011',841,,1549061,66,,,1,101,,1549075,66,,,1,100,,1549062,66,,,1,100,,1549076,66,,,1,100,,1549069,66,,,1,100,,1549070,66,,,1,100,,1549071,66,,,1,101,,1549072,66,,,1,100,,1549073,66,,,1,101,,1549074,66,,,1,100,,1549063,66,,,1,98,,1549067,66,,,1,99,,1549068,66,,,1,100,,1549064,66,,,1,100,,1549065,66,,,1,100,,1549066,66,,,1,169,,1549077,66,,,1
7400,'20261012',841,,1549078,66,,,1,101,,1549092,66,,,1,100,,1549079,66,,,1,100,,1549093,66,,,1,100,,1549086,66,,,1,100,,1549087,66,,,1,100,,1549088,66,,,1,101,,1549089,66,,,1,100,,1549090,66,,,1,101,,1549091,66,,,1,100,,1549080,66,,,1,98,,1549084,66,,,1,99,,1549085,66,,,1,100,,1549081,66,,,1,100,,1549082,66,,,1,100,,1549083,66,,,1,169,,1549094,66,,,1
98400,'20261002',2618,,1485613,82,,,0
98400,'20261003',2618,,1508568,82,,,0
98400,'20261009',2618,,1540250,82,,,0
98400,'20261010',2618,,1561869,82,,,0
