902,'20261006',1546,,1596266,14,,,0,70,,1596267,14,,,0,30,,1596268,14,,,0,98,,1596269,14,,,0,699,,1596270,14,,,0
902,'20261007',1546,,1596271,14,,,0,70,,1596272,14,,,0,30,,1596273,14,,,0,98,,1596274,14,,,0,699,,1596275,14,,,0
902,'20261008',1546,,1596276,14,,,0,70,,1596277,14,,,0,30,,1596278,14,,,0,98,,1596279,14,,,0,699,,1596280,14,,,0
902,'20261009',1546,,1596281,14,,,0,70,,1596282,14,,,0,30,,1596283,14,,,0,98,,1596284,14,,,0,699,,1596285,14,,,0
902,'20261013',1546,,1564579,14,,,0,70,,1564576,14,,,0,30,,1564577,14,,,0,98,,1564578,14,,,0,699,,1564580,14,,,0
902,'20261014',1546,,1564584,14,,,0,70,,1564581,14,,,0,30,,1564582,14,,,0,98,,1564583,14,,,0,699,,1564585,14,,,0
902,'20261015',1546,,1564589,14,,,0,70,,1564586,14,,,0,30,,1564587,14,,,0,98,,1564588,14,,,0,699,,1564590,14,,,0
902,'20261016',1546,,1564594,14,,,0,70,,1564591,14,,,0,30,,1564592,14,,,0,98,,1564593,14,,,0,699,,1564595,14,,,0
902,'20261019',1546,,1596289,14,,,0,70,,1596286,14,,,0,30,,1596287,14,,,0,98,,1596288,14,,,0,699,,1596290,14,,,0
902,'20261020',1546,,1596294,14,,,0,70,,1596291,14,,,0,30,,1596292,14,,,0,98,,1596293,14,,,0,699,,1596295,14,,,0
