1303,'20260929',650,,1543005,13,,,0,104,,1543006,13,,,0,68,,1543027,11,,,0,2,,1543007,13,,,0,100,,1543008,13,,,0,100,,1543009,13,,,0,99,,1543010,13,,,0,102,,1543011,13,,,0,98,,1543012,13,,,0,100,,1543013,13,,,0,99,,1543014,13,,,0,31,,1543015,13,,,0,70,,1543016,13,,,0,32,,1543017,13,,,0,76,,1543018,13,,,0,25,,1543019,13,,,0,70,,1543020,13,,,0,26,,1543021,13,,,0,68,,1543022,13,,,0,100,,1543023,13,,,0,100,,1543024,13,,,0,100,,1543025,13,,,0,99,,1543026,13,,,0
1303,'20260930',650,,1543028,13,,,0,104,,1543029,13,,,0,68,,1543050,11,,,0,2,,1543030,13,,,0,100,,1543031,13,,,0,100,,1543032,13,,,0,99,,1543033,13,,,0,102,,1543034,13,,,0,98,,1543035,13,,,0,100,,1543036,13,,,0,99,,1543037,13,,,0,31,,1543038,13,,,0,70,,1543039,13,,,0,32,,1543040,13,,,0,76,,1543041,13,,,0,25,,1543042,13,,,0,70,,1543043,13,,,0,26,,1543044,13,,,0,68,,1543045,13,,,0,100,,1543046,13,,,0,100,,1543047,13,,,0,100,,1543048,13,,,0,99,,1543049,13,,,0
1303,'20261001',650,,1543051,13,,,0,104,,1543052,13,,,0,68,,1543073,11,,,0,2,,1543053,13,,,0,100,,1543054,13,,,0,100,,1543055,13,,,0,99,,1543056,13,,,0,102,,1543057,13,,,0,98,,1543058,13,,,0,100,,1543059,13,,,0,99,,1543060,13,,,0,31,,1543061,13,,,0,70,,1543062,13,,,0,32,,1543063,13,,,0,76,,1543064,13,,,0,25,,1543065,13,,,0,70,,1543066,13,,,0,26,,1543067,13,,,0,68,,1543068,13,,,0,100,,1543069,13,,,0,100,,1543070,13,,,0,100,,1543071,13,,,0,99,,1543072,13,,,0
1303,'20261002',650,,1465489,13,,,0,104,,1465490,13,,,0,68,,1465511,11,,,0,2,,1465491,13,,,0,100,,1465492,13,,,0,100,,1465493,13,,,0,99,,1465494,13,,,0,102,,1465495,13,,,0,98,,1465496,13,,,0,100,,1465497,13,,,0,99,,1465498,13,,,0,31,,1465507,13,,,0,70,,1465499,13,,,0,32,,1465508,13,,,0,76,,1465500,13,,,0,25,,1465509,13,,,0,70,,1465501,13,,,0,26,,1465510,13,,,0,68,,1465502,13,,,0,100,,1465503,13,,,0,100,,1465504,13,,,0,100,,1465505,13,,,0,99,,1465506,13,,,0
1303,'20261003',802,,1488523,13,,,0,102,,1488524,13,,,0,102,,1488525,13,,,0,102,,1488526,13,,,0,102,,1488527,13,,,0,102,,1488528,13,,,0,101,,1488529,13,,,0,104,,1488530,13,,,0,97,,1488531,13,,,0,100,,1488532,13,,,0,98,,1488533,13,,,0,98,,1488534,13,,,0,98,,1488535,13,,,0,98,,1488536,13,,,0,98,,1488537,13,,,0,98,,1488522,13,,,0
1303,'20261004',802,,1488538,13,,,0,102,,1488539,13,,,0,102,,1488540,13,,,0,102,,1488541,13,,,0,102,,1488542,13,,,0,102,,1488543,13,,,0,101,,1488544,13,,,0,104,,1488545,13,,,0,97,,1488546,13,,,0,100,,1488547,13,,,0,98,,1488548,13,,,0,98,,1488549,13,,,0,98,,1488550,13,,,0,98,,1488551,13,,,0,98,,1488552,13,,,0,98,,1488553,13,,,0
1303,'20261005',650,,1488554,13,,,0,104,,1488555,13,,,0,68,,1488576,11,,,0,2,,1488556,13,,,0,100,,1488557,13,,,0,100,,1488558,13,,,0,99,,1488559,13,,,0,102,,1488560,13,,,0,98,,1488561,13,,,0,100,,1488562,13,,,0,99,,1488563,13,,,0,31,,1488572,13,,,0,70,,1488564,13,,,0,32,,1488573,13,,,0,76,,1488565,13,,,0,25,,1488574,13,,,0,70,,1488566,13,,,0,26,,1488575,13,,,0,68,,1488567,13,,,0,100,,1488568,13,,,0,100,,1488569,13,,,0,100,,1488570,13,,,0,99,,1488571,13,,,0
1303,'20261006',650,,1512540,13,,,0,104,,1512541,13,,,0,68,,1512562,11,,,0,2,,1512542,13,,,0,100,,1512543,13,,,0,100,,1512544,13,,,0,99,,1512545,13,,,0,102,,1512546,13,,,0,98,,1512547,13,,,0,100,,1512548,13,,,0,99,,1512549,13,,,0,31,,1512558,13,,,0,70,,1512550,13,,,0,32,,1512559,13,,,0,76,,1512551,13,,,0,25,,1512560,13,,,0,70,,1512552,13,,,0,26,,1512561,13,,,0,68,,1512553,13,,,0,100,,1512554,13,,,0,100,,1512555,13,,,0,100,,1512556,13,,,0,99,,1512557,13,,,0
1303,'20261007',650,,1512563,13,,,0,104,,1512564,13,,,0,68,,1512585,11,,,0,2,,1512565,13,,,0,100,,1512566,13,,,0,100,,1512567,13,,,0,99,,1512568,13,,,0,102,,1512569,13,,,0,98,,1512570,13,,,0,100,,1512571,13,,,0,99,,1512572,13,,,0,31,,1512581,13,,,0,70,,1512573,13,,,0,32,,1512582,13,,,0,76,,1512574,13,,,0,25,,1512583,13,,,0,70,,1512575,13,,,0,26,,1512584,13,,,0,68,,1512576,13,,,0,100,,1512577,13,,,0,100,,1512578,13,,,0,100,,1512579,13,,,0,99,,1512580,13,,,0
1303,'20261008',650,,1512586,13,,,0,104,,1512587,13,,,0,68,,1512608,11,,,0,2,,1512588,13,,,0,100,,1512589,13,,,0,100,,1512590,13,,,0,99,,1512591,13,,,0,102,,1512592,13,,,0,98,,1512593,13,,,0,100,,1512594,13,,,0,99,,1512595,13,,,0,31,,1512604,13,,,0,70,,1512596,13,,,0,32,,1512605,13,,,0,76,,1512597,13,,,0,25,,1512606,13,,,0,70,,1512598,13,,,0,26,,1512607,13,,,0,68,,1512599,13,,,0,100,,1512600,13,,,0,100,,1512601,13,,,0,100,,1512602,13,,,0,99,,1512603,13,,,0
1303,'20261009',650,,1512609,13,,,0,104,,1512610,13,,,0,68,,1512631,11,,,0,2,,1512611,13,,,0,100,,1512612,13,,,0,100,,1512613,13,,,0,99,,1512614,13,,,0,102,,1512615,13,,,0,98,,1512616,13,,,0,100,,1512617,13,,,0,99,,1512618,13,,,0,31,,1512627,13,,,0,70,,1512619,13,,,0,32,,1512628,13,,,0,76,,1512620,13,,,0,25,,1512629,13,,,0,70,,1512621,13,,,0,26,,1512630,13,,,0,68,,1512622,13,,,0,100,,1512623,13,,,0,100,,1512624,13,,,0,100,,1512625,13,,,0,99,,1512626,13,,,0
1303,'20261010',802,,1543075,13,,,0,102,,1543076,13,,,0,102,,1543077,13,,,0,102,,1543078,13,,,0,102,,1543079,13,,,0,102,,1543080,13,,,0,101,,1543081,13,,,0,104,,1543082,13,,,0,97,,1543083,13,,,0,100,,1543084,13,,,0,98,,1543085,13,,,0,98,,1543086,13,,,0,98,,1543087,13,,,0,98,,1543088,13,,,0,98,,1543089,13,,,0,98,,1543074,13,,,0
1303,'20261011',802,,1543090,13,,,0,102,,1543091,13,,,0,102,,1543092,13,,,0,102,,1543093,13,,,0,102,,1543094,13,,,0,102,,1543095,13,,,0,101,,1543096,13,,,0,104,,1543097,13,,,0,97,,1543098,13,,,0,100,,1543099,13,,,0,98,,1543100,13,,,0,98,,1543101,13,,,0,98,,1543102,13,,,0,98,,1543103,13,,,0,98,,1543104,13,,,0,98,,1543105,13,,,0
1303,'20261012',802,,1543106,13,,,0,102,,1543107,13,,,0,102,,1543108,13,,,0,102,,1543109,13,,,0,102,,1543110,13,,,0,102,,1543111,13,,,0,101,,1543112,13,,,0,104,,1543113,13,,,0,97,,1543114,13,,,0,100,,1543115,13,,,0,98,,1543116,13,,,0,98,,1543117,13,,,0,98,,1543118,13,,,0,98,,1543119,13,,,0,98,,1543120,13,,,0,98,,1543121,13,,,0
4001303,'20260929',1629,,1561907,2,,,0
4001303,'20260930',1629,,1561910,2,,,0
4001303,'20261001',1629,,1561913,2,,,0
4001303,'20261002',1629,,1485651,2,,,0
4001303,'20261005',1629,,1508622,2,,,0
4001303,'20261006',1629,,1540319,2,,,0
4001303,'20261007',1629,,1540320,2,,,0
4001303,'20261008',1629,,1540321,2,,,0
4001303,'20261009',1629,,1540322,2,,,0
