8001,'20261006',645,,1607603,75,,,0,71,,1607604,75,,,0,31,,1607605,75,,,0,70,,1607606,75,,,0,28,,1607607,75,,,0,69,,1607608,75,,,0,29,,1607609,75,,,0,70,,1607610,75,,,0,30,,1607611,75,,,0,70,,1607612,75,,,0,30,,1607613,75,,,0,71,,1607614,75,,,0,30,,1607615,75,,,0,71,,1607616,75,,,0,29,,1607617,75,,,0,70,,1607618,75,,,0,31,,1607619,75,,,0,72,,1607620,75,,,0,31,,1607621,75,,,0,68,,1607602,38,,,0,2,,1607622,75,,,0,32,,1607623,75,,,0,70,,1607624,75,,,0,26,,1607625,75,,,0,68,,1607626,75,,,0,29,,1607627,75,,,0,70,,1607628,75,,,0,30,,1607629,75,,,0,69,,1607636,38,,,0,29,,1607630,75,,,0,70,,1607637,38,,,0,30,,1607631,75,,,0,70,,1607638,38,,,0,30,,1607632,75,,,0,70,,1607639,38,,,0,30,,1607633,75,,,0,70,,1607634,75,,,0
8001,'20261007',645,,1607641,75,,,0,71,,1607642,75,,,0,31,,1607643,75,,,0,70,,1607644,75,,,0,28,,1607645,75,,,0,69,,1607646,75,,,0,29,,1607647,75,,,0,70,,1607648,75,,,0,30,,1607649,75,,,0,70,,1607650,75,,,0,30,,1607651,75,,,0,71,,1607652,75,,,0,30,,1607653,75,,,0,71,,1607654,75,,,0,29,,1607655,75,,,0,70,,1607656,75,,,0,31,,1607657,75,,,0,72,,1607658,75,,,0,31,,1607659,75,,,0,68,,1607640,38,,,0,2,,1607660,75,,,0,32,,1607661,75,,,0,70,,1607662,75,,,0,26,,1607663,75,,,0,68,,1607664,75,,,0,29,,1607665,75,,,0,70,,1607666,75,,,0,30,,1607667,75,,,0,69,,1607674,38,,,0,29,,1607668,75,,,0,70,,1607675,38,,,0,30,,1607669,75,,,0,70,,1607676,38,,,0,30,,1607670,75,,,0,70,,1607677,38,,,0,30,,1607671,75,,,0,70,,1607672,75,,,0
8001,'20261008',645,,1607679,75,,,0,71,,1607680,75,,,0,31,,1607681,75,,,0,70,,1607682,75,,,0,28,,1607683,75,,,0,69,,1607684,75,,,0,29,,1607685,75,,,0,70,,1607686,75,,,0,30,,1607687,75,,,0,70,,1607688,75,,,0,30,,1607689,75,,,0,71,,1607690,75,,,0,30,,1607691,75,,,0,71,,1607692,75,,,0,29,,1607693,75,,,0,70,,1607694,75,,,0,31,,1607695,75,,,0,72,,1607696,75,,,0,31,,1607697,75,,,0,68,,1607678,38,,,0,2,,1607698,75,,,0,32,,1607699,75,,,0,70,,1607700,75,,,0,26,,1607701,75,,,0,68,,1607702,75,,,0,29,,1607703,75,,,0,70,,1607704,75,,,0,30,,1607705,75,,,0,69,,1607712,38,,,0,29,,1607706,75,,,0,70,,1607713,38,,,0,30,,1607707,75,,,0,70,,1607714,38,,,0,30,,1607708,75,,,0,70,,1607715,38,,,0,30,,1607709,75,,,0,70,,1607710,75,,,0
8001,'20261009',645,,1607717,75,,,0,71,,1607718,75,,,0,31,,1607719,75,,,0,70,,1607720,75,,,0,28,,1607721,75,,,0,69,,1607722,75,,,0,29,,1607723,75,,,0,70,,1607724,75,,,0,30,,1607725,75,,,0,70,,1607726,75,,,0,30,,1607727,75,,,0,71,,1607728,75,,,0,30,,1607729,75,,,0,71,,1607730,75,,,0,29,,1607731,75,,,0,70,,1607732,75,,,0,31,,1607733,75,,,0,72,,1607734,75,,,0,31,,1607735,75,,,0,68,,1607716,38,,,0,2,,1607736,75,,,0,32,,1607737,75,,,0,70,,1607738,75,,,0,26,,1607739,75,,,0,68,,1607740,75,,,0,29,,1607741,75,,,0,70,,1607742,75,,,0,30,,1607743,75,,,0,69,,1607750,38,,,0,29,,1607744,75,,,0,70,,1607751,38,,,0,30,,1607745,75,,,0,70,,1607752,38,,,0,30,,1607746,75,,,0,70,,1607753,38,,,0,30,,1607747,75,,,0,70,,1607748,75,,,0
8001,'20261010',641,,1550125,75,,,0,70,,1550094,75,,,0,30,,1550112,75,,,0,70,,1550095,75,,,0,30,,1550113,75,,,0,70,,1550096,75,,,0,30,,1550114,75,,,0,71,,1550097,75,,,0,30,,1550115,75,,,0,70,,1550098,75,,,0,30,,1550116,75,,,0,70,,1550099,75,,,0,30,,1550117,75,,,0,71,,1550100,75,,,0,30,,1550118,75,,,0,70,,1550101,75,,,0,30,,1550119,75,,,0,70,,1550102,75,,,0,30,,1550120,75,,,0,70,,1550103,75,,,0,30,,1550121,75,,,0,70,,1550104,75,,,0,29,,1550122,75,,,0,70,,1550105,75,,,0,29,,1550123,75,,,0,70,,1550106,75,,,0,30,,1550124,75,,,0,70,,1550107,75,,,0,30,,1550129,38,,,0,70,,1550108,75,,,0,30,,1550128,38,,,0,70,,1550109,75,,,0,29,,1550127,38,,,0,70,,1550110,75,,,0,30,,1550126,38,,,0,70,,1550111,75,,,0
8001,'20261011',641,,1550161,75,,,0,70,,1550130,75,,,0,30,,1550148,75,,,0,70,,1550131,75,,,0,30,,1550149,75,,,0,70,,1550132,75,,,0,30,,1550150,75,,,0,71,,1550133,75,,,0,30,,1550151,75,,,0,70,,1550134,75,,,0,30,,1550152,75,,,0,70,,1550135,75,,,0,30,,1550153,75,,,0,71,,1550136,75,,,0,30,,1550154,75,,,0,70,,1550137,75,,,0,30,,1550155,75,,,0,70,,1550138,75,,,0,30,,1550156,75,,,0,70,,1550139,75,,,0,30,,1550157,75,,,0,70,,1550140,75,,,0,29,,1550158,75,,,0,70,,1550141,75,,,0,29,,1550159,75,,,0,70,,1550142,75,,,0,30,,1550160,75,,,0,70,,1550143,75,,,0,30,,1550162,38,,,0,70,,1550144,75,,,0,30,,1550163,38,,,0,70,,1550145,75,,,0,29,,1550164,38,,,0,70,,1550146,75,,,0,30,,1550165,38,,,0,70,,1550147,75,,,0
8001,'20261012',641,,1550197,75,,,0,70,,1550166,75,,,0,30,,1550184,75,,,0,70,,1550167,75,,,0,30,,1550185,75,,,0,70,,1550168,75,,,0,30,,1550186,75,,,0,71,,1550169,75,,,0,30,,1550187,75,,,0,70,,1550170,75,,,0,30,,1550188,75,,,0,70,,1550171,75,,,0,30,,1550189,75,,,0,71,,1550172,75,,,0,30,,1550190,75,,,0,70,,1550173,75,,,0,30,,1550191,75,,,0,70,,1550174,75,,,0,30,,1550192,75,,,0,70,,1550175,75,,,0,30,,1550193,75,,,0,70,,1550176,75,,,0,29,,1550194,75,,,0,70,,1550177,75,,,0,29,,1550195,75,,,0,70,,1550178,75,,,0,30,,1550196,75,,,0,70,,1550179,75,,,0,30,,1550198,38,,,0,70,,1550180,75,,,0,30,,1550199,38,,,0,70,,1550181,75,,,0,29,,1550200,38,,,0,70,,1550182,75,,,0,30,,1550201,38,,,0,70,,1550183,75,,,0
8001,'20261013',645,,1576020,75,,,0,71,,1576021,75,,,0,31,,1576022,75,,,0,70,,1576023,75,,,0,28,,1576024,75,,,0,69,,1576025,75,,,0,29,,1576026,75,,,0,70,,1576027,75,,,0,30,,1576028,75,,,0,70,,1576029,75,,,0,30,,1576030,75,,,0,71,,1576031,75,,,0,30,,1576032,75,,,0,71,,1576033,75,,,0,29,,1576034,75,,,0,70,,1576035,75,,,0,31,,1576036,75,,,0,72,,1576037,75,,,0,31,,1576038,75,,,0,70,,1576039,75,,,0,32,,1576040,75,,,0,70,,1576041,75,,,0,26,,1576042,75,,,0,68,,1576043,75,,,0,29,,1576044,75,,,0,70,,1576045,75,,,0,30,,1576051,75,,,0,69,,1576046,38,,,0,29,,1576052,75,,,0,70,,1576047,38,,,0,30,,1576053,75,,,0,70,,1576048,38,,,0,30,,1576054,75,,,0,70,,1576049,38,,,0,30,,1576055,75,,,0,70,,1576050,75,,,0
8001,'20261014',645,,1576057,75,,,0,71,,1576058,75,,,0,31,,1576059,75,,,0,70,,1576060,75,,,0,28,,1576061,75,,,0,69,,1576062,75,,,0,29,,1576063,75,,,0,70,,1576064,75,,,0,30,,1576065,75,,,0,70,,1576066,75,,,0,30,,1576067,75,,,0,71,,1576068,75,,,0,30,,1576069,75,,,0,71,,1576070,75,,,0,29,,1576071,75,,,0,70,,1576072,75,,,0,31,,1576073,75,,,0,72,,1576074,75,,,0,31,,1576075,75,,,0,70,,1576076,75,,,0,32,,1576077,75,,,0,70,,1576078,75,,,0,26,,1576079,75,,,0,68,,1576080,75,,,0,29,,1576081,75,,,0,70,,1576082,75,,,0,30,,1576088,75,,,0,69,,1576083,38,,,0,29,,1576089,75,,,0,70,,1576084,38,,,0,30,,1576090,75,,,0,70,,1576085,38,,,0,30,,1576091,75,,,0,70,,1576086,38,,,0,30,,1576092,75,,,0,70,,1576087,75,,,0
8001,'20261015',645,,1576094,75,,,0,71,,1576095,75,,,0,31,,1576096,75,,,0,70,,1576097,75,,,0,28,,1576098,75,,,0,69,,1576099,75,,,0,29,,1576100,75,,,0,70,,1576101,75,,,0,30,,1576102,75,,,0,70,,1576103,75,,,0,30,,1576104,75,,,0,71,,1576105,75,,,0,30,,1576106,75,,,0,71,,1576107,75,,,0,29,,1576108,75,,,0,70,,1576109,75,,,0,31,,1576110,75,,,0,72,,1576111,75,,,0,31,,1576112,75,,,0,70,,1576113,75,,,0,32,,1576114,75,,,0,70,,1576115,75,,,0,26,,1576116,75,,,0,68,,1576117,75,,,0,29,,1576118,75,,,0,70,,1576119,75,,,0,30,,1576125,75,,,0,69,,1576120,38,,,0,29,,1576126,75,,,0,70,,1576121,38,,,0,30,,1576127,75,,,0,70,,1576122,38,,,0,30,,1576128,75,,,0,70,,1576123,38,,,0,30,,1576129,75,,,0,70,,1576124,75,,,0
8001,'20261016',645,,1576131,75,,,0,71,,1576132,75,,,0,31,,1576133,75,,,0,70,,1576134,75,,,0,28,,1576135,75,,,0,69,,1576136,75,,,0,29,,1576137,75,,,0,70,,1576138,75,,,0,30,,1576139,75,,,0,70,,1576140,75,,,0,30,,1576141,75,,,0,71,,1576142,75,,,0,30,,1576143,75,,,0,71,,1576144,75,,,0,29,,1576145,75,,,0,70,,1576146,75,,,0,31,,1576147,75,,,0,72,,1576148,75,,,0,31,,1576149,75,,,0,70,,1576150,75,,,0,32,,1576151,75,,,0,70,,1576152,75,,,0,26,,1576153,75,,,0,68,,1576154,75,,,0,29,,1576155,75,,,0,70,,1576156,75,,,0,30,,1576162,75,,,0,69,,1576157,38,,,0,29,,1576163,75,,,0,70,,1576158,38,,,0,30,,1576164,75,,,0,70,,1576159,38,,,0,30,,1576165,75,,,0,70,,1576160,38,,,0,30,,1576166,75,,,0,70,,1576161,75,,,0
8001,'20261017',641,,1607785,75,,,0,70,,1607754,75,,,0,30,,1607772,75,,,0,70,,1607755,75,,,0,30,,1607773,75,,,0,70,,1607756,75,,,0,30,,1607774,75,,,0,71,,1607757,75,,,0,30,,1607775,75,,,0,70,,1607758,75,,,0,30,,1607776,75,,,0,70,,1607759,75,,,0,30,,1607777,75,,,0,71,,1607760,75,,,0,30,,1607778,75,,,0,70,,1607761,75,,,0,30,,1607779,75,,,0,70,,1607762,75,,,0,30,,1607780,75,,,0,70,,1607763,75,,,0,30,,1607781,75,,,0,70,,1607764,75,,,0,29,,1607782,75,,,0,70,,1607765,75,,,0,29,,1607783,75,,,0,70,,1607766,75,,,0,30,,1607784,75,,,0,70,,1607767,75,,,0,30,,1607789,38,,,0,70,,1607768,75,,,0,30,,1607788,38,,,0,70,,1607769,75,,,0,29,,1607787,38,,,0,70,,1607770,75,,,0,30,,1607786,38,,,0,70,,1607771,75,,,0
8001,'20261018',641,,1607821,75,,,0,70,,1607790,75,,,0,30,,1607808,75,,,0,70,,1607791,75,,,0,30,,1607809,75,,,0,70,,1607792,75,,,0,30,,1607810,75,,,0,71,,1607793,75,,,0,30,,1607811,75,,,0,70,,1607794,75,,,0,30,,1607812,75,,,0,70,,1607795,75,,,0,30,,1607813,75,,,0,71,,1607796,75,,,0,30,,1607814,75,,,0,70,,1607797,75,,,0,30,,1607815,75,,,0,70,,1607798,75,,,0,30,,1607816,75,,,0,70,,1607799,75,,,0,30,,1607817,75,,,0,70,,1607800,75,,,0,29,,1607818,75,,,0,70,,1607801,75,,,0,29,,1607819,75,,,0,70,,1607802,75,,,0,30,,1607820,75,,,0,70,,1607803,75,,,0,30,,1607822,38,,,0,70,,1607804,75,,,0,30,,1607823,38,,,0,70,,1607805,75,,,0,29,,1607824,38,,,0,70,,1607806,75,,,0,30,,1607825,38,,,0,70,,1607807,75,,,0
8001,'20261019',645,,1607826,75,,,0,71,,1607827,75,,,0,31,,1607828,75,,,0,70,,1607829,75,,,0,28,,1607830,75,,,0,69,,1607831,75,,,0,29,,1607832,75,,,0,70,,1607833,75,,,0,30,,1607834,75,,,0,70,,1607835,75,,,0,30,,1607836,75,,,0,71,,1607837,75,,,0,30,,1607838,75,,,0,71,,1607839,75,,,0,29,,1607840,75,,,0,70,,1607841,75,,,0,31,,1607842,75,,,0,72,,1607843,75,,,0,31,,1607844,75,,,0,70,,1607845,75,,,0,32,,1607846,75,,,0,70,,1607847,75,,,0,26,,1607848,75,,,0,68,,1607849,75,,,0,29,,1607850,75,,,0,70,,1607851,75,,,0,30,,1607857,75,,,0,69,,1607852,38,,,0,29,,1607858,75,,,0,70,,1607853,38,,,0,30,,1607859,75,,,0,70,,1607854,38,,,0,30,,1607860,75,,,0,70,,1607855,38,,,0,30,,1607861,75,,,0,70,,1607856,75,,,0
8001,'20261020',645,,1607863,75,,,0,71,,1607864,75,,,0,31,,1607865,75,,,0,70,,1607866,75,,,0,28,,1607867,75,,,0,69,,1607868,75,,,0,29,,1607869,75,,,0,70,,1607870,75,,,0,30,,1607871,75,,,0,70,,1607872,75,,,0,30,,1607873,75,,,0,71,,1607874,75,,,0,30,,1607875,75,,,0,71,,1607876,75,,,0,29,,1607877,75,,,0,70,,1607878,75,,,0,31,,1607879,75,,,0,72,,1607880,75,,,0,31,,1607881,75,,,0,70,,1607882,75,,,0,32,,1607883,75,,,0,70,,1607884,75,,,0,26,,1607885,75,,,0,68,,1607886,75,,,0,29,,1607887,75,,,0,70,,1607888,75,,,0,30,,1607894,75,,,0,69,,1607889,38,,,0,29,,1607895,75,,,0,70,,1607890,38,,,0,30,,1607896,75,,,0,70,,1607891,38,,,0,30,,1607897,75,,,0,70,,1607892,38,,,0,30,,1607898,75,,,0,70,,1607893,75,,,0
