1302,'20261002',658,,1565563,33,,,0,65,,1565557,14,,,0,2,,1565558,14,,,0,31,,1565556,14,,,0,2,,1565564,33,,,0,56,,1565559,14,,,0,14,,1565565,33,,,0,14,,1565560,14,,,0,71,,1565561,14,,,0,17,,1565566,33,,,0,97,,1565567,33,,,0,98,,1565568,33,,,0,31,,1565562,14,,,0,70,,1565569,33,,,0,101,,1565570,33,,,0,99,,1565571,33,,,0,97,,1565572,33,,,0,98,,1565573,33,,,0,32,,1565574,33,,,0,2,,1565575,33,,,0,78,,1565576,33,,,0,97,,1565577,33,,,0,101,,1565578,33,,,0,99,,1565579,33,,,0,100,,1565580,33,,,0,100,,1565581,33,,,0,97,,1565582,33,,,0
1302,'20261003',807,,1565583,33,,,0,98,,1565584,33,,,0,99,,1565585,33,,,0,99,,1565586,33,,,0,99,,1565587,33,,,0,99,,1565588,33,,,0,58,,1565589,33,,,0,143,,1565590,33,,,0,100,,1565591,33,,,0,101,,1565592,33,,,0,101,,1565593,33,,,0,101,,1565594,33,,,0,100,,1565595,33,,,0,101,,1565596,33,,,0,100,,1565597,33,,,0
1302,'20261004',807,,1565598,33,,,0,98,,1565599,33,,,0,99,,1565600,33,,,0,99,,1565601,33,,,0,99,,1565602,33,,,0,99,,1565603,33,,,0,58,,1565604,33,,,0,143,,1565605,33,,,0,100,,1565606,33,,,0,101,,1565607,33,,,0,101,,1565608,33,,,0,101,,1565609,33,,,0,100,,1565610,33,,,0,101,,1565611,33,,,0,100,,1565612,33,,,0
1302,'20261005',658,,1565620,33,,,0,65,,1565614,14,,,0,2,,1565615,14,,,0,31,,1565613,14,,,0,2,,1565621,33,,,0,56,,1565616,14,,,0,14,,1565622,33,,,0,14,,1565617,14,,,0,71,,1565618,14,,,0,17,,1565623,33,,,0,97,,1565624,33,,,0,98,,1565625,33,,,0,31,,1565619,14,,,0,70,,1565626,33,,,0,101,,1565627,33,,,0,99,,1565628,33,,,0,97,,1565629,33,,,0,98,,1565630,33,,,0,32,,1565631,33,,,0,2,,1565632,33,,,0,78,,1565633,33,,,0,97,,1565634,33,,,0,101,,1565635,33,,,0,99,,1565636,33,,,0,100,,1565637,33,,,0,100,,1565638,33,,,0,97,,1565639,33,,,0
1302,'20261006',658,,1512362,33,,,0,67,,1512380,14,,,0,33,,1512363,33,,,0,56,,1512381,14,,,0,14,,1512364,33,,,0,14,,1512382,14,,,0,71,,1512383,14,,,0,17,,1512365,33,,,0,97,,1512366,33,,,0,98,,1512367,33,,,0,31,,1512384,14,,,0,70,,1512368,33,,,0,101,,1512369,33,,,0,99,,1512370,33,,,0,97,,1512371,33,,,0,98,,1512372,33,,,0,32,,1512386,33,,,0,2,,1512385,33,,,0,78,,1512373,33,,,0,97,,1512374,33,,,0,101,,1512375,33,,,0,99,,1512376,33,,,0,100,,1512377,33,,,0,100,,1512378,33,,,0,97,,1512379,33,,,0
1302,'20261007',658,,1512387,33,,,0,67,,1512405,14,,,0,33,,1512388,33,,,0,56,,1512406,14,,,0,14,,1512389,33,,,0,14,,1512407,14,,,0,71,,1512408,14,,,0,17,,1512390,33,,,0,97,,1512391,33,,,0,98,,1512392,33,,,0,31,,1512409,14,,,0,70,,1512393,33,,,0,101,,1512394,33,,,0,99,,1512395,33,,,0,97,,1512396,33,,,0,98,,1512397,33,,,0,32,,1512411,33,,,0,2,,1512410,33,,,0,78,,1512398,33,,,0,97,,1512399,33,,,0,101,,1512400,33,,,0,99,,1512401,33,,,0,100,,1512402,33,,,0,100,,1512403,33,,,0,97,,1512404,33,,,0
1302,'20261008',658,,1512412,33,,,0,67,,1512430,14,,,0,33,,1512413,33,,,0,56,,1512431,14,,,0,14,,1512414,33,,,0,14,,1512432,14,,,0,71,,1512433,14,,,0,17,,1512415,33,,,0,97,,1512416,33,,,0,98,,1512417,33,,,0,31,,1512434,14,,,0,70,,1512418,33,,,0,101,,1512419,33,,,0,99,,1512420,33,,,0,97,,1512421,33,,,0,98,,1512422,33,,,0,32,,1512436,33,,,0,2,,1512435,33,,,0,78,,1512423,33,,,0,97,,1512424,33,,,0,101,,1512425,33,,,0,99,,1512426,33,,,0,100,,1512427,33,,,0,100,,1512428,33,,,0,97,,1512429,33,,,0
1302,'20261009',658,,1512437,33,,,0,67,,1512455,14,,,0,33,,1512438,33,,,0,56,,1512456,14,,,0,14,,1512439,33,,,0,14,,1512457,14,,,0,71,,1512458,14,,,0,17,,1512440,33,,,0,97,,1512441,33,,,0,98,,1512442,33,,,0,31,,1512459,14,,,0,70,,1512443,33,,,0,101,,1512444,33,,,0,99,,1512445,33,,,0,97,,1512446,33,,,0,98,,1512447,33,,,0,32,,1512461,33,,,0,2,,1512460,33,,,0,78,,1512448,33,,,0,97,,1512449,33,,,0,101,,1512450,33,,,0,99,,1512451,33,,,0,100,,1512452,33,,,0,100,,1512453,33,,,0,97,,1512454,33,,,0
1302,'20261010',807,,1542960,33,,,0,98,,1542961,33,,,0,99,,1542962,33,,,0,99,,1542963,33,,,0,99,,1542964,33,,,0,99,,1542965,33,,,0,58,,1542966,33,,,0,143,,1542967,33,,,0,100,,1542968,33,,,0,101,,1542969,33,,,0,101,,1542970,33,,,0,101,,1542971,33,,,0,100,,1542972,33,,,0,101,,1542973,33,,,0,100,,1542974,33,,,0
1302,'20261011',807,,1542975,33,,,0,98,,1542976,33,,,0,99,,1542977,33,,,0,99,,1542978,33,,,0,99,,1542979,33,,,0,99,,1542980,33,,,0,58,,1542981,33,,,0,143,,1542982,33,,,0,100,,1542983,33,,,0,101,,1542984,33,,,0,101,,1542985,33,,,0,101,,1542986,33,,,0,100,,1542987,33,,,0,101,,1542988,33,,,0,100,,1542989,33,,,0
1302,'20261012',807,,1542990,33,,,0,98,,1542991,33,,,0,99,,1542992,33,,,0,99,,1542993,33,,,0,99,,1542994,33,,,0,99,,1542995,33,,,0,58,,1542996,33,,,0,143,,1542997,33,,,0,100,,1542998,33,,,0,101,,1542999,33,,,0,101,,1543000,33,,,0,101,,1543001,33,,,0,100,,1543002,33,,,0,101,,1543003,33,,,0,100,,1543004,33,,,0
1302,'20261013',658,,1565640,33,,,0,67,,1565658,14,,,0,33,,1565641,33,,,0,56,,1565659,14,,,0,14,,1565642,33,,,0,14,,1565660,14,,,0,71,,1565661,14,,,0,17,,1565643,33,,,0,97,,1565644,33,,,0,98,,1565645,33,,,0,31,,1565662,14,,,0,70,,1565646,33,,,0,101,,1565647,33,,,0,99,,1565648,33,,,0,97,,1565649,33,,,0,98,,1565650,33,,,0,32,,1565664,33,,,0,2,,1565663,33,,,0,78,,1565651,33,,,0,97,,1565652,33,,,0,101,,1565653,33,,,0,99,,1565654,33,,,0,100,,1565655,33,,,0,100,,1565656,33,,,0,97,,1565657,33,,,0
1302,'20261014',658,,1565665,33,,,0,67,,1565683,14,,,0,33,,1565666,33,,,0,56,,1565684,14,,,0,14,,1565667,33,,,0,14,,1565685,14,,,0,71,,1565686,14,,,0,17,,1565668,33,,,0,97,,1565669,33,,,0,98,,1565670,33,,,0,31,,1565687,14,,,0,70,,1565671,33,,,0,101,,1565672,33,,,0,99,,1565673,33,,,0,97,,1565674,33,,,0,98,,1565675,33,,,0,32,,1565689,33,,,0,2,,1565688,33,,,0,78,,1565676,33,,,0,97,,1565677,33,,,0,101,,1565678,33,,,0,99,,1565679,33,,,0,100,,1565680,33,,,0,100,,1565681,33,,,0,97,,1565682,33,,,0
1302,'20261015',658,,1565690,33,,,0,67,,1565708,14,,,0,33,,1565691,33,,,0,56,,1565709,14,,,0,14,,1565692,33,,,0,14,,1565710,14,,,0,71,,1565711,14,,,0,17,,1565693,33,,,0,97,,1565694,33,,,0,98,,1565695,33,,,0,31,,1565712,14,,,0,70,,1565696,33,,,0,101,,1565697,33,,,0,99,,1565698,33,,,0,97,,1565699,33,,,0,98,,1565700,33,,,0,32,,1565714,33,,,0,2,,1565713,33,,,0,78,,1565701,33,,,0,97,,1565702,33,,,0,101,,1565703,33,,,0,99,,1565704,33,,,0,100,,1565705,33,,,0,100,,1565706,33,,,0,97,,1565707,33,,,0
1302,'20261016',658,,1565715,33,,,0,67,,1565733,14,,,0,33,,1565716,33,,,0,56,,1565734,14,,,0,14,,1565717,33,,,0,14,,1565735,14,,,0,71,,1565736,14,,,0,17,,1565718,33,,,0,97,,1565719,33,,,0,98,,1565720,33,,,0,31,,1565737,14,,,0,70,,1565721,33,,,0,101,,1565722,33,,,0,99,,1565723,33,,,0,97,,1565724,33,,,0,98,,1565725,33,,,0,32,,1565739,33,,,0,2,,1565738,33,,,0,78,,1565726,33,,,0,97,,1565727,33,,,0,101,,1565728,33,,,0,99,,1565729,33,,,0,100,,1565730,33,,,0,100,,1565731,33,,,0,97,,1565732,33,,,0
4001302,'20261002',844,,1593586,14,,,0
4001302,'20261006',844,,1540309,14,,,0
4001302,'20261007',844,,1540310,14,,,0
4001302,'20261008',844,,1540311,14,,,0
4001302,'20261009',844,,1540312,14,,,0
4001302,'20261013',844,,1593589,14,,,0
4001302,'20261014',844,,1593590,14,,,0
4001302,'20261015',844,,1593591,14,,,0
4001302,'20261016',844,,1593592,14,,,0
