5800,'20261002',701,,1571580,5,,,0,102,,1571581,5,,,0,30,,1571582,5,,,0,70,,1571579,5,,,0,2,,1571583,5,,,0,35,,1571584,5,,,0,101,,1571585,5,,,0,100,,1571586,5,,,0,100,,1571587,5,,,0,100,,1571588,5,,,0,99,,1571589,5,,,0,70,,1571590,5,,,0,30,,1571591,5,,,0,68,,1571592,5,,,0,28,,1571593,5,,,0,77,,1571594,5,,,0,31,,1571595,5,,,0,68,,1571596,5,,,0,30,,1571597,5,,,0,100,,1571598,5,,,0,101,,1571599,5,,,0,100,,1571600,5,,,0,99,,1571601,5,,,0,98,,1571602,5,,,0
5800,'20261003',734,,1571603,5,,,0,99,,1571604,5,,,0,101,,1571605,5,,,0,99,,1571606,5,,,0,97,,1571607,5,,,0,104,,1571608,5,,,0,100,,1571609,5,,,0,103,,1571610,5,,,0,97,,1571611,5,,,0,103,,1571612,5,,,0,106,,1571613,5,,,0,94,,1571614,5,,,0,98,,1571615,5,,,0,98,,1571616,5,,,0,100,,1571617,5,,,0,100,,1571618,5,,,0,100,,1571619,5,,,0
5800,'20261004',734,,1571620,5,,,0,99,,1571621,5,,,0,101,,1571622,5,,,0,99,,1571623,5,,,0,97,,1571624,5,,,0,104,,1571625,5,,,0,100,,1571626,5,,,0,103,,1571627,5,,,0,97,,1571628,5,,,0,103,,1571629,5,,,0,106,,1571630,5,,,0,94,,1571631,5,,,0,98,,1571632,5,,,0,98,,1571633,5,,,0,100,,1571634,5,,,0,100,,1571635,5,,,0,100,,1571636,5,,,0
5800,'20261005',701,,1571637,5,,,0,102,,1571638,5,,,0,30,,1571639,5,,,0,72,,1571640,5,,,0,35,,1571641,5,,,0,101,,1571642,5,,,0,100,,1571643,5,,,0,100,,1571644,5,,,0,100,,1571645,5,,,0,99,,1571646,5,,,0,70,,1571647,5,,,0,30,,1571648,5,,,0,68,,1571649,5,,,0,28,,1571650,5,,,0,77,,1571651,5,,,0,31,,1571652,5,,,0,68,,1571653,5,,,0,30,,1571654,5,,,0,100,,1571655,5,,,0,101,,1571656,5,,,0,100,,1571657,5,,,0,99,,1571658,5,,,0,98,,1571659,5,,,0
5800,'20261006',701,,1518399,5,,,0,102,,1518400,5,,,0,30,,1518384,5,,,0,72,,1518401,5,,,0,35,,1518396,5,,,0,101,,1518402,5,,,0,100,,1518385,5,,,0,100,,1518386,5,,,0,100,,1518403,5,,,0,99,,1518395,5,,,0,70,,1518387,5,,,0,30,,1518388,5,,,0,68,,1518389,5,,,0,28,,1518390,5,,,0,77,,1518391,5,,,0,31,,1518392,5,,,0,68,,1518405,5,,,0,30,,1518394,5,,,0,100,,1518404,5,,,0,101,,1518397,5,,,0,100,,1518398,5,,,0,99,,1518393,5,,,0,98,,1518406,5,,,0
5800,'20261007',701,,1518422,5,,,0,102,,1518423,5,,,0,30,,1518407,5,,,0,72,,1518424,5,,,0,35,,1518419,5,,,0,101,,1518425,5,,,0,100,,1518408,5,,,0,100,,1518409,5,,,0,100,,1518426,5,,,0,99,,1518418,5,,,0,70,,1518410,5,,,0,30,,1518411,5,,,0,68,,1518412,5,,,0,28,,1518413,5,,,0,77,,1518414,5,,,0,31,,1518415,5,,,0,68,,1518428,5,,,0,30,,1518417,5,,,0,100,,1518427,5,,,0,101,,1518420,5,,,0,100,,1518421,5,,,0,99,,1518416,5,,,0,98,,1518429,5,,,0
5800,'20261008',701,,1518445,5,,,0,102,,1518446,5,,,0,30,,1518430,5,,,0,72,,1518447,5,,,0,35,,1518442,5,,,0,101,,1518448,5,,,0,100,,1518431,5,,,0,100,,1518432,5,,,0,100,,1518449,5,,,0,99,,1518441,5,,,0,70,,1518433,5,,,0,30,,1518434,5,,,0,68,,1518435,5,,,0,28,,1518436,5,,,0,77,,1518437,5,,,0,31,,1518438,5,,,0,68,,1518451,5,,,0,30,,1518440,5,,,0,100,,1518450,5,,,0,101,,1518443,5,,,0,100,,1518444,5,,,0,99,,1518439,5,,,0,98,,1518452,5,,,0
5800,'20261009',701,,1518468,5,,,0,102,,1518469,5,,,0,30,,1518453,5,,,0,72,,1518470,5,,,0,35,,1518465,5,,,0,101,,1518471,5,,,0,100,,1518454,5,,,0,100,,1518455,5,,,0,100,,1518472,5,,,0,99,,1518464,5,,,0,70,,1518456,5,,,0,30,,1518457,5,,,0,68,,1518458,5,,,0,28,,1518459,5,,,0,77,,1518460,5,,,0,31,,1518461,5,,,0,68,,1518474,5,,,0,30,,1518463,5,,,0,100,,1518473,5,,,0,101,,1518466,5,,,0,100,,1518467,5,,,0,99,,1518462,5,,,0,98,,1518475,5,,,0
5800,'20261010',734,,1547022,5,,,0,99,,1547013,5,,,0,101,,1547023,5,,,0,99,,1547020,5,,,0,97,,1547024,5,,,0,104,,1547014,5,,,0,100,,1547015,5,,,0,103,,1547025,5,,,0,97,,1547026,5,,,0,103,,1547021,5,,,0,106,,1547016,5,,,0,94,,1547017,5,,,0,98,,1547027,5,,,0,98,,1547028,5,,,0,100,,1547029,5,,,0,100,,1547018,5,,,0,100,,1547019,5,,,0
5800,'20261011',734,,1547042,5,,,0,99,,1547032,5,,,0,101,,1547041,5,,,0,99,,1547037,5,,,0,97,,1547045,5,,,0,104,,1547030,5,,,0,100,,1547033,5,,,0,103,,1547043,5,,,0,97,,1547040,5,,,0,103,,1547038,5,,,0,106,,1547034,5,,,0,94,,1547031,5,,,0,98,,1547044,5,,,0,98,,1547046,5,,,0,100,,1547039,5,,,0,100,,1547035,5,,,0,100,,1547036,5,,,0
5800,'20261012',734,,1547059,5,,,0,99,,1547049,5,,,0,101,,1547058,5,,,0,99,,1547054,5,,,0,97,,1547062,5,,,0,104,,1547047,5,,,0,100,,1547050,5,,,0,103,,1547060,5,,,0,97,,1547057,5,,,0,103,,1547055,5,,,0,106,,1547051,5,,,0,94,,1547048,5,,,0,98,,1547061,5,,,0,98,,1547063,5,,,0,100,,1547056,5,,,0,100,,1547052,5,,,0,100,,1547053,5,,,0
5800,'20261013',701,,1571675,5,,,0,102,,1571676,5,,,0,30,,1571660,5,,,0,72,,1571677,5,,,0,35,,1571672,5,,,0,101,,1571678,5,,,0,100,,1571661,5,,,0,100,,1571662,5,,,0,100,,1571679,5,,,0,99,,1571671,5,,,0,70,,1571663,5,,,0,30,,1571664,5,,,0,68,,1571665,5,,,0,28,,1571666,5,,,0,77,,1571667,5,,,0,31,,1571668,5,,,0,68,,1571681,5,,,0,30,,1571670,5,,,0,100,,1571680,5,,,0,101,,1571673,5,,,0,100,,1571674,5,,,0,99,,1571669,5,,,0,98,,1571682,5,,,0
5800,'20261014',701,,1571698,5,,,0,102,,1571699,5,,,0,30,,1571683,5,,,0,72,,1571700,5,,,0,35,,1571695,5,,,0,101,,1571701,5,,,0,100,,1571684,5,,,0,100,,1571685,5,,,0,100,,1571702,5,,,0,99,,1571694,5,,,0,70,,1571686,5,,,0,30,,1571687,5,,,0,68,,1571688,5,,,0,28,,1571689,5,,,0,77,,1571690,5,,,0,31,,1571691,5,,,0,68,,1571704,5,,,0,30,,1571693,5,,,0,100,,1571703,5,,,0,101,,1571696,5,,,0,100,,1571697,5,,,0,99,,1571692,5,,,0,98,,1571705,5,,,0
5800,'20261015',701,,1571721,5,,,0,102,,1571722,5,,,0,30,,1571706,5,,,0,72,,1571723,5,,,0,35,,1571718,5,,,0,101,,1571724,5,,,0,100,,1571707,5,,,0,100,,1571708,5,,,0,100,,1571725,5,,,0,99,,1571717,5,,,0,70,,1571709,5,,,0,30,,1571710,5,,,0,68,,1571711,5,,,0,28,,1571712,5,,,0,77,,1571713,5,,,0,31,,1571714,5,,,0,68,,1571727,5,,,0,30,,1571716,5,,,0,100,,1571726,5,,,0,101,,1571719,5,,,0,100,,1571720,5,,,0,99,,1571715,5,,,0,98,,1571728,5,,,0
5800,'20261016',701,,1571744,5,,,0,102,,1571745,5,,,0,30,,1571729,5,,,0,72,,1571746,5,,,0,35,,1571741,5,,,0,101,,1571747,5,,,0,100,,1571730,5,,,0,100,,1571731,5,,,0,100,,1571748,5,,,0,99,,1571740,5,,,0,70,,1571732,5,,,0,30,,1571733,5,,,0,68,,1571734,5,,,0,28,,1571735,5,,,0,77,,1571736,5,,,0,31,,1571737,5,,,0,68,,1571750,5,,,0,30,,1571739,5,,,0,100,,1571749,5,,,0,101,,1571742,5,,,0,100,,1571743,5,,,0,99,,1571738,5,,,0,98,,1571751,5,,,0
25800,'20261002',1604,,1580349,11,4,,0,31,,1580350,11,4,,0,69,,1580351,11,4,,0,29,,1580352,11,4,,0
25800,'20261005',1604,,1580353,11,4,,0,31,,1580354,11,4,,0,69,,1580355,11,4,,0,29,,1580356,11,4,,0
25800,'20261006',1604,,1527083,11,4,,0,31,,1527084,11,4,,0,69,,1527085,11,4,,0,29,,1527086,11,4,,0
25800,'20261007',1604,,1527087,11,4,,0,31,,1527088,11,4,,0,69,,1527089,11,4,,0,29,,1527090,11,4,,0
25800,'20261008',1604,,1527091,11,4,,0,31,,1527092,11,4,,0,69,,1527093,11,4,,0,29,,1527094,11,4,,0
25800,'20261009',1604,,1527095,11,4,,0,31,,1527096,11,4,,0,69,,1527097,11,4,,0,29,,1527098,11,4,,0
25800,'20261013',1604,,1580357,11,4,,0,31,,1580358,11,4,,0,69,,1580359,11,4,,0,29,,1580360,11,4,,0
25800,'20261014',1604,,1580361,11,4,,0,31,,1580362,11,4,,0,69,,1580363,11,4,,0,29,,1580364,11,4,,0
25800,'20261015',1604,,1580365,11,4,,0,31,,1580366,11,4,,0,69,,1580367,11,4,,0,29,,1580368,11,4,,0
25800,'20261016',1604,,1580369,11,4,,0,31,,1580370,11,4,,0,69,,1580371,11,4,,0,29,,1580372,11,4,,0
