5903,'20261009',649,,1603829,29,,,0,94,,1603830,29,,,0,89,,1603831,29,,,0,14,,1603832,29,,,0,101,,1603833,29,,,0,100,,1603834,29,,,0,99,,1603835,29,,,0,100,,1603836,29,,,0,102,,1603837,29,,,0,100,,1603838,29,,,0,96,,1603839,29,,,0,99,,1603840,29,,,0,71,,1603841,29,,,0,31,,1603842,29,,,0,102,,1603843,29,,,0,100,,1603844,29,,,0,102,,1603845,29,,,0,101,,1603846,29,,,0,100,,1603847,29,,,0
5903,'20261010',748,,1632378,29,,,0,100,,1632379,29,,,0,100,,1632380,29,,,0,100,,1632381,29,,,0,99,,1632382,29,,,0,100,,1632383,29,,,0,100,,1632384,29,,,0,100,,1632385,29,,,0,100,,1632386,29,,,0,101,,1632387,29,,,0,100,,1632388,29,,,0,101,,1632389,29,,,0,100,,1632390,29,,,0,101,,1632391,29,,,0,100,,1632392,29,,,0
5903,'20261011',748,,1632393,29,,,0,100,,1632394,29,,,0,100,,1632395,29,,,0,100,,1632396,29,,,0,99,,1632397,29,,,0,100,,1632398,29,,,0,100,,1632399,29,,,0,100,,1632400,29,,,0,100,,1632401,29,,,0,101,,1632402,29,,,0,100,,1632403,29,,,0,101,,1632404,29,,,0,100,,1632405,29,,,0,101,,1632406,29,,,0,100,,1632407,29,,,0
5903,'20261012',748,,1632408,29,,,0,100,,1632409,29,,,0,100,,1632410,29,,,0,100,,1632411,29,,,0,99,,1632412,29,,,0,100,,1632413,29,,,0,100,,1632414,29,,,0,100,,1632415,29,,,0,100,,1632416,29,,,0,101,,1632417,29,,,0,100,,1632418,29,,,0,101,,1632419,29,,,0,100,,1632420,29,,,0,101,,1632421,29,,,0,100,,1632422,29,,,0
5903,'20261013',649,,1572119,29,,,0,94,,1572120,29,,,0,89,,1572136,29,,,0,14,,1572121,29,,,0,101,,1572122,29,,,0,100,,1572123,29,,,0,99,,1572124,29,,,0,100,,1572125,29,,,0,102,,1572126,29,,,0,100,,1572127,29,,,0,96,,1572128,29,,,0,99,,1572129,29,,,0,71,,1572137,29,,,0,31,,1572130,29,,,0,102,,1572131,29,,,0,100,,1572132,29,,,0,102,,1572133,29,,,0,101,,1572134,29,,,0,100,,1572135,29,,,0
5903,'20261014',649,,1572138,29,,,0,94,,1572139,29,,,0,89,,1572155,29,,,0,14,,1572140,29,,,0,101,,1572141,29,,,0,100,,1572142,29,,,0,99,,1572143,29,,,0,100,,1572144,29,,,0,102,,1572145,29,,,0,100,,1572146,29,,,0,96,,1572147,29,,,0,99,,1572148,29,,,0,71,,1572156,29,,,0,31,,1572149,29,,,0,102,,1572150,29,,,0,100,,1572151,29,,,0,102,,1572152,29,,,0,101,,1572153,29,,,0,100,,1572154,29,,,0
5903,'20261015',649,,1572157,29,,,0,94,,1572158,29,,,0,89,,1572174,29,,,0,14,,1572159,29,,,0,101,,1572160,29,,,0,100,,1572161,29,,,0,99,,1572162,29,,,0,100,,1572163,29,,,0,102,,1572164,29,,,0,100,,1572165,29,,,0,96,,1572166,29,,,0,99,,1572167,29,,,0,71,,1572175,29,,,0,31,,1572168,29,,,0,102,,1572169,29,,,0,100,,1572170,29,,,0,102,,1572171,29,,,0,101,,1572172,29,,,0,100,,1572173,29,,,0
5903,'20261016',649,,1572176,29,,,0,94,,1572177,29,,,0,89,,1572193,29,,,0,14,,1572178,29,,,0,101,,1572179,29,,,0,100,,1572180,29,,,0,99,,1572181,29,,,0,100,,1572182,29,,,0,102,,1572183,29,,,0,100,,1572184,29,,,0,96,,1572185,29,,,0,99,,1572186,29,,,0,71,,1572194,29,,,0,31,,1572187,29,,,0,102,,1572188,29,,,0,100,,1572189,29,,,0,102,,1572190,29,,,0,101,,1572191,29,,,0,100,,1572192,29,,,0
5903,'20261017',748,,1603848,29,,,0,100,,1603849,29,,,0,100,,1603850,29,,,0,100,,1603851,29,,,0,99,,1603852,29,,,0,100,,1603853,29,,,0,100,,1603854,29,,,0,100,,1603855,29,,,0,100,,1603856,29,,,0,101,,1603857,29,,,0,100,,1603858,29,,,0,101,,1603859,29,,,0,100,,1603860,29,,,0,101,,1603861,29,,,0,100,,1603862,29,,,0
5903,'20261018',748,,1603877,29,,,0,100,,1603863,29,,,0,100,,1603864,29,,,0,100,,1603865,29,,,0,99,,1603866,29,,,0,100,,1603867,29,,,0,100,,1603868,29,,,0,100,,1603869,29,,,0,100,,1603870,29,,,0,101,,1603871,29,,,0,100,,1603872,29,,,0,101,,1603873,29,,,0,100,,1603874,29,,,0,101,,1603875,29,,,0,100,,1603876,29,,,0
5903,'20261019',649,,1603878,29,,,0,94,,1603879,29,,,0,89,,1603895,29,,,0,14,,1603880,29,,,0,101,,1603881,29,,,0,100,,1603882,29,,,0,99,,1603883,29,,,0,100,,1603884,29,,,0,102,,1603885,29,,,0,100,,1603886,29,,,0,96,,1603887,29,,,0,99,,1603888,29,,,0,71,,1603896,29,,,0,31,,1603889,29,,,0,102,,1603890,29,,,0,100,,1603891,29,,,0,102,,1603892,29,,,0,101,,1603893,29,,,0,100,,1603894,29,,,0
5903,'20261020',649,,1603897,29,,,0,94,,1603898,29,,,0,89,,1603914,29,,,0,14,,1603899,29,,,0,101,,1603900,29,,,0,100,,1603901,29,,,0,99,,1603902,29,,,0,100,,1603903,29,,,0,102,,1603904,29,,,0,100,,1603905,29,,,0,96,,1603906,29,,,0,99,,1603907,29,,,0,71,,1603915,29,,,0,31,,1603908,29,,,0,102,,1603909,29,,,0,100,,1603910,29,,,0,102,,1603911,29,,,0,101,,1603912,29,,,0,100,,1603913,29,,,0
5903,'20261021',649,,1632423,29,,,0,94,,1632424,29,,,0,89,,1632440,29,,,0,14,,1632425,29,,,0,101,,1632426,29,,,0,100,,1632427,29,,,0,99,,1632428,29,,,0,100,,1632429,29,,,0,102,,1632430,29,,,0,100,,1632431,29,,,0,96,,1632432,29,,,0,99,,1632433,29,,,0,71,,1632441,29,,,0,31,,1632434,29,,,0,102,,1632435,29,,,0,100,,1632436,29,,,0,102,,1632437,29,,,0,101,,1632438,29,,,0,100,,1632439,29,,,0
5903,'20261022',649,,1632442,29,,,0,94,,1632443,29,,,0,89,,1632459,29,,,0,14,,1632444,29,,,0,101,,1632445,29,,,0,100,,1632446,29,,,0,99,,1632447,29,,,0,100,,1632448,29,,,0,102,,1632449,29,,,0,100,,1632450,29,,,0,96,,1632451,29,,,0,99,,1632452,29,,,0,71,,1632460,29,,,0,31,,1632453,29,,,0,102,,1632454,29,,,0,100,,1632455,29,,,0,102,,1632456,29,,,0,101,,1632457,29,,,0,100,,1632458,29,,,0
5903,'20261023',649,,1632461,29,,,0,94,,1632462,29,,,0,89,,1632478,29,,,0,14,,1632463,29,,,0,101,,1632464,29,,,0,100,,1632465,29,,,0,99,,1632466,29,,,0,100,,1632467,29,,,0,102,,1632468,29,,,0,100,,1632469,29,,,0,96,,1632470,29,,,0,99,,1632471,29,,,0,71,,1632479,29,,,0,31,,1632472,29,,,0,102,,1632473,29,,,0,100,,1632474,29,,,0,102,,1632475,29,,,0,101,,1632476,29,,,0,100,,1632477,29,,,0
