9300,'20261009',655,,1610277,43,,,0,102,,1610278,43,,,0,49,,1610266,49,,,0,51,,1610279,43,,,0,76,,1610267,49,,,0,24,,1610280,43,,,0,100,,1610281,43,,,0,44,,1610268,49,,,0,56,,1610282,43,,,0,77,,1610269,49,,,0,23,,1610283,43,,,0,99,,1610284,43,,,0,47,,1610270,49,,,0,48,,1610285,43,,,0,69,,1610286,43,,,0,17,,1610271,49,,,0,11,,1610287,43,,,0,70,,1610288,43,,,0,33,,1610276,39,,,0,2,,1610289,43,,,0,60,,1610272,49,,,0,6,,1610290,43,,,0,31,,1610291,43,,,0,72,,1610292,43,,,0,14,,1610273,49,,,0,12,,1610293,43,,,0,69,,1610294,43,,,0,42,,1610274,49,,,0,41,,1610295,43,,,0,100,,1610296,43,,,0,28,,1610275,49,,,0,72,,1610297,43,,,0,59,,1610298,43,,,0,100,,1610299,43,,,0
9300,'20261010',654,,1636846,43,,,0,102,,1636847,43,,,0,100,,1636848,43,,,0,71,,1636837,49,,,0,28,,1636849,43,,,0,100,,1636850,43,,,0,3,,1636838,49,,,0,96,,1636851,43,,,0,76,,1636839,49,,,0,25,,1636852,43,,,0,101,,1636853,43,,,0,44,,1636840,49,,,0,56,,1636854,43,,,0,74,,1636841,49,,,0,26,,1636855,43,,,0,101,,1636856,43,,,0,45,,1636842,49,,,0,54,,1636857,43,,,0,74,,1636843,49,,,0,25,,1636858,43,,,0,99,,1636859,43,,,0,2,,1636844,49,,,0,168,,1636845,49,,,0,30,,1636860,43,,,0,200,,1636861,43,,,0
9300,'20261011',654,,1636872,43,,,0,102,,1636873,43,,,0,100,,1636874,43,,,0,71,,1636863,49,,,0,28,,1636875,43,,,0,100,,1636876,43,,,0,3,,1636864,49,,,0,96,,1636877,43,,,0,76,,1636865,49,,,0,25,,1636878,43,,,0,101,,1636879,43,,,0,44,,1636866,49,,,0,56,,1636880,43,,,0,74,,1636867,49,,,0,26,,1636881,43,,,0,101,,1636882,43,,,0,45,,1636868,49,,,0,54,,1636883,43,,,0,74,,1636869,49,,,0,25,,1636884,43,,,0,99,,1636885,43,,,0,2,,1636870,49,,,0,168,,1636871,49,,,0,30,,1636886,43,,,0,200,,1636887,43,,,0
9300,'20261012',654,,1636898,43,,,0,102,,1636899,43,,,0,100,,1636900,43,,,0,71,,1636889,49,,,0,28,,1636901,43,,,0,100,,1636902,43,,,0,3,,1636890,49,,,0,96,,1636903,43,,,0,76,,1636891,49,,,0,25,,1636904,43,,,0,101,,1636905,43,,,0,44,,1636892,49,,,0,56,,1636906,43,,,0,74,,1636893,49,,,0,26,,1636907,43,,,0,101,,1636908,43,,,0,45,,1636894,49,,,0,54,,1636909,43,,,0,74,,1636895,49,,,0,25,,1636910,43,,,0,99,,1636911,43,,,0,2,,1636896,49,,,0,168,,1636897,49,,,0,30,,1636912,43,,,0,200,,1636913,43,,,0
9300,'20261013',655,,1578567,43,,,0,102,,1578547,43,,,0,49,,1578570,49,,,0,51,,1578559,43,,,0,76,,1578571,49,,,0,24,,1578563,43,,,0,100,,1578564,43,,,0,44,,1578572,49,,,0,56,,1578565,43,,,0,77,,1578573,49,,,0,23,,1578548,43,,,0,99,,1578549,43,,,0,47,,1578574,49,,,0,48,,1578566,43,,,0,69,,1578556,43,,,0,17,,1578575,49,,,0,11,,1578568,43,,,0,70,,1578560,43,,,0,35,,1578550,43,,,0,60,,1578576,49,,,0,6,,1578551,43,,,0,31,,1578552,43,,,0,72,,1578553,43,,,0,14,,1578577,49,,,0,12,,1578554,43,,,0,69,,1578561,43,,,0,42,,1578578,49,,,0,41,,1578555,43,,,0,100,,1578557,43,,,0,28,,1578579,49,,,0,72,,1578562,43,,,0,59,,1578558,43,,,0,100,,1578569,43,,,0
9300,'20261014',655,,1578600,43,,,0,102,,1578580,43,,,0,49,,1578603,49,,,0,51,,1578592,43,,,0,76,,1578604,49,,,0,24,,1578596,43,,,0,100,,1578597,43,,,0,44,,1578605,49,,,0,56,,1578598,43,,,0,77,,1578606,49,,,0,23,,1578581,43,,,0,99,,1578582,43,,,0,47,,1578607,49,,,0,48,,1578599,43,,,0,69,,1578589,43,,,0,17,,1578608,49,,,0,11,,1578601,43,,,0,70,,1578593,43,,,0,35,,1578583,43,,,0,60,,1578609,49,,,0,6,,1578584,43,,,0,31,,1578585,43,,,0,72,,1578586,43,,,0,14,,1578610,49,,,0,12,,1578587,43,,,0,69,,1578594,43,,,0,42,,1578611,49,,,0,41,,1578588,43,,,0,100,,1578590,43,,,0,28,,1578612,49,,,0,72,,1578595,43,,,0,59,,1578591,43,,,0,100,,1578602,43,,,0
9300,'20261015',655,,1578633,43,,,0,102,,1578613,43,,,0,49,,1578636,49,,,0,51,,1578625,43,,,0,76,,1578637,49,,,0,24,,1578629,43,,,0,100,,1578630,43,,,0,44,,1578638,49,,,0,56,,1578631,43,,,0,77,,1578639,49,,,0,23,,1578614,43,,,0,99,,1578615,43,,,0,47,,1578640,49,,,0,48,,1578632,43,,,0,69,,1578622,43,,,0,17,,1578641,49,,,0,11,,1578634,43,,,0,70,,1578626,43,,,0,35,,1578616,43,,,0,60,,1578642,49,,,0,6,,1578617,43,,,0,31,,1578618,43,,,0,72,,1578619,43,,,0,14,,1578643,49,,,0,12,,1578620,43,,,0,69,,1578627,43,,,0,42,,1578644,49,,,0,41,,1578621,43,,,0,100,,1578623,43,,,0,28,,1578645,49,,,0,72,,1578628,43,,,0,59,,1578624,43,,,0,100,,1578635,43,,,0
9300,'20261016',655,,1578666,43,,,0,102,,1578646,43,,,0,49,,1578669,49,,,0,51,,1578658,43,,,0,76,,1578670,49,,,0,24,,1578662,43,,,0,100,,1578663,43,,,0,44,,1578671,49,,,0,56,,1578664,43,,,0,77,,1578672,49,,,0,23,,1578647,43,,,0,99,,1578648,43,,,0,47,,1578673,49,,,0,48,,1578665,43,,,0,69,,1578655,43,,,0,17,,1578674,49,,,0,11,,1578667,43,,,0,70,,1578659,43,,,0,35,,1578649,43,,,0,60,,1578675,49,,,0,6,,1578650,43,,,0,31,,1578651,43,,,0,72,,1578652,43,,,0,14,,1578676,49,,,0,12,,1578653,43,,,0,69,,1578660,43,,,0,42,,1578677,49,,,0,41,,1578654,43,,,0,100,,1578656,43,,,0,28,,1578678,49,,,0,72,,1578661,43,,,0,59,,1578657,43,,,0,100,,1578668,43,,,0
9300,'20261017',654,,1610315,43,,,0,102,,1610306,43,,,0,100,,1610307,43,,,0,71,,1610317,49,,,0,28,,1610314,43,,,0,100,,1610300,43,,,0,3,,1610318,49,,,0,96,,1610311,43,,,0,76,,1610319,49,,,0,25,,1610308,43,,,0,101,,1610309,43,,,0,44,,1610320,49,,,0,56,,1610301,43,,,0,74,,1610321,49,,,0,26,,1610310,43,,,0,101,,1610312,43,,,0,45,,1610322,49,,,0,54,,1610302,43,,,0,74,,1610323,49,,,0,25,,1610313,43,,,0,99,,1610305,43,,,0,2,,1610324,49,,,0,168,,1610325,49,,,0,30,,1610303,43,,,0,200,,1610304,43,,,0
9300,'20261018',654,,1610341,43,,,0,102,,1610331,43,,,0,100,,1610339,43,,,0,71,,1610343,49,,,0,28,,1610340,43,,,0,100,,1610332,43,,,0,3,,1610344,49,,,0,96,,1610336,43,,,0,76,,1610345,49,,,0,25,,1610326,43,,,0,101,,1610334,43,,,0,44,,1610346,49,,,0,56,,1610333,43,,,0,74,,1610347,49,,,0,26,,1610335,43,,,0,101,,1610337,43,,,0,45,,1610348,49,,,0,54,,1610327,43,,,0,74,,1610349,49,,,0,25,,1610338,43,,,0,99,,1610330,43,,,0,2,,1610350,49,,,0,168,,1610351,49,,,0,30,,1610328,43,,,0,200,,1610329,43,,,0
9300,'20261019',655,,1610372,43,,,0,102,,1610352,43,,,0,49,,1610375,49,,,0,51,,1610364,43,,,0,76,,1610376,49,,,0,24,,1610368,43,,,0,100,,1610369,43,,,0,44,,1610377,49,,,0,56,,1610370,43,,,0,77,,1610378,49,,,0,23,,1610353,43,,,0,99,,1610354,43,,,0,47,,1610379,49,,,0,48,,1610371,43,,,0,69,,1610361,43,,,0,17,,1610380,49,,,0,11,,1610373,43,,,0,70,,1610365,43,,,0,35,,1610355,43,,,0,60,,1610381,49,,,0,6,,1610356,43,,,0,31,,1610357,43,,,0,72,,1610358,43,,,0,14,,1610382,49,,,0,12,,1610359,43,,,0,69,,1610366,43,,,0,42,,1610383,49,,,0,41,,1610360,43,,,0,100,,1610362,43,,,0,28,,1610384,49,,,0,72,,1610367,43,,,0,59,,1610363,43,,,0,100,,1610374,43,,,0
9300,'20261020',655,,1610405,43,,,0,102,,1610385,43,,,0,49,,1610408,49,,,0,51,,1610397,43,,,0,76,,1610409,49,,,0,24,,1610401,43,,,0,100,,1610402,43,,,0,44,,1610410,49,,,0,56,,1610403,43,,,0,77,,1610411,49,,,0,23,,1610386,43,,,0,99,,1610387,43,,,0,47,,1610412,49,,,0,48,,1610404,43,,,0,69,,1610394,43,,,0,17,,1610413,49,,,0,11,,1610406,43,,,0,70,,1610398,43,,,0,35,,1610388,43,,,0,60,,1610414,49,,,0,6,,1610389,43,,,0,31,,1610390,43,,,0,72,,1610391,43,,,0,14,,1610415,49,,,0,12,,1610392,43,,,0,69,,1610399,43,,,0,42,,1610416,49,,,0,41,,1610393,43,,,0,100,,1610395,43,,,0,28,,1610417,49,,,0,72,,1610400,43,,,0,59,,1610396,43,,,0,100,,1610407,43,,,0
9300,'20261021',655,,1636934,43,,,0,102,,1636914,43,,,0,49,,1636937,49,,,0,51,,1636926,43,,,0,76,,1636938,49,,,0,24,,1636930,43,,,0,100,,1636931,43,,,0,44,,1636939,49,,,0,56,,1636932,43,,,0,77,,1636940,49,,,0,23,,1636915,43,,,0,99,,1636916,43,,,0,47,,1636941,49,,,0,48,,1636933,43,,,0,69,,1636923,43,,,0,17,,1636942,49,,,0,11,,1636935,43,,,0,70,,1636927,43,,,0,35,,1636917,43,,,0,60,,1636943,49,,,0,6,,1636918,43,,,0,31,,1636919,43,,,0,72,,1636920,43,,,0,14,,1636944,49,,,0,12,,1636921,43,,,0,69,,1636928,43,,,0,42,,1636945,49,,,0,41,,1636922,43,,,0,100,,1636924,43,,,0,28,,1636946,49,,,0,72,,1636929,43,,,0,59,,1636925,43,,,0,100,,1636936,43,,,0
9300,'20261022',655,,1636967,43,,,0,102,,1636947,43,,,0,49,,1636970,49,,,0,51,,1636959,43,,,0,76,,1636971,49,,,0,24,,1636963,43,,,0,100,,1636964,43,,,0,44,,1636972,49,,,0,56,,1636965,43,,,0,77,,1636973,49,,,0,23,,1636948,43,,,0,99,,1636949,43,,,0,47,,1636974,49,,,0,48,,1636966,43,,,0,69,,1636956,43,,,0,17,,1636975,49,,,0,11,,1636968,43,,,0,70,,1636960,43,,,0,35,,1636950,43,,,0,60,,1636976,49,,,0,6,,1636951,43,,,0,31,,1636952,43,,,0,72,,1636953,43,,,0,14,,1636977,49,,,0,12,,1636954,43,,,0,69,,1636961,43,,,0,42,,1636978,49,,,0,41,,1636955,43,,,0,100,,1636957,43,,,0,28,,1636979,49,,,0,72,,1636962,43,,,0,59,,1636958,43,,,0,100,,1636969,43,,,0
9300,'20261023',655,,1637000,43,,,0,102,,1636980,43,,,0,49,,1637003,49,,,0,51,,1636992,43,,,0,76,,1637004,49,,,0,24,,1636996,43,,,0,100,,1636997,43,,,0,44,,1637005,49,,,0,56,,1636998,43,,,0,77,,1637006,49,,,0,23,,1636981,43,,,0,99,,1636982,43,,,0,47,,1637007,49,,,0,48,,1636999,43,,,0,69,,1636989,43,,,0,17,,1637008,49,,,0,11,,1637001,43,,,0,70,,1636993,43,,,0,35,,1636983,43,,,0,60,,1637009,49,,,0,6,,1636984,43,,,0,31,,1636985,43,,,0,72,,1636986,43,,,0,14,,1637010,49,,,0,12,,1636987,43,,,0,69,,1636994,43,,,0,42,,1637011,49,,,0,41,,1636988,43,,,0,100,,1636990,43,,,0,28,,1637012,49,,,0,72,,1636995,43,,,0,59,,1636991,43,,,0,100,,1637002,43,,,0
