2903,'20261009',619,,1599632,42,,,0,30,,1599633,42,,,0,70,,1599634,42,,,0,29,,1599635,42,,,0,70,,1599636,42,,,0,30,,1599637,42,,,0
2903,'20261013',619,,1567915,42,,,0,30,,1567916,42,,,0,70,,1567913,42,,,0,29,,1567917,42,,,0,70,,1567918,42,,,0,30,,1567914,42,,,0
2903,'20261014',619,,1567921,42,,,0,30,,1567922,42,,,0,70,,1567919,42,,,0,29,,1567923,42,,,0,70,,1567924,42,,,0,30,,1567920,42,,,0
2903,'20261015',619,,1567927,42,,,0,30,,1567928,42,,,0,70,,1567925,42,,,0,29,,1567929,42,,,0,70,,1567930,42,,,0,30,,1567926,42,,,0
2903,'20261016',619,,1567933,42,,,0,30,,1567934,42,,,0,70,,1567931,42,,,0,29,,1567935,42,,,0,70,,1567936,42,,,0,30,,1567932,42,,,0
2903,'20261019',619,,1599640,42,,,0,30,,1599641,42,,,0,70,,1599638,42,,,0,29,,1599642,42,,,0,70,,1599643,42,,,0,30,,1599639,42,,,0
2903,'20261020',619,,1599646,42,,,0,30,,1599647,42,,,0,70,,1599644,42,,,0,29,,1599648,42,,,0,70,,1599649,42,,,0,30,,1599645,42,,,0
2903,'20261021',619,,1629515,42,,,0,30,,1629516,42,,,0,70,,1629513,42,,,0,29,,1629517,42,,,0,70,,1629518,42,,,0,30,,1629514,42,,,0
2903,'20261022',619,,1629521,42,,,0,30,,1629522,42,,,0,70,,1629519,42,,,0,29,,1629523,42,,,0,70,,1629524,42,,,0,30,,1629520,42,,,0
2903,'20261023',619,,1629527,42,,,0,30,,1629528,42,,,0,70,,1629525,42,,,0,29,,1629529,42,,,0,70,,1629530,42,,,0,30,,1629526,42,,,0
8801,'20261009',711,,1609422,35,,,0,2,,1609423,35,,,0,31,,1609424,35,,,0,73,,1609425,35,,,0,25,,1609426,35,,,0,169,,1609427,35,,,0,533,,1609428,35,,,0,70,,1609429,35,,,0,100,,1609430,35,,,0,126,,1609431,35,,,0
8801,'20261013',713,,1577680,35,,,0,31,,1577681,35,,,0,73,,1577682,35,,,0,25,,1577683,35,,,0,169,,1577687,35,,,0,533,,1577684,35,,,0,70,,1577685,35,,,0,100,,1577686,35,,,0,126,,1577688,35,,,0
8801,'20261014',713,,1577689,35,,,0,31,,1577690,35,,,0,73,,1577691,35,,,0,25,,1577692,35,,,0,169,,1577696,35,,,0,533,,1577693,35,,,0,70,,1577694,35,,,0,100,,1577695,35,,,0,126,,1577697,35,,,0
8801,'20261015',713,,1577698,35,,,0,31,,1577699,35,,,0,73,,1577700,35,,,0,25,,1577701,35,,,0,169,,1577705,35,,,0,533,,1577702,35,,,0,70,,1577703,35,,,0,100,,1577704,35,,,0,126,,1577706,35,,,0
8801,'20261016',713,,1577707,35,,,0,31,,1577708,35,,,0,73,,1577709,35,,,0,25,,1577710,35,,,0,169,,1577714,35,,,0,533,,1577711,35,,,0,70,,1577712,35,,,0,100,,1577713,35,,,0,126,,1577715,35,,,0
8801,'20261019',713,,1609432,35,,,0,31,,1609433,35,,,0,73,,1609434,35,,,0,25,,1609435,35,,,0,169,,1609439,35,,,0,533,,1609436,35,,,0,70,,1609437,35,,,0,100,,1609438,35,,,0,126,,1609440,35,,,0
8801,'20261020',713,,1609441,35,,,0,31,,1609442,35,,,0,73,,1609443,35,,,0,25,,1609444,35,,,0,169,,1609448,35,,,0,533,,1609445,35,,,0,70,,1609446,35,,,0,100,,1609447,35,,,0,126,,1609449,35,,,0
8801,'20261021',713,,1636314,35,,,0,31,,1636315,35,,,0,73,,1636316,35,,,0,25,,1636317,35,,,0,169,,1636321,35,,,0,533,,1636318,35,,,0,70,,1636319,35,,,0,100,,1636320,35,,,0,126,,1636322,35,,,0
8801,'20261022',713,,1636323,35,,,0,31,,1636324,35,,,0,73,,1636325,35,,,0,25,,1636326,35,,,0,169,,1636330,35,,,0,533,,1636327,35,,,0,70,,1636328,35,,,0,100,,1636329,35,,,0,126,,1636331,35,,,0
8801,'20261023',713,,1636332,35,,,0,31,,1636333,35,,,0,73,,1636334,35,,,0,25,,1636335,35,,,0,169,,1636339,35,,,0,533,,1636336,35,,,0,70,,1636337,35,,,0,100,,1636338,35,,,0,126,,1636340,35,,,0
