7100,'20260929',622,,1548201,30,,,0,20,,1548202,30,,,0,59,,1548203,30,,,0,17,,1548204,30,,,0,20,,1548205,30,,,0,21,,1548206,30,,,0,63,,1548207,30,,,0,18,,1548208,30,,,0,60,,1548209,30,,,0,25,,1548210,30,,,0,19,,1548211,30,,,0,58,,1548212,30,,,0,20,,1548213,30,,,0,17,,1548214,30,,,0,19,,1548215,30,,,0,65,,1548216,30,,,0,21,,1548217,30,,,0,60,,1548218,30,,,0,20,,1548219,30,,,0,17,,1548220,30,,,0,59,,1548221,30,,,0,22,,1548222,30,,,0,21,,1548223,30,,,0,60,,1548224,30,,,0,20,,1548225,30,,,0,19,,1548226,30,,,0,62,,1548227,30,,,0,19,,1548228,30,,,0,19,,1548229,30,,,0,16,,1548230,30,,,0,60,,1548231,30,,,0,21,,1548232,30,,,0,62,,1548233,30,,,0,25,,1548234,30,,,0,24,,1548235,30,,,0,61,,1548236,30,,,0,21,,1548237,30,,,0,20,,1548238,30,,,0,61,,1548239,30,,,0,30,,1548240,30,,,0,70,,1548241,30,,,0,30,,1548242,30,,,0,70,,1548243,30,,,0,30,,1548244,30,,,0,70,,1548245,30,,,0,30,,1548246,30,,,0,70,,1548247,30,,,0
7100,'20260930',622,,1548248,30,,,0,20,,1548249,30,,,0,59,,1548250,30,,,0,17,,1548251,30,,,0,20,,1548252,30,,,0,21,,1548253,30,,,0,63,,1548254,30,,,0,18,,1548255,30,,,0,60,,1548256,30,,,0,25,,1548257,30,,,0,19,,1548258,30,,,0,58,,1548259,30,,,0,20,,1548260,30,,,0,17,,1548261,30,,,0,19,,1548262,30,,,0,65,,1548263,30,,,0,21,,1548264,30,,,0,60,,1548265,30,,,0,20,,1548266,30,,,0,17,,1548267,30,,,0,59,,1548268,30,,,0,22,,1548269,30,,,0,21,,1548270,30,,,0,60,,1548271,30,,,0,20,,1548272,30,,,0,19,,1548273,30,,,0,62,,1548274,30,,,0,19,,1548275,30,,,0,19,,1548276,30,,,0,16,,1548277,30,,,0,60,,1548278,30,,,0,21,,1548279,30,,,0,62,,1548280,30,,,0,25,,1548281,30,,,0,24,,1548282,30,,,0,61,,1548283,30,,,0,21,,1548284,30,,,0,20,,1548285,30,,,0,61,,1548286,30,,,0,30,,1548287,30,,,0,70,,1548288,30,,,0,30,,1548289,30,,,0,70,,1548290,30,,,0,30,,1548291,30,,,0,70,,1548292,30,,,0,30,,1548293,30,,,0,70,,1548294,30,,,0
7100,'20261001',622,,1548295,30,,,0,20,,1548296,30,,,0,59,,1548297,30,,,0,17,,1548298,30,,,0,20,,1548299,30,,,0,21,,1548300,30,,,0,63,,1548301,30,,,0,18,,1548302,30,,,0,60,,1548303,30,,,0,25,,1548304,30,,,0,19,,1548305,30,,,0,58,,1548306,30,,,0,20,,1548307,30,,,0,17,,1548308,30,,,0,19,,1548309,30,,,0,65,,1548310,30,,,0,21,,1548311,30,,,0,60,,1548312,30,,,0,20,,1548313,30,,,0,17,,1548314,30,,,0,59,,1548315,30,,,0,22,,1548316,30,,,0,21,,1548317,30,,,0,60,,1548318,30,,,0,20,,1548319,30,,,0,19,,1548320,30,,,0,62,,1548321,30,,,0,19,,1548322,30,,,0,19,,1548323,30,,,0,16,,1548324,30,,,0,60,,1548325,30,,,0,21,,1548326,30,,,0,62,,1548327,30,,,0,25,,1548328,30,,,0,24,,1548329,30,,,0,61,,1548330,30,,,0,21,,1548331,30,,,0,20,,1548332,30,,,0,61,,1548333,30,,,0,30,,1548334,30,,,0,70,,1548335,30,,,0,30,,1548336,30,,,0,70,,1548337,30,,,0,30,,1548338,30,,,0,70,,1548339,30,,,0,30,,1548340,30,,,0,70,,1548341,30,,,0
7100,'20261002',622,,1471184,30,,,0,20,,1471183,30,,,0,59,,1471138,30,,,0,17,,1471139,30,,,0,20,,1471140,30,,,0,21,,1471141,30,,,0,63,,1471142,30,,,0,18,,1471143,30,,,0,60,,1471144,30,,,0,25,,1471145,30,,,0,19,,1471146,30,,,0,58,,1471147,30,,,0,20,,1471148,30,,,0,17,,1471149,30,,,0,19,,1471150,30,,,0,65,,1471151,30,,,0,21,,1471152,30,,,0,60,,1471153,30,,,0,20,,1471154,30,,,0,17,,1471155,30,,,0,59,,1471156,30,,,0,22,,1471157,30,,,0,21,,1471158,30,,,0,60,,1471159,30,,,0,20,,1471160,30,,,0,19,,1471161,30,,,0,62,,1471162,30,,,0,19,,1471163,30,,,0,19,,1471164,30,,,0,16,,1471166,30,,,0,60,,1471167,30,,,0,21,,1471168,30,,,0,62,,1471165,30,,,0,25,,1471169,30,,,0,24,,1471170,30,,,0,61,,1471171,30,,,0,21,,1471172,30,,,0,20,,1471173,30,,,0,61,,1471174,30,,,0,30,,1471175,30,,,0,70,,1471176,30,,,0,30,,1471177,30,,,0,70,,1471178,30,,,0,30,,1471179,30,,,0,70,,1471180,30,,,0,30,,1471181,30,,,0,70,,1471182,30,,,0
7100,'20261003',717,,1494117,30,,,0,30,,1494118,30,,,0,70,,1494119,30,,,0,30,,1494120,30,,,0,70,,1494121,30,,,0,28,,1494122,30,,,0,70,,1494123,30,,,0,30,,1494124,30,,,0,69,,1494125,30,,,0,29,,1494126,30,,,0,71,,1494127,30,,,0,30,,1494129,30,,,0,70,,1494130,30,,,0,29,,1494131,30,,,0,73,,1494128,30,,,0,28,,1494132,30,,,0,70,,1494133,30,,,0,28,,1494134,30,,,0,72,,1494135,30,,,0,29,,1494136,30,,,0,71,,1494137,30,,,0,30,,1494138,30,,,0,71,,1494139,30,,,0,30,,1494140,30,,,0,70,,1494141,30,,,0,30,,1494142,30,,,0,70,,1494143,30,,,0,32,,1494144,30,,,0,70,,1494145,30,,,0,29,,1494146,30,,,0,71,,1494147,30,,,0,30,,1494148,30,,,0,70,,1494149,30,,,0
7100,'20261004',717,,1494150,30,,,0,30,,1494151,30,,,0,70,,1494152,30,,,0,30,,1494153,30,,,0,70,,1494154,30,,,0,28,,1494155,30,,,0,70,,1494156,30,,,0,30,,1494158,30,,,0,69,,1494159,30,,,0,29,,1494160,30,,,0,71,,1494157,30,,,0,30,,1494161,30,,,0,70,,1494162,30,,,0,29,,1494163,30,,,0,73,,1494164,30,,,0,28,,1494165,30,,,0,70,,1494166,30,,,0,28,,1494167,30,,,0,72,,1494168,30,,,0,29,,1494169,30,,,0,71,,1494170,30,,,0,30,,1494171,30,,,0,71,,1494172,30,,,0,30,,1494173,30,,,0,70,,1494174,30,,,0,30,,1494175,30,,,0,70,,1494176,30,,,0,32,,1494177,30,,,0,70,,1494178,30,,,0,29,,1494179,30,,,0,71,,1494180,30,,,0,30,,1494181,30,,,0,70,,1494182,30,,,0
7100,'20261005',622,,1494229,30,,,0,20,,1494228,30,,,0,59,,1494183,30,,,0,17,,1494184,30,,,0,20,,1494185,30,,,0,21,,1494186,30,,,0,63,,1494187,30,,,0,18,,1494188,30,,,0,60,,1494189,30,,,0,25,,1494190,30,,,0,19,,1494191,30,,,0,58,,1494192,30,,,0,20,,1494193,30,,,0,17,,1494194,30,,,0,19,,1494195,30,,,0,65,,1494196,30,,,0,21,,1494197,30,,,0,60,,1494198,30,,,0,20,,1494199,30,,,0,17,,1494200,30,,,0,59,,1494201,30,,,0,22,,1494202,30,,,0,21,,1494203,30,,,0,60,,1494204,30,,,0,20,,1494205,30,,,0,19,,1494206,30,,,0,62,,1494207,30,,,0,19,,1494208,30,,,0,19,,1494209,30,,,0,16,,1494211,30,,,0,60,,1494212,30,,,0,21,,1494213,30,,,0,62,,1494210,30,,,0,25,,1494214,30,,,0,24,,1494215,30,,,0,61,,1494216,30,,,0,21,,1494217,30,,,0,20,,1494218,30,,,0,61,,1494219,30,,,0,30,,1494220,30,,,0,70,,1494221,30,,,0,30,,1494222,30,,,0,70,,1494223,30,,,0,30,,1494224,30,,,0,70,,1494225,30,,,0,30,,1494226,30,,,0,70,,1494227,30,,,0
7100,'20261006',622,,1520296,30,,,0,20,,1520295,30,,,0,59,,1520250,30,,,0,17,,1520251,30,,,0,20,,1520252,30,,,0,21,,1520253,30,,,0,63,,1520254,30,,,0,18,,1520255,30,,,0,60,,1520256,30,,,0,25,,1520257,30,,,0,19,,1520258,30,,,0,58,,1520259,30,,,0,20,,1520260,30,,,0,17,,1520261,30,,,0,19,,1520262,30,,,0,65,,1520263,30,,,0,21,,1520264,30,,,0,60,,1520265,30,,,0,20,,1520266,30,,,0,17,,1520267,30,,,0,59,,1520268,30,,,0,22,,1520269,30,,,0,21,,1520270,30,,,0,60,,1520271,30,,,0,20,,1520272,30,,,0,19,,1520273,30,,,0,62,,1520274,30,,,0,19,,1520275,30,,,0,19,,1520276,30,,,0,16,,1520278,30,,,0,60,,1520279,30,,,0,21,,1520280,30,,,0,62,,1520277,30,,,0,25,,1520281,30,,,0,24,,1520282,30,,,0,61,,1520283,30,,,0,21,,1520284,30,,,0,20,,1520285,30,,,0,61,,1520286,30,,,0,30,,1520287,30,,,0,70,,1520288,30,,,0,30,,1520289,30,,,0,70,,1520290,30,,,0,30,,1520291,30,,,0,70,,1520292,30,,,0,30,,1520293,30,,,0,70,,1520294,30,,,0
7100,'20261007',622,,1520343,30,,,0,20,,1520342,30,,,0,59,,1520297,30,,,0,17,,1520298,30,,,0,20,,1520299,30,,,0,21,,1520300,30,,,0,63,,1520301,30,,,0,18,,1520302,30,,,0,60,,1520303,30,,,0,25,,1520304,30,,,0,19,,1520305,30,,,0,58,,1520306,30,,,0,20,,1520307,30,,,0,17,,1520308,30,,,0,19,,1520309,30,,,0,65,,1520310,30,,,0,21,,1520311,30,,,0,60,,1520312,30,,,0,20,,1520313,30,,,0,17,,1520314,30,,,0,59,,1520315,30,,,0,22,,1520316,30,,,0,21,,1520317,30,,,0,60,,1520318,30,,,0,20,,1520319,30,,,0,19,,1520320,30,,,0,62,,1520321,30,,,0,19,,1520322,30,,,0,19,,1520323,30,,,0,16,,1520325,30,,,0,60,,1520326,30,,,0,21,,1520327,30,,,0,62,,1520324,30,,,0,25,,1520328,30,,,0,24,,1520329,30,,,0,61,,1520330,30,,,0,21,,1520331,30,,,0,20,,1520332,30,,,0,61,,1520333,30,,,0,30,,1520334,30,,,0,70,,1520335,30,,,0,30,,1520336,30,,,0,70,,1520337,30,,,0,30,,1520338,30,,,0,70,,1520339,30,,,0,30,,1520340,30,,,0,70,,1520341,30,,,0
7100,'20261008',622,,1520390,30,,,0,20,,1520389,30,,,0,59,,1520344,30,,,0,17,,1520345,30,,,0,20,,1520346,30,,,0,21,,1520347,30,,,0,63,,1520348,30,,,0,18,,1520349,30,,,0,60,,1520350,30,,,0,25,,1520351,30,,,0,19,,1520352,30,,,0,58,,1520353,30,,,0,20,,1520354,30,,,0,17,,1520355,30,,,0,19,,1520356,30,,,0,65,,1520357,30,,,0,21,,1520358,30,,,0,60,,1520359,30,,,0,20,,1520360,30,,,0,17,,1520361,30,,,0,59,,1520362,30,,,0,22,,1520363,30,,,0,21,,1520364,30,,,0,60,,1520365,30,,,0,20,,1520366,30,,,0,19,,1520367,30,,,0,62,,1520368,30,,,0,19,,1520369,30,,,0,19,,1520370,30,,,0,16,,1520372,30,,,0,60,,1520373,30,,,0,21,,1520374,30,,,0,62,,1520371,30,,,0,25,,1520375,30,,,0,24,,1520376,30,,,0,61,,1520377,30,,,0,21,,1520378,30,,,0,20,,1520379,30,,,0,61,,1520380,30,,,0,30,,1520381,30,,,0,70,,1520382,30,,,0,30,,1520383,30,,,0,70,,1520384,30,,,0,30,,1520385,30,,,0,70,,1520386,30,,,0,30,,1520387,30,,,0,70,,1520388,30,,,0
7100,'20261009',622,,1520437,30,,,0,20,,1520436,30,,,0,59,,1520391,30,,,0,17,,1520392,30,,,0,20,,1520393,30,,,0,21,,1520394,30,,,0,63,,1520395,30,,,0,18,,1520396,30,,,0,60,,1520397,30,,,0,25,,1520398,30,,,0,19,,1520399,30,,,0,58,,1520400,30,,,0,20,,1520401,30,,,0,17,,1520402,30,,,0,19,,1520403,30,,,0,65,,1520404,30,,,0,21,,1520405,30,,,0,60,,1520406,30,,,0,20,,1520407,30,,,0,17,,1520408,30,,,0,59,,1520409,30,,,0,22,,1520410,30,,,0,21,,1520411,30,,,0,60,,1520412,30,,,0,20,,1520413,30,,,0,19,,1520414,30,,,0,62,,1520415,30,,,0,19,,1520416,30,,,0,19,,1520417,30,,,0,16,,1520419,30,,,0,60,,1520420,30,,,0,21,,1520421,30,,,0,62,,1520418,30,,,0,25,,1520422,30,,,0,24,,1520423,30,,,0,61,,1520424,30,,,0,21,,1520425,30,,,0,20,,1520426,30,,,0,61,,1520427,30,,,0,30,,1520428,30,,,0,70,,1520429,30,,,0,30,,1520430,30,,,0,70,,1520431,30,,,0,30,,1520432,30,,,0,70,,1520433,30,,,0,30,,1520434,30,,,0,70,,1520435,30,,,0
7100,'20261010',717,,1548342,30,,,0,30,,1548343,30,,,0,70,,1548344,30,,,0,30,,1548345,30,,,0,70,,1548346,30,,,0,28,,1548347,30,,,0,70,,1548348,30,,,0,30,,1548349,30,,,0,69,,1548350,30,,,0,29,,1548351,30,,,0,71,,1548352,30,,,0,30,,1548354,30,,,0,70,,1548355,30,,,0,29,,1548356,30,,,0,73,,1548353,30,,,0,28,,1548357,30,,,0,70,,1548358,30,,,0,28,,1548359,30,,,0,72,,1548360,30,,,0,29,,1548361,30,,,0,71,,1548362,30,,,0,30,,1548363,30,,,0,71,,1548364,30,,,0,30,,1548365,30,,,0,70,,1548366,30,,,0,30,,1548367,30,,,0,70,,1548368,30,,,0,32,,1548369,30,,,0,70,,1548370,30,,,0,29,,1548371,30,,,0,71,,1548372,30,,,0,30,,1548373,30,,,0,70,,1548374,30,,,0
7100,'20261011',717,,1548375,30,,,0,30,,1548376,30,,,0,70,,1548377,30,,,0,30,,1548378,30,,,0,70,,1548379,30,,,0,28,,1548380,30,,,0,70,,1548381,30,,,0,30,,1548383,30,,,0,69,,1548384,30,,,0,29,,1548385,30,,,0,71,,1548382,30,,,0,30,,1548386,30,,,0,70,,1548387,30,,,0,29,,1548388,30,,,0,73,,1548389,30,,,0,28,,1548390,30,,,0,70,,1548391,30,,,0,28,,1548392,30,,,0,72,,1548393,30,,,0,29,,1548394,30,,,0,71,,1548395,30,,,0,30,,1548396,30,,,0,71,,1548397,30,,,0,30,,1548398,30,,,0,70,,1548399,30,,,0,30,,1548400,30,,,0,70,,1548401,30,,,0,32,,1548402,30,,,0,70,,1548403,30,,,0,29,,1548404,30,,,0,71,,1548405,30,,,0,30,,1548406,30,,,0,70,,1548407,30,,,0
7100,'20261012',717,,1548408,30,,,0,30,,1548409,30,,,0,70,,1548410,30,,,0,30,,1548411,30,,,0,70,,1548412,30,,,0,28,,1548413,30,,,0,70,,1548414,30,,,0,30,,1548416,30,,,0,69,,1548417,30,,,0,29,,1548418,30,,,0,71,,1548415,30,,,0,30,,1548419,30,,,0,70,,1548420,30,,,0,29,,1548421,30,,,0,73,,1548422,30,,,0,28,,1548423,30,,,0,70,,1548424,30,,,0,28,,1548425,30,,,0,72,,1548426,30,,,0,29,,1548427,30,,,0,71,,1548428,30,,,0,30,,1548429,30,,,0,71,,1548430,30,,,0,30,,1548431,30,,,0,70,,1548432,30,,,0,30,,1548433,30,,,0,70,,1548434,30,,,0,32,,1548435,30,,,0,70,,1548436,30,,,0,29,,1548437,30,,,0,71,,1548438,30,,,0,30,,1548439,30,,,0,70,,1548440,30,,,0
8200,'20260929',617,,1550442,16,,,0,38,,1550443,16,,,0,76,,1550444,16,,,0,72,,1550445,16,,,0,33,,1550446,16,,,0,108,,1550447,16,,,0,86,,1550448,16,,,0,100,,1550449,16,,,0,99,,1550450,16,,,0,98,,1550451,16,,,0,93,,1550452,16,,,0,98,,1550453,16,,,0,93,,1550454,16,,,0,29,,1550455,16,,,0,70,,1550456,16,,,0,32,,1550457,16,,,0,100,,1550458,16,,,0,74,,1550459,16,,,0,99,,1550460,16,,,0,102,,1550461,16,,,0,100,,1550462,16,,,0,101,,1550463,16,,,0
8200,'20260930',617,,1550464,16,,,0,38,,1550465,16,,,0,76,,1550466,16,,,0,72,,1550467,16,,,0,33,,1550468,16,,,0,108,,1550469,16,,,0,86,,1550470,16,,,0,100,,1550471,16,,,0,99,,1550472,16,,,0,98,,1550473,16,,,0,93,,1550474,16,,,0,98,,1550475,16,,,0,93,,1550476,16,,,0,29,,1550477,16,,,0,70,,1550478,16,,,0,32,,1550479,16,,,0,100,,1550480,16,,,0,74,,1550481,16,,,0,99,,1550482,16,,,0,102,,1550483,16,,,0,100,,1550484,16,,,0,101,,1550485,16,,,0
8200,'20261001',617,,1550486,16,,,0,38,,1550487,16,,,0,76,,1550488,16,,,0,72,,1550489,16,,,0,33,,1550490,16,,,0,108,,1550491,16,,,0,86,,1550492,16,,,0,100,,1550493,16,,,0,99,,1550494,16,,,0,98,,1550495,16,,,0,93,,1550496,16,,,0,98,,1550497,16,,,0,93,,1550498,16,,,0,29,,1550499,16,,,0,70,,1550500,16,,,0,32,,1550501,16,,,0,100,,1550502,16,,,0,74,,1550503,16,,,0,99,,1550504,16,,,0,102,,1550505,16,,,0,100,,1550506,16,,,0,101,,1550507,16,,,0
8200,'20261002',617,,1473366,16,,,0,38,,1473349,16,,,0,76,,1473370,16,,,0,72,,1473356,16,,,0,33,,1473365,16,,,0,108,,1473357,16,,,0,86,,1473364,16,,,0,100,,1473358,16,,,0,99,,1473350,16,,,0,98,,1473359,16,,,0,93,,1473363,16,,,0,98,,1473360,16,,,0,93,,1473351,16,,,0,29,,1473352,16,,,0,70,,1473353,16,,,0,32,,1473354,16,,,0,100,,1473361,16,,,0,74,,1473362,16,,,0,99,,1473368,16,,,0,102,,1473367,16,,,0,100,,1473369,16,,,0,101,,1473355,16,,,0
8200,'20261003',647,,1496365,16,,,0,100,,1496351,16,,,0,99,,1496355,16,,,0,100,,1496356,16,,,0,100,,1496363,16,,,0,99,,1496357,16,,,0,98,,1496352,16,,,0,100,,1496358,16,,,0,100,,1496364,16,,,0,100,,1496359,16,,,0,100,,1496367,16,,,0,101,,1496353,16,,,0,103,,1496360,16,,,0,100,,1496362,16,,,0,100,,1496366,16,,,0,100,,1496361,16,,,0,171,,1496354,16,,,0
8200,'20261004',647,,1496380,16,,,0,100,,1496381,16,,,0,99,,1496377,16,,,0,100,,1496382,16,,,0,100,,1496376,16,,,0,99,,1496378,16,,,0,98,,1496371,16,,,0,100,,1496368,16,,,0,100,,1496374,16,,,0,100,,1496375,16,,,0,100,,1496384,16,,,0,101,,1496372,16,,,0,103,,1496369,16,,,0,100,,1496379,16,,,0,100,,1496383,16,,,0,100,,1496370,16,,,0,171,,1496373,16,,,0
8200,'20261005',617,,1496402,16,,,0,38,,1496385,16,,,0,76,,1496406,16,,,0,72,,1496392,16,,,0,33,,1496401,16,,,0,108,,1496393,16,,,0,86,,1496400,16,,,0,100,,1496394,16,,,0,99,,1496386,16,,,0,98,,1496395,16,,,0,93,,1496399,16,,,0,98,,1496396,16,,,0,93,,1496387,16,,,0,29,,1496388,16,,,0,70,,1496389,16,,,0,32,,1496390,16,,,0,100,,1496397,16,,,0,74,,1496398,16,,,0,99,,1496404,16,,,0,102,,1496403,16,,,0,100,,1496405,16,,,0,101,,1496391,16,,,0
8200,'20261006',617,,1523335,16,,,0,38,,1523318,16,,,0,76,,1523339,16,,,0,72,,1523325,16,,,0,33,,1523334,16,,,0,108,,1523326,16,,,0,86,,1523333,16,,,0,100,,1523327,16,,,0,99,,1523319,16,,,0,98,,1523328,16,,,0,93,,1523332,16,,,0,98,,1523329,16,,,0,93,,1523320,16,,,0,29,,1523321,16,,,0,70,,1523322,16,,,0,32,,1523323,16,,,0,100,,1523330,16,,,0,74,,1523331,16,,,0,99,,1523337,16,,,0,102,,1523336,16,,,0,100,,1523338,16,,,0,101,,1523324,16,,,0
8200,'20261007',617,,1523357,16,,,0,38,,1523340,16,,,0,76,,1523361,16,,,0,72,,1523347,16,,,0,33,,1523356,16,,,0,108,,1523348,16,,,0,86,,1523355,16,,,0,100,,1523349,16,,,0,99,,1523341,16,,,0,98,,1523350,16,,,0,93,,1523354,16,,,0,98,,1523351,16,,,0,93,,1523342,16,,,0,29,,1523343,16,,,0,70,,1523344,16,,,0,32,,1523345,16,,,0,100,,1523352,16,,,0,74,,1523353,16,,,0,99,,1523359,16,,,0,102,,1523358,16,,,0,100,,1523360,16,,,0,101,,1523346,16,,,0
8200,'20261008',617,,1523379,16,,,0,38,,1523362,16,,,0,76,,1523383,16,,,0,72,,1523369,16,,,0,33,,1523378,16,,,0,108,,1523370,16,,,0,86,,1523377,16,,,0,100,,1523371,16,,,0,99,,1523363,16,,,0,98,,1523372,16,,,0,93,,1523376,16,,,0,98,,1523373,16,,,0,93,,1523364,16,,,0,29,,1523365,16,,,0,70,,1523366,16,,,0,32,,1523367,16,,,0,100,,1523374,16,,,0,74,,1523375,16,,,0,99,,1523381,16,,,0,102,,1523380,16,,,0,100,,1523382,16,,,0,101,,1523368,16,,,0
8200,'20261009',617,,1523401,16,,,0,38,,1523384,16,,,0,76,,1523405,16,,,0,72,,1523391,16,,,0,33,,1523400,16,,,0,108,,1523392,16,,,0,86,,1523399,16,,,0,100,,1523393,16,,,0,99,,1523385,16,,,0,98,,1523394,16,,,0,93,,1523398,16,,,0,98,,1523395,16,,,0,93,,1523386,16,,,0,29,,1523387,16,,,0,70,,1523388,16,,,0,32,,1523389,16,,,0,100,,1523396,16,,,0,74,,1523397,16,,,0,99,,1523403,16,,,0,102,,1523402,16,,,0,100,,1523404,16,,,0,101,,1523390,16,,,0
8200,'20261010',647,,1550522,16,,,0,100,,1550508,16,,,0,99,,1550512,16,,,0,100,,1550513,16,,,0,100,,1550520,16,,,0,99,,1550514,16,,,0,98,,1550509,16,,,0,100,,1550515,16,,,0,100,,1550521,16,,,0,100,,1550516,16,,,0,100,,1550524,16,,,0,101,,1550510,16,,,0,103,,1550517,16,,,0,100,,1550519,16,,,0,100,,1550523,16,,,0,100,,1550518,16,,,0,171,,1550511,16,,,0
8200,'20261011',647,,1550537,16,,,0,100,,1550538,16,,,0,99,,1550534,16,,,0,100,,1550539,16,,,0,100,,1550533,16,,,0,99,,1550535,16,,,0,98,,1550528,16,,,0,100,,1550525,16,,,0,100,,1550531,16,,,0,100,,1550532,16,,,0,100,,1550541,16,,,0,101,,1550529,16,,,0,103,,1550526,16,,,0,100,,1550536,16,,,0,100,,1550540,16,,,0,100,,1550527,16,,,0,171,,1550530,16,,,0
8200,'20261012',647,,1550554,16,,,0,100,,1550555,16,,,0,99,,1550551,16,,,0,100,,1550556,16,,,0,100,,1550550,16,,,0,99,,1550552,16,,,0,98,,1550545,16,,,0,100,,1550542,16,,,0,100,,1550548,16,,,0,100,,1550549,16,,,0,100,,1550558,16,,,0,101,,1550546,16,,,0,103,,1550543,16,,,0,100,,1550553,16,,,0,100,,1550557,16,,,0,100,,1550544,16,,,0,171,,1550547,16,,,0
18500,'20260929',919,,1552635,15,,,0,630,,1552636,23,,,0,104,,1552634,23,,,0,70,,1552637,23,,,0,23,,1552638,23,,,0
18500,'20260930',919,,1552640,15,,,0,630,,1552641,23,,,0,104,,1552639,23,,,0,70,,1552642,23,,,0,23,,1552643,23,,,0
18500,'20261001',919,,1552645,15,,,0,630,,1552646,23,,,0,104,,1552644,23,,,0,70,,1552647,23,,,0,23,,1552648,23,,,0
18500,'20261002',919,,1475593,15,,,0,630,,1475589,23,,,0,104,,1475590,23,,,0,70,,1475591,23,,,0,23,,1475592,23,,,0,97,,1475594,23,,,0
18500,'20261005',919,,1498628,15,,,0,630,,1498624,23,,,0,104,,1498625,23,,,0,70,,1498626,23,,,0,23,,1498627,23,,,0,97,,1498629,23,,,0
18500,'20261006',919,,1526441,15,,,0,630,,1526437,23,,,0,104,,1526438,23,,,0,70,,1526439,23,,,0,23,,1526440,23,,,0,97,,1526442,23,,,0
18500,'20261007',919,,1526447,15,,,0,630,,1526443,23,,,0,104,,1526444,23,,,0,70,,1526445,23,,,0,23,,1526446,23,,,0,97,,1526448,23,,,0
18500,'20261008',919,,1526453,15,,,0,630,,1526449,23,,,0,104,,1526450,23,,,0,70,,1526451,23,,,0,23,,1526452,23,,,0,97,,1526454,23,,,0
18500,'20261009',919,,1526459,15,,,0,630,,1526455,23,,,0,104,,1526456,23,,,0,70,,1526457,23,,,0,23,,1526458,23,,,0,97,,1526460,23,,,0
98200,'20261002',2546,,1485611,20,,,0
98200,'20261003',2546,,1508567,20,,,0
98200,'20261009',2546,,1540247,20,,,0
98200,'20261010',2546,,1561868,20,,,0
1008200,'20260929',754,,1561880,4,,,0
1008200,'20260930',754,,1561881,4,,,0
1008200,'20261001',754,,1561882,4,,,0
1008200,'20261002',754,,1485630,4,,,0
1008200,'20261005',754,,1508584,4,,,0
1008200,'20261006',754,,1540277,4,,,0
1008200,'20261007',754,,1540278,4,,,0
1008200,'20261008',754,,1540279,4,,,0
1008200,'20261009',754,,1540280,4,,,0
