5401,'20261002',550,,1570619,46,,,1,100,,1570622,46,,,1,81,,1570624,46,,,1,74,,1570626,46,,,1
5401,'20261005',550,,1570704,46,,,1,100,,1570707,46,,,1,81,,1570709,46,,,1,74,,1570711,46,,,1
5401,'20261006',550,,1517462,46,,,1,100,,1517465,46,,,1,81,,1517467,46,,,1,74,,1517469,46,,,1
5401,'20261007',550,,1517497,46,,,1,100,,1517500,46,,,1,81,,1517502,46,,,1,74,,1517504,46,,,1
5401,'20261008',550,,1517532,46,,,1,100,,1517535,46,,,1,81,,1517537,46,,,1,74,,1517539,46,,,1
5401,'20261009',550,,1517567,46,,,1,100,,1517570,46,,,1,81,,1517572,46,,,1,74,,1517574,46,,,1
5401,'20261013',550,,1570739,46,,,1,100,,1570742,46,,,1,81,,1570744,46,,,1,74,,1570746,46,,,1
5401,'20261014',550,,1570774,46,,,1,100,,1570777,46,,,1,81,,1570779,46,,,1,74,,1570781,46,,,1
5401,'20261015',550,,1570809,46,,,1,100,,1570812,46,,,1,81,,1570814,46,,,1,74,,1570816,46,,,1
5401,'20261016',550,,1570844,46,,,1,100,,1570847,46,,,1,81,,1570849,46,,,1,74,,1570851,46,,,1
80003,'20261002',504,,1583675,21,,,1,15,,1583676,21,,,1,15,,1583677,21,,,1,15,,1583678,21,,,1,53,,1583679,21,,,1,9,,1583680,21,,,1,10,,1583681,21,,,1,10,,1583682,21,,,1,10,,1583683,21,,,1,10,,1583684,21,,,1,51,,1583685,21,,,1,9,,1583686,21,,,1,10,,1583687,21,,,1,8,,1583674,21,,,1,2,,1583688,21,,,1,7,,1583689,21,,,1,9,,1583690,21,,,1,11,,1583691,21,,,1,50,,1583692,21,,,1,13,,1583693,21,,,1,15,,1583694,21,,,1,14,,1583695,21,,,1,54,,1583696,21,,,1,14,,1583697,21,,,1,15,,1583698,21,,,1,15,,1583699,21,,,1,56,,1583700,21,,,1,13,,1583701,21,,,1,15,,1583702,21,,,1,15,,1583703,21,,,1,56,,1583704,21,,,1,15,,1583705,21,,,1,15,,1583706,21,,,1,15,,1583707,21,,,1,56,,1583708,21,,,1,15,,1583709,21,,,1,15,,1583710,21,,,1,15,,1583711,21,,,1,55,,1583712,21,,,1,15,,1583713,21,,,1,15,,1583714,21,,,1,15,,1583715,21,,,1,55,,1583716,21,,,1,14,,1583717,21,,,1,16,,1583718,21,,,1,15,,1583719,21,,,1,54,,1583720,21,,,1,12,,1583721,21,,,1,11,,1583722,21,,,1,10,,1583723,21,,,1,10,,1583724,21,,,1,9,,1583725,21,,,1,51,,1583726,21,,,1,10,,1583727,21,,,1,10,,1583728,21,,,1,10,,1583729,21,,,1,10,,1583730,21,,,1,10,,1583731,21,,,1,50,,1583732,21,,,1,11,,1583733,21,,,1,10,,1583734,21,,,1,10,,1583735,21,,,1,10,,1583736,21,,,1,11,,1583737,21,,,1,49,,1583738,21,,,1,13,,1583739,21,,,1,15,,1583740,21,,,1,15,,1583741,21,,,1,56,,1583742,21,,,1,14,,1583743,21,,,1,14,,1583744,21,,,1,14,,1583745,21,,,1,55,,1583746,21,,,1,16,,1583747,21,,,1,15,,1583748,21,,,1,15,,1583749,21,,,1,55,,1583750,21,,,1,16,,1583751,21,,,1,15,,1583752,21,,,1,15,,1583753,21,,,1,55,,1583754,21,,,1,15,,1583755,21,,,1,15,,1583756,21,,,1,16,,1583757,21,,,1,53,,1583758,21,,,1,15,,1583759,21,,,1,16,,1583760,21,,,1,16,,1583761,21,,,1,54,,1583762,21,,,1,16,,1583763,21,,,1,16,,1583764,21,,,1,15,,1583765,21,,,1
80003,'20261003',544,,1583766,21,,,1,15,,1583767,21,,,1,55,,1583768,21,,,1,15,,1583769,21,,,1,15,,1583770,21,,,1,56,,1583771,21,,,1,15,,1583772,21,,,1,15,,1583773,21,,,1,15,,1583774,21,,,1,55,,1583775,21,,,1,16,,1583776,21,,,1,15,,1583777,21,,,1,15,,1583778,21,,,1,55,,1583779,21,,,1,15,,1583780,21,,,1,15,,1583781,21,,,1,14,,1583782,21,,,1,55,,1583783,21,,,1,15,,1583784,21,,,1,16,,1583785,21,,,1,16,,1583786,21,,,1,55,,1583787,21,,,1,15,,1583788,21,,,1,15,,1583789,21,,,1,16,,1583790,21,,,1,56,,1583791,21,,,1,13,,1583792,21,,,1,14,,1583793,21,,,1,15,,1583794,21,,,1,55,,1583795,21,,,1,15,,1583796,21,,,1,14,,1583797,21,,,1,16,,1583798,21,,,1,55,,1583799,21,,,1,15,,1583800,21,,,1,15,,1583801,21,,,1,14,,1583802,21,,,1,55,,1583803,21,,,1,15,,1583804,21,,,1,15,,1583805,21,,,1,14,,1583806,21,,,1,56,,1583807,21,,,1,15,,1583808,21,,,1,16,,1583809,21,,,1,14,,1583810,21,,,1,56,,1583811,21,,,1,16,,1583812,21,,,1,14,,1583813,21,,,1,16,,1583814,21,,,1,56,,1583815,21,,,1,15,,1583816,21,,,1,17,,1583817,21,,,1,13,,1583818,21,,,1,55,,1583819,21,,,1,15,,1583820,21,,,1,15,,1583821,21,,,1,15,,1583822,21,,,1,55,,1583823,21,,,1,17,,1583824,21,,,1,17,,1583825,21,,,1,14,,1583826,21,,,1,54,,1583827,21,,,1,15,,1583828,21,,,1,15,,1583829,21,,,1,15,,1583830,21,,,1,55,,1583831,21,,,1,16,,1583832,21,,,1,14,,1583833,21,,,1,15,,1583834,21,,,1,55,,1583835,21,,,1,15,,1583836,21,,,1,15,,1583837,21,,,1,14,,1583838,21,,,1,55,,1583839,21,,,1,14,,1583840,21,,,1,15,,1583841,21,,,1,15,,1583842,21,,,1
80003,'20261004',544,,1583843,21,,,1,15,,1583844,21,,,1,55,,1583845,21,,,1,15,,1583846,21,,,1,15,,1583847,21,,,1,56,,1583848,21,,,1,15,,1583849,21,,,1,15,,1583850,21,,,1,15,,1583851,21,,,1,55,,1583852,21,,,1,16,,1583853,21,,,1,15,,1583854,21,,,1,15,,1583855,21,,,1,55,,1583856,21,,,1,15,,1583857,21,,,1,15,,1583858,21,,,1,14,,1583859,21,,,1,55,,1583860,21,,,1,15,,1583861,21,,,1,16,,1583862,21,,,1,16,,1583863,21,,,1,55,,1583864,21,,,1,15,,1583865,21,,,1,15,,1583866,21,,,1,16,,1583867,21,,,1,56,,1583868,21,,,1,13,,1583869,21,,,1,14,,1583870,21,,,1,15,,1583871,21,,,1,55,,1583872,21,,,1,15,,1583873,21,,,1,14,,1583874,21,,,1,16,,1583875,21,,,1,55,,1583876,21,,,1,15,,1583877,21,,,1,15,,1583878,21,,,1,14,,1583879,21,,,1,55,,1583880,21,,,1,15,,1583881,21,,,1,15,,1583882,21,,,1,14,,1583883,21,,,1,56,,1583884,21,,,1,15,,1583885,21,,,1,16,,1583886,21,,,1,14,,1583887,21,,,1,56,,1583888,21,,,1,16,,1583889,21,,,1,14,,1583890,21,,,1,16,,1583891,21,,,1,56,,1583892,21,,,1,15,,1583893,21,,,1,17,,1583894,21,,,1,13,,1583895,21,,,1,55,,1583896,21,,,1,15,,1583897,21,,,1,15,,1583898,21,,,1,15,,1583899,21,,,1,55,,1583900,21,,,1,17,,1583901,21,,,1,17,,1583902,21,,,1,14,,1583903,21,,,1,54,,1583904,21,,,1,15,,1583905,21,,,1,15,,1583906,21,,,1,15,,1583907,21,,,1,55,,1583908,21,,,1,16,,1583909,21,,,1,14,,1583910,21,,,1,15,,1583911,21,,,1,55,,1583912,21,,,1,15,,1583913,21,,,1,15,,1583914,21,,,1,14,,1583915,21,,,1,55,,1583916,21,,,1,14,,1583917,21,,,1,15,,1583918,21,,,1,15,,1583919,21,,,1
80003,'20261005',504,,1583921,21,,,1,15,,1583922,21,,,1,15,,1583923,21,,,1,15,,1583924,21,,,1,53,,1583925,21,,,1,9,,1583926,21,,,1,10,,1583927,21,,,1,10,,1583928,21,,,1,10,,1583929,21,,,1,10,,1583930,21,,,1,51,,1583931,21,,,1,9,,1583932,21,,,1,10,,1583933,21,,,1,8,,1583920,21,,,1,2,,1583934,21,,,1,7,,1583935,21,,,1,9,,1583936,21,,,1,11,,1583937,21,,,1,50,,1583938,21,,,1,13,,1583939,21,,,1,15,,1583940,21,,,1,14,,1583941,21,,,1,54,,1583942,21,,,1,14,,1583943,21,,,1,15,,1583944,21,,,1,15,,1583945,21,,,1,56,,1583946,21,,,1,13,,1583947,21,,,1,15,,1583948,21,,,1,15,,1583949,21,,,1,56,,1583950,21,,,1,15,,1583951,21,,,1,15,,1583952,21,,,1,15,,1583953,21,,,1,56,,1583954,21,,,1,15,,1583955,21,,,1,15,,1583956,21,,,1,15,,1583957,21,,,1,55,,1583958,21,,,1,15,,1583959,21,,,1,15,,1583960,21,,,1,15,,1583961,21,,,1,55,,1583962,21,,,1,14,,1583963,21,,,1,16,,1583964,21,,,1,15,,1583965,21,,,1,54,,1583966,21,,,1,12,,1583967,21,,,1,11,,1583968,21,,,1,10,,1583969,21,,,1,10,,1583970,21,,,1,9,,1583971,21,,,1,51,,1583972,21,,,1,10,,1583973,21,,,1,10,,1583974,21,,,1,10,,1583975,21,,,1,10,,1583976,21,,,1,10,,1583977,21,,,1,50,,1583978,21,,,1,11,,1583979,21,,,1,10,,1583980,21,,,1,10,,1583981,21,,,1,10,,1583982,21,,,1,11,,1583983,21,,,1,49,,1583984,21,,,1,13,,1583985,21,,,1,15,,1583986,21,,,1,15,,1583987,21,,,1,56,,1583988,21,,,1,14,,1583989,21,,,1,14,,1583990,21,,,1,14,,1583991,21,,,1,55,,1583992,21,,,1,16,,1583993,21,,,1,15,,1583994,21,,,1,15,,1583995,21,,,1,55,,1583996,21,,,1,16,,1583997,21,,,1,15,,1583998,21,,,1,15,,1583999,21,,,1,55,,1584000,21,,,1,15,,1584001,21,,,1,15,,1584002,21,,,1,16,,1584003,21,,,1,53,,1584004,21,,,1,15,,1584005,21,,,1,16,,1584006,21,,,1,16,,1584007,21,,,1,54,,1584008,21,,,1,16,,1584009,21,,,1,16,,1584010,21,,,1,15,,1584011,21,,,1
80003,'20261006',504,,1530826,21,,,1,15,,1530739,21,,,1,15,,1530765,21,,,1,15,,1530762,21,,,1,53,,1530744,21,,,1,9,,1530764,21,,,1,10,,1530741,21,,,1,10,,1530752,21,,,1,10,,1530820,21,,,1,10,,1530819,21,,,1,51,,1530818,21,,,1,9,,1530817,21,,,1,10,,1530816,21,,,1,10,,1530815,21,,,1,7,,1530814,21,,,1,9,,1530813,21,,,1,11,,1530812,21,,,1,50,,1530811,21,,,1,13,,1530810,21,,,1,15,,1530809,21,,,1,14,,1530808,21,,,1,54,,1530807,21,,,1,14,,1530806,21,,,1,15,,1530805,21,,,1,15,,1530804,21,,,1,56,,1530803,21,,,1,13,,1530802,21,,,1,15,,1530801,21,,,1,15,,1530800,21,,,1,56,,1530799,21,,,1,15,,1530798,21,,,1,15,,1530797,21,,,1,15,,1530796,21,,,1,56,,1530795,21,,,1,15,,1530794,21,,,1,15,,1530793,21,,,1,15,,1530792,21,,,1,55,,1530791,21,,,1,15,,1530790,21,,,1,15,,1530789,21,,,1,15,,1530788,21,,,1,55,,1530787,21,,,1,14,,1530754,21,,,1,16,,1530786,21,,,1,15,,1530763,21,,,1,54,,1530760,21,,,1,12,,1530785,21,,,1,11,,1530767,21,,,1,10,,1530825,21,,,1,10,,1530822,21,,,1,9,,1530766,21,,,1,51,,1530749,21,,,1,10,,1530768,21,,,1,10,,1530784,21,,,1,10,,1530743,21,,,1,10,,1530736,21,,,1,10,,1530757,21,,,1,50,,1530783,21,,,1,11,,1530738,21,,,1,10,,1530737,21,,,1,10,,1530782,21,,,1,10,,1530781,21,,,1,11,,1530823,21,,,1,49,,1530740,21,,,1,13,,1530742,21,,,1,15,,1530780,21,,,1,15,,1530758,21,,,1,56,,1530824,21,,,1,14,,1530779,21,,,1,14,,1530746,21,,,1,14,,1530745,21,,,1,55,,1530778,21,,,1,16,,1530747,21,,,1,15,,1530777,21,,,1,15,,1530776,21,,,1,55,,1530748,21,,,1,16,,1530775,21,,,1,15,,1530751,21,,,1,15,,1530750,21,,,1,55,,1530774,21,,,1,15,,1530753,21,,,1,15,,1530773,21,,,1,16,,1530755,21,,,1,53,,1530772,21,,,1,15,,1530756,21,,,1,16,,1530771,21,,,1,16,,1530759,21,,,1,54,,1530770,21,,,1,16,,1530761,21,,,1,16,,1530769,21,,,1,15,,1530821,21,,,1
80003,'20261007',504,,1530917,21,,,1,15,,1530830,21,,,1,15,,1530856,21,,,1,15,,1530853,21,,,1,53,,1530835,21,,,1,9,,1530855,21,,,1,10,,1530832,21,,,1,10,,1530843,21,,,1,10,,1530911,21,,,1,10,,1530910,21,,,1,51,,1530909,21,,,1,9,,1530908,21,,,1,10,,1530907,21,,,1,10,,1530906,21,,,1,7,,1530905,21,,,1,9,,1530904,21,,,1,11,,1530903,21,,,1,50,,1530902,21,,,1,13,,1530901,21,,,1,15,,1530900,21,,,1,14,,1530899,21,,,1,54,,1530898,21,,,1,14,,1530897,21,,,1,15,,1530896,21,,,1,15,,1530895,21,,,1,56,,1530894,21,,,1,13,,1530893,21,,,1,15,,1530892,21,,,1,15,,1530891,21,,,1,56,,1530890,21,,,1,15,,1530889,21,,,1,15,,1530888,21,,,1,15,,1530887,21,,,1,56,,1530886,21,,,1,15,,1530885,21,,,1,15,,1530884,21,,,1,15,,1530883,21,,,1,55,,1530882,21,,,1,15,,1530881,21,,,1,15,,1530880,21,,,1,15,,1530879,21,,,1,55,,1530878,21,,,1,14,,1530845,21,,,1,16,,1530877,21,,,1,15,,1530854,21,,,1,54,,1530851,21,,,1,12,,1530876,21,,,1,11,,1530858,21,,,1,10,,1530916,21,,,1,10,,1530913,21,,,1,9,,1530857,21,,,1,51,,1530840,21,,,1,10,,1530859,21,,,1,10,,1530875,21,,,1,10,,1530834,21,,,1,10,,1530827,21,,,1,10,,1530848,21,,,1,50,,1530874,21,,,1,11,,1530829,21,,,1,10,,1530828,21,,,1,10,,1530873,21,,,1,10,,1530872,21,,,1,11,,1530914,21,,,1,49,,1530831,21,,,1,13,,1530833,21,,,1,15,,1530871,21,,,1,15,,1530849,21,,,1,56,,1530915,21,,,1,14,,1530870,21,,,1,14,,1530837,21,,,1,14,,1530836,21,,,1,55,,1530869,21,,,1,16,,1530838,21,,,1,15,,1530868,21,,,1,15,,1530867,21,,,1,55,,1530839,21,,,1,16,,1530866,21,,,1,15,,1530842,21,,,1,15,,1530841,21,,,1,55,,1530865,21,,,1,15,,1530844,21,,,1,15,,1530864,21,,,1,16,,1530846,21,,,1,53,,1530863,21,,,1,15,,1530847,21,,,1,16,,1530862,21,,,1,16,,1530850,21,,,1,54,,1530861,21,,,1,16,,1530852,21,,,1,16,,1530860,21,,,1,15,,1530912,21,,,1
80003,'20261008',504,,1531008,21,,,1,15,,1530921,21,,,1,15,,1530947,21,,,1,15,,1530944,21,,,1,53,,1530926,21,,,1,9,,1530946,21,,,1,10,,1530923,21,,,1,10,,1530934,21,,,1,10,,1531002,21,,,1,10,,1531001,21,,,1,51,,1531000,21,,,1,9,,1530999,21,,,1,10,,1530998,21,,,1,10,,1530997,21,,,1,7,,1530996,21,,,1,9,,1530995,21,,,1,11,,1530994,21,,,1,50,,1530993,21,,,1,13,,1530992,21,,,1,15,,1530991,21,,,1,14,,1530990,21,,,1,54,,1530989,21,,,1,14,,1530988,21,,,1,15,,1530987,21,,,1,15,,1530986,21,,,1,56,,1530985,21,,,1,13,,1530984,21,,,1,15,,1530983,21,,,1,15,,1530982,21,,,1,56,,1530981,21,,,1,15,,1530980,21,,,1,15,,1530979,21,,,1,15,,1530978,21,,,1,56,,1530977,21,,,1,15,,1530976,21,,,1,15,,1530975,21,,,1,15,,1530974,21,,,1,55,,1530973,21,,,1,15,,1530972,21,,,1,15,,1530971,21,,,1,15,,1530970,21,,,1,55,,1530969,21,,,1,14,,1530936,21,,,1,16,,1530968,21,,,1,15,,1530945,21,,,1,54,,1530942,21,,,1,12,,1530967,21,,,1,11,,1530949,21,,,1,10,,1531007,21,,,1,10,,1531004,21,,,1,9,,1530948,21,,,1,51,,1530931,21,,,1,10,,1530950,21,,,1,10,,1530966,21,,,1,10,,1530925,21,,,1,10,,1530918,21,,,1,10,,1530939,21,,,1,50,,1530965,21,,,1,11,,1530920,21,,,1,10,,1530919,21,,,1,10,,1530964,21,,,1,10,,1530963,21,,,1,11,,1531005,21,,,1,49,,1530922,21,,,1,13,,1530924,21,,,1,15,,1530962,21,,,1,15,,1530940,21,,,1,56,,1531006,21,,,1,14,,1530961,21,,,1,14,,1530928,21,,,1,14,,1530927,21,,,1,55,,1530960,21,,,1,16,,1530929,21,,,1,15,,1530959,21,,,1,15,,1530958,21,,,1,55,,1530930,21,,,1,16,,1530957,21,,,1,15,,1530933,21,,,1,15,,1530932,21,,,1,55,,1530956,21,,,1,15,,1530935,21,,,1,15,,1530955,21,,,1,16,,1530937,21,,,1,53,,1530954,21,,,1,15,,1530938,21,,,1,16,,1530953,21,,,1,16,,1530941,21,,,1,54,,1530952,21,,,1,16,,1530943,21,,,1,16,,1530951,21,,,1,15,,1531003,21,,,1
80003,'20261009',504,,1531099,21,,,1,15,,1531012,21,,,1,15,,1531038,21,,,1,15,,1531035,21,,,1,53,,1531017,21,,,1,9,,1531037,21,,,1,10,,1531014,21,,,1,10,,1531025,21,,,1,10,,1531093,21,,,1,10,,1531092,21,,,1,51,,1531091,21,,,1,9,,1531090,21,,,1,10,,1531089,21,,,1,10,,1531088,21,,,1,7,,1531087,21,,,1,9,,1531086,21,,,1,11,,1531085,21,,,1,50,,1531084,21,,,1,13,,1531083,21,,,1,15,,1531082,21,,,1,14,,1531081,21,,,1,54,,1531080,21,,,1,14,,1531079,21,,,1,15,,1531078,21,,,1,15,,1531077,21,,,1,56,,1531076,21,,,1,13,,1531075,21,,,1,15,,1531074,21,,,1,15,,1531073,21,,,1,56,,1531072,21,,,1,15,,1531071,21,,,1,15,,1531070,21,,,1,15,,1531069,21,,,1,56,,1531068,21,,,1,15,,1531067,21,,,1,15,,1531066,21,,,1,15,,1531065,21,,,1,55,,1531064,21,,,1,15,,1531063,21,,,1,15,,1531062,21,,,1,15,,1531061,21,,,1,55,,1531060,21,,,1,14,,1531027,21,,,1,16,,1531059,21,,,1,15,,1531036,21,,,1,54,,1531033,21,,,1,12,,1531058,21,,,1,11,,1531040,21,,,1,10,,1531098,21,,,1,10,,1531095,21,,,1,9,,1531039,21,,,1,51,,1531022,21,,,1,10,,1531041,21,,,1,10,,1531057,21,,,1,10,,1531016,21,,,1,10,,1531009,21,,,1,10,,1531030,21,,,1,50,,1531056,21,,,1,11,,1531011,21,,,1,10,,1531010,21,,,1,10,,1531055,21,,,1,10,,1531054,21,,,1,11,,1531096,21,,,1,49,,1531013,21,,,1,13,,1531015,21,,,1,15,,1531053,21,,,1,15,,1531031,21,,,1,56,,1531097,21,,,1,14,,1531052,21,,,1,14,,1531019,21,,,1,14,,1531018,21,,,1,55,,1531051,21,,,1,16,,1531020,21,,,1,15,,1531050,21,,,1,15,,1531049,21,,,1,55,,1531021,21,,,1,16,,1531048,21,,,1,15,,1531024,21,,,1,15,,1531023,21,,,1,55,,1531047,21,,,1,15,,1531026,21,,,1,15,,1531046,21,,,1,16,,1531028,21,,,1,53,,1531045,21,,,1,15,,1531029,21,,,1,16,,1531044,21,,,1,16,,1531032,21,,,1,54,,1531043,21,,,1,16,,1531034,21,,,1,16,,1531042,21,,,1,15,,1531094,21,,,1
80003,'20261010',544,,1555071,21,,,1,15,,1555072,21,,,1,55,,1555073,21,,,1,15,,1555074,21,,,1,15,,1555075,21,,,1,56,,1555076,21,,,1,15,,1555077,21,,,1,15,,1555079,21,,,1,15,,1555080,21,,,1,55,,1555081,21,,,1,16,,1555078,21,,,1,15,,1555082,21,,,1,15,,1555083,21,,,1,55,,1555084,21,,,1,15,,1555085,21,,,1,15,,1555086,21,,,1,14,,1555087,21,,,1,55,,1555088,21,,,1,15,,1555089,21,,,1,16,,1555091,21,,,1,16,,1555092,21,,,1,55,,1555093,21,,,1,15,,1555090,21,,,1,15,,1555094,21,,,1,16,,1555095,21,,,1,56,,1555096,21,,,1,13,,1555097,21,,,1,14,,1555098,21,,,1,15,,1555100,21,,,1,55,,1555099,21,,,1,15,,1555101,21,,,1,14,,1555102,21,,,1,16,,1555103,21,,,1,55,,1555104,21,,,1,15,,1555105,21,,,1,15,,1555106,21,,,1,14,,1555107,21,,,1,55,,1555109,21,,,1,15,,1555110,21,,,1,15,,1555111,21,,,1,14,,1555108,21,,,1,56,,1555112,21,,,1,15,,1555113,21,,,1,16,,1555114,21,,,1,14,,1555115,21,,,1,56,,1555116,21,,,1,16,,1555117,21,,,1,14,,1555118,21,,,1,16,,1555120,21,,,1,56,,1555121,21,,,1,15,,1555122,21,,,1,17,,1555119,21,,,1,13,,1555123,21,,,1,55,,1555124,21,,,1,15,,1555125,21,,,1,15,,1555126,21,,,1,15,,1555128,21,,,1,55,,1555129,21,,,1,17,,1555130,21,,,1,17,,1555127,21,,,1,14,,1555131,21,,,1,54,,1555132,21,,,1,15,,1555133,21,,,1,15,,1555134,21,,,1,15,,1555135,21,,,1,55,,1555136,21,,,1,16,,1555137,21,,,1,14,,1555139,21,,,1,15,,1555140,21,,,1,55,,1555141,21,,,1,15,,1555138,21,,,1,15,,1555142,21,,,1,14,,1555143,21,,,1,55,,1555144,21,,,1,14,,1555145,21,,,1,15,,1555146,21,,,1,15,,1555147,21,,,1
80003,'20261011',544,,1555165,21,,,1,15,,1555155,21,,,1,55,,1555160,21,,,1,15,,1555153,21,,,1,15,,1555166,21,,,1,56,,1555151,21,,,1,15,,1555150,21,,,1,15,,1555159,21,,,1,15,,1555167,21,,,1,55,,1555148,21,,,1,16,,1555161,21,,,1,15,,1555154,21,,,1,15,,1555149,21,,,1,55,,1555168,21,,,1,15,,1555169,21,,,1,15,,1555163,21,,,1,14,,1555156,21,,,1,55,,1555164,21,,,1,15,,1555157,21,,,1,16,,1555171,21,,,1,16,,1555152,21,,,1,55,,1555172,21,,,1,15,,1555170,21,,,1,15,,1555175,21,,,1,16,,1555173,21,,,1,56,,1555158,21,,,1,13,,1555180,21,,,1,14,,1555174,21,,,1,15,,1555181,21,,,1,55,,1555176,21,,,1,15,,1555177,21,,,1,14,,1555178,21,,,1,16,,1555179,21,,,1,55,,1555162,21,,,1,15,,1555182,21,,,1,15,,1555198,21,,,1,14,,1555191,21,,,1,55,,1555194,21,,,1,15,,1555188,21,,,1,15,,1555197,21,,,1,14,,1555189,21,,,1,56,,1555190,21,,,1,15,,1555184,21,,,1,16,,1555199,21,,,1,14,,1555200,21,,,1,56,,1555195,21,,,1,16,,1555185,21,,,1,14,,1555192,21,,,1,16,,1555196,21,,,1,56,,1555201,21,,,1,15,,1555202,21,,,1,17,,1555193,21,,,1,13,,1555183,21,,,1,55,,1555203,21,,,1,15,,1555204,21,,,1,15,,1555205,21,,,1,15,,1555206,21,,,1,55,,1555187,21,,,1,17,,1555216,21,,,1,17,,1555186,21,,,1,14,,1555221,21,,,1,54,,1555208,21,,,1,15,,1555210,21,,,1,15,,1555218,21,,,1,15,,1555212,21,,,1,55,,1555211,21,,,1,16,,1555219,21,,,1,14,,1555207,21,,,1,15,,1555215,21,,,1,55,,1555214,21,,,1,15,,1555213,21,,,1,15,,1555220,21,,,1,14,,1555222,21,,,1,55,,1555223,21,,,1,14,,1555209,21,,,1,15,,1555217,21,,,1,15,,1555224,21,,,1
80003,'20261012',544,,1555242,21,,,1,15,,1555232,21,,,1,55,,1555237,21,,,1,15,,1555230,21,,,1,15,,1555243,21,,,1,56,,1555228,21,,,1,15,,1555227,21,,,1,15,,1555236,21,,,1,15,,1555244,21,,,1,55,,1555225,21,,,1,16,,1555238,21,,,1,15,,1555231,21,,,1,15,,1555226,21,,,1,55,,1555245,21,,,1,15,,1555246,21,,,1,15,,1555240,21,,,1,14,,1555233,21,,,1,55,,1555241,21,,,1,15,,1555234,21,,,1,16,,1555248,21,,,1,16,,1555229,21,,,1,55,,1555249,21,,,1,15,,1555247,21,,,1,15,,1555252,21,,,1,16,,1555250,21,,,1,56,,1555235,21,,,1,13,,1555257,21,,,1,14,,1555251,21,,,1,15,,1555258,21,,,1,55,,1555253,21,,,1,15,,1555254,21,,,1,14,,1555255,21,,,1,16,,1555256,21,,,1,55,,1555239,21,,,1,15,,1555259,21,,,1,15,,1555275,21,,,1,14,,1555268,21,,,1,55,,1555271,21,,,1,15,,1555265,21,,,1,15,,1555274,21,,,1,14,,1555266,21,,,1,56,,1555267,21,,,1,15,,1555261,21,,,1,16,,1555276,21,,,1,14,,1555277,21,,,1,56,,1555272,21,,,1,16,,1555262,21,,,1,14,,1555269,21,,,1,16,,1555273,21,,,1,56,,1555278,21,,,1,15,,1555279,21,,,1,17,,1555270,21,,,1,13,,1555260,21,,,1,55,,1555280,21,,,1,15,,1555281,21,,,1,15,,1555282,21,,,1,15,,1555283,21,,,1,55,,1555264,21,,,1,17,,1555293,21,,,1,17,,1555263,21,,,1,14,,1555298,21,,,1,54,,1555285,21,,,1,15,,1555287,21,,,1,15,,1555295,21,,,1,15,,1555289,21,,,1,55,,1555288,21,,,1,16,,1555296,21,,,1,14,,1555284,21,,,1,15,,1555292,21,,,1,55,,1555291,21,,,1,15,,1555290,21,,,1,15,,1555297,21,,,1,14,,1555299,21,,,1,55,,1555300,21,,,1,14,,1555286,21,,,1,15,,1555294,21,,,1,15,,1555301,21,,,1
80003,'20261013',504,,1584102,21,,,1,15,,1584015,21,,,1,15,,1584041,21,,,1,15,,1584038,21,,,1,53,,1584020,21,,,1,9,,1584040,21,,,1,10,,1584017,21,,,1,10,,1584028,21,,,1,10,,1584096,21,,,1,10,,1584095,21,,,1,51,,1584094,21,,,1,9,,1584093,21,,,1,10,,1584092,21,,,1,10,,1584091,21,,,1,7,,1584090,21,,,1,9,,1584089,21,,,1,11,,1584088,21,,,1,50,,1584087,21,,,1,13,,1584086,21,,,1,15,,1584085,21,,,1,14,,1584084,21,,,1,54,,1584083,21,,,1,14,,1584082,21,,,1,15,,1584081,21,,,1,15,,1584080,21,,,1,56,,1584079,21,,,1,13,,1584078,21,,,1,15,,1584077,21,,,1,15,,1584076,21,,,1,56,,1584075,21,,,1,15,,1584074,21,,,1,15,,1584073,21,,,1,15,,1584072,21,,,1,56,,1584071,21,,,1,15,,1584070,21,,,1,15,,1584069,21,,,1,15,,1584068,21,,,1,55,,1584067,21,,,1,15,,1584066,21,,,1,15,,1584065,21,,,1,15,,1584064,21,,,1,55,,1584063,21,,,1,14,,1584030,21,,,1,16,,1584062,21,,,1,15,,1584039,21,,,1,54,,1584036,21,,,1,12,,1584061,21,,,1,11,,1584043,21,,,1,10,,1584101,21,,,1,10,,1584098,21,,,1,9,,1584042,21,,,1,51,,1584025,21,,,1,10,,1584044,21,,,1,10,,1584060,21,,,1,10,,1584019,21,,,1,10,,1584012,21,,,1,10,,1584033,21,,,1,50,,1584059,21,,,1,11,,1584014,21,,,1,10,,1584013,21,,,1,10,,1584058,21,,,1,10,,1584057,21,,,1,11,,1584099,21,,,1,49,,1584016,21,,,1,13,,1584018,21,,,1,15,,1584056,21,,,1,15,,1584034,21,,,1,56,,1584100,21,,,1,14,,1584055,21,,,1,14,,1584022,21,,,1,14,,1584021,21,,,1,55,,1584054,21,,,1,16,,1584023,21,,,1,15,,1584053,21,,,1,15,,1584052,21,,,1,55,,1584024,21,,,1,16,,1584051,21,,,1,15,,1584027,21,,,1,15,,1584026,21,,,1,55,,1584050,21,,,1,15,,1584029,21,,,1,15,,1584049,21,,,1,16,,1584031,21,,,1,53,,1584048,21,,,1,15,,1584032,21,,,1,16,,1584047,21,,,1,16,,1584035,21,,,1,54,,1584046,21,,,1,16,,1584037,21,,,1,16,,1584045,21,,,1,15,,1584097,21,,,1
80003,'20261014',504,,1584193,21,,,1,15,,1584106,21,,,1,15,,1584132,21,,,1,15,,1584129,21,,,1,53,,1584111,21,,,1,9,,1584131,21,,,1,10,,1584108,21,,,1,10,,1584119,21,,,1,10,,1584187,21,,,1,10,,1584186,21,,,1,51,,1584185,21,,,1,9,,1584184,21,,,1,10,,1584183,21,,,1,10,,1584182,21,,,1,7,,1584181,21,,,1,9,,1584180,21,,,1,11,,1584179,21,,,1,50,,1584178,21,,,1,13,,1584177,21,,,1,15,,1584176,21,,,1,14,,1584175,21,,,1,54,,1584174,21,,,1,14,,1584173,21,,,1,15,,1584172,21,,,1,15,,1584171,21,,,1,56,,1584170,21,,,1,13,,1584169,21,,,1,15,,1584168,21,,,1,15,,1584167,21,,,1,56,,1584166,21,,,1,15,,1584165,21,,,1,15,,1584164,21,,,1,15,,1584163,21,,,1,56,,1584162,21,,,1,15,,1584161,21,,,1,15,,1584160,21,,,1,15,,1584159,21,,,1,55,,1584158,21,,,1,15,,1584157,21,,,1,15,,1584156,21,,,1,15,,1584155,21,,,1,55,,1584154,21,,,1,14,,1584121,21,,,1,16,,1584153,21,,,1,15,,1584130,21,,,1,54,,1584127,21,,,1,12,,1584152,21,,,1,11,,1584134,21,,,1,10,,1584192,21,,,1,10,,1584189,21,,,1,9,,1584133,21,,,1,51,,1584116,21,,,1,10,,1584135,21,,,1,10,,1584151,21,,,1,10,,1584110,21,,,1,10,,1584103,21,,,1,10,,1584124,21,,,1,50,,1584150,21,,,1,11,,1584105,21,,,1,10,,1584104,21,,,1,10,,1584149,21,,,1,10,,1584148,21,,,1,11,,1584190,21,,,1,49,,1584107,21,,,1,13,,1584109,21,,,1,15,,1584147,21,,,1,15,,1584125,21,,,1,56,,1584191,21,,,1,14,,1584146,21,,,1,14,,1584113,21,,,1,14,,1584112,21,,,1,55,,1584145,21,,,1,16,,1584114,21,,,1,15,,1584144,21,,,1,15,,1584143,21,,,1,55,,1584115,21,,,1,16,,1584142,21,,,1,15,,1584118,21,,,1,15,,1584117,21,,,1,55,,1584141,21,,,1,15,,1584120,21,,,1,15,,1584140,21,,,1,16,,1584122,21,,,1,53,,1584139,21,,,1,15,,1584123,21,,,1,16,,1584138,21,,,1,16,,1584126,21,,,1,54,,1584137,21,,,1,16,,1584128,21,,,1,16,,1584136,21,,,1,15,,1584188,21,,,1
80003,'20261015',504,,1584284,21,,,1,15,,1584197,21,,,1,15,,1584223,21,,,1,15,,1584220,21,,,1,53,,1584202,21,,,1,9,,1584222,21,,,1,10,,1584199,21,,,1,10,,1584210,21,,,1,10,,1584278,21,,,1,10,,1584277,21,,,1,51,,1584276,21,,,1,9,,1584275,21,,,1,10,,1584274,21,,,1,10,,1584273,21,,,1,7,,1584272,21,,,1,9,,1584271,21,,,1,11,,1584270,21,,,1,50,,1584269,21,,,1,13,,1584268,21,,,1,15,,1584267,21,,,1,14,,1584266,21,,,1,54,,1584265,21,,,1,14,,1584264,21,,,1,15,,1584263,21,,,1,15,,1584262,21,,,1,56,,1584261,21,,,1,13,,1584260,21,,,1,15,,1584259,21,,,1,15,,1584258,21,,,1,56,,1584257,21,,,1,15,,1584256,21,,,1,15,,1584255,21,,,1,15,,1584254,21,,,1,56,,1584253,21,,,1,15,,1584252,21,,,1,15,,1584251,21,,,1,15,,1584250,21,,,1,55,,1584249,21,,,1,15,,1584248,21,,,1,15,,1584247,21,,,1,15,,1584246,21,,,1,55,,1584245,21,,,1,14,,1584212,21,,,1,16,,1584244,21,,,1,15,,1584221,21,,,1,54,,1584218,21,,,1,12,,1584243,21,,,1,11,,1584225,21,,,1,10,,1584283,21,,,1,10,,1584280,21,,,1,9,,1584224,21,,,1,51,,1584207,21,,,1,10,,1584226,21,,,1,10,,1584242,21,,,1,10,,1584201,21,,,1,10,,1584194,21,,,1,10,,1584215,21,,,1,50,,1584241,21,,,1,11,,1584196,21,,,1,10,,1584195,21,,,1,10,,1584240,21,,,1,10,,1584239,21,,,1,11,,1584281,21,,,1,49,,1584198,21,,,1,13,,1584200,21,,,1,15,,1584238,21,,,1,15,,1584216,21,,,1,56,,1584282,21,,,1,14,,1584237,21,,,1,14,,1584204,21,,,1,14,,1584203,21,,,1,55,,1584236,21,,,1,16,,1584205,21,,,1,15,,1584235,21,,,1,15,,1584234,21,,,1,55,,1584206,21,,,1,16,,1584233,21,,,1,15,,1584209,21,,,1,15,,1584208,21,,,1,55,,1584232,21,,,1,15,,1584211,21,,,1,15,,1584231,21,,,1,16,,1584213,21,,,1,53,,1584230,21,,,1,15,,1584214,21,,,1,16,,1584229,21,,,1,16,,1584217,21,,,1,54,,1584228,21,,,1,16,,1584219,21,,,1,16,,1584227,21,,,1,15,,1584279,21,,,1
80003,'20261016',504,,1584375,21,,,1,15,,1584288,21,,,1,15,,1584314,21,,,1,15,,1584311,21,,,1,53,,1584293,21,,,1,9,,1584313,21,,,1,10,,1584290,21,,,1,10,,1584301,21,,,1,10,,1584369,21,,,1,10,,1584368,21,,,1,51,,1584367,21,,,1,9,,1584366,21,,,1,10,,1584365,21,,,1,10,,1584364,21,,,1,7,,1584363,21,,,1,9,,1584362,21,,,1,11,,1584361,21,,,1,50,,1584360,21,,,1,13,,1584359,21,,,1,15,,1584358,21,,,1,14,,1584357,21,,,1,54,,1584356,21,,,1,14,,1584355,21,,,1,15,,1584354,21,,,1,15,,1584353,21,,,1,56,,1584352,21,,,1,13,,1584351,21,,,1,15,,1584350,21,,,1,15,,1584349,21,,,1,56,,1584348,21,,,1,15,,1584347,21,,,1,15,,1584346,21,,,1,15,,1584345,21,,,1,56,,1584344,21,,,1,15,,1584343,21,,,1,15,,1584342,21,,,1,15,,1584341,21,,,1,55,,1584340,21,,,1,15,,1584339,21,,,1,15,,1584338,21,,,1,15,,1584337,21,,,1,55,,1584336,21,,,1,14,,1584303,21,,,1,16,,1584335,21,,,1,15,,1584312,21,,,1,54,,1584309,21,,,1,12,,1584334,21,,,1,11,,1584316,21,,,1,10,,1584374,21,,,1,10,,1584371,21,,,1,9,,1584315,21,,,1,51,,1584298,21,,,1,10,,1584317,21,,,1,10,,1584333,21,,,1,10,,1584292,21,,,1,10,,1584285,21,,,1,10,,1584306,21,,,1,50,,1584332,21,,,1,11,,1584287,21,,,1,10,,1584286,21,,,1,10,,1584331,21,,,1,10,,1584330,21,,,1,11,,1584372,21,,,1,49,,1584289,21,,,1,13,,1584291,21,,,1,15,,1584329,21,,,1,15,,1584307,21,,,1,56,,1584373,21,,,1,14,,1584328,21,,,1,14,,1584295,21,,,1,14,,1584294,21,,,1,55,,1584327,21,,,1,16,,1584296,21,,,1,15,,1584326,21,,,1,15,,1584325,21,,,1,55,,1584297,21,,,1,16,,1584324,21,,,1,15,,1584300,21,,,1,15,,1584299,21,,,1,55,,1584323,21,,,1,15,,1584302,21,,,1,15,,1584322,21,,,1,16,,1584304,21,,,1,53,,1584321,21,,,1,15,,1584305,21,,,1,16,,1584320,21,,,1,16,,1584308,21,,,1,54,,1584319,21,,,1,16,,1584310,21,,,1,16,,1584318,21,,,1,15,,1584370,21,,,1
1000301,'20261002',1616,,1593556,23,,,0
1000301,'20261005',1616,,1593557,23,,,0
1000301,'20261006',1616,,1540271,23,,,0
1000301,'20261007',1616,,1540272,23,,,0
1000301,'20261008',1616,,1540273,23,,,0
1000301,'20261009',1616,,1540274,23,,,0
1000301,'20261013',1616,,1593558,23,,,0
1000301,'20261014',1616,,1593559,23,,,0
1000301,'20261015',1616,,1593560,23,,,0
1000301,'20261016',1616,,1593561,23,,,0
