2201,'20261009',630,,1598912,14,,,0,70,,1598913,14,,,0,32,,1598914,14,,,0,70,,1598915,14,,,0,29,,1598916,14,,,0,701,,1598917,14,,,0,70,,1598918,14,,,0,31,,1598919,14,,,0,69,,1598920,14,,,0,128,,1598921,14,,,0
2201,'20261013',630,,1567196,14,,,0,70,,1567187,14,,,0,32,,1567188,14,,,0,70,,1567189,14,,,0,29,,1567190,14,,,0,701,,1567191,14,,,0,70,,1567192,14,,,0,31,,1567193,14,,,0,69,,1567194,14,,,0,34,,1567195,14,,,0,94,,1567197,14,,,0
2201,'20261014',630,,1567207,14,,,0,70,,1567198,14,,,0,32,,1567199,14,,,0,70,,1567200,14,,,0,29,,1567201,14,,,0,701,,1567202,14,,,0,70,,1567203,14,,,0,31,,1567204,14,,,0,69,,1567205,14,,,0,34,,1567206,14,,,0,94,,1567208,14,,,0
2201,'20261015',630,,1567218,14,,,0,70,,1567209,14,,,0,32,,1567210,14,,,0,70,,1567211,14,,,0,29,,1567212,14,,,0,701,,1567213,14,,,0,70,,1567214,14,,,0,31,,1567215,14,,,0,69,,1567216,14,,,0,34,,1567217,14,,,0,94,,1567219,14,,,0
2201,'20261016',630,,1567229,14,,,0,70,,1567220,14,,,0,32,,1567221,14,,,0,70,,1567222,14,,,0,29,,1567223,14,,,0,701,,1567224,14,,,0,70,,1567225,14,,,0,31,,1567226,14,,,0,69,,1567227,14,,,0,34,,1567228,14,,,0,94,,1567230,14,,,0
2201,'20261019',630,,1598931,14,,,0,70,,1598922,14,,,0,32,,1598923,14,,,0,70,,1598924,14,,,0,29,,1598925,14,,,0,701,,1598926,14,,,0,70,,1598927,14,,,0,31,,1598928,14,,,0,69,,1598929,14,,,0,34,,1598930,14,,,0,94,,1598932,14,,,0
2201,'20261020',630,,1598942,14,,,0,70,,1598933,14,,,0,32,,1598934,14,,,0,70,,1598935,14,,,0,29,,1598936,14,,,0,701,,1598937,14,,,0,70,,1598938,14,,,0,31,,1598939,14,,,0,69,,1598940,14,,,0,34,,1598941,14,,,0,94,,1598943,14,,,0
2201,'20261021',630,,1629024,14,,,0,70,,1629015,14,,,0,32,,1629016,14,,,0,70,,1629017,14,,,0,29,,1629018,14,,,0,701,,1629019,14,,,0,70,,1629020,14,,,0,31,,1629021,14,,,0,69,,1629022,14,,,0,34,,1629023,14,,,0,94,,1629025,14,,,0
2201,'20261022',630,,1629035,14,,,0,70,,1629026,14,,,0,32,,1629027,14,,,0,70,,1629028,14,,,0,29,,1629029,14,,,0,701,,1629030,14,,,0,70,,1629031,14,,,0,31,,1629032,14,,,0,69,,1629033,14,,,0,34,,1629034,14,,,0,94,,1629036,14,,,0
2201,'20261023',630,,1629046,14,,,0,70,,1629037,14,,,0,32,,1629038,14,,,0,70,,1629039,14,,,0,29,,1629040,14,,,0,701,,1629041,14,,,0,70,,1629042,14,,,0,31,,1629043,14,,,0,69,,1629044,14,,,0,34,,1629045,14,,,0,94,,1629047,14,,,0
2902,'20261009',1546,,1599600,20,,,0,71,,1599599,20,,,0,29,,1599601,20,,,0,89,,1599602,20,,,0,10,,1599603,20,,,0
2902,'20261013',1546,,1567883,20,,,0,71,,1567881,20,,,0,29,,1567884,20,,,0,89,,1567882,20,,,0,10,,1567885,20,,,0
2902,'20261014',1546,,1567888,20,,,0,71,,1567886,20,,,0,29,,1567889,20,,,0,89,,1567887,20,,,0,10,,1567890,20,,,0
2902,'20261015',1546,,1567893,20,,,0,71,,1567891,20,,,0,29,,1567894,20,,,0,89,,1567892,20,,,0,10,,1567895,20,,,0
2902,'20261016',1546,,1567898,20,,,0,71,,1567896,20,,,0,29,,1567899,20,,,0,89,,1567897,20,,,0,10,,1567900,20,,,0
2902,'20261019',1546,,1599606,20,,,0,71,,1599604,20,,,0,29,,1599607,20,,,0,89,,1599605,20,,,0,10,,1599608,20,,,0
2902,'20261020',1546,,1599611,20,,,0,71,,1599609,20,,,0,29,,1599612,20,,,0,89,,1599610,20,,,0,10,,1599613,20,,,0
2902,'20261021',1546,,1629500,20,,,0,71,,1629498,20,,,0,29,,1629501,20,,,0,89,,1629499,20,,,0,10,,1629502,20,,,0
2902,'20261022',1546,,1629505,20,,,0,71,,1629503,20,,,0,29,,1629506,20,,,0,89,,1629504,20,,,0,10,,1629507,20,,,0
2902,'20261023',1546,,1629510,20,,,0,71,,1629508,20,,,0,29,,1629511,20,,,0,89,,1629509,20,,,0,10,,1629512,20,,,0
