8500,'20261006',622,,1608880,29,,,0,30,,1608881,29,,,0,69,,1608882,29,,,0,30,,1608883,29,,,0,70,,1608884,29,,,0,31,,1608885,29,,,0,369,,1608886,29,,,0
8500,'20261007',622,,1608887,29,,,0,30,,1608888,29,,,0,69,,1608889,29,,,0,30,,1608890,29,,,0,70,,1608891,29,,,0,31,,1608892,29,,,0,369,,1608893,29,,,0
8500,'20261008',622,,1608894,29,,,0,30,,1608895,29,,,0,69,,1608896,29,,,0,30,,1608897,29,,,0,70,,1608898,29,,,0,31,,1608899,29,,,0,369,,1608900,29,,,0
8500,'20261009',622,,1608901,29,,,0,30,,1608902,29,,,0,69,,1608903,29,,,0,30,,1608904,29,,,0,70,,1608905,29,,,0,31,,1608906,29,,,0,369,,1608907,29,,,0
8500,'20261010',823,,1550919,29,,,0
8500,'20261011',823,,1550920,29,,,0
8500,'20261012',823,,1550921,29,,,0
8500,'20261013',622,,1577170,29,,,0,30,,1577164,29,,,0,69,,1577165,29,,,0,30,,1577166,29,,,0,70,,1577167,29,,,0,31,,1577168,29,,,0,369,,1577169,29,,,0
8500,'20261014',622,,1577177,29,,,0,30,,1577171,29,,,0,69,,1577172,29,,,0,30,,1577173,29,,,0,70,,1577174,29,,,0,31,,1577175,29,,,0,369,,1577176,29,,,0
8500,'20261015',622,,1577184,29,,,0,30,,1577178,29,,,0,69,,1577179,29,,,0,30,,1577180,29,,,0,70,,1577181,29,,,0,31,,1577182,29,,,0,369,,1577183,29,,,0
8500,'20261016',622,,1577191,29,,,0,30,,1577185,29,,,0,69,,1577186,29,,,0,30,,1577187,29,,,0,70,,1577188,29,,,0,31,,1577189,29,,,0,369,,1577190,29,,,0
8500,'20261017',823,,1608908,29,,,0
8500,'20261018',823,,1608909,29,,,0
8500,'20261019',622,,1608916,29,,,0,30,,1608910,29,,,0,69,,1608911,29,,,0,30,,1608912,29,,,0,70,,1608913,29,,,0,31,,1608914,29,,,0,369,,1608915,29,,,0
8500,'20261020',622,,1608923,29,,,0,30,,1608917,29,,,0,69,,1608918,29,,,0,30,,1608919,29,,,0,70,,1608920,29,,,0,31,,1608921,29,,,0,369,,1608922,29,,,0
