8101,'20260929',618,,1550319,13,,,0,29,,1550320,13,,,0,66,,1550321,13,,,0,28,,1550322,13,,,0,76,,1550323,13,,,0,32,,1550324,13,,,0,70,,1550325,13,,,0,100,,1550326,13,,,0,100,,1550327,13,,,0,100,,1550328,13,,,0,100,,1550329,13,,,0,99,,1550330,13,,,0,98,,1550331,13,,,0,28,,1550332,13,,,0,70,,1550333,13,,,0,31,,1550334,13,,,0,71,,1550335,13,,,0,103,,1550336,13,,,0,101,,1550337,13,,,0,100,,1550338,13,,,0,102,,1550339,13,,,0,100,,1550340,13,,,0,100,,1550341,13,,,0
8101,'20260930',618,,1550342,13,,,0,29,,1550343,13,,,0,66,,1550344,13,,,0,28,,1550345,13,,,0,76,,1550346,13,,,0,32,,1550347,13,,,0,70,,1550348,13,,,0,100,,1550349,13,,,0,100,,1550350,13,,,0,100,,1550351,13,,,0,100,,1550352,13,,,0,99,,1550353,13,,,0,98,,1550354,13,,,0,28,,1550355,13,,,0,70,,1550356,13,,,0,31,,1550357,13,,,0,71,,1550358,13,,,0,103,,1550359,13,,,0,101,,1550360,13,,,0,100,,1550361,13,,,0,102,,1550362,13,,,0,100,,1550363,13,,,0,100,,1550364,13,,,0
8101,'20261001',618,,1550365,13,,,0,29,,1550366,13,,,0,66,,1550367,13,,,0,28,,1550368,13,,,0,76,,1550369,13,,,0,32,,1550370,13,,,0,70,,1550371,13,,,0,100,,1550372,13,,,0,100,,1550373,13,,,0,100,,1550374,13,,,0,100,,1550375,13,,,0,99,,1550376,13,,,0,98,,1550377,13,,,0,28,,1550378,13,,,0,70,,1550379,13,,,0,31,,1550380,13,,,0,71,,1550381,13,,,0,103,,1550382,13,,,0,101,,1550383,13,,,0,100,,1550384,13,,,0,102,,1550385,13,,,0,100,,1550386,13,,,0,100,,1550387,13,,,0
8101,'20261002',618,,1473226,13,,,0,29,,1473227,13,,,0,66,,1473228,13,,,0,28,,1473229,13,,,0,76,,1473230,13,,,0,32,,1473231,13,,,0,70,,1473232,13,,,0,100,,1473233,13,,,0,100,,1473234,13,,,0,100,,1473235,13,,,0,100,,1473236,13,,,0,99,,1473237,13,,,0,98,,1473238,13,,,0,28,,1473239,13,,,0,70,,1473240,13,,,0,31,,1473241,13,,,0,71,,1473242,13,,,0,103,,1473243,13,,,0,101,,1473244,13,,,0,100,,1473245,13,,,0,102,,1473246,13,,,0,100,,1473247,13,,,0,100,,1473248,13,,,0
8101,'20261003',622,,1496226,13,,,0,99,,1496227,13,,,0,100,,1496228,13,,,0,100,,1496229,13,,,0,100,,1496230,13,,,0,99,,1496231,13,,,0,100,,1496232,13,,,0,99,,1496233,13,,,0,100,,1496234,13,,,0,100,,1496235,13,,,0,100,,1496236,13,,,0,102,,1496237,13,,,0,100,,1496238,13,,,0,100,,1496239,13,,,0,100,,1496240,13,,,0,100,,1496241,13,,,0,101,,1496242,13,,,0,100,,1496243,13,,,0
8101,'20261004',622,,1496244,13,,,0,99,,1496245,13,,,0,100,,1496246,13,,,0,100,,1496247,13,,,0,100,,1496248,13,,,0,99,,1496249,13,,,0,100,,1496250,13,,,0,99,,1496251,13,,,0,100,,1496252,13,,,0,100,,1496253,13,,,0,100,,1496254,13,,,0,102,,1496255,13,,,0,100,,1496256,13,,,0,100,,1496257,13,,,0,100,,1496258,13,,,0,100,,1496259,13,,,0,101,,1496260,13,,,0,100,,1496261,13,,,0
8101,'20261005',618,,1496262,13,,,0,29,,1496263,13,,,0,66,,1496264,13,,,0,28,,1496265,13,,,0,76,,1496266,13,,,0,32,,1496267,13,,,0,70,,1496268,13,,,0,100,,1496269,13,,,0,100,,1496270,13,,,0,100,,1496271,13,,,0,100,,1496272,13,,,0,99,,1496273,13,,,0,98,,1496274,13,,,0,28,,1496275,13,,,0,70,,1496276,13,,,0,31,,1496277,13,,,0,71,,1496278,13,,,0,103,,1496279,13,,,0,101,,1496280,13,,,0,100,,1496281,13,,,0,102,,1496282,13,,,0,100,,1496283,13,,,0,100,,1496284,13,,,0
8101,'20261006',618,,1523148,13,,,0,29,,1523149,13,,,0,66,,1523150,13,,,0,28,,1523151,13,,,0,76,,1523152,13,,,0,32,,1523153,13,,,0,70,,1523154,13,,,0,100,,1523155,13,,,0,100,,1523156,13,,,0,100,,1523157,13,,,0,100,,1523158,13,,,0,99,,1523159,13,,,0,98,,1523160,13,,,0,28,,1523161,13,,,0,70,,1523162,13,,,0,31,,1523163,13,,,0,71,,1523164,13,,,0,103,,1523165,13,,,0,101,,1523166,13,,,0,100,,1523167,13,,,0,102,,1523168,13,,,0,100,,1523169,13,,,0,100,,1523170,13,,,0
8101,'20261007',618,,1523171,13,,,0,29,,1523172,13,,,0,66,,1523173,13,,,0,28,,1523174,13,,,0,76,,1523175,13,,,0,32,,1523176,13,,,0,70,,1523177,13,,,0,100,,1523178,13,,,0,100,,1523179,13,,,0,100,,1523180,13,,,0,100,,1523181,13,,,0,99,,1523182,13,,,0,98,,1523183,13,,,0,28,,1523184,13,,,0,70,,1523185,13,,,0,31,,1523186,13,,,0,71,,1523187,13,,,0,103,,1523188,13,,,0,101,,1523189,13,,,0,100,,1523190,13,,,0,102,,1523191,13,,,0,100,,1523192,13,,,0,100,,1523193,13,,,0
8101,'20261008',618,,1523194,13,,,0,29,,1523195,13,,,0,66,,1523196,13,,,0,28,,1523197,13,,,0,76,,1523198,13,,,0,32,,1523199,13,,,0,70,,1523200,13,,,0,100,,1523201,13,,,0,100,,1523202,13,,,0,100,,1523203,13,,,0,100,,1523204,13,,,0,99,,1523205,13,,,0,98,,1523206,13,,,0,28,,1523207,13,,,0,70,,1523208,13,,,0,31,,1523209,13,,,0,71,,1523210,13,,,0,103,,1523211,13,,,0,101,,1523212,13,,,0,100,,1523213,13,,,0,102,,1523214,13,,,0,100,,1523215,13,,,0,100,,1523216,13,,,0
8101,'20261009',618,,1523217,13,,,0,29,,1523218,13,,,0,66,,1523219,13,,,0,28,,1523220,13,,,0,76,,1523221,13,,,0,32,,1523222,13,,,0,70,,1523223,13,,,0,100,,1523224,13,,,0,100,,1523225,13,,,0,100,,1523226,13,,,0,100,,1523227,13,,,0,99,,1523228,13,,,0,98,,1523229,13,,,0,28,,1523230,13,,,0,70,,1523231,13,,,0,31,,1523232,13,,,0,71,,1523233,13,,,0,103,,1523234,13,,,0,101,,1523235,13,,,0,100,,1523236,13,,,0,102,,1523237,13,,,0,100,,1523238,13,,,0,100,,1523239,13,,,0
8101,'20261010',622,,1550388,13,,,0,99,,1550389,13,,,0,100,,1550390,13,,,0,100,,1550391,13,,,0,100,,1550392,13,,,0,99,,1550393,13,,,0,100,,1550394,13,,,0,99,,1550395,13,,,0,100,,1550396,13,,,0,100,,1550397,13,,,0,100,,1550398,13,,,0,102,,1550399,13,,,0,100,,1550400,13,,,0,100,,1550401,13,,,0,100,,1550402,13,,,0,100,,1550403,13,,,0,101,,1550404,13,,,0,100,,1550405,13,,,0
8101,'20261011',622,,1550406,13,,,0,99,,1550407,13,,,0,100,,1550408,13,,,0,100,,1550409,13,,,0,100,,1550410,13,,,0,99,,1550411,13,,,0,100,,1550412,13,,,0,99,,1550413,13,,,0,100,,1550414,13,,,0,100,,1550415,13,,,0,100,,1550416,13,,,0,102,,1550417,13,,,0,100,,1550418,13,,,0,100,,1550419,13,,,0,100,,1550420,13,,,0,100,,1550421,13,,,0,101,,1550422,13,,,0,100,,1550423,13,,,0
8101,'20261012',622,,1550424,13,,,0,99,,1550425,13,,,0,100,,1550426,13,,,0,100,,1550427,13,,,0,100,,1550428,13,,,0,99,,1550429,13,,,0,100,,1550430,13,,,0,99,,1550431,13,,,0,100,,1550432,13,,,0,100,,1550433,13,,,0,100,,1550434,13,,,0,102,,1550435,13,,,0,100,,1550436,13,,,0,100,,1550437,13,,,0,100,,1550438,13,,,0,100,,1550439,13,,,0,101,,1550440,13,,,0,100,,1550441,13,,,0
38200,'20260929',1254,,1553783,40,4,,0,452,,1553784,40,4,,0,95,,1553785,40,4,,0,56,,1553786,40,4,,0
38200,'20260930',1254,,1553787,40,4,,0,452,,1553788,40,4,,0,95,,1553789,40,4,,0,56,,1553790,40,4,,0
38200,'20261001',1254,,1553791,40,4,,0,452,,1553792,40,4,,0,95,,1553793,40,4,,0,56,,1553794,40,4,,0
38200,'20261002',1254,,1477103,40,4,,0,452,,1477104,40,4,,0,95,,1477105,40,4,,0,56,,1477106,40,4,,0
38200,'20261005',1254,,1500146,40,4,,0,452,,1500147,40,4,,0,95,,1500148,40,4,,0,56,,1500149,40,4,,0
38200,'20261006',1254,,1528715,40,4,,0,452,,1528716,40,4,,0,95,,1528717,40,4,,0,56,,1528718,40,4,,0
38200,'20261007',1254,,1528719,40,4,,0,452,,1528720,40,4,,0,95,,1528721,40,4,,0,56,,1528722,40,4,,0
38200,'20261008',1254,,1528723,40,4,,0,452,,1528724,40,4,,0,95,,1528725,40,4,,0,56,,1528726,40,4,,0
38200,'20261009',1254,,1528727,40,4,,0,452,,1528728,40,4,,0,95,,1528729,40,4,,0,56,,1528730,40,4,,0
58200,'20260929',1625,,1554147,38,4,,0,23,,1554148,38,4,,0,66,,1554149,38,4,,0,33,,1554150,38,4,,0,68,,1554151,38,4,,0
58200,'20260930',1625,,1554152,38,4,,0,23,,1554153,38,4,,0,66,,1554154,38,4,,0,33,,1554155,38,4,,0,68,,1554156,38,4,,0
58200,'20261001',1625,,1554157,38,4,,0,23,,1554158,38,4,,0,66,,1554159,38,4,,0,33,,1554160,38,4,,0,68,,1554161,38,4,,0
58200,'20261002',1625,,1477657,38,4,,0,23,,1477658,38,4,,0,66,,1477655,38,4,,0,33,,1477656,38,4,,0,68,,1477654,38,4,,0
58200,'20261005',1625,,1500630,38,4,,0,23,,1500631,38,4,,0,66,,1500628,38,4,,0,33,,1500629,38,4,,0,68,,1500627,38,4,,0
58200,'20261006',1625,,1529439,38,4,,0,23,,1529440,38,4,,0,66,,1529437,38,4,,0,33,,1529438,38,4,,0,68,,1529436,38,4,,0
58200,'20261007',1625,,1529444,38,4,,0,23,,1529445,38,4,,0,66,,1529442,38,4,,0,33,,1529443,38,4,,0,68,,1529441,38,4,,0
58200,'20261008',1625,,1529449,38,4,,0,23,,1529450,38,4,,0,66,,1529447,38,4,,0,33,,1529448,38,4,,0,68,,1529446,38,4,,0
58200,'20261009',1625,,1529454,38,4,,0,23,,1529455,38,4,,0,66,,1529452,38,4,,0,33,,1529453,38,4,,0,68,,1529451,38,4,,0
