28400,'20261002',1645,,1580957,39,4,,0,67,,1580958,39,4,,0,29,,1580959,39,4,,0,62,,1580960,39,4,,0,33,,1580961,39,4,,0
28400,'20261005',1645,,1580962,39,4,,0,67,,1580963,39,4,,0,29,,1580964,39,4,,0,62,,1580965,39,4,,0,33,,1580966,39,4,,0
28400,'20261006',1645,,1527691,39,4,,0,67,,1527692,39,4,,0,29,,1527693,39,4,,0,62,,1527694,39,4,,0,33,,1527695,39,4,,0
28400,'20261007',1645,,1527696,39,4,,0,67,,1527697,39,4,,0,29,,1527698,39,4,,0,62,,1527699,39,4,,0,33,,1527700,39,4,,0
28400,'20261008',1645,,1527701,39,4,,0,67,,1527702,39,4,,0,29,,1527703,39,4,,0,62,,1527704,39,4,,0,33,,1527705,39,4,,0
28400,'20261009',1645,,1527706,39,4,,0,67,,1527707,39,4,,0,29,,1527708,39,4,,0,62,,1527709,39,4,,0,33,,1527710,39,4,,0
28400,'20261013',1645,,1580967,39,4,,0,67,,1580968,39,4,,0,29,,1580969,39,4,,0,62,,1580970,39,4,,0,33,,1580971,39,4,,0
28400,'20261014',1645,,1580972,39,4,,0,67,,1580973,39,4,,0,29,,1580974,39,4,,0,62,,1580975,39,4,,0,33,,1580976,39,4,,0
28400,'20261015',1645,,1580977,39,4,,0,67,,1580978,39,4,,0,29,,1580979,39,4,,0,62,,1580980,39,4,,0,33,,1580981,39,4,,0
28400,'20261016',1645,,1580982,39,4,,0,67,,1580983,39,4,,0,29,,1580984,39,4,,0,62,,1580985,39,4,,0,33,,1580986,39,4,,0
38400,'20261002',1624,,1582051,35,4,,0,34,,1582052,35,4,,0,94,,1582053,35,4,,0,150,,1582054,35,4,,0
38400,'20261005',1624,,1582055,35,4,,0,34,,1582056,35,4,,0,94,,1582057,35,4,,0,150,,1582058,35,4,,0
38400,'20261006',1624,,1528786,35,4,,0,34,,1528783,35,4,,0,94,,1528784,35,4,,0,150,,1528785,35,4,,0
38400,'20261007',1624,,1528790,35,4,,0,34,,1528787,35,4,,0,94,,1528788,35,4,,0,150,,1528789,35,4,,0
38400,'20261008',1624,,1528794,35,4,,0,34,,1528791,35,4,,0,94,,1528792,35,4,,0,150,,1528793,35,4,,0
38400,'20261009',1624,,1528798,35,4,,0,34,,1528795,35,4,,0,94,,1528796,35,4,,0,150,,1528797,35,4,,0
38400,'20261013',1624,,1582062,35,4,,0,34,,1582059,35,4,,0,94,,1582060,35,4,,0,150,,1582061,35,4,,0
38400,'20261014',1624,,1582066,35,4,,0,34,,1582063,35,4,,0,94,,1582064,35,4,,0,150,,1582065,35,4,,0
38400,'20261015',1624,,1582070,35,4,,0,34,,1582067,35,4,,0,94,,1582068,35,4,,0,150,,1582069,35,4,,0
38400,'20261016',1624,,1582074,35,4,,0,34,,1582071,35,4,,0,94,,1582072,35,4,,0,150,,1582073,35,4,,0
58400,'20261002',1629,,1582762,33,4,,0,84,,1582763,33,4,,0,24,,1582764,33,4,,0,71,,1582765,33,4,,0
58400,'20261005',1629,,1582766,33,4,,0,84,,1582767,33,4,,0,24,,1582768,33,4,,0,71,,1582769,33,4,,0
58400,'20261006',1629,,1529496,33,4,,0,84,,1529494,33,4,,0,24,,1529495,33,4,,0,71,,1529497,33,4,,0
58400,'20261007',1629,,1529500,33,4,,0,84,,1529498,33,4,,0,24,,1529499,33,4,,0,71,,1529501,33,4,,0
58400,'20261008',1629,,1529504,33,4,,0,84,,1529502,33,4,,0,24,,1529503,33,4,,0,71,,1529505,33,4,,0
58400,'20261009',1629,,1529508,33,4,,0,84,,1529506,33,4,,0,24,,1529507,33,4,,0,71,,1529509,33,4,,0
58400,'20261013',1629,,1582772,33,4,,0,84,,1582770,33,4,,0,24,,1582771,33,4,,0,71,,1582773,33,4,,0
58400,'20261014',1629,,1582776,33,4,,0,84,,1582774,33,4,,0,24,,1582775,33,4,,0,71,,1582777,33,4,,0
58400,'20261015',1629,,1582780,33,4,,0,84,,1582778,33,4,,0,24,,1582779,33,4,,0,71,,1582781,33,4,,0
58400,'20261016',1629,,1582784,33,4,,0,84,,1582782,33,4,,0,24,,1582783,33,4,,0,71,,1582785,33,4,,0
