9301,'20261009',553,,1610535,22,0,31 10 1 32 13,0,50,,1610523,22,0,36 13,0,49,,1610536,22,0,31 10 1 32 13,0,55,,1610537,22,0,31 10 1 32 13,0,15,,1610538,22,0,31 10 1 32 13,0,13,,1610524,22,0,36 13,0,20,,1610539,22,0,31 10 1 32 13,0,69,,1610540,22,0,31 10 1 32 13,0,31,,1610541,22,0,31 10 1 32 13,0,50,,1610525,22,0,36 13,0,22,,1610542,22,0,31 10 1 32 13,0,98,,1610543,22,0,31 10 1 32 13,0,9,,1610526,22,0,36 13,0,89,,1610544,22,0,31 10 1 32 13,0,81,,1610527,22,0,36 13,0,19,,1610545,22,0,31 10 1 32 13,0,100,,1610546,22,0,31 10 1 32 13,0,11,,1610528,22,0,36 13,0,88,,1610547,22,0,31 10 1 32 13,0,82,,1610529,22,0,36 13,0,13,,1610548,22,0,31 10 1 32 13,0,24,,1610549,22,0,31 10 1 32 13,0,69,,1610550,22,0,31 10 1 32 13,0,24,,1610530,22,0,36 13,0,13,,1610551,22,0,31 10 1 32 13,0,77,,1610552,22,0,31 10 1 32 13,0,80,,1610531,22,0,36 13,0,19,,1610553,22,0,31 10 1 32 13,0,101,,1610554,22,0,31 10 1 32 13,0,10,,1610532,22,0,36 13,0,90,,1610555,22,0,31 10 1 32 13,0,79,,1610533,22,0,36 13,0,21,,1610556,22,0,31 10 1 32 13,0,100,,1610557,22,0,31 10 1 32 13,0
9301,'20261010',603,,1637013,22,0,36 13,0,20,,1637024,22,0,31 10 1 32 13,0,99,,1637025,22,0,31 10 1 32 13,0,12,,1637014,22,0,36 13,0,88,,1637026,22,0,31 10 1 32 13,0,82,,1637015,22,0,36 13,0,18,,1637027,22,0,31 10 1 32 13,0,100,,1637028,22,0,31 10 1 32 13,0,12,,1637016,22,0,36 13,0,88,,1637029,22,0,31 10 1 32 13,0,82,,1637017,22,0,36 13,0,18,,1637030,22,0,31 10 1 32 13,0,100,,1637031,22,0,31 10 1 32 13,0,12,,1637018,22,0,36 13,0,88,,1637032,22,0,31 10 1 32 13,0,82,,1637019,22,0,36 13,0,18,,1637033,22,0,31 10 1 32 13,0,100,,1637034,22,0,31 10 1 32 13,0,12,,1637020,22,0,36 13,0,89,,1637035,22,0,31 10 1 32 13,0,81,,1637021,22,0,36 13,0,19,,1637036,22,0,31 10 1 32 13,0,99,,1637037,22,0,31 10 1 32 13,0,12,,1637022,22,0,36 13,0,88,,1637038,22,0,31 10 1 32 13,0,81,,1637023,22,0,36 13,0,119,,1637039,22,0,31 10 1 32 13,0
9301,'20261011',603,,1637040,22,0,36 13,0,20,,1637051,22,0,31 10 1 32 13,0,99,,1637052,22,0,31 10 1 32 13,0,12,,1637041,22,0,36 13,0,88,,1637053,22,0,31 10 1 32 13,0,82,,1637042,22,0,36 13,0,18,,1637054,22,0,31 10 1 32 13,0,100,,1637055,22,0,31 10 1 32 13,0,12,,1637043,22,0,36 13,0,88,,1637056,22,0,31 10 1 32 13,0,82,,1637044,22,0,36 13,0,18,,1637057,22,0,31 10 1 32 13,0,100,,1637058,22,0,31 10 1 32 13,0,12,,1637045,22,0,36 13,0,88,,1637059,22,0,31 10 1 32 13,0,82,,1637046,22,0,36 13,0,18,,1637060,22,0,31 10 1 32 13,0,100,,1637061,22,0,31 10 1 32 13,0,12,,1637047,22,0,36 13,0,89,,1637062,22,0,31 10 1 32 13,0,81,,1637048,22,0,36 13,0,19,,1637063,22,0,31 10 1 32 13,0,99,,1637064,22,0,31 10 1 32 13,0,12,,1637049,22,0,36 13,0,88,,1637065,22,0,31 10 1 32 13,0,81,,1637050,22,0,36 13,0,119,,1637066,22,0,31 10 1 32 13,0
9301,'20261012',603,,1637067,22,0,36 13,0,20,,1637078,22,0,31 10 1 32 13,0,99,,1637079,22,0,31 10 1 32 13,0,12,,1637068,22,0,36 13,0,88,,1637080,22,0,31 10 1 32 13,0,82,,1637069,22,0,36 13,0,18,,1637081,22,0,31 10 1 32 13,0,100,,1637082,22,0,31 10 1 32 13,0,12,,1637070,22,0,36 13,0,88,,1637083,22,0,31 10 1 32 13,0,82,,1637071,22,0,36 13,0,18,,1637084,22,0,31 10 1 32 13,0,100,,1637085,22,0,31 10 1 32 13,0,12,,1637072,22,0,36 13,0,88,,1637086,22,0,31 10 1 32 13,0,82,,1637073,22,0,36 13,0,18,,1637087,22,0,31 10 1 32 13,0,100,,1637088,22,0,31 10 1 32 13,0,12,,1637074,22,0,36 13,0,89,,1637089,22,0,31 10 1 32 13,0,81,,1637075,22,0,36 13,0,19,,1637090,22,0,31 10 1 32 13,0,99,,1637091,22,0,31 10 1 32 13,0,12,,1637076,22,0,36 13,0,88,,1637092,22,0,31 10 1 32 13,0,81,,1637077,22,0,36 13,0,119,,1637093,22,0,31 10 1 32 13,0
9301,'20261013',553,,1578818,22,0,31 10 1 32 13,0,50,,1578826,22,0,36 13,0,49,,1578803,22,0,31 10 1 32 13,0,55,,1578825,22,0,31 10 1 32 13,0,15,,1578804,22,0,31 10 1 32 13,0,13,,1578827,22,0,36 13,0,20,,1578805,22,0,31 10 1 32 13,0,69,,1578806,22,0,31 10 1 32 13,0,31,,1578807,22,0,31 10 1 32 13,0,50,,1578828,22,0,36 13,0,22,,1578816,22,0,31 10 1 32 13,0,98,,1578808,22,0,31 10 1 32 13,0,9,,1578829,22,0,36 13,0,89,,1578821,22,0,31 10 1 32 13,0,81,,1578830,22,0,36 13,0,19,,1578809,22,0,31 10 1 32 13,0,100,,1578822,22,0,31 10 1 32 13,0,11,,1578831,22,0,36 13,0,88,,1578810,22,0,31 10 1 32 13,0,82,,1578832,22,0,36 13,0,13,,1578814,22,0,31 10 1 32 13,0,24,,1578823,22,0,31 10 1 32 13,0,69,,1578811,22,0,31 10 1 32 13,0,24,,1578833,22,0,36 13,0,13,,1578824,22,0,31 10 1 32 13,0,77,,1578817,22,0,31 10 1 32 13,0,80,,1578834,22,0,36 13,0,19,,1578815,22,0,31 10 1 32 13,0,101,,1578819,22,0,31 10 1 32 13,0,10,,1578835,22,0,36 13,0,90,,1578812,22,0,31 10 1 32 13,0,79,,1578836,22,0,36 13,0,21,,1578820,22,0,31 10 1 32 13,0,100,,1578813,22,0,31 10 1 32 13,0
9301,'20261014',553,,1578852,22,0,31 10 1 32 13,0,50,,1578860,22,0,36 13,0,49,,1578837,22,0,31 10 1 32 13,0,55,,1578859,22,0,31 10 1 32 13,0,15,,1578838,22,0,31 10 1 32 13,0,13,,1578861,22,0,36 13,0,20,,1578839,22,0,31 10 1 32 13,0,69,,1578840,22,0,31 10 1 32 13,0,31,,1578841,22,0,31 10 1 32 13,0,50,,1578862,22,0,36 13,0,22,,1578850,22,0,31 10 1 32 13,0,98,,1578842,22,0,31 10 1 32 13,0,9,,1578863,22,0,36 13,0,89,,1578855,22,0,31 10 1 32 13,0,81,,1578864,22,0,36 13,0,19,,1578843,22,0,31 10 1 32 13,0,100,,1578856,22,0,31 10 1 32 13,0,11,,1578865,22,0,36 13,0,88,,1578844,22,0,31 10 1 32 13,0,82,,1578866,22,0,36 13,0,13,,1578848,22,0,31 10 1 32 13,0,24,,1578857,22,0,31 10 1 32 13,0,69,,1578845,22,0,31 10 1 32 13,0,24,,1578867,22,0,36 13,0,13,,1578858,22,0,31 10 1 32 13,0,77,,1578851,22,0,31 10 1 32 13,0,80,,1578868,22,0,36 13,0,19,,1578849,22,0,31 10 1 32 13,0,101,,1578853,22,0,31 10 1 32 13,0,10,,1578869,22,0,36 13,0,90,,1578846,22,0,31 10 1 32 13,0,79,,1578870,22,0,36 13,0,21,,1578854,22,0,31 10 1 32 13,0,100,,1578847,22,0,31 10 1 32 13,0
9301,'20261015',553,,1578886,22,0,31 10 1 32 13,0,50,,1578894,22,0,36 13,0,49,,1578871,22,0,31 10 1 32 13,0,55,,1578893,22,0,31 10 1 32 13,0,15,,1578872,22,0,31 10 1 32 13,0,13,,1578895,22,0,36 13,0,20,,1578873,22,0,31 10 1 32 13,0,69,,1578874,22,0,31 10 1 32 13,0,31,,1578875,22,0,31 10 1 32 13,0,50,,1578896,22,0,36 13,0,22,,1578884,22,0,31 10 1 32 13,0,98,,1578876,22,0,31 10 1 32 13,0,9,,1578897,22,0,36 13,0,89,,1578889,22,0,31 10 1 32 13,0,81,,1578898,22,0,36 13,0,19,,1578877,22,0,31 10 1 32 13,0,100,,1578890,22,0,31 10 1 32 13,0,11,,1578899,22,0,36 13,0,88,,1578878,22,0,31 10 1 32 13,0,82,,1578900,22,0,36 13,0,13,,1578882,22,0,31 10 1 32 13,0,24,,1578891,22,0,31 10 1 32 13,0,69,,1578879,22,0,31 10 1 32 13,0,24,,1578901,22,0,36 13,0,13,,1578892,22,0,31 10 1 32 13,0,77,,1578885,22,0,31 10 1 32 13,0,80,,1578902,22,0,36 13,0,19,,1578883,22,0,31 10 1 32 13,0,101,,1578887,22,0,31 10 1 32 13,0,10,,1578903,22,0,36 13,0,90,,1578880,22,0,31 10 1 32 13,0,79,,1578904,22,0,36 13,0,21,,1578888,22,0,31 10 1 32 13,0,100,,1578881,22,0,31 10 1 32 13,0
9301,'20261016',553,,1578920,22,0,31 10 1 32 13,0,50,,1578928,22,0,36 13,0,49,,1578905,22,0,31 10 1 32 13,0,55,,1578927,22,0,31 10 1 32 13,0,15,,1578906,22,0,31 10 1 32 13,0,13,,1578929,22,0,36 13,0,20,,1578907,22,0,31 10 1 32 13,0,69,,1578908,22,0,31 10 1 32 13,0,31,,1578909,22,0,31 10 1 32 13,0,50,,1578930,22,0,36 13,0,22,,1578918,22,0,31 10 1 32 13,0,98,,1578910,22,0,31 10 1 32 13,0,9,,1578931,22,0,36 13,0,89,,1578923,22,0,31 10 1 32 13,0,81,,1578932,22,0,36 13,0,19,,1578911,22,0,31 10 1 32 13,0,100,,1578924,22,0,31 10 1 32 13,0,11,,1578933,22,0,36 13,0,88,,1578912,22,0,31 10 1 32 13,0,82,,1578934,22,0,36 13,0,13,,1578916,22,0,31 10 1 32 13,0,24,,1578925,22,0,31 10 1 32 13,0,69,,1578913,22,0,31 10 1 32 13,0,24,,1578935,22,0,36 13,0,13,,1578926,22,0,31 10 1 32 13,0,77,,1578919,22,0,31 10 1 32 13,0,80,,1578936,22,0,36 13,0,19,,1578917,22,0,31 10 1 32 13,0,101,,1578921,22,0,31 10 1 32 13,0,10,,1578937,22,0,36 13,0,90,,1578914,22,0,31 10 1 32 13,0,79,,1578938,22,0,36 13,0,21,,1578922,22,0,31 10 1 32 13,0,100,,1578915,22,0,31 10 1 32 13,0
9301,'20261017',603,,1610574,22,0,36 13,0,20,,1610573,22,0,31 10 1 32 13,0,99,,1610563,22,0,31 10 1 32 13,0,12,,1610575,22,0,36 13,0,88,,1610558,22,0,31 10 1 32 13,0,82,,1610576,22,0,36 13,0,18,,1610572,22,0,31 10 1 32 13,0,100,,1610565,22,0,31 10 1 32 13,0,12,,1610577,22,0,36 13,0,88,,1610567,22,0,31 10 1 32 13,0,82,,1610578,22,0,36 13,0,18,,1610559,22,0,31 10 1 32 13,0,100,,1610568,22,0,31 10 1 32 13,0,12,,1610579,22,0,36 13,0,88,,1610566,22,0,31 10 1 32 13,0,82,,1610580,22,0,36 13,0,18,,1610569,22,0,31 10 1 32 13,0,100,,1610560,22,0,31 10 1 32 13,0,12,,1610581,22,0,36 13,0,89,,1610570,22,0,31 10 1 32 13,0,81,,1610582,22,0,36 13,0,19,,1610564,22,0,31 10 1 32 13,0,99,,1610571,22,0,31 10 1 32 13,0,12,,1610583,22,0,36 13,0,88,,1610561,22,0,31 10 1 32 13,0,81,,1610584,22,0,36 13,0,119,,1610562,22,0,31 10 1 32 13,0
9301,'20261018',603,,1610601,22,0,36 13,0,20,,1610600,22,0,31 10 1 32 13,0,99,,1610597,22,0,31 10 1 32 13,0,12,,1610602,22,0,36 13,0,88,,1610590,22,0,31 10 1 32 13,0,82,,1610603,22,0,36 13,0,18,,1610598,22,0,31 10 1 32 13,0,100,,1610585,22,0,31 10 1 32 13,0,12,,1610604,22,0,36 13,0,88,,1610593,22,0,31 10 1 32 13,0,82,,1610605,22,0,36 13,0,18,,1610586,22,0,31 10 1 32 13,0,100,,1610594,22,0,31 10 1 32 13,0,12,,1610606,22,0,36 13,0,88,,1610591,22,0,31 10 1 32 13,0,82,,1610607,22,0,36 13,0,18,,1610595,22,0,31 10 1 32 13,0,100,,1610587,22,0,31 10 1 32 13,0,12,,1610608,22,0,36 13,0,89,,1610596,22,0,31 10 1 32 13,0,81,,1610609,22,0,36 13,0,19,,1610592,22,0,31 10 1 32 13,0,99,,1610599,22,0,31 10 1 32 13,0,12,,1610610,22,0,36 13,0,88,,1610588,22,0,31 10 1 32 13,0,81,,1610611,22,0,36 13,0,119,,1610589,22,0,31 10 1 32 13,0
9301,'20261019',553,,1610627,22,0,31 10 1 32 13,0,50,,1610635,22,0,36 13,0,49,,1610612,22,0,31 10 1 32 13,0,55,,1610634,22,0,31 10 1 32 13,0,15,,1610613,22,0,31 10 1 32 13,0,13,,1610636,22,0,36 13,0,20,,1610614,22,0,31 10 1 32 13,0,69,,1610615,22,0,31 10 1 32 13,0,31,,1610616,22,0,31 10 1 32 13,0,50,,1610637,22,0,36 13,0,22,,1610625,22,0,31 10 1 32 13,0,98,,1610617,22,0,31 10 1 32 13,0,9,,1610638,22,0,36 13,0,89,,1610630,22,0,31 10 1 32 13,0,81,,1610639,22,0,36 13,0,19,,1610618,22,0,31 10 1 32 13,0,100,,1610631,22,0,31 10 1 32 13,0,11,,1610640,22,0,36 13,0,88,,1610619,22,0,31 10 1 32 13,0,82,,1610641,22,0,36 13,0,13,,1610623,22,0,31 10 1 32 13,0,24,,1610632,22,0,31 10 1 32 13,0,69,,1610620,22,0,31 10 1 32 13,0,24,,1610642,22,0,36 13,0,13,,1610633,22,0,31 10 1 32 13,0,77,,1610626,22,0,31 10 1 32 13,0,80,,1610643,22,0,36 13,0,19,,1610624,22,0,31 10 1 32 13,0,101,,1610628,22,0,31 10 1 32 13,0,10,,1610644,22,0,36 13,0,90,,1610621,22,0,31 10 1 32 13,0,79,,1610645,22,0,36 13,0,21,,1610629,22,0,31 10 1 32 13,0,100,,1610622,22,0,31 10 1 32 13,0
9301,'20261020',553,,1610661,22,0,31 10 1 32 13,0,50,,1610669,22,0,36 13,0,49,,1610646,22,0,31 10 1 32 13,0,55,,1610668,22,0,31 10 1 32 13,0,15,,1610647,22,0,31 10 1 32 13,0,13,,1610670,22,0,36 13,0,20,,1610648,22,0,31 10 1 32 13,0,69,,1610649,22,0,31 10 1 32 13,0,31,,1610650,22,0,31 10 1 32 13,0,50,,1610671,22,0,36 13,0,22,,1610659,22,0,31 10 1 32 13,0,98,,1610651,22,0,31 10 1 32 13,0,9,,1610672,22,0,36 13,0,89,,1610664,22,0,31 10 1 32 13,0,81,,1610673,22,0,36 13,0,19,,1610652,22,0,31 10 1 32 13,0,100,,1610665,22,0,31 10 1 32 13,0,11,,1610674,22,0,36 13,0,88,,1610653,22,0,31 10 1 32 13,0,82,,1610675,22,0,36 13,0,13,,1610657,22,0,31 10 1 32 13,0,24,,1610666,22,0,31 10 1 32 13,0,69,,1610654,22,0,31 10 1 32 13,0,24,,1610676,22,0,36 13,0,13,,1610667,22,0,31 10 1 32 13,0,77,,1610660,22,0,31 10 1 32 13,0,80,,1610677,22,0,36 13,0,19,,1610658,22,0,31 10 1 32 13,0,101,,1610662,22,0,31 10 1 32 13,0,10,,1610678,22,0,36 13,0,90,,1610655,22,0,31 10 1 32 13,0,79,,1610679,22,0,36 13,0,21,,1610663,22,0,31 10 1 32 13,0,100,,1610656,22,0,31 10 1 32 13,0
9301,'20261021',553,,1637109,22,0,31 10 1 32 13,0,50,,1637117,22,0,36 13,0,49,,1637094,22,0,31 10 1 32 13,0,55,,1637116,22,0,31 10 1 32 13,0,15,,1637095,22,0,31 10 1 32 13,0,13,,1637118,22,0,36 13,0,20,,1637096,22,0,31 10 1 32 13,0,69,,1637097,22,0,31 10 1 32 13,0,31,,1637098,22,0,31 10 1 32 13,0,50,,1637119,22,0,36 13,0,22,,1637107,22,0,31 10 1 32 13,0,98,,1637099,22,0,31 10 1 32 13,0,9,,1637120,22,0,36 13,0,89,,1637112,22,0,31 10 1 32 13,0,81,,1637121,22,0,36 13,0,19,,1637100,22,0,31 10 1 32 13,0,100,,1637113,22,0,31 10 1 32 13,0,11,,1637122,22,0,36 13,0,88,,1637101,22,0,31 10 1 32 13,0,82,,1637123,22,0,36 13,0,13,,1637105,22,0,31 10 1 32 13,0,24,,1637114,22,0,31 10 1 32 13,0,69,,1637102,22,0,31 10 1 32 13,0,24,,1637124,22,0,36 13,0,13,,1637115,22,0,31 10 1 32 13,0,77,,1637108,22,0,31 10 1 32 13,0,80,,1637125,22,0,36 13,0,19,,1637106,22,0,31 10 1 32 13,0,101,,1637110,22,0,31 10 1 32 13,0,10,,1637126,22,0,36 13,0,90,,1637103,22,0,31 10 1 32 13,0,79,,1637127,22,0,36 13,0,21,,1637111,22,0,31 10 1 32 13,0,100,,1637104,22,0,31 10 1 32 13,0
9301,'20261022',553,,1637143,22,0,31 10 1 32 13,0,50,,1637151,22,0,36 13,0,49,,1637128,22,0,31 10 1 32 13,0,55,,1637150,22,0,31 10 1 32 13,0,15,,1637129,22,0,31 10 1 32 13,0,13,,1637152,22,0,36 13,0,20,,1637130,22,0,31 10 1 32 13,0,69,,1637131,22,0,31 10 1 32 13,0,31,,1637132,22,0,31 10 1 32 13,0,50,,1637153,22,0,36 13,0,22,,1637141,22,0,31 10 1 32 13,0,98,,1637133,22,0,31 10 1 32 13,0,9,,1637154,22,0,36 13,0,89,,1637146,22,0,31 10 1 32 13,0,81,,1637155,22,0,36 13,0,19,,1637134,22,0,31 10 1 32 13,0,100,,1637147,22,0,31 10 1 32 13,0,11,,1637156,22,0,36 13,0,88,,1637135,22,0,31 10 1 32 13,0,82,,1637157,22,0,36 13,0,13,,1637139,22,0,31 10 1 32 13,0,24,,1637148,22,0,31 10 1 32 13,0,69,,1637136,22,0,31 10 1 32 13,0,24,,1637158,22,0,36 13,0,13,,1637149,22,0,31 10 1 32 13,0,77,,1637142,22,0,31 10 1 32 13,0,80,,1637159,22,0,36 13,0,19,,1637140,22,0,31 10 1 32 13,0,101,,1637144,22,0,31 10 1 32 13,0,10,,1637160,22,0,36 13,0,90,,1637137,22,0,31 10 1 32 13,0,79,,1637161,22,0,36 13,0,21,,1637145,22,0,31 10 1 32 13,0,100,,1637138,22,0,31 10 1 32 13,0
9301,'20261023',553,,1637177,22,0,31 10 1 32 13,0,50,,1637185,22,0,36 13,0,49,,1637162,22,0,31 10 1 32 13,0,55,,1637184,22,0,31 10 1 32 13,0,15,,1637163,22,0,31 10 1 32 13,0,13,,1637186,22,0,36 13,0,20,,1637164,22,0,31 10 1 32 13,0,69,,1637165,22,0,31 10 1 32 13,0,31,,1637166,22,0,31 10 1 32 13,0,50,,1637187,22,0,36 13,0,22,,1637175,22,0,31 10 1 32 13,0,98,,1637167,22,0,31 10 1 32 13,0,9,,1637188,22,0,36 13,0,89,,1637180,22,0,31 10 1 32 13,0,81,,1637189,22,0,36 13,0,19,,1637168,22,0,31 10 1 32 13,0,100,,1637181,22,0,31 10 1 32 13,0,11,,1637190,22,0,36 13,0,88,,1637169,22,0,31 10 1 32 13,0,82,,1637191,22,0,36 13,0,13,,1637173,22,0,31 10 1 32 13,0,24,,1637182,22,0,31 10 1 32 13,0,69,,1637170,22,0,31 10 1 32 13,0,24,,1637192,22,0,36 13,0,13,,1637183,22,0,31 10 1 32 13,0,77,,1637176,22,0,31 10 1 32 13,0,80,,1637193,22,0,36 13,0,19,,1637174,22,0,31 10 1 32 13,0,101,,1637178,22,0,31 10 1 32 13,0,10,,1637194,22,0,36 13,0,90,,1637171,22,0,31 10 1 32 13,0,79,,1637195,22,0,36 13,0,21,,1637179,22,0,31 10 1 32 13,0,100,,1637172,22,0,31 10 1 32 13,0
9600,'20261009',650,,1611051,37,,,0,101,,1611052,37,,,0,101,,1611053,37,,,0,100,,1611054,37,,,0,100,,1611055,37,,,0,99,,1611056,37,,,0,100,,1611057,37,,,0,100,,1611058,37,,,0,99,,1611059,37,,,0,99,,1611060,37,,,0,68,,1611061,37,,,0,40,,1611062,37,,,0,65,,1611063,37,,,0,30,,1611064,37,,,0,99,,1611065,37,,,0,100,,1611066,37,,,0,100,,1611067,37,,,0,101,,1611068,37,,,0,100,,1611069,37,,,0
9600,'20261010',719,,1637421,37,,,0,100,,1637422,37,,,0,100,,1637423,37,,,0,100,,1637424,37,,,0,100,,1637425,37,,,0,96,,1637426,37,,,0,100,,1637427,37,,,0,108,,1637428,37,,,0,96,,1637429,37,,,0,96,,1637430,37,,,0,109,,1637431,37,,,0,95,,1637432,37,,,0,100,,1637433,37,,,0,100,,1637434,37,,,0,100,,1637435,37,,,0,100,,1637436,37,,,0
9600,'20261011',719,,1637437,37,,,0,100,,1637438,37,,,0,100,,1637439,37,,,0,100,,1637440,37,,,0,100,,1637441,37,,,0,96,,1637442,37,,,0,100,,1637443,37,,,0,108,,1637444,37,,,0,96,,1637445,37,,,0,96,,1637446,37,,,0,109,,1637447,37,,,0,95,,1637448,37,,,0,100,,1637449,37,,,0,100,,1637450,37,,,0,100,,1637451,37,,,0,100,,1637452,37,,,0
9600,'20261012',719,,1637453,37,,,0,100,,1637454,37,,,0,100,,1637455,37,,,0,100,,1637456,37,,,0,100,,1637457,37,,,0,96,,1637458,37,,,0,100,,1637459,37,,,0,108,,1637460,37,,,0,96,,1637461,37,,,0,96,,1637462,37,,,0,109,,1637463,37,,,0,95,,1637464,37,,,0,100,,1637465,37,,,0,100,,1637466,37,,,0,100,,1637467,37,,,0,100,,1637468,37,,,0
9600,'20261013',650,,1579321,37,,,0,101,,1579322,37,,,0,101,,1579323,37,,,0,100,,1579324,37,,,0,100,,1579325,37,,,0,99,,1579326,37,,,0,100,,1579327,37,,,0,100,,1579328,37,,,0,99,,1579329,37,,,0,99,,1579330,37,,,0,68,,1579331,37,,,0,40,,1579332,37,,,0,65,,1579333,37,,,0,30,,1579339,37,,,0,99,,1579334,37,,,0,100,,1579335,37,,,0,100,,1579336,37,,,0,101,,1579337,37,,,0,100,,1579338,37,,,0
9600,'20261014',650,,1579340,37,,,0,101,,1579341,37,,,0,101,,1579342,37,,,0,100,,1579343,37,,,0,100,,1579344,37,,,0,99,,1579345,37,,,0,100,,1579346,37,,,0,100,,1579347,37,,,0,99,,1579348,37,,,0,99,,1579349,37,,,0,68,,1579350,37,,,0,40,,1579351,37,,,0,65,,1579352,37,,,0,30,,1579358,37,,,0,99,,1579353,37,,,0,100,,1579354,37,,,0,100,,1579355,37,,,0,101,,1579356,37,,,0,100,,1579357,37,,,0
9600,'20261015',650,,1579359,37,,,0,101,,1579360,37,,,0,101,,1579361,37,,,0,100,,1579362,37,,,0,100,,1579363,37,,,0,99,,1579364,37,,,0,100,,1579365,37,,,0,100,,1579366,37,,,0,99,,1579367,37,,,0,99,,1579368,37,,,0,68,,1579369,37,,,0,40,,1579370,37,,,0,65,,1579371,37,,,0,30,,1579377,37,,,0,99,,1579372,37,,,0,100,,1579373,37,,,0,100,,1579374,37,,,0,101,,1579375,37,,,0,100,,1579376,37,,,0
9600,'20261016',650,,1579378,37,,,0,101,,1579379,37,,,0,101,,1579380,37,,,0,100,,1579381,37,,,0,100,,1579382,37,,,0,99,,1579383,37,,,0,100,,1579384,37,,,0,100,,1579385,37,,,0,99,,1579386,37,,,0,99,,1579387,37,,,0,68,,1579388,37,,,0,40,,1579389,37,,,0,65,,1579390,37,,,0,30,,1579396,37,,,0,99,,1579391,37,,,0,100,,1579392,37,,,0,100,,1579393,37,,,0,101,,1579394,37,,,0,100,,1579395,37,,,0
9600,'20261017',719,,1611085,37,,,0,100,,1611070,37,,,0,100,,1611071,37,,,0,100,,1611072,37,,,0,100,,1611073,37,,,0,96,,1611074,37,,,0,100,,1611075,37,,,0,108,,1611076,37,,,0,96,,1611077,37,,,0,96,,1611078,37,,,0,109,,1611079,37,,,0,95,,1611080,37,,,0,100,,1611081,37,,,0,100,,1611082,37,,,0,100,,1611083,37,,,0,100,,1611084,37,,,0
9600,'20261018',719,,1611086,37,,,0,100,,1611087,37,,,0,100,,1611088,37,,,0,100,,1611089,37,,,0,100,,1611090,37,,,0,96,,1611091,37,,,0,100,,1611092,37,,,0,108,,1611093,37,,,0,96,,1611094,37,,,0,96,,1611095,37,,,0,109,,1611096,37,,,0,95,,1611097,37,,,0,100,,1611098,37,,,0,100,,1611099,37,,,0,100,,1611100,37,,,0,100,,1611101,37,,,0
9600,'20261019',650,,1611102,37,,,0,101,,1611103,37,,,0,101,,1611104,37,,,0,100,,1611105,37,,,0,100,,1611106,37,,,0,99,,1611107,37,,,0,100,,1611108,37,,,0,100,,1611109,37,,,0,99,,1611110,37,,,0,99,,1611111,37,,,0,68,,1611112,37,,,0,40,,1611113,37,,,0,65,,1611114,37,,,0,30,,1611120,37,,,0,99,,1611115,37,,,0,100,,1611116,37,,,0,100,,1611117,37,,,0,101,,1611118,37,,,0,100,,1611119,37,,,0
9600,'20261020',650,,1611121,37,,,0,101,,1611122,37,,,0,101,,1611123,37,,,0,100,,1611124,37,,,0,100,,1611125,37,,,0,99,,1611126,37,,,0,100,,1611127,37,,,0,100,,1611128,37,,,0,99,,1611129,37,,,0,99,,1611130,37,,,0,68,,1611131,37,,,0,40,,1611132,37,,,0,65,,1611133,37,,,0,30,,1611139,37,,,0,99,,1611134,37,,,0,100,,1611135,37,,,0,100,,1611136,37,,,0,101,,1611137,37,,,0,100,,1611138,37,,,0
9600,'20261021',650,,1637469,37,,,0,101,,1637470,37,,,0,101,,1637471,37,,,0,100,,1637472,37,,,0,100,,1637473,37,,,0,99,,1637474,37,,,0,100,,1637475,37,,,0,100,,1637476,37,,,0,99,,1637477,37,,,0,99,,1637478,37,,,0,68,,1637479,37,,,0,40,,1637480,37,,,0,65,,1637481,37,,,0,30,,1637487,37,,,0,99,,1637482,37,,,0,100,,1637483,37,,,0,100,,1637484,37,,,0,101,,1637485,37,,,0,100,,1637486,37,,,0
9600,'20261022',650,,1637488,37,,,0,101,,1637489,37,,,0,101,,1637490,37,,,0,100,,1637491,37,,,0,100,,1637492,37,,,0,99,,1637493,37,,,0,100,,1637494,37,,,0,100,,1637495,37,,,0,99,,1637496,37,,,0,99,,1637497,37,,,0,68,,1637498,37,,,0,40,,1637499,37,,,0,65,,1637500,37,,,0,30,,1637506,37,,,0,99,,1637501,37,,,0,100,,1637502,37,,,0,100,,1637503,37,,,0,101,,1637504,37,,,0,100,,1637505,37,,,0
9600,'20261023',650,,1637507,37,,,0,101,,1637508,37,,,0,101,,1637509,37,,,0,100,,1637510,37,,,0,100,,1637511,37,,,0,99,,1637512,37,,,0,100,,1637513,37,,,0,100,,1637514,37,,,0,99,,1637515,37,,,0,99,,1637516,37,,,0,68,,1637517,37,,,0,40,,1637518,37,,,0,65,,1637519,37,,,0,30,,1637525,37,,,0,99,,1637520,37,,,0,100,,1637521,37,,,0,100,,1637522,37,,,0,101,,1637523,37,,,0,100,,1637524,37,,,0
28302,'20261009',633,,1612671,19,,,0,25,,1612672,19,,,0,69,,1612673,19,,,0
28302,'20261013',633,,1580923,19,,,0,25,,1580921,19,,,0,69,,1580922,19,,,0
28302,'20261014',633,,1580926,19,,,0,25,,1580924,19,,,0,69,,1580925,19,,,0
28302,'20261015',633,,1580929,19,,,0,25,,1580927,19,,,0,69,,1580928,19,,,0
28302,'20261016',633,,1580932,19,,,0,25,,1580930,19,,,0,69,,1580931,19,,,0
28302,'20261019',633,,1612676,19,,,0,25,,1612674,19,,,0,69,,1612675,19,,,0
28302,'20261020',633,,1612679,19,,,0,25,,1612677,19,,,0,69,,1612678,19,,,0
28302,'20261021',633,,1638317,19,,,0,25,,1638315,19,,,0,69,,1638316,19,,,0
28302,'20261022',633,,1638320,19,,,0,25,,1638318,19,,,0,69,,1638319,19,,,0
28302,'20261023',633,,1638323,19,,,0,25,,1638321,19,,,0,69,,1638322,19,,,0
