1102,'20260929',625,,1542223,32,,,1,16,,1542224,32,,,1,12,,1542225,32,,,1,48,,1542226,32,,,1,11,,1542227,32,,,1,12,,1542228,32,,,1,8,,1542222,32,,,1,3,,1542229,32,,,1,12,,1542230,32,,,1,12,,1542231,32,,,1,55,,1542232,32,,,1,12,,1542233,32,,,1,15,,1542234,32,,,1,16,,1542235,32,,,1,71,,1542236,32,,,1,30,,1542237,32,,,1,69,,1542238,32,,,1,30,,1542239,32,,,1,70,,1542240,32,,,1,30,,1542241,32,,,1,71,,1542242,32,,,1,30,,1542243,32,,,1,70,,1542244,32,,,1,30,,1542245,32,,,1,69,,1542246,32,,,1,29,,1542247,32,,,1,54,,1542248,32,,,1,15,,1542249,32,,,1,15,,1542250,32,,,1,15,,1542251,32,,,1,56,,1542252,32,,,1,14,,1542253,32,,,1,17,,1542254,32,,,1,15,,1542255,32,,,1,70,,1542256,32,,,1,29,,1542257,32,,,1,71,,1542258,32,,,1,29,,1542259,32,,,1,69,,1542260,32,,,1,29,,1542261,32,,,1,99,,1542262,32,,,1,99,,1542263,32,,,1,99,,1542264,32,,,1,100,,1542265,32,,,1
1102,'20260930',625,,1542267,32,,,1,16,,1542268,32,,,1,12,,1542269,32,,,1,48,,1542270,32,,,1,11,,1542271,32,,,1,12,,1542272,32,,,1,8,,1542266,32,,,1,3,,1542273,32,,,1,12,,1542274,32,,,1,12,,1542275,32,,,1,55,,1542276,32,,,1,12,,1542277,32,,,1,15,,1542278,32,,,1,16,,1542279,32,,,1,71,,1542280,32,,,1,30,,1542281,32,,,1,69,,1542282,32,,,1,30,,1542283,32,,,1,70,,1542284,32,,,1,30,,1542285,32,,,1,71,,1542286,32,,,1,30,,1542287,32,,,1,70,,1542288,32,,,1,30,,1542289,32,,,1,69,,1542290,32,,,1,29,,1542291,32,,,1,54,,1542292,32,,,1,15,,1542293,32,,,1,15,,1542294,32,,,1,15,,1542295,32,,,1,56,,1542296,32,,,1,14,,1542297,32,,,1,17,,1542298,32,,,1,15,,1542299,32,,,1,70,,1542300,32,,,1,29,,1542301,32,,,1,71,,1542302,32,,,1,29,,1542303,32,,,1,69,,1542304,32,,,1,29,,1542305,32,,,1,99,,1542306,32,,,1,99,,1542307,32,,,1,99,,1542308,32,,,1,100,,1542309,32,,,1
1102,'20261001',625,,1542311,32,,,1,16,,1542312,32,,,1,12,,1542313,32,,,1,48,,1542314,32,,,1,11,,1542315,32,,,1,12,,1542316,32,,,1,8,,1542310,32,,,1,3,,1542317,32,,,1,12,,1542318,32,,,1,12,,1542319,32,,,1,55,,1542320,32,,,1,12,,1542321,32,,,1,15,,1542322,32,,,1,16,,1542323,32,,,1,71,,1542324,32,,,1,30,,1542325,32,,,1,69,,1542326,32,,,1,30,,1542327,32,,,1,70,,1542328,32,,,1,30,,1542329,32,,,1,71,,1542330,32,,,1,30,,1542331,32,,,1,70,,1542332,32,,,1,30,,1542333,32,,,1,69,,1542334,32,,,1,29,,1542335,32,,,1,54,,1542336,32,,,1,15,,1542337,32,,,1,15,,1542338,32,,,1,15,,1542339,32,,,1,56,,1542340,32,,,1,14,,1542341,32,,,1,17,,1542342,32,,,1,15,,1542343,32,,,1,70,,1542344,32,,,1,29,,1542345,32,,,1,71,,1542346,32,,,1,29,,1542347,32,,,1,69,,1542348,32,,,1,29,,1542349,32,,,1,99,,1542350,32,,,1,99,,1542351,32,,,1,99,,1542352,32,,,1,100,,1542353,32,,,1
1102,'20261002',625,,1464771,32,,,1,16,,1464775,32,,,1,12,,1464780,32,,,1,48,,1464773,32,,,1,11,,1464769,32,,,1,12,,1464772,32,,,1,11,,1464767,32,,,1,12,,1464766,32,,,1,12,,1464768,32,,,1,55,,1464770,32,,,1,12,,1464781,32,,,1,15,,1464774,32,,,1,16,,1464776,32,,,1,71,,1464778,32,,,1,30,,1464777,32,,,1,69,,1464779,32,,,1,30,,1464801,32,,,1,70,,1464786,32,,,1,30,,1464798,32,,,1,71,,1464803,32,,,1,30,,1464785,32,,,1,70,,1464789,32,,,1,30,,1464799,32,,,1,69,,1464800,32,,,1,29,,1464792,32,,,1,54,,1464802,32,,,1,15,,1464795,32,,,1,15,,1464782,32,,,1,15,,1464804,32,,,1,56,,1464783,32,,,1,14,,1464787,32,,,1,17,,1464805,32,,,1,15,,1464784,32,,,1,70,,1464793,32,,,1,29,,1464797,32,,,1,71,,1464788,32,,,1,29,,1464807,32,,,1,69,,1464796,32,,,1,29,,1464790,32,,,1,99,,1464794,32,,,1,99,,1464806,32,,,1,99,,1464791,32,,,1,100,,1464808,32,,,1
1102,'20261003',555,,1487766,32,,,1,100,,1487767,32,,,1,100,,1487768,32,,,1,70,,1487769,32,,,1,30,,1487770,32,,,1,71,,1487771,32,,,1,30,,1487772,32,,,1,70,,1487773,32,,,1,30,,1487774,32,,,1,70,,1487775,32,,,1,30,,1487776,32,,,1,70,,1487777,32,,,1,29,,1487778,32,,,1,72,,1487779,32,,,1,28,,1487780,32,,,1,70,,1487781,32,,,1,29,,1487782,32,,,1,74,,1487783,32,,,1,27,,1487784,32,,,1,72,,1487785,32,,,1,30,,1487786,32,,,1,71,,1487787,32,,,1,30,,1487788,32,,,1,70,,1487794,32,,,1,29,,1487789,32,,,1,70,,1487793,32,,,1,29,,1487790,32,,,1,99,,1487791,32,,,1,100,,1487792,32,,,1,100,,1487765,32,,,1,100,,1487795,32,,,1
1102,'20261004',555,,1487797,32,,,1,100,,1487798,32,,,1,100,,1487799,32,,,1,70,,1487800,32,,,1,30,,1487801,32,,,1,71,,1487802,32,,,1,30,,1487803,32,,,1,70,,1487804,32,,,1,30,,1487805,32,,,1,70,,1487806,32,,,1,30,,1487807,32,,,1,70,,1487808,32,,,1,29,,1487809,32,,,1,72,,1487810,32,,,1,28,,1487811,32,,,1,70,,1487812,32,,,1,29,,1487813,32,,,1,74,,1487814,32,,,1,27,,1487815,32,,,1,72,,1487816,32,,,1,30,,1487817,32,,,1,71,,1487818,32,,,1,30,,1487819,32,,,1,70,,1487820,32,,,1,29,,1487822,32,,,1,70,,1487821,32,,,1,29,,1487823,32,,,1,99,,1487824,32,,,1,100,,1487825,32,,,1,100,,1487826,32,,,1,100,,1487796,32,,,1
1102,'20261005',625,,1487832,32,,,1,16,,1487836,32,,,1,12,,1487841,32,,,1,48,,1487834,32,,,1,11,,1487830,32,,,1,12,,1487833,32,,,1,11,,1487828,32,,,1,12,,1487827,32,,,1,12,,1487829,32,,,1,55,,1487831,32,,,1,12,,1487842,32,,,1,15,,1487835,32,,,1,16,,1487837,32,,,1,71,,1487839,32,,,1,30,,1487838,32,,,1,69,,1487840,32,,,1,30,,1487862,32,,,1,70,,1487847,32,,,1,30,,1487859,32,,,1,71,,1487864,32,,,1,30,,1487846,32,,,1,70,,1487850,32,,,1,30,,1487860,32,,,1,69,,1487861,32,,,1,29,,1487853,32,,,1,54,,1487863,32,,,1,15,,1487856,32,,,1,15,,1487843,32,,,1,15,,1487865,32,,,1,56,,1487844,32,,,1,14,,1487848,32,,,1,17,,1487866,32,,,1,15,,1487845,32,,,1,70,,1487854,32,,,1,29,,1487858,32,,,1,71,,1487849,32,,,1,29,,1487868,32,,,1,69,,1487857,32,,,1,29,,1487851,32,,,1,99,,1487855,32,,,1,99,,1487867,32,,,1,99,,1487852,32,,,1,100,,1487869,32,,,1
1102,'20261006',625,,1511504,32,,,1,16,,1511508,32,,,1,12,,1511513,32,,,1,48,,1511506,32,,,1,11,,1511502,32,,,1,12,,1511505,32,,,1,11,,1511500,32,,,1,12,,1511499,32,,,1,12,,1511501,32,,,1,55,,1511503,32,,,1,12,,1511514,32,,,1,15,,1511507,32,,,1,16,,1511509,32,,,1,71,,1511511,32,,,1,30,,1511510,32,,,1,69,,1511512,32,,,1,30,,1511534,32,,,1,70,,1511519,32,,,1,30,,1511531,32,,,1,71,,1511536,32,,,1,30,,1511518,32,,,1,70,,1511522,32,,,1,30,,1511532,32,,,1,69,,1511533,32,,,1,29,,1511525,32,,,1,54,,1511535,32,,,1,15,,1511528,32,,,1,15,,1511515,32,,,1,15,,1511537,32,,,1,56,,1511516,32,,,1,14,,1511520,32,,,1,17,,1511538,32,,,1,15,,1511517,32,,,1,70,,1511526,32,,,1,29,,1511530,32,,,1,71,,1511521,32,,,1,29,,1511540,32,,,1,69,,1511529,32,,,1,29,,1511523,32,,,1,99,,1511527,32,,,1,99,,1511539,32,,,1,99,,1511524,32,,,1,100,,1511541,32,,,1
1102,'20261007',625,,1511547,32,,,1,16,,1511551,32,,,1,12,,1511556,32,,,1,48,,1511549,32,,,1,11,,1511545,32,,,1,12,,1511548,32,,,1,11,,1511543,32,,,1,12,,1511542,32,,,1,12,,1511544,32,,,1,55,,1511546,32,,,1,12,,1511557,32,,,1,15,,1511550,32,,,1,16,,1511552,32,,,1,71,,1511554,32,,,1,30,,1511553,32,,,1,69,,1511555,32,,,1,30,,1511577,32,,,1,70,,1511562,32,,,1,30,,1511574,32,,,1,71,,1511579,32,,,1,30,,1511561,32,,,1,70,,1511565,32,,,1,30,,1511575,32,,,1,69,,1511576,32,,,1,29,,1511568,32,,,1,54,,1511578,32,,,1,15,,1511571,32,,,1,15,,1511558,32,,,1,15,,1511580,32,,,1,56,,1511559,32,,,1,14,,1511563,32,,,1,17,,1511581,32,,,1,15,,1511560,32,,,1,70,,1511569,32,,,1,29,,1511573,32,,,1,71,,1511564,32,,,1,29,,1511583,32,,,1,69,,1511572,32,,,1,29,,1511566,32,,,1,99,,1511570,32,,,1,99,,1511582,32,,,1,99,,1511567,32,,,1,100,,1511584,32,,,1
1102,'20261008',625,,1511590,32,,,1,16,,1511594,32,,,1,12,,1511599,32,,,1,48,,1511592,32,,,1,11,,1511588,32,,,1,12,,1511591,32,,,1,11,,1511586,32,,,1,12,,1511585,32,,,1,12,,1511587,32,,,1,55,,1511589,32,,,1,12,,1511600,32,,,1,15,,1511593,32,,,1,16,,1511595,32,,,1,71,,1511597,32,,,1,30,,1511596,32,,,1,69,,1511598,32,,,1,30,,1511620,32,,,1,70,,1511605,32,,,1,30,,1511617,32,,,1,71,,1511622,32,,,1,30,,1511604,32,,,1,70,,1511608,32,,,1,30,,1511618,32,,,1,69,,1511619,32,,,1,29,,1511611,32,,,1,54,,1511621,32,,,1,15,,1511614,32,,,1,15,,1511601,32,,,1,15,,1511623,32,,,1,56,,1511602,32,,,1,14,,1511606,32,,,1,17,,1511624,32,,,1,15,,1511603,32,,,1,70,,1511612,32,,,1,29,,1511616,32,,,1,71,,1511607,32,,,1,29,,1511626,32,,,1,69,,1511615,32,,,1,29,,1511609,32,,,1,99,,1511613,32,,,1,99,,1511625,32,,,1,99,,1511610,32,,,1,100,,1511627,32,,,1
1102,'20261009',625,,1511633,32,,,1,16,,1511637,32,,,1,12,,1511642,32,,,1,48,,1511635,32,,,1,11,,1511631,32,,,1,12,,1511634,32,,,1,11,,1511629,32,,,1,12,,1511628,32,,,1,12,,1511630,32,,,1,55,,1511632,32,,,1,12,,1511643,32,,,1,15,,1511636,32,,,1,16,,1511638,32,,,1,71,,1511640,32,,,1,30,,1511639,32,,,1,69,,1511641,32,,,1,30,,1511663,32,,,1,70,,1511648,32,,,1,30,,1511660,32,,,1,71,,1511665,32,,,1,30,,1511647,32,,,1,70,,1511651,32,,,1,30,,1511661,32,,,1,69,,1511662,32,,,1,29,,1511654,32,,,1,54,,1511664,32,,,1,15,,1511657,32,,,1,15,,1511644,32,,,1,15,,1511666,32,,,1,56,,1511645,32,,,1,14,,1511649,32,,,1,17,,1511667,32,,,1,15,,1511646,32,,,1,70,,1511655,32,,,1,29,,1511659,32,,,1,71,,1511650,32,,,1,29,,1511669,32,,,1,69,,1511658,32,,,1,29,,1511652,32,,,1,99,,1511656,32,,,1,99,,1511668,32,,,1,99,,1511653,32,,,1,100,,1511670,32,,,1
1102,'20261010',555,,1542355,32,,,1,100,,1542356,32,,,1,100,,1542357,32,,,1,70,,1542358,32,,,1,30,,1542359,32,,,1,71,,1542360,32,,,1,30,,1542361,32,,,1,70,,1542362,32,,,1,30,,1542363,32,,,1,70,,1542364,32,,,1,30,,1542365,32,,,1,70,,1542366,32,,,1,29,,1542367,32,,,1,72,,1542368,32,,,1,28,,1542369,32,,,1,70,,1542370,32,,,1,29,,1542371,32,,,1,74,,1542372,32,,,1,27,,1542373,32,,,1,72,,1542374,32,,,1,30,,1542375,32,,,1,71,,1542376,32,,,1,30,,1542377,32,,,1,70,,1542383,32,,,1,29,,1542378,32,,,1,70,,1542382,32,,,1,29,,1542379,32,,,1,99,,1542380,32,,,1,100,,1542381,32,,,1,100,,1542354,32,,,1,100,,1542384,32,,,1
1102,'20261011',555,,1542386,32,,,1,100,,1542387,32,,,1,100,,1542388,32,,,1,70,,1542389,32,,,1,30,,1542390,32,,,1,71,,1542391,32,,,1,30,,1542392,32,,,1,70,,1542393,32,,,1,30,,1542394,32,,,1,70,,1542395,32,,,1,30,,1542396,32,,,1,70,,1542397,32,,,1,29,,1542398,32,,,1,72,,1542399,32,,,1,28,,1542400,32,,,1,70,,1542401,32,,,1,29,,1542402,32,,,1,74,,1542403,32,,,1,27,,1542404,32,,,1,72,,1542405,32,,,1,30,,1542406,32,,,1,71,,1542407,32,,,1,30,,1542408,32,,,1,70,,1542409,32,,,1,29,,1542411,32,,,1,70,,1542410,32,,,1,29,,1542412,32,,,1,99,,1542413,32,,,1,100,,1542414,32,,,1,100,,1542415,32,,,1,100,,1542385,32,,,1
1102,'20261012',555,,1542417,32,,,1,100,,1542418,32,,,1,100,,1542419,32,,,1,70,,1542420,32,,,1,30,,1542421,32,,,1,71,,1542422,32,,,1,30,,1542423,32,,,1,70,,1542424,32,,,1,30,,1542425,32,,,1,70,,1542426,32,,,1,30,,1542427,32,,,1,70,,1542428,32,,,1,29,,1542429,32,,,1,72,,1542430,32,,,1,28,,1542431,32,,,1,70,,1542432,32,,,1,29,,1542433,32,,,1,74,,1542434,32,,,1,27,,1542435,32,,,1,72,,1542436,32,,,1,30,,1542437,32,,,1,71,,1542438,32,,,1,30,,1542439,32,,,1,70,,1542440,32,,,1,29,,1542442,32,,,1,70,,1542441,32,,,1,29,,1542443,32,,,1,99,,1542444,32,,,1,100,,1542445,32,,,1,100,,1542446,32,,,1,100,,1542416,32,,,1
