9003,'20261002',1544,,1577751,9,,,0,70,,1577752,9,,,0,29,,1577753,9,,,0,2,,1577754,9,,,0,69,,1577755,9,,,0,30,,1577756,9,,,0
9003,'20261005',1544,,1577757,9,,,0,70,,1577758,9,,,0,29,,1577759,9,,,0,2,,1577760,9,,,0,69,,1577761,9,,,0,30,,1577762,9,,,0
9003,'20261006',1544,,1524494,9,,,0,70,,1524495,9,,,0,29,,1524499,9,,,0,2,,1524496,9,,,0,69,,1524497,9,,,0,30,,1524498,9,,,0
9003,'20261007',1544,,1524500,9,,,0,70,,1524501,9,,,0,29,,1524505,9,,,0,2,,1524502,9,,,0,69,,1524503,9,,,0,30,,1524504,9,,,0
9003,'20261008',1544,,1524506,9,,,0,70,,1524507,9,,,0,29,,1524511,9,,,0,2,,1524508,9,,,0,69,,1524509,9,,,0,30,,1524510,9,,,0
9003,'20261009',1544,,1524512,9,,,0,70,,1524513,9,,,0,29,,1524517,9,,,0,2,,1524514,9,,,0,69,,1524515,9,,,0,30,,1524516,9,,,0
9003,'20261013',1544,,1577763,9,,,0,70,,1577764,9,,,0,29,,1577768,9,,,0,2,,1577765,9,,,0,69,,1577766,9,,,0,30,,1577767,9,,,0
9003,'20261014',1544,,1577769,9,,,0,70,,1577770,9,,,0,29,,1577774,9,,,0,2,,1577771,9,,,0,69,,1577772,9,,,0,30,,1577773,9,,,0
9003,'20261015',1544,,1577775,9,,,0,70,,1577776,9,,,0,29,,1577780,9,,,0,2,,1577777,9,,,0,69,,1577778,9,,,0,30,,1577779,9,,,0
9003,'20261016',1544,,1577781,9,,,0,70,,1577782,9,,,0,29,,1577786,9,,,0,2,,1577783,9,,,0,69,,1577784,9,,,0,30,,1577785,9,,,0
9103,'20261002',629,,1577950,31,,,0,100,,1577951,31,,,0,101,,1577952,31,,,0,101,,1577953,31,,,0,100,,1577954,31,,,0,100,,1577955,31,,,0,100,,1577956,31,,,0,100,,1577957,31,,,0,99,,1577958,31,,,0,98,,1577959,31,,,0,29,,1577960,31,,,0,70,,1577961,31,,,0,32,,1577962,31,,,0,75,,1577963,31,,,0,70,,1577964,31,,,0,26,,1577965,31,,,0,100,,1577966,31,,,0,100,,1577967,31,,,0,99,,1577968,31,,,0,100,,1577969,31,,,0,98,,1577970,31,,,0
9103,'20261003',623,,1577971,31,,,0,100,,1577972,31,,,0,101,,1577973,31,,,0,100,,1577974,31,,,0,100,,1577975,31,,,0,101,,1577976,31,,,0,100,,1577977,31,,,0,99,,1577978,31,,,0,100,,1577979,31,,,0,100,,1577980,31,,,0,100,,1577981,31,,,0,100,,1577982,31,,,0,100,,1577983,31,,,0,98,,1577984,31,,,0,101,,1577985,31,,,0,100,,1577986,31,,,0,100,,1577987,31,,,0,100,,1577988,31,,,0
9103,'20261004',623,,1577989,31,,,0,100,,1577990,31,,,0,101,,1577991,31,,,0,100,,1577992,31,,,0,100,,1577993,31,,,0,101,,1577994,31,,,0,100,,1577995,31,,,0,99,,1577996,31,,,0,100,,1577997,31,,,0,100,,1577998,31,,,0,100,,1577999,31,,,0,100,,1578000,31,,,0,100,,1578001,31,,,0,98,,1578002,31,,,0,101,,1578003,31,,,0,100,,1578004,31,,,0,100,,1578005,31,,,0,100,,1578006,31,,,0
9103,'20261005',629,,1578008,31,,,0,100,,1578009,31,,,0,101,,1578010,31,,,0,101,,1578011,31,,,0,100,,1578012,31,,,0,100,,1578013,31,,,0,100,,1578014,31,,,0,100,,1578015,31,,,0,99,,1578016,31,,,0,98,,1578017,31,,,0,29,,1578018,31,,,0,70,,1578019,31,,,0,32,,1578020,31,,,0,75,,1578021,31,,,0,70,,1578022,31,,,0,26,,1578023,31,,,0,100,,1578024,31,,,0,100,,1578025,31,,,0,99,,1578026,31,,,0,100,,1578027,31,,,0,98,,1578028,31,,,0
9103,'20261006',629,,1524759,31,,,0,100,,1524760,31,,,0,101,,1524761,31,,,0,101,,1524762,31,,,0,100,,1524763,31,,,0,100,,1524764,31,,,0,100,,1524765,31,,,0,100,,1524766,31,,,0,99,,1524767,31,,,0,98,,1524768,31,,,0,29,,1524769,31,,,0,70,,1524770,31,,,0,32,,1524771,31,,,0,75,,1524772,31,,,0,70,,1524773,31,,,0,26,,1524774,31,,,0,100,,1524775,31,,,0,100,,1524776,31,,,0,99,,1524777,31,,,0,100,,1524778,31,,,0,98,,1524779,31,,,0
9103,'20261007',629,,1524780,31,,,0,100,,1524781,31,,,0,101,,1524782,31,,,0,101,,1524783,31,,,0,100,,1524784,31,,,0,100,,1524785,31,,,0,100,,1524786,31,,,0,100,,1524787,31,,,0,99,,1524788,31,,,0,98,,1524789,31,,,0,29,,1524790,31,,,0,70,,1524791,31,,,0,32,,1524792,31,,,0,75,,1524793,31,,,0,70,,1524794,31,,,0,26,,1524795,31,,,0,100,,1524796,31,,,0,100,,1524797,31,,,0,99,,1524798,31,,,0,100,,1524799,31,,,0,98,,1524800,31,,,0
9103,'20261008',629,,1524801,31,,,0,100,,1524802,31,,,0,101,,1524803,31,,,0,101,,1524804,31,,,0,100,,1524805,31,,,0,100,,1524806,31,,,0,100,,1524807,31,,,0,100,,1524808,31,,,0,99,,1524809,31,,,0,98,,1524810,31,,,0,29,,1524811,31,,,0,70,,1524812,31,,,0,32,,1524813,31,,,0,75,,1524814,31,,,0,70,,1524815,31,,,0,26,,1524816,31,,,0,100,,1524817,31,,,0,100,,1524818,31,,,0,99,,1524819,31,,,0,100,,1524820,31,,,0,98,,1524821,31,,,0
9103,'20261009',629,,1524822,31,,,0,100,,1524823,31,,,0,101,,1524824,31,,,0,101,,1524825,31,,,0,100,,1524826,31,,,0,100,,1524827,31,,,0,100,,1524828,31,,,0,100,,1524829,31,,,0,99,,1524830,31,,,0,98,,1524831,31,,,0,29,,1524832,31,,,0,70,,1524833,31,,,0,32,,1524834,31,,,0,75,,1524835,31,,,0,70,,1524836,31,,,0,26,,1524837,31,,,0,100,,1524838,31,,,0,100,,1524839,31,,,0,99,,1524840,31,,,0,100,,1524841,31,,,0,98,,1524842,31,,,0
9103,'20261010',623,,1551474,31,,,0,100,,1551475,31,,,0,101,,1551476,31,,,0,100,,1551477,31,,,0,100,,1551478,31,,,0,101,,1551479,31,,,0,100,,1551480,31,,,0,99,,1551481,31,,,0,100,,1551482,31,,,0,100,,1551483,31,,,0,100,,1551484,31,,,0,100,,1551485,31,,,0,100,,1551486,31,,,0,98,,1551487,31,,,0,101,,1551488,31,,,0,100,,1551489,31,,,0,100,,1551490,31,,,0,100,,1551491,31,,,0
9103,'20261011',623,,1551492,31,,,0,100,,1551493,31,,,0,101,,1551494,31,,,0,100,,1551495,31,,,0,100,,1551496,31,,,0,101,,1551497,31,,,0,100,,1551498,31,,,0,99,,1551499,31,,,0,100,,1551500,31,,,0,100,,1551501,31,,,0,100,,1551502,31,,,0,100,,1551503,31,,,0,100,,1551504,31,,,0,98,,1551505,31,,,0,101,,1551506,31,,,0,100,,1551507,31,,,0,100,,1551508,31,,,0,100,,1551509,31,,,0
9103,'20261012',623,,1551510,31,,,0,100,,1551511,31,,,0,101,,1551512,31,,,0,100,,1551513,31,,,0,100,,1551514,31,,,0,101,,1551515,31,,,0,100,,1551516,31,,,0,99,,1551517,31,,,0,100,,1551518,31,,,0,100,,1551519,31,,,0,100,,1551520,31,,,0,100,,1551521,31,,,0,100,,1551522,31,,,0,98,,1551523,31,,,0,101,,1551524,31,,,0,100,,1551525,31,,,0,100,,1551526,31,,,0,100,,1551527,31,,,0
9103,'20261013',629,,1578029,31,,,0,100,,1578030,31,,,0,101,,1578031,31,,,0,101,,1578032,31,,,0,100,,1578033,31,,,0,100,,1578034,31,,,0,100,,1578035,31,,,0,100,,1578036,31,,,0,99,,1578037,31,,,0,98,,1578038,31,,,0,29,,1578039,31,,,0,70,,1578040,31,,,0,32,,1578041,31,,,0,75,,1578042,31,,,0,70,,1578043,31,,,0,26,,1578044,31,,,0,100,,1578045,31,,,0,100,,1578046,31,,,0,99,,1578047,31,,,0,100,,1578048,31,,,0,98,,1578049,31,,,0
9103,'20261014',629,,1578050,31,,,0,100,,1578051,31,,,0,101,,1578052,31,,,0,101,,1578053,31,,,0,100,,1578054,31,,,0,100,,1578055,31,,,0,100,,1578056,31,,,0,100,,1578057,31,,,0,99,,1578058,31,,,0,98,,1578059,31,,,0,29,,1578060,31,,,0,70,,1578061,31,,,0,32,,1578062,31,,,0,75,,1578063,31,,,0,70,,1578064,31,,,0,26,,1578065,31,,,0,100,,1578066,31,,,0,100,,1578067,31,,,0,99,,1578068,31,,,0,100,,1578069,31,,,0,98,,1578070,31,,,0
9103,'20261015',629,,1578071,31,,,0,100,,1578072,31,,,0,101,,1578073,31,,,0,101,,1578074,31,,,0,100,,1578075,31,,,0,100,,1578076,31,,,0,100,,1578077,31,,,0,100,,1578078,31,,,0,99,,1578079,31,,,0,98,,1578080,31,,,0,29,,1578081,31,,,0,70,,1578082,31,,,0,32,,1578083,31,,,0,75,,1578084,31,,,0,70,,1578085,31,,,0,26,,1578086,31,,,0,100,,1578087,31,,,0,100,,1578088,31,,,0,99,,1578089,31,,,0,100,,1578090,31,,,0,98,,1578091,31,,,0
9103,'20261016',629,,1578092,31,,,0,100,,1578093,31,,,0,101,,1578094,31,,,0,101,,1578095,31,,,0,100,,1578096,31,,,0,100,,1578097,31,,,0,100,,1578098,31,,,0,100,,1578099,31,,,0,99,,1578100,31,,,0,98,,1578101,31,,,0,29,,1578102,31,,,0,70,,1578103,31,,,0,32,,1578104,31,,,0,75,,1578105,31,,,0,70,,1578106,31,,,0,26,,1578107,31,,,0,100,,1578108,31,,,0,100,,1578109,31,,,0,99,,1578110,31,,,0,100,,1578111,31,,,0,98,,1578112,31,,,0
29103,'20261002',1600,,1581155,38,4,,0,32,,1581156,38,4,,0,71,,1581157,38,4,,0,32,,1581158,38,4,,0
29103,'20261005',1600,,1581159,38,4,,0,32,,1581160,38,4,,0,71,,1581161,38,4,,0,32,,1581162,38,4,,0
29103,'20261006',1600,,1527890,38,4,,0,32,,1527887,38,4,,0,71,,1527889,38,4,,0,32,,1527888,38,4,,0
29103,'20261007',1600,,1527894,38,4,,0,32,,1527891,38,4,,0,71,,1527893,38,4,,0,32,,1527892,38,4,,0
29103,'20261008',1600,,1527898,38,4,,0,32,,1527895,38,4,,0,71,,1527897,38,4,,0,32,,1527896,38,4,,0
29103,'20261009',1600,,1527902,38,4,,0,32,,1527899,38,4,,0,71,,1527901,38,4,,0,32,,1527900,38,4,,0
29103,'20261013',1600,,1581166,38,4,,0,32,,1581163,38,4,,0,71,,1581165,38,4,,0,32,,1581164,38,4,,0
29103,'20261014',1600,,1581170,38,4,,0,32,,1581167,38,4,,0,71,,1581169,38,4,,0,32,,1581168,38,4,,0
29103,'20261015',1600,,1581174,38,4,,0,32,,1581171,38,4,,0,71,,1581173,38,4,,0,32,,1581172,38,4,,0
29103,'20261016',1600,,1581178,38,4,,0,32,,1581175,38,4,,0,71,,1581177,38,4,,0,32,,1581176,38,4,,0
