5902,'20261006',704,,1603635,1,,,0,100,,1603636,1,,,0,30,,1603634,1,,,0,70,,1603637,1,,,0,100,,1603638,1,,,0,100,,1603639,1,,,0,100,,1603640,1,,,0,100,,1603641,1,,,0,100,,1603642,1,,,0,100,,1603643,1,,,0,100,,1603644,1,,,0,100,,1603645,1,,,0,100,,1603646,1,,,0,100,,1603647,1,,,0,100,,1603648,1,,,0,100,,1603649,1,,,0,100,,1603650,1,,,0,100,,1603651,1,,,0
5902,'20261007',704,,1603653,1,,,0,100,,1603654,1,,,0,30,,1603652,1,,,0,70,,1603655,1,,,0,100,,1603656,1,,,0,100,,1603657,1,,,0,100,,1603658,1,,,0,100,,1603659,1,,,0,100,,1603660,1,,,0,100,,1603661,1,,,0,100,,1603662,1,,,0,100,,1603663,1,,,0,100,,1603664,1,,,0,100,,1603665,1,,,0,100,,1603666,1,,,0,100,,1603667,1,,,0,100,,1603668,1,,,0,100,,1603669,1,,,0
5902,'20261008',704,,1603671,1,,,0,100,,1603672,1,,,0,30,,1603670,1,,,0,70,,1603673,1,,,0,100,,1603674,1,,,0,100,,1603675,1,,,0,100,,1603676,1,,,0,100,,1603677,1,,,0,100,,1603678,1,,,0,100,,1603679,1,,,0,100,,1603680,1,,,0,100,,1603681,1,,,0,100,,1603682,1,,,0,100,,1603683,1,,,0,100,,1603684,1,,,0,100,,1603685,1,,,0,100,,1603686,1,,,0,100,,1603687,1,,,0
5902,'20261009',704,,1603689,1,,,0,100,,1603690,1,,,0,30,,1603688,1,,,0,70,,1603691,1,,,0,100,,1603692,1,,,0,100,,1603693,1,,,0,100,,1603694,1,,,0,100,,1603695,1,,,0,100,,1603696,1,,,0,100,,1603697,1,,,0,100,,1603698,1,,,0,100,,1603699,1,,,0,100,,1603700,1,,,0,100,,1603701,1,,,0,100,,1603702,1,,,0,100,,1603703,1,,,0,100,,1603704,1,,,0,100,,1603705,1,,,0
5902,'20261010',804,,1547235,1,,,0,100,,1547236,1,,,0,100,,1547237,1,,,0,100,,1547238,1,,,0,100,,1547239,1,,,0,100,,1547240,1,,,0,100,,1547241,1,,,0,104,,1547242,1,,,0,96,,1547243,1,,,0,100,,1547244,1,,,0,100,,1547245,1,,,0,100,,1547246,1,,,0,100,,1547247,1,,,0,100,,1547248,1,,,0,100,,1547249,1,,,0
5902,'20261011',804,,1547250,1,,,0,100,,1547251,1,,,0,100,,1547252,1,,,0,100,,1547253,1,,,0,100,,1547254,1,,,0,100,,1547255,1,,,0,100,,1547256,1,,,0,104,,1547257,1,,,0,96,,1547258,1,,,0,100,,1547259,1,,,0,100,,1547260,1,,,0,100,,1547261,1,,,0,100,,1547262,1,,,0,100,,1547263,1,,,0,100,,1547264,1,,,0
5902,'20261012',804,,1547265,1,,,0,100,,1547266,1,,,0,100,,1547267,1,,,0,100,,1547268,1,,,0,100,,1547269,1,,,0,100,,1547270,1,,,0,100,,1547271,1,,,0,104,,1547272,1,,,0,96,,1547273,1,,,0,100,,1547274,1,,,0,100,,1547275,1,,,0,100,,1547276,1,,,0,100,,1547277,1,,,0,100,,1547278,1,,,0,100,,1547279,1,,,0
5902,'20261013',704,,1571979,1,,,0,100,,1571980,1,,,0,30,,1571996,1,,,0,70,,1571981,1,,,0,100,,1571982,1,,,0,100,,1571983,1,,,0,100,,1571984,1,,,0,100,,1571985,1,,,0,100,,1571986,1,,,0,100,,1571987,1,,,0,100,,1571988,1,,,0,100,,1571989,1,,,0,100,,1571990,1,,,0,100,,1571991,1,,,0,100,,1571992,1,,,0,100,,1571993,1,,,0,100,,1571994,1,,,0,100,,1571995,1,,,0
5902,'20261014',704,,1571997,1,,,0,100,,1571998,1,,,0,30,,1572014,1,,,0,70,,1571999,1,,,0,100,,1572000,1,,,0,100,,1572001,1,,,0,100,,1572002,1,,,0,100,,1572003,1,,,0,100,,1572004,1,,,0,100,,1572005,1,,,0,100,,1572006,1,,,0,100,,1572007,1,,,0,100,,1572008,1,,,0,100,,1572009,1,,,0,100,,1572010,1,,,0,100,,1572011,1,,,0,100,,1572012,1,,,0,100,,1572013,1,,,0
5902,'20261015',704,,1572015,1,,,0,100,,1572016,1,,,0,30,,1572032,1,,,0,70,,1572017,1,,,0,100,,1572018,1,,,0,100,,1572019,1,,,0,100,,1572020,1,,,0,100,,1572021,1,,,0,100,,1572022,1,,,0,100,,1572023,1,,,0,100,,1572024,1,,,0,100,,1572025,1,,,0,100,,1572026,1,,,0,100,,1572027,1,,,0,100,,1572028,1,,,0,100,,1572029,1,,,0,100,,1572030,1,,,0,100,,1572031,1,,,0
5902,'20261016',704,,1572033,1,,,0,100,,1572034,1,,,0,30,,1572050,1,,,0,70,,1572035,1,,,0,100,,1572036,1,,,0,100,,1572037,1,,,0,100,,1572038,1,,,0,100,,1572039,1,,,0,100,,1572040,1,,,0,100,,1572041,1,,,0,100,,1572042,1,,,0,100,,1572043,1,,,0,100,,1572044,1,,,0,100,,1572045,1,,,0,100,,1572046,1,,,0,100,,1572047,1,,,0,100,,1572048,1,,,0,100,,1572049,1,,,0
5902,'20261017',804,,1603706,1,,,0,100,,1603707,1,,,0,100,,1603708,1,,,0,100,,1603709,1,,,0,100,,1603710,1,,,0,100,,1603711,1,,,0,100,,1603712,1,,,0,104,,1603713,1,,,0,96,,1603714,1,,,0,100,,1603715,1,,,0,100,,1603716,1,,,0,100,,1603717,1,,,0,100,,1603718,1,,,0,100,,1603719,1,,,0,100,,1603720,1,,,0
5902,'20261018',804,,1603721,1,,,0,100,,1603722,1,,,0,100,,1603723,1,,,0,100,,1603724,1,,,0,100,,1603725,1,,,0,100,,1603726,1,,,0,100,,1603727,1,,,0,104,,1603728,1,,,0,96,,1603729,1,,,0,100,,1603730,1,,,0,100,,1603731,1,,,0,100,,1603732,1,,,0,100,,1603733,1,,,0,100,,1603734,1,,,0,100,,1603735,1,,,0
5902,'20261019',704,,1603736,1,,,0,100,,1603737,1,,,0,30,,1603753,1,,,0,70,,1603738,1,,,0,100,,1603739,1,,,0,100,,1603740,1,,,0,100,,1603741,1,,,0,100,,1603742,1,,,0,100,,1603743,1,,,0,100,,1603744,1,,,0,100,,1603745,1,,,0,100,,1603746,1,,,0,100,,1603747,1,,,0,100,,1603748,1,,,0,100,,1603749,1,,,0,100,,1603750,1,,,0,100,,1603751,1,,,0,100,,1603752,1,,,0
5902,'20261020',704,,1603754,1,,,0,100,,1603755,1,,,0,30,,1603771,1,,,0,70,,1603756,1,,,0,100,,1603757,1,,,0,100,,1603758,1,,,0,100,,1603759,1,,,0,100,,1603760,1,,,0,100,,1603761,1,,,0,100,,1603762,1,,,0,100,,1603763,1,,,0,100,,1603764,1,,,0,100,,1603765,1,,,0,100,,1603766,1,,,0,100,,1603767,1,,,0,100,,1603768,1,,,0,100,,1603769,1,,,0,100,,1603770,1,,,0
5903,'20261006',659,,1603772,45,4,,0,97,,1603773,45,4,,0,88,,1603774,45,4,,0,14,,1603775,45,4,,0,100,,1603776,45,4,,0,100,,1603777,45,4,,0,99,,1603778,45,4,,0,100,,1603779,45,4,,0,101,,1603780,45,4,,0,100,,1603781,45,4,,0,99,,1603782,45,4,,0,99,,1603783,45,4,,0,71,,1603784,45,4,,0,30,,1603785,45,4,,0,101,,1603786,45,4,,0,100,,1603787,45,4,,0,101,,1603788,45,4,,0,100,,1603789,45,4,,0,100,,1603790,45,4,,0
5903,'20261007',659,,1603791,45,4,,0,97,,1603792,45,4,,0,88,,1603793,45,4,,0,14,,1603794,45,4,,0,100,,1603795,45,4,,0,100,,1603796,45,4,,0,99,,1603797,45,4,,0,100,,1603798,45,4,,0,101,,1603799,45,4,,0,100,,1603800,45,4,,0,99,,1603801,45,4,,0,99,,1603802,45,4,,0,71,,1603803,45,4,,0,30,,1603804,45,4,,0,101,,1603805,45,4,,0,100,,1603806,45,4,,0,101,,1603807,45,4,,0,100,,1603808,45,4,,0,100,,1603809,45,4,,0
5903,'20261008',659,,1603810,45,4,,0,97,,1603811,45,4,,0,88,,1603812,45,4,,0,14,,1603813,45,4,,0,100,,1603814,45,4,,0,100,,1603815,45,4,,0,99,,1603816,45,4,,0,100,,1603817,45,4,,0,101,,1603818,45,4,,0,100,,1603819,45,4,,0,99,,1603820,45,4,,0,99,,1603821,45,4,,0,71,,1603822,45,4,,0,30,,1603823,45,4,,0,101,,1603824,45,4,,0,100,,1603825,45,4,,0,101,,1603826,45,4,,0,100,,1603827,45,4,,0,100,,1603828,45,4,,0
5903,'20261009',659,,1603829,45,4,,0,97,,1603830,45,4,,0,88,,1603831,45,4,,0,14,,1603832,45,4,,0,100,,1603833,45,4,,0,100,,1603834,45,4,,0,99,,1603835,45,4,,0,100,,1603836,45,4,,0,101,,1603837,45,4,,0,100,,1603838,45,4,,0,99,,1603839,45,4,,0,99,,1603840,45,4,,0,71,,1603841,45,4,,0,30,,1603842,45,4,,0,101,,1603843,45,4,,0,100,,1603844,45,4,,0,101,,1603845,45,4,,0,100,,1603846,45,4,,0,100,,1603847,45,4,,0
5903,'20261010',758,,1547337,45,4,,0,100,,1547338,45,4,,0,100,,1547339,45,4,,0,100,,1547340,45,4,,0,100,,1547341,45,4,,0,100,,1547342,45,4,,0,100,,1547343,45,4,,0,100,,1547344,45,4,,0,100,,1547345,45,4,,0,100,,1547346,45,4,,0,100,,1547347,45,4,,0,100,,1547348,45,4,,0,100,,1547349,45,4,,0,101,,1547350,45,4,,0,100,,1547351,45,4,,0
5903,'20261011',758,,1547366,45,4,,0,100,,1547352,45,4,,0,100,,1547353,45,4,,0,100,,1547354,45,4,,0,100,,1547355,45,4,,0,100,,1547356,45,4,,0,100,,1547357,45,4,,0,100,,1547358,45,4,,0,100,,1547359,45,4,,0,100,,1547360,45,4,,0,100,,1547361,45,4,,0,100,,1547362,45,4,,0,100,,1547363,45,4,,0,101,,1547364,45,4,,0,100,,1547365,45,4,,0
5903,'20261012',758,,1547381,45,4,,0,100,,1547367,45,4,,0,100,,1547368,45,4,,0,100,,1547369,45,4,,0,100,,1547370,45,4,,0,100,,1547371,45,4,,0,100,,1547372,45,4,,0,100,,1547373,45,4,,0,100,,1547374,45,4,,0,100,,1547375,45,4,,0,100,,1547376,45,4,,0,100,,1547377,45,4,,0,100,,1547378,45,4,,0,101,,1547379,45,4,,0,100,,1547380,45,4,,0
5903,'20261013',659,,1572119,45,4,,0,97,,1572120,45,4,,0,88,,1572136,45,4,,0,14,,1572121,45,4,,0,100,,1572122,45,4,,0,100,,1572123,45,4,,0,99,,1572124,45,4,,0,100,,1572125,45,4,,0,101,,1572126,45,4,,0,100,,1572127,45,4,,0,99,,1572128,45,4,,0,99,,1572129,45,4,,0,71,,1572137,45,4,,0,30,,1572130,45,4,,0,101,,1572131,45,4,,0,100,,1572132,45,4,,0,101,,1572133,45,4,,0,100,,1572134,45,4,,0,100,,1572135,45,4,,0
5903,'20261014',659,,1572138,45,4,,0,97,,1572139,45,4,,0,88,,1572155,45,4,,0,14,,1572140,45,4,,0,100,,1572141,45,4,,0,100,,1572142,45,4,,0,99,,1572143,45,4,,0,100,,1572144,45,4,,0,101,,1572145,45,4,,0,100,,1572146,45,4,,0,99,,1572147,45,4,,0,99,,1572148,45,4,,0,71,,1572156,45,4,,0,30,,1572149,45,4,,0,101,,1572150,45,4,,0,100,,1572151,45,4,,0,101,,1572152,45,4,,0,100,,1572153,45,4,,0,100,,1572154,45,4,,0
5903,'20261015',659,,1572157,45,4,,0,97,,1572158,45,4,,0,88,,1572174,45,4,,0,14,,1572159,45,4,,0,100,,1572160,45,4,,0,100,,1572161,45,4,,0,99,,1572162,45,4,,0,100,,1572163,45,4,,0,101,,1572164,45,4,,0,100,,1572165,45,4,,0,99,,1572166,45,4,,0,99,,1572167,45,4,,0,71,,1572175,45,4,,0,30,,1572168,45,4,,0,101,,1572169,45,4,,0,100,,1572170,45,4,,0,101,,1572171,45,4,,0,100,,1572172,45,4,,0,100,,1572173,45,4,,0
5903,'20261016',659,,1572176,45,4,,0,97,,1572177,45,4,,0,88,,1572193,45,4,,0,14,,1572178,45,4,,0,100,,1572179,45,4,,0,100,,1572180,45,4,,0,99,,1572181,45,4,,0,100,,1572182,45,4,,0,101,,1572183,45,4,,0,100,,1572184,45,4,,0,99,,1572185,45,4,,0,99,,1572186,45,4,,0,71,,1572194,45,4,,0,30,,1572187,45,4,,0,101,,1572188,45,4,,0,100,,1572189,45,4,,0,101,,1572190,45,4,,0,100,,1572191,45,4,,0,100,,1572192,45,4,,0
5903,'20261017',758,,1603848,45,4,,0,100,,1603849,45,4,,0,100,,1603850,45,4,,0,100,,1603851,45,4,,0,100,,1603852,45,4,,0,100,,1603853,45,4,,0,100,,1603854,45,4,,0,100,,1603855,45,4,,0,100,,1603856,45,4,,0,100,,1603857,45,4,,0,100,,1603858,45,4,,0,100,,1603859,45,4,,0,100,,1603860,45,4,,0,101,,1603861,45,4,,0,100,,1603862,45,4,,0
5903,'20261018',758,,1603877,45,4,,0,100,,1603863,45,4,,0,100,,1603864,45,4,,0,100,,1603865,45,4,,0,100,,1603866,45,4,,0,100,,1603867,45,4,,0,100,,1603868,45,4,,0,100,,1603869,45,4,,0,100,,1603870,45,4,,0,100,,1603871,45,4,,0,100,,1603872,45,4,,0,100,,1603873,45,4,,0,100,,1603874,45,4,,0,101,,1603875,45,4,,0,100,,1603876,45,4,,0
5903,'20261019',659,,1603878,45,4,,0,97,,1603879,45,4,,0,88,,1603895,45,4,,0,14,,1603880,45,4,,0,100,,1603881,45,4,,0,100,,1603882,45,4,,0,99,,1603883,45,4,,0,100,,1603884,45,4,,0,101,,1603885,45,4,,0,100,,1603886,45,4,,0,99,,1603887,45,4,,0,99,,1603888,45,4,,0,71,,1603896,45,4,,0,30,,1603889,45,4,,0,101,,1603890,45,4,,0,100,,1603891,45,4,,0,101,,1603892,45,4,,0,100,,1603893,45,4,,0,100,,1603894,45,4,,0
5903,'20261020',659,,1603897,45,4,,0,97,,1603898,45,4,,0,88,,1603914,45,4,,0,14,,1603899,45,4,,0,100,,1603900,45,4,,0,100,,1603901,45,4,,0,99,,1603902,45,4,,0,100,,1603903,45,4,,0,101,,1603904,45,4,,0,100,,1603905,45,4,,0,99,,1603906,45,4,,0,99,,1603907,45,4,,0,71,,1603915,45,4,,0,30,,1603908,45,4,,0,101,,1603909,45,4,,0,100,,1603910,45,4,,0,101,,1603911,45,4,,0,100,,1603912,45,4,,0,100,,1603913,45,4,,0
1008200,'20261006',821,,1625364,39,,,0
1008200,'20261007',821,,1625365,39,,,0
1008200,'20261008',821,,1625366,39,,,0
1008200,'20261009',821,,1625367,39,,,0
1008200,'20261013',821,,1593564,39,,,0
1008200,'20261014',821,,1593565,39,,,0
1008200,'20261015',821,,1593566,39,,,0
1008200,'20261016',821,,1593567,39,,,0
1008200,'20261019',821,,1625368,39,,,0
1008200,'20261020',821,,1625369,39,,,0
1008201,'20261006',1606,,1625370,15,,,0
1008201,'20261007',1606,,1625371,15,,,0
1008201,'20261008',1606,,1625372,15,,,0
1008201,'20261009',1606,,1625373,15,,,0
1008201,'20261013',1606,,1593570,15,,,0
1008201,'20261014',1606,,1593571,15,,,0
1008201,'20261015',1606,,1593572,15,,,0
1008201,'20261016',1606,,1593573,15,,,0
1008201,'20261019',1606,,1625374,15,,,0
1008201,'20261020',1606,,1625375,15,,,0
