8501,'20261009',1225,,1608942,19,,,0,321,,1608943,19,,,0,74,,1608944,19,,,0,27,,1608945,19,,,0,74,,1608946,19,,,0,24,,1608947,19,,,0
8501,'20261010',1728,,1636008,19,,,0
8501,'20261011',1728,,1636009,19,,,0
8501,'20261012',1728,,1636010,19,,,0
8501,'20261013',1225,,1577206,19,,,0,321,,1577211,19,,,0,74,,1577207,19,,,0,27,,1577210,19,,,0,74,,1577208,19,,,0,24,,1577209,19,,,0
8501,'20261014',1225,,1577212,19,,,0,321,,1577217,19,,,0,74,,1577213,19,,,0,27,,1577216,19,,,0,74,,1577214,19,,,0,24,,1577215,19,,,0
8501,'20261015',1225,,1577218,19,,,0,321,,1577223,19,,,0,74,,1577219,19,,,0,27,,1577222,19,,,0,74,,1577220,19,,,0,24,,1577221,19,,,0
8501,'20261016',1225,,1577224,19,,,0,321,,1577229,19,,,0,74,,1577225,19,,,0,27,,1577228,19,,,0,74,,1577226,19,,,0,24,,1577227,19,,,0
8501,'20261017',1728,,1608948,19,,,0
8501,'20261018',1728,,1608949,19,,,0
8501,'20261019',1225,,1608950,19,,,0,321,,1608955,19,,,0,74,,1608951,19,,,0,27,,1608954,19,,,0,74,,1608952,19,,,0,24,,1608953,19,,,0
8501,'20261020',1225,,1608956,19,,,0,321,,1608961,19,,,0,74,,1608957,19,,,0,27,,1608960,19,,,0,74,,1608958,19,,,0,24,,1608959,19,,,0
8501,'20261021',1225,,1636011,19,,,0,321,,1636016,19,,,0,74,,1636012,19,,,0,27,,1636015,19,,,0,74,,1636013,19,,,0,24,,1636014,19,,,0
8501,'20261022',1225,,1636017,19,,,0,321,,1636022,19,,,0,74,,1636018,19,,,0,27,,1636021,19,,,0,74,,1636019,19,,,0,24,,1636020,19,,,0
8501,'20261023',1225,,1636023,19,,,0,321,,1636028,19,,,0,74,,1636024,19,,,0,27,,1636027,19,,,0,74,,1636025,19,,,0,24,,1636026,19,,,0
8601,'20261009',647,,1609216,44,,,0,72,,1609217,44,,,0,29,,1609214,23,,,0,7,,1609218,44,,,0,65,,1609219,44,,,0,29,,1609220,44,,,0,69,,1609221,44,,,0,100,,1609222,44,,,0,100,,1609223,44,,,0,101,,1609224,44,,,0,100,,1609225,44,,,0,99,,1609226,44,,,0,103,,1609227,44,,,0,102,,1609228,44,,,0,28,,1609215,40,,,0,2,,1609229,44,,,0,70,,1609230,44,,,0,27,,1609231,44,,,0,69,,1609232,44,,,0,98,,1609233,44,,,0,99,,1609234,44,,,0,100,,1609235,44,,,0,100,,1609236,44,,,0,99,,1609237,44,,,0
8601,'20261010',816,,1636155,44,,,0,100,,1636156,44,,,0,100,,1636157,44,,,0,101,,1636158,44,,,0,100,,1636159,44,,,0,100,,1636160,44,,,0,100,,1636161,44,,,0,100,,1636162,44,,,0,101,,1636163,44,,,0,100,,1636164,44,,,0,99,,1636165,44,,,0,99,,1636166,44,,,0,100,,1636167,44,,,0,100,,1636168,44,,,0,100,,1636169,44,,,0,99,,1636170,44,,,0
8601,'20261011',816,,1636171,44,,,0,100,,1636172,44,,,0,100,,1636173,44,,,0,101,,1636174,44,,,0,100,,1636175,44,,,0,100,,1636176,44,,,0,100,,1636177,44,,,0,100,,1636178,44,,,0,101,,1636179,44,,,0,100,,1636180,44,,,0,99,,1636181,44,,,0,99,,1636182,44,,,0,100,,1636183,44,,,0,100,,1636184,44,,,0,100,,1636185,44,,,0,99,,1636186,44,,,0
8601,'20261012',816,,1636187,44,,,0,100,,1636188,44,,,0,100,,1636189,44,,,0,101,,1636190,44,,,0,100,,1636191,44,,,0,100,,1636192,44,,,0,100,,1636193,44,,,0,100,,1636194,44,,,0,101,,1636195,44,,,0,100,,1636196,44,,,0,99,,1636197,44,,,0,99,,1636198,44,,,0,100,,1636199,44,,,0,100,,1636200,44,,,0,100,,1636201,44,,,0,99,,1636202,44,,,0
8601,'20261013',647,,1577498,44,,,0,72,,1577488,44,,,0,29,,1577510,23,,,0,7,,1577489,44,,,0,65,,1577490,44,,,0,29,,1577501,44,,,0,69,,1577504,44,,,0,100,,1577502,44,,,0,100,,1577505,44,,,0,101,,1577500,44,,,0,100,,1577506,44,,,0,99,,1577499,44,,,0,103,,1577507,44,,,0,102,,1577494,44,,,0,28,,1577511,40,,,0,2,,1577497,44,,,0,70,,1577493,44,,,0,27,,1577496,44,,,0,69,,1577491,44,,,0,98,,1577508,44,,,0,99,,1577495,44,,,0,100,,1577509,44,,,0,100,,1577492,44,,,0,99,,1577503,44,,,0
8601,'20261014',647,,1577522,44,,,0,72,,1577512,44,,,0,29,,1577534,23,,,0,7,,1577513,44,,,0,65,,1577514,44,,,0,29,,1577525,44,,,0,69,,1577528,44,,,0,100,,1577526,44,,,0,100,,1577529,44,,,0,101,,1577524,44,,,0,100,,1577530,44,,,0,99,,1577523,44,,,0,103,,1577531,44,,,0,102,,1577518,44,,,0,28,,1577535,40,,,0,2,,1577521,44,,,0,70,,1577517,44,,,0,27,,1577520,44,,,0,69,,1577515,44,,,0,98,,1577532,44,,,0,99,,1577519,44,,,0,100,,1577533,44,,,0,100,,1577516,44,,,0,99,,1577527,44,,,0
8601,'20261015',647,,1577546,44,,,0,72,,1577536,44,,,0,29,,1577558,23,,,0,7,,1577537,44,,,0,65,,1577538,44,,,0,29,,1577549,44,,,0,69,,1577552,44,,,0,100,,1577550,44,,,0,100,,1577553,44,,,0,101,,1577548,44,,,0,100,,1577554,44,,,0,99,,1577547,44,,,0,103,,1577555,44,,,0,102,,1577542,44,,,0,28,,1577559,40,,,0,2,,1577545,44,,,0,70,,1577541,44,,,0,27,,1577544,44,,,0,69,,1577539,44,,,0,98,,1577556,44,,,0,99,,1577543,44,,,0,100,,1577557,44,,,0,100,,1577540,44,,,0,99,,1577551,44,,,0
8601,'20261016',647,,1577570,44,,,0,72,,1577560,44,,,0,29,,1577582,23,,,0,7,,1577561,44,,,0,65,,1577562,44,,,0,29,,1577573,44,,,0,69,,1577576,44,,,0,100,,1577574,44,,,0,100,,1577577,44,,,0,101,,1577572,44,,,0,100,,1577578,44,,,0,99,,1577571,44,,,0,103,,1577579,44,,,0,102,,1577566,44,,,0,28,,1577583,40,,,0,2,,1577569,44,,,0,70,,1577565,44,,,0,27,,1577568,44,,,0,69,,1577563,44,,,0,98,,1577580,44,,,0,99,,1577567,44,,,0,100,,1577581,44,,,0,100,,1577564,44,,,0,99,,1577575,44,,,0
8601,'20261017',816,,1609238,44,,,0,100,,1609246,44,,,0,100,,1609242,44,,,0,101,,1609247,44,,,0,100,,1609239,44,,,0,100,,1609248,44,,,0,100,,1609243,44,,,0,100,,1609249,44,,,0,101,,1609244,44,,,0,100,,1609250,44,,,0,99,,1609240,44,,,0,99,,1609251,44,,,0,100,,1609245,44,,,0,100,,1609252,44,,,0,100,,1609241,44,,,0,99,,1609253,44,,,0
8601,'20261018',816,,1609257,44,,,0,100,,1609262,44,,,0,100,,1609258,44,,,0,101,,1609263,44,,,0,100,,1609254,44,,,0,100,,1609264,44,,,0,100,,1609259,44,,,0,100,,1609265,44,,,0,101,,1609260,44,,,0,100,,1609266,44,,,0,99,,1609255,44,,,0,99,,1609267,44,,,0,100,,1609261,44,,,0,100,,1609268,44,,,0,100,,1609256,44,,,0,99,,1609269,44,,,0
8601,'20261019',647,,1609280,44,,,0,72,,1609270,44,,,0,29,,1609292,23,,,0,7,,1609271,44,,,0,65,,1609272,44,,,0,29,,1609283,44,,,0,69,,1609286,44,,,0,100,,1609284,44,,,0,100,,1609287,44,,,0,101,,1609282,44,,,0,100,,1609288,44,,,0,99,,1609281,44,,,0,103,,1609289,44,,,0,102,,1609276,44,,,0,28,,1609293,40,,,0,2,,1609279,44,,,0,70,,1609275,44,,,0,27,,1609278,44,,,0,69,,1609273,44,,,0,98,,1609290,44,,,0,99,,1609277,44,,,0,100,,1609291,44,,,0,100,,1609274,44,,,0,99,,1609285,44,,,0
8601,'20261020',647,,1609304,44,,,0,72,,1609294,44,,,0,29,,1609316,23,,,0,7,,1609295,44,,,0,65,,1609296,44,,,0,29,,1609307,44,,,0,69,,1609310,44,,,0,100,,1609308,44,,,0,100,,1609311,44,,,0,101,,1609306,44,,,0,100,,1609312,44,,,0,99,,1609305,44,,,0,103,,1609313,44,,,0,102,,1609300,44,,,0,28,,1609317,40,,,0,2,,1609303,44,,,0,70,,1609299,44,,,0,27,,1609302,44,,,0,69,,1609297,44,,,0,98,,1609314,44,,,0,99,,1609301,44,,,0,100,,1609315,44,,,0,100,,1609298,44,,,0,99,,1609309,44,,,0
8601,'20261021',647,,1636213,44,,,0,72,,1636203,44,,,0,29,,1636225,23,,,0,7,,1636204,44,,,0,65,,1636205,44,,,0,29,,1636216,44,,,0,69,,1636219,44,,,0,100,,1636217,44,,,0,100,,1636220,44,,,0,101,,1636215,44,,,0,100,,1636221,44,,,0,99,,1636214,44,,,0,103,,1636222,44,,,0,102,,1636209,44,,,0,28,,1636226,40,,,0,2,,1636212,44,,,0,70,,1636208,44,,,0,27,,1636211,44,,,0,69,,1636206,44,,,0,98,,1636223,44,,,0,99,,1636210,44,,,0,100,,1636224,44,,,0,100,,1636207,44,,,0,99,,1636218,44,,,0
8601,'20261022',647,,1636237,44,,,0,72,,1636227,44,,,0,29,,1636249,23,,,0,7,,1636228,44,,,0,65,,1636229,44,,,0,29,,1636240,44,,,0,69,,1636243,44,,,0,100,,1636241,44,,,0,100,,1636244,44,,,0,101,,1636239,44,,,0,100,,1636245,44,,,0,99,,1636238,44,,,0,103,,1636246,44,,,0,102,,1636233,44,,,0,28,,1636250,40,,,0,2,,1636236,44,,,0,70,,1636232,44,,,0,27,,1636235,44,,,0,69,,1636230,44,,,0,98,,1636247,44,,,0,99,,1636234,44,,,0,100,,1636248,44,,,0,100,,1636231,44,,,0,99,,1636242,44,,,0
8601,'20261023',647,,1636261,44,,,0,72,,1636251,44,,,0,29,,1636273,23,,,0,7,,1636252,44,,,0,65,,1636253,44,,,0,29,,1636264,44,,,0,69,,1636267,44,,,0,100,,1636265,44,,,0,100,,1636268,44,,,0,101,,1636263,44,,,0,100,,1636269,44,,,0,99,,1636262,44,,,0,103,,1636270,44,,,0,102,,1636257,44,,,0,28,,1636274,40,,,0,2,,1636260,44,,,0,70,,1636256,44,,,0,27,,1636259,44,,,0,69,,1636254,44,,,0,98,,1636271,44,,,0,99,,1636258,44,,,0,100,,1636272,44,,,0,100,,1636255,44,,,0,99,,1636266,44,,,0
