8200,'20261009',641,,1608311,39,,,0,78,,1608312,39,,,0,38,,1608313,39,,,0,71,,1608314,39,,,0,73,,1608315,39,,,0,108,,1608316,39,,,0,46,,1608317,39,,,0,100,,1608318,39,,,0,99,,1608319,39,,,0,99,,1608320,39,,,0,93,,1608321,39,,,0,99,,1608322,39,,,0,93,,1608310,39,,,0,70,,1608323,39,,,0,29,,1608324,39,,,0,68,,1608325,39,,,0,99,,1608326,39,,,0,38,,1608327,41,,,0,100,,1608328,41,,,0,100,,1608329,41,,,0,100,,1608330,41,,,0,100,,1608331,41,,,0
8200,'20261010',711,,1635528,41,,,0,100,,1635529,41,,,0,100,,1635530,41,,,0,101,,1635531,41,,,0,100,,1635532,41,,,0,101,,1635533,41,,,0,100,,1635534,41,,,0,100,,1635535,41,,,0,100,,1635536,41,,,0,100,,1635537,41,,,0,100,,1635538,41,,,0,100,,1635539,41,,,0,99,,1635540,41,,,0,100,,1635541,41,,,0,100,,1635542,41,,,0,100,,1635543,41,,,0,130,,1635544,41,,,0
8200,'20261011',711,,1635545,41,,,0,100,,1635546,41,,,0,100,,1635547,41,,,0,101,,1635548,41,,,0,100,,1635549,41,,,0,101,,1635550,41,,,0,100,,1635551,41,,,0,100,,1635552,41,,,0,100,,1635553,41,,,0,100,,1635554,41,,,0,100,,1635555,41,,,0,100,,1635556,41,,,0,99,,1635557,41,,,0,100,,1635558,41,,,0,100,,1635559,41,,,0,100,,1635560,41,,,0,130,,1635561,41,,,0
8200,'20261012',711,,1635562,41,,,0,100,,1635563,41,,,0,100,,1635564,41,,,0,101,,1635565,41,,,0,100,,1635566,41,,,0,101,,1635567,41,,,0,100,,1635568,41,,,0,100,,1635569,41,,,0,100,,1635570,41,,,0,100,,1635571,41,,,0,100,,1635572,41,,,0,100,,1635573,41,,,0,99,,1635574,41,,,0,100,,1635575,41,,,0,100,,1635576,41,,,0,100,,1635577,41,,,0,130,,1635578,41,,,0
8200,'20261013',641,,1576607,39,,,0,78,,1576590,39,,,0,38,,1576611,39,,,0,71,,1576597,39,,,0,73,,1576606,39,,,0,108,,1576598,39,,,0,46,,1576605,39,,,0,100,,1576599,39,,,0,99,,1576591,39,,,0,99,,1576600,39,,,0,93,,1576604,39,,,0,99,,1576601,39,,,0,93,,1576592,39,,,0,70,,1576593,39,,,0,29,,1576594,39,,,0,68,,1576595,39,,,0,99,,1576602,39,,,0,38,,1576603,41,,,0,100,,1576609,41,,,0,100,,1576608,41,,,0,100,,1576610,41,,,0,100,,1576596,41,,,0
8200,'20261014',641,,1576629,39,,,0,78,,1576612,39,,,0,38,,1576633,39,,,0,71,,1576619,39,,,0,73,,1576628,39,,,0,108,,1576620,39,,,0,46,,1576627,39,,,0,100,,1576621,39,,,0,99,,1576613,39,,,0,99,,1576622,39,,,0,93,,1576626,39,,,0,99,,1576623,39,,,0,93,,1576614,39,,,0,70,,1576615,39,,,0,29,,1576616,39,,,0,68,,1576617,39,,,0,99,,1576624,39,,,0,38,,1576625,41,,,0,100,,1576631,41,,,0,100,,1576630,41,,,0,100,,1576632,41,,,0,100,,1576618,41,,,0
8200,'20261015',641,,1576651,39,,,0,78,,1576634,39,,,0,38,,1576655,39,,,0,71,,1576641,39,,,0,73,,1576650,39,,,0,108,,1576642,39,,,0,46,,1576649,39,,,0,100,,1576643,39,,,0,99,,1576635,39,,,0,99,,1576644,39,,,0,93,,1576648,39,,,0,99,,1576645,39,,,0,93,,1576636,39,,,0,70,,1576637,39,,,0,29,,1576638,39,,,0,68,,1576639,39,,,0,99,,1576646,39,,,0,38,,1576647,41,,,0,100,,1576653,41,,,0,100,,1576652,41,,,0,100,,1576654,41,,,0,100,,1576640,41,,,0
8200,'20261016',641,,1576673,39,,,0,78,,1576656,39,,,0,38,,1576677,39,,,0,71,,1576663,39,,,0,73,,1576672,39,,,0,108,,1576664,39,,,0,46,,1576671,39,,,0,100,,1576665,39,,,0,99,,1576657,39,,,0,99,,1576666,39,,,0,93,,1576670,39,,,0,99,,1576667,39,,,0,93,,1576658,39,,,0,70,,1576659,39,,,0,29,,1576660,39,,,0,68,,1576661,39,,,0,99,,1576668,39,,,0,38,,1576669,41,,,0,100,,1576675,41,,,0,100,,1576674,41,,,0,100,,1576676,41,,,0,100,,1576662,41,,,0
8200,'20261017',711,,1608346,41,,,0,100,,1608332,41,,,0,100,,1608336,41,,,0,101,,1608337,41,,,0,100,,1608344,41,,,0,101,,1608338,41,,,0,100,,1608333,41,,,0,100,,1608339,41,,,0,100,,1608345,41,,,0,100,,1608340,41,,,0,100,,1608348,41,,,0,100,,1608334,41,,,0,99,,1608341,41,,,0,100,,1608343,41,,,0,100,,1608347,41,,,0,100,,1608342,41,,,0,130,,1608335,41,,,0
8200,'20261018',711,,1608361,41,,,0,100,,1608362,41,,,0,100,,1608358,41,,,0,101,,1608363,41,,,0,100,,1608357,41,,,0,101,,1608359,41,,,0,100,,1608352,41,,,0,100,,1608349,41,,,0,100,,1608355,41,,,0,100,,1608356,41,,,0,100,,1608365,41,,,0,100,,1608353,41,,,0,99,,1608350,41,,,0,100,,1608360,41,,,0,100,,1608364,41,,,0,100,,1608351,41,,,0,130,,1608354,41,,,0
8200,'20261019',641,,1608383,39,,,0,78,,1608366,39,,,0,38,,1608387,39,,,0,71,,1608373,39,,,0,73,,1608382,39,,,0,108,,1608374,39,,,0,46,,1608381,39,,,0,100,,1608375,39,,,0,99,,1608367,39,,,0,99,,1608376,39,,,0,93,,1608380,39,,,0,99,,1608377,39,,,0,93,,1608368,39,,,0,70,,1608369,39,,,0,29,,1608370,39,,,0,68,,1608371,39,,,0,99,,1608378,39,,,0,38,,1608379,41,,,0,100,,1608385,41,,,0,100,,1608384,41,,,0,100,,1608386,41,,,0,100,,1608372,41,,,0
8200,'20261020',641,,1608405,39,,,0,78,,1608388,39,,,0,38,,1608409,39,,,0,71,,1608395,39,,,0,73,,1608404,39,,,0,108,,1608396,39,,,0,46,,1608403,39,,,0,100,,1608397,39,,,0,99,,1608389,39,,,0,99,,1608398,39,,,0,93,,1608402,39,,,0,99,,1608399,39,,,0,93,,1608390,39,,,0,70,,1608391,39,,,0,29,,1608392,39,,,0,68,,1608393,39,,,0,99,,1608400,39,,,0,38,,1608401,41,,,0,100,,1608407,41,,,0,100,,1608406,41,,,0,100,,1608408,41,,,0,100,,1608394,41,,,0
8200,'20261021',641,,1635596,39,,,0,78,,1635579,39,,,0,38,,1635600,39,,,0,71,,1635586,39,,,0,73,,1635595,39,,,0,108,,1635587,39,,,0,46,,1635594,39,,,0,100,,1635588,39,,,0,99,,1635580,39,,,0,99,,1635589,39,,,0,93,,1635593,39,,,0,99,,1635590,39,,,0,93,,1635581,39,,,0,70,,1635582,39,,,0,29,,1635583,39,,,0,68,,1635584,39,,,0,99,,1635591,39,,,0,38,,1635592,41,,,0,100,,1635598,41,,,0,100,,1635597,41,,,0,100,,1635599,41,,,0,100,,1635585,41,,,0
8200,'20261022',641,,1635618,39,,,0,78,,1635601,39,,,0,38,,1635622,39,,,0,71,,1635608,39,,,0,73,,1635617,39,,,0,108,,1635609,39,,,0,46,,1635616,39,,,0,100,,1635610,39,,,0,99,,1635602,39,,,0,99,,1635611,39,,,0,93,,1635615,39,,,0,99,,1635612,39,,,0,93,,1635603,39,,,0,70,,1635604,39,,,0,29,,1635605,39,,,0,68,,1635606,39,,,0,99,,1635613,39,,,0,38,,1635614,41,,,0,100,,1635620,41,,,0,100,,1635619,41,,,0,100,,1635621,41,,,0,100,,1635607,41,,,0
8200,'20261023',641,,1635640,39,,,0,78,,1635623,39,,,0,38,,1635644,39,,,0,71,,1635630,39,,,0,73,,1635639,39,,,0,108,,1635631,39,,,0,46,,1635638,39,,,0,100,,1635632,39,,,0,99,,1635624,39,,,0,99,,1635633,39,,,0,93,,1635637,39,,,0,99,,1635634,39,,,0,93,,1635625,39,,,0,70,,1635626,39,,,0,29,,1635627,39,,,0,68,,1635628,39,,,0,99,,1635635,39,,,0,38,,1635636,41,,,0,100,,1635642,41,,,0,100,,1635641,41,,,0,100,,1635643,41,,,0,100,,1635629,41,,,0
98200,'20261009',2603,,1625340,46,,,0
98200,'20261010',2603,,1646901,46,,,0
98200,'20261016',2603,,1593534,46,,,0
98200,'20261017',2603,,1625341,46,,,0
98200,'20261023',2603,,1646902,46,,,0
