7001,'20260929',625,,1547958,69,,,0,19,,1547959,69,,,0,58,,1547960,69,,,0,22,,1547961,69,,,0,20,,1547962,69,,,0,60,,1547963,69,,,0,18,,1547964,69,,,0,18,,1547965,69,,,0,60,,1547966,69,,,0,21,,1547967,69,,,0,18,,1547968,69,,,0,19,,1547969,69,,,0,58,,1547970,69,,,0,19,,1547971,69,,,0,20,,1547972,69,,,0,60,,1547973,69,,,0,20,,1547974,69,,,0,21,,1547975,69,,,0,60,,1547976,69,,,0,20,,1547977,69,,,0,21,,1547978,69,,,0,60,,1547979,69,,,0,19,,1547980,69,,,0,17,,1547981,69,,,0,62,,1547982,69,,,0,19,,1547983,69,,,0,23,,1547984,69,,,0,59,,1547985,69,,,0,24,,1547986,69,,,0,61,,1547987,69,,,0,21,,1547988,69,,,0,22,,1547989,69,,,0,64,,1547990,69,,,0,23,,1547991,69,,,0,21,,1547992,69,,,0,62,,1547993,69,,,0,21,,1547994,69,,,0,20,,1547995,69,,,0,69,,1547996,69,,,0,30,,1547997,69,,,0,70,,1547998,69,,,0,30,,1547999,69,,,0,70,,1548000,69,,,0,31,,1548001,69,,,0,71,,1548002,69,,,0,30,,1548003,69,,,0,70,,1548004,69,,,0
7001,'20260930',625,,1548005,69,,,0,19,,1548006,69,,,0,58,,1548007,69,,,0,22,,1548008,69,,,0,20,,1548009,69,,,0,60,,1548010,69,,,0,18,,1548011,69,,,0,18,,1548012,69,,,0,60,,1548013,69,,,0,21,,1548014,69,,,0,18,,1548015,69,,,0,19,,1548016,69,,,0,58,,1548017,69,,,0,19,,1548018,69,,,0,20,,1548019,69,,,0,60,,1548020,69,,,0,20,,1548021,69,,,0,21,,1548022,69,,,0,60,,1548023,69,,,0,20,,1548024,69,,,0,21,,1548025,69,,,0,60,,1548026,69,,,0,19,,1548027,69,,,0,17,,1548028,69,,,0,62,,1548029,69,,,0,19,,1548030,69,,,0,23,,1548031,69,,,0,59,,1548032,69,,,0,24,,1548033,69,,,0,61,,1548034,69,,,0,21,,1548035,69,,,0,22,,1548036,69,,,0,64,,1548037,69,,,0,23,,1548038,69,,,0,21,,1548039,69,,,0,62,,1548040,69,,,0,21,,1548041,69,,,0,20,,1548042,69,,,0,69,,1548043,69,,,0,30,,1548044,69,,,0,70,,1548045,69,,,0,30,,1548046,69,,,0,70,,1548047,69,,,0,31,,1548048,69,,,0,71,,1548049,69,,,0,30,,1548050,69,,,0,70,,1548051,69,,,0
7001,'20261001',625,,1548052,69,,,0,19,,1548053,69,,,0,58,,1548054,69,,,0,22,,1548055,69,,,0,20,,1548056,69,,,0,60,,1548057,69,,,0,18,,1548058,69,,,0,18,,1548059,69,,,0,60,,1548060,69,,,0,21,,1548061,69,,,0,18,,1548062,69,,,0,19,,1548063,69,,,0,58,,1548064,69,,,0,19,,1548065,69,,,0,20,,1548066,69,,,0,60,,1548067,69,,,0,20,,1548068,69,,,0,21,,1548069,69,,,0,60,,1548070,69,,,0,20,,1548071,69,,,0,21,,1548072,69,,,0,60,,1548073,69,,,0,19,,1548074,69,,,0,17,,1548075,69,,,0,62,,1548076,69,,,0,19,,1548077,69,,,0,23,,1548078,69,,,0,59,,1548079,69,,,0,24,,1548080,69,,,0,61,,1548081,69,,,0,21,,1548082,69,,,0,22,,1548083,69,,,0,64,,1548084,69,,,0,23,,1548085,69,,,0,21,,1548086,69,,,0,62,,1548087,69,,,0,21,,1548088,69,,,0,20,,1548089,69,,,0,69,,1548090,69,,,0,30,,1548091,69,,,0,70,,1548092,69,,,0,30,,1548093,69,,,0,70,,1548094,69,,,0,31,,1548095,69,,,0,71,,1548096,69,,,0,30,,1548097,69,,,0,70,,1548098,69,,,0
7001,'20261002',625,,1470884,69,,,0,19,,1470901,69,,,0,58,,1470902,69,,,0,22,,1470885,69,,,0,20,,1470903,69,,,0,60,,1470904,69,,,0,18,,1470886,69,,,0,18,,1470905,69,,,0,60,,1470906,69,,,0,21,,1470887,69,,,0,18,,1470907,69,,,0,19,,1470908,69,,,0,58,,1470888,69,,,0,19,,1470909,69,,,0,20,,1470910,69,,,0,60,,1470889,69,,,0,20,,1470911,69,,,0,21,,1470912,69,,,0,60,,1470890,69,,,0,20,,1470913,69,,,0,21,,1470914,69,,,0,60,,1470891,69,,,0,19,,1470915,69,,,0,17,,1470916,69,,,0,62,,1470892,69,,,0,19,,1470917,69,,,0,23,,1470918,69,,,0,59,,1470893,69,,,0,24,,1470919,69,,,0,61,,1470920,69,,,0,21,,1470894,69,,,0,22,,1470921,69,,,0,64,,1470922,69,,,0,23,,1470895,69,,,0,21,,1470923,69,,,0,62,,1470924,69,,,0,21,,1470896,69,,,0,20,,1470925,69,,,0,69,,1470897,69,,,0,30,,1470926,69,,,0,70,,1470898,69,,,0,30,,1470927,69,,,0,70,,1470899,69,,,0,31,,1470928,69,,,0,71,,1470900,69,,,0,30,,1470929,69,,,0,70,,1470930,69,,,0
7001,'20261003',625,,1493861,69,,,0,30,,1493877,69,,,0,70,,1493862,69,,,0,30,,1493878,69,,,0,69,,1493863,69,,,0,30,,1493879,69,,,0,70,,1493864,69,,,0,30,,1493880,69,,,0,70,,1493865,69,,,0,30,,1493881,69,,,0,70,,1493866,69,,,0,30,,1493882,69,,,0,69,,1493867,69,,,0,30,,1493883,69,,,0,70,,1493868,69,,,0,30,,1493884,69,,,0,70,,1493885,69,,,0,30,,1493886,69,,,0,70,,1493887,69,,,0,30,,1493888,69,,,0,69,,1493869,69,,,0,30,,1493889,69,,,0,71,,1493870,69,,,0,31,,1493890,69,,,0,71,,1493871,69,,,0,30,,1493891,69,,,0,70,,1493892,69,,,0,30,,1493872,69,,,0,70,,1493893,69,,,0,30,,1493873,69,,,0,70,,1493876,69,,,0,30,,1493874,69,,,0,70,,1493894,69,,,0,30,,1493875,69,,,0
7001,'20261004',625,,1493895,69,,,0,30,,1493912,69,,,0,70,,1493896,69,,,0,30,,1493913,69,,,0,69,,1493897,69,,,0,30,,1493911,69,,,0,70,,1493898,69,,,0,30,,1493914,69,,,0,70,,1493899,69,,,0,30,,1493915,69,,,0,70,,1493900,69,,,0,30,,1493916,69,,,0,69,,1493901,69,,,0,30,,1493917,69,,,0,70,,1493902,69,,,0,30,,1493918,69,,,0,70,,1493919,69,,,0,30,,1493920,69,,,0,70,,1493921,69,,,0,30,,1493922,69,,,0,69,,1493903,69,,,0,30,,1493923,69,,,0,71,,1493904,69,,,0,31,,1493924,69,,,0,71,,1493905,69,,,0,30,,1493925,69,,,0,70,,1493926,69,,,0,30,,1493906,69,,,0,70,,1493927,69,,,0,30,,1493907,69,,,0,70,,1493910,69,,,0,30,,1493908,69,,,0,70,,1493928,69,,,0,30,,1493909,69,,,0
7001,'20261005',625,,1493929,69,,,0,19,,1493946,69,,,0,58,,1493947,69,,,0,22,,1493930,69,,,0,20,,1493948,69,,,0,60,,1493949,69,,,0,18,,1493931,69,,,0,18,,1493950,69,,,0,60,,1493951,69,,,0,21,,1493932,69,,,0,18,,1493952,69,,,0,19,,1493953,69,,,0,58,,1493933,69,,,0,19,,1493954,69,,,0,20,,1493955,69,,,0,60,,1493934,69,,,0,20,,1493956,69,,,0,21,,1493957,69,,,0,60,,1493935,69,,,0,20,,1493958,69,,,0,21,,1493959,69,,,0,60,,1493936,69,,,0,19,,1493960,69,,,0,17,,1493961,69,,,0,62,,1493937,69,,,0,19,,1493962,69,,,0,23,,1493963,69,,,0,59,,1493938,69,,,0,24,,1493964,69,,,0,61,,1493965,69,,,0,21,,1493939,69,,,0,22,,1493966,69,,,0,64,,1493967,69,,,0,23,,1493940,69,,,0,21,,1493968,69,,,0,62,,1493969,69,,,0,21,,1493941,69,,,0,20,,1493970,69,,,0,69,,1493942,69,,,0,30,,1493971,69,,,0,70,,1493943,69,,,0,30,,1493972,69,,,0,70,,1493944,69,,,0,31,,1493973,69,,,0,71,,1493945,69,,,0,30,,1493974,69,,,0,70,,1493975,69,,,0
7001,'20261006',625,,1519902,69,,,0,19,,1519919,69,,,0,58,,1519920,69,,,0,22,,1519903,69,,,0,20,,1519921,69,,,0,60,,1519922,69,,,0,18,,1519904,69,,,0,18,,1519923,69,,,0,60,,1519924,69,,,0,21,,1519905,69,,,0,18,,1519925,69,,,0,19,,1519926,69,,,0,58,,1519906,69,,,0,19,,1519927,69,,,0,20,,1519928,69,,,0,60,,1519907,69,,,0,20,,1519929,69,,,0,21,,1519930,69,,,0,60,,1519908,69,,,0,20,,1519931,69,,,0,21,,1519932,69,,,0,60,,1519909,69,,,0,19,,1519933,69,,,0,17,,1519934,69,,,0,62,,1519910,69,,,0,19,,1519935,69,,,0,23,,1519936,69,,,0,59,,1519911,69,,,0,24,,1519937,69,,,0,61,,1519938,69,,,0,21,,1519912,69,,,0,22,,1519939,69,,,0,64,,1519940,69,,,0,23,,1519913,69,,,0,21,,1519941,69,,,0,62,,1519942,69,,,0,21,,1519914,69,,,0,20,,1519943,69,,,0,69,,1519915,69,,,0,30,,1519944,69,,,0,70,,1519916,69,,,0,30,,1519945,69,,,0,70,,1519917,69,,,0,31,,1519946,69,,,0,71,,1519918,69,,,0,30,,1519947,69,,,0,70,,1519948,69,,,0
7001,'20261007',625,,1519949,69,,,0,19,,1519966,69,,,0,58,,1519967,69,,,0,22,,1519950,69,,,0,20,,1519968,69,,,0,60,,1519969,69,,,0,18,,1519951,69,,,0,18,,1519970,69,,,0,60,,1519971,69,,,0,21,,1519952,69,,,0,18,,1519972,69,,,0,19,,1519973,69,,,0,58,,1519953,69,,,0,19,,1519974,69,,,0,20,,1519975,69,,,0,60,,1519954,69,,,0,20,,1519976,69,,,0,21,,1519977,69,,,0,60,,1519955,69,,,0,20,,1519978,69,,,0,21,,1519979,69,,,0,60,,1519956,69,,,0,19,,1519980,69,,,0,17,,1519981,69,,,0,62,,1519957,69,,,0,19,,1519982,69,,,0,23,,1519983,69,,,0,59,,1519958,69,,,0,24,,1519984,69,,,0,61,,1519985,69,,,0,21,,1519959,69,,,0,22,,1519986,69,,,0,64,,1519987,69,,,0,23,,1519960,69,,,0,21,,1519988,69,,,0,62,,1519989,69,,,0,21,,1519961,69,,,0,20,,1519990,69,,,0,69,,1519962,69,,,0,30,,1519991,69,,,0,70,,1519963,69,,,0,30,,1519992,69,,,0,70,,1519964,69,,,0,31,,1519993,69,,,0,71,,1519965,69,,,0,30,,1519994,69,,,0,70,,1519995,69,,,0
7001,'20261008',625,,1519996,69,,,0,19,,1520013,69,,,0,58,,1520014,69,,,0,22,,1519997,69,,,0,20,,1520015,69,,,0,60,,1520016,69,,,0,18,,1519998,69,,,0,18,,1520017,69,,,0,60,,1520018,69,,,0,21,,1519999,69,,,0,18,,1520019,69,,,0,19,,1520020,69,,,0,58,,1520000,69,,,0,19,,1520021,69,,,0,20,,1520022,69,,,0,60,,1520001,69,,,0,20,,1520023,69,,,0,21,,1520024,69,,,0,60,,1520002,69,,,0,20,,1520025,69,,,0,21,,1520026,69,,,0,60,,1520003,69,,,0,19,,1520027,69,,,0,17,,1520028,69,,,0,62,,1520004,69,,,0,19,,1520029,69,,,0,23,,1520030,69,,,0,59,,1520005,69,,,0,24,,1520031,69,,,0,61,,1520032,69,,,0,21,,1520006,69,,,0,22,,1520033,69,,,0,64,,1520034,69,,,0,23,,1520007,69,,,0,21,,1520035,69,,,0,62,,1520036,69,,,0,21,,1520008,69,,,0,20,,1520037,69,,,0,69,,1520009,69,,,0,30,,1520038,69,,,0,70,,1520010,69,,,0,30,,1520039,69,,,0,70,,1520011,69,,,0,31,,1520040,69,,,0,71,,1520012,69,,,0,30,,1520041,69,,,0,70,,1520042,69,,,0
7001,'20261009',625,,1520043,69,,,0,19,,1520060,69,,,0,58,,1520061,69,,,0,22,,1520044,69,,,0,20,,1520062,69,,,0,60,,1520063,69,,,0,18,,1520045,69,,,0,18,,1520064,69,,,0,60,,1520065,69,,,0,21,,1520046,69,,,0,18,,1520066,69,,,0,19,,1520067,69,,,0,58,,1520047,69,,,0,19,,1520068,69,,,0,20,,1520069,69,,,0,60,,1520048,69,,,0,20,,1520070,69,,,0,21,,1520071,69,,,0,60,,1520049,69,,,0,20,,1520072,69,,,0,21,,1520073,69,,,0,60,,1520050,69,,,0,19,,1520074,69,,,0,17,,1520075,69,,,0,62,,1520051,69,,,0,19,,1520076,69,,,0,23,,1520077,69,,,0,59,,1520052,69,,,0,24,,1520078,69,,,0,61,,1520079,69,,,0,21,,1520053,69,,,0,22,,1520080,69,,,0,64,,1520081,69,,,0,23,,1520054,69,,,0,21,,1520082,69,,,0,62,,1520083,69,,,0,21,,1520055,69,,,0,20,,1520084,69,,,0,69,,1520056,69,,,0,30,,1520085,69,,,0,70,,1520057,69,,,0,30,,1520086,69,,,0,70,,1520058,69,,,0,31,,1520087,69,,,0,71,,1520059,69,,,0,30,,1520088,69,,,0,70,,1520089,69,,,0
7001,'20261010',625,,1548099,69,,,0,30,,1548115,69,,,0,70,,1548100,69,,,0,30,,1548116,69,,,0,69,,1548101,69,,,0,30,,1548117,69,,,0,70,,1548102,69,,,0,30,,1548118,69,,,0,70,,1548103,69,,,0,30,,1548119,69,,,0,70,,1548104,69,,,0,30,,1548120,69,,,0,69,,1548105,69,,,0,30,,1548121,69,,,0,70,,1548106,69,,,0,30,,1548122,69,,,0,70,,1548123,69,,,0,30,,1548124,69,,,0,70,,1548125,69,,,0,30,,1548126,69,,,0,69,,1548107,69,,,0,30,,1548127,69,,,0,71,,1548108,69,,,0,31,,1548128,69,,,0,71,,1548109,69,,,0,30,,1548129,69,,,0,70,,1548130,69,,,0,30,,1548110,69,,,0,70,,1548131,69,,,0,30,,1548111,69,,,0,70,,1548114,69,,,0,30,,1548112,69,,,0,70,,1548132,69,,,0,30,,1548113,69,,,0
7001,'20261011',625,,1548133,69,,,0,30,,1548150,69,,,0,70,,1548134,69,,,0,30,,1548151,69,,,0,69,,1548135,69,,,0,30,,1548149,69,,,0,70,,1548136,69,,,0,30,,1548152,69,,,0,70,,1548137,69,,,0,30,,1548153,69,,,0,70,,1548138,69,,,0,30,,1548154,69,,,0,69,,1548139,69,,,0,30,,1548155,69,,,0,70,,1548140,69,,,0,30,,1548156,69,,,0,70,,1548157,69,,,0,30,,1548158,69,,,0,70,,1548159,69,,,0,30,,1548160,69,,,0,69,,1548141,69,,,0,30,,1548161,69,,,0,71,,1548142,69,,,0,31,,1548162,69,,,0,71,,1548143,69,,,0,30,,1548163,69,,,0,70,,1548164,69,,,0,30,,1548144,69,,,0,70,,1548165,69,,,0,30,,1548145,69,,,0,70,,1548148,69,,,0,30,,1548146,69,,,0,70,,1548166,69,,,0,30,,1548147,69,,,0
7001,'20261012',625,,1548167,69,,,0,30,,1548184,69,,,0,70,,1548168,69,,,0,30,,1548185,69,,,0,69,,1548169,69,,,0,30,,1548183,69,,,0,70,,1548170,69,,,0,30,,1548186,69,,,0,70,,1548171,69,,,0,30,,1548187,69,,,0,70,,1548172,69,,,0,30,,1548188,69,,,0,69,,1548173,69,,,0,30,,1548189,69,,,0,70,,1548174,69,,,0,30,,1548190,69,,,0,70,,1548191,69,,,0,30,,1548192,69,,,0,70,,1548193,69,,,0,30,,1548194,69,,,0,69,,1548175,69,,,0,30,,1548195,69,,,0,71,,1548176,69,,,0,31,,1548196,69,,,0,71,,1548177,69,,,0,30,,1548197,69,,,0,70,,1548198,69,,,0,30,,1548178,69,,,0,70,,1548199,69,,,0,30,,1548179,69,,,0,70,,1548182,69,,,0,30,,1548180,69,,,0,70,,1548200,69,,,0,30,,1548181,69,,,0
7101,'20260929',606,,1548441,10,,,0,17,,1548442,10,,,0,20,,1548443,10,,,0,61,,1548444,10,,,0,19,,1548445,10,,,0,20,,1548446,10,,,0,59,,1548447,10,,,0,21,,1548448,10,,,0,20,,1548449,10,,,0,60,,1548450,10,,,0,19,,1548451,10,,,0,19,,1548452,10,,,0,65,,1548453,10,,,0,19,,1548454,10,,,0,19,,1548455,10,,,0,60,,1548456,10,,,0,17,,1548457,10,,,0,19,,1548458,10,,,0,60,,1548459,10,,,0,21,,1548460,10,,,0,20,,1548461,10,,,0,60,,1548462,10,,,0,21,,1548463,10,,,0,22,,1548464,10,,,0,63,,1548465,10,,,0,22,,1548466,10,,,0,21,,1548467,10,,,0,59,,1548468,10,,,0,20,,1548469,10,,,0,23,,1548470,10,,,0,59,,1548471,10,,,0,22,,1548472,10,,,0,20,,1548473,10,,,0,59,,1548474,10,,,0,20,,1548475,10,,,0,20,,1548476,10,,,0,62,,1548477,10,,,0,19,,1548478,10,,,0,20,,1548479,10,,,0,61,,1548480,10,,,0,30,,1548481,10,,,0,69,,1548482,10,,,0,30,,1548483,10,,,0,70,,1548484,10,,,0,31,,1548485,10,,,0,71,,1548486,10,,,0,30,,1548487,10,,,0
7101,'20260930',606,,1548488,10,,,0,17,,1548489,10,,,0,20,,1548490,10,,,0,61,,1548491,10,,,0,19,,1548492,10,,,0,20,,1548493,10,,,0,59,,1548494,10,,,0,21,,1548495,10,,,0,20,,1548496,10,,,0,60,,1548497,10,,,0,19,,1548498,10,,,0,19,,1548499,10,,,0,65,,1548500,10,,,0,19,,1548501,10,,,0,19,,1548502,10,,,0,60,,1548503,10,,,0,17,,1548504,10,,,0,19,,1548505,10,,,0,60,,1548506,10,,,0,21,,1548507,10,,,0,20,,1548508,10,,,0,60,,1548509,10,,,0,21,,1548510,10,,,0,22,,1548511,10,,,0,63,,1548512,10,,,0,22,,1548513,10,,,0,21,,1548514,10,,,0,59,,1548515,10,,,0,20,,1548516,10,,,0,23,,1548517,10,,,0,59,,1548518,10,,,0,22,,1548519,10,,,0,20,,1548520,10,,,0,59,,1548521,10,,,0,20,,1548522,10,,,0,20,,1548523,10,,,0,62,,1548524,10,,,0,19,,1548525,10,,,0,20,,1548526,10,,,0,61,,1548527,10,,,0,30,,1548528,10,,,0,69,,1548529,10,,,0,30,,1548530,10,,,0,70,,1548531,10,,,0,31,,1548532,10,,,0,71,,1548533,10,,,0,30,,1548534,10,,,0
7101,'20261001',606,,1548535,10,,,0,17,,1548536,10,,,0,20,,1548537,10,,,0,61,,1548538,10,,,0,19,,1548539,10,,,0,20,,1548540,10,,,0,59,,1548541,10,,,0,21,,1548542,10,,,0,20,,1548543,10,,,0,60,,1548544,10,,,0,19,,1548545,10,,,0,19,,1548546,10,,,0,65,,1548547,10,,,0,19,,1548548,10,,,0,19,,1548549,10,,,0,60,,1548550,10,,,0,17,,1548551,10,,,0,19,,1548552,10,,,0,60,,1548553,10,,,0,21,,1548554,10,,,0,20,,1548555,10,,,0,60,,1548556,10,,,0,21,,1548557,10,,,0,22,,1548558,10,,,0,63,,1548559,10,,,0,22,,1548560,10,,,0,21,,1548561,10,,,0,59,,1548562,10,,,0,20,,1548563,10,,,0,23,,1548564,10,,,0,59,,1548565,10,,,0,22,,1548566,10,,,0,20,,1548567,10,,,0,59,,1548568,10,,,0,20,,1548569,10,,,0,20,,1548570,10,,,0,62,,1548571,10,,,0,19,,1548572,10,,,0,20,,1548573,10,,,0,61,,1548574,10,,,0,30,,1548575,10,,,0,69,,1548576,10,,,0,30,,1548577,10,,,0,70,,1548578,10,,,0,31,,1548579,10,,,0,71,,1548580,10,,,0,30,,1548581,10,,,0
7101,'20261002',606,,1471438,10,,,0,17,,1471437,10,,,0,20,,1471392,10,,,0,61,,1471393,10,,,0,19,,1471394,10,,,0,20,,1471395,10,,,0,59,,1471396,10,,,0,21,,1471397,10,,,0,20,,1471398,10,,,0,60,,1471399,10,,,0,19,,1471400,10,,,0,19,,1471401,10,,,0,65,,1471402,10,,,0,19,,1471403,10,,,0,19,,1471404,10,,,0,60,,1471405,10,,,0,17,,1471406,10,,,0,19,,1471407,10,,,0,60,,1471408,10,,,0,21,,1471409,10,,,0,20,,1471410,10,,,0,60,,1471411,10,,,0,21,,1471412,10,,,0,22,,1471413,10,,,0,63,,1471414,10,,,0,22,,1471415,10,,,0,21,,1471416,10,,,0,59,,1471417,10,,,0,20,,1471418,10,,,0,23,,1471419,10,,,0,59,,1471420,10,,,0,22,,1471421,10,,,0,20,,1471422,10,,,0,59,,1471423,10,,,0,20,,1471424,10,,,0,20,,1471425,10,,,0,62,,1471426,10,,,0,19,,1471427,10,,,0,20,,1471428,10,,,0,61,,1471429,10,,,0,30,,1471430,10,,,0,69,,1471431,10,,,0,30,,1471432,10,,,0,70,,1471434,10,,,0,31,,1471435,10,,,0,71,,1471436,10,,,0,30,,1471433,10,,,0
7101,'20261003',710,,1494371,10,,,0,30,,1494372,10,,,0,69,,1494373,10,,,0,31,,1494374,10,,,0,70,,1494375,10,,,0,31,,1494376,10,,,0,70,,1494377,10,,,0,31,,1494378,10,,,0,70,,1494379,10,,,0,30,,1494380,10,,,0,69,,1494381,10,,,0,31,,1494382,10,,,0,70,,1494383,10,,,0,30,,1494384,10,,,0,70,,1494385,10,,,0,32,,1494386,10,,,0,68,,1494387,10,,,0,30,,1494388,10,,,0,70,,1494389,10,,,0,30,,1494390,10,,,0,70,,1494391,10,,,0,31,,1494392,10,,,0,71,,1494393,10,,,0,29,,1494394,10,,,0,70,,1494395,10,,,0,28,,1494396,10,,,0,71,,1494397,10,,,0,30,,1494398,10,,,0,71,,1494399,10,,,0,30,,1494400,10,,,0,70,,1494401,10,,,0,31,,1494402,10,,,0,71,,1494403,10,,,0
7101,'20261004',710,,1494404,10,,,0,30,,1494405,10,,,0,69,,1494406,10,,,0,31,,1494407,10,,,0,70,,1494408,10,,,0,31,,1494409,10,,,0,70,,1494410,10,,,0,31,,1494411,10,,,0,70,,1494412,10,,,0,30,,1494413,10,,,0,69,,1494414,10,,,0,31,,1494415,10,,,0,70,,1494416,10,,,0,30,,1494417,10,,,0,70,,1494418,10,,,0,32,,1494419,10,,,0,68,,1494420,10,,,0,30,,1494421,10,,,0,70,,1494422,10,,,0,30,,1494423,10,,,0,70,,1494424,10,,,0,31,,1494425,10,,,0,71,,1494426,10,,,0,29,,1494427,10,,,0,70,,1494428,10,,,0,28,,1494429,10,,,0,71,,1494430,10,,,0,30,,1494431,10,,,0,71,,1494432,10,,,0,30,,1494433,10,,,0,70,,1494434,10,,,0,31,,1494435,10,,,0,71,,1494436,10,,,0
7101,'20261005',606,,1494483,10,,,0,17,,1494482,10,,,0,20,,1494437,10,,,0,61,,1494438,10,,,0,19,,1494439,10,,,0,20,,1494440,10,,,0,59,,1494441,10,,,0,21,,1494442,10,,,0,20,,1494443,10,,,0,60,,1494444,10,,,0,19,,1494445,10,,,0,19,,1494446,10,,,0,65,,1494447,10,,,0,19,,1494448,10,,,0,19,,1494449,10,,,0,60,,1494450,10,,,0,17,,1494451,10,,,0,19,,1494452,10,,,0,60,,1494453,10,,,0,21,,1494454,10,,,0,20,,1494455,10,,,0,60,,1494456,10,,,0,21,,1494457,10,,,0,22,,1494458,10,,,0,63,,1494459,10,,,0,22,,1494460,10,,,0,21,,1494461,10,,,0,59,,1494462,10,,,0,20,,1494463,10,,,0,23,,1494464,10,,,0,59,,1494465,10,,,0,22,,1494466,10,,,0,20,,1494467,10,,,0,59,,1494468,10,,,0,20,,1494469,10,,,0,20,,1494470,10,,,0,62,,1494471,10,,,0,19,,1494472,10,,,0,20,,1494473,10,,,0,61,,1494474,10,,,0,30,,1494475,10,,,0,69,,1494476,10,,,0,30,,1494477,10,,,0,70,,1494479,10,,,0,31,,1494480,10,,,0,71,,1494481,10,,,0,30,,1494478,10,,,0
7101,'20261006',606,,1520644,10,,,0,17,,1520643,10,,,0,20,,1520598,10,,,0,61,,1520599,10,,,0,19,,1520600,10,,,0,20,,1520601,10,,,0,59,,1520602,10,,,0,21,,1520603,10,,,0,20,,1520604,10,,,0,60,,1520605,10,,,0,19,,1520606,10,,,0,19,,1520607,10,,,0,65,,1520608,10,,,0,19,,1520609,10,,,0,19,,1520610,10,,,0,60,,1520611,10,,,0,17,,1520612,10,,,0,19,,1520613,10,,,0,60,,1520614,10,,,0,21,,1520615,10,,,0,20,,1520616,10,,,0,60,,1520617,10,,,0,21,,1520618,10,,,0,22,,1520619,10,,,0,63,,1520620,10,,,0,22,,1520621,10,,,0,21,,1520622,10,,,0,59,,1520623,10,,,0,20,,1520624,10,,,0,23,,1520625,10,,,0,59,,1520626,10,,,0,22,,1520627,10,,,0,20,,1520628,10,,,0,59,,1520629,10,,,0,20,,1520630,10,,,0,20,,1520631,10,,,0,62,,1520632,10,,,0,19,,1520633,10,,,0,20,,1520634,10,,,0,61,,1520635,10,,,0,30,,1520636,10,,,0,69,,1520637,10,,,0,30,,1520638,10,,,0,70,,1520640,10,,,0,31,,1520641,10,,,0,71,,1520642,10,,,0,30,,1520639,10,,,0
7101,'20261007',606,,1520691,10,,,0,17,,1520690,10,,,0,20,,1520645,10,,,0,61,,1520646,10,,,0,19,,1520647,10,,,0,20,,1520648,10,,,0,59,,1520649,10,,,0,21,,1520650,10,,,0,20,,1520651,10,,,0,60,,1520652,10,,,0,19,,1520653,10,,,0,19,,1520654,10,,,0,65,,1520655,10,,,0,19,,1520656,10,,,0,19,,1520657,10,,,0,60,,1520658,10,,,0,17,,1520659,10,,,0,19,,1520660,10,,,0,60,,1520661,10,,,0,21,,1520662,10,,,0,20,,1520663,10,,,0,60,,1520664,10,,,0,21,,1520665,10,,,0,22,,1520666,10,,,0,63,,1520667,10,,,0,22,,1520668,10,,,0,21,,1520669,10,,,0,59,,1520670,10,,,0,20,,1520671,10,,,0,23,,1520672,10,,,0,59,,1520673,10,,,0,22,,1520674,10,,,0,20,,1520675,10,,,0,59,,1520676,10,,,0,20,,1520677,10,,,0,20,,1520678,10,,,0,62,,1520679,10,,,0,19,,1520680,10,,,0,20,,1520681,10,,,0,61,,1520682,10,,,0,30,,1520683,10,,,0,69,,1520684,10,,,0,30,,1520685,10,,,0,70,,1520687,10,,,0,31,,1520688,10,,,0,71,,1520689,10,,,0,30,,1520686,10,,,0
7101,'20261008',606,,1520738,10,,,0,17,,1520737,10,,,0,20,,1520692,10,,,0,61,,1520693,10,,,0,19,,1520694,10,,,0,20,,1520695,10,,,0,59,,1520696,10,,,0,21,,1520697,10,,,0,20,,1520698,10,,,0,60,,1520699,10,,,0,19,,1520700,10,,,0,19,,1520701,10,,,0,65,,1520702,10,,,0,19,,1520703,10,,,0,19,,1520704,10,,,0,60,,1520705,10,,,0,17,,1520706,10,,,0,19,,1520707,10,,,0,60,,1520708,10,,,0,21,,1520709,10,,,0,20,,1520710,10,,,0,60,,1520711,10,,,0,21,,1520712,10,,,0,22,,1520713,10,,,0,63,,1520714,10,,,0,22,,1520715,10,,,0,21,,1520716,10,,,0,59,,1520717,10,,,0,20,,1520718,10,,,0,23,,1520719,10,,,0,59,,1520720,10,,,0,22,,1520721,10,,,0,20,,1520722,10,,,0,59,,1520723,10,,,0,20,,1520724,10,,,0,20,,1520725,10,,,0,62,,1520726,10,,,0,19,,1520727,10,,,0,20,,1520728,10,,,0,61,,1520729,10,,,0,30,,1520730,10,,,0,69,,1520731,10,,,0,30,,1520732,10,,,0,70,,1520734,10,,,0,31,,1520735,10,,,0,71,,1520736,10,,,0,30,,1520733,10,,,0
7101,'20261009',606,,1520785,10,,,0,17,,1520784,10,,,0,20,,1520739,10,,,0,61,,1520740,10,,,0,19,,1520741,10,,,0,20,,1520742,10,,,0,59,,1520743,10,,,0,21,,1520744,10,,,0,20,,1520745,10,,,0,60,,1520746,10,,,0,19,,1520747,10,,,0,19,,1520748,10,,,0,65,,1520749,10,,,0,19,,1520750,10,,,0,19,,1520751,10,,,0,60,,1520752,10,,,0,17,,1520753,10,,,0,19,,1520754,10,,,0,60,,1520755,10,,,0,21,,1520756,10,,,0,20,,1520757,10,,,0,60,,1520758,10,,,0,21,,1520759,10,,,0,22,,1520760,10,,,0,63,,1520761,10,,,0,22,,1520762,10,,,0,21,,1520763,10,,,0,59,,1520764,10,,,0,20,,1520765,10,,,0,23,,1520766,10,,,0,59,,1520767,10,,,0,22,,1520768,10,,,0,20,,1520769,10,,,0,59,,1520770,10,,,0,20,,1520771,10,,,0,20,,1520772,10,,,0,62,,1520773,10,,,0,19,,1520774,10,,,0,20,,1520775,10,,,0,61,,1520776,10,,,0,30,,1520777,10,,,0,69,,1520778,10,,,0,30,,1520779,10,,,0,70,,1520781,10,,,0,31,,1520782,10,,,0,71,,1520783,10,,,0,30,,1520780,10,,,0
7101,'20261010',710,,1548582,10,,,0,30,,1548583,10,,,0,69,,1548584,10,,,0,31,,1548585,10,,,0,70,,1548586,10,,,0,31,,1548587,10,,,0,70,,1548588,10,,,0,31,,1548589,10,,,0,70,,1548590,10,,,0,30,,1548591,10,,,0,69,,1548592,10,,,0,31,,1548593,10,,,0,70,,1548594,10,,,0,30,,1548595,10,,,0,70,,1548596,10,,,0,32,,1548597,10,,,0,68,,1548598,10,,,0,30,,1548599,10,,,0,70,,1548600,10,,,0,30,,1548601,10,,,0,70,,1548602,10,,,0,31,,1548603,10,,,0,71,,1548604,10,,,0,29,,1548605,10,,,0,70,,1548606,10,,,0,28,,1548607,10,,,0,71,,1548608,10,,,0,30,,1548609,10,,,0,71,,1548610,10,,,0,30,,1548611,10,,,0,70,,1548612,10,,,0,31,,1548613,10,,,0,71,,1548614,10,,,0
7101,'20261011',710,,1548615,10,,,0,30,,1548616,10,,,0,69,,1548617,10,,,0,31,,1548618,10,,,0,70,,1548619,10,,,0,31,,1548620,10,,,0,70,,1548621,10,,,0,31,,1548622,10,,,0,70,,1548623,10,,,0,30,,1548624,10,,,0,69,,1548625,10,,,0,31,,1548626,10,,,0,70,,1548627,10,,,0,30,,1548628,10,,,0,70,,1548629,10,,,0,32,,1548630,10,,,0,68,,1548631,10,,,0,30,,1548632,10,,,0,70,,1548633,10,,,0,30,,1548634,10,,,0,70,,1548635,10,,,0,31,,1548636,10,,,0,71,,1548637,10,,,0,29,,1548638,10,,,0,70,,1548639,10,,,0,28,,1548640,10,,,0,71,,1548641,10,,,0,30,,1548642,10,,,0,71,,1548643,10,,,0,30,,1548644,10,,,0,70,,1548645,10,,,0,31,,1548646,10,,,0,71,,1548647,10,,,0
7101,'20261012',710,,1548648,10,,,0,30,,1548649,10,,,0,69,,1548650,10,,,0,31,,1548651,10,,,0,70,,1548652,10,,,0,31,,1548653,10,,,0,70,,1548654,10,,,0,31,,1548655,10,,,0,70,,1548656,10,,,0,30,,1548657,10,,,0,69,,1548658,10,,,0,31,,1548659,10,,,0,70,,1548660,10,,,0,30,,1548661,10,,,0,70,,1548662,10,,,0,32,,1548663,10,,,0,68,,1548664,10,,,0,30,,1548665,10,,,0,70,,1548666,10,,,0,30,,1548667,10,,,0,70,,1548668,10,,,0,31,,1548669,10,,,0,71,,1548670,10,,,0,29,,1548671,10,,,0,70,,1548672,10,,,0,28,,1548673,10,,,0,71,,1548674,10,,,0,30,,1548675,10,,,0,71,,1548676,10,,,0,30,,1548677,10,,,0,70,,1548678,10,,,0,31,,1548679,10,,,0,71,,1548680,10,,,0
27201,'20260929',635,,1553051,37,,,0,23,,1553052,37,,,0,68,,1553053,37,,,0,12,,1553054,37,,,0,70,,1553055,37,,,0
27201,'20260930',635,,1553056,37,,,0,23,,1553057,37,,,0,68,,1553058,37,,,0,12,,1553059,37,,,0,70,,1553060,37,,,0
27201,'20261001',635,,1553061,37,,,0,23,,1553062,37,,,0,68,,1553063,37,,,0,12,,1553064,37,,,0,70,,1553065,37,,,0
27201,'20261002',635,,1476143,37,,,0,23,,1476140,37,,,0,68,,1476139,37,,,0,12,,1476142,37,,,0,70,,1476141,37,,,0
27201,'20261005',635,,1499180,37,,,0,23,,1499177,37,,,0,68,,1499176,37,,,0,12,,1499179,37,,,0,70,,1499178,37,,,0
27201,'20261006',635,,1527269,37,,,0,23,,1527266,37,,,0,68,,1527265,37,,,0,12,,1527268,37,,,0,70,,1527267,37,,,0
27201,'20261007',635,,1527274,37,,,0,23,,1527271,37,,,0,68,,1527270,37,,,0,12,,1527273,37,,,0,70,,1527272,37,,,0
27201,'20261008',635,,1527279,37,,,0,23,,1527276,37,,,0,68,,1527275,37,,,0,12,,1527278,37,,,0,70,,1527277,37,,,0
27201,'20261009',635,,1527284,37,,,0,23,,1527281,37,,,0,68,,1527280,37,,,0,12,,1527283,37,,,0,70,,1527282,37,,,0
