101,'20261002',602,,1562284,31,,,1,20,,1562285,31,,,1,20,,1562286,31,,,1,72,,1562288,31,,,1,34,,1562290,31,,,1,71,,1562292,31,,,1,29,,1562294,31,,,1,70,,1562296,31,,,1,30,,1562297,31,,,1,69,,1562298,31,,,1,30,,1562299,31,,,1,70,,1562300,31,,,1,30,,1562301,31,,,1,70,,1562302,31,,,1,29,,1562303,31,,,1,70,,1562304,31,,,1,30,,1562305,31,,,1,70,,1562306,31,,,1,31,,1562307,31,,,1,69,,1562308,31,,,1,16,,1562309,31,,,1,14,,1562310,31,,,1,54,,1562311,31,,,1,15,,1562312,31,,,1,16,,1562313,31,,,1,16,,1562314,31,,,1,62,,1562315,31,,,1,28,,1562316,31,,,1,72,,1562317,31,,,1,30,,1562318,31,,,1,70,,1562319,31,,,1,30,,1562320,31,,,1,70,,1562321,31,,,1,100,,1562322,31,,,1,101,,1562323,31,,,1,100,,1562324,31,,,1,100,,1562325,31,,,1
101,'20261003',612,,1562327,31,,,1,100,,1562328,31,,,1,100,,1562329,31,,,1,101,,1562330,31,,,1,99,,1562331,31,,,1,99,,1562332,31,,,1,30,,1562333,31,,,1,71,,1562334,31,,,1,29,,1562335,31,,,1,71,,1562336,31,,,1,28,,1562337,31,,,1,70,,1562338,31,,,1,30,,1562339,31,,,1,70,,1562340,31,,,1,30,,1562341,31,,,1,69,,1562326,31,,,1,31,,1562342,31,,,1,70,,1562343,31,,,1,101,,1562344,31,,,1,100,,1562345,31,,,1,101,,1562346,31,,,1,100,,1562347,31,,,1,100,,1562348,31,,,1,100,,1562349,31,,,1,100,,1562350,31,,,1
101,'20261004',612,,1562351,31,,,1,100,,1562352,31,,,1,100,,1562353,31,,,1,101,,1562354,31,,,1,99,,1562355,31,,,1,99,,1562356,31,,,1,30,,1562357,31,,,1,71,,1562358,31,,,1,29,,1562359,31,,,1,71,,1562360,31,,,1,28,,1562361,31,,,1,70,,1562362,31,,,1,30,,1562363,31,,,1,70,,1562364,31,,,1,30,,1562365,31,,,1,69,,1562366,31,,,1,31,,1562367,31,,,1,70,,1562368,31,,,1,101,,1562369,31,,,1,100,,1562370,31,,,1,101,,1562371,31,,,1,100,,1562372,31,,,1,100,,1562373,31,,,1,100,,1562374,31,,,1,100,,1562375,31,,,1
101,'20261005',602,,1562376,31,,,1,20,,1562377,31,,,1,20,,1562378,31,,,1,72,,1562380,31,,,1,34,,1562382,31,,,1,71,,1562384,31,,,1,29,,1562386,31,,,1,70,,1562388,31,,,1,30,,1562389,31,,,1,69,,1562390,31,,,1,30,,1562391,31,,,1,70,,1562392,31,,,1,30,,1562393,31,,,1,70,,1562394,31,,,1,29,,1562395,31,,,1,70,,1562396,31,,,1,30,,1562397,31,,,1,70,,1562398,31,,,1,31,,1562399,31,,,1,69,,1562400,31,,,1,16,,1562401,31,,,1,14,,1562402,31,,,1,54,,1562403,31,,,1,15,,1562404,31,,,1,16,,1562405,31,,,1,16,,1562406,31,,,1,62,,1562407,31,,,1,28,,1562408,31,,,1,72,,1562409,31,,,1,30,,1562410,31,,,1,70,,1562411,31,,,1,30,,1562412,31,,,1,70,,1562413,31,,,1,100,,1562414,31,,,1,101,,1562415,31,,,1,100,,1562416,31,,,1,100,,1562417,31,,,1
101,'20261006',602,,1509141,31,,,1,20,,1509142,31,,,1,20,,1509179,31,,,1,72,,1509180,31,,,1,34,,1509181,31,,,1,71,,1509171,31,,,1,29,,1509177,31,,,1,70,,1509148,31,,,1,30,,1509149,31,,,1,69,,1509150,31,,,1,30,,1509151,31,,,1,70,,1509152,31,,,1,30,,1509153,31,,,1,70,,1509154,31,,,1,29,,1509155,31,,,1,70,,1509156,31,,,1,30,,1509157,31,,,1,70,,1509158,31,,,1,31,,1509159,31,,,1,69,,1509160,31,,,1,16,,1509161,31,,,1,14,,1509162,31,,,1,54,,1509182,31,,,1,15,,1509178,31,,,1,16,,1509163,31,,,1,16,,1509164,31,,,1,62,,1509176,31,,,1,28,,1509165,31,,,1,72,,1509166,31,,,1,30,,1509167,31,,,1,70,,1509168,31,,,1,30,,1509169,31,,,1,70,,1509170,31,,,1,100,,1509175,31,,,1,101,,1509172,31,,,1,100,,1509173,31,,,1,100,,1509174,31,,,1
101,'20261007',602,,1509183,31,,,1,20,,1509184,31,,,1,20,,1509221,31,,,1,72,,1509222,31,,,1,34,,1509223,31,,,1,71,,1509213,31,,,1,29,,1509219,31,,,1,70,,1509190,31,,,1,30,,1509191,31,,,1,69,,1509192,31,,,1,30,,1509193,31,,,1,70,,1509194,31,,,1,30,,1509195,31,,,1,70,,1509196,31,,,1,29,,1509197,31,,,1,70,,1509198,31,,,1,30,,1509199,31,,,1,70,,1509200,31,,,1,31,,1509201,31,,,1,69,,1509202,31,,,1,16,,1509203,31,,,1,14,,1509204,31,,,1,54,,1509224,31,,,1,15,,1509220,31,,,1,16,,1509205,31,,,1,16,,1509206,31,,,1,62,,1509218,31,,,1,28,,1509207,31,,,1,72,,1509208,31,,,1,30,,1509209,31,,,1,70,,1509210,31,,,1,30,,1509211,31,,,1,70,,1509212,31,,,1,100,,1509217,31,,,1,101,,1509214,31,,,1,100,,1509215,31,,,1,100,,1509216,31,,,1
101,'20261008',602,,1509225,31,,,1,20,,1509226,31,,,1,20,,1509263,31,,,1,72,,1509264,31,,,1,34,,1509265,31,,,1,71,,1509255,31,,,1,29,,1509261,31,,,1,70,,1509232,31,,,1,30,,1509233,31,,,1,69,,1509234,31,,,1,30,,1509235,31,,,1,70,,1509236,31,,,1,30,,1509237,31,,,1,70,,1509238,31,,,1,29,,1509239,31,,,1,70,,1509240,31,,,1,30,,1509241,31,,,1,70,,1509242,31,,,1,31,,1509243,31,,,1,69,,1509244,31,,,1,16,,1509245,31,,,1,14,,1509246,31,,,1,54,,1509266,31,,,1,15,,1509262,31,,,1,16,,1509247,31,,,1,16,,1509248,31,,,1,62,,1509260,31,,,1,28,,1509249,31,,,1,72,,1509250,31,,,1,30,,1509251,31,,,1,70,,1509252,31,,,1,30,,1509253,31,,,1,70,,1509254,31,,,1,100,,1509259,31,,,1,101,,1509256,31,,,1,100,,1509257,31,,,1,100,,1509258,31,,,1
101,'20261009',602,,1509267,31,,,1,20,,1509268,31,,,1,20,,1509305,31,,,1,72,,1509306,31,,,1,34,,1509307,31,,,1,71,,1509297,31,,,1,29,,1509303,31,,,1,70,,1509274,31,,,1,30,,1509275,31,,,1,69,,1509276,31,,,1,30,,1509277,31,,,1,70,,1509278,31,,,1,30,,1509279,31,,,1,70,,1509280,31,,,1,29,,1509281,31,,,1,70,,1509282,31,,,1,30,,1509283,31,,,1,70,,1509284,31,,,1,31,,1509285,31,,,1,69,,1509286,31,,,1,16,,1509287,31,,,1,14,,1509288,31,,,1,54,,1509308,31,,,1,15,,1509304,31,,,1,16,,1509289,31,,,1,16,,1509290,31,,,1,62,,1509302,31,,,1,28,,1509291,31,,,1,72,,1509292,31,,,1,30,,1509293,31,,,1,70,,1509294,31,,,1,30,,1509295,31,,,1,70,,1509296,31,,,1,100,,1509301,31,,,1,101,,1509298,31,,,1,100,,1509299,31,,,1,100,,1509300,31,,,1
101,'20261010',612,,1540784,31,,,1,100,,1540761,31,,,1,100,,1540762,31,,,1,101,,1540763,31,,,1,99,,1540764,31,,,1,99,,1540765,31,,,1,30,,1540783,31,,,1,71,,1540766,31,,,1,29,,1540767,31,,,1,71,,1540768,31,,,1,28,,1540769,31,,,1,70,,1540770,31,,,1,30,,1540771,31,,,1,70,,1540772,31,,,1,30,,1540773,31,,,1,69,,1540774,31,,,1,31,,1540775,31,,,1,70,,1540776,31,,,1,101,,1540777,31,,,1,100,,1540778,31,,,1,101,,1540779,31,,,1,100,,1540780,31,,,1,100,,1540781,31,,,1,100,,1540782,31,,,1,100,,1540785,31,,,1
101,'20261011',612,,1540809,31,,,1,100,,1540786,31,,,1,100,,1540787,31,,,1,101,,1540788,31,,,1,99,,1540789,31,,,1,99,,1540790,31,,,1,30,,1540808,31,,,1,71,,1540791,31,,,1,29,,1540792,31,,,1,71,,1540793,31,,,1,28,,1540794,31,,,1,70,,1540795,31,,,1,30,,1540796,31,,,1,70,,1540797,31,,,1,30,,1540798,31,,,1,69,,1540799,31,,,1,31,,1540800,31,,,1,70,,1540801,31,,,1,101,,1540802,31,,,1,100,,1540803,31,,,1,101,,1540804,31,,,1,100,,1540805,31,,,1,100,,1540806,31,,,1,100,,1540807,31,,,1,100,,1540810,31,,,1
101,'20261012',612,,1540834,31,,,1,100,,1540811,31,,,1,100,,1540812,31,,,1,101,,1540813,31,,,1,99,,1540814,31,,,1,99,,1540815,31,,,1,30,,1540833,31,,,1,71,,1540816,31,,,1,29,,1540817,31,,,1,71,,1540818,31,,,1,28,,1540819,31,,,1,70,,1540820,31,,,1,30,,1540821,31,,,1,70,,1540822,31,,,1,30,,1540823,31,,,1,69,,1540824,31,,,1,31,,1540825,31,,,1,70,,1540826,31,,,1,101,,1540827,31,,,1,100,,1540828,31,,,1,101,,1540829,31,,,1,100,,1540830,31,,,1,100,,1540831,31,,,1,100,,1540832,31,,,1,100,,1540835,31,,,1
101,'20261013',602,,1562418,31,,,1,20,,1562419,31,,,1,20,,1562456,31,,,1,72,,1562457,31,,,1,34,,1562458,31,,,1,71,,1562448,31,,,1,29,,1562454,31,,,1,70,,1562425,31,,,1,30,,1562426,31,,,1,69,,1562427,31,,,1,30,,1562428,31,,,1,70,,1562429,31,,,1,30,,1562430,31,,,1,70,,1562431,31,,,1,29,,1562432,31,,,1,70,,1562433,31,,,1,30,,1562434,31,,,1,70,,1562435,31,,,1,31,,1562436,31,,,1,69,,1562437,31,,,1,16,,1562438,31,,,1,14,,1562439,31,,,1,54,,1562459,31,,,1,15,,1562455,31,,,1,16,,1562440,31,,,1,16,,1562441,31,,,1,62,,1562453,31,,,1,28,,1562442,31,,,1,72,,1562443,31,,,1,30,,1562444,31,,,1,70,,1562445,31,,,1,30,,1562446,31,,,1,70,,1562447,31,,,1,100,,1562452,31,,,1,101,,1562449,31,,,1,100,,1562450,31,,,1,100,,1562451,31,,,1
101,'20261014',602,,1562460,31,,,1,20,,1562461,31,,,1,20,,1562498,31,,,1,72,,1562499,31,,,1,34,,1562500,31,,,1,71,,1562490,31,,,1,29,,1562496,31,,,1,70,,1562467,31,,,1,30,,1562468,31,,,1,69,,1562469,31,,,1,30,,1562470,31,,,1,70,,1562471,31,,,1,30,,1562472,31,,,1,70,,1562473,31,,,1,29,,1562474,31,,,1,70,,1562475,31,,,1,30,,1562476,31,,,1,70,,1562477,31,,,1,31,,1562478,31,,,1,69,,1562479,31,,,1,16,,1562480,31,,,1,14,,1562481,31,,,1,54,,1562501,31,,,1,15,,1562497,31,,,1,16,,1562482,31,,,1,16,,1562483,31,,,1,62,,1562495,31,,,1,28,,1562484,31,,,1,72,,1562485,31,,,1,30,,1562486,31,,,1,70,,1562487,31,,,1,30,,1562488,31,,,1,70,,1562489,31,,,1,100,,1562494,31,,,1,101,,1562491,31,,,1,100,,1562492,31,,,1,100,,1562493,31,,,1
101,'20261015',602,,1562502,31,,,1,20,,1562503,31,,,1,20,,1562540,31,,,1,72,,1562541,31,,,1,34,,1562542,31,,,1,71,,1562532,31,,,1,29,,1562538,31,,,1,70,,1562509,31,,,1,30,,1562510,31,,,1,69,,1562511,31,,,1,30,,1562512,31,,,1,70,,1562513,31,,,1,30,,1562514,31,,,1,70,,1562515,31,,,1,29,,1562516,31,,,1,70,,1562517,31,,,1,30,,1562518,31,,,1,70,,1562519,31,,,1,31,,1562520,31,,,1,69,,1562521,31,,,1,16,,1562522,31,,,1,14,,1562523,31,,,1,54,,1562543,31,,,1,15,,1562539,31,,,1,16,,1562524,31,,,1,16,,1562525,31,,,1,62,,1562537,31,,,1,28,,1562526,31,,,1,72,,1562527,31,,,1,30,,1562528,31,,,1,70,,1562529,31,,,1,30,,1562530,31,,,1,70,,1562531,31,,,1,100,,1562536,31,,,1,101,,1562533,31,,,1,100,,1562534,31,,,1,100,,1562535,31,,,1
101,'20261016',602,,1562544,31,,,1,20,,1562545,31,,,1,20,,1562582,31,,,1,72,,1562583,31,,,1,34,,1562584,31,,,1,71,,1562574,31,,,1,29,,1562580,31,,,1,70,,1562551,31,,,1,30,,1562552,31,,,1,69,,1562553,31,,,1,30,,1562554,31,,,1,70,,1562555,31,,,1,30,,1562556,31,,,1,70,,1562557,31,,,1,29,,1562558,31,,,1,70,,1562559,31,,,1,30,,1562560,31,,,1,70,,1562561,31,,,1,31,,1562562,31,,,1,69,,1562563,31,,,1,16,,1562564,31,,,1,14,,1562565,31,,,1,54,,1562585,31,,,1,15,,1562581,31,,,1,16,,1562566,31,,,1,16,,1562567,31,,,1,62,,1562579,31,,,1,28,,1562568,31,,,1,72,,1562569,31,,,1,30,,1562570,31,,,1,70,,1562571,31,,,1,30,,1562572,31,,,1,70,,1562573,31,,,1,100,,1562578,31,,,1,101,,1562575,31,,,1,100,,1562576,31,,,1,100,,1562577,31,,,1
