2903,'20261009',618,,1599632,40,,,0,30,,1599633,40,,,0,70,,1599634,40,,,0,29,,1599635,40,,,0,70,,1599636,40,,,0,30,,1599637,40,,,0
2903,'20261013',618,,1567915,40,,,0,30,,1567916,40,,,0,70,,1567913,40,,,0,29,,1567917,40,,,0,70,,1567918,40,,,0,30,,1567914,40,,,0
2903,'20261014',618,,1567921,40,,,0,30,,1567922,40,,,0,70,,1567919,40,,,0,29,,1567923,40,,,0,70,,1567924,40,,,0,30,,1567920,40,,,0
2903,'20261015',618,,1567927,40,,,0,30,,1567928,40,,,0,70,,1567925,40,,,0,29,,1567929,40,,,0,70,,1567930,40,,,0,30,,1567926,40,,,0
2903,'20261016',618,,1567933,40,,,0,30,,1567934,40,,,0,70,,1567931,40,,,0,29,,1567935,40,,,0,70,,1567936,40,,,0,30,,1567932,40,,,0
2903,'20261019',618,,1599640,40,,,0,30,,1599641,40,,,0,70,,1599638,40,,,0,29,,1599642,40,,,0,70,,1599643,40,,,0,30,,1599639,40,,,0
2903,'20261020',618,,1599646,40,,,0,30,,1599647,40,,,0,70,,1599644,40,,,0,29,,1599648,40,,,0,70,,1599649,40,,,0,30,,1599645,40,,,0
2903,'20261021',618,,1629515,40,,,0,30,,1629516,40,,,0,70,,1629513,40,,,0,29,,1629517,40,,,0,70,,1629518,40,,,0,30,,1629514,40,,,0
2903,'20261022',618,,1629521,40,,,0,30,,1629522,40,,,0,70,,1629519,40,,,0,29,,1629523,40,,,0,70,,1629524,40,,,0,30,,1629520,40,,,0
2903,'20261023',618,,1629527,40,,,0,30,,1629528,40,,,0,70,,1629525,40,,,0,29,,1629529,40,,,0,70,,1629530,40,,,0,30,,1629526,40,,,0
8801,'20261009',710,,1609422,33,,,0,2,,1609423,33,,,0,31,,1609424,33,,,0,73,,1609425,33,,,0,26,,1609426,33,,,0,169,,1609427,33,,,0,532,,1609428,33,,,0,70,,1609429,33,,,0,100,,1609430,33,,,0,127,,1609431,33,,,0
8801,'20261013',712,,1577680,33,,,0,31,,1577681,33,,,0,73,,1577682,33,,,0,26,,1577683,33,,,0,169,,1577687,33,,,0,532,,1577684,33,,,0,70,,1577685,33,,,0,100,,1577686,33,,,0,127,,1577688,33,,,0
8801,'20261014',712,,1577689,33,,,0,31,,1577690,33,,,0,73,,1577691,33,,,0,26,,1577692,33,,,0,169,,1577696,33,,,0,532,,1577693,33,,,0,70,,1577694,33,,,0,100,,1577695,33,,,0,127,,1577697,33,,,0
8801,'20261015',712,,1577698,33,,,0,31,,1577699,33,,,0,73,,1577700,33,,,0,26,,1577701,33,,,0,169,,1577705,33,,,0,532,,1577702,33,,,0,70,,1577703,33,,,0,100,,1577704,33,,,0,127,,1577706,33,,,0
8801,'20261016',712,,1577707,33,,,0,31,,1577708,33,,,0,73,,1577709,33,,,0,26,,1577710,33,,,0,169,,1577714,33,,,0,532,,1577711,33,,,0,70,,1577712,33,,,0,100,,1577713,33,,,0,127,,1577715,33,,,0
8801,'20261019',712,,1609432,33,,,0,31,,1609433,33,,,0,73,,1609434,33,,,0,26,,1609435,33,,,0,169,,1609439,33,,,0,532,,1609436,33,,,0,70,,1609437,33,,,0,100,,1609438,33,,,0,127,,1609440,33,,,0
8801,'20261020',712,,1609441,33,,,0,31,,1609442,33,,,0,73,,1609443,33,,,0,26,,1609444,33,,,0,169,,1609448,33,,,0,532,,1609445,33,,,0,70,,1609446,33,,,0,100,,1609447,33,,,0,127,,1609449,33,,,0
8801,'20261021',712,,1636314,33,,,0,31,,1636315,33,,,0,73,,1636316,33,,,0,26,,1636317,33,,,0,169,,1636321,33,,,0,532,,1636318,33,,,0,70,,1636319,33,,,0,100,,1636320,33,,,0,127,,1636322,33,,,0
8801,'20261022',712,,1636323,33,,,0,31,,1636324,33,,,0,73,,1636325,33,,,0,26,,1636326,33,,,0,169,,1636330,33,,,0,532,,1636327,33,,,0,70,,1636328,33,,,0,100,,1636329,33,,,0,127,,1636331,33,,,0
8801,'20261023',712,,1636332,33,,,0,31,,1636333,33,,,0,73,,1636334,33,,,0,26,,1636335,33,,,0,169,,1636339,33,,,0,532,,1636336,33,,,0,70,,1636337,33,,,0,100,,1636338,33,,,0,127,,1636340,33,,,0
