400,'20260929',704,,1541322,14,,,0,17,,1541323,14,,,0,15,,1541324,14,,,0,13,,1541325,14,,,0,56,,1541326,14,,,0,9,,1541327,14,,,0,22,,1541328,14,,,0,18,,1541329,14,,,0,66,,1541330,14,,,0,33,,1541331,14,,,0,70,,1541332,14,,,0,30,,1541333,14,,,0,70,,1541334,14,,,0,14,,1541335,14,,,0,14,,1541336,14,,,0,55,,1541337,14,,,0,16,,1541338,14,,,0,14,,1541339,14,,,0,16,,1541340,14,,,0,69,,1541341,14,,,0,31,,1541342,14,,,0,70,,1541343,14,,,0,30,,1541344,14,,,0,54,,1541345,14,,,0,15,,1541346,14,,,0,15,,1541347,14,,,0,6,,1541348,14,,,0,8,,1541349,14,,,0,6,,1541350,14,,,0,47,,1541351,14,,,0,14,,1541352,14,,,0,18,,1541353,14,,,0,24,,1541354,14,,,0,59,,1541355,14,,,0,24,,1541356,14,,,0,65,,1541357,14,,,0,33,,1541358,14,,,0,98,,1541359,14,,,0,100,,1541360,14,,,0,101,,1541361,14,,,0,99,,1541362,14,,,0,100,,1541363,14,,,0
400,'20260930',704,,1541364,14,,,0,17,,1541365,14,,,0,15,,1541366,14,,,0,13,,1541367,14,,,0,56,,1541368,14,,,0,9,,1541369,14,,,0,22,,1541370,14,,,0,18,,1541371,14,,,0,66,,1541372,14,,,0,33,,1541373,14,,,0,70,,1541374,14,,,0,30,,1541375,14,,,0,70,,1541376,14,,,0,14,,1541377,14,,,0,14,,1541378,14,,,0,55,,1541379,14,,,0,16,,1541380,14,,,0,14,,1541381,14,,,0,16,,1541382,14,,,0,69,,1541383,14,,,0,31,,1541384,14,,,0,70,,1541385,14,,,0,30,,1541386,14,,,0,54,,1541387,14,,,0,15,,1541388,14,,,0,15,,1541389,14,,,0,6,,1541390,14,,,0,8,,1541391,14,,,0,6,,1541392,14,,,0,47,,1541393,14,,,0,14,,1541394,14,,,0,18,,1541395,14,,,0,24,,1541396,14,,,0,59,,1541397,14,,,0,24,,1541398,14,,,0,65,,1541399,14,,,0,33,,1541400,14,,,0,98,,1541401,14,,,0,100,,1541402,14,,,0,101,,1541403,14,,,0,99,,1541404,14,,,0,100,,1541405,14,,,0
400,'20261001',704,,1541406,14,,,0,17,,1541407,14,,,0,15,,1541408,14,,,0,13,,1541409,14,,,0,56,,1541410,14,,,0,9,,1541411,14,,,0,22,,1541412,14,,,0,18,,1541413,14,,,0,66,,1541414,14,,,0,33,,1541415,14,,,0,70,,1541416,14,,,0,30,,1541417,14,,,0,70,,1541418,14,,,0,14,,1541419,14,,,0,14,,1541420,14,,,0,55,,1541421,14,,,0,16,,1541422,14,,,0,14,,1541423,14,,,0,16,,1541424,14,,,0,69,,1541425,14,,,0,31,,1541426,14,,,0,70,,1541427,14,,,0,30,,1541428,14,,,0,54,,1541429,14,,,0,15,,1541430,14,,,0,15,,1541431,14,,,0,6,,1541432,14,,,0,8,,1541433,14,,,0,6,,1541434,14,,,0,47,,1541435,14,,,0,14,,1541436,14,,,0,18,,1541437,14,,,0,24,,1541438,14,,,0,59,,1541439,14,,,0,24,,1541440,14,,,0,65,,1541441,14,,,0,33,,1541442,14,,,0,98,,1541443,14,,,0,100,,1541444,14,,,0,101,,1541445,14,,,0,99,,1541446,14,,,0,100,,1541447,14,,,0
400,'20261002',704,,1463772,14,,,0,17,,1463776,14,,,0,15,,1463757,14,,,0,13,,1463777,14,,,0,56,,1463758,14,,,0,9,,1463778,14,,,0,22,,1463779,14,,,0,18,,1463762,14,,,0,66,,1463771,14,,,0,33,,1463759,14,,,0,70,,1463773,14,,,0,30,,1463763,14,,,0,70,,1463760,14,,,0,14,,1463780,14,,,0,14,,1463761,14,,,0,55,,1463781,14,,,0,16,,1463770,14,,,0,14,,1463782,14,,,0,16,,1463749,14,,,0,69,,1463751,14,,,0,31,,1463755,14,,,0,70,,1463752,14,,,0,30,,1463750,14,,,0,54,,1463783,14,,,0,15,,1463775,14,,,0,15,,1463784,14,,,0,6,,1463789,14,,,0,8,,1463766,14,,,0,6,,1463790,14,,,0,47,,1463785,14,,,0,14,,1463786,14,,,0,18,,1463754,14,,,0,24,,1463787,14,,,0,59,,1463764,14,,,0,24,,1463765,14,,,0,65,,1463788,14,,,0,33,,1463774,14,,,0,98,,1463767,14,,,0,100,,1463753,14,,,0,101,,1463756,14,,,0,99,,1463768,14,,,0,100,,1463769,14,,,0
400,'20261003',720,,1486771,14,,,0,99,,1486772,14,,,0,99,,1486773,14,,,0,100,,1486774,14,,,0,101,,1486775,14,,,0,99,,1486776,14,,,0,100,,1486777,14,,,0,100,,1486778,14,,,0,101,,1486779,14,,,0,96,,1486780,14,,,0,110,,1486781,14,,,0,94,,1486782,14,,,0,99,,1486783,14,,,0,97,,1486784,14,,,0,100,,1486785,14,,,0,98,,1486786,14,,,0,99,,1486787,14,,,0
400,'20261004',720,,1486788,14,,,0,99,,1486789,14,,,0,99,,1486790,14,,,0,100,,1486791,14,,,0,101,,1486792,14,,,0,99,,1486793,14,,,0,100,,1486794,14,,,0,100,,1486795,14,,,0,101,,1486796,14,,,0,96,,1486797,14,,,0,110,,1486798,14,,,0,94,,1486799,14,,,0,99,,1486800,14,,,0,97,,1486801,14,,,0,100,,1486802,14,,,0,98,,1486803,14,,,0,99,,1486804,14,,,0
400,'20261005',704,,1486828,14,,,0,17,,1486832,14,,,0,15,,1486813,14,,,0,13,,1486833,14,,,0,56,,1486814,14,,,0,9,,1486834,14,,,0,22,,1486835,14,,,0,18,,1486818,14,,,0,66,,1486827,14,,,0,33,,1486815,14,,,0,70,,1486829,14,,,0,30,,1486819,14,,,0,70,,1486816,14,,,0,14,,1486836,14,,,0,14,,1486817,14,,,0,55,,1486837,14,,,0,16,,1486826,14,,,0,14,,1486838,14,,,0,16,,1486805,14,,,0,69,,1486807,14,,,0,31,,1486811,14,,,0,70,,1486808,14,,,0,30,,1486806,14,,,0,54,,1486839,14,,,0,15,,1486831,14,,,0,15,,1486840,14,,,0,6,,1486845,14,,,0,8,,1486822,14,,,0,6,,1486846,14,,,0,47,,1486841,14,,,0,14,,1486842,14,,,0,18,,1486810,14,,,0,24,,1486843,14,,,0,59,,1486820,14,,,0,24,,1486821,14,,,0,65,,1486844,14,,,0,33,,1486830,14,,,0,98,,1486823,14,,,0,100,,1486809,14,,,0,101,,1486812,14,,,0,99,,1486824,14,,,0,100,,1486825,14,,,0
400,'20261006',704,,1510118,14,,,0,17,,1510122,14,,,0,15,,1510103,14,,,0,13,,1510123,14,,,0,56,,1510104,14,,,0,9,,1510124,14,,,0,22,,1510125,14,,,0,18,,1510108,14,,,0,66,,1510117,14,,,0,33,,1510105,14,,,0,70,,1510119,14,,,0,30,,1510109,14,,,0,70,,1510106,14,,,0,14,,1510126,14,,,0,14,,1510107,14,,,0,55,,1510127,14,,,0,16,,1510116,14,,,0,14,,1510128,14,,,0,16,,1510095,14,,,0,69,,1510097,14,,,0,31,,1510101,14,,,0,70,,1510098,14,,,0,30,,1510096,14,,,0,54,,1510129,14,,,0,15,,1510121,14,,,0,15,,1510130,14,,,0,6,,1510135,14,,,0,8,,1510112,14,,,0,6,,1510136,14,,,0,47,,1510131,14,,,0,14,,1510132,14,,,0,18,,1510100,14,,,0,24,,1510133,14,,,0,59,,1510110,14,,,0,24,,1510111,14,,,0,65,,1510134,14,,,0,33,,1510120,14,,,0,98,,1510113,14,,,0,100,,1510099,14,,,0,101,,1510102,14,,,0,99,,1510114,14,,,0,100,,1510115,14,,,0
400,'20261007',704,,1510160,14,,,0,17,,1510164,14,,,0,15,,1510145,14,,,0,13,,1510165,14,,,0,56,,1510146,14,,,0,9,,1510166,14,,,0,22,,1510167,14,,,0,18,,1510150,14,,,0,66,,1510159,14,,,0,33,,1510147,14,,,0,70,,1510161,14,,,0,30,,1510151,14,,,0,70,,1510148,14,,,0,14,,1510168,14,,,0,14,,1510149,14,,,0,55,,1510169,14,,,0,16,,1510158,14,,,0,14,,1510170,14,,,0,16,,1510137,14,,,0,69,,1510139,14,,,0,31,,1510143,14,,,0,70,,1510140,14,,,0,30,,1510138,14,,,0,54,,1510171,14,,,0,15,,1510163,14,,,0,15,,1510172,14,,,0,6,,1510177,14,,,0,8,,1510154,14,,,0,6,,1510178,14,,,0,47,,1510173,14,,,0,14,,1510174,14,,,0,18,,1510142,14,,,0,24,,1510175,14,,,0,59,,1510152,14,,,0,24,,1510153,14,,,0,65,,1510176,14,,,0,33,,1510162,14,,,0,98,,1510155,14,,,0,100,,1510141,14,,,0,101,,1510144,14,,,0,99,,1510156,14,,,0,100,,1510157,14,,,0
400,'20261008',704,,1510202,14,,,0,17,,1510206,14,,,0,15,,1510187,14,,,0,13,,1510207,14,,,0,56,,1510188,14,,,0,9,,1510208,14,,,0,22,,1510209,14,,,0,18,,1510192,14,,,0,66,,1510201,14,,,0,33,,1510189,14,,,0,70,,1510203,14,,,0,30,,1510193,14,,,0,70,,1510190,14,,,0,14,,1510210,14,,,0,14,,1510191,14,,,0,55,,1510211,14,,,0,16,,1510200,14,,,0,14,,1510212,14,,,0,16,,1510179,14,,,0,69,,1510181,14,,,0,31,,1510185,14,,,0,70,,1510182,14,,,0,30,,1510180,14,,,0,54,,1510213,14,,,0,15,,1510205,14,,,0,15,,1510214,14,,,0,6,,1510219,14,,,0,8,,1510196,14,,,0,6,,1510220,14,,,0,47,,1510215,14,,,0,14,,1510216,14,,,0,18,,1510184,14,,,0,24,,1510217,14,,,0,59,,1510194,14,,,0,24,,1510195,14,,,0,65,,1510218,14,,,0,33,,1510204,14,,,0,98,,1510197,14,,,0,100,,1510183,14,,,0,101,,1510186,14,,,0,99,,1510198,14,,,0,100,,1510199,14,,,0
400,'20261009',704,,1510244,14,,,0,17,,1510248,14,,,0,15,,1510229,14,,,0,13,,1510249,14,,,0,56,,1510230,14,,,0,9,,1510250,14,,,0,22,,1510251,14,,,0,18,,1510234,14,,,0,66,,1510243,14,,,0,33,,1510231,14,,,0,70,,1510245,14,,,0,30,,1510235,14,,,0,70,,1510232,14,,,0,14,,1510252,14,,,0,14,,1510233,14,,,0,55,,1510253,14,,,0,16,,1510242,14,,,0,14,,1510254,14,,,0,16,,1510221,14,,,0,69,,1510223,14,,,0,31,,1510227,14,,,0,70,,1510224,14,,,0,30,,1510222,14,,,0,54,,1510255,14,,,0,15,,1510247,14,,,0,15,,1510256,14,,,0,6,,1510261,14,,,0,8,,1510238,14,,,0,6,,1510262,14,,,0,47,,1510257,14,,,0,14,,1510258,14,,,0,18,,1510226,14,,,0,24,,1510259,14,,,0,59,,1510236,14,,,0,24,,1510237,14,,,0,65,,1510260,14,,,0,33,,1510246,14,,,0,98,,1510239,14,,,0,100,,1510225,14,,,0,101,,1510228,14,,,0,99,,1510240,14,,,0,100,,1510241,14,,,0
400,'20261010',720,,1541448,14,,,0,99,,1541449,14,,,0,99,,1541450,14,,,0,100,,1541451,14,,,0,101,,1541452,14,,,0,99,,1541453,14,,,0,100,,1541454,14,,,0,100,,1541455,14,,,0,101,,1541456,14,,,0,96,,1541457,14,,,0,110,,1541458,14,,,0,94,,1541459,14,,,0,99,,1541460,14,,,0,97,,1541461,14,,,0,100,,1541462,14,,,0,98,,1541463,14,,,0,99,,1541464,14,,,0
400,'20261011',720,,1541465,14,,,0,99,,1541466,14,,,0,99,,1541467,14,,,0,100,,1541468,14,,,0,101,,1541469,14,,,0,99,,1541470,14,,,0,100,,1541471,14,,,0,100,,1541472,14,,,0,101,,1541473,14,,,0,96,,1541474,14,,,0,110,,1541475,14,,,0,94,,1541476,14,,,0,99,,1541477,14,,,0,97,,1541478,14,,,0,100,,1541479,14,,,0,98,,1541480,14,,,0,99,,1541481,14,,,0
400,'20261012',720,,1541482,14,,,0,99,,1541483,14,,,0,99,,1541484,14,,,0,100,,1541485,14,,,0,101,,1541486,14,,,0,99,,1541487,14,,,0,100,,1541488,14,,,0,100,,1541489,14,,,0,101,,1541490,14,,,0,96,,1541491,14,,,0,110,,1541492,14,,,0,94,,1541493,14,,,0,99,,1541494,14,,,0,97,,1541495,14,,,0,100,,1541496,14,,,0,98,,1541497,14,,,0,99,,1541498,14,,,0
80202,'20260929',546,,1556379,13,,,1,56,,1556380,13,,,1,13,,1556381,13,,,1,10,,1556382,13,,,1,10,,1556383,13,,,1,10,,1556384,13,,,1,10,,1556385,13,,,1,50,,1556386,13,,,1,10,,1556387,13,,,1,11,,1556388,13,,,1,9,,1556389,13,,,1,10,,1556390,13,,,1,10,,1556391,13,,,1,50,,1556392,13,,,1,10,,1556393,13,,,1,11,,1556394,13,,,1,10,,1556395,13,,,1,9,,1556396,13,,,1,10,,1556397,13,,,1,50,,1556398,13,,,1,13,,1556399,13,,,1,15,,1556400,13,,,1,15,,1556401,13,,,1,55,,1556402,13,,,1,15,,1556403,13,,,1,15,,1556404,13,,,1,15,,1556405,13,,,1,55,,1556406,13,,,1,15,,1556407,13,,,1,15,,1556408,13,,,1,15,,1556409,13,,,1,54,,1556410,13,,,1,15,,1556411,13,,,1,15,,1556412,13,,,1,16,,1556413,13,,,1,55,,1556414,13,,,1,15,,1556415,13,,,1,15,,1556416,13,,,1,15,,1556417,13,,,1,55,,1556418,13,,,1,15,,1556419,13,,,1,15,,1556420,13,,,1,14,,1556421,13,,,1,56,,1556422,13,,,1,14,,1556423,13,,,1,10,,1556424,13,,,1,10,,1556425,13,,,1,10,,1556426,13,,,1,10,,1556427,13,,,1,50,,1556428,13,,,1,10,,1556429,13,,,1,10,,1556430,13,,,1,10,,1556431,13,,,1,10,,1556432,13,,,1,9,,1556433,13,,,1,50,,1556434,13,,,1,10,,1556435,13,,,1,10,,1556436,13,,,1,10,,1556437,13,,,1,11,,1556438,13,,,1,10,,1556439,13,,,1,49,,1556440,13,,,1,10,,1556441,13,,,1,13,,1556442,13,,,1,15,,1556443,13,,,1,15,,1556444,13,,,1,55,,1556445,13,,,1,15,,1556446,13,,,1,15,,1556447,13,,,1,15,,1556448,13,,,1,56,,1556449,13,,,1,15,,1556450,13,,,1,15,,1556451,13,,,1,55,,1556452,13,,,1,15,,1556453,13,,,1,14,,1556454,13,,,1,15,,1556455,13,,,1,15,,1556456,13,,,1,55,,1556457,13,,,1,15,,1556458,13,,,1,15,,1556459,13,,,1,15,,1556460,13,,,1,55,,1556461,13,,,1,15,,1556462,13,,,1,14,,1556463,13,,,1,15,,1556464,13,,,1,55,,1556465,13,,,1,15,,1556466,13,,,1,15,,1556467,13,,,1
80202,'20260930',546,,1556468,13,,,1,56,,1556469,13,,,1,13,,1556470,13,,,1,10,,1556471,13,,,1,10,,1556472,13,,,1,10,,1556473,13,,,1,10,,1556474,13,,,1,50,,1556475,13,,,1,10,,1556476,13,,,1,11,,1556477,13,,,1,9,,1556478,13,,,1,10,,1556479,13,,,1,10,,1556480,13,,,1,50,,1556481,13,,,1,10,,1556482,13,,,1,11,,1556483,13,,,1,10,,1556484,13,,,1,9,,1556485,13,,,1,10,,1556486,13,,,1,50,,1556487,13,,,1,13,,1556488,13,,,1,15,,1556489,13,,,1,15,,1556490,13,,,1,55,,1556491,13,,,1,15,,1556492,13,,,1,15,,1556493,13,,,1,15,,1556494,13,,,1,55,,1556495,13,,,1,15,,1556496,13,,,1,15,,1556497,13,,,1,15,,1556498,13,,,1,54,,1556499,13,,,1,15,,1556500,13,,,1,15,,1556501,13,,,1,16,,1556502,13,,,1,55,,1556503,13,,,1,15,,1556504,13,,,1,15,,1556505,13,,,1,15,,1556506,13,,,1,55,,1556507,13,,,1,15,,1556508,13,,,1,15,,1556509,13,,,1,14,,1556510,13,,,1,56,,1556511,13,,,1,14,,1556512,13,,,1,10,,1556513,13,,,1,10,,1556514,13,,,1,10,,1556515,13,,,1,10,,1556516,13,,,1,50,,1556517,13,,,1,10,,1556518,13,,,1,10,,1556519,13,,,1,10,,1556520,13,,,1,10,,1556521,13,,,1,9,,1556522,13,,,1,50,,1556523,13,,,1,10,,1556524,13,,,1,10,,1556525,13,,,1,10,,1556526,13,,,1,11,,1556527,13,,,1,10,,1556528,13,,,1,49,,1556529,13,,,1,10,,1556530,13,,,1,13,,1556531,13,,,1,15,,1556532,13,,,1,15,,1556533,13,,,1,55,,1556534,13,,,1,15,,1556535,13,,,1,15,,1556536,13,,,1,15,,1556537,13,,,1,56,,1556538,13,,,1,15,,1556539,13,,,1,15,,1556540,13,,,1,55,,1556541,13,,,1,15,,1556542,13,,,1,14,,1556543,13,,,1,15,,1556544,13,,,1,15,,1556545,13,,,1,55,,1556546,13,,,1,15,,1556547,13,,,1,15,,1556548,13,,,1,15,,1556549,13,,,1,55,,1556550,13,,,1,15,,1556551,13,,,1,14,,1556552,13,,,1,15,,1556553,13,,,1,55,,1556554,13,,,1,15,,1556555,13,,,1,15,,1556556,13,,,1
80202,'20261001',546,,1556557,13,,,1,56,,1556558,13,,,1,13,,1556559,13,,,1,10,,1556560,13,,,1,10,,1556561,13,,,1,10,,1556562,13,,,1,10,,1556563,13,,,1,50,,1556564,13,,,1,10,,1556565,13,,,1,11,,1556566,13,,,1,9,,1556567,13,,,1,10,,1556568,13,,,1,10,,1556569,13,,,1,50,,1556570,13,,,1,10,,1556571,13,,,1,11,,1556572,13,,,1,10,,1556573,13,,,1,9,,1556574,13,,,1,10,,1556575,13,,,1,50,,1556576,13,,,1,13,,1556577,13,,,1,15,,1556578,13,,,1,15,,1556579,13,,,1,55,,1556580,13,,,1,15,,1556581,13,,,1,15,,1556582,13,,,1,15,,1556583,13,,,1,55,,1556584,13,,,1,15,,1556585,13,,,1,15,,1556586,13,,,1,15,,1556587,13,,,1,54,,1556588,13,,,1,15,,1556589,13,,,1,15,,1556590,13,,,1,16,,1556591,13,,,1,55,,1556592,13,,,1,15,,1556593,13,,,1,15,,1556594,13,,,1,15,,1556595,13,,,1,55,,1556596,13,,,1,15,,1556597,13,,,1,15,,1556598,13,,,1,14,,1556599,13,,,1,56,,1556600,13,,,1,14,,1556601,13,,,1,10,,1556602,13,,,1,10,,1556603,13,,,1,10,,1556604,13,,,1,10,,1556605,13,,,1,50,,1556606,13,,,1,10,,1556607,13,,,1,10,,1556608,13,,,1,10,,1556609,13,,,1,10,,1556610,13,,,1,9,,1556611,13,,,1,50,,1556612,13,,,1,10,,1556613,13,,,1,10,,1556614,13,,,1,10,,1556615,13,,,1,11,,1556616,13,,,1,10,,1556617,13,,,1,49,,1556618,13,,,1,10,,1556619,13,,,1,13,,1556620,13,,,1,15,,1556621,13,,,1,15,,1556622,13,,,1,55,,1556623,13,,,1,15,,1556624,13,,,1,15,,1556625,13,,,1,15,,1556626,13,,,1,56,,1556627,13,,,1,15,,1556628,13,,,1,15,,1556629,13,,,1,55,,1556630,13,,,1,15,,1556631,13,,,1,14,,1556632,13,,,1,15,,1556633,13,,,1,15,,1556634,13,,,1,55,,1556635,13,,,1,15,,1556636,13,,,1,15,,1556637,13,,,1,15,,1556638,13,,,1,55,,1556639,13,,,1,15,,1556640,13,,,1,14,,1556641,13,,,1,15,,1556642,13,,,1,55,,1556643,13,,,1,15,,1556644,13,,,1,15,,1556645,13,,,1
80202,'20261002',546,,1480381,13,,,1,56,,1480445,13,,,1,13,,1480373,13,,,1,10,,1480394,13,,,1,10,,1480382,13,,,1,10,,1480461,13,,,1,10,,1480446,13,,,1,50,,1480374,13,,,1,10,,1480419,13,,,1,11,,1480438,13,,,1,9,,1480456,13,,,1,10,,1480407,13,,,1,10,,1480383,13,,,1,50,,1480447,13,,,1,10,,1480399,13,,,1,11,,1480454,13,,,1,10,,1480375,13,,,1,9,,1480420,13,,,1,10,,1480439,13,,,1,50,,1480384,13,,,1,13,,1480432,13,,,1,15,,1480448,13,,,1,15,,1480400,13,,,1,55,,1480421,13,,,1,15,,1480440,13,,,1,15,,1480408,13,,,1,15,,1480433,13,,,1,55,,1480401,13,,,1,15,,1480422,13,,,1,15,,1480441,13,,,1,15,,1480409,13,,,1,54,,1480385,13,,,1,15,,1480449,13,,,1,15,,1480376,13,,,1,16,,1480423,13,,,1,55,,1480442,13,,,1,15,,1480386,13,,,1,15,,1480434,13,,,1,15,,1480450,13,,,1,55,,1480377,13,,,1,15,,1480410,13,,,1,15,,1480387,13,,,1,14,,1480435,13,,,1,56,,1480402,13,,,1,14,,1480424,13,,,1,10,,1480443,13,,,1,10,,1480459,13,,,1,10,,1480411,13,,,1,10,,1480388,13,,,1,50,,1480455,13,,,1,10,,1480436,13,,,1,10,,1480451,13,,,1,10,,1480403,13,,,1,10,,1480378,13,,,1,9,,1480425,13,,,1,50,,1480427,13,,,1,10,,1480444,13,,,1,10,,1480412,13,,,1,10,,1480389,13,,,1,11,,1480437,13,,,1,10,,1480460,13,,,1,49,,1480452,13,,,1,10,,1480404,13,,,1,13,,1480426,13,,,1,15,,1480413,13,,,1,15,,1480390,13,,,1,55,,1480428,13,,,1,15,,1480414,13,,,1,15,,1480391,13,,,1,15,,1480395,13,,,1,56,,1480405,13,,,1,15,,1480429,13,,,1,15,,1480415,13,,,1,55,,1480392,13,,,1,15,,1480453,13,,,1,14,,1480396,13,,,1,15,,1480406,13,,,1,15,,1480430,13,,,1,55,,1480416,13,,,1,15,,1480397,13,,,1,15,,1480379,13,,,1,15,,1480431,13,,,1,55,,1480417,13,,,1,15,,1480393,13,,,1,14,,1480398,13,,,1,15,,1480380,13,,,1,55,,1480418,13,,,1,15,,1480458,13,,,1,15,,1480457,13,,,1
80202,'20261003',539,,1503257,13,,,1,15,,1503249,13,,,1,54,,1503255,13,,,1,16,,1503248,13,,,1,15,,1503258,13,,,1,15,,1503256,13,,,1,55,,1503252,13,,,1,15,,1503250,13,,,1,16,,1503254,13,,,1,15,,1503259,13,,,1,56,,1503253,13,,,1,16,,1503260,13,,,1,15,,1503261,13,,,1,14,,1503262,13,,,1,55,,1503263,13,,,1,15,,1503264,13,,,1,16,,1503265,13,,,1,15,,1503251,13,,,1,55,,1503267,13,,,1,15,,1503269,13,,,1,16,,1503273,13,,,1,15,,1503270,13,,,1,55,,1503272,13,,,1,14,,1503266,13,,,1,15,,1503268,13,,,1,15,,1503271,13,,,1,55,,1503208,13,,,1,16,,1503236,13,,,1,14,,1503200,13,,,1,17,,1503205,13,,,1,53,,1503196,13,,,1,18,,1503237,13,,,1,14,,1503201,13,,,1,57,,1503199,13,,,1,14,,1503207,13,,,1,14,,1503209,13,,,1,16,,1503206,13,,,1,56,,1503247,13,,,1,15,,1503197,13,,,1,16,,1503202,13,,,1,12,,1503210,13,,,1,15,,1503227,13,,,1,53,,1503198,13,,,1,16,,1503211,13,,,1,14,,1503212,13,,,1,16,,1503238,13,,,1,56,,1503213,13,,,1,16,,1503245,13,,,1,14,,1503203,13,,,1,13,,1503246,13,,,1,55,,1503214,13,,,1,14,,1503215,13,,,1,14,,1503216,13,,,1,14,,1503204,13,,,1,56,,1503217,13,,,1,15,,1503222,13,,,1,15,,1503223,13,,,1,14,,1503218,13,,,1,54,,1503219,13,,,1,15,,1503220,13,,,1,15,,1503221,13,,,1,15,,1503224,13,,,1,55,,1503225,13,,,1,15,,1503233,13,,,1,14,,1503230,13,,,1,16,,1503240,13,,,1,55,,1503232,13,,,1,15,,1503229,13,,,1,14,,1503239,13,,,1,15,,1503241,13,,,1,56,,1503226,13,,,1,15,,1503242,13,,,1,16,,1503231,13,,,1,14,,1503243,13,,,1,55,,1503228,13,,,1,15,,1503234,13,,,1,14,,1503244,13,,,1,15,,1503235,13,,,1
80202,'20261004',539,,1503344,13,,,1,15,,1503349,13,,,1,54,,1503341,13,,,1,16,,1503350,13,,,1,15,,1503339,13,,,1,15,,1503340,13,,,1,55,,1503345,13,,,1,15,,1503346,13,,,1,16,,1503351,13,,,1,15,,1503338,13,,,1,56,,1503347,13,,,1,16,,1503337,13,,,1,15,,1503333,13,,,1,14,,1503336,13,,,1,55,,1503335,13,,,1,15,,1503342,13,,,1,16,,1503334,13,,,1,15,,1503348,13,,,1,55,,1503332,13,,,1,15,,1503331,13,,,1,16,,1503327,13,,,1,15,,1503330,13,,,1,55,,1503326,13,,,1,14,,1503343,13,,,1,15,,1503329,13,,,1,15,,1503328,13,,,1,55,,1503306,13,,,1,16,,1503277,13,,,1,14,,1503323,13,,,1,17,,1503325,13,,,1,53,,1503317,13,,,1,18,,1503280,13,,,1,14,,1503316,13,,,1,57,,1503324,13,,,1,14,,1503318,13,,,1,14,,1503307,13,,,1,16,,1503314,13,,,1,56,,1503283,13,,,1,15,,1503321,13,,,1,16,,1503320,13,,,1,12,,1503311,13,,,1,15,,1503294,13,,,1,53,,1503322,13,,,1,16,,1503305,13,,,1,14,,1503310,13,,,1,16,,1503276,13,,,1,56,,1503313,13,,,1,16,,1503285,13,,,1,14,,1503319,13,,,1,13,,1503284,13,,,1,55,,1503309,13,,,1,14,,1503304,13,,,1,14,,1503308,13,,,1,14,,1503315,13,,,1,56,,1503312,13,,,1,15,,1503301,13,,,1,15,,1503295,13,,,1,14,,1503303,13,,,1,54,,1503299,13,,,1,15,,1503300,13,,,1,15,,1503302,13,,,1,15,,1503290,13,,,1,55,,1503293,13,,,1,15,,1503296,13,,,1,14,,1503292,13,,,1,16,,1503278,13,,,1,55,,1503287,13,,,1,15,,1503288,13,,,1,14,,1503281,13,,,1,15,,1503275,13,,,1,56,,1503298,13,,,1,15,,1503279,13,,,1,16,,1503291,13,,,1,14,,1503274,13,,,1,55,,1503297,13,,,1,15,,1503289,13,,,1,14,,1503282,13,,,1,15,,1503286,13,,,1
80202,'20261005',546,,1503360,13,,,1,56,,1503424,13,,,1,13,,1503352,13,,,1,10,,1503373,13,,,1,10,,1503361,13,,,1,10,,1503440,13,,,1,10,,1503425,13,,,1,50,,1503353,13,,,1,10,,1503398,13,,,1,11,,1503417,13,,,1,9,,1503435,13,,,1,10,,1503386,13,,,1,10,,1503362,13,,,1,50,,1503426,13,,,1,10,,1503378,13,,,1,11,,1503433,13,,,1,10,,1503354,13,,,1,9,,1503399,13,,,1,10,,1503418,13,,,1,50,,1503363,13,,,1,13,,1503411,13,,,1,15,,1503427,13,,,1,15,,1503379,13,,,1,55,,1503400,13,,,1,15,,1503419,13,,,1,15,,1503387,13,,,1,15,,1503412,13,,,1,55,,1503380,13,,,1,15,,1503401,13,,,1,15,,1503420,13,,,1,15,,1503388,13,,,1,54,,1503364,13,,,1,15,,1503428,13,,,1,15,,1503355,13,,,1,16,,1503402,13,,,1,55,,1503421,13,,,1,15,,1503365,13,,,1,15,,1503413,13,,,1,15,,1503429,13,,,1,55,,1503356,13,,,1,15,,1503389,13,,,1,15,,1503366,13,,,1,14,,1503414,13,,,1,56,,1503381,13,,,1,14,,1503403,13,,,1,10,,1503422,13,,,1,10,,1503438,13,,,1,10,,1503390,13,,,1,10,,1503367,13,,,1,50,,1503434,13,,,1,10,,1503415,13,,,1,10,,1503430,13,,,1,10,,1503382,13,,,1,10,,1503357,13,,,1,9,,1503404,13,,,1,50,,1503406,13,,,1,10,,1503423,13,,,1,10,,1503391,13,,,1,10,,1503368,13,,,1,11,,1503416,13,,,1,10,,1503439,13,,,1,49,,1503431,13,,,1,10,,1503383,13,,,1,13,,1503405,13,,,1,15,,1503392,13,,,1,15,,1503369,13,,,1,55,,1503407,13,,,1,15,,1503393,13,,,1,15,,1503370,13,,,1,15,,1503374,13,,,1,56,,1503384,13,,,1,15,,1503408,13,,,1,15,,1503394,13,,,1,55,,1503371,13,,,1,15,,1503432,13,,,1,14,,1503375,13,,,1,15,,1503385,13,,,1,15,,1503409,13,,,1,55,,1503395,13,,,1,15,,1503376,13,,,1,15,,1503358,13,,,1,15,,1503410,13,,,1,55,,1503396,13,,,1,15,,1503372,13,,,1,14,,1503377,13,,,1,15,,1503359,13,,,1,55,,1503397,13,,,1,15,,1503437,13,,,1,15,,1503436,13,,,1
80202,'20261006',546,,1532928,13,,,1,56,,1532992,13,,,1,13,,1532920,13,,,1,10,,1532941,13,,,1,10,,1532929,13,,,1,10,,1533008,13,,,1,10,,1532993,13,,,1,50,,1532921,13,,,1,10,,1532966,13,,,1,11,,1532985,13,,,1,9,,1533003,13,,,1,10,,1532954,13,,,1,10,,1532930,13,,,1,50,,1532994,13,,,1,10,,1532946,13,,,1,11,,1533001,13,,,1,10,,1532922,13,,,1,9,,1532967,13,,,1,10,,1532986,13,,,1,50,,1532931,13,,,1,13,,1532979,13,,,1,15,,1532995,13,,,1,15,,1532947,13,,,1,55,,1532968,13,,,1,15,,1532987,13,,,1,15,,1532955,13,,,1,15,,1532980,13,,,1,55,,1532948,13,,,1,15,,1532969,13,,,1,15,,1532988,13,,,1,15,,1532956,13,,,1,54,,1532932,13,,,1,15,,1532996,13,,,1,15,,1532923,13,,,1,16,,1532970,13,,,1,55,,1532989,13,,,1,15,,1532933,13,,,1,15,,1532981,13,,,1,15,,1532997,13,,,1,55,,1532924,13,,,1,15,,1532957,13,,,1,15,,1532934,13,,,1,14,,1532982,13,,,1,56,,1532949,13,,,1,14,,1532971,13,,,1,10,,1532990,13,,,1,10,,1533006,13,,,1,10,,1532958,13,,,1,10,,1532935,13,,,1,50,,1533002,13,,,1,10,,1532983,13,,,1,10,,1532998,13,,,1,10,,1532950,13,,,1,10,,1532925,13,,,1,9,,1532972,13,,,1,50,,1532974,13,,,1,10,,1532991,13,,,1,10,,1532959,13,,,1,10,,1532936,13,,,1,11,,1532984,13,,,1,10,,1533007,13,,,1,49,,1532999,13,,,1,10,,1532951,13,,,1,13,,1532973,13,,,1,15,,1532960,13,,,1,15,,1532937,13,,,1,55,,1532975,13,,,1,15,,1532961,13,,,1,15,,1532938,13,,,1,15,,1532942,13,,,1,56,,1532952,13,,,1,15,,1532976,13,,,1,15,,1532962,13,,,1,55,,1532939,13,,,1,15,,1533000,13,,,1,14,,1532943,13,,,1,15,,1532953,13,,,1,15,,1532977,13,,,1,55,,1532963,13,,,1,15,,1532944,13,,,1,15,,1532926,13,,,1,15,,1532978,13,,,1,55,,1532964,13,,,1,15,,1532940,13,,,1,14,,1532945,13,,,1,15,,1532927,13,,,1,55,,1532965,13,,,1,15,,1533005,13,,,1,15,,1533004,13,,,1
80202,'20261007',546,,1533017,13,,,1,56,,1533081,13,,,1,13,,1533009,13,,,1,10,,1533030,13,,,1,10,,1533018,13,,,1,10,,1533097,13,,,1,10,,1533082,13,,,1,50,,1533010,13,,,1,10,,1533055,13,,,1,11,,1533074,13,,,1,9,,1533092,13,,,1,10,,1533043,13,,,1,10,,1533019,13,,,1,50,,1533083,13,,,1,10,,1533035,13,,,1,11,,1533090,13,,,1,10,,1533011,13,,,1,9,,1533056,13,,,1,10,,1533075,13,,,1,50,,1533020,13,,,1,13,,1533068,13,,,1,15,,1533084,13,,,1,15,,1533036,13,,,1,55,,1533057,13,,,1,15,,1533076,13,,,1,15,,1533044,13,,,1,15,,1533069,13,,,1,55,,1533037,13,,,1,15,,1533058,13,,,1,15,,1533077,13,,,1,15,,1533045,13,,,1,54,,1533021,13,,,1,15,,1533085,13,,,1,15,,1533012,13,,,1,16,,1533059,13,,,1,55,,1533078,13,,,1,15,,1533022,13,,,1,15,,1533070,13,,,1,15,,1533086,13,,,1,55,,1533013,13,,,1,15,,1533046,13,,,1,15,,1533023,13,,,1,14,,1533071,13,,,1,56,,1533038,13,,,1,14,,1533060,13,,,1,10,,1533079,13,,,1,10,,1533095,13,,,1,10,,1533047,13,,,1,10,,1533024,13,,,1,50,,1533091,13,,,1,10,,1533072,13,,,1,10,,1533087,13,,,1,10,,1533039,13,,,1,10,,1533014,13,,,1,9,,1533061,13,,,1,50,,1533063,13,,,1,10,,1533080,13,,,1,10,,1533048,13,,,1,10,,1533025,13,,,1,11,,1533073,13,,,1,10,,1533096,13,,,1,49,,1533088,13,,,1,10,,1533040,13,,,1,13,,1533062,13,,,1,15,,1533049,13,,,1,15,,1533026,13,,,1,55,,1533064,13,,,1,15,,1533050,13,,,1,15,,1533027,13,,,1,15,,1533031,13,,,1,56,,1533041,13,,,1,15,,1533065,13,,,1,15,,1533051,13,,,1,55,,1533028,13,,,1,15,,1533089,13,,,1,14,,1533032,13,,,1,15,,1533042,13,,,1,15,,1533066,13,,,1,55,,1533052,13,,,1,15,,1533033,13,,,1,15,,1533015,13,,,1,15,,1533067,13,,,1,55,,1533053,13,,,1,15,,1533029,13,,,1,14,,1533034,13,,,1,15,,1533016,13,,,1,55,,1533054,13,,,1,15,,1533094,13,,,1,15,,1533093,13,,,1
80202,'20261008',546,,1533106,13,,,1,56,,1533170,13,,,1,13,,1533098,13,,,1,10,,1533119,13,,,1,10,,1533107,13,,,1,10,,1533186,13,,,1,10,,1533171,13,,,1,50,,1533099,13,,,1,10,,1533144,13,,,1,11,,1533163,13,,,1,9,,1533181,13,,,1,10,,1533132,13,,,1,10,,1533108,13,,,1,50,,1533172,13,,,1,10,,1533124,13,,,1,11,,1533179,13,,,1,10,,1533100,13,,,1,9,,1533145,13,,,1,10,,1533164,13,,,1,50,,1533109,13,,,1,13,,1533157,13,,,1,15,,1533173,13,,,1,15,,1533125,13,,,1,55,,1533146,13,,,1,15,,1533165,13,,,1,15,,1533133,13,,,1,15,,1533158,13,,,1,55,,1533126,13,,,1,15,,1533147,13,,,1,15,,1533166,13,,,1,15,,1533134,13,,,1,54,,1533110,13,,,1,15,,1533174,13,,,1,15,,1533101,13,,,1,16,,1533148,13,,,1,55,,1533167,13,,,1,15,,1533111,13,,,1,15,,1533159,13,,,1,15,,1533175,13,,,1,55,,1533102,13,,,1,15,,1533135,13,,,1,15,,1533112,13,,,1,14,,1533160,13,,,1,56,,1533127,13,,,1,14,,1533149,13,,,1,10,,1533168,13,,,1,10,,1533184,13,,,1,10,,1533136,13,,,1,10,,1533113,13,,,1,50,,1533180,13,,,1,10,,1533161,13,,,1,10,,1533176,13,,,1,10,,1533128,13,,,1,10,,1533103,13,,,1,9,,1533150,13,,,1,50,,1533152,13,,,1,10,,1533169,13,,,1,10,,1533137,13,,,1,10,,1533114,13,,,1,11,,1533162,13,,,1,10,,1533185,13,,,1,49,,1533177,13,,,1,10,,1533129,13,,,1,13,,1533151,13,,,1,15,,1533138,13,,,1,15,,1533115,13,,,1,55,,1533153,13,,,1,15,,1533139,13,,,1,15,,1533116,13,,,1,15,,1533120,13,,,1,56,,1533130,13,,,1,15,,1533154,13,,,1,15,,1533140,13,,,1,55,,1533117,13,,,1,15,,1533178,13,,,1,14,,1533121,13,,,1,15,,1533131,13,,,1,15,,1533155,13,,,1,55,,1533141,13,,,1,15,,1533122,13,,,1,15,,1533104,13,,,1,15,,1533156,13,,,1,55,,1533142,13,,,1,15,,1533118,13,,,1,14,,1533123,13,,,1,15,,1533105,13,,,1,55,,1533143,13,,,1,15,,1533183,13,,,1,15,,1533182,13,,,1
80202,'20261009',546,,1533195,13,,,1,56,,1533259,13,,,1,13,,1533187,13,,,1,10,,1533208,13,,,1,10,,1533196,13,,,1,10,,1533275,13,,,1,10,,1533260,13,,,1,50,,1533188,13,,,1,10,,1533233,13,,,1,11,,1533252,13,,,1,9,,1533270,13,,,1,10,,1533221,13,,,1,10,,1533197,13,,,1,50,,1533261,13,,,1,10,,1533213,13,,,1,11,,1533268,13,,,1,10,,1533189,13,,,1,9,,1533234,13,,,1,10,,1533253,13,,,1,50,,1533198,13,,,1,13,,1533246,13,,,1,15,,1533262,13,,,1,15,,1533214,13,,,1,55,,1533235,13,,,1,15,,1533254,13,,,1,15,,1533222,13,,,1,15,,1533247,13,,,1,55,,1533215,13,,,1,15,,1533236,13,,,1,15,,1533255,13,,,1,15,,1533223,13,,,1,54,,1533199,13,,,1,15,,1533263,13,,,1,15,,1533190,13,,,1,16,,1533237,13,,,1,55,,1533256,13,,,1,15,,1533200,13,,,1,15,,1533248,13,,,1,15,,1533264,13,,,1,55,,1533191,13,,,1,15,,1533224,13,,,1,15,,1533201,13,,,1,14,,1533249,13,,,1,56,,1533216,13,,,1,14,,1533238,13,,,1,10,,1533257,13,,,1,10,,1533273,13,,,1,10,,1533225,13,,,1,10,,1533202,13,,,1,50,,1533269,13,,,1,10,,1533250,13,,,1,10,,1533265,13,,,1,10,,1533217,13,,,1,10,,1533192,13,,,1,9,,1533239,13,,,1,50,,1533241,13,,,1,10,,1533258,13,,,1,10,,1533226,13,,,1,10,,1533203,13,,,1,11,,1533251,13,,,1,10,,1533274,13,,,1,49,,1533266,13,,,1,10,,1533218,13,,,1,13,,1533240,13,,,1,15,,1533227,13,,,1,15,,1533204,13,,,1,55,,1533242,13,,,1,15,,1533228,13,,,1,15,,1533205,13,,,1,15,,1533209,13,,,1,56,,1533219,13,,,1,15,,1533243,13,,,1,15,,1533229,13,,,1,55,,1533206,13,,,1,15,,1533267,13,,,1,14,,1533210,13,,,1,15,,1533220,13,,,1,15,,1533244,13,,,1,55,,1533230,13,,,1,15,,1533211,13,,,1,15,,1533193,13,,,1,15,,1533245,13,,,1,55,,1533231,13,,,1,15,,1533207,13,,,1,14,,1533212,13,,,1,15,,1533194,13,,,1,55,,1533232,13,,,1,15,,1533272,13,,,1,15,,1533271,13,,,1
80202,'20261010',539,,1556707,13,,,1,15,,1556699,13,,,1,54,,1556705,13,,,1,16,,1556698,13,,,1,15,,1556708,13,,,1,15,,1556706,13,,,1,55,,1556702,13,,,1,15,,1556700,13,,,1,16,,1556704,13,,,1,15,,1556709,13,,,1,56,,1556703,13,,,1,16,,1556710,13,,,1,15,,1556711,13,,,1,14,,1556712,13,,,1,55,,1556713,13,,,1,15,,1556714,13,,,1,16,,1556715,13,,,1,15,,1556701,13,,,1,55,,1556717,13,,,1,15,,1556719,13,,,1,16,,1556723,13,,,1,15,,1556720,13,,,1,55,,1556722,13,,,1,14,,1556716,13,,,1,15,,1556718,13,,,1,15,,1556721,13,,,1,55,,1556658,13,,,1,16,,1556686,13,,,1,14,,1556650,13,,,1,17,,1556655,13,,,1,53,,1556646,13,,,1,18,,1556687,13,,,1,14,,1556651,13,,,1,57,,1556649,13,,,1,14,,1556657,13,,,1,14,,1556659,13,,,1,16,,1556656,13,,,1,56,,1556697,13,,,1,15,,1556647,13,,,1,16,,1556652,13,,,1,12,,1556660,13,,,1,15,,1556677,13,,,1,53,,1556648,13,,,1,16,,1556661,13,,,1,14,,1556662,13,,,1,16,,1556688,13,,,1,56,,1556663,13,,,1,16,,1556695,13,,,1,14,,1556653,13,,,1,13,,1556696,13,,,1,55,,1556664,13,,,1,14,,1556665,13,,,1,14,,1556666,13,,,1,14,,1556654,13,,,1,56,,1556667,13,,,1,15,,1556672,13,,,1,15,,1556673,13,,,1,14,,1556668,13,,,1,54,,1556669,13,,,1,15,,1556670,13,,,1,15,,1556671,13,,,1,15,,1556674,13,,,1,55,,1556675,13,,,1,15,,1556683,13,,,1,14,,1556680,13,,,1,16,,1556690,13,,,1,55,,1556682,13,,,1,15,,1556679,13,,,1,14,,1556689,13,,,1,15,,1556691,13,,,1,56,,1556676,13,,,1,15,,1556692,13,,,1,16,,1556681,13,,,1,14,,1556693,13,,,1,55,,1556678,13,,,1,15,,1556684,13,,,1,14,,1556694,13,,,1,15,,1556685,13,,,1
80202,'20261011',539,,1556794,13,,,1,15,,1556799,13,,,1,54,,1556791,13,,,1,16,,1556800,13,,,1,15,,1556789,13,,,1,15,,1556790,13,,,1,55,,1556795,13,,,1,15,,1556796,13,,,1,16,,1556801,13,,,1,15,,1556788,13,,,1,56,,1556797,13,,,1,16,,1556787,13,,,1,15,,1556783,13,,,1,14,,1556786,13,,,1,55,,1556785,13,,,1,15,,1556792,13,,,1,16,,1556784,13,,,1,15,,1556798,13,,,1,55,,1556782,13,,,1,15,,1556781,13,,,1,16,,1556777,13,,,1,15,,1556780,13,,,1,55,,1556776,13,,,1,14,,1556793,13,,,1,15,,1556779,13,,,1,15,,1556778,13,,,1,55,,1556756,13,,,1,16,,1556727,13,,,1,14,,1556773,13,,,1,17,,1556775,13,,,1,53,,1556767,13,,,1,18,,1556730,13,,,1,14,,1556766,13,,,1,57,,1556774,13,,,1,14,,1556768,13,,,1,14,,1556757,13,,,1,16,,1556764,13,,,1,56,,1556733,13,,,1,15,,1556771,13,,,1,16,,1556770,13,,,1,12,,1556761,13,,,1,15,,1556744,13,,,1,53,,1556772,13,,,1,16,,1556755,13,,,1,14,,1556760,13,,,1,16,,1556726,13,,,1,56,,1556763,13,,,1,16,,1556735,13,,,1,14,,1556769,13,,,1,13,,1556734,13,,,1,55,,1556759,13,,,1,14,,1556754,13,,,1,14,,1556758,13,,,1,14,,1556765,13,,,1,56,,1556762,13,,,1,15,,1556751,13,,,1,15,,1556745,13,,,1,14,,1556753,13,,,1,54,,1556749,13,,,1,15,,1556750,13,,,1,15,,1556752,13,,,1,15,,1556740,13,,,1,55,,1556743,13,,,1,15,,1556746,13,,,1,14,,1556742,13,,,1,16,,1556728,13,,,1,55,,1556737,13,,,1,15,,1556738,13,,,1,14,,1556731,13,,,1,15,,1556725,13,,,1,56,,1556748,13,,,1,15,,1556729,13,,,1,16,,1556741,13,,,1,14,,1556724,13,,,1,55,,1556747,13,,,1,15,,1556739,13,,,1,14,,1556732,13,,,1,15,,1556736,13,,,1
80202,'20261012',539,,1556872,13,,,1,15,,1556877,13,,,1,54,,1556869,13,,,1,16,,1556878,13,,,1,15,,1556867,13,,,1,15,,1556868,13,,,1,55,,1556873,13,,,1,15,,1556874,13,,,1,16,,1556879,13,,,1,15,,1556866,13,,,1,56,,1556875,13,,,1,16,,1556865,13,,,1,15,,1556861,13,,,1,14,,1556864,13,,,1,55,,1556863,13,,,1,15,,1556870,13,,,1,16,,1556862,13,,,1,15,,1556876,13,,,1,55,,1556860,13,,,1,15,,1556859,13,,,1,16,,1556855,13,,,1,15,,1556858,13,,,1,55,,1556854,13,,,1,14,,1556871,13,,,1,15,,1556857,13,,,1,15,,1556856,13,,,1,55,,1556834,13,,,1,16,,1556805,13,,,1,14,,1556851,13,,,1,17,,1556853,13,,,1,53,,1556845,13,,,1,18,,1556808,13,,,1,14,,1556844,13,,,1,57,,1556852,13,,,1,14,,1556846,13,,,1,14,,1556835,13,,,1,16,,1556842,13,,,1,56,,1556811,13,,,1,15,,1556849,13,,,1,16,,1556848,13,,,1,12,,1556839,13,,,1,15,,1556822,13,,,1,53,,1556850,13,,,1,16,,1556833,13,,,1,14,,1556838,13,,,1,16,,1556804,13,,,1,56,,1556841,13,,,1,16,,1556813,13,,,1,14,,1556847,13,,,1,13,,1556812,13,,,1,55,,1556837,13,,,1,14,,1556832,13,,,1,14,,1556836,13,,,1,14,,1556843,13,,,1,56,,1556840,13,,,1,15,,1556829,13,,,1,15,,1556823,13,,,1,14,,1556831,13,,,1,54,,1556827,13,,,1,15,,1556828,13,,,1,15,,1556830,13,,,1,15,,1556818,13,,,1,55,,1556821,13,,,1,15,,1556824,13,,,1,14,,1556820,13,,,1,16,,1556806,13,,,1,55,,1556815,13,,,1,15,,1556816,13,,,1,14,,1556809,13,,,1,15,,1556803,13,,,1,56,,1556826,13,,,1,15,,1556807,13,,,1,16,,1556819,13,,,1,14,,1556802,13,,,1,55,,1556825,13,,,1,15,,1556817,13,,,1,14,,1556810,13,,,1,15,,1556814,13,,,1
