27300,'20261009',1645,,1612320,40,4,,0,70,,1612321,40,4,,0,23,,1612322,40,4,,0,72,,1612323,40,4,,0
27300,'20261013',1645,,1580569,40,4,,0,70,,1580570,40,4,,0,23,,1580571,40,4,,0,72,,1580572,40,4,,0
27300,'20261014',1645,,1580573,40,4,,0,70,,1580574,40,4,,0,23,,1580575,40,4,,0,72,,1580576,40,4,,0
27300,'20261015',1645,,1580577,40,4,,0,70,,1580578,40,4,,0,23,,1580579,40,4,,0,72,,1580580,40,4,,0
27300,'20261016',1645,,1580581,40,4,,0,70,,1580582,40,4,,0,23,,1580583,40,4,,0,72,,1580584,40,4,,0
27300,'20261019',1645,,1612324,40,4,,0,70,,1612325,40,4,,0,23,,1612326,40,4,,0,72,,1612327,40,4,,0
27300,'20261020',1645,,1612328,40,4,,0,70,,1612329,40,4,,0,23,,1612330,40,4,,0,72,,1612331,40,4,,0
27300,'20261021',1645,,1638138,40,4,,0,70,,1638139,40,4,,0,23,,1638140,40,4,,0,72,,1638141,40,4,,0
27300,'20261022',1645,,1638142,40,4,,0,70,,1638143,40,4,,0,23,,1638144,40,4,,0,72,,1638145,40,4,,0
27300,'20261023',1645,,1638146,40,4,,0,70,,1638147,40,4,,0,23,,1638148,40,4,,0,72,,1638149,40,4,,0
29000,'20261009',1632,,1612839,37,4,,0,74,,1612840,37,4,,0,34,,1612841,37,4,,0,73,,1612842,37,4,,0,36,,1612843,37,4,,0
29000,'20261013',1632,,1581087,37,4,,0,74,,1581088,37,4,,0,34,,1581089,37,4,,0,73,,1581090,37,4,,0,36,,1581091,37,4,,0
29000,'20261014',1632,,1581092,37,4,,0,74,,1581093,37,4,,0,34,,1581094,37,4,,0,73,,1581095,37,4,,0,36,,1581096,37,4,,0
29000,'20261015',1632,,1581097,37,4,,0,74,,1581098,37,4,,0,34,,1581099,37,4,,0,73,,1581100,37,4,,0,36,,1581101,37,4,,0
29000,'20261016',1632,,1581102,37,4,,0,74,,1581103,37,4,,0,34,,1581104,37,4,,0,73,,1581105,37,4,,0,36,,1581106,37,4,,0
29000,'20261019',1632,,1612844,37,4,,0,74,,1612845,37,4,,0,34,,1612846,37,4,,0,73,,1612847,37,4,,0,36,,1612848,37,4,,0
29000,'20261020',1632,,1612849,37,4,,0,74,,1612850,37,4,,0,34,,1612851,37,4,,0,73,,1612852,37,4,,0,36,,1612853,37,4,,0
29000,'20261021',1632,,1638396,37,4,,0,74,,1638397,37,4,,0,34,,1638398,37,4,,0,73,,1638399,37,4,,0,36,,1638400,37,4,,0
29000,'20261022',1632,,1638401,37,4,,0,74,,1638402,37,4,,0,34,,1638403,37,4,,0,73,,1638404,37,4,,0,36,,1638405,37,4,,0
29000,'20261023',1632,,1638406,37,4,,0,74,,1638407,37,4,,0,34,,1638408,37,4,,0,73,,1638409,37,4,,0,36,,1638410,37,4,,0
29001,'20261009',635,,1612866,1,,,0,65,,1612867,1,,,0,42,,1612868,1,,,0,67,,1612869,1,,,0
29001,'20261013',635,,1581117,1,,,0,65,,1581115,1,,,0,42,,1581116,1,,,0,67,,1581118,1,,,0
29001,'20261014',635,,1581121,1,,,0,65,,1581119,1,,,0,42,,1581120,1,,,0,67,,1581122,1,,,0
29001,'20261015',635,,1581125,1,,,0,65,,1581123,1,,,0,42,,1581124,1,,,0,67,,1581126,1,,,0
29001,'20261016',635,,1581129,1,,,0,65,,1581127,1,,,0,42,,1581128,1,,,0,67,,1581130,1,,,0
29001,'20261019',635,,1612872,1,,,0,65,,1612870,1,,,0,42,,1612871,1,,,0,67,,1612873,1,,,0
29001,'20261020',635,,1612876,1,,,0,65,,1612874,1,,,0,42,,1612875,1,,,0,67,,1612877,1,,,0
29001,'20261021',635,,1638413,1,,,0,65,,1638411,1,,,0,42,,1638412,1,,,0,67,,1638414,1,,,0
29001,'20261022',635,,1638417,1,,,0,65,,1638415,1,,,0,42,,1638416,1,,,0,67,,1638418,1,,,0
29001,'20261023',635,,1638421,1,,,0,65,,1638419,1,,,0,42,,1638420,1,,,0,67,,1638422,1,,,0
