3101,'20261002',628,,1568095,19,,,0,31,,1568096,19,,,0,84,,1568097,19,,,0,70,,1568098,19,,,0,29,,1568099,19,,,0,78,,1568100,19,,,0,96,,1568101,19,,,0,99,,1568102,19,,,0,100,,1568103,19,,,0,102,,1568104,19,,,0,99,,1568105,19,,,0,101,,1568106,19,,,0,101,,1568107,19,,,0,96,,1568108,19,,,0,19,,1568109,19,,,0,70,,1568110,19,,,0,28,,1568111,19,,,0,26,,1568112,19,,,0,69,,1568113,19,,,0,28,,1568114,19,,,0,77,,1568115,19,,,0,95,,1568116,19,,,0,99,,1568117,19,,,0,100,,1568118,19,,,0
3101,'20261003',604,,1568119,19,,,0,154,,1568120,19,,,0,242,,1568121,19,,,0,201,,1568122,19,,,0,200,,1568123,19,,,0,200,,1568124,19,,,0,200,,1568125,19,,,0,202,,1568126,19,,,0,202,,1568127,19,,,0,198,,1568128,19,,,0
3101,'20261004',604,,1568129,19,,,0,154,,1568130,19,,,0,242,,1568131,19,,,0,201,,1568132,19,,,0,200,,1568133,19,,,0,200,,1568134,19,,,0,200,,1568135,19,,,0,202,,1568136,19,,,0,202,,1568137,19,,,0,198,,1568138,19,,,0
3101,'20261005',628,,1568139,19,,,0,31,,1568140,19,,,0,84,,1568141,19,,,0,70,,1568142,19,,,0,29,,1568143,19,,,0,78,,1568144,19,,,0,96,,1568145,19,,,0,99,,1568146,19,,,0,100,,1568147,19,,,0,102,,1568148,19,,,0,99,,1568149,19,,,0,101,,1568150,19,,,0,101,,1568151,19,,,0,96,,1568152,19,,,0,19,,1568153,19,,,0,70,,1568154,19,,,0,28,,1568155,19,,,0,26,,1568156,19,,,0,69,,1568157,19,,,0,28,,1568158,19,,,0,77,,1568159,19,,,0,95,,1568160,19,,,0,99,,1568161,19,,,0,100,,1568162,19,,,0
3101,'20261006',628,,1514886,19,,,0,31,,1514887,19,,,0,84,,1514888,19,,,0,70,,1514889,19,,,0,29,,1514890,19,,,0,78,,1514891,19,,,0,96,,1514892,19,,,0,99,,1514893,19,,,0,100,,1514894,19,,,0,102,,1514895,19,,,0,99,,1514896,19,,,0,101,,1514897,19,,,0,101,,1514898,19,,,0,96,,1514906,19,,,0,19,,1514899,19,,,0,70,,1514908,19,,,0,28,,1514900,19,,,0,26,,1514907,19,,,0,69,,1514901,19,,,0,28,,1514909,19,,,0,77,,1514902,19,,,0,95,,1514903,19,,,0,99,,1514904,19,,,0,100,,1514905,19,,,0
3101,'20261007',628,,1514910,19,,,0,31,,1514911,19,,,0,84,,1514912,19,,,0,70,,1514913,19,,,0,29,,1514914,19,,,0,78,,1514915,19,,,0,96,,1514916,19,,,0,99,,1514917,19,,,0,100,,1514918,19,,,0,102,,1514919,19,,,0,99,,1514920,19,,,0,101,,1514921,19,,,0,101,,1514922,19,,,0,96,,1514930,19,,,0,19,,1514923,19,,,0,70,,1514932,19,,,0,28,,1514924,19,,,0,26,,1514931,19,,,0,69,,1514925,19,,,0,28,,1514933,19,,,0,77,,1514926,19,,,0,95,,1514927,19,,,0,99,,1514928,19,,,0,100,,1514929,19,,,0
3101,'20261008',628,,1514934,19,,,0,31,,1514935,19,,,0,84,,1514936,19,,,0,70,,1514937,19,,,0,29,,1514938,19,,,0,78,,1514939,19,,,0,96,,1514940,19,,,0,99,,1514941,19,,,0,100,,1514942,19,,,0,102,,1514943,19,,,0,99,,1514944,19,,,0,101,,1514945,19,,,0,101,,1514946,19,,,0,96,,1514954,19,,,0,19,,1514947,19,,,0,70,,1514956,19,,,0,28,,1514948,19,,,0,26,,1514955,19,,,0,69,,1514949,19,,,0,28,,1514957,19,,,0,77,,1514950,19,,,0,95,,1514951,19,,,0,99,,1514952,19,,,0,100,,1514953,19,,,0
3101,'20261009',628,,1514958,19,,,0,31,,1514959,19,,,0,84,,1514960,19,,,0,70,,1514961,19,,,0,29,,1514962,19,,,0,78,,1514963,19,,,0,96,,1514964,19,,,0,99,,1514965,19,,,0,100,,1514966,19,,,0,102,,1514967,19,,,0,99,,1514968,19,,,0,101,,1514969,19,,,0,101,,1514970,19,,,0,96,,1514978,19,,,0,19,,1514971,19,,,0,70,,1514980,19,,,0,28,,1514972,19,,,0,26,,1514979,19,,,0,69,,1514973,19,,,0,28,,1514981,19,,,0,77,,1514974,19,,,0,95,,1514975,19,,,0,99,,1514976,19,,,0,100,,1514977,19,,,0
3101,'20261010',604,,1544603,19,,,0,154,,1544595,19,,,0,242,,1544596,19,,,0,201,,1544597,19,,,0,200,,1544598,19,,,0,200,,1544599,19,,,0,200,,1544600,19,,,0,202,,1544601,19,,,0,202,,1544602,19,,,0,198,,1544604,19,,,0
3101,'20261011',604,,1544613,19,,,0,154,,1544605,19,,,0,242,,1544606,19,,,0,201,,1544607,19,,,0,200,,1544608,19,,,0,200,,1544609,19,,,0,200,,1544610,19,,,0,202,,1544611,19,,,0,202,,1544612,19,,,0,198,,1544614,19,,,0
3101,'20261012',604,,1544623,19,,,0,154,,1544615,19,,,0,242,,1544616,19,,,0,201,,1544617,19,,,0,200,,1544618,19,,,0,200,,1544619,19,,,0,200,,1544620,19,,,0,202,,1544621,19,,,0,202,,1544622,19,,,0,198,,1544624,19,,,0
3101,'20261013',628,,1568163,19,,,0,31,,1568164,19,,,0,84,,1568165,19,,,0,70,,1568166,19,,,0,29,,1568167,19,,,0,78,,1568168,19,,,0,96,,1568169,19,,,0,99,,1568170,19,,,0,100,,1568171,19,,,0,102,,1568172,19,,,0,99,,1568173,19,,,0,101,,1568174,19,,,0,101,,1568175,19,,,0,96,,1568183,19,,,0,19,,1568176,19,,,0,70,,1568185,19,,,0,28,,1568177,19,,,0,26,,1568184,19,,,0,69,,1568178,19,,,0,28,,1568186,19,,,0,77,,1568179,19,,,0,95,,1568180,19,,,0,99,,1568181,19,,,0,100,,1568182,19,,,0
3101,'20261014',628,,1568187,19,,,0,31,,1568188,19,,,0,84,,1568189,19,,,0,70,,1568190,19,,,0,29,,1568191,19,,,0,78,,1568192,19,,,0,96,,1568193,19,,,0,99,,1568194,19,,,0,100,,1568195,19,,,0,102,,1568196,19,,,0,99,,1568197,19,,,0,101,,1568198,19,,,0,101,,1568199,19,,,0,96,,1568207,19,,,0,19,,1568200,19,,,0,70,,1568209,19,,,0,28,,1568201,19,,,0,26,,1568208,19,,,0,69,,1568202,19,,,0,28,,1568210,19,,,0,77,,1568203,19,,,0,95,,1568204,19,,,0,99,,1568205,19,,,0,100,,1568206,19,,,0
3101,'20261015',628,,1568211,19,,,0,31,,1568212,19,,,0,84,,1568213,19,,,0,70,,1568214,19,,,0,29,,1568215,19,,,0,78,,1568216,19,,,0,96,,1568217,19,,,0,99,,1568218,19,,,0,100,,1568219,19,,,0,102,,1568220,19,,,0,99,,1568221,19,,,0,101,,1568222,19,,,0,101,,1568223,19,,,0,96,,1568231,19,,,0,19,,1568224,19,,,0,70,,1568233,19,,,0,28,,1568225,19,,,0,26,,1568232,19,,,0,69,,1568226,19,,,0,28,,1568234,19,,,0,77,,1568227,19,,,0,95,,1568228,19,,,0,99,,1568229,19,,,0,100,,1568230,19,,,0
3101,'20261016',628,,1568235,19,,,0,31,,1568236,19,,,0,84,,1568237,19,,,0,70,,1568238,19,,,0,29,,1568239,19,,,0,78,,1568240,19,,,0,96,,1568241,19,,,0,99,,1568242,19,,,0,100,,1568243,19,,,0,102,,1568244,19,,,0,99,,1568245,19,,,0,101,,1568246,19,,,0,101,,1568247,19,,,0,96,,1568255,19,,,0,19,,1568248,19,,,0,70,,1568257,19,,,0,28,,1568249,19,,,0,26,,1568256,19,,,0,69,,1568250,19,,,0,28,,1568258,19,,,0,77,,1568251,19,,,0,95,,1568252,19,,,0,99,,1568253,19,,,0,100,,1568254,19,,,0
3201,'20261002',557,,1568379,17,,,0,68,,1568380,17,,,0,31,,1568381,17,,,0,57,,1568382,17,,,0,100,,1568383,17,,,0,27,,1568384,17,,,0,68,,1568385,17,,,0,93,,1568386,17,,,0,155,,1568387,17,,,0,200,,1568388,17,,,0,267,,1568389,17,,,0,80,,1568390,17,,,0,20,,1568391,17,,,0,183,,1568392,17,,,0,195,,1568393,17,,,0,200,,1568394,17,,,0
3201,'20261003',703,,1568395,17,,,0,200,,1568396,17,,,0,200,,1568397,17,,,0,155,,1568398,17,,,0,200,,1568399,17,,,0,201,,1568400,17,,,0,244,,1568401,17,,,0,200,,1568402,17,,,0,200,,1568403,17,,,0
3201,'20261004',703,,1568404,17,,,0,200,,1568405,17,,,0,200,,1568406,17,,,0,155,,1568407,17,,,0,200,,1568408,17,,,0,201,,1568409,17,,,0,244,,1568410,17,,,0,200,,1568411,17,,,0,200,,1568412,17,,,0
3201,'20261005',557,,1568413,17,,,0,68,,1568414,17,,,0,31,,1568415,17,,,0,57,,1568416,17,,,0,100,,1568417,17,,,0,27,,1568418,17,,,0,68,,1568419,17,,,0,93,,1568420,17,,,0,155,,1568421,17,,,0,200,,1568422,17,,,0,267,,1568423,17,,,0,80,,1568424,17,,,0,20,,1568425,17,,,0,183,,1568426,17,,,0,195,,1568427,17,,,0,200,,1568428,17,,,0
3201,'20261006',557,,1515152,17,,,0,68,,1515153,17,,,0,31,,1515154,17,,,0,57,,1515155,17,,,0,100,,1515156,17,,,0,27,,1515157,17,,,0,68,,1515158,17,,,0,93,,1515159,17,,,0,155,,1515160,17,,,0,200,,1515161,17,,,0,267,,1515167,17,,,0,80,,1515166,17,,,0,20,,1515162,17,,,0,183,,1515163,17,,,0,195,,1515164,17,,,0,200,,1515165,17,,,0
3201,'20261007',557,,1515168,17,,,0,68,,1515169,17,,,0,31,,1515170,17,,,0,57,,1515171,17,,,0,100,,1515172,17,,,0,27,,1515173,17,,,0,68,,1515174,17,,,0,93,,1515175,17,,,0,155,,1515176,17,,,0,200,,1515177,17,,,0,267,,1515183,17,,,0,80,,1515182,17,,,0,20,,1515178,17,,,0,183,,1515179,17,,,0,195,,1515180,17,,,0,200,,1515181,17,,,0
3201,'20261008',557,,1515184,17,,,0,68,,1515185,17,,,0,31,,1515186,17,,,0,57,,1515187,17,,,0,100,,1515188,17,,,0,27,,1515189,17,,,0,68,,1515190,17,,,0,93,,1515191,17,,,0,155,,1515192,17,,,0,200,,1515193,17,,,0,267,,1515199,17,,,0,80,,1515198,17,,,0,20,,1515194,17,,,0,183,,1515195,17,,,0,195,,1515196,17,,,0,200,,1515197,17,,,0
3201,'20261009',557,,1515200,17,,,0,68,,1515201,17,,,0,31,,1515202,17,,,0,57,,1515203,17,,,0,100,,1515204,17,,,0,27,,1515205,17,,,0,68,,1515206,17,,,0,93,,1515207,17,,,0,155,,1515208,17,,,0,200,,1515209,17,,,0,267,,1515215,17,,,0,80,,1515214,17,,,0,20,,1515210,17,,,0,183,,1515211,17,,,0,195,,1515212,17,,,0,200,,1515213,17,,,0
3201,'20261010',703,,1544751,17,,,0,200,,1544752,17,,,0,200,,1544753,17,,,0,155,,1544754,17,,,0,200,,1544755,17,,,0,201,,1544756,17,,,0,244,,1544757,17,,,0,200,,1544758,17,,,0,200,,1544759,17,,,0
3201,'20261011',703,,1544760,17,,,0,200,,1544761,17,,,0,200,,1544762,17,,,0,155,,1544763,17,,,0,200,,1544764,17,,,0,201,,1544765,17,,,0,244,,1544766,17,,,0,200,,1544767,17,,,0,200,,1544768,17,,,0
3201,'20261012',703,,1544769,17,,,0,200,,1544770,17,,,0,200,,1544771,17,,,0,155,,1544772,17,,,0,200,,1544773,17,,,0,201,,1544774,17,,,0,244,,1544775,17,,,0,200,,1544776,17,,,0,200,,1544777,17,,,0
3201,'20261013',557,,1568429,17,,,0,68,,1568430,17,,,0,31,,1568431,17,,,0,57,,1568432,17,,,0,100,,1568433,17,,,0,27,,1568434,17,,,0,68,,1568435,17,,,0,93,,1568436,17,,,0,155,,1568437,17,,,0,200,,1568438,17,,,0,267,,1568444,17,,,0,80,,1568443,17,,,0,20,,1568439,17,,,0,183,,1568440,17,,,0,195,,1568441,17,,,0,200,,1568442,17,,,0
3201,'20261014',557,,1568445,17,,,0,68,,1568446,17,,,0,31,,1568447,17,,,0,57,,1568448,17,,,0,100,,1568449,17,,,0,27,,1568450,17,,,0,68,,1568451,17,,,0,93,,1568452,17,,,0,155,,1568453,17,,,0,200,,1568454,17,,,0,267,,1568460,17,,,0,80,,1568459,17,,,0,20,,1568455,17,,,0,183,,1568456,17,,,0,195,,1568457,17,,,0,200,,1568458,17,,,0
3201,'20261015',557,,1568461,17,,,0,68,,1568462,17,,,0,31,,1568463,17,,,0,57,,1568464,17,,,0,100,,1568465,17,,,0,27,,1568466,17,,,0,68,,1568467,17,,,0,93,,1568468,17,,,0,155,,1568469,17,,,0,200,,1568470,17,,,0,267,,1568476,17,,,0,80,,1568475,17,,,0,20,,1568471,17,,,0,183,,1568472,17,,,0,195,,1568473,17,,,0,200,,1568474,17,,,0
3201,'20261016',557,,1568477,17,,,0,68,,1568478,17,,,0,31,,1568479,17,,,0,57,,1568480,17,,,0,100,,1568481,17,,,0,27,,1568482,17,,,0,68,,1568483,17,,,0,93,,1568484,17,,,0,155,,1568485,17,,,0,200,,1568486,17,,,0,267,,1568492,17,,,0,80,,1568491,17,,,0,20,,1568487,17,,,0,183,,1568488,17,,,0,195,,1568489,17,,,0,200,,1568490,17,,,0
3401,'20261002',622,,1568607,25,,,0,34,,1568608,25,,,0,77,,1568609,25,,,0,78,,1568610,25,,,0,22,,1568611,25,,,0,215,,1568612,25,,,0,200,,1568613,25,,,0,200,,1568614,25,,,0,199,,1568615,25,,,0,68,,1568616,25,,,0,29,,1568617,25,,,0,70,,1568618,25,,,0,31,,1568619,25,,,0,155,,1568620,25,,,0,152,,1568621,25,,,0,200,,1568622,25,,,0
3401,'20261003',659,,1568623,25,,,0,242,,1568624,25,,,0,200,,1568625,25,,,0,200,,1568626,25,,,0,200,,1568627,25,,,0,200,,1568628,25,,,0,202,,1568629,25,,,0,201,,1568630,25,,,0,200,,1568631,25,,,0
3401,'20261004',659,,1568632,25,,,0,242,,1568633,25,,,0,200,,1568634,25,,,0,200,,1568635,25,,,0,200,,1568636,25,,,0,200,,1568637,25,,,0,202,,1568638,25,,,0,201,,1568639,25,,,0,200,,1568640,25,,,0
3401,'20261005',622,,1568641,25,,,0,34,,1568642,25,,,0,77,,1568643,25,,,0,78,,1568644,25,,,0,22,,1568645,25,,,0,215,,1568646,25,,,0,200,,1568647,25,,,0,200,,1568648,25,,,0,199,,1568649,25,,,0,68,,1568650,25,,,0,29,,1568651,25,,,0,70,,1568652,25,,,0,31,,1568653,25,,,0,155,,1568654,25,,,0,152,,1568655,25,,,0,200,,1568656,25,,,0
3401,'20261006',622,,1515387,25,,,0,34,,1515380,25,,,0,77,,1515381,25,,,0,78,,1515382,25,,,0,22,,1515395,25,,,0,215,,1515388,25,,,0,200,,1515383,25,,,0,200,,1515389,25,,,0,199,,1515393,25,,,0,68,,1515386,25,,,0,29,,1515384,25,,,0,70,,1515385,25,,,0,31,,1515394,25,,,0,155,,1515390,25,,,0,152,,1515391,25,,,0,200,,1515392,25,,,0
3401,'20261007',622,,1515403,25,,,0,34,,1515396,25,,,0,77,,1515397,25,,,0,78,,1515398,25,,,0,22,,1515411,25,,,0,215,,1515404,25,,,0,200,,1515399,25,,,0,200,,1515405,25,,,0,199,,1515409,25,,,0,68,,1515402,25,,,0,29,,1515400,25,,,0,70,,1515401,25,,,0,31,,1515410,25,,,0,155,,1515406,25,,,0,152,,1515407,25,,,0,200,,1515408,25,,,0
3401,'20261008',622,,1515419,25,,,0,34,,1515412,25,,,0,77,,1515413,25,,,0,78,,1515414,25,,,0,22,,1515427,25,,,0,215,,1515420,25,,,0,200,,1515415,25,,,0,200,,1515421,25,,,0,199,,1515425,25,,,0,68,,1515418,25,,,0,29,,1515416,25,,,0,70,,1515417,25,,,0,31,,1515426,25,,,0,155,,1515422,25,,,0,152,,1515423,25,,,0,200,,1515424,25,,,0
3401,'20261009',622,,1515435,25,,,0,34,,1515428,25,,,0,77,,1515429,25,,,0,78,,1515430,25,,,0,22,,1515443,25,,,0,215,,1515436,25,,,0,200,,1515431,25,,,0,200,,1515437,25,,,0,199,,1515441,25,,,0,68,,1515434,25,,,0,29,,1515432,25,,,0,70,,1515433,25,,,0,31,,1515442,25,,,0,155,,1515438,25,,,0,152,,1515439,25,,,0,200,,1515440,25,,,0
3401,'20261010',659,,1544901,25,,,0,242,,1544904,25,,,0,200,,1544902,25,,,0,200,,1544906,25,,,0,200,,1544903,25,,,0,200,,1544907,25,,,0,202,,1544908,25,,,0,201,,1544909,25,,,0,200,,1544905,25,,,0
3401,'20261011',659,,1544910,25,,,0,242,,1544911,25,,,0,200,,1544912,25,,,0,200,,1544913,25,,,0,200,,1544914,25,,,0,200,,1544915,25,,,0,202,,1544916,25,,,0,201,,1544917,25,,,0,200,,1544918,25,,,0
3401,'20261012',659,,1544919,25,,,0,242,,1544920,25,,,0,200,,1544921,25,,,0,200,,1544922,25,,,0,200,,1544923,25,,,0,200,,1544924,25,,,0,202,,1544925,25,,,0,201,,1544926,25,,,0,200,,1544927,25,,,0
3401,'20261013',622,,1568664,25,,,0,34,,1568657,25,,,0,77,,1568658,25,,,0,78,,1568659,25,,,0,22,,1568672,25,,,0,215,,1568665,25,,,0,200,,1568660,25,,,0,200,,1568666,25,,,0,199,,1568670,25,,,0,68,,1568663,25,,,0,29,,1568661,25,,,0,70,,1568662,25,,,0,31,,1568671,25,,,0,155,,1568667,25,,,0,152,,1568668,25,,,0,200,,1568669,25,,,0
3401,'20261014',622,,1568680,25,,,0,34,,1568673,25,,,0,77,,1568674,25,,,0,78,,1568675,25,,,0,22,,1568688,25,,,0,215,,1568681,25,,,0,200,,1568676,25,,,0,200,,1568682,25,,,0,199,,1568686,25,,,0,68,,1568679,25,,,0,29,,1568677,25,,,0,70,,1568678,25,,,0,31,,1568687,25,,,0,155,,1568683,25,,,0,152,,1568684,25,,,0,200,,1568685,25,,,0
3401,'20261015',622,,1568696,25,,,0,34,,1568689,25,,,0,77,,1568690,25,,,0,78,,1568691,25,,,0,22,,1568704,25,,,0,215,,1568697,25,,,0,200,,1568692,25,,,0,200,,1568698,25,,,0,199,,1568702,25,,,0,68,,1568695,25,,,0,29,,1568693,25,,,0,70,,1568694,25,,,0,31,,1568703,25,,,0,155,,1568699,25,,,0,152,,1568700,25,,,0,200,,1568701,25,,,0
3401,'20261016',622,,1568712,25,,,0,34,,1568705,25,,,0,77,,1568706,25,,,0,78,,1568707,25,,,0,22,,1568720,25,,,0,215,,1568713,25,,,0,200,,1568708,25,,,0,200,,1568714,25,,,0,199,,1568718,25,,,0,68,,1568711,25,,,0,29,,1568709,25,,,0,70,,1568710,25,,,0,31,,1568719,25,,,0,155,,1568715,25,,,0,152,,1568716,25,,,0,200,,1568717,25,,,0
