9402,'20261009',551,,1610744,2,,,0,96,,1610743,2,,,0,2,,1610745,2,,,0,71,,1610746,2,,,0,32,,1610747,2,,,0,70,,1610748,2,,,0,33,,1610749,2,,,0,100,,1610750,2,,,0,99,,1610751,2,,,0,99,,1610752,2,,,0,100,,1610753,2,,,0,100,,1610754,2,,,0,101,,1610755,2,,,0,97,,1610756,2,,,0,102,,1610757,2,,,0,102,,1610758,2,,,0,99,,1610759,2,,,0,100,,1610760,2,,,0,99,,1610761,2,,,0,99,,1610762,2,,,0,100,,1610763,2,,,0
9402,'20261010',546,,1637196,2,,,0,100,,1637197,2,,,0,100,,1637198,2,,,0,100,,1637199,2,,,0,101,,1637200,2,,,0,100,,1637201,2,,,0,101,,1637202,2,,,0,100,,1637203,2,,,0,100,,1637204,2,,,0,100,,1637205,2,,,0,101,,1637206,2,,,0,100,,1637207,2,,,0,100,,1637208,2,,,0,100,,1637209,2,,,0,99,,1637210,2,,,0,99,,1637211,2,,,0,99,,1637212,2,,,0,100,,1637213,2,,,0
9402,'20261011',546,,1637214,2,,,0,100,,1637215,2,,,0,100,,1637216,2,,,0,100,,1637217,2,,,0,101,,1637218,2,,,0,100,,1637219,2,,,0,101,,1637220,2,,,0,100,,1637221,2,,,0,100,,1637222,2,,,0,100,,1637223,2,,,0,101,,1637224,2,,,0,100,,1637225,2,,,0,100,,1637226,2,,,0,100,,1637227,2,,,0,99,,1637228,2,,,0,99,,1637229,2,,,0,99,,1637230,2,,,0,100,,1637231,2,,,0
9402,'20261012',546,,1637232,2,,,0,100,,1637233,2,,,0,100,,1637234,2,,,0,100,,1637235,2,,,0,101,,1637236,2,,,0,100,,1637237,2,,,0,101,,1637238,2,,,0,100,,1637239,2,,,0,100,,1637240,2,,,0,100,,1637241,2,,,0,101,,1637242,2,,,0,100,,1637243,2,,,0,100,,1637244,2,,,0,100,,1637245,2,,,0,99,,1637246,2,,,0,99,,1637247,2,,,0,99,,1637248,2,,,0,100,,1637249,2,,,0
9402,'20261013',551,,1579017,2,,,0,98,,1579019,2,,,0,71,,1579034,2,,,0,32,,1579035,2,,,0,70,,1579033,2,,,0,33,,1579018,2,,,0,100,,1579036,2,,,0,99,,1579020,2,,,0,99,,1579021,2,,,0,100,,1579022,2,,,0,100,,1579023,2,,,0,101,,1579024,2,,,0,97,,1579025,2,,,0,102,,1579026,2,,,0,102,,1579027,2,,,0,99,,1579028,2,,,0,100,,1579029,2,,,0,99,,1579030,2,,,0,99,,1579031,2,,,0,100,,1579032,2,,,0
9402,'20261014',551,,1579037,2,,,0,98,,1579039,2,,,0,71,,1579054,2,,,0,32,,1579055,2,,,0,70,,1579053,2,,,0,33,,1579038,2,,,0,100,,1579056,2,,,0,99,,1579040,2,,,0,99,,1579041,2,,,0,100,,1579042,2,,,0,100,,1579043,2,,,0,101,,1579044,2,,,0,97,,1579045,2,,,0,102,,1579046,2,,,0,102,,1579047,2,,,0,99,,1579048,2,,,0,100,,1579049,2,,,0,99,,1579050,2,,,0,99,,1579051,2,,,0,100,,1579052,2,,,0
9402,'20261015',551,,1579057,2,,,0,98,,1579059,2,,,0,71,,1579074,2,,,0,32,,1579075,2,,,0,70,,1579073,2,,,0,33,,1579058,2,,,0,100,,1579076,2,,,0,99,,1579060,2,,,0,99,,1579061,2,,,0,100,,1579062,2,,,0,100,,1579063,2,,,0,101,,1579064,2,,,0,97,,1579065,2,,,0,102,,1579066,2,,,0,102,,1579067,2,,,0,99,,1579068,2,,,0,100,,1579069,2,,,0,99,,1579070,2,,,0,99,,1579071,2,,,0,100,,1579072,2,,,0
9402,'20261016',551,,1579077,2,,,0,98,,1579079,2,,,0,71,,1579094,2,,,0,32,,1579095,2,,,0,70,,1579093,2,,,0,33,,1579078,2,,,0,100,,1579096,2,,,0,99,,1579080,2,,,0,99,,1579081,2,,,0,100,,1579082,2,,,0,100,,1579083,2,,,0,101,,1579084,2,,,0,97,,1579085,2,,,0,102,,1579086,2,,,0,102,,1579087,2,,,0,99,,1579088,2,,,0,100,,1579089,2,,,0,99,,1579090,2,,,0,99,,1579091,2,,,0,100,,1579092,2,,,0
9402,'20261017',546,,1610781,2,,,0,100,,1610764,2,,,0,100,,1610765,2,,,0,100,,1610766,2,,,0,101,,1610767,2,,,0,100,,1610768,2,,,0,101,,1610769,2,,,0,100,,1610770,2,,,0,100,,1610771,2,,,0,100,,1610772,2,,,0,101,,1610773,2,,,0,100,,1610774,2,,,0,100,,1610775,2,,,0,100,,1610776,2,,,0,99,,1610777,2,,,0,99,,1610778,2,,,0,99,,1610779,2,,,0,100,,1610780,2,,,0
9402,'20261018',546,,1610799,2,,,0,100,,1610782,2,,,0,100,,1610783,2,,,0,100,,1610784,2,,,0,101,,1610785,2,,,0,100,,1610786,2,,,0,101,,1610787,2,,,0,100,,1610788,2,,,0,100,,1610789,2,,,0,100,,1610790,2,,,0,101,,1610791,2,,,0,100,,1610792,2,,,0,100,,1610793,2,,,0,100,,1610794,2,,,0,99,,1610795,2,,,0,99,,1610796,2,,,0,99,,1610797,2,,,0,100,,1610798,2,,,0
9402,'20261019',551,,1610800,2,,,0,98,,1610802,2,,,0,71,,1610817,2,,,0,32,,1610818,2,,,0,70,,1610816,2,,,0,33,,1610801,2,,,0,100,,1610819,2,,,0,99,,1610803,2,,,0,99,,1610804,2,,,0,100,,1610805,2,,,0,100,,1610806,2,,,0,101,,1610807,2,,,0,97,,1610808,2,,,0,102,,1610809,2,,,0,102,,1610810,2,,,0,99,,1610811,2,,,0,100,,1610812,2,,,0,99,,1610813,2,,,0,99,,1610814,2,,,0,100,,1610815,2,,,0
9402,'20261020',551,,1610820,2,,,0,98,,1610822,2,,,0,71,,1610837,2,,,0,32,,1610838,2,,,0,70,,1610836,2,,,0,33,,1610821,2,,,0,100,,1610839,2,,,0,99,,1610823,2,,,0,99,,1610824,2,,,0,100,,1610825,2,,,0,100,,1610826,2,,,0,101,,1610827,2,,,0,97,,1610828,2,,,0,102,,1610829,2,,,0,102,,1610830,2,,,0,99,,1610831,2,,,0,100,,1610832,2,,,0,99,,1610833,2,,,0,99,,1610834,2,,,0,100,,1610835,2,,,0
9402,'20261021',551,,1637250,2,,,0,98,,1637252,2,,,0,71,,1637267,2,,,0,32,,1637268,2,,,0,70,,1637266,2,,,0,33,,1637251,2,,,0,100,,1637269,2,,,0,99,,1637253,2,,,0,99,,1637254,2,,,0,100,,1637255,2,,,0,100,,1637256,2,,,0,101,,1637257,2,,,0,97,,1637258,2,,,0,102,,1637259,2,,,0,102,,1637260,2,,,0,99,,1637261,2,,,0,100,,1637262,2,,,0,99,,1637263,2,,,0,99,,1637264,2,,,0,100,,1637265,2,,,0
9402,'20261022',551,,1637270,2,,,0,98,,1637272,2,,,0,71,,1637287,2,,,0,32,,1637288,2,,,0,70,,1637286,2,,,0,33,,1637271,2,,,0,100,,1637289,2,,,0,99,,1637273,2,,,0,99,,1637274,2,,,0,100,,1637275,2,,,0,100,,1637276,2,,,0,101,,1637277,2,,,0,97,,1637278,2,,,0,102,,1637279,2,,,0,102,,1637280,2,,,0,99,,1637281,2,,,0,100,,1637282,2,,,0,99,,1637283,2,,,0,99,,1637284,2,,,0,100,,1637285,2,,,0
9402,'20261023',551,,1637290,2,,,0,98,,1637292,2,,,0,71,,1637307,2,,,0,32,,1637308,2,,,0,70,,1637306,2,,,0,33,,1637291,2,,,0,100,,1637309,2,,,0,99,,1637293,2,,,0,99,,1637294,2,,,0,100,,1637295,2,,,0,100,,1637296,2,,,0,101,,1637297,2,,,0,97,,1637298,2,,,0,102,,1637299,2,,,0,102,,1637300,2,,,0,99,,1637301,2,,,0,100,,1637302,2,,,0,99,,1637303,2,,,0,99,,1637304,2,,,0,100,,1637305,2,,,0
29402,'20261009',606,,1612971,2,,,0,42,,1612972,2,,,0,70,,1612973,2,,,0
29402,'20261013',606,,1581221,2,,,0,42,,1581222,2,,,0,70,,1581223,2,,,0
29402,'20261014',606,,1581224,2,,,0,42,,1581225,2,,,0,70,,1581226,2,,,0
29402,'20261015',606,,1581227,2,,,0,42,,1581228,2,,,0,70,,1581229,2,,,0
29402,'20261016',606,,1581230,2,,,0,42,,1581231,2,,,0,70,,1581232,2,,,0
29402,'20261019',606,,1612974,2,,,0,42,,1612975,2,,,0,70,,1612976,2,,,0
29402,'20261020',606,,1612977,2,,,0,42,,1612978,2,,,0,70,,1612979,2,,,0
29402,'20261021',606,,1638465,2,,,0,42,,1638466,2,,,0,70,,1638467,2,,,0
29402,'20261022',606,,1638468,2,,,0,42,,1638469,2,,,0,70,,1638470,2,,,0
29402,'20261023',606,,1638471,2,,,0,42,,1638472,2,,,0,70,,1638473,2,,,0
