1302,'20261006',647,,1597271,13,,,0,99,,1597272,13,,,0,72,,1597273,13,,,0,102,,1597274,13,,,0,97,,1597275,13,,,0,98,,1597276,13,,,0,101,,1597277,13,,,0,101,,1597278,13,,,0,99,,1597279,13,,,0,97,,1597280,13,,,0,96,,1597281,13,,,0,32,,1597282,13,,,0,3,,1597283,13,,,0,79,,1597284,13,,,0,98,,1597285,13,,,0,101,,1597286,13,,,0,99,,1597287,13,,,0,100,,1597288,13,,,0,100,,1597289,13,,,0,97,,1597290,13,,,0
1302,'20261007',647,,1597298,13,,,0,99,,1597299,13,,,0,72,,1597300,13,,,0,102,,1597301,13,,,0,97,,1597302,13,,,0,98,,1597303,13,,,0,101,,1597304,13,,,0,101,,1597305,13,,,0,99,,1597306,13,,,0,97,,1597307,13,,,0,96,,1597308,13,,,0,32,,1597309,13,,,0,3,,1597310,13,,,0,79,,1597311,13,,,0,98,,1597312,13,,,0,101,,1597313,13,,,0,99,,1597314,13,,,0,100,,1597315,13,,,0,100,,1597316,13,,,0,97,,1597317,13,,,0
1302,'20261008',647,,1597325,13,,,0,99,,1597326,13,,,0,72,,1597327,13,,,0,102,,1597328,13,,,0,97,,1597329,13,,,0,98,,1597330,13,,,0,101,,1597331,13,,,0,101,,1597332,13,,,0,99,,1597333,13,,,0,97,,1597334,13,,,0,96,,1597335,13,,,0,32,,1597336,13,,,0,3,,1597337,13,,,0,79,,1597338,13,,,0,98,,1597339,13,,,0,101,,1597340,13,,,0,99,,1597341,13,,,0,100,,1597342,13,,,0,100,,1597343,13,,,0,97,,1597344,13,,,0
1302,'20261009',647,,1597352,13,,,0,99,,1597353,13,,,0,72,,1597354,13,,,0,102,,1597355,13,,,0,97,,1597356,13,,,0,98,,1597357,13,,,0,101,,1597358,13,,,0,101,,1597359,13,,,0,99,,1597360,13,,,0,97,,1597361,13,,,0,96,,1597362,13,,,0,32,,1597363,13,,,0,3,,1597364,13,,,0,79,,1597365,13,,,0,98,,1597366,13,,,0,101,,1597367,13,,,0,99,,1597368,13,,,0,100,,1597369,13,,,0,100,,1597370,13,,,0,97,,1597371,13,,,0
1302,'20261010',758,,1542960,13,,,0,98,,1542961,13,,,0,99,,1542962,13,,,0,99,,1542963,13,,,0,99,,1542964,13,,,0,99,,1542965,13,,,0,97,,1542966,13,,,0,103,,1542967,13,,,0,101,,1542968,13,,,0,101,,1542969,13,,,0,101,,1542970,13,,,0,101,,1542971,13,,,0,101,,1542972,13,,,0,101,,1542973,13,,,0,100,,1542974,13,,,0
1302,'20261011',758,,1542975,13,,,0,98,,1542976,13,,,0,99,,1542977,13,,,0,99,,1542978,13,,,0,99,,1542979,13,,,0,99,,1542980,13,,,0,97,,1542981,13,,,0,103,,1542982,13,,,0,101,,1542983,13,,,0,101,,1542984,13,,,0,101,,1542985,13,,,0,101,,1542986,13,,,0,101,,1542987,13,,,0,101,,1542988,13,,,0,100,,1542989,13,,,0
1302,'20261012',758,,1542990,13,,,0,98,,1542991,13,,,0,99,,1542992,13,,,0,99,,1542993,13,,,0,99,,1542994,13,,,0,99,,1542995,13,,,0,97,,1542996,13,,,0,103,,1542997,13,,,0,101,,1542998,13,,,0,101,,1542999,13,,,0,101,,1543000,13,,,0,101,,1543001,13,,,0,101,,1543002,13,,,0,101,,1543003,13,,,0,100,,1543004,13,,,0
1302,'20261013',647,,1565640,13,,,0,99,,1565641,13,,,0,72,,1565642,13,,,0,102,,1565643,13,,,0,97,,1565644,13,,,0,98,,1565645,13,,,0,101,,1565646,13,,,0,101,,1565647,13,,,0,99,,1565648,13,,,0,97,,1565649,13,,,0,96,,1565650,13,,,0,32,,1565664,13,,,0,3,,1565663,13,,,0,79,,1565651,13,,,0,98,,1565652,13,,,0,101,,1565653,13,,,0,99,,1565654,13,,,0,100,,1565655,13,,,0,100,,1565656,13,,,0,97,,1565657,13,,,0
1302,'20261014',647,,1565665,13,,,0,99,,1565666,13,,,0,72,,1565667,13,,,0,102,,1565668,13,,,0,97,,1565669,13,,,0,98,,1565670,13,,,0,101,,1565671,13,,,0,101,,1565672,13,,,0,99,,1565673,13,,,0,97,,1565674,13,,,0,96,,1565675,13,,,0,32,,1565689,13,,,0,3,,1565688,13,,,0,79,,1565676,13,,,0,98,,1565677,13,,,0,101,,1565678,13,,,0,99,,1565679,13,,,0,100,,1565680,13,,,0,100,,1565681,13,,,0,97,,1565682,13,,,0
1302,'20261015',647,,1565690,13,,,0,99,,1565691,13,,,0,72,,1565692,13,,,0,102,,1565693,13,,,0,97,,1565694,13,,,0,98,,1565695,13,,,0,101,,1565696,13,,,0,101,,1565697,13,,,0,99,,1565698,13,,,0,97,,1565699,13,,,0,96,,1565700,13,,,0,32,,1565714,13,,,0,3,,1565713,13,,,0,79,,1565701,13,,,0,98,,1565702,13,,,0,101,,1565703,13,,,0,99,,1565704,13,,,0,100,,1565705,13,,,0,100,,1565706,13,,,0,97,,1565707,13,,,0
1302,'20261016',647,,1565715,13,,,0,99,,1565716,13,,,0,72,,1565717,13,,,0,102,,1565718,13,,,0,97,,1565719,13,,,0,98,,1565720,13,,,0,101,,1565721,13,,,0,101,,1565722,13,,,0,99,,1565723,13,,,0,97,,1565724,13,,,0,96,,1565725,13,,,0,32,,1565739,13,,,0,3,,1565738,13,,,0,79,,1565726,13,,,0,98,,1565727,13,,,0,101,,1565728,13,,,0,99,,1565729,13,,,0,100,,1565730,13,,,0,100,,1565731,13,,,0,97,,1565732,13,,,0
1302,'20261017',758,,1597372,13,,,0,98,,1597373,13,,,0,99,,1597374,13,,,0,99,,1597375,13,,,0,99,,1597376,13,,,0,99,,1597377,13,,,0,97,,1597378,13,,,0,103,,1597379,13,,,0,101,,1597380,13,,,0,101,,1597381,13,,,0,101,,1597382,13,,,0,101,,1597383,13,,,0,101,,1597384,13,,,0,101,,1597385,13,,,0,100,,1597386,13,,,0
1302,'20261018',758,,1597387,13,,,0,98,,1597388,13,,,0,99,,1597389,13,,,0,99,,1597390,13,,,0,99,,1597391,13,,,0,99,,1597392,13,,,0,97,,1597393,13,,,0,103,,1597394,13,,,0,101,,1597395,13,,,0,101,,1597396,13,,,0,101,,1597397,13,,,0,101,,1597398,13,,,0,101,,1597399,13,,,0,101,,1597400,13,,,0,100,,1597401,13,,,0
1302,'20261019',647,,1597402,13,,,0,99,,1597403,13,,,0,72,,1597404,13,,,0,102,,1597405,13,,,0,97,,1597406,13,,,0,98,,1597407,13,,,0,101,,1597408,13,,,0,101,,1597409,13,,,0,99,,1597410,13,,,0,97,,1597411,13,,,0,96,,1597412,13,,,0,32,,1597426,13,,,0,3,,1597425,13,,,0,79,,1597413,13,,,0,98,,1597414,13,,,0,101,,1597415,13,,,0,99,,1597416,13,,,0,100,,1597417,13,,,0,100,,1597418,13,,,0,97,,1597419,13,,,0
1302,'20261020',647,,1597427,13,,,0,99,,1597428,13,,,0,72,,1597429,13,,,0,102,,1597430,13,,,0,97,,1597431,13,,,0,98,,1597432,13,,,0,101,,1597433,13,,,0,101,,1597434,13,,,0,99,,1597435,13,,,0,97,,1597436,13,,,0,96,,1597437,13,,,0,32,,1597451,13,,,0,3,,1597450,13,,,0,79,,1597438,13,,,0,98,,1597439,13,,,0,101,,1597440,13,,,0,99,,1597441,13,,,0,100,,1597442,13,,,0,100,,1597443,13,,,0,97,,1597444,13,,,0
