5400,'20260929',647,,1546094,45,4,,1,73,,1546095,45,4,,1,36,,1546089,45,4,,1,68,,1546096,45,4,,1,30,,1546097,45,4,,1,66,,1546098,45,4,,1,29,,1546099,45,4,,1,71,,1546100,45,4,,1,31,,1546101,45,4,,1,70,,1546102,45,4,,1,31,,1546103,45,4,,1,69,,1546104,45,4,,1,30,,1546105,45,4,,1,71,,1546106,45,4,,1,28,,1546107,45,4,,1,70,,1546108,45,4,,1,29,,1546109,45,4,,1,72,,1546110,45,4,,1,29,,1546111,45,4,,1,59,,1546112,45,4,,1,17,,1546090,58,4,,1,19,,1546113,45,4,,1,59,,1546091,58,4,,1,16,,1546114,45,4,,1,14,,1546092,58,4,,1,12,,1546115,45,4,,1,11,,1546093,58,4,,1,55,,1546116,45,4,,1,18,,1546117,45,4,,1,28,,1546118,45,4,,1,73,,1546119,45,4,,1,92,,1546120,45,4,,1,105,,1546121,45,4,,1,99,,1546122,45,4,,1,104,,1546123,45,4,,1,103,,1546124,45,4,,1,94,,1546125,45,4,,1
5400,'20260930',647,,1546131,45,4,,1,73,,1546132,45,4,,1,36,,1546126,45,4,,1,68,,1546133,45,4,,1,30,,1546134,45,4,,1,66,,1546135,45,4,,1,29,,1546136,45,4,,1,71,,1546137,45,4,,1,31,,1546138,45,4,,1,70,,1546139,45,4,,1,31,,1546140,45,4,,1,69,,1546141,45,4,,1,30,,1546142,45,4,,1,71,,1546143,45,4,,1,28,,1546144,45,4,,1,70,,1546145,45,4,,1,29,,1546146,45,4,,1,72,,1546147,45,4,,1,29,,1546148,45,4,,1,59,,1546149,45,4,,1,17,,1546127,58,4,,1,19,,1546150,45,4,,1,59,,1546128,58,4,,1,16,,1546151,45,4,,1,14,,1546129,58,4,,1,12,,1546152,45,4,,1,11,,1546130,58,4,,1,55,,1546153,45,4,,1,18,,1546154,45,4,,1,28,,1546155,45,4,,1,73,,1546156,45,4,,1,92,,1546157,45,4,,1,105,,1546158,45,4,,1,99,,1546159,45,4,,1,104,,1546160,45,4,,1,103,,1546161,45,4,,1,94,,1546162,45,4,,1
5400,'20261001',647,,1546168,45,4,,1,73,,1546169,45,4,,1,36,,1546163,45,4,,1,68,,1546170,45,4,,1,30,,1546171,45,4,,1,66,,1546172,45,4,,1,29,,1546173,45,4,,1,71,,1546174,45,4,,1,31,,1546175,45,4,,1,70,,1546176,45,4,,1,31,,1546177,45,4,,1,69,,1546178,45,4,,1,30,,1546179,45,4,,1,71,,1546180,45,4,,1,28,,1546181,45,4,,1,70,,1546182,45,4,,1,29,,1546183,45,4,,1,72,,1546184,45,4,,1,29,,1546185,45,4,,1,59,,1546186,45,4,,1,17,,1546164,58,4,,1,19,,1546187,45,4,,1,59,,1546165,58,4,,1,16,,1546188,45,4,,1,14,,1546166,58,4,,1,12,,1546189,45,4,,1,11,,1546167,58,4,,1,55,,1546190,45,4,,1,18,,1546191,45,4,,1,28,,1546192,45,4,,1,73,,1546193,45,4,,1,92,,1546194,45,4,,1,105,,1546195,45,4,,1,99,,1546196,45,4,,1,104,,1546197,45,4,,1,103,,1546198,45,4,,1,94,,1546199,45,4,,1
5400,'20261002',647,,1468881,45,4,,1,73,,1468882,45,4,,1,36,,1468883,45,4,,1,68,,1468884,45,4,,1,30,,1468885,45,4,,1,66,,1468886,45,4,,1,29,,1468887,45,4,,1,71,,1468888,45,4,,1,31,,1468889,45,4,,1,70,,1468890,45,4,,1,31,,1468891,45,4,,1,69,,1468892,45,4,,1,30,,1468893,45,4,,1,71,,1468894,45,4,,1,28,,1468895,45,4,,1,70,,1468896,45,4,,1,29,,1468897,45,4,,1,72,,1468898,45,4,,1,29,,1468899,45,4,,1,59,,1468901,45,4,,1,17,,1468900,58,4,,1,19,,1468903,45,4,,1,59,,1468902,58,4,,1,16,,1468905,45,4,,1,14,,1468904,58,4,,1,12,,1468907,45,4,,1,11,,1468906,58,4,,1,55,,1468908,45,4,,1,18,,1468909,45,4,,1,28,,1468910,45,4,,1,73,,1468911,45,4,,1,92,,1468912,45,4,,1,105,,1468913,45,4,,1,99,,1468914,45,4,,1,104,,1468915,45,4,,1,103,,1468916,45,4,,1,94,,1468917,45,4,,1
5400,'20261003',725,,1491870,45,4,,1,100,,1491871,45,4,,1,101,,1491872,45,4,,1,99,,1491891,45,4,,1,100,,1491892,45,4,,1,101,,1491885,45,4,,1,31,,1491873,45,4,,1,69,,1491886,45,4,,1,30,,1491874,45,4,,1,71,,1491887,45,4,,1,24,,1491875,45,4,,1,75,,1491888,45,4,,1,27,,1491876,45,4,,1,72,,1491889,45,4,,1,32,,1491877,45,4,,1,80,,1491890,45,4,,1,71,,1491878,45,4,,1,21,,1491879,45,4,,1,99,,1491880,45,4,,1,99,,1491881,45,4,,1,100,,1491882,45,4,,1,100,,1491883,45,4,,1,98,,1491884,45,4,,1,102,,1491893,45,4,,1,98,,1491894,45,4,,1
5400,'20261004',725,,1491895,45,4,,1,100,,1491897,45,4,,1,101,,1491896,45,4,,1,99,,1491916,45,4,,1,100,,1491917,45,4,,1,101,,1491911,45,4,,1,31,,1491900,45,4,,1,69,,1491912,45,4,,1,30,,1491903,45,4,,1,71,,1491899,45,4,,1,24,,1491905,45,4,,1,75,,1491914,45,4,,1,27,,1491910,45,4,,1,72,,1491913,45,4,,1,32,,1491898,45,4,,1,80,,1491915,45,4,,1,71,,1491902,45,4,,1,21,,1491907,45,4,,1,99,,1491904,45,4,,1,99,,1491906,45,4,,1,100,,1491908,45,4,,1,100,,1491909,45,4,,1,98,,1491901,45,4,,1,102,,1491918,45,4,,1,98,,1491919,45,4,,1
5400,'20261005',647,,1491920,45,4,,1,73,,1491921,45,4,,1,36,,1491922,45,4,,1,68,,1491923,45,4,,1,30,,1491924,45,4,,1,66,,1491925,45,4,,1,29,,1491926,45,4,,1,71,,1491927,45,4,,1,31,,1491928,45,4,,1,70,,1491929,45,4,,1,31,,1491930,45,4,,1,69,,1491931,45,4,,1,30,,1491932,45,4,,1,71,,1491933,45,4,,1,28,,1491934,45,4,,1,70,,1491935,45,4,,1,29,,1491936,45,4,,1,72,,1491937,45,4,,1,29,,1491938,45,4,,1,59,,1491940,45,4,,1,17,,1491939,58,4,,1,19,,1491942,45,4,,1,59,,1491941,58,4,,1,16,,1491944,45,4,,1,14,,1491943,58,4,,1,12,,1491946,45,4,,1,11,,1491945,58,4,,1,55,,1491947,45,4,,1,18,,1491948,45,4,,1,28,,1491949,45,4,,1,73,,1491950,45,4,,1,92,,1491951,45,4,,1,105,,1491952,45,4,,1,99,,1491953,45,4,,1,104,,1491954,45,4,,1,103,,1491955,45,4,,1,94,,1491956,45,4,,1
5400,'20261006',647,,1517194,45,4,,1,73,,1517195,45,4,,1,36,,1517196,45,4,,1,68,,1517197,45,4,,1,30,,1517198,45,4,,1,66,,1517199,45,4,,1,29,,1517200,45,4,,1,71,,1517201,45,4,,1,31,,1517202,45,4,,1,70,,1517203,45,4,,1,31,,1517204,45,4,,1,69,,1517205,45,4,,1,30,,1517206,45,4,,1,71,,1517207,45,4,,1,28,,1517208,45,4,,1,70,,1517209,45,4,,1,29,,1517210,45,4,,1,72,,1517211,45,4,,1,29,,1517212,45,4,,1,59,,1517214,45,4,,1,17,,1517213,58,4,,1,19,,1517216,45,4,,1,59,,1517215,58,4,,1,16,,1517218,45,4,,1,14,,1517217,58,4,,1,12,,1517220,45,4,,1,11,,1517219,58,4,,1,55,,1517221,45,4,,1,18,,1517222,45,4,,1,28,,1517223,45,4,,1,73,,1517224,45,4,,1,92,,1517225,45,4,,1,105,,1517226,45,4,,1,99,,1517227,45,4,,1,104,,1517228,45,4,,1,103,,1517229,45,4,,1,94,,1517230,45,4,,1
5400,'20261007',647,,1517231,45,4,,1,73,,1517232,45,4,,1,36,,1517233,45,4,,1,68,,1517234,45,4,,1,30,,1517235,45,4,,1,66,,1517236,45,4,,1,29,,1517237,45,4,,1,71,,1517238,45,4,,1,31,,1517239,45,4,,1,70,,1517240,45,4,,1,31,,1517241,45,4,,1,69,,1517242,45,4,,1,30,,1517243,45,4,,1,71,,1517244,45,4,,1,28,,1517245,45,4,,1,70,,1517246,45,4,,1,29,,1517247,45,4,,1,72,,1517248,45,4,,1,29,,1517249,45,4,,1,59,,1517251,45,4,,1,17,,1517250,58,4,,1,19,,1517253,45,4,,1,59,,1517252,58,4,,1,16,,1517255,45,4,,1,14,,1517254,58,4,,1,12,,1517257,45,4,,1,11,,1517256,58,4,,1,55,,1517258,45,4,,1,18,,1517259,45,4,,1,28,,1517260,45,4,,1,73,,1517261,45,4,,1,92,,1517262,45,4,,1,105,,1517263,45,4,,1,99,,1517264,45,4,,1,104,,1517265,45,4,,1,103,,1517266,45,4,,1,94,,1517267,45,4,,1
5400,'20261008',647,,1517268,45,4,,1,73,,1517269,45,4,,1,36,,1517270,45,4,,1,68,,1517271,45,4,,1,30,,1517272,45,4,,1,66,,1517273,45,4,,1,29,,1517274,45,4,,1,71,,1517275,45,4,,1,31,,1517276,45,4,,1,70,,1517277,45,4,,1,31,,1517278,45,4,,1,69,,1517279,45,4,,1,30,,1517280,45,4,,1,71,,1517281,45,4,,1,28,,1517282,45,4,,1,70,,1517283,45,4,,1,29,,1517284,45,4,,1,72,,1517285,45,4,,1,29,,1517286,45,4,,1,59,,1517288,45,4,,1,17,,1517287,58,4,,1,19,,1517290,45,4,,1,59,,1517289,58,4,,1,16,,1517292,45,4,,1,14,,1517291,58,4,,1,12,,1517294,45,4,,1,11,,1517293,58,4,,1,55,,1517295,45,4,,1,18,,1517296,45,4,,1,28,,1517297,45,4,,1,73,,1517298,45,4,,1,92,,1517299,45,4,,1,105,,1517300,45,4,,1,99,,1517301,45,4,,1,104,,1517302,45,4,,1,103,,1517303,45,4,,1,94,,1517304,45,4,,1
5400,'20261009',647,,1517305,45,4,,1,73,,1517306,45,4,,1,36,,1517307,45,4,,1,68,,1517308,45,4,,1,30,,1517309,45,4,,1,66,,1517310,45,4,,1,29,,1517311,45,4,,1,71,,1517312,45,4,,1,31,,1517313,45,4,,1,70,,1517314,45,4,,1,31,,1517315,45,4,,1,69,,1517316,45,4,,1,30,,1517317,45,4,,1,71,,1517318,45,4,,1,28,,1517319,45,4,,1,70,,1517320,45,4,,1,29,,1517321,45,4,,1,72,,1517322,45,4,,1,29,,1517323,45,4,,1,59,,1517325,45,4,,1,17,,1517324,58,4,,1,19,,1517327,45,4,,1,59,,1517326,58,4,,1,16,,1517329,45,4,,1,14,,1517328,58,4,,1,12,,1517331,45,4,,1,11,,1517330,58,4,,1,55,,1517332,45,4,,1,18,,1517333,45,4,,1,28,,1517334,45,4,,1,73,,1517335,45,4,,1,92,,1517336,45,4,,1,105,,1517337,45,4,,1,99,,1517338,45,4,,1,104,,1517339,45,4,,1,103,,1517340,45,4,,1,94,,1517341,45,4,,1
5400,'20261010',725,,1546200,45,4,,1,100,,1546201,45,4,,1,101,,1546202,45,4,,1,99,,1546221,45,4,,1,100,,1546222,45,4,,1,101,,1546215,45,4,,1,31,,1546203,45,4,,1,69,,1546216,45,4,,1,30,,1546204,45,4,,1,71,,1546217,45,4,,1,24,,1546205,45,4,,1,75,,1546218,45,4,,1,27,,1546206,45,4,,1,72,,1546219,45,4,,1,32,,1546207,45,4,,1,80,,1546220,45,4,,1,71,,1546208,45,4,,1,21,,1546209,45,4,,1,99,,1546210,45,4,,1,99,,1546211,45,4,,1,100,,1546212,45,4,,1,100,,1546213,45,4,,1,98,,1546214,45,4,,1,102,,1546223,45,4,,1,98,,1546224,45,4,,1
5400,'20261011',725,,1546225,45,4,,1,100,,1546227,45,4,,1,101,,1546226,45,4,,1,99,,1546246,45,4,,1,100,,1546247,45,4,,1,101,,1546241,45,4,,1,31,,1546230,45,4,,1,69,,1546242,45,4,,1,30,,1546233,45,4,,1,71,,1546229,45,4,,1,24,,1546235,45,4,,1,75,,1546244,45,4,,1,27,,1546240,45,4,,1,72,,1546243,45,4,,1,32,,1546228,45,4,,1,80,,1546245,45,4,,1,71,,1546232,45,4,,1,21,,1546237,45,4,,1,99,,1546234,45,4,,1,99,,1546236,45,4,,1,100,,1546238,45,4,,1,100,,1546239,45,4,,1,98,,1546231,45,4,,1,102,,1546248,45,4,,1,98,,1546249,45,4,,1
5400,'20261012',725,,1546250,45,4,,1,100,,1546252,45,4,,1,101,,1546251,45,4,,1,99,,1546271,45,4,,1,100,,1546272,45,4,,1,101,,1546266,45,4,,1,31,,1546255,45,4,,1,69,,1546267,45,4,,1,30,,1546258,45,4,,1,71,,1546254,45,4,,1,24,,1546260,45,4,,1,75,,1546269,45,4,,1,27,,1546265,45,4,,1,72,,1546268,45,4,,1,32,,1546253,45,4,,1,80,,1546270,45,4,,1,71,,1546257,45,4,,1,21,,1546262,45,4,,1,99,,1546259,45,4,,1,99,,1546261,45,4,,1,100,,1546263,45,4,,1,100,,1546264,45,4,,1,98,,1546256,45,4,,1,102,,1546273,45,4,,1,98,,1546274,45,4,,1
25400,'20260929',1548,,1552877,37,4,,0,74,,1552878,37,4,,0,37,,1552879,37,4,,0,63,,1552880,37,4,,0,24,,1552881,37,4,,0,69,,1552882,37,4,,0
25400,'20260930',1548,,1552885,37,4,,0,74,,1552886,37,4,,0,37,,1552887,37,4,,0,63,,1552888,37,4,,0,24,,1552889,37,4,,0,69,,1552890,37,4,,0
25400,'20261001',1548,,1552892,37,4,,0,74,,1552893,37,4,,0,37,,1552894,37,4,,0,63,,1552895,37,4,,0,24,,1552896,37,4,,0,69,,1552897,37,4,,0
25400,'20261002',1548,,1475914,37,4,,0,74,,1475915,37,4,,0,37,,1475916,37,4,,0,63,,1475917,37,4,,0,24,,1475918,37,4,,0,69,,1475919,37,4,,0
25400,'20261005',1548,,1498951,37,4,,0,74,,1498952,37,4,,0,37,,1498953,37,4,,0,63,,1498954,37,4,,0,24,,1498955,37,4,,0,69,,1498956,37,4,,0
25400,'20261006',1548,,1526925,37,4,,0,74,,1526926,37,4,,0,37,,1526927,37,4,,0,63,,1526928,37,4,,0,24,,1526929,37,4,,0,69,,1526930,37,4,,0
25400,'20261007',1548,,1526931,37,4,,0,74,,1526932,37,4,,0,37,,1526933,37,4,,0,63,,1526934,37,4,,0,24,,1526935,37,4,,0,69,,1526936,37,4,,0
25400,'20261008',1548,,1526937,37,4,,0,74,,1526938,37,4,,0,37,,1526939,37,4,,0,63,,1526940,37,4,,0,24,,1526941,37,4,,0,69,,1526942,37,4,,0
25400,'20261009',1548,,1526943,37,4,,0,74,,1526944,37,4,,0,37,,1526945,37,4,,0,63,,1526946,37,4,,0,24,,1526947,37,4,,0,69,,1526948,37,4,,0
35400,'20260929',1251,,1553597,34,4,,0,454,,1553598,34,4,,0,96,,1553599,34,4,,0
35400,'20260930',1251,,1553600,34,4,,0,454,,1553601,34,4,,0,96,,1553602,34,4,,0
35400,'20261001',1251,,1553603,34,4,,0,454,,1553604,34,4,,0,96,,1553605,34,4,,0
35400,'20261002',1251,,1476858,34,4,,0,454,,1476860,34,4,,0,96,,1476859,34,4,,0
35400,'20261005',1251,,1499897,34,4,,0,454,,1499899,34,4,,0,96,,1499898,34,4,,0
35400,'20261006',1251,,1528349,34,4,,0,454,,1528351,34,4,,0,96,,1528350,34,4,,0
35400,'20261007',1251,,1528352,34,4,,0,454,,1528354,34,4,,0,96,,1528353,34,4,,0
35400,'20261008',1251,,1528355,34,4,,0,454,,1528357,34,4,,0,96,,1528356,34,4,,0
35400,'20261009',1251,,1528358,34,4,,0,454,,1528360,34,4,,0,96,,1528359,34,4,,0
55400,'20260929',1631,,1553994,32,4,,0,26,,1553995,32,4,,0,65,,1553996,32,4,,0,85,,1553997,32,4,,0
55400,'20260930',1631,,1553998,32,4,,0,26,,1553999,32,4,,0,65,,1554000,32,4,,0,85,,1554001,32,4,,0
55400,'20261001',1631,,1554002,32,4,,0,26,,1554003,32,4,,0,65,,1554004,32,4,,0,85,,1554005,32,4,,0
55400,'20261002',1631,,1477450,32,4,,0,26,,1477448,32,4,,0,65,,1477447,32,4,,0,85,,1477449,32,4,,0
55400,'20261005',1631,,1500423,32,4,,0,26,,1500421,32,4,,0,65,,1500420,32,4,,0,85,,1500422,32,4,,0
55400,'20261006',1631,,1529131,32,4,,0,26,,1529129,32,4,,0,65,,1529128,32,4,,0,85,,1529130,32,4,,0
55400,'20261007',1631,,1529135,32,4,,0,26,,1529133,32,4,,0,65,,1529132,32,4,,0,85,,1529134,32,4,,0
55400,'20261008',1631,,1529139,32,4,,0,26,,1529137,32,4,,0,65,,1529136,32,4,,0,85,,1529138,32,4,,0
55400,'20261009',1631,,1529143,32,4,,0,26,,1529141,32,4,,0,65,,1529140,32,4,,0,85,,1529142,32,4,,0
95400,'20261002',2606,,1485604,54,,,0,130,,1485605,54,,,0
95400,'20261003',2606,,1508563,54,,,0,130,,1508564,54,,,0
95400,'20261009',2606,,1540237,54,,,0,130,,1540238,54,,,0
95400,'20261010',2606,,1561864,54,,,0,130,,1561865,54,,,0
7005500,'20260929',1652,,1561947,29,4,,0
7005500,'20260930',1652,,1561949,29,4,,0
7005500,'20261001',1652,,1561951,29,4,,0
7005500,'20261002',1652,,1485678,29,4,,0
7005500,'20261005',1652,,1508663,29,4,,0
7005500,'20261006',1652,,1540363,29,4,,0
7005500,'20261007',1652,,1540364,29,4,,0
7005500,'20261008',1652,,1540365,29,4,,0
7005500,'20261009',1652,,1540366,29,4,,0
