5801,'20261009',605,,1603536,8,,,0,30,,1603537,8,,,0,67,,1603538,8,,,0,31,,1603539,8,,,0,72,,1603540,8,,,0,31,,1603541,8,,,0,70,,1603542,8,,,0,106,,1603543,8,,,0,101,,1603544,8,,,0,101,,1603545,8,,,0,100,,1603546,8,,,0,100,,1603547,8,,,0,99,,1603548,8,,,0,104,,1603549,8,,,0,99,,1603550,8,,,0,100,,1603551,8,,,0,98,,1603552,8,,,0,100,,1603553,8,,,0,101,,1603554,8,,,0,99,,1603555,8,,,0,99,,1603556,8,,,0
5801,'20261010',704,,1632165,8,,,0,100,,1632166,8,,,0,100,,1632167,8,,,0,101,,1632168,8,,,0,99,,1632169,8,,,0,98,,1632170,8,,,0,104,,1632171,8,,,0,100,,1632172,8,,,0,104,,1632173,8,,,0,97,,1632174,8,,,0,103,,1632175,8,,,0,105,,1632176,8,,,0,94,,1632177,8,,,0,97,,1632178,8,,,0,98,,1632179,8,,,0,100,,1632180,8,,,0,100,,1632181,8,,,0
5801,'20261011',704,,1632182,8,,,0,100,,1632183,8,,,0,100,,1632184,8,,,0,101,,1632185,8,,,0,99,,1632186,8,,,0,98,,1632187,8,,,0,104,,1632188,8,,,0,100,,1632189,8,,,0,104,,1632190,8,,,0,97,,1632191,8,,,0,103,,1632192,8,,,0,105,,1632193,8,,,0,94,,1632194,8,,,0,97,,1632195,8,,,0,98,,1632196,8,,,0,100,,1632197,8,,,0,100,,1632198,8,,,0
5801,'20261012',704,,1632199,8,,,0,100,,1632200,8,,,0,100,,1632201,8,,,0,101,,1632202,8,,,0,99,,1632203,8,,,0,98,,1632204,8,,,0,104,,1632205,8,,,0,100,,1632206,8,,,0,104,,1632207,8,,,0,97,,1632208,8,,,0,103,,1632209,8,,,0,105,,1632210,8,,,0,94,,1632211,8,,,0,97,,1632212,8,,,0,98,,1632213,8,,,0,100,,1632214,8,,,0,100,,1632215,8,,,0
5801,'20261013',605,,1571847,8,,,0,30,,1571829,8,,,0,67,,1571830,8,,,0,31,,1571831,8,,,0,72,,1571832,8,,,0,31,,1571848,8,,,0,70,,1571842,8,,,0,106,,1571843,8,,,0,101,,1571833,8,,,0,101,,1571834,8,,,0,100,,1571844,8,,,0,100,,1571837,8,,,0,99,,1571845,8,,,0,104,,1571840,8,,,0,99,,1571835,8,,,0,100,,1571836,8,,,0,98,,1571838,8,,,0,100,,1571846,8,,,0,101,,1571841,8,,,0,99,,1571839,8,,,0,99,,1571849,8,,,0
5801,'20261014',605,,1571868,8,,,0,30,,1571850,8,,,0,67,,1571851,8,,,0,31,,1571852,8,,,0,72,,1571853,8,,,0,31,,1571869,8,,,0,70,,1571863,8,,,0,106,,1571864,8,,,0,101,,1571854,8,,,0,101,,1571855,8,,,0,100,,1571865,8,,,0,100,,1571858,8,,,0,99,,1571866,8,,,0,104,,1571861,8,,,0,99,,1571856,8,,,0,100,,1571857,8,,,0,98,,1571859,8,,,0,100,,1571867,8,,,0,101,,1571862,8,,,0,99,,1571860,8,,,0,99,,1571870,8,,,0
5801,'20261015',605,,1571889,8,,,0,30,,1571871,8,,,0,67,,1571872,8,,,0,31,,1571873,8,,,0,72,,1571874,8,,,0,31,,1571890,8,,,0,70,,1571884,8,,,0,106,,1571885,8,,,0,101,,1571875,8,,,0,101,,1571876,8,,,0,100,,1571886,8,,,0,100,,1571879,8,,,0,99,,1571887,8,,,0,104,,1571882,8,,,0,99,,1571877,8,,,0,100,,1571878,8,,,0,98,,1571880,8,,,0,100,,1571888,8,,,0,101,,1571883,8,,,0,99,,1571881,8,,,0,99,,1571891,8,,,0
5801,'20261016',605,,1571910,8,,,0,30,,1571892,8,,,0,67,,1571893,8,,,0,31,,1571894,8,,,0,72,,1571895,8,,,0,31,,1571911,8,,,0,70,,1571905,8,,,0,106,,1571906,8,,,0,101,,1571896,8,,,0,101,,1571897,8,,,0,100,,1571907,8,,,0,100,,1571900,8,,,0,99,,1571908,8,,,0,104,,1571903,8,,,0,99,,1571898,8,,,0,100,,1571899,8,,,0,98,,1571901,8,,,0,100,,1571909,8,,,0,101,,1571904,8,,,0,99,,1571902,8,,,0,99,,1571912,8,,,0
5801,'20261017',704,,1603558,8,,,0,100,,1603559,8,,,0,100,,1603566,8,,,0,101,,1603564,8,,,0,99,,1603567,8,,,0,98,,1603560,8,,,0,104,,1603561,8,,,0,100,,1603568,8,,,0,104,,1603565,8,,,0,97,,1603569,8,,,0,103,,1603570,8,,,0,105,,1603562,8,,,0,94,,1603563,8,,,0,97,,1603571,8,,,0,98,,1603572,8,,,0,100,,1603573,8,,,0,100,,1603574,8,,,0
5801,'20261018',704,,1603582,8,,,0,100,,1603579,8,,,0,100,,1603584,8,,,0,101,,1603581,8,,,0,99,,1603576,8,,,0,98,,1603580,8,,,0,104,,1603583,8,,,0,100,,1603589,8,,,0,104,,1603575,8,,,0,97,,1603590,8,,,0,103,,1603585,8,,,0,105,,1603578,8,,,0,94,,1603577,8,,,0,97,,1603591,8,,,0,98,,1603588,8,,,0,100,,1603586,8,,,0,100,,1603587,8,,,0
5801,'20261019',605,,1603610,8,,,0,30,,1603592,8,,,0,67,,1603593,8,,,0,31,,1603594,8,,,0,72,,1603595,8,,,0,31,,1603611,8,,,0,70,,1603605,8,,,0,106,,1603606,8,,,0,101,,1603596,8,,,0,101,,1603597,8,,,0,100,,1603607,8,,,0,100,,1603600,8,,,0,99,,1603608,8,,,0,104,,1603603,8,,,0,99,,1603598,8,,,0,100,,1603599,8,,,0,98,,1603601,8,,,0,100,,1603609,8,,,0,101,,1603604,8,,,0,99,,1603602,8,,,0,99,,1603612,8,,,0
5801,'20261020',605,,1603631,8,,,0,30,,1603613,8,,,0,67,,1603614,8,,,0,31,,1603615,8,,,0,72,,1603616,8,,,0,31,,1603632,8,,,0,70,,1603626,8,,,0,106,,1603627,8,,,0,101,,1603617,8,,,0,101,,1603618,8,,,0,100,,1603628,8,,,0,100,,1603621,8,,,0,99,,1603629,8,,,0,104,,1603624,8,,,0,99,,1603619,8,,,0,100,,1603620,8,,,0,98,,1603622,8,,,0,100,,1603630,8,,,0,101,,1603625,8,,,0,99,,1603623,8,,,0,99,,1603633,8,,,0
5801,'20261021',605,,1632234,8,,,0,30,,1632216,8,,,0,67,,1632217,8,,,0,31,,1632218,8,,,0,72,,1632219,8,,,0,31,,1632235,8,,,0,70,,1632229,8,,,0,106,,1632230,8,,,0,101,,1632220,8,,,0,101,,1632221,8,,,0,100,,1632231,8,,,0,100,,1632224,8,,,0,99,,1632232,8,,,0,104,,1632227,8,,,0,99,,1632222,8,,,0,100,,1632223,8,,,0,98,,1632225,8,,,0,100,,1632233,8,,,0,101,,1632228,8,,,0,99,,1632226,8,,,0,99,,1632236,8,,,0
5801,'20261022',605,,1632255,8,,,0,30,,1632237,8,,,0,67,,1632238,8,,,0,31,,1632239,8,,,0,72,,1632240,8,,,0,31,,1632256,8,,,0,70,,1632250,8,,,0,106,,1632251,8,,,0,101,,1632241,8,,,0,101,,1632242,8,,,0,100,,1632252,8,,,0,100,,1632245,8,,,0,99,,1632253,8,,,0,104,,1632248,8,,,0,99,,1632243,8,,,0,100,,1632244,8,,,0,98,,1632246,8,,,0,100,,1632254,8,,,0,101,,1632249,8,,,0,99,,1632247,8,,,0,99,,1632257,8,,,0
5801,'20261023',605,,1632276,8,,,0,30,,1632258,8,,,0,67,,1632259,8,,,0,31,,1632260,8,,,0,72,,1632261,8,,,0,31,,1632277,8,,,0,70,,1632271,8,,,0,106,,1632272,8,,,0,101,,1632262,8,,,0,101,,1632263,8,,,0,100,,1632273,8,,,0,100,,1632266,8,,,0,99,,1632274,8,,,0,104,,1632269,8,,,0,99,,1632264,8,,,0,100,,1632265,8,,,0,98,,1632267,8,,,0,100,,1632275,8,,,0,101,,1632270,8,,,0,99,,1632268,8,,,0,99,,1632278,8,,,0
25801,'20261009',635,,1612130,8,,,0,20,,1612131,8,,,0,70,,1612132,8,,,0,81,,1612133,8,,,0
25801,'20261013',635,,1580381,8,,,0,20,,1580382,8,,,0,70,,1580383,8,,,0,81,,1580384,8,,,0
25801,'20261014',635,,1580385,8,,,0,20,,1580386,8,,,0,70,,1580387,8,,,0,81,,1580388,8,,,0
25801,'20261015',635,,1580389,8,,,0,20,,1580390,8,,,0,70,,1580391,8,,,0,81,,1580392,8,,,0
25801,'20261016',635,,1580393,8,,,0,20,,1580394,8,,,0,70,,1580395,8,,,0,81,,1580396,8,,,0
25801,'20261019',635,,1612134,8,,,0,20,,1612135,8,,,0,70,,1612136,8,,,0,81,,1612137,8,,,0
25801,'20261020',635,,1612138,8,,,0,20,,1612139,8,,,0,70,,1612140,8,,,0,81,,1612141,8,,,0
25801,'20261021',635,,1638045,8,,,0,20,,1638046,8,,,0,70,,1638047,8,,,0,81,,1638048,8,,,0
25801,'20261022',635,,1638049,8,,,0,20,,1638050,8,,,0,70,,1638051,8,,,0,81,,1638052,8,,,0
25801,'20261023',635,,1638053,8,,,0,20,,1638054,8,,,0,70,,1638055,8,,,0,81,,1638056,8,,,0
35801,'20261009',645,,1613460,8,,,0,67,,1613461,8,,,0
35801,'20261013',645,,1581702,8,,,0,67,,1581703,8,,,0
35801,'20261014',645,,1581704,8,,,0,67,,1581705,8,,,0
35801,'20261015',645,,1581706,8,,,0,67,,1581707,8,,,0
35801,'20261016',645,,1581708,8,,,0,67,,1581709,8,,,0
35801,'20261019',645,,1613462,8,,,0,67,,1613463,8,,,0
35801,'20261020',645,,1613464,8,,,0,67,,1613465,8,,,0
35801,'20261021',645,,1638705,8,,,0,67,,1638706,8,,,0
35801,'20261022',645,,1638707,8,,,0,67,,1638708,8,,,0
35801,'20261023',645,,1638709,8,,,0,67,,1638710,8,,,0
55801,'20261009',640,,1614244,8,,,0,84,,1614245,8,,,0
55801,'20261013',640,,1582484,8,,,0,84,,1582485,8,,,0
55801,'20261014',640,,1582486,8,,,0,84,,1582487,8,,,0
55801,'20261015',640,,1582488,8,,,0,84,,1582489,8,,,0
55801,'20261016',640,,1582490,8,,,0,84,,1582491,8,,,0
55801,'20261019',640,,1614246,8,,,0,84,,1614247,8,,,0
55801,'20261020',640,,1614248,8,,,0,84,,1614249,8,,,0
55801,'20261021',640,,1639097,8,,,0,84,,1639098,8,,,0
55801,'20261022',640,,1639099,8,,,0,84,,1639100,8,,,0
55801,'20261023',640,,1639101,8,,,0,84,,1639102,8,,,0
