8601,'20260929',639,,1551071,34,,,0,72,,1551072,34,,,0,29,,1551069,13,,,0,7,,1551073,34,,,0,65,,1551074,34,,,0,29,,1551075,34,,,0,69,,1551076,34,,,0,100,,1551077,34,,,0,100,,1551078,34,,,0,101,,1551079,34,,,0,100,,1551080,34,,,0,99,,1551081,34,,,0,102,,1551082,34,,,0,102,,1551083,34,,,0,28,,1551070,30,,,0,2,,1551084,34,,,0,70,,1551085,34,,,0,28,,1551086,34,,,0,69,,1551087,34,,,0,99,,1551088,34,,,0,99,,1551089,34,,,0,100,,1551090,34,,,0,100,,1551091,34,,,0,99,,1551092,34,,,0
8601,'20260930',639,,1551095,34,,,0,72,,1551096,34,,,0,29,,1551093,13,,,0,7,,1551097,34,,,0,65,,1551098,34,,,0,29,,1551099,34,,,0,69,,1551100,34,,,0,100,,1551101,34,,,0,100,,1551102,34,,,0,101,,1551103,34,,,0,100,,1551104,34,,,0,99,,1551105,34,,,0,102,,1551106,34,,,0,102,,1551107,34,,,0,28,,1551094,30,,,0,2,,1551108,34,,,0,70,,1551109,34,,,0,28,,1551110,34,,,0,69,,1551111,34,,,0,99,,1551112,34,,,0,99,,1551113,34,,,0,100,,1551114,34,,,0,100,,1551115,34,,,0,99,,1551116,34,,,0
8601,'20261001',639,,1551119,34,,,0,72,,1551120,34,,,0,29,,1551117,13,,,0,7,,1551121,34,,,0,65,,1551122,34,,,0,29,,1551123,34,,,0,69,,1551124,34,,,0,100,,1551125,34,,,0,100,,1551126,34,,,0,101,,1551127,34,,,0,100,,1551128,34,,,0,99,,1551129,34,,,0,102,,1551130,34,,,0,102,,1551131,34,,,0,28,,1551118,30,,,0,2,,1551132,34,,,0,70,,1551133,34,,,0,28,,1551134,34,,,0,69,,1551135,34,,,0,99,,1551136,34,,,0,99,,1551137,34,,,0,100,,1551138,34,,,0,100,,1551139,34,,,0,99,,1551140,34,,,0
8601,'20261002',639,,1474021,34,,,0,72,,1474011,34,,,0,29,,1474033,13,,,0,7,,1474012,34,,,0,65,,1474013,34,,,0,29,,1474024,34,,,0,69,,1474027,34,,,0,100,,1474025,34,,,0,100,,1474028,34,,,0,101,,1474023,34,,,0,100,,1474029,34,,,0,99,,1474022,34,,,0,102,,1474030,34,,,0,102,,1474017,34,,,0,28,,1474034,30,,,0,2,,1474020,34,,,0,70,,1474016,34,,,0,28,,1474019,34,,,0,69,,1474014,34,,,0,99,,1474031,34,,,0,99,,1474018,34,,,0,100,,1474032,34,,,0,100,,1474015,34,,,0,99,,1474026,34,,,0
8601,'20261003',809,,1497015,34,,,0,100,,1497023,34,,,0,100,,1497019,34,,,0,101,,1497024,34,,,0,100,,1497016,34,,,0,100,,1497025,34,,,0,100,,1497020,34,,,0,100,,1497026,34,,,0,100,,1497021,34,,,0,100,,1497027,34,,,0,100,,1497017,34,,,0,99,,1497028,34,,,0,100,,1497022,34,,,0,100,,1497029,34,,,0,100,,1497018,34,,,0,99,,1497030,34,,,0
8601,'20261004',809,,1497034,34,,,0,100,,1497039,34,,,0,100,,1497035,34,,,0,101,,1497040,34,,,0,100,,1497031,34,,,0,100,,1497041,34,,,0,100,,1497036,34,,,0,100,,1497042,34,,,0,100,,1497037,34,,,0,100,,1497043,34,,,0,100,,1497032,34,,,0,99,,1497044,34,,,0,100,,1497038,34,,,0,100,,1497045,34,,,0,100,,1497033,34,,,0,99,,1497046,34,,,0
8601,'20261005',639,,1497057,34,,,0,72,,1497047,34,,,0,29,,1497069,13,,,0,7,,1497048,34,,,0,65,,1497049,34,,,0,29,,1497060,34,,,0,69,,1497063,34,,,0,100,,1497061,34,,,0,100,,1497064,34,,,0,101,,1497059,34,,,0,100,,1497065,34,,,0,99,,1497058,34,,,0,102,,1497066,34,,,0,102,,1497053,34,,,0,28,,1497070,30,,,0,2,,1497056,34,,,0,70,,1497052,34,,,0,28,,1497055,34,,,0,69,,1497050,34,,,0,99,,1497067,34,,,0,99,,1497054,34,,,0,100,,1497068,34,,,0,100,,1497051,34,,,0,99,,1497062,34,,,0
8601,'20261006',639,,1524228,34,,,0,72,,1524218,34,,,0,29,,1524240,13,,,0,7,,1524219,34,,,0,65,,1524220,34,,,0,29,,1524231,34,,,0,69,,1524234,34,,,0,100,,1524232,34,,,0,100,,1524235,34,,,0,101,,1524230,34,,,0,100,,1524236,34,,,0,99,,1524229,34,,,0,102,,1524237,34,,,0,102,,1524224,34,,,0,28,,1524241,30,,,0,2,,1524227,34,,,0,70,,1524223,34,,,0,28,,1524226,34,,,0,69,,1524221,34,,,0,99,,1524238,34,,,0,99,,1524225,34,,,0,100,,1524239,34,,,0,100,,1524222,34,,,0,99,,1524233,34,,,0
8601,'20261007',639,,1524252,34,,,0,72,,1524242,34,,,0,29,,1524264,13,,,0,7,,1524243,34,,,0,65,,1524244,34,,,0,29,,1524255,34,,,0,69,,1524258,34,,,0,100,,1524256,34,,,0,100,,1524259,34,,,0,101,,1524254,34,,,0,100,,1524260,34,,,0,99,,1524253,34,,,0,102,,1524261,34,,,0,102,,1524248,34,,,0,28,,1524265,30,,,0,2,,1524251,34,,,0,70,,1524247,34,,,0,28,,1524250,34,,,0,69,,1524245,34,,,0,99,,1524262,34,,,0,99,,1524249,34,,,0,100,,1524263,34,,,0,100,,1524246,34,,,0,99,,1524257,34,,,0
8601,'20261008',639,,1524276,34,,,0,72,,1524266,34,,,0,29,,1524288,13,,,0,7,,1524267,34,,,0,65,,1524268,34,,,0,29,,1524279,34,,,0,69,,1524282,34,,,0,100,,1524280,34,,,0,100,,1524283,34,,,0,101,,1524278,34,,,0,100,,1524284,34,,,0,99,,1524277,34,,,0,102,,1524285,34,,,0,102,,1524272,34,,,0,28,,1524289,30,,,0,2,,1524275,34,,,0,70,,1524271,34,,,0,28,,1524274,34,,,0,69,,1524269,34,,,0,99,,1524286,34,,,0,99,,1524273,34,,,0,100,,1524287,34,,,0,100,,1524270,34,,,0,99,,1524281,34,,,0
8601,'20261009',639,,1524300,34,,,0,72,,1524290,34,,,0,29,,1524312,13,,,0,7,,1524291,34,,,0,65,,1524292,34,,,0,29,,1524303,34,,,0,69,,1524306,34,,,0,100,,1524304,34,,,0,100,,1524307,34,,,0,101,,1524302,34,,,0,100,,1524308,34,,,0,99,,1524301,34,,,0,102,,1524309,34,,,0,102,,1524296,34,,,0,28,,1524313,30,,,0,2,,1524299,34,,,0,70,,1524295,34,,,0,28,,1524298,34,,,0,69,,1524293,34,,,0,99,,1524310,34,,,0,99,,1524297,34,,,0,100,,1524311,34,,,0,100,,1524294,34,,,0,99,,1524305,34,,,0
8601,'20261010',809,,1551141,34,,,0,100,,1551149,34,,,0,100,,1551145,34,,,0,101,,1551150,34,,,0,100,,1551142,34,,,0,100,,1551151,34,,,0,100,,1551146,34,,,0,100,,1551152,34,,,0,100,,1551147,34,,,0,100,,1551153,34,,,0,100,,1551143,34,,,0,99,,1551154,34,,,0,100,,1551148,34,,,0,100,,1551155,34,,,0,100,,1551144,34,,,0,99,,1551156,34,,,0
8601,'20261011',809,,1551160,34,,,0,100,,1551165,34,,,0,100,,1551161,34,,,0,101,,1551166,34,,,0,100,,1551157,34,,,0,100,,1551167,34,,,0,100,,1551162,34,,,0,100,,1551168,34,,,0,100,,1551163,34,,,0,100,,1551169,34,,,0,100,,1551158,34,,,0,99,,1551170,34,,,0,100,,1551164,34,,,0,100,,1551171,34,,,0,100,,1551159,34,,,0,99,,1551172,34,,,0
8601,'20261012',809,,1551176,34,,,0,100,,1551181,34,,,0,100,,1551177,34,,,0,101,,1551182,34,,,0,100,,1551173,34,,,0,100,,1551183,34,,,0,100,,1551178,34,,,0,100,,1551184,34,,,0,100,,1551179,34,,,0,100,,1551185,34,,,0,100,,1551174,34,,,0,99,,1551186,34,,,0,100,,1551180,34,,,0,100,,1551187,34,,,0,100,,1551175,34,,,0,99,,1551188,34,,,0
