5600,'20261006',633,,1602958,10,,,0,68,,1602959,10,,,0,31,,1602960,10,,,0
5600,'20261007',633,,1602961,10,,,0,68,,1602962,10,,,0,31,,1602963,10,,,0
5600,'20261008',633,,1602964,10,,,0,68,,1602965,10,,,0,31,,1602966,10,,,0
5600,'20261009',633,,1602967,10,,,0,68,,1602968,10,,,0,31,,1602969,10,,,0
5600,'20261013',633,,1571251,10,,,0,68,,1571249,10,,,0,31,,1571250,10,,,0
5600,'20261014',633,,1571254,10,,,0,68,,1571252,10,,,0,31,,1571253,10,,,0
5600,'20261015',633,,1571257,10,,,0,68,,1571255,10,,,0,31,,1571256,10,,,0
5600,'20261016',633,,1571260,10,,,0,68,,1571258,10,,,0,31,,1571259,10,,,0
5600,'20261019',633,,1602972,10,,,0,68,,1602970,10,,,0,31,,1602971,10,,,0
5600,'20261020',633,,1602975,10,,,0,68,,1602973,10,,,0,31,,1602974,10,,,0
5700,'20261006',807,,1602994,10,,,0,98,,1602995,10,,,0,99,,1602996,10,,,0,100,,1602997,10,,,0,101,,1602998,10,,,0,101,,1602999,10,,,0,101,,1603000,10,,,0,101,,1603001,10,,,0,94,,1603002,10,,,0,41,,1603003,10,,,0,74,,1603004,10,,,0,24,,1603005,10,,,0,68,,1603006,10,,,0,33,,1603007,10,,,0,97,,1603008,10,,,0,100,,1603009,10,,,0,101,,1603010,10,,,0,101,,1603011,10,,,0,99,,1603012,10,,,0
5700,'20261007',807,,1603013,10,,,0,98,,1603014,10,,,0,99,,1603015,10,,,0,100,,1603016,10,,,0,101,,1603017,10,,,0,101,,1603018,10,,,0,101,,1603019,10,,,0,101,,1603020,10,,,0,94,,1603021,10,,,0,41,,1603022,10,,,0,74,,1603023,10,,,0,24,,1603024,10,,,0,68,,1603025,10,,,0,33,,1603026,10,,,0,97,,1603027,10,,,0,100,,1603028,10,,,0,101,,1603029,10,,,0,101,,1603030,10,,,0,99,,1603031,10,,,0
5700,'20261008',807,,1603032,10,,,0,98,,1603033,10,,,0,99,,1603034,10,,,0,100,,1603035,10,,,0,101,,1603036,10,,,0,101,,1603037,10,,,0,101,,1603038,10,,,0,101,,1603039,10,,,0,94,,1603040,10,,,0,41,,1603041,10,,,0,74,,1603042,10,,,0,24,,1603043,10,,,0,68,,1603044,10,,,0,33,,1603045,10,,,0,97,,1603046,10,,,0,100,,1603047,10,,,0,101,,1603048,10,,,0,101,,1603049,10,,,0,99,,1603050,10,,,0
5700,'20261009',807,,1603051,10,,,0,98,,1603052,10,,,0,99,,1603053,10,,,0,100,,1603054,10,,,0,101,,1603055,10,,,0,101,,1603056,10,,,0,101,,1603057,10,,,0,101,,1603058,10,,,0,94,,1603059,10,,,0,41,,1603060,10,,,0,74,,1603061,10,,,0,24,,1603062,10,,,0,68,,1603063,10,,,0,33,,1603064,10,,,0,97,,1603065,10,,,0,100,,1603066,10,,,0,101,,1603067,10,,,0,101,,1603068,10,,,0,99,,1603069,10,,,0
5700,'20261010',708,,1546782,10,,,0,100,,1546783,10,,,0,100,,1546784,10,,,0,101,,1546785,10,,,0,100,,1546786,10,,,0,97,,1546787,10,,,0,98,,1546788,10,,,0,98,,1546789,10,,,0,98,,1546790,10,,,0,103,,1546791,10,,,0,108,,1546792,10,,,0,97,,1546793,10,,,0,100,,1546794,10,,,0,100,,1546795,10,,,0,100,,1546796,10,,,0,101,,1546797,10,,,0,100,,1546798,10,,,0
5700,'20261011',708,,1546806,10,,,0,100,,1546808,10,,,0,100,,1546811,10,,,0,101,,1546809,10,,,0,100,,1546812,10,,,0,97,,1546799,10,,,0,98,,1546805,10,,,0,98,,1546813,10,,,0,98,,1546802,10,,,0,103,,1546804,10,,,0,108,,1546801,10,,,0,97,,1546810,10,,,0,100,,1546807,10,,,0,100,,1546800,10,,,0,100,,1546814,10,,,0,101,,1546803,10,,,0,100,,1546815,10,,,0
5700,'20261012',708,,1546823,10,,,0,100,,1546825,10,,,0,100,,1546828,10,,,0,101,,1546826,10,,,0,100,,1546829,10,,,0,97,,1546816,10,,,0,98,,1546822,10,,,0,98,,1546830,10,,,0,98,,1546819,10,,,0,103,,1546821,10,,,0,108,,1546818,10,,,0,97,,1546827,10,,,0,100,,1546824,10,,,0,100,,1546817,10,,,0,100,,1546831,10,,,0,101,,1546820,10,,,0,100,,1546832,10,,,0
5700,'20261013',807,,1571351,10,,,0,98,,1571352,10,,,0,99,,1571353,10,,,0,100,,1571354,10,,,0,101,,1571355,10,,,0,101,,1571356,10,,,0,101,,1571357,10,,,0,101,,1571358,10,,,0,94,,1571359,10,,,0,41,,1571360,10,,,0,74,,1571361,10,,,0,24,,1571362,10,,,0,68,,1571369,10,,,0,33,,1571368,10,,,0,97,,1571363,10,,,0,100,,1571364,10,,,0,101,,1571365,10,,,0,101,,1571366,10,,,0,99,,1571367,10,,,0
5700,'20261014',807,,1571370,10,,,0,98,,1571371,10,,,0,99,,1571372,10,,,0,100,,1571373,10,,,0,101,,1571374,10,,,0,101,,1571375,10,,,0,101,,1571376,10,,,0,101,,1571377,10,,,0,94,,1571378,10,,,0,41,,1571379,10,,,0,74,,1571380,10,,,0,24,,1571381,10,,,0,68,,1571388,10,,,0,33,,1571387,10,,,0,97,,1571382,10,,,0,100,,1571383,10,,,0,101,,1571384,10,,,0,101,,1571385,10,,,0,99,,1571386,10,,,0
5700,'20261015',807,,1571389,10,,,0,98,,1571390,10,,,0,99,,1571391,10,,,0,100,,1571392,10,,,0,101,,1571393,10,,,0,101,,1571394,10,,,0,101,,1571395,10,,,0,101,,1571396,10,,,0,94,,1571397,10,,,0,41,,1571398,10,,,0,74,,1571399,10,,,0,24,,1571400,10,,,0,68,,1571407,10,,,0,33,,1571406,10,,,0,97,,1571401,10,,,0,100,,1571402,10,,,0,101,,1571403,10,,,0,101,,1571404,10,,,0,99,,1571405,10,,,0
5700,'20261016',807,,1571408,10,,,0,98,,1571409,10,,,0,99,,1571410,10,,,0,100,,1571411,10,,,0,101,,1571412,10,,,0,101,,1571413,10,,,0,101,,1571414,10,,,0,101,,1571415,10,,,0,94,,1571416,10,,,0,41,,1571417,10,,,0,74,,1571418,10,,,0,24,,1571419,10,,,0,68,,1571426,10,,,0,33,,1571425,10,,,0,97,,1571420,10,,,0,100,,1571421,10,,,0,101,,1571422,10,,,0,101,,1571423,10,,,0,99,,1571424,10,,,0
5700,'20261017',708,,1603070,10,,,0,100,,1603071,10,,,0,100,,1603072,10,,,0,101,,1603073,10,,,0,100,,1603074,10,,,0,97,,1603075,10,,,0,98,,1603076,10,,,0,98,,1603077,10,,,0,98,,1603078,10,,,0,103,,1603079,10,,,0,108,,1603080,10,,,0,97,,1603081,10,,,0,100,,1603082,10,,,0,100,,1603083,10,,,0,100,,1603084,10,,,0,101,,1603085,10,,,0,100,,1603086,10,,,0
5700,'20261018',708,,1603094,10,,,0,100,,1603096,10,,,0,100,,1603099,10,,,0,101,,1603097,10,,,0,100,,1603100,10,,,0,97,,1603087,10,,,0,98,,1603093,10,,,0,98,,1603101,10,,,0,98,,1603090,10,,,0,103,,1603092,10,,,0,108,,1603089,10,,,0,97,,1603098,10,,,0,100,,1603095,10,,,0,100,,1603088,10,,,0,100,,1603102,10,,,0,101,,1603091,10,,,0,100,,1603103,10,,,0
5700,'20261019',807,,1603104,10,,,0,98,,1603105,10,,,0,99,,1603106,10,,,0,100,,1603107,10,,,0,101,,1603108,10,,,0,101,,1603109,10,,,0,101,,1603110,10,,,0,101,,1603111,10,,,0,94,,1603112,10,,,0,41,,1603113,10,,,0,74,,1603114,10,,,0,24,,1603115,10,,,0,68,,1603122,10,,,0,33,,1603121,10,,,0,97,,1603116,10,,,0,100,,1603117,10,,,0,101,,1603118,10,,,0,101,,1603119,10,,,0,99,,1603120,10,,,0
5700,'20261020',807,,1603123,10,,,0,98,,1603124,10,,,0,99,,1603125,10,,,0,100,,1603126,10,,,0,101,,1603127,10,,,0,101,,1603128,10,,,0,101,,1603129,10,,,0,101,,1603130,10,,,0,94,,1603131,10,,,0,41,,1603132,10,,,0,74,,1603133,10,,,0,24,,1603134,10,,,0,68,,1603141,10,,,0,33,,1603140,10,,,0,97,,1603135,10,,,0,100,,1603136,10,,,0,101,,1603137,10,,,0,101,,1603138,10,,,0,99,,1603139,10,,,0
25700,'20261006',1602,,1612052,11,4,,0,29,,1612053,11,4,,0,69,,1612054,11,4,,0,31,,1612055,11,4,,0
25700,'20261007',1602,,1612056,11,4,,0,29,,1612057,11,4,,0,69,,1612058,11,4,,0,31,,1612059,11,4,,0
25700,'20261008',1602,,1612060,11,4,,0,29,,1612061,11,4,,0,69,,1612062,11,4,,0,31,,1612063,11,4,,0
25700,'20261009',1602,,1612064,11,4,,0,29,,1612065,11,4,,0,69,,1612066,11,4,,0,31,,1612067,11,4,,0
25700,'20261013',1602,,1580315,11,4,,0,29,,1580316,11,4,,0,69,,1580317,11,4,,0,31,,1580318,11,4,,0
25700,'20261014',1602,,1580319,11,4,,0,29,,1580320,11,4,,0,69,,1580321,11,4,,0,31,,1580322,11,4,,0
25700,'20261015',1602,,1580323,11,4,,0,29,,1580324,11,4,,0,69,,1580325,11,4,,0,31,,1580326,11,4,,0
25700,'20261016',1602,,1580327,11,4,,0,29,,1580328,11,4,,0,69,,1580329,11,4,,0,31,,1580330,11,4,,0
25700,'20261019',1602,,1612068,11,4,,0,29,,1612069,11,4,,0,69,,1612070,11,4,,0,31,,1612071,11,4,,0
25700,'20261020',1602,,1612072,11,4,,0,29,,1612073,11,4,,0,69,,1612074,11,4,,0,31,,1612075,11,4,,0
