8100,'20260929',650,,1550202,56,,,0,70,,1550203,56,,,0,33,,1550204,56,,,0,71,,1550205,56,,,0,28,,1550206,56,,,0,68,,1550207,56,,,0,100,,1550208,56,,,0,100,,1550209,56,,,0,102,,1550210,56,,,0,100,,1550211,56,,,0,100,,1550212,56,,,0,101,,1550213,56,,,0,33,,1550214,56,,,0,72,,1550215,56,,,0,73,,1550216,56,,,0,26,,1550217,56,,,0,26,,1550218,56,,,0,68,,1550219,56,,,0,100,,1550220,56,,,0,99,,1550221,56,,,0,100,,1550222,56,,,0,99,,1550223,56,,,0,100,,1550224,56,,,0
8100,'20260930',650,,1550225,56,,,0,70,,1550226,56,,,0,33,,1550227,56,,,0,71,,1550228,56,,,0,28,,1550229,56,,,0,68,,1550230,56,,,0,100,,1550231,56,,,0,100,,1550232,56,,,0,102,,1550233,56,,,0,100,,1550234,56,,,0,100,,1550235,56,,,0,101,,1550236,56,,,0,33,,1550237,56,,,0,72,,1550238,56,,,0,73,,1550239,56,,,0,26,,1550240,56,,,0,26,,1550241,56,,,0,68,,1550242,56,,,0,100,,1550243,56,,,0,99,,1550244,56,,,0,100,,1550245,56,,,0,99,,1550246,56,,,0,100,,1550247,56,,,0
8100,'20261001',650,,1550248,56,,,0,70,,1550249,56,,,0,33,,1550250,56,,,0,71,,1550251,56,,,0,28,,1550252,56,,,0,68,,1550253,56,,,0,100,,1550254,56,,,0,100,,1550255,56,,,0,102,,1550256,56,,,0,100,,1550257,56,,,0,100,,1550258,56,,,0,101,,1550259,56,,,0,33,,1550260,56,,,0,72,,1550261,56,,,0,73,,1550262,56,,,0,26,,1550263,56,,,0,26,,1550264,56,,,0,68,,1550265,56,,,0,100,,1550266,56,,,0,99,,1550267,56,,,0,100,,1550268,56,,,0,99,,1550269,56,,,0,100,,1550270,56,,,0
8100,'20261002',650,,1473098,56,,,0,70,,1473099,56,,,0,33,,1473100,56,,,0,71,,1473101,56,,,0,28,,1473102,56,,,0,68,,1473103,56,,,0,100,,1473104,56,,,0,100,,1473105,56,,,0,102,,1473106,56,,,0,100,,1473107,56,,,0,100,,1473108,56,,,0,101,,1473109,56,,,0,33,,1473110,56,,,0,72,,1473111,56,,,0,73,,1473112,56,,,0,26,,1473113,56,,,0,26,,1473114,56,,,0,68,,1473115,56,,,0,100,,1473116,56,,,0,99,,1473117,56,,,0,100,,1473118,56,,,0,99,,1473119,56,,,0,100,,1473120,56,,,0
8100,'20261003',819,,1496102,56,,,0,99,,1496103,56,,,0,101,,1496104,56,,,0,101,,1496105,56,,,0,100,,1496106,56,,,0,101,,1496107,56,,,0,100,,1496108,56,,,0,100,,1496109,56,,,0,100,,1496110,56,,,0,100,,1496111,56,,,0,100,,1496112,56,,,0,99,,1496113,56,,,0,99,,1496114,56,,,0,100,,1496115,56,,,0,100,,1496116,56,,,0,100,,1496117,56,,,0
8100,'20261004',819,,1496118,56,,,0,99,,1496119,56,,,0,101,,1496120,56,,,0,101,,1496121,56,,,0,100,,1496122,56,,,0,101,,1496123,56,,,0,100,,1496124,56,,,0,100,,1496125,56,,,0,100,,1496126,56,,,0,100,,1496127,56,,,0,100,,1496128,56,,,0,99,,1496129,56,,,0,99,,1496130,56,,,0,100,,1496131,56,,,0,100,,1496132,56,,,0,100,,1496133,56,,,0
8100,'20261005',650,,1496134,56,,,0,70,,1496135,56,,,0,33,,1496136,56,,,0,71,,1496137,56,,,0,28,,1496138,56,,,0,68,,1496139,56,,,0,100,,1496140,56,,,0,100,,1496141,56,,,0,102,,1496142,56,,,0,100,,1496143,56,,,0,100,,1496144,56,,,0,101,,1496145,56,,,0,33,,1496146,56,,,0,72,,1496147,56,,,0,73,,1496148,56,,,0,26,,1496149,56,,,0,26,,1496150,56,,,0,68,,1496151,56,,,0,100,,1496152,56,,,0,99,,1496153,56,,,0,100,,1496154,56,,,0,99,,1496155,56,,,0,100,,1496156,56,,,0
8100,'20261006',650,,1522974,56,,,0,70,,1522975,56,,,0,33,,1522976,56,,,0,71,,1522977,56,,,0,28,,1522978,56,,,0,68,,1522979,56,,,0,100,,1522980,56,,,0,100,,1522981,56,,,0,102,,1522982,56,,,0,100,,1522983,56,,,0,100,,1522984,56,,,0,101,,1522985,56,,,0,33,,1522986,56,,,0,72,,1522987,56,,,0,73,,1522988,56,,,0,26,,1522989,56,,,0,26,,1522990,56,,,0,68,,1522991,56,,,0,100,,1522992,56,,,0,99,,1522993,56,,,0,100,,1522994,56,,,0,99,,1522995,56,,,0,100,,1522996,56,,,0
8100,'20261007',650,,1522997,56,,,0,70,,1522998,56,,,0,33,,1522999,56,,,0,71,,1523000,56,,,0,28,,1523001,56,,,0,68,,1523002,56,,,0,100,,1523003,56,,,0,100,,1523004,56,,,0,102,,1523005,56,,,0,100,,1523006,56,,,0,100,,1523007,56,,,0,101,,1523008,56,,,0,33,,1523009,56,,,0,72,,1523010,56,,,0,73,,1523011,56,,,0,26,,1523012,56,,,0,26,,1523013,56,,,0,68,,1523014,56,,,0,100,,1523015,56,,,0,99,,1523016,56,,,0,100,,1523017,56,,,0,99,,1523018,56,,,0,100,,1523019,56,,,0
8100,'20261008',650,,1523020,56,,,0,70,,1523021,56,,,0,33,,1523022,56,,,0,71,,1523023,56,,,0,28,,1523024,56,,,0,68,,1523025,56,,,0,100,,1523026,56,,,0,100,,1523027,56,,,0,102,,1523028,56,,,0,100,,1523029,56,,,0,100,,1523030,56,,,0,101,,1523031,56,,,0,33,,1523032,56,,,0,72,,1523033,56,,,0,73,,1523034,56,,,0,26,,1523035,56,,,0,26,,1523036,56,,,0,68,,1523037,56,,,0,100,,1523038,56,,,0,99,,1523039,56,,,0,100,,1523040,56,,,0,99,,1523041,56,,,0,100,,1523042,56,,,0
8100,'20261009',650,,1523043,56,,,0,70,,1523044,56,,,0,33,,1523045,56,,,0,71,,1523046,56,,,0,28,,1523047,56,,,0,68,,1523048,56,,,0,100,,1523049,56,,,0,100,,1523050,56,,,0,102,,1523051,56,,,0,100,,1523052,56,,,0,100,,1523053,56,,,0,101,,1523054,56,,,0,33,,1523055,56,,,0,72,,1523056,56,,,0,73,,1523057,56,,,0,26,,1523058,56,,,0,26,,1523059,56,,,0,68,,1523060,56,,,0,100,,1523061,56,,,0,99,,1523062,56,,,0,100,,1523063,56,,,0,99,,1523064,56,,,0,100,,1523065,56,,,0
8100,'20261010',819,,1550271,56,,,0,99,,1550272,56,,,0,101,,1550273,56,,,0,101,,1550274,56,,,0,100,,1550275,56,,,0,101,,1550276,56,,,0,100,,1550277,56,,,0,100,,1550278,56,,,0,100,,1550279,56,,,0,100,,1550280,56,,,0,100,,1550281,56,,,0,99,,1550282,56,,,0,99,,1550283,56,,,0,100,,1550284,56,,,0,100,,1550285,56,,,0,100,,1550286,56,,,0
8100,'20261011',819,,1550287,56,,,0,99,,1550288,56,,,0,101,,1550289,56,,,0,101,,1550290,56,,,0,100,,1550291,56,,,0,101,,1550292,56,,,0,100,,1550293,56,,,0,100,,1550294,56,,,0,100,,1550295,56,,,0,100,,1550296,56,,,0,100,,1550297,56,,,0,99,,1550298,56,,,0,99,,1550299,56,,,0,100,,1550300,56,,,0,100,,1550301,56,,,0,100,,1550302,56,,,0
8100,'20261012',819,,1550303,56,,,0,99,,1550304,56,,,0,101,,1550305,56,,,0,101,,1550306,56,,,0,100,,1550307,56,,,0,101,,1550308,56,,,0,100,,1550309,56,,,0,100,,1550310,56,,,0,100,,1550311,56,,,0,100,,1550312,56,,,0,100,,1550313,56,,,0,99,,1550314,56,,,0,99,,1550315,56,,,0,100,,1550316,56,,,0,100,,1550317,56,,,0,100,,1550318,56,,,0
