3601,'20261006',610,,1600606,18,,,0,29,,1600607,18,,,0,67,,1600608,18,,,0,28,,1600609,18,,,0,70,,1600610,18,,,0,104,,1600611,18,,,0,100,,1600612,18,,,0,100,,1600613,18,,,0,100,,1600614,18,,,0,100,,1600615,18,,,0,100,,1600616,18,,,0,99,,1600617,18,,,0,96,,1600618,18,,,0,102,,1600619,18,,,0,103,,1600620,18,,,0,101,,1600621,18,,,0,102,,1600622,18,,,0,100,,1600623,18,,,0,100,,1600624,18,,,0,100,,1600625,18,,,0
3601,'20261007',610,,1600626,18,,,0,29,,1600627,18,,,0,67,,1600628,18,,,0,28,,1600629,18,,,0,70,,1600630,18,,,0,104,,1600631,18,,,0,100,,1600632,18,,,0,100,,1600633,18,,,0,100,,1600634,18,,,0,100,,1600635,18,,,0,100,,1600636,18,,,0,99,,1600637,18,,,0,96,,1600638,18,,,0,102,,1600639,18,,,0,103,,1600640,18,,,0,101,,1600641,18,,,0,102,,1600642,18,,,0,100,,1600643,18,,,0,100,,1600644,18,,,0,100,,1600645,18,,,0
3601,'20261008',610,,1600646,18,,,0,29,,1600647,18,,,0,67,,1600648,18,,,0,28,,1600649,18,,,0,70,,1600650,18,,,0,104,,1600651,18,,,0,100,,1600652,18,,,0,100,,1600653,18,,,0,100,,1600654,18,,,0,100,,1600655,18,,,0,100,,1600656,18,,,0,99,,1600657,18,,,0,96,,1600658,18,,,0,102,,1600659,18,,,0,103,,1600660,18,,,0,101,,1600661,18,,,0,102,,1600662,18,,,0,100,,1600663,18,,,0,100,,1600664,18,,,0,100,,1600665,18,,,0
3601,'20261009',610,,1600666,18,,,0,29,,1600667,18,,,0,67,,1600668,18,,,0,28,,1600669,18,,,0,70,,1600670,18,,,0,104,,1600671,18,,,0,100,,1600672,18,,,0,100,,1600673,18,,,0,100,,1600674,18,,,0,100,,1600675,18,,,0,100,,1600676,18,,,0,99,,1600677,18,,,0,96,,1600678,18,,,0,102,,1600679,18,,,0,103,,1600680,18,,,0,101,,1600681,18,,,0,102,,1600682,18,,,0,100,,1600683,18,,,0,100,,1600684,18,,,0,100,,1600685,18,,,0
3601,'20261010',614,,1545128,18,,,0,98,,1545111,18,,,0,100,,1545112,18,,,0,100,,1545113,18,,,0,99,,1545114,18,,,0,99,,1545115,18,,,0,100,,1545116,18,,,0,100,,1545117,18,,,0,100,,1545118,18,,,0,101,,1545119,18,,,0,100,,1545120,18,,,0,101,,1545121,18,,,0,100,,1545122,18,,,0,101,,1545123,18,,,0,100,,1545127,18,,,0,100,,1545124,18,,,0,102,,1545126,18,,,0,100,,1545125,18,,,0
3601,'20261011',614,,1545146,18,,,0,98,,1545139,18,,,0,100,,1545144,18,,,0,100,,1545138,18,,,0,99,,1545137,18,,,0,99,,1545136,18,,,0,100,,1545135,18,,,0,100,,1545134,18,,,0,100,,1545133,18,,,0,101,,1545132,18,,,0,100,,1545131,18,,,0,101,,1545130,18,,,0,100,,1545129,18,,,0,101,,1545143,18,,,0,100,,1545145,18,,,0,100,,1545142,18,,,0,102,,1545141,18,,,0,100,,1545140,18,,,0
3601,'20261012',614,,1545164,18,,,0,98,,1545157,18,,,0,100,,1545162,18,,,0,100,,1545156,18,,,0,99,,1545155,18,,,0,99,,1545154,18,,,0,100,,1545153,18,,,0,100,,1545152,18,,,0,100,,1545151,18,,,0,101,,1545150,18,,,0,100,,1545149,18,,,0,101,,1545148,18,,,0,100,,1545147,18,,,0,101,,1545161,18,,,0,100,,1545163,18,,,0,100,,1545160,18,,,0,102,,1545159,18,,,0,100,,1545158,18,,,0
3601,'20261013',610,,1568967,18,,,0,29,,1568968,18,,,0,67,,1568969,18,,,0,28,,1568970,18,,,0,70,,1568971,18,,,0,104,,1568972,18,,,0,100,,1568973,18,,,0,100,,1568974,18,,,0,100,,1568975,18,,,0,100,,1568976,18,,,0,100,,1568977,18,,,0,99,,1568978,18,,,0,96,,1568979,18,,,0,102,,1568980,18,,,0,103,,1568981,18,,,0,101,,1568982,18,,,0,102,,1568983,18,,,0,100,,1568984,18,,,0,100,,1568986,18,,,0,100,,1568985,18,,,0
3601,'20261014',610,,1568987,18,,,0,29,,1568988,18,,,0,67,,1568989,18,,,0,28,,1568990,18,,,0,70,,1568991,18,,,0,104,,1568992,18,,,0,100,,1568993,18,,,0,100,,1568994,18,,,0,100,,1568995,18,,,0,100,,1568996,18,,,0,100,,1568997,18,,,0,99,,1568998,18,,,0,96,,1568999,18,,,0,102,,1569000,18,,,0,103,,1569001,18,,,0,101,,1569002,18,,,0,102,,1569003,18,,,0,100,,1569004,18,,,0,100,,1569006,18,,,0,100,,1569005,18,,,0
3601,'20261015',610,,1569007,18,,,0,29,,1569008,18,,,0,67,,1569009,18,,,0,28,,1569010,18,,,0,70,,1569011,18,,,0,104,,1569012,18,,,0,100,,1569013,18,,,0,100,,1569014,18,,,0,100,,1569015,18,,,0,100,,1569016,18,,,0,100,,1569017,18,,,0,99,,1569018,18,,,0,96,,1569019,18,,,0,102,,1569020,18,,,0,103,,1569021,18,,,0,101,,1569022,18,,,0,102,,1569023,18,,,0,100,,1569024,18,,,0,100,,1569026,18,,,0,100,,1569025,18,,,0
3601,'20261016',610,,1569027,18,,,0,29,,1569028,18,,,0,67,,1569029,18,,,0,28,,1569030,18,,,0,70,,1569031,18,,,0,104,,1569032,18,,,0,100,,1569033,18,,,0,100,,1569034,18,,,0,100,,1569035,18,,,0,100,,1569036,18,,,0,100,,1569037,18,,,0,99,,1569038,18,,,0,96,,1569039,18,,,0,102,,1569040,18,,,0,103,,1569041,18,,,0,101,,1569042,18,,,0,102,,1569043,18,,,0,100,,1569044,18,,,0,100,,1569046,18,,,0,100,,1569045,18,,,0
3601,'20261017',614,,1600703,18,,,0,98,,1600686,18,,,0,100,,1600687,18,,,0,100,,1600688,18,,,0,99,,1600689,18,,,0,99,,1600690,18,,,0,100,,1600691,18,,,0,100,,1600692,18,,,0,100,,1600693,18,,,0,101,,1600694,18,,,0,100,,1600695,18,,,0,101,,1600696,18,,,0,100,,1600697,18,,,0,101,,1600698,18,,,0,100,,1600702,18,,,0,100,,1600699,18,,,0,102,,1600701,18,,,0,100,,1600700,18,,,0
3601,'20261018',614,,1600721,18,,,0,98,,1600714,18,,,0,100,,1600719,18,,,0,100,,1600713,18,,,0,99,,1600712,18,,,0,99,,1600711,18,,,0,100,,1600710,18,,,0,100,,1600709,18,,,0,100,,1600708,18,,,0,101,,1600707,18,,,0,100,,1600706,18,,,0,101,,1600705,18,,,0,100,,1600704,18,,,0,101,,1600718,18,,,0,100,,1600720,18,,,0,100,,1600717,18,,,0,102,,1600716,18,,,0,100,,1600715,18,,,0
3601,'20261019',610,,1600722,18,,,0,29,,1600723,18,,,0,67,,1600724,18,,,0,28,,1600725,18,,,0,70,,1600726,18,,,0,104,,1600727,18,,,0,100,,1600728,18,,,0,100,,1600729,18,,,0,100,,1600730,18,,,0,100,,1600731,18,,,0,100,,1600732,18,,,0,99,,1600733,18,,,0,96,,1600734,18,,,0,102,,1600735,18,,,0,103,,1600736,18,,,0,101,,1600737,18,,,0,102,,1600738,18,,,0,100,,1600739,18,,,0,100,,1600741,18,,,0,100,,1600740,18,,,0
3601,'20261020',610,,1600742,18,,,0,29,,1600743,18,,,0,67,,1600744,18,,,0,28,,1600745,18,,,0,70,,1600746,18,,,0,104,,1600747,18,,,0,100,,1600748,18,,,0,100,,1600749,18,,,0,100,,1600750,18,,,0,100,,1600751,18,,,0,100,,1600752,18,,,0,99,,1600753,18,,,0,96,,1600754,18,,,0,102,,1600755,18,,,0,103,,1600756,18,,,0,101,,1600757,18,,,0,102,,1600758,18,,,0,100,,1600759,18,,,0,100,,1600761,18,,,0,100,,1600760,18,,,0
23601,'20261006',629,,1611588,18,,,0,12,,1611589,18,,,0,64,,1611590,18,,,0,23,,1611591,18,,,0,83,,1611592,18,,,0
23601,'20261007',629,,1611593,18,,,0,12,,1611594,18,,,0,64,,1611595,18,,,0,23,,1611596,18,,,0,83,,1611597,18,,,0
23601,'20261008',629,,1611598,18,,,0,12,,1611599,18,,,0,64,,1611600,18,,,0,23,,1611601,18,,,0,83,,1611602,18,,,0
23601,'20261009',629,,1611603,18,,,0,12,,1611604,18,,,0,64,,1611605,18,,,0,23,,1611606,18,,,0,83,,1611607,18,,,0
23601,'20261013',629,,1579857,18,,,0,12,,1579858,18,,,0,64,,1579861,18,,,0,23,,1579859,18,,,0,83,,1579860,18,,,0
23601,'20261014',629,,1579862,18,,,0,12,,1579863,18,,,0,64,,1579866,18,,,0,23,,1579864,18,,,0,83,,1579865,18,,,0
23601,'20261015',629,,1579867,18,,,0,12,,1579868,18,,,0,64,,1579871,18,,,0,23,,1579869,18,,,0,83,,1579870,18,,,0
23601,'20261016',629,,1579872,18,,,0,12,,1579873,18,,,0,64,,1579876,18,,,0,23,,1579874,18,,,0,83,,1579875,18,,,0
23601,'20261019',629,,1611608,18,,,0,12,,1611609,18,,,0,64,,1611612,18,,,0,23,,1611610,18,,,0,83,,1611611,18,,,0
23601,'20261020',629,,1611613,18,,,0,12,,1611614,18,,,0,64,,1611617,18,,,0,23,,1611615,18,,,0,83,,1611616,18,,,0
33601,'20261006',647,,1613174,18,,,0,59,,1613175,18,,,0
33601,'20261007',647,,1613176,18,,,0,59,,1613177,18,,,0
33601,'20261008',647,,1613178,18,,,0,59,,1613179,18,,,0
33601,'20261009',647,,1613180,18,,,0,59,,1613181,18,,,0
33601,'20261013',647,,1581425,18,,,0,59,,1581426,18,,,0
33601,'20261014',647,,1581427,18,,,0,59,,1581428,18,,,0
33601,'20261015',647,,1581429,18,,,0,59,,1581430,18,,,0
33601,'20261016',647,,1581431,18,,,0,59,,1581432,18,,,0
33601,'20261019',647,,1613182,18,,,0,59,,1613183,18,,,0
33601,'20261020',647,,1613184,18,,,0,59,,1613185,18,,,0
53601,'20261006',643,,1614016,18,,,0,65,,1614017,18,,,0
53601,'20261007',643,,1614018,18,,,0,65,,1614019,18,,,0
53601,'20261008',643,,1614020,18,,,0,65,,1614021,18,,,0
53601,'20261009',643,,1614022,18,,,0,65,,1614023,18,,,0
53601,'20261013',643,,1582262,18,,,0,65,,1582263,18,,,0
53601,'20261014',643,,1582264,18,,,0,65,,1582265,18,,,0
53601,'20261015',643,,1582266,18,,,0,65,,1582267,18,,,0
53601,'20261016',643,,1582268,18,,,0,65,,1582269,18,,,0
53601,'20261019',643,,1614024,18,,,0,65,,1614025,18,,,0
53601,'20261020',643,,1614026,18,,,0,65,,1614027,18,,,0
