5902,'20261009',715,,1603689,20,,,0,102,,1603690,20,,,0,30,,1603688,20,,,0,68,,1603691,20,,,0,100,,1603692,20,,,0,100,,1603693,20,,,0,100,,1603694,20,,,0,100,,1603695,20,,,0,100,,1603696,20,,,0,100,,1603697,20,,,0,104,,1603698,20,,,0,99,,1603699,20,,,0,97,,1603700,20,,,0,100,,1603701,20,,,0,100,,1603702,20,,,0,100,,1603703,20,,,0,99,,1603704,20,,,0,99,,1603705,20,,,0
5902,'20261010',814,,1632279,20,,,0,100,,1632280,20,,,0,101,,1632281,20,,,0,100,,1632282,20,,,0,100,,1632283,20,,,0,100,,1632284,20,,,0,100,,1632285,20,,,0,104,,1632286,20,,,0,96,,1632287,20,,,0,100,,1632288,20,,,0,99,,1632289,20,,,0,100,,1632290,20,,,0,100,,1632291,20,,,0,100,,1632292,20,,,0,100,,1632293,20,,,0
5902,'20261011',814,,1632294,20,,,0,100,,1632295,20,,,0,101,,1632296,20,,,0,100,,1632297,20,,,0,100,,1632298,20,,,0,100,,1632299,20,,,0,100,,1632300,20,,,0,104,,1632301,20,,,0,96,,1632302,20,,,0,100,,1632303,20,,,0,99,,1632304,20,,,0,100,,1632305,20,,,0,100,,1632306,20,,,0,100,,1632307,20,,,0,100,,1632308,20,,,0
5902,'20261012',814,,1632309,20,,,0,100,,1632310,20,,,0,101,,1632311,20,,,0,100,,1632312,20,,,0,100,,1632313,20,,,0,100,,1632314,20,,,0,100,,1632315,20,,,0,104,,1632316,20,,,0,96,,1632317,20,,,0,100,,1632318,20,,,0,99,,1632319,20,,,0,100,,1632320,20,,,0,100,,1632321,20,,,0,100,,1632322,20,,,0,100,,1632323,20,,,0
5902,'20261013',715,,1571979,20,,,0,102,,1571980,20,,,0,30,,1571996,20,,,0,68,,1571981,20,,,0,100,,1571982,20,,,0,100,,1571983,20,,,0,100,,1571984,20,,,0,100,,1571985,20,,,0,100,,1571986,20,,,0,100,,1571987,20,,,0,104,,1571988,20,,,0,99,,1571989,20,,,0,97,,1571990,20,,,0,100,,1571991,20,,,0,100,,1571992,20,,,0,100,,1571993,20,,,0,99,,1571994,20,,,0,99,,1571995,20,,,0
5902,'20261014',715,,1571997,20,,,0,102,,1571998,20,,,0,30,,1572014,20,,,0,68,,1571999,20,,,0,100,,1572000,20,,,0,100,,1572001,20,,,0,100,,1572002,20,,,0,100,,1572003,20,,,0,100,,1572004,20,,,0,100,,1572005,20,,,0,104,,1572006,20,,,0,99,,1572007,20,,,0,97,,1572008,20,,,0,100,,1572009,20,,,0,100,,1572010,20,,,0,100,,1572011,20,,,0,99,,1572012,20,,,0,99,,1572013,20,,,0
5902,'20261015',715,,1572015,20,,,0,102,,1572016,20,,,0,30,,1572032,20,,,0,68,,1572017,20,,,0,100,,1572018,20,,,0,100,,1572019,20,,,0,100,,1572020,20,,,0,100,,1572021,20,,,0,100,,1572022,20,,,0,100,,1572023,20,,,0,104,,1572024,20,,,0,99,,1572025,20,,,0,97,,1572026,20,,,0,100,,1572027,20,,,0,100,,1572028,20,,,0,100,,1572029,20,,,0,99,,1572030,20,,,0,99,,1572031,20,,,0
5902,'20261016',715,,1572033,20,,,0,102,,1572034,20,,,0,30,,1572050,20,,,0,68,,1572035,20,,,0,100,,1572036,20,,,0,100,,1572037,20,,,0,100,,1572038,20,,,0,100,,1572039,20,,,0,100,,1572040,20,,,0,100,,1572041,20,,,0,104,,1572042,20,,,0,99,,1572043,20,,,0,97,,1572044,20,,,0,100,,1572045,20,,,0,100,,1572046,20,,,0,100,,1572047,20,,,0,99,,1572048,20,,,0,99,,1572049,20,,,0
5902,'20261017',814,,1603706,20,,,0,100,,1603707,20,,,0,101,,1603708,20,,,0,100,,1603709,20,,,0,100,,1603710,20,,,0,100,,1603711,20,,,0,100,,1603712,20,,,0,104,,1603713,20,,,0,96,,1603714,20,,,0,100,,1603715,20,,,0,99,,1603716,20,,,0,100,,1603717,20,,,0,100,,1603718,20,,,0,100,,1603719,20,,,0,100,,1603720,20,,,0
5902,'20261018',814,,1603721,20,,,0,100,,1603722,20,,,0,101,,1603723,20,,,0,100,,1603724,20,,,0,100,,1603725,20,,,0,100,,1603726,20,,,0,100,,1603727,20,,,0,104,,1603728,20,,,0,96,,1603729,20,,,0,100,,1603730,20,,,0,99,,1603731,20,,,0,100,,1603732,20,,,0,100,,1603733,20,,,0,100,,1603734,20,,,0,100,,1603735,20,,,0
5902,'20261019',715,,1603736,20,,,0,102,,1603737,20,,,0,30,,1603753,20,,,0,68,,1603738,20,,,0,100,,1603739,20,,,0,100,,1603740,20,,,0,100,,1603741,20,,,0,100,,1603742,20,,,0,100,,1603743,20,,,0,100,,1603744,20,,,0,104,,1603745,20,,,0,99,,1603746,20,,,0,97,,1603747,20,,,0,100,,1603748,20,,,0,100,,1603749,20,,,0,100,,1603750,20,,,0,99,,1603751,20,,,0,99,,1603752,20,,,0
5902,'20261020',715,,1603754,20,,,0,102,,1603755,20,,,0,30,,1603771,20,,,0,68,,1603756,20,,,0,100,,1603757,20,,,0,100,,1603758,20,,,0,100,,1603759,20,,,0,100,,1603760,20,,,0,100,,1603761,20,,,0,100,,1603762,20,,,0,104,,1603763,20,,,0,99,,1603764,20,,,0,97,,1603765,20,,,0,100,,1603766,20,,,0,100,,1603767,20,,,0,100,,1603768,20,,,0,99,,1603769,20,,,0,99,,1603770,20,,,0
5902,'20261021',715,,1632324,20,,,0,102,,1632325,20,,,0,30,,1632341,20,,,0,68,,1632326,20,,,0,100,,1632327,20,,,0,100,,1632328,20,,,0,100,,1632329,20,,,0,100,,1632330,20,,,0,100,,1632331,20,,,0,100,,1632332,20,,,0,104,,1632333,20,,,0,99,,1632334,20,,,0,97,,1632335,20,,,0,100,,1632336,20,,,0,100,,1632337,20,,,0,100,,1632338,20,,,0,99,,1632339,20,,,0,99,,1632340,20,,,0
5902,'20261022',715,,1632342,20,,,0,102,,1632343,20,,,0,30,,1632359,20,,,0,68,,1632344,20,,,0,100,,1632345,20,,,0,100,,1632346,20,,,0,100,,1632347,20,,,0,100,,1632348,20,,,0,100,,1632349,20,,,0,100,,1632350,20,,,0,104,,1632351,20,,,0,99,,1632352,20,,,0,97,,1632353,20,,,0,100,,1632354,20,,,0,100,,1632355,20,,,0,100,,1632356,20,,,0,99,,1632357,20,,,0,99,,1632358,20,,,0
5902,'20261023',715,,1632360,20,,,0,102,,1632361,20,,,0,30,,1632377,20,,,0,68,,1632362,20,,,0,100,,1632363,20,,,0,100,,1632364,20,,,0,100,,1632365,20,,,0,100,,1632366,20,,,0,100,,1632367,20,,,0,100,,1632368,20,,,0,104,,1632369,20,,,0,99,,1632370,20,,,0,97,,1632371,20,,,0,100,,1632372,20,,,0,100,,1632373,20,,,0,100,,1632374,20,,,0,99,,1632375,20,,,0,99,,1632376,20,,,0
