1103,'20261002',627,,1564949,49,,,1,31,,1564950,49,,,1,70,,1564951,49,,,1,20,,1564952,49,,,1,58,,1564953,49,,,1,18,,1564954,49,,,1,12,,1564955,49,,,1,65,,1564956,49,,,1,26,,1564957,49,,,1,28,,1564958,49,,,1,70,,1564959,49,,,1,30,,1564960,49,,,1,70,,1564961,49,,,1,31,,1564962,49,,,1,71,,1564963,49,,,1,30,,1564964,49,,,1,70,,1564965,49,,,1,29,,1564966,49,,,1,71,,1564967,49,,,1,32,,1564968,49,,,1,72,,1564969,49,,,1,7,,1564970,49,,,1,7,,1564971,49,,,1,13,,1564972,49,,,1,47,,1564973,49,,,1,10,,1564974,49,,,1,16,,1564975,49,,,1,15,,1564976,49,,,1,56,,1564977,49,,,1,14,,1564978,49,,,1,13,,1564979,49,,,1,27,,1564980,49,,,1,67,,1564981,49,,,1,29,,1564982,49,,,1,69,,1564983,49,,,1,30,,1564984,49,,,1,70,,1564985,49,,,1,100,,1564986,49,,,1,100,,1564987,49,,,1,100,,1564988,49,,,1,98,,1564989,49,,,1
1103,'20261003',624,,1564990,49,,,1,100,,1564991,49,,,1,101,,1564992,49,,,1,30,,1564993,49,,,1,70,,1564994,49,,,1,30,,1564995,49,,,1,70,,1564996,49,,,1,30,,1564997,49,,,1,70,,1564998,49,,,1,30,,1564999,49,,,1,70,,1565000,49,,,1,30,,1565001,49,,,1,70,,1565002,49,,,1,30,,1565003,49,,,1,70,,1565004,49,,,1,31,,1565005,49,,,1,69,,1565006,49,,,1,33,,1565007,49,,,1,67,,1565008,49,,,1,30,,1565009,49,,,1,70,,1565010,49,,,1,33,,1565011,49,,,1,68,,1565012,49,,,1,30,,1565013,49,,,1,69,,1565014,49,,,1,29,,1565015,49,,,1,70,,1565016,49,,,1,101,,1565017,49,,,1,100,,1565018,49,,,1,100,,1565019,49,,,1,99,,1565020,49,,,1
1103,'20261004',624,,1565021,49,,,1,100,,1565022,49,,,1,101,,1565023,49,,,1,30,,1565024,49,,,1,70,,1565025,49,,,1,30,,1565026,49,,,1,70,,1565027,49,,,1,30,,1565028,49,,,1,70,,1565029,49,,,1,30,,1565030,49,,,1,70,,1565031,49,,,1,30,,1565032,49,,,1,70,,1565033,49,,,1,30,,1565034,49,,,1,70,,1565035,49,,,1,31,,1565036,49,,,1,69,,1565037,49,,,1,33,,1565038,49,,,1,67,,1565039,49,,,1,30,,1565040,49,,,1,70,,1565041,49,,,1,33,,1565042,49,,,1,68,,1565043,49,,,1,30,,1565044,49,,,1,69,,1565045,49,,,1,29,,1565046,49,,,1,70,,1565047,49,,,1,101,,1565048,49,,,1,100,,1565049,49,,,1,100,,1565050,49,,,1,99,,1565051,49,,,1
1103,'20261005',627,,1565052,49,,,1,31,,1565053,49,,,1,70,,1565054,49,,,1,20,,1565055,49,,,1,58,,1565056,49,,,1,18,,1565057,49,,,1,12,,1565058,49,,,1,65,,1565059,49,,,1,26,,1565060,49,,,1,28,,1565061,49,,,1,70,,1565062,49,,,1,30,,1565063,49,,,1,70,,1565064,49,,,1,31,,1565065,49,,,1,71,,1565066,49,,,1,30,,1565067,49,,,1,70,,1565068,49,,,1,29,,1565069,49,,,1,71,,1565070,49,,,1,32,,1565071,49,,,1,72,,1565072,49,,,1,7,,1565073,49,,,1,7,,1565074,49,,,1,13,,1565075,49,,,1,47,,1565076,49,,,1,10,,1565077,49,,,1,16,,1565078,49,,,1,15,,1565079,49,,,1,56,,1565080,49,,,1,14,,1565081,49,,,1,13,,1565082,49,,,1,27,,1565083,49,,,1,67,,1565084,49,,,1,29,,1565085,49,,,1,69,,1565086,49,,,1,30,,1565087,49,,,1,70,,1565088,49,,,1,100,,1565089,49,,,1,100,,1565090,49,,,1,100,,1565091,49,,,1,98,,1565092,49,,,1
1103,'20261006',627,,1511817,49,,,1,31,,1511816,49,,,1,70,,1511818,49,,,1,20,,1511851,49,,,1,58,,1511819,49,,,1,18,,1511815,49,,,1,12,,1511820,49,,,1,65,,1511821,49,,,1,26,,1511822,49,,,1,28,,1511823,49,,,1,70,,1511824,49,,,1,30,,1511830,49,,,1,70,,1511825,49,,,1,31,,1511826,49,,,1,71,,1511827,49,,,1,30,,1511828,49,,,1,70,,1511829,49,,,1,29,,1511831,49,,,1,71,,1511837,49,,,1,32,,1511840,49,,,1,72,,1511845,49,,,1,7,,1511843,49,,,1,7,,1511836,49,,,1,13,,1511852,49,,,1,47,,1511855,49,,,1,10,,1511835,49,,,1,16,,1511842,49,,,1,15,,1511853,49,,,1,56,,1511834,49,,,1,14,,1511854,49,,,1,13,,1511846,49,,,1,27,,1511847,49,,,1,67,,1511832,49,,,1,29,,1511833,49,,,1,69,,1511838,49,,,1,30,,1511841,49,,,1,70,,1511848,49,,,1,100,,1511850,49,,,1,100,,1511844,49,,,1,100,,1511849,49,,,1,98,,1511839,49,,,1
1103,'20261007',627,,1511858,49,,,1,31,,1511857,49,,,1,70,,1511859,49,,,1,20,,1511892,49,,,1,58,,1511860,49,,,1,18,,1511856,49,,,1,12,,1511861,49,,,1,65,,1511862,49,,,1,26,,1511863,49,,,1,28,,1511864,49,,,1,70,,1511865,49,,,1,30,,1511871,49,,,1,70,,1511866,49,,,1,31,,1511867,49,,,1,71,,1511868,49,,,1,30,,1511869,49,,,1,70,,1511870,49,,,1,29,,1511872,49,,,1,71,,1511878,49,,,1,32,,1511881,49,,,1,72,,1511886,49,,,1,7,,1511884,49,,,1,7,,1511877,49,,,1,13,,1511893,49,,,1,47,,1511896,49,,,1,10,,1511876,49,,,1,16,,1511883,49,,,1,15,,1511894,49,,,1,56,,1511875,49,,,1,14,,1511895,49,,,1,13,,1511887,49,,,1,27,,1511888,49,,,1,67,,1511873,49,,,1,29,,1511874,49,,,1,69,,1511879,49,,,1,30,,1511882,49,,,1,70,,1511889,49,,,1,100,,1511891,49,,,1,100,,1511885,49,,,1,100,,1511890,49,,,1,98,,1511880,49,,,1
1103,'20261008',627,,1511899,49,,,1,31,,1511898,49,,,1,70,,1511900,49,,,1,20,,1511933,49,,,1,58,,1511901,49,,,1,18,,1511897,49,,,1,12,,1511902,49,,,1,65,,1511903,49,,,1,26,,1511904,49,,,1,28,,1511905,49,,,1,70,,1511906,49,,,1,30,,1511912,49,,,1,70,,1511907,49,,,1,31,,1511908,49,,,1,71,,1511909,49,,,1,30,,1511910,49,,,1,70,,1511911,49,,,1,29,,1511913,49,,,1,71,,1511919,49,,,1,32,,1511922,49,,,1,72,,1511927,49,,,1,7,,1511925,49,,,1,7,,1511918,49,,,1,13,,1511934,49,,,1,47,,1511937,49,,,1,10,,1511917,49,,,1,16,,1511924,49,,,1,15,,1511935,49,,,1,56,,1511916,49,,,1,14,,1511936,49,,,1,13,,1511928,49,,,1,27,,1511929,49,,,1,67,,1511914,49,,,1,29,,1511915,49,,,1,69,,1511920,49,,,1,30,,1511923,49,,,1,70,,1511930,49,,,1,100,,1511932,49,,,1,100,,1511926,49,,,1,100,,1511931,49,,,1,98,,1511921,49,,,1
1103,'20261009',627,,1511940,49,,,1,31,,1511939,49,,,1,70,,1511941,49,,,1,20,,1511974,49,,,1,58,,1511942,49,,,1,18,,1511938,49,,,1,12,,1511943,49,,,1,65,,1511944,49,,,1,26,,1511945,49,,,1,28,,1511946,49,,,1,70,,1511947,49,,,1,30,,1511953,49,,,1,70,,1511948,49,,,1,31,,1511949,49,,,1,71,,1511950,49,,,1,30,,1511951,49,,,1,70,,1511952,49,,,1,29,,1511954,49,,,1,71,,1511960,49,,,1,32,,1511963,49,,,1,72,,1511968,49,,,1,7,,1511966,49,,,1,7,,1511959,49,,,1,13,,1511975,49,,,1,47,,1511978,49,,,1,10,,1511958,49,,,1,16,,1511965,49,,,1,15,,1511976,49,,,1,56,,1511957,49,,,1,14,,1511977,49,,,1,13,,1511969,49,,,1,27,,1511970,49,,,1,67,,1511955,49,,,1,29,,1511956,49,,,1,69,,1511961,49,,,1,30,,1511964,49,,,1,70,,1511971,49,,,1,100,,1511973,49,,,1,100,,1511967,49,,,1,100,,1511972,49,,,1,98,,1511962,49,,,1
1103,'20261010',624,,1542595,49,,,1,100,,1542594,49,,,1,101,,1542570,49,,,1,30,,1542571,49,,,1,70,,1542572,49,,,1,30,,1542573,49,,,1,70,,1542574,49,,,1,30,,1542575,49,,,1,70,,1542576,49,,,1,30,,1542577,49,,,1,70,,1542578,49,,,1,30,,1542579,49,,,1,70,,1542580,49,,,1,30,,1542581,49,,,1,70,,1542582,49,,,1,31,,1542583,49,,,1,69,,1542584,49,,,1,33,,1542585,49,,,1,67,,1542586,49,,,1,30,,1542587,49,,,1,70,,1542588,49,,,1,33,,1542589,49,,,1,68,,1542590,49,,,1,30,,1542591,49,,,1,69,,1542596,49,,,1,29,,1542592,49,,,1,70,,1542597,49,,,1,101,,1542598,49,,,1,100,,1542599,49,,,1,100,,1542600,49,,,1,99,,1542593,49,,,1
1103,'20261011',624,,1542630,49,,,1,100,,1542601,49,,,1,101,,1542602,49,,,1,30,,1542603,49,,,1,70,,1542604,49,,,1,30,,1542605,49,,,1,70,,1542606,49,,,1,30,,1542608,49,,,1,70,,1542609,49,,,1,30,,1542610,49,,,1,70,,1542607,49,,,1,30,,1542611,49,,,1,70,,1542612,49,,,1,30,,1542613,49,,,1,70,,1542614,49,,,1,31,,1542615,49,,,1,69,,1542616,49,,,1,33,,1542617,49,,,1,67,,1542618,49,,,1,30,,1542619,49,,,1,70,,1542620,49,,,1,33,,1542621,49,,,1,68,,1542622,49,,,1,30,,1542623,49,,,1,69,,1542624,49,,,1,29,,1542631,49,,,1,70,,1542625,49,,,1,101,,1542626,49,,,1,100,,1542627,49,,,1,100,,1542628,49,,,1,99,,1542629,49,,,1
1103,'20261012',624,,1542661,49,,,1,100,,1542632,49,,,1,101,,1542633,49,,,1,30,,1542634,49,,,1,70,,1542635,49,,,1,30,,1542636,49,,,1,70,,1542637,49,,,1,30,,1542639,49,,,1,70,,1542640,49,,,1,30,,1542641,49,,,1,70,,1542638,49,,,1,30,,1542642,49,,,1,70,,1542643,49,,,1,30,,1542644,49,,,1,70,,1542645,49,,,1,31,,1542646,49,,,1,69,,1542647,49,,,1,33,,1542648,49,,,1,67,,1542649,49,,,1,30,,1542650,49,,,1,70,,1542651,49,,,1,33,,1542652,49,,,1,68,,1542653,49,,,1,30,,1542654,49,,,1,69,,1542655,49,,,1,29,,1542662,49,,,1,70,,1542656,49,,,1,101,,1542657,49,,,1,100,,1542658,49,,,1,100,,1542659,49,,,1,99,,1542660,49,,,1
1103,'20261013',627,,1565095,49,,,1,31,,1565094,49,,,1,70,,1565096,49,,,1,20,,1565129,49,,,1,58,,1565097,49,,,1,18,,1565093,49,,,1,12,,1565098,49,,,1,65,,1565099,49,,,1,26,,1565100,49,,,1,28,,1565101,49,,,1,70,,1565102,49,,,1,30,,1565108,49,,,1,70,,1565103,49,,,1,31,,1565104,49,,,1,71,,1565105,49,,,1,30,,1565106,49,,,1,70,,1565107,49,,,1,29,,1565109,49,,,1,71,,1565115,49,,,1,32,,1565118,49,,,1,72,,1565123,49,,,1,7,,1565121,49,,,1,7,,1565114,49,,,1,13,,1565130,49,,,1,47,,1565133,49,,,1,10,,1565113,49,,,1,16,,1565120,49,,,1,15,,1565131,49,,,1,56,,1565112,49,,,1,14,,1565132,49,,,1,13,,1565124,49,,,1,27,,1565125,49,,,1,67,,1565110,49,,,1,29,,1565111,49,,,1,69,,1565116,49,,,1,30,,1565119,49,,,1,70,,1565126,49,,,1,100,,1565128,49,,,1,100,,1565122,49,,,1,100,,1565127,49,,,1,98,,1565117,49,,,1
1103,'20261014',627,,1565136,49,,,1,31,,1565135,49,,,1,70,,1565137,49,,,1,20,,1565170,49,,,1,58,,1565138,49,,,1,18,,1565134,49,,,1,12,,1565139,49,,,1,65,,1565140,49,,,1,26,,1565141,49,,,1,28,,1565142,49,,,1,70,,1565143,49,,,1,30,,1565149,49,,,1,70,,1565144,49,,,1,31,,1565145,49,,,1,71,,1565146,49,,,1,30,,1565147,49,,,1,70,,1565148,49,,,1,29,,1565150,49,,,1,71,,1565156,49,,,1,32,,1565159,49,,,1,72,,1565164,49,,,1,7,,1565162,49,,,1,7,,1565155,49,,,1,13,,1565171,49,,,1,47,,1565174,49,,,1,10,,1565154,49,,,1,16,,1565161,49,,,1,15,,1565172,49,,,1,56,,1565153,49,,,1,14,,1565173,49,,,1,13,,1565165,49,,,1,27,,1565166,49,,,1,67,,1565151,49,,,1,29,,1565152,49,,,1,69,,1565157,49,,,1,30,,1565160,49,,,1,70,,1565167,49,,,1,100,,1565169,49,,,1,100,,1565163,49,,,1,100,,1565168,49,,,1,98,,1565158,49,,,1
1103,'20261015',627,,1565177,49,,,1,31,,1565176,49,,,1,70,,1565178,49,,,1,20,,1565211,49,,,1,58,,1565179,49,,,1,18,,1565175,49,,,1,12,,1565180,49,,,1,65,,1565181,49,,,1,26,,1565182,49,,,1,28,,1565183,49,,,1,70,,1565184,49,,,1,30,,1565190,49,,,1,70,,1565185,49,,,1,31,,1565186,49,,,1,71,,1565187,49,,,1,30,,1565188,49,,,1,70,,1565189,49,,,1,29,,1565191,49,,,1,71,,1565197,49,,,1,32,,1565200,49,,,1,72,,1565205,49,,,1,7,,1565203,49,,,1,7,,1565196,49,,,1,13,,1565212,49,,,1,47,,1565215,49,,,1,10,,1565195,49,,,1,16,,1565202,49,,,1,15,,1565213,49,,,1,56,,1565194,49,,,1,14,,1565214,49,,,1,13,,1565206,49,,,1,27,,1565207,49,,,1,67,,1565192,49,,,1,29,,1565193,49,,,1,69,,1565198,49,,,1,30,,1565201,49,,,1,70,,1565208,49,,,1,100,,1565210,49,,,1,100,,1565204,49,,,1,100,,1565209,49,,,1,98,,1565199,49,,,1
1103,'20261016',627,,1565218,49,,,1,31,,1565217,49,,,1,70,,1565219,49,,,1,20,,1565252,49,,,1,58,,1565220,49,,,1,18,,1565216,49,,,1,12,,1565221,49,,,1,65,,1565222,49,,,1,26,,1565223,49,,,1,28,,1565224,49,,,1,70,,1565225,49,,,1,30,,1565231,49,,,1,70,,1565226,49,,,1,31,,1565227,49,,,1,71,,1565228,49,,,1,30,,1565229,49,,,1,70,,1565230,49,,,1,29,,1565232,49,,,1,71,,1565238,49,,,1,32,,1565241,49,,,1,72,,1565246,49,,,1,7,,1565244,49,,,1,7,,1565237,49,,,1,13,,1565253,49,,,1,47,,1565256,49,,,1,10,,1565236,49,,,1,16,,1565243,49,,,1,15,,1565254,49,,,1,56,,1565235,49,,,1,14,,1565255,49,,,1,13,,1565247,49,,,1,27,,1565248,49,,,1,67,,1565233,49,,,1,29,,1565234,49,,,1,69,,1565239,49,,,1,30,,1565242,49,,,1,70,,1565249,49,,,1,100,,1565251,49,,,1,100,,1565245,49,,,1,100,,1565250,49,,,1,98,,1565240,49,,,1
92503,'20261002',2557,,1593496,49,,,0,170,,1593497,49,,,0
92503,'20261003',2557,,1593498,49,,,0,170,,1593499,49,,,0
92503,'20261009',2557,,1540213,49,,,0,170,,1540214,49,,,0
92503,'20261010',2557,,1561857,49,,,0,170,,1561856,49,,,0
92503,'20261016',2557,,1593500,49,,,0,170,,1593501,49,,,0
