8001,'20261002',625,,1575874,46,,,0,31,,1575875,46,,,0,70,,1575876,46,,,0,30,,1575877,46,,,0,70,,1575878,46,,,0,30,,1575879,46,,,0,70,,1575880,46,,,0,30,,1575881,46,,,0,70,,1575882,46,,,0,30,,1575883,46,,,0,70,,1575884,46,,,0,30,,1575885,46,,,0,70,,1575886,46,,,0,30,,1575887,46,,,0,70,,1575888,46,,,0,30,,1575889,46,,,0,70,,1575890,46,,,0,30,,1575891,46,,,0,70,,1575892,46,,,0,28,,1575873,9,,,0,2,,1575893,46,,,0,71,,1575894,46,,,0,30,,1575895,46,,,0,69,,1575896,46,,,0,30,,1575897,46,,,0,70,,1575898,46,,,0,30,,1575899,46,,,0,70,,1575900,46,,,0,30,,1575907,9,,,0,69,,1575901,46,,,0,30,,1575908,9,,,0,70,,1575902,46,,,0,30,,1575909,9,,,0,70,,1575903,46,,,0,30,,1575910,9,,,0,70,,1575904,46,,,0,30,,1575905,46,,,0
8001,'20261003',626,,1575911,46,,,0,30,,1575912,46,,,0,70,,1575913,46,,,0,30,,1575914,46,,,0,70,,1575915,46,,,0,30,,1575916,46,,,0,70,,1575917,46,,,0,30,,1575918,46,,,0,70,,1575919,46,,,0,30,,1575920,46,,,0,70,,1575921,46,,,0,30,,1575922,46,,,0,70,,1575923,46,,,0,30,,1575924,46,,,0,70,,1575925,46,,,0,30,,1575926,46,,,0,70,,1575927,46,,,0,30,,1575928,46,,,0,70,,1575929,46,,,0,30,,1575930,46,,,0,70,,1575931,46,,,0,30,,1575932,46,,,0,70,,1575933,46,,,0,30,,1575934,46,,,0,70,,1575935,46,,,0,30,,1575936,46,,,0,70,,1575937,46,,,0,30,,1575938,46,,,0,70,,1575943,9,,,0,30,,1575939,46,,,0,70,,1575944,9,,,0,30,,1575940,46,,,0,70,,1575945,9,,,0,30,,1575941,46,,,0,70,,1575946,9,,,0,30,,1575942,46,,,0
8001,'20261004',626,,1575947,46,,,0,30,,1575948,46,,,0,70,,1575949,46,,,0,30,,1575950,46,,,0,70,,1575951,46,,,0,30,,1575952,46,,,0,70,,1575953,46,,,0,30,,1575954,46,,,0,70,,1575955,46,,,0,30,,1575956,46,,,0,70,,1575957,46,,,0,30,,1575958,46,,,0,70,,1575959,46,,,0,30,,1575960,46,,,0,70,,1575961,46,,,0,30,,1575962,46,,,0,70,,1575963,46,,,0,30,,1575964,46,,,0,70,,1575965,46,,,0,30,,1575966,46,,,0,70,,1575967,46,,,0,30,,1575968,46,,,0,70,,1575969,46,,,0,30,,1575970,46,,,0,70,,1575971,46,,,0,30,,1575972,46,,,0,70,,1575973,46,,,0,30,,1575974,46,,,0,70,,1575979,9,,,0,30,,1575975,46,,,0,70,,1575980,9,,,0,30,,1575976,46,,,0,70,,1575981,9,,,0,30,,1575977,46,,,0,70,,1575982,9,,,0,30,,1575978,46,,,0
8001,'20261005',625,,1575984,46,,,0,31,,1575985,46,,,0,70,,1575986,46,,,0,30,,1575987,46,,,0,70,,1575988,46,,,0,30,,1575989,46,,,0,70,,1575990,46,,,0,30,,1575991,46,,,0,70,,1575992,46,,,0,30,,1575993,46,,,0,70,,1575994,46,,,0,30,,1575995,46,,,0,70,,1575996,46,,,0,30,,1575997,46,,,0,70,,1575998,46,,,0,30,,1575999,46,,,0,70,,1576000,46,,,0,30,,1576001,46,,,0,70,,1576002,46,,,0,28,,1575983,9,,,0,2,,1576003,46,,,0,71,,1576004,46,,,0,30,,1576005,46,,,0,69,,1576006,46,,,0,30,,1576007,46,,,0,70,,1576008,46,,,0,30,,1576009,46,,,0,70,,1576010,46,,,0,30,,1576016,9,,,0,69,,1576011,46,,,0,30,,1576017,9,,,0,70,,1576012,46,,,0,30,,1576018,9,,,0,70,,1576013,46,,,0,30,,1576019,9,,,0,70,,1576014,46,,,0,30,,1576015,46,,,0
8001,'20261006',625,,1522748,46,,,0,31,,1522749,46,,,0,70,,1522750,46,,,0,30,,1522751,46,,,0,70,,1522752,46,,,0,30,,1522753,46,,,0,70,,1522754,46,,,0,30,,1522755,46,,,0,70,,1522756,46,,,0,30,,1522757,46,,,0,70,,1522758,46,,,0,30,,1522759,46,,,0,70,,1522760,46,,,0,30,,1522761,46,,,0,70,,1522762,46,,,0,30,,1522763,46,,,0,70,,1522764,46,,,0,30,,1522765,46,,,0,70,,1522766,46,,,0,30,,1522767,46,,,0,71,,1522768,46,,,0,30,,1522769,46,,,0,69,,1522770,46,,,0,30,,1522771,46,,,0,70,,1522772,46,,,0,30,,1522773,46,,,0,70,,1522779,46,,,0,30,,1522774,9,,,0,69,,1522780,46,,,0,30,,1522775,9,,,0,70,,1522781,46,,,0,30,,1522776,9,,,0,70,,1522782,46,,,0,30,,1522777,9,,,0,70,,1522783,46,,,0,30,,1522778,46,,,0
8001,'20261007',625,,1522785,46,,,0,31,,1522786,46,,,0,70,,1522787,46,,,0,30,,1522788,46,,,0,70,,1522789,46,,,0,30,,1522790,46,,,0,70,,1522791,46,,,0,30,,1522792,46,,,0,70,,1522793,46,,,0,30,,1522794,46,,,0,70,,1522795,46,,,0,30,,1522796,46,,,0,70,,1522797,46,,,0,30,,1522798,46,,,0,70,,1522799,46,,,0,30,,1522800,46,,,0,70,,1522801,46,,,0,30,,1522802,46,,,0,70,,1522803,46,,,0,30,,1522804,46,,,0,71,,1522805,46,,,0,30,,1522806,46,,,0,69,,1522807,46,,,0,30,,1522808,46,,,0,70,,1522809,46,,,0,30,,1522810,46,,,0,70,,1522816,46,,,0,30,,1522811,9,,,0,69,,1522817,46,,,0,30,,1522812,9,,,0,70,,1522818,46,,,0,30,,1522813,9,,,0,70,,1522819,46,,,0,30,,1522814,9,,,0,70,,1522820,46,,,0,30,,1522815,46,,,0
8001,'20261008',625,,1522822,46,,,0,31,,1522823,46,,,0,70,,1522824,46,,,0,30,,1522825,46,,,0,70,,1522826,46,,,0,30,,1522827,46,,,0,70,,1522828,46,,,0,30,,1522829,46,,,0,70,,1522830,46,,,0,30,,1522831,46,,,0,70,,1522832,46,,,0,30,,1522833,46,,,0,70,,1522834,46,,,0,30,,1522835,46,,,0,70,,1522836,46,,,0,30,,1522837,46,,,0,70,,1522838,46,,,0,30,,1522839,46,,,0,70,,1522840,46,,,0,30,,1522841,46,,,0,71,,1522842,46,,,0,30,,1522843,46,,,0,69,,1522844,46,,,0,30,,1522845,46,,,0,70,,1522846,46,,,0,30,,1522847,46,,,0,70,,1522853,46,,,0,30,,1522848,9,,,0,69,,1522854,46,,,0,30,,1522849,9,,,0,70,,1522855,46,,,0,30,,1522850,9,,,0,70,,1522856,46,,,0,30,,1522851,9,,,0,70,,1522857,46,,,0,30,,1522852,46,,,0
8001,'20261009',625,,1522859,46,,,0,31,,1522860,46,,,0,70,,1522861,46,,,0,30,,1522862,46,,,0,70,,1522863,46,,,0,30,,1522864,46,,,0,70,,1522865,46,,,0,30,,1522866,46,,,0,70,,1522867,46,,,0,30,,1522868,46,,,0,70,,1522869,46,,,0,30,,1522870,46,,,0,70,,1522871,46,,,0,30,,1522872,46,,,0,70,,1522873,46,,,0,30,,1522874,46,,,0,70,,1522875,46,,,0,30,,1522876,46,,,0,70,,1522877,46,,,0,30,,1522878,46,,,0,71,,1522879,46,,,0,30,,1522880,46,,,0,69,,1522881,46,,,0,30,,1522882,46,,,0,70,,1522883,46,,,0,30,,1522884,46,,,0,70,,1522890,46,,,0,30,,1522885,9,,,0,69,,1522891,46,,,0,30,,1522886,9,,,0,70,,1522892,46,,,0,30,,1522887,9,,,0,70,,1522893,46,,,0,30,,1522888,9,,,0,70,,1522894,46,,,0,30,,1522889,46,,,0
8001,'20261010',626,,1550125,46,,,0,30,,1550094,46,,,0,70,,1550112,46,,,0,30,,1550095,46,,,0,70,,1550113,46,,,0,30,,1550096,46,,,0,70,,1550114,46,,,0,30,,1550097,46,,,0,70,,1550115,46,,,0,30,,1550098,46,,,0,70,,1550116,46,,,0,30,,1550099,46,,,0,70,,1550117,46,,,0,30,,1550100,46,,,0,70,,1550118,46,,,0,30,,1550101,46,,,0,70,,1550119,46,,,0,30,,1550102,46,,,0,70,,1550120,46,,,0,30,,1550103,46,,,0,70,,1550121,46,,,0,30,,1550104,46,,,0,70,,1550122,46,,,0,30,,1550105,46,,,0,70,,1550123,46,,,0,30,,1550106,46,,,0,70,,1550124,46,,,0,30,,1550107,46,,,0,70,,1550129,9,,,0,30,,1550108,46,,,0,70,,1550128,9,,,0,30,,1550109,46,,,0,70,,1550127,9,,,0,30,,1550110,46,,,0,70,,1550126,9,,,0,30,,1550111,46,,,0
8001,'20261011',626,,1550161,46,,,0,30,,1550130,46,,,0,70,,1550148,46,,,0,30,,1550131,46,,,0,70,,1550149,46,,,0,30,,1550132,46,,,0,70,,1550150,46,,,0,30,,1550133,46,,,0,70,,1550151,46,,,0,30,,1550134,46,,,0,70,,1550152,46,,,0,30,,1550135,46,,,0,70,,1550153,46,,,0,30,,1550136,46,,,0,70,,1550154,46,,,0,30,,1550137,46,,,0,70,,1550155,46,,,0,30,,1550138,46,,,0,70,,1550156,46,,,0,30,,1550139,46,,,0,70,,1550157,46,,,0,30,,1550140,46,,,0,70,,1550158,46,,,0,30,,1550141,46,,,0,70,,1550159,46,,,0,30,,1550142,46,,,0,70,,1550160,46,,,0,30,,1550143,46,,,0,70,,1550162,9,,,0,30,,1550144,46,,,0,70,,1550163,9,,,0,30,,1550145,46,,,0,70,,1550164,9,,,0,30,,1550146,46,,,0,70,,1550165,9,,,0,30,,1550147,46,,,0
8001,'20261012',626,,1550197,46,,,0,30,,1550166,46,,,0,70,,1550184,46,,,0,30,,1550167,46,,,0,70,,1550185,46,,,0,30,,1550168,46,,,0,70,,1550186,46,,,0,30,,1550169,46,,,0,70,,1550187,46,,,0,30,,1550170,46,,,0,70,,1550188,46,,,0,30,,1550171,46,,,0,70,,1550189,46,,,0,30,,1550172,46,,,0,70,,1550190,46,,,0,30,,1550173,46,,,0,70,,1550191,46,,,0,30,,1550174,46,,,0,70,,1550192,46,,,0,30,,1550175,46,,,0,70,,1550193,46,,,0,30,,1550176,46,,,0,70,,1550194,46,,,0,30,,1550177,46,,,0,70,,1550195,46,,,0,30,,1550178,46,,,0,70,,1550196,46,,,0,30,,1550179,46,,,0,70,,1550198,9,,,0,30,,1550180,46,,,0,70,,1550199,9,,,0,30,,1550181,46,,,0,70,,1550200,9,,,0,30,,1550182,46,,,0,70,,1550201,9,,,0,30,,1550183,46,,,0
8001,'20261013',625,,1576020,46,,,0,31,,1576021,46,,,0,70,,1576022,46,,,0,30,,1576023,46,,,0,70,,1576024,46,,,0,30,,1576025,46,,,0,70,,1576026,46,,,0,30,,1576027,46,,,0,70,,1576028,46,,,0,30,,1576029,46,,,0,70,,1576030,46,,,0,30,,1576031,46,,,0,70,,1576032,46,,,0,30,,1576033,46,,,0,70,,1576034,46,,,0,30,,1576035,46,,,0,70,,1576036,46,,,0,30,,1576037,46,,,0,70,,1576038,46,,,0,30,,1576039,46,,,0,71,,1576040,46,,,0,30,,1576041,46,,,0,69,,1576042,46,,,0,30,,1576043,46,,,0,70,,1576044,46,,,0,30,,1576045,46,,,0,70,,1576051,46,,,0,30,,1576046,9,,,0,69,,1576052,46,,,0,30,,1576047,9,,,0,70,,1576053,46,,,0,30,,1576048,9,,,0,70,,1576054,46,,,0,30,,1576049,9,,,0,70,,1576055,46,,,0,30,,1576050,46,,,0
8001,'20261014',625,,1576057,46,,,0,31,,1576058,46,,,0,70,,1576059,46,,,0,30,,1576060,46,,,0,70,,1576061,46,,,0,30,,1576062,46,,,0,70,,1576063,46,,,0,30,,1576064,46,,,0,70,,1576065,46,,,0,30,,1576066,46,,,0,70,,1576067,46,,,0,30,,1576068,46,,,0,70,,1576069,46,,,0,30,,1576070,46,,,0,70,,1576071,46,,,0,30,,1576072,46,,,0,70,,1576073,46,,,0,30,,1576074,46,,,0,70,,1576075,46,,,0,30,,1576076,46,,,0,71,,1576077,46,,,0,30,,1576078,46,,,0,69,,1576079,46,,,0,30,,1576080,46,,,0,70,,1576081,46,,,0,30,,1576082,46,,,0,70,,1576088,46,,,0,30,,1576083,9,,,0,69,,1576089,46,,,0,30,,1576084,9,,,0,70,,1576090,46,,,0,30,,1576085,9,,,0,70,,1576091,46,,,0,30,,1576086,9,,,0,70,,1576092,46,,,0,30,,1576087,46,,,0
8001,'20261015',625,,1576094,46,,,0,31,,1576095,46,,,0,70,,1576096,46,,,0,30,,1576097,46,,,0,70,,1576098,46,,,0,30,,1576099,46,,,0,70,,1576100,46,,,0,30,,1576101,46,,,0,70,,1576102,46,,,0,30,,1576103,46,,,0,70,,1576104,46,,,0,30,,1576105,46,,,0,70,,1576106,46,,,0,30,,1576107,46,,,0,70,,1576108,46,,,0,30,,1576109,46,,,0,70,,1576110,46,,,0,30,,1576111,46,,,0,70,,1576112,46,,,0,30,,1576113,46,,,0,71,,1576114,46,,,0,30,,1576115,46,,,0,69,,1576116,46,,,0,30,,1576117,46,,,0,70,,1576118,46,,,0,30,,1576119,46,,,0,70,,1576125,46,,,0,30,,1576120,9,,,0,69,,1576126,46,,,0,30,,1576121,9,,,0,70,,1576127,46,,,0,30,,1576122,9,,,0,70,,1576128,46,,,0,30,,1576123,9,,,0,70,,1576129,46,,,0,30,,1576124,46,,,0
8001,'20261016',625,,1576131,46,,,0,31,,1576132,46,,,0,70,,1576133,46,,,0,30,,1576134,46,,,0,70,,1576135,46,,,0,30,,1576136,46,,,0,70,,1576137,46,,,0,30,,1576138,46,,,0,70,,1576139,46,,,0,30,,1576140,46,,,0,70,,1576141,46,,,0,30,,1576142,46,,,0,70,,1576143,46,,,0,30,,1576144,46,,,0,70,,1576145,46,,,0,30,,1576146,46,,,0,70,,1576147,46,,,0,30,,1576148,46,,,0,70,,1576149,46,,,0,30,,1576150,46,,,0,71,,1576151,46,,,0,30,,1576152,46,,,0,69,,1576153,46,,,0,30,,1576154,46,,,0,70,,1576155,46,,,0,30,,1576156,46,,,0,70,,1576162,46,,,0,30,,1576157,9,,,0,69,,1576163,46,,,0,30,,1576158,9,,,0,70,,1576164,46,,,0,30,,1576159,9,,,0,70,,1576165,46,,,0,30,,1576160,9,,,0,70,,1576166,46,,,0,30,,1576161,46,,,0
7008001,'20261002',1618,,1593643,10,,,0
7008001,'20261006',1618,,1540383,10,,,0
7008001,'20261007',1618,,1540384,10,,,0
7008001,'20261008',1618,,1540385,10,,,0
7008001,'20261009',1618,,1540386,10,,,0
7008001,'20261013',1618,,1593644,10,,,0
7008001,'20261014',1618,,1593645,10,,,0
7008001,'20261015',1618,,1593646,10,,,0
7008001,'20261016',1618,,1593647,10,,,0
