100,'20261002',627,,1562000,3,,,1,75,,1562001,3,,,1,22,,1562002,3,,,1,17,,1562003,3,,,1,17,,1562004,3,,,1,71,,1562005,3,,,1,30,,1562006,3,,,1,70,,1562007,3,,,1,30,,1562008,3,,,1,70,,1562009,3,,,1,30,,1562010,3,,,1,70,,1562011,3,,,1,30,,1562012,3,,,1,70,,1562013,3,,,1,30,,1562014,3,,,1,70,,1562015,3,,,1,30,,1562016,3,,,1,69,,1562017,3,,,1,20,,1562018,3,,,1,60,,1562019,3,,,1,20,,1562020,3,,,1,18,,1562021,3,,,1,56,,1562022,3,,,1,16,,1562023,3,,,1,15,,1562024,3,,,1,16,,1562025,3,,,1,57,,1562026,3,,,1,22,,1562027,3,,,1,22,,1562028,3,,,1,70,,1562029,3,,,1,30,,1562030,3,,,1,70,,1562031,3,,,1,30,,1562032,3,,,1,70,,1562033,3,,,1,29,,1562034,3,,,1,70,,1562035,3,,,1,100,,1562036,3,,,1,100,,1562037,3,,,1,100,,1562038,3,,,1
100,'20261003',621,,1562039,3,,,1,100,,1562040,3,,,1,101,,1562041,3,,,1,101,,1562042,3,,,1,100,,1562043,3,,,1,100,,1562044,3,,,1,100,,1562045,3,,,1,30,,1562046,3,,,1,70,,1562047,3,,,1,30,,1562048,3,,,1,70,,1562049,3,,,1,30,,1562050,3,,,1,70,,1562051,3,,,1,30,,1562052,3,,,1,67,,1562053,3,,,1,33,,1562054,3,,,1,70,,1562055,3,,,1,31,,1562056,3,,,1,69,,1562057,3,,,1,100,,1562058,3,,,1,100,,1562059,3,,,1,98,,1562060,3,,,1,100,,1562061,3,,,1,100,,1562062,3,,,1,100,,1562063,3,,,1
100,'20261004',621,,1562064,3,,,1,100,,1562065,3,,,1,101,,1562066,3,,,1,101,,1562067,3,,,1,100,,1562068,3,,,1,100,,1562069,3,,,1,100,,1562070,3,,,1,30,,1562071,3,,,1,70,,1562072,3,,,1,30,,1562073,3,,,1,70,,1562074,3,,,1,30,,1562075,3,,,1,70,,1562076,3,,,1,30,,1562077,3,,,1,67,,1562078,3,,,1,33,,1562079,3,,,1,70,,1562080,3,,,1,31,,1562081,3,,,1,69,,1562082,3,,,1,100,,1562083,3,,,1,100,,1562084,3,,,1,98,,1562085,3,,,1,100,,1562086,3,,,1,100,,1562087,3,,,1,100,,1562088,3,,,1
100,'20261005',627,,1562089,3,,,1,75,,1562090,3,,,1,22,,1562091,3,,,1,17,,1562092,3,,,1,17,,1562093,3,,,1,71,,1562094,3,,,1,30,,1562095,3,,,1,70,,1562096,3,,,1,30,,1562097,3,,,1,70,,1562098,3,,,1,30,,1562099,3,,,1,70,,1562100,3,,,1,30,,1562101,3,,,1,70,,1562102,3,,,1,30,,1562103,3,,,1,70,,1562104,3,,,1,30,,1562105,3,,,1,69,,1562106,3,,,1,20,,1562107,3,,,1,60,,1562108,3,,,1,20,,1562109,3,,,1,18,,1562110,3,,,1,56,,1562111,3,,,1,16,,1562112,3,,,1,15,,1562113,3,,,1,16,,1562114,3,,,1,57,,1562115,3,,,1,22,,1562116,3,,,1,22,,1562117,3,,,1,70,,1562118,3,,,1,30,,1562119,3,,,1,70,,1562120,3,,,1,30,,1562121,3,,,1,70,,1562122,3,,,1,29,,1562123,3,,,1,70,,1562124,3,,,1,100,,1562125,3,,,1,100,,1562126,3,,,1,100,,1562127,3,,,1
100,'20261006',627,,1508882,3,,,1,75,,1508851,3,,,1,22,,1508884,3,,,1,17,,1508852,3,,,1,17,,1508853,3,,,1,71,,1508854,3,,,1,30,,1508855,3,,,1,70,,1508856,3,,,1,30,,1508857,3,,,1,70,,1508858,3,,,1,30,,1508859,3,,,1,70,,1508860,3,,,1,30,,1508861,3,,,1,70,,1508862,3,,,1,30,,1508863,3,,,1,70,,1508864,3,,,1,30,,1508865,3,,,1,69,,1508866,3,,,1,20,,1508867,3,,,1,60,,1508885,3,,,1,20,,1508868,3,,,1,18,,1508886,3,,,1,56,,1508889,3,,,1,16,,1508869,3,,,1,15,,1508887,3,,,1,16,,1508870,3,,,1,57,,1508888,3,,,1,22,,1508871,3,,,1,22,,1508872,3,,,1,70,,1508873,3,,,1,30,,1508874,3,,,1,70,,1508875,3,,,1,30,,1508876,3,,,1,70,,1508877,3,,,1,29,,1508878,3,,,1,70,,1508879,3,,,1,100,,1508880,3,,,1,100,,1508881,3,,,1,100,,1508883,3,,,1
100,'20261007',627,,1508921,3,,,1,75,,1508890,3,,,1,22,,1508923,3,,,1,17,,1508891,3,,,1,17,,1508892,3,,,1,71,,1508893,3,,,1,30,,1508894,3,,,1,70,,1508895,3,,,1,30,,1508896,3,,,1,70,,1508897,3,,,1,30,,1508898,3,,,1,70,,1508899,3,,,1,30,,1508900,3,,,1,70,,1508901,3,,,1,30,,1508902,3,,,1,70,,1508903,3,,,1,30,,1508904,3,,,1,69,,1508905,3,,,1,20,,1508906,3,,,1,60,,1508924,3,,,1,20,,1508907,3,,,1,18,,1508925,3,,,1,56,,1508928,3,,,1,16,,1508908,3,,,1,15,,1508926,3,,,1,16,,1508909,3,,,1,57,,1508927,3,,,1,22,,1508910,3,,,1,22,,1508911,3,,,1,70,,1508912,3,,,1,30,,1508913,3,,,1,70,,1508914,3,,,1,30,,1508915,3,,,1,70,,1508916,3,,,1,29,,1508917,3,,,1,70,,1508918,3,,,1,100,,1508919,3,,,1,100,,1508920,3,,,1,100,,1508922,3,,,1
100,'20261008',627,,1508960,3,,,1,75,,1508929,3,,,1,22,,1508962,3,,,1,17,,1508930,3,,,1,17,,1508931,3,,,1,71,,1508932,3,,,1,30,,1508933,3,,,1,70,,1508934,3,,,1,30,,1508935,3,,,1,70,,1508936,3,,,1,30,,1508937,3,,,1,70,,1508938,3,,,1,30,,1508939,3,,,1,70,,1508940,3,,,1,30,,1508941,3,,,1,70,,1508942,3,,,1,30,,1508943,3,,,1,69,,1508944,3,,,1,20,,1508945,3,,,1,60,,1508963,3,,,1,20,,1508946,3,,,1,18,,1508964,3,,,1,56,,1508967,3,,,1,16,,1508947,3,,,1,15,,1508965,3,,,1,16,,1508948,3,,,1,57,,1508966,3,,,1,22,,1508949,3,,,1,22,,1508950,3,,,1,70,,1508951,3,,,1,30,,1508952,3,,,1,70,,1508953,3,,,1,30,,1508954,3,,,1,70,,1508955,3,,,1,29,,1508956,3,,,1,70,,1508957,3,,,1,100,,1508958,3,,,1,100,,1508959,3,,,1,100,,1508961,3,,,1
100,'20261009',627,,1508999,3,,,1,75,,1508968,3,,,1,22,,1509001,3,,,1,17,,1508969,3,,,1,17,,1508970,3,,,1,71,,1508971,3,,,1,30,,1508972,3,,,1,70,,1508973,3,,,1,30,,1508974,3,,,1,70,,1508975,3,,,1,30,,1508976,3,,,1,70,,1508977,3,,,1,30,,1508978,3,,,1,70,,1508979,3,,,1,30,,1508980,3,,,1,70,,1508981,3,,,1,30,,1508982,3,,,1,69,,1508983,3,,,1,20,,1508984,3,,,1,60,,1509002,3,,,1,20,,1508985,3,,,1,18,,1509003,3,,,1,56,,1509006,3,,,1,16,,1508986,3,,,1,15,,1509004,3,,,1,16,,1508987,3,,,1,57,,1509005,3,,,1,22,,1508988,3,,,1,22,,1508989,3,,,1,70,,1508990,3,,,1,30,,1508991,3,,,1,70,,1508992,3,,,1,30,,1508993,3,,,1,70,,1508994,3,,,1,29,,1508995,3,,,1,70,,1508996,3,,,1,100,,1508997,3,,,1,100,,1508998,3,,,1,100,,1509000,3,,,1
100,'20261010',621,,1540561,3,,,1,100,,1540562,3,,,1,101,,1540563,3,,,1,101,,1540564,3,,,1,100,,1540565,3,,,1,100,,1540566,3,,,1,100,,1540567,3,,,1,30,,1540568,3,,,1,70,,1540569,3,,,1,30,,1540570,3,,,1,70,,1540571,3,,,1,30,,1540572,3,,,1,70,,1540573,3,,,1,30,,1540574,3,,,1,67,,1540575,3,,,1,33,,1540576,3,,,1,70,,1540577,3,,,1,31,,1540578,3,,,1,69,,1540579,3,,,1,100,,1540580,3,,,1,100,,1540581,3,,,1,98,,1540582,3,,,1,100,,1540583,3,,,1,100,,1540560,3,,,1,100,,1540584,3,,,1
100,'20261011',621,,1540585,3,,,1,100,,1540586,3,,,1,101,,1540587,3,,,1,101,,1540588,3,,,1,100,,1540589,3,,,1,100,,1540590,3,,,1,100,,1540591,3,,,1,30,,1540592,3,,,1,70,,1540593,3,,,1,30,,1540594,3,,,1,70,,1540595,3,,,1,30,,1540596,3,,,1,70,,1540597,3,,,1,30,,1540598,3,,,1,67,,1540599,3,,,1,33,,1540600,3,,,1,70,,1540601,3,,,1,31,,1540602,3,,,1,69,,1540603,3,,,1,100,,1540604,3,,,1,100,,1540605,3,,,1,98,,1540606,3,,,1,100,,1540607,3,,,1,100,,1540608,3,,,1,100,,1540609,3,,,1
100,'20261012',621,,1540610,3,,,1,100,,1540611,3,,,1,101,,1540612,3,,,1,101,,1540613,3,,,1,100,,1540614,3,,,1,100,,1540615,3,,,1,100,,1540616,3,,,1,30,,1540617,3,,,1,70,,1540618,3,,,1,30,,1540619,3,,,1,70,,1540620,3,,,1,30,,1540621,3,,,1,70,,1540622,3,,,1,30,,1540623,3,,,1,67,,1540624,3,,,1,33,,1540625,3,,,1,70,,1540626,3,,,1,31,,1540627,3,,,1,69,,1540628,3,,,1,100,,1540629,3,,,1,100,,1540630,3,,,1,98,,1540631,3,,,1,100,,1540632,3,,,1,100,,1540633,3,,,1,100,,1540634,3,,,1
100,'20261013',627,,1562159,3,,,1,75,,1562128,3,,,1,22,,1562161,3,,,1,17,,1562129,3,,,1,17,,1562130,3,,,1,71,,1562131,3,,,1,30,,1562132,3,,,1,70,,1562133,3,,,1,30,,1562134,3,,,1,70,,1562135,3,,,1,30,,1562136,3,,,1,70,,1562137,3,,,1,30,,1562138,3,,,1,70,,1562139,3,,,1,30,,1562140,3,,,1,70,,1562141,3,,,1,30,,1562142,3,,,1,69,,1562143,3,,,1,20,,1562144,3,,,1,60,,1562162,3,,,1,20,,1562145,3,,,1,18,,1562163,3,,,1,56,,1562166,3,,,1,16,,1562146,3,,,1,15,,1562164,3,,,1,16,,1562147,3,,,1,57,,1562165,3,,,1,22,,1562148,3,,,1,22,,1562149,3,,,1,70,,1562150,3,,,1,30,,1562151,3,,,1,70,,1562152,3,,,1,30,,1562153,3,,,1,70,,1562154,3,,,1,29,,1562155,3,,,1,70,,1562156,3,,,1,100,,1562157,3,,,1,100,,1562158,3,,,1,100,,1562160,3,,,1
100,'20261014',627,,1562198,3,,,1,75,,1562167,3,,,1,22,,1562200,3,,,1,17,,1562168,3,,,1,17,,1562169,3,,,1,71,,1562170,3,,,1,30,,1562171,3,,,1,70,,1562172,3,,,1,30,,1562173,3,,,1,70,,1562174,3,,,1,30,,1562175,3,,,1,70,,1562176,3,,,1,30,,1562177,3,,,1,70,,1562178,3,,,1,30,,1562179,3,,,1,70,,1562180,3,,,1,30,,1562181,3,,,1,69,,1562182,3,,,1,20,,1562183,3,,,1,60,,1562201,3,,,1,20,,1562184,3,,,1,18,,1562202,3,,,1,56,,1562205,3,,,1,16,,1562185,3,,,1,15,,1562203,3,,,1,16,,1562186,3,,,1,57,,1562204,3,,,1,22,,1562187,3,,,1,22,,1562188,3,,,1,70,,1562189,3,,,1,30,,1562190,3,,,1,70,,1562191,3,,,1,30,,1562192,3,,,1,70,,1562193,3,,,1,29,,1562194,3,,,1,70,,1562195,3,,,1,100,,1562196,3,,,1,100,,1562197,3,,,1,100,,1562199,3,,,1
100,'20261015',627,,1562237,3,,,1,75,,1562206,3,,,1,22,,1562239,3,,,1,17,,1562207,3,,,1,17,,1562208,3,,,1,71,,1562209,3,,,1,30,,1562210,3,,,1,70,,1562211,3,,,1,30,,1562212,3,,,1,70,,1562213,3,,,1,30,,1562214,3,,,1,70,,1562215,3,,,1,30,,1562216,3,,,1,70,,1562217,3,,,1,30,,1562218,3,,,1,70,,1562219,3,,,1,30,,1562220,3,,,1,69,,1562221,3,,,1,20,,1562222,3,,,1,60,,1562240,3,,,1,20,,1562223,3,,,1,18,,1562241,3,,,1,56,,1562244,3,,,1,16,,1562224,3,,,1,15,,1562242,3,,,1,16,,1562225,3,,,1,57,,1562243,3,,,1,22,,1562226,3,,,1,22,,1562227,3,,,1,70,,1562228,3,,,1,30,,1562229,3,,,1,70,,1562230,3,,,1,30,,1562231,3,,,1,70,,1562232,3,,,1,29,,1562233,3,,,1,70,,1562234,3,,,1,100,,1562235,3,,,1,100,,1562236,3,,,1,100,,1562238,3,,,1
100,'20261016',627,,1562276,3,,,1,75,,1562245,3,,,1,22,,1562278,3,,,1,17,,1562246,3,,,1,17,,1562247,3,,,1,71,,1562248,3,,,1,30,,1562249,3,,,1,70,,1562250,3,,,1,30,,1562251,3,,,1,70,,1562252,3,,,1,30,,1562253,3,,,1,70,,1562254,3,,,1,30,,1562255,3,,,1,70,,1562256,3,,,1,30,,1562257,3,,,1,70,,1562258,3,,,1,30,,1562259,3,,,1,69,,1562260,3,,,1,20,,1562261,3,,,1,60,,1562279,3,,,1,20,,1562262,3,,,1,18,,1562280,3,,,1,56,,1562283,3,,,1,16,,1562263,3,,,1,15,,1562281,3,,,1,16,,1562264,3,,,1,57,,1562282,3,,,1,22,,1562265,3,,,1,22,,1562266,3,,,1,70,,1562267,3,,,1,30,,1562268,3,,,1,70,,1562269,3,,,1,30,,1562270,3,,,1,70,,1562271,3,,,1,29,,1562272,3,,,1,70,,1562273,3,,,1,100,,1562274,3,,,1,100,,1562275,3,,,1,100,,1562277,3,,,1
