28401,'20261009',646,,1612749,55,,,0,66,,1612750,55,,,0,23,,1612751,55,,,0,17,,1612752,55,,,0,65,,1612753,55,,,0
28401,'20261013',646,,1581000,55,,,0,66,,1580997,55,,,0,23,,1581001,55,,,0,17,,1580998,55,,,0,65,,1580999,55,,,0
28401,'20261014',646,,1581005,55,,,0,66,,1581002,55,,,0,23,,1581006,55,,,0,17,,1581003,55,,,0,65,,1581004,55,,,0
28401,'20261015',646,,1581010,55,,,0,66,,1581007,55,,,0,23,,1581011,55,,,0,17,,1581008,55,,,0,65,,1581009,55,,,0
28401,'20261016',646,,1581015,55,,,0,66,,1581012,55,,,0,23,,1581016,55,,,0,17,,1581013,55,,,0,65,,1581014,55,,,0
28401,'20261019',646,,1612757,55,,,0,66,,1612754,55,,,0,23,,1612758,55,,,0,17,,1612755,55,,,0,65,,1612756,55,,,0
28401,'20261020',646,,1612762,55,,,0,66,,1612759,55,,,0,23,,1612763,55,,,0,17,,1612760,55,,,0,65,,1612761,55,,,0
28401,'20261021',646,,1638354,55,,,0,66,,1638351,55,,,0,23,,1638355,55,,,0,17,,1638352,55,,,0,65,,1638353,55,,,0
28401,'20261022',646,,1638359,55,,,0,66,,1638356,55,,,0,23,,1638360,55,,,0,17,,1638357,55,,,0,65,,1638358,55,,,0
28401,'20261023',646,,1638364,55,,,0,66,,1638361,55,,,0,23,,1638365,55,,,0,17,,1638362,55,,,0,65,,1638363,55,,,0
