8101,'20261009',619,,1608139,14,,,0,29,,1608140,14,,,0,66,,1608141,14,,,0,28,,1608142,14,,,0,76,,1608143,14,,,0,32,,1608144,14,,,0,70,,1608145,14,,,0,100,,1608146,14,,,0,100,,1608147,14,,,0,100,,1608148,14,,,0,100,,1608149,14,,,0,99,,1608150,14,,,0,98,,1608151,14,,,0,28,,1608152,14,,,0,70,,1608153,14,,,0,31,,1608154,14,,,0,71,,1608155,14,,,0,103,,1608156,14,,,0,101,,1608157,14,,,0,100,,1608158,14,,,0,102,,1608159,14,,,0,100,,1608160,14,,,0,100,,1608161,14,,,0
8101,'20261010',623,,1635405,14,,,0,99,,1635406,14,,,0,100,,1635407,14,,,0,100,,1635408,14,,,0,100,,1635409,14,,,0,99,,1635410,14,,,0,100,,1635411,14,,,0,99,,1635412,14,,,0,100,,1635413,14,,,0,100,,1635414,14,,,0,100,,1635415,14,,,0,102,,1635416,14,,,0,100,,1635417,14,,,0,100,,1635418,14,,,0,100,,1635419,14,,,0,100,,1635420,14,,,0,101,,1635421,14,,,0,100,,1635422,14,,,0
8101,'20261011',623,,1635423,14,,,0,99,,1635424,14,,,0,100,,1635425,14,,,0,100,,1635426,14,,,0,100,,1635427,14,,,0,99,,1635428,14,,,0,100,,1635429,14,,,0,99,,1635430,14,,,0,100,,1635431,14,,,0,100,,1635432,14,,,0,100,,1635433,14,,,0,102,,1635434,14,,,0,100,,1635435,14,,,0,100,,1635436,14,,,0,100,,1635437,14,,,0,100,,1635438,14,,,0,101,,1635439,14,,,0,100,,1635440,14,,,0
8101,'20261012',623,,1635441,14,,,0,99,,1635442,14,,,0,100,,1635443,14,,,0,100,,1635444,14,,,0,100,,1635445,14,,,0,99,,1635446,14,,,0,100,,1635447,14,,,0,99,,1635448,14,,,0,100,,1635449,14,,,0,100,,1635450,14,,,0,100,,1635451,14,,,0,102,,1635452,14,,,0,100,,1635453,14,,,0,100,,1635454,14,,,0,100,,1635455,14,,,0,100,,1635456,14,,,0,101,,1635457,14,,,0,100,,1635458,14,,,0
8101,'20261013',619,,1576420,14,,,0,29,,1576421,14,,,0,66,,1576422,14,,,0,28,,1576423,14,,,0,76,,1576424,14,,,0,32,,1576425,14,,,0,70,,1576426,14,,,0,100,,1576427,14,,,0,100,,1576428,14,,,0,100,,1576429,14,,,0,100,,1576430,14,,,0,99,,1576431,14,,,0,98,,1576432,14,,,0,28,,1576433,14,,,0,70,,1576434,14,,,0,31,,1576435,14,,,0,71,,1576436,14,,,0,103,,1576437,14,,,0,101,,1576438,14,,,0,100,,1576439,14,,,0,102,,1576440,14,,,0,100,,1576441,14,,,0,100,,1576442,14,,,0
8101,'20261014',619,,1576443,14,,,0,29,,1576444,14,,,0,66,,1576445,14,,,0,28,,1576446,14,,,0,76,,1576447,14,,,0,32,,1576448,14,,,0,70,,1576449,14,,,0,100,,1576450,14,,,0,100,,1576451,14,,,0,100,,1576452,14,,,0,100,,1576453,14,,,0,99,,1576454,14,,,0,98,,1576455,14,,,0,28,,1576456,14,,,0,70,,1576457,14,,,0,31,,1576458,14,,,0,71,,1576459,14,,,0,103,,1576460,14,,,0,101,,1576461,14,,,0,100,,1576462,14,,,0,102,,1576463,14,,,0,100,,1576464,14,,,0,100,,1576465,14,,,0
8101,'20261015',619,,1576466,14,,,0,29,,1576467,14,,,0,66,,1576468,14,,,0,28,,1576469,14,,,0,76,,1576470,14,,,0,32,,1576471,14,,,0,70,,1576472,14,,,0,100,,1576473,14,,,0,100,,1576474,14,,,0,100,,1576475,14,,,0,100,,1576476,14,,,0,99,,1576477,14,,,0,98,,1576478,14,,,0,28,,1576479,14,,,0,70,,1576480,14,,,0,31,,1576481,14,,,0,71,,1576482,14,,,0,103,,1576483,14,,,0,101,,1576484,14,,,0,100,,1576485,14,,,0,102,,1576486,14,,,0,100,,1576487,14,,,0,100,,1576488,14,,,0
8101,'20261016',619,,1576489,14,,,0,29,,1576490,14,,,0,66,,1576491,14,,,0,28,,1576492,14,,,0,76,,1576493,14,,,0,32,,1576494,14,,,0,70,,1576495,14,,,0,100,,1576496,14,,,0,100,,1576497,14,,,0,100,,1576498,14,,,0,100,,1576499,14,,,0,99,,1576500,14,,,0,98,,1576501,14,,,0,28,,1576502,14,,,0,70,,1576503,14,,,0,31,,1576504,14,,,0,71,,1576505,14,,,0,103,,1576506,14,,,0,101,,1576507,14,,,0,100,,1576508,14,,,0,102,,1576509,14,,,0,100,,1576510,14,,,0,100,,1576511,14,,,0
8101,'20261017',623,,1608162,14,,,0,99,,1608163,14,,,0,100,,1608164,14,,,0,100,,1608165,14,,,0,100,,1608166,14,,,0,99,,1608167,14,,,0,100,,1608168,14,,,0,99,,1608169,14,,,0,100,,1608170,14,,,0,100,,1608171,14,,,0,100,,1608172,14,,,0,102,,1608173,14,,,0,100,,1608174,14,,,0,100,,1608175,14,,,0,100,,1608176,14,,,0,100,,1608177,14,,,0,101,,1608178,14,,,0,100,,1608179,14,,,0
8101,'20261018',623,,1608180,14,,,0,99,,1608181,14,,,0,100,,1608182,14,,,0,100,,1608183,14,,,0,100,,1608184,14,,,0,99,,1608185,14,,,0,100,,1608186,14,,,0,99,,1608187,14,,,0,100,,1608188,14,,,0,100,,1608189,14,,,0,100,,1608190,14,,,0,102,,1608191,14,,,0,100,,1608192,14,,,0,100,,1608193,14,,,0,100,,1608194,14,,,0,100,,1608195,14,,,0,101,,1608196,14,,,0,100,,1608197,14,,,0
8101,'20261019',619,,1608198,14,,,0,29,,1608199,14,,,0,66,,1608200,14,,,0,28,,1608201,14,,,0,76,,1608202,14,,,0,32,,1608203,14,,,0,70,,1608204,14,,,0,100,,1608205,14,,,0,100,,1608206,14,,,0,100,,1608207,14,,,0,100,,1608208,14,,,0,99,,1608209,14,,,0,98,,1608210,14,,,0,28,,1608211,14,,,0,70,,1608212,14,,,0,31,,1608213,14,,,0,71,,1608214,14,,,0,103,,1608215,14,,,0,101,,1608216,14,,,0,100,,1608217,14,,,0,102,,1608218,14,,,0,100,,1608219,14,,,0,100,,1608220,14,,,0
8101,'20261020',619,,1608221,14,,,0,29,,1608222,14,,,0,66,,1608223,14,,,0,28,,1608224,14,,,0,76,,1608225,14,,,0,32,,1608226,14,,,0,70,,1608227,14,,,0,100,,1608228,14,,,0,100,,1608229,14,,,0,100,,1608230,14,,,0,100,,1608231,14,,,0,99,,1608232,14,,,0,98,,1608233,14,,,0,28,,1608234,14,,,0,70,,1608235,14,,,0,31,,1608236,14,,,0,71,,1608237,14,,,0,103,,1608238,14,,,0,101,,1608239,14,,,0,100,,1608240,14,,,0,102,,1608241,14,,,0,100,,1608242,14,,,0,100,,1608243,14,,,0
8101,'20261021',619,,1635459,14,,,0,29,,1635460,14,,,0,66,,1635461,14,,,0,28,,1635462,14,,,0,76,,1635463,14,,,0,32,,1635464,14,,,0,70,,1635465,14,,,0,100,,1635466,14,,,0,100,,1635467,14,,,0,100,,1635468,14,,,0,100,,1635469,14,,,0,99,,1635470,14,,,0,98,,1635471,14,,,0,28,,1635472,14,,,0,70,,1635473,14,,,0,31,,1635474,14,,,0,71,,1635475,14,,,0,103,,1635476,14,,,0,101,,1635477,14,,,0,100,,1635478,14,,,0,102,,1635479,14,,,0,100,,1635480,14,,,0,100,,1635481,14,,,0
8101,'20261022',619,,1635482,14,,,0,29,,1635483,14,,,0,66,,1635484,14,,,0,28,,1635485,14,,,0,76,,1635486,14,,,0,32,,1635487,14,,,0,70,,1635488,14,,,0,100,,1635489,14,,,0,100,,1635490,14,,,0,100,,1635491,14,,,0,100,,1635492,14,,,0,99,,1635493,14,,,0,98,,1635494,14,,,0,28,,1635495,14,,,0,70,,1635496,14,,,0,31,,1635497,14,,,0,71,,1635498,14,,,0,103,,1635499,14,,,0,101,,1635500,14,,,0,100,,1635501,14,,,0,102,,1635502,14,,,0,100,,1635503,14,,,0,100,,1635504,14,,,0
8101,'20261023',619,,1635505,14,,,0,29,,1635506,14,,,0,66,,1635507,14,,,0,28,,1635508,14,,,0,76,,1635509,14,,,0,32,,1635510,14,,,0,70,,1635511,14,,,0,100,,1635512,14,,,0,100,,1635513,14,,,0,100,,1635514,14,,,0,100,,1635515,14,,,0,99,,1635516,14,,,0,98,,1635517,14,,,0,28,,1635518,14,,,0,70,,1635519,14,,,0,31,,1635520,14,,,0,71,,1635521,14,,,0,103,,1635522,14,,,0,101,,1635523,14,,,0,100,,1635524,14,,,0,102,,1635525,14,,,0,100,,1635526,14,,,0,100,,1635527,14,,,0
38200,'20261009',1255,,1613756,41,4,,0,452,,1613757,41,4,,0,95,,1613758,41,4,,0,56,,1613759,41,4,,0
38200,'20261013',1255,,1581991,41,4,,0,452,,1581992,41,4,,0,95,,1581993,41,4,,0,56,,1581994,41,4,,0
38200,'20261014',1255,,1581995,41,4,,0,452,,1581996,41,4,,0,95,,1581997,41,4,,0,56,,1581998,41,4,,0
38200,'20261015',1255,,1581999,41,4,,0,452,,1582000,41,4,,0,95,,1582001,41,4,,0,56,,1582002,41,4,,0
38200,'20261016',1255,,1582003,41,4,,0,452,,1582004,41,4,,0,95,,1582005,41,4,,0,56,,1582006,41,4,,0
38200,'20261019',1255,,1613760,41,4,,0,452,,1613761,41,4,,0,95,,1613762,41,4,,0,56,,1613763,41,4,,0
38200,'20261020',1255,,1613764,41,4,,0,452,,1613765,41,4,,0,95,,1613766,41,4,,0,56,,1613767,41,4,,0
38200,'20261021',1255,,1638846,41,4,,0,452,,1638847,41,4,,0,95,,1638848,41,4,,0,56,,1638849,41,4,,0
38200,'20261022',1255,,1638850,41,4,,0,452,,1638851,41,4,,0,95,,1638852,41,4,,0,56,,1638853,41,4,,0
38200,'20261023',1255,,1638854,41,4,,0,452,,1638855,41,4,,0,95,,1638856,41,4,,0,56,,1638857,41,4,,0
58200,'20261009',1626,,1614475,39,4,,0,23,,1614476,39,4,,0,66,,1614477,39,4,,0,33,,1614478,39,4,,0,68,,1614479,39,4,,0
58200,'20261013',1626,,1582715,39,4,,0,23,,1582716,39,4,,0,66,,1582713,39,4,,0,33,,1582714,39,4,,0,68,,1582712,39,4,,0
58200,'20261014',1626,,1582720,39,4,,0,23,,1582721,39,4,,0,66,,1582718,39,4,,0,33,,1582719,39,4,,0,68,,1582717,39,4,,0
58200,'20261015',1626,,1582725,39,4,,0,23,,1582726,39,4,,0,66,,1582723,39,4,,0,33,,1582724,39,4,,0,68,,1582722,39,4,,0
58200,'20261016',1626,,1582730,39,4,,0,23,,1582731,39,4,,0,66,,1582728,39,4,,0,33,,1582729,39,4,,0,68,,1582727,39,4,,0
58200,'20261019',1626,,1614483,39,4,,0,23,,1614484,39,4,,0,66,,1614481,39,4,,0,33,,1614482,39,4,,0,68,,1614480,39,4,,0
58200,'20261020',1626,,1614488,39,4,,0,23,,1614489,39,4,,0,66,,1614486,39,4,,0,33,,1614487,39,4,,0,68,,1614485,39,4,,0
58200,'20261021',1626,,1639211,39,4,,0,23,,1639212,39,4,,0,66,,1639209,39,4,,0,33,,1639210,39,4,,0,68,,1639208,39,4,,0
58200,'20261022',1626,,1639216,39,4,,0,23,,1639217,39,4,,0,66,,1639214,39,4,,0,33,,1639215,39,4,,0,68,,1639213,39,4,,0
58200,'20261023',1626,,1639221,39,4,,0,23,,1639222,39,4,,0,66,,1639219,39,4,,0,33,,1639220,39,4,,0,68,,1639218,39,4,,0
