3401,'20260730',628,,1019646,17,,,0,73,,1019647,17,,,0,36,,1019648,17,,,0,73,,1019649,17,,,0,30,,1019650,17,,,0,213,,1019651,17,,,0,200,,1019652,17,,,0,200,,1019653,17,,,0,206,,1019654,17,,,0,68,,1019655,17,,,0,30,,1019656,17,,,0,72,,1019657,17,,,0,30,,1019658,17,,,0,93,,1019659,17,,,0,198,,1019660,17,,,0,200,,1019661,17,,,0
3401,'20260731',628,,1051475,17,,,0,73,,1051476,17,,,0,36,,1051477,17,,,0,73,,1051478,17,,,0,30,,1051479,17,,,0,213,,1051480,17,,,0,200,,1051481,17,,,0,200,,1051482,17,,,0,206,,1051483,17,,,0,68,,1051484,17,,,0,30,,1051485,17,,,0,72,,1051486,17,,,0,30,,1051487,17,,,0,93,,1051488,17,,,0,198,,1051489,17,,,0,200,,1051490,17,,,0
3401,'20260801',702,,1068950,17,,,0,200,,1068951,17,,,0,200,,1068952,17,,,0,200,,1068953,17,,,0,200,,1068954,17,,,0,200,,1068955,17,,,0,200,,1068956,17,,,0,200,,1068957,17,,,0,200,,1068958,17,,,0
3401,'20260802',702,,1068959,17,,,0,200,,1068960,17,,,0,200,,1068961,17,,,0,200,,1068962,17,,,0,200,,1068963,17,,,0,200,,1068964,17,,,0,200,,1068965,17,,,0,200,,1068966,17,,,0,200,,1068967,17,,,0
3401,'20260803',628,,1068968,17,,,0,73,,1068969,17,,,0,36,,1068970,17,,,0,73,,1068971,17,,,0,30,,1068972,17,,,0,213,,1068973,17,,,0,200,,1068974,17,,,0,200,,1068975,17,,,0,206,,1068976,17,,,0,68,,1068977,17,,,0,30,,1068978,17,,,0,72,,1068979,17,,,0,30,,1068980,17,,,0,93,,1068981,17,,,0,198,,1068982,17,,,0,200,,1068983,17,,,0
3401,'20260804',628,,1068984,17,,,0,73,,1068985,17,,,0,36,,1068986,17,,,0,73,,1068987,17,,,0,30,,1068988,17,,,0,213,,1068989,17,,,0,200,,1068990,17,,,0,200,,1068991,17,,,0,206,,1068992,17,,,0,68,,1068993,17,,,0,30,,1068994,17,,,0,72,,1068995,17,,,0,30,,1068996,17,,,0,93,,1068997,17,,,0,198,,1068998,17,,,0,200,,1068999,17,,,0
3401,'20260805',628,,1019685,17,,,0,73,,1019678,17,,,0,36,,1019679,17,,,0,73,,1019680,17,,,0,30,,1019693,17,,,0,213,,1019686,17,,,0,200,,1019681,17,,,0,200,,1019687,17,,,0,206,,1019691,17,,,0,68,,1019684,17,,,0,30,,1019682,17,,,0,72,,1019683,17,,,0,30,,1019692,17,,,0,93,,1019688,17,,,0,198,,1019689,17,,,0,200,,1019690,17,,,0
3401,'20260806',628,,1019701,17,,,0,73,,1019694,17,,,0,36,,1019695,17,,,0,73,,1019696,17,,,0,30,,1019709,17,,,0,213,,1019702,17,,,0,200,,1019697,17,,,0,200,,1019703,17,,,0,206,,1019707,17,,,0,68,,1019700,17,,,0,30,,1019698,17,,,0,72,,1019699,17,,,0,30,,1019708,17,,,0,93,,1019704,17,,,0,198,,1019705,17,,,0,200,,1019706,17,,,0
3401,'20260807',628,,1019717,17,,,0,73,,1019710,17,,,0,36,,1019711,17,,,0,73,,1019712,17,,,0,30,,1019725,17,,,0,213,,1019718,17,,,0,200,,1019713,17,,,0,200,,1019719,17,,,0,206,,1019723,17,,,0,68,,1019716,17,,,0,30,,1019714,17,,,0,72,,1019715,17,,,0,30,,1019724,17,,,0,93,,1019720,17,,,0,198,,1019721,17,,,0,200,,1019722,17,,,0
3401,'20260808',702,,1051491,17,,,0,200,,1051494,17,,,0,200,,1051492,17,,,0,200,,1051496,17,,,0,200,,1051493,17,,,0,200,,1051497,17,,,0,200,,1051498,17,,,0,200,,1051499,17,,,0,200,,1051495,17,,,0
3401,'20260809',702,,1051500,17,,,0,200,,1051501,17,,,0,200,,1051502,17,,,0,200,,1051503,17,,,0,200,,1051504,17,,,0,200,,1051505,17,,,0,200,,1051506,17,,,0,200,,1051507,17,,,0,200,,1051508,17,,,0
3401,'20260810',628,,1051516,17,,,0,73,,1051509,17,,,0,36,,1051510,17,,,0,73,,1051511,17,,,0,30,,1051524,17,,,0,213,,1051517,17,,,0,200,,1051512,17,,,0,200,,1051518,17,,,0,206,,1051522,17,,,0,68,,1051515,17,,,0,30,,1051513,17,,,0,72,,1051514,17,,,0,30,,1051523,17,,,0,93,,1051519,17,,,0,198,,1051520,17,,,0,200,,1051521,17,,,0
3401,'20260811',628,,1051532,17,,,0,73,,1051525,17,,,0,36,,1051526,17,,,0,73,,1051527,17,,,0,30,,1051540,17,,,0,213,,1051533,17,,,0,200,,1051528,17,,,0,200,,1051534,17,,,0,206,,1051538,17,,,0,68,,1051531,17,,,0,30,,1051529,17,,,0,72,,1051530,17,,,0,30,,1051539,17,,,0,93,,1051535,17,,,0,198,,1051536,17,,,0,200,,1051537,17,,,0
3401,'20260812',628,,1069007,17,,,0,73,,1069000,17,,,0,36,,1069001,17,,,0,73,,1069002,17,,,0,30,,1069015,17,,,0,213,,1069008,17,,,0,200,,1069003,17,,,0,200,,1069009,17,,,0,206,,1069013,17,,,0,68,,1069006,17,,,0,30,,1069004,17,,,0,72,,1069005,17,,,0,30,,1069014,17,,,0,93,,1069010,17,,,0,198,,1069011,17,,,0,200,,1069012,17,,,0
3401,'20260813',628,,1069023,17,,,0,73,,1069016,17,,,0,36,,1069017,17,,,0,73,,1069018,17,,,0,30,,1069031,17,,,0,213,,1069024,17,,,0,200,,1069019,17,,,0,200,,1069025,17,,,0,206,,1069029,17,,,0,68,,1069022,17,,,0,30,,1069020,17,,,0,72,,1069021,17,,,0,30,,1069030,17,,,0,93,,1069026,17,,,0,198,,1069027,17,,,0,200,,1069028,17,,,0
