9301,'20261002',553,,1578691,21,0,31 10 1 32 13,0,50,,1578679,21,0,36 13,0,48,,1578692,21,0,31 10 1 32 13,0,55,,1578693,21,0,31 10 1 32 13,0,15,,1578694,21,0,31 10 1 32 13,0,13,,1578680,21,0,36 13,0,20,,1578695,21,0,31 10 1 32 13,0,69,,1578696,21,0,31 10 1 32 13,0,31,,1578697,21,0,31 10 1 32 13,0,50,,1578681,21,0,36 13,0,22,,1578698,21,0,31 10 1 32 13,0,99,,1578699,21,0,31 10 1 32 13,0,9,,1578682,21,0,36 13,0,89,,1578700,21,0,31 10 1 32 13,0,81,,1578683,21,0,36 13,0,19,,1578701,21,0,31 10 1 32 13,0,100,,1578702,21,0,31 10 1 32 13,0,11,,1578684,21,0,36 13,0,88,,1578703,21,0,31 10 1 32 13,0,82,,1578685,21,0,36 13,0,13,,1578704,21,0,31 10 1 32 13,0,24,,1578705,21,0,31 10 1 32 13,0,69,,1578706,21,0,31 10 1 32 13,0,24,,1578686,21,0,36 13,0,13,,1578707,21,0,31 10 1 32 13,0,77,,1578708,21,0,31 10 1 32 13,0,80,,1578687,21,0,36 13,0,19,,1578709,21,0,31 10 1 32 13,0,101,,1578710,21,0,31 10 1 32 13,0,10,,1578688,21,0,36 13,0,90,,1578711,21,0,31 10 1 32 13,0,79,,1578689,21,0,36 13,0,21,,1578712,21,0,31 10 1 32 13,0,100,,1578713,21,0,31 10 1 32 13,0
9301,'20261003',603,,1578714,21,0,36 13,0,20,,1578725,21,0,31 10 1 32 13,0,99,,1578726,21,0,31 10 1 32 13,0,12,,1578715,21,0,36 13,0,88,,1578727,21,0,31 10 1 32 13,0,82,,1578716,21,0,36 13,0,18,,1578728,21,0,31 10 1 32 13,0,100,,1578729,21,0,31 10 1 32 13,0,12,,1578717,21,0,36 13,0,88,,1578730,21,0,31 10 1 32 13,0,82,,1578718,21,0,36 13,0,18,,1578731,21,0,31 10 1 32 13,0,100,,1578732,21,0,31 10 1 32 13,0,12,,1578719,21,0,36 13,0,88,,1578733,21,0,31 10 1 32 13,0,82,,1578720,21,0,36 13,0,18,,1578734,21,0,31 10 1 32 13,0,100,,1578735,21,0,31 10 1 32 13,0,12,,1578721,21,0,36 13,0,89,,1578736,21,0,31 10 1 32 13,0,81,,1578722,21,0,36 13,0,19,,1578737,21,0,31 10 1 32 13,0,99,,1578738,21,0,31 10 1 32 13,0,12,,1578723,21,0,36 13,0,88,,1578739,21,0,31 10 1 32 13,0,81,,1578724,21,0,36 13,0,119,,1578740,21,0,31 10 1 32 13,0
9301,'20261004',603,,1578741,21,0,36 13,0,20,,1578752,21,0,31 10 1 32 13,0,99,,1578753,21,0,31 10 1 32 13,0,12,,1578742,21,0,36 13,0,88,,1578754,21,0,31 10 1 32 13,0,82,,1578743,21,0,36 13,0,18,,1578755,21,0,31 10 1 32 13,0,100,,1578756,21,0,31 10 1 32 13,0,12,,1578744,21,0,36 13,0,88,,1578757,21,0,31 10 1 32 13,0,82,,1578745,21,0,36 13,0,18,,1578758,21,0,31 10 1 32 13,0,100,,1578759,21,0,31 10 1 32 13,0,12,,1578746,21,0,36 13,0,88,,1578760,21,0,31 10 1 32 13,0,82,,1578747,21,0,36 13,0,18,,1578761,21,0,31 10 1 32 13,0,100,,1578762,21,0,31 10 1 32 13,0,12,,1578748,21,0,36 13,0,89,,1578763,21,0,31 10 1 32 13,0,81,,1578749,21,0,36 13,0,19,,1578764,21,0,31 10 1 32 13,0,99,,1578765,21,0,31 10 1 32 13,0,12,,1578750,21,0,36 13,0,88,,1578766,21,0,31 10 1 32 13,0,81,,1578751,21,0,36 13,0,119,,1578767,21,0,31 10 1 32 13,0
9301,'20261005',553,,1578780,21,0,31 10 1 32 13,0,50,,1578768,21,0,36 13,0,48,,1578781,21,0,31 10 1 32 13,0,55,,1578782,21,0,31 10 1 32 13,0,15,,1578783,21,0,31 10 1 32 13,0,13,,1578769,21,0,36 13,0,20,,1578784,21,0,31 10 1 32 13,0,69,,1578785,21,0,31 10 1 32 13,0,31,,1578786,21,0,31 10 1 32 13,0,50,,1578770,21,0,36 13,0,22,,1578787,21,0,31 10 1 32 13,0,99,,1578788,21,0,31 10 1 32 13,0,9,,1578771,21,0,36 13,0,89,,1578789,21,0,31 10 1 32 13,0,81,,1578772,21,0,36 13,0,19,,1578790,21,0,31 10 1 32 13,0,100,,1578791,21,0,31 10 1 32 13,0,11,,1578773,21,0,36 13,0,88,,1578792,21,0,31 10 1 32 13,0,82,,1578774,21,0,36 13,0,13,,1578793,21,0,31 10 1 32 13,0,24,,1578794,21,0,31 10 1 32 13,0,69,,1578795,21,0,31 10 1 32 13,0,24,,1578775,21,0,36 13,0,13,,1578796,21,0,31 10 1 32 13,0,77,,1578797,21,0,31 10 1 32 13,0,80,,1578776,21,0,36 13,0,19,,1578798,21,0,31 10 1 32 13,0,101,,1578799,21,0,31 10 1 32 13,0,10,,1578777,21,0,36 13,0,90,,1578800,21,0,31 10 1 32 13,0,79,,1578778,21,0,36 13,0,21,,1578801,21,0,31 10 1 32 13,0,100,,1578802,21,0,31 10 1 32 13,0
9301,'20261006',553,,1525546,21,0,31 10 1 32 13,0,50,,1525554,21,0,36 13,0,48,,1525531,21,0,31 10 1 32 13,0,55,,1525553,21,0,31 10 1 32 13,0,15,,1525532,21,0,31 10 1 32 13,0,13,,1525555,21,0,36 13,0,20,,1525533,21,0,31 10 1 32 13,0,69,,1525534,21,0,31 10 1 32 13,0,31,,1525535,21,0,31 10 1 32 13,0,50,,1525556,21,0,36 13,0,22,,1525544,21,0,31 10 1 32 13,0,99,,1525536,21,0,31 10 1 32 13,0,9,,1525557,21,0,36 13,0,89,,1525549,21,0,31 10 1 32 13,0,81,,1525558,21,0,36 13,0,19,,1525537,21,0,31 10 1 32 13,0,100,,1525550,21,0,31 10 1 32 13,0,11,,1525559,21,0,36 13,0,88,,1525538,21,0,31 10 1 32 13,0,82,,1525560,21,0,36 13,0,13,,1525542,21,0,31 10 1 32 13,0,24,,1525551,21,0,31 10 1 32 13,0,69,,1525539,21,0,31 10 1 32 13,0,24,,1525561,21,0,36 13,0,13,,1525552,21,0,31 10 1 32 13,0,77,,1525545,21,0,31 10 1 32 13,0,80,,1525562,21,0,36 13,0,19,,1525543,21,0,31 10 1 32 13,0,101,,1525547,21,0,31 10 1 32 13,0,10,,1525563,21,0,36 13,0,90,,1525540,21,0,31 10 1 32 13,0,79,,1525564,21,0,36 13,0,21,,1525548,21,0,31 10 1 32 13,0,100,,1525541,21,0,31 10 1 32 13,0
9301,'20261007',553,,1525580,21,0,31 10 1 32 13,0,50,,1525588,21,0,36 13,0,48,,1525565,21,0,31 10 1 32 13,0,55,,1525587,21,0,31 10 1 32 13,0,15,,1525566,21,0,31 10 1 32 13,0,13,,1525589,21,0,36 13,0,20,,1525567,21,0,31 10 1 32 13,0,69,,1525568,21,0,31 10 1 32 13,0,31,,1525569,21,0,31 10 1 32 13,0,50,,1525590,21,0,36 13,0,22,,1525578,21,0,31 10 1 32 13,0,99,,1525570,21,0,31 10 1 32 13,0,9,,1525591,21,0,36 13,0,89,,1525583,21,0,31 10 1 32 13,0,81,,1525592,21,0,36 13,0,19,,1525571,21,0,31 10 1 32 13,0,100,,1525584,21,0,31 10 1 32 13,0,11,,1525593,21,0,36 13,0,88,,1525572,21,0,31 10 1 32 13,0,82,,1525594,21,0,36 13,0,13,,1525576,21,0,31 10 1 32 13,0,24,,1525585,21,0,31 10 1 32 13,0,69,,1525573,21,0,31 10 1 32 13,0,24,,1525595,21,0,36 13,0,13,,1525586,21,0,31 10 1 32 13,0,77,,1525579,21,0,31 10 1 32 13,0,80,,1525596,21,0,36 13,0,19,,1525577,21,0,31 10 1 32 13,0,101,,1525581,21,0,31 10 1 32 13,0,10,,1525597,21,0,36 13,0,90,,1525574,21,0,31 10 1 32 13,0,79,,1525598,21,0,36 13,0,21,,1525582,21,0,31 10 1 32 13,0,100,,1525575,21,0,31 10 1 32 13,0
9301,'20261008',553,,1525614,21,0,31 10 1 32 13,0,50,,1525622,21,0,36 13,0,48,,1525599,21,0,31 10 1 32 13,0,55,,1525621,21,0,31 10 1 32 13,0,15,,1525600,21,0,31 10 1 32 13,0,13,,1525623,21,0,36 13,0,20,,1525601,21,0,31 10 1 32 13,0,69,,1525602,21,0,31 10 1 32 13,0,31,,1525603,21,0,31 10 1 32 13,0,50,,1525624,21,0,36 13,0,22,,1525612,21,0,31 10 1 32 13,0,99,,1525604,21,0,31 10 1 32 13,0,9,,1525625,21,0,36 13,0,89,,1525617,21,0,31 10 1 32 13,0,81,,1525626,21,0,36 13,0,19,,1525605,21,0,31 10 1 32 13,0,100,,1525618,21,0,31 10 1 32 13,0,11,,1525627,21,0,36 13,0,88,,1525606,21,0,31 10 1 32 13,0,82,,1525628,21,0,36 13,0,13,,1525610,21,0,31 10 1 32 13,0,24,,1525619,21,0,31 10 1 32 13,0,69,,1525607,21,0,31 10 1 32 13,0,24,,1525629,21,0,36 13,0,13,,1525620,21,0,31 10 1 32 13,0,77,,1525613,21,0,31 10 1 32 13,0,80,,1525630,21,0,36 13,0,19,,1525611,21,0,31 10 1 32 13,0,101,,1525615,21,0,31 10 1 32 13,0,10,,1525631,21,0,36 13,0,90,,1525608,21,0,31 10 1 32 13,0,79,,1525632,21,0,36 13,0,21,,1525616,21,0,31 10 1 32 13,0,100,,1525609,21,0,31 10 1 32 13,0
9301,'20261009',553,,1525648,21,0,31 10 1 32 13,0,50,,1525656,21,0,36 13,0,48,,1525633,21,0,31 10 1 32 13,0,55,,1525655,21,0,31 10 1 32 13,0,15,,1525634,21,0,31 10 1 32 13,0,13,,1525657,21,0,36 13,0,20,,1525635,21,0,31 10 1 32 13,0,69,,1525636,21,0,31 10 1 32 13,0,31,,1525637,21,0,31 10 1 32 13,0,50,,1525658,21,0,36 13,0,22,,1525646,21,0,31 10 1 32 13,0,99,,1525638,21,0,31 10 1 32 13,0,9,,1525659,21,0,36 13,0,89,,1525651,21,0,31 10 1 32 13,0,81,,1525660,21,0,36 13,0,19,,1525639,21,0,31 10 1 32 13,0,100,,1525652,21,0,31 10 1 32 13,0,11,,1525661,21,0,36 13,0,88,,1525640,21,0,31 10 1 32 13,0,82,,1525662,21,0,36 13,0,13,,1525644,21,0,31 10 1 32 13,0,24,,1525653,21,0,31 10 1 32 13,0,69,,1525641,21,0,31 10 1 32 13,0,24,,1525663,21,0,36 13,0,13,,1525654,21,0,31 10 1 32 13,0,77,,1525647,21,0,31 10 1 32 13,0,80,,1525664,21,0,36 13,0,19,,1525645,21,0,31 10 1 32 13,0,101,,1525649,21,0,31 10 1 32 13,0,10,,1525665,21,0,36 13,0,90,,1525642,21,0,31 10 1 32 13,0,79,,1525666,21,0,36 13,0,21,,1525650,21,0,31 10 1 32 13,0,100,,1525643,21,0,31 10 1 32 13,0
9301,'20261010',603,,1552053,21,0,36 13,0,20,,1552052,21,0,31 10 1 32 13,0,99,,1552042,21,0,31 10 1 32 13,0,12,,1552054,21,0,36 13,0,88,,1552037,21,0,31 10 1 32 13,0,82,,1552055,21,0,36 13,0,18,,1552051,21,0,31 10 1 32 13,0,100,,1552044,21,0,31 10 1 32 13,0,12,,1552056,21,0,36 13,0,88,,1552046,21,0,31 10 1 32 13,0,82,,1552057,21,0,36 13,0,18,,1552038,21,0,31 10 1 32 13,0,100,,1552047,21,0,31 10 1 32 13,0,12,,1552058,21,0,36 13,0,88,,1552045,21,0,31 10 1 32 13,0,82,,1552059,21,0,36 13,0,18,,1552048,21,0,31 10 1 32 13,0,100,,1552039,21,0,31 10 1 32 13,0,12,,1552060,21,0,36 13,0,89,,1552049,21,0,31 10 1 32 13,0,81,,1552061,21,0,36 13,0,19,,1552043,21,0,31 10 1 32 13,0,99,,1552050,21,0,31 10 1 32 13,0,12,,1552062,21,0,36 13,0,88,,1552040,21,0,31 10 1 32 13,0,81,,1552063,21,0,36 13,0,119,,1552041,21,0,31 10 1 32 13,0
9301,'20261011',603,,1552080,21,0,36 13,0,20,,1552079,21,0,31 10 1 32 13,0,99,,1552076,21,0,31 10 1 32 13,0,12,,1552081,21,0,36 13,0,88,,1552069,21,0,31 10 1 32 13,0,82,,1552082,21,0,36 13,0,18,,1552077,21,0,31 10 1 32 13,0,100,,1552064,21,0,31 10 1 32 13,0,12,,1552083,21,0,36 13,0,88,,1552072,21,0,31 10 1 32 13,0,82,,1552084,21,0,36 13,0,18,,1552065,21,0,31 10 1 32 13,0,100,,1552073,21,0,31 10 1 32 13,0,12,,1552085,21,0,36 13,0,88,,1552070,21,0,31 10 1 32 13,0,82,,1552086,21,0,36 13,0,18,,1552074,21,0,31 10 1 32 13,0,100,,1552066,21,0,31 10 1 32 13,0,12,,1552087,21,0,36 13,0,89,,1552075,21,0,31 10 1 32 13,0,81,,1552088,21,0,36 13,0,19,,1552071,21,0,31 10 1 32 13,0,99,,1552078,21,0,31 10 1 32 13,0,12,,1552089,21,0,36 13,0,88,,1552067,21,0,31 10 1 32 13,0,81,,1552090,21,0,36 13,0,119,,1552068,21,0,31 10 1 32 13,0
9301,'20261012',603,,1552107,21,0,36 13,0,20,,1552106,21,0,31 10 1 32 13,0,99,,1552103,21,0,31 10 1 32 13,0,12,,1552108,21,0,36 13,0,88,,1552096,21,0,31 10 1 32 13,0,82,,1552109,21,0,36 13,0,18,,1552104,21,0,31 10 1 32 13,0,100,,1552091,21,0,31 10 1 32 13,0,12,,1552110,21,0,36 13,0,88,,1552099,21,0,31 10 1 32 13,0,82,,1552111,21,0,36 13,0,18,,1552092,21,0,31 10 1 32 13,0,100,,1552100,21,0,31 10 1 32 13,0,12,,1552112,21,0,36 13,0,88,,1552097,21,0,31 10 1 32 13,0,82,,1552113,21,0,36 13,0,18,,1552101,21,0,31 10 1 32 13,0,100,,1552093,21,0,31 10 1 32 13,0,12,,1552114,21,0,36 13,0,89,,1552102,21,0,31 10 1 32 13,0,81,,1552115,21,0,36 13,0,19,,1552098,21,0,31 10 1 32 13,0,99,,1552105,21,0,31 10 1 32 13,0,12,,1552116,21,0,36 13,0,88,,1552094,21,0,31 10 1 32 13,0,81,,1552117,21,0,36 13,0,119,,1552095,21,0,31 10 1 32 13,0
9301,'20261013',553,,1578818,21,0,31 10 1 32 13,0,50,,1578826,21,0,36 13,0,48,,1578803,21,0,31 10 1 32 13,0,55,,1578825,21,0,31 10 1 32 13,0,15,,1578804,21,0,31 10 1 32 13,0,13,,1578827,21,0,36 13,0,20,,1578805,21,0,31 10 1 32 13,0,69,,1578806,21,0,31 10 1 32 13,0,31,,1578807,21,0,31 10 1 32 13,0,50,,1578828,21,0,36 13,0,22,,1578816,21,0,31 10 1 32 13,0,99,,1578808,21,0,31 10 1 32 13,0,9,,1578829,21,0,36 13,0,89,,1578821,21,0,31 10 1 32 13,0,81,,1578830,21,0,36 13,0,19,,1578809,21,0,31 10 1 32 13,0,100,,1578822,21,0,31 10 1 32 13,0,11,,1578831,21,0,36 13,0,88,,1578810,21,0,31 10 1 32 13,0,82,,1578832,21,0,36 13,0,13,,1578814,21,0,31 10 1 32 13,0,24,,1578823,21,0,31 10 1 32 13,0,69,,1578811,21,0,31 10 1 32 13,0,24,,1578833,21,0,36 13,0,13,,1578824,21,0,31 10 1 32 13,0,77,,1578817,21,0,31 10 1 32 13,0,80,,1578834,21,0,36 13,0,19,,1578815,21,0,31 10 1 32 13,0,101,,1578819,21,0,31 10 1 32 13,0,10,,1578835,21,0,36 13,0,90,,1578812,21,0,31 10 1 32 13,0,79,,1578836,21,0,36 13,0,21,,1578820,21,0,31 10 1 32 13,0,100,,1578813,21,0,31 10 1 32 13,0
9301,'20261014',553,,1578852,21,0,31 10 1 32 13,0,50,,1578860,21,0,36 13,0,48,,1578837,21,0,31 10 1 32 13,0,55,,1578859,21,0,31 10 1 32 13,0,15,,1578838,21,0,31 10 1 32 13,0,13,,1578861,21,0,36 13,0,20,,1578839,21,0,31 10 1 32 13,0,69,,1578840,21,0,31 10 1 32 13,0,31,,1578841,21,0,31 10 1 32 13,0,50,,1578862,21,0,36 13,0,22,,1578850,21,0,31 10 1 32 13,0,99,,1578842,21,0,31 10 1 32 13,0,9,,1578863,21,0,36 13,0,89,,1578855,21,0,31 10 1 32 13,0,81,,1578864,21,0,36 13,0,19,,1578843,21,0,31 10 1 32 13,0,100,,1578856,21,0,31 10 1 32 13,0,11,,1578865,21,0,36 13,0,88,,1578844,21,0,31 10 1 32 13,0,82,,1578866,21,0,36 13,0,13,,1578848,21,0,31 10 1 32 13,0,24,,1578857,21,0,31 10 1 32 13,0,69,,1578845,21,0,31 10 1 32 13,0,24,,1578867,21,0,36 13,0,13,,1578858,21,0,31 10 1 32 13,0,77,,1578851,21,0,31 10 1 32 13,0,80,,1578868,21,0,36 13,0,19,,1578849,21,0,31 10 1 32 13,0,101,,1578853,21,0,31 10 1 32 13,0,10,,1578869,21,0,36 13,0,90,,1578846,21,0,31 10 1 32 13,0,79,,1578870,21,0,36 13,0,21,,1578854,21,0,31 10 1 32 13,0,100,,1578847,21,0,31 10 1 32 13,0
9301,'20261015',553,,1578886,21,0,31 10 1 32 13,0,50,,1578894,21,0,36 13,0,48,,1578871,21,0,31 10 1 32 13,0,55,,1578893,21,0,31 10 1 32 13,0,15,,1578872,21,0,31 10 1 32 13,0,13,,1578895,21,0,36 13,0,20,,1578873,21,0,31 10 1 32 13,0,69,,1578874,21,0,31 10 1 32 13,0,31,,1578875,21,0,31 10 1 32 13,0,50,,1578896,21,0,36 13,0,22,,1578884,21,0,31 10 1 32 13,0,99,,1578876,21,0,31 10 1 32 13,0,9,,1578897,21,0,36 13,0,89,,1578889,21,0,31 10 1 32 13,0,81,,1578898,21,0,36 13,0,19,,1578877,21,0,31 10 1 32 13,0,100,,1578890,21,0,31 10 1 32 13,0,11,,1578899,21,0,36 13,0,88,,1578878,21,0,31 10 1 32 13,0,82,,1578900,21,0,36 13,0,13,,1578882,21,0,31 10 1 32 13,0,24,,1578891,21,0,31 10 1 32 13,0,69,,1578879,21,0,31 10 1 32 13,0,24,,1578901,21,0,36 13,0,13,,1578892,21,0,31 10 1 32 13,0,77,,1578885,21,0,31 10 1 32 13,0,80,,1578902,21,0,36 13,0,19,,1578883,21,0,31 10 1 32 13,0,101,,1578887,21,0,31 10 1 32 13,0,10,,1578903,21,0,36 13,0,90,,1578880,21,0,31 10 1 32 13,0,79,,1578904,21,0,36 13,0,21,,1578888,21,0,31 10 1 32 13,0,100,,1578881,21,0,31 10 1 32 13,0
9301,'20261016',553,,1578920,21,0,31 10 1 32 13,0,50,,1578928,21,0,36 13,0,48,,1578905,21,0,31 10 1 32 13,0,55,,1578927,21,0,31 10 1 32 13,0,15,,1578906,21,0,31 10 1 32 13,0,13,,1578929,21,0,36 13,0,20,,1578907,21,0,31 10 1 32 13,0,69,,1578908,21,0,31 10 1 32 13,0,31,,1578909,21,0,31 10 1 32 13,0,50,,1578930,21,0,36 13,0,22,,1578918,21,0,31 10 1 32 13,0,99,,1578910,21,0,31 10 1 32 13,0,9,,1578931,21,0,36 13,0,89,,1578923,21,0,31 10 1 32 13,0,81,,1578932,21,0,36 13,0,19,,1578911,21,0,31 10 1 32 13,0,100,,1578924,21,0,31 10 1 32 13,0,11,,1578933,21,0,36 13,0,88,,1578912,21,0,31 10 1 32 13,0,82,,1578934,21,0,36 13,0,13,,1578916,21,0,31 10 1 32 13,0,24,,1578925,21,0,31 10 1 32 13,0,69,,1578913,21,0,31 10 1 32 13,0,24,,1578935,21,0,36 13,0,13,,1578926,21,0,31 10 1 32 13,0,77,,1578919,21,0,31 10 1 32 13,0,80,,1578936,21,0,36 13,0,19,,1578917,21,0,31 10 1 32 13,0,101,,1578921,21,0,31 10 1 32 13,0,10,,1578937,21,0,36 13,0,90,,1578914,21,0,31 10 1 32 13,0,79,,1578938,21,0,36 13,0,21,,1578922,21,0,31 10 1 32 13,0,100,,1578915,21,0,31 10 1 32 13,0
9600,'20261002',649,,1579251,36,,,0,101,,1579252,36,,,0,101,,1579253,36,,,0,100,,1579254,36,,,0,100,,1579255,36,,,0,99,,1579256,36,,,0,100,,1579257,36,,,0,100,,1579258,36,,,0,99,,1579259,36,,,0,99,,1579260,36,,,0,68,,1579261,36,,,0,40,,1579262,36,,,0,65,,1579263,36,,,0,30,,1579264,36,,,0,99,,1579265,36,,,0,100,,1579266,36,,,0,100,,1579267,36,,,0,101,,1579268,36,,,0,100,,1579269,36,,,0
9600,'20261003',718,,1579270,36,,,0,100,,1579271,36,,,0,100,,1579272,36,,,0,100,,1579273,36,,,0,100,,1579274,36,,,0,96,,1579275,36,,,0,100,,1579276,36,,,0,108,,1579277,36,,,0,96,,1579278,36,,,0,96,,1579279,36,,,0,109,,1579280,36,,,0,95,,1579281,36,,,0,100,,1579282,36,,,0,100,,1579283,36,,,0,100,,1579284,36,,,0,100,,1579285,36,,,0
9600,'20261004',718,,1579286,36,,,0,100,,1579287,36,,,0,100,,1579288,36,,,0,100,,1579289,36,,,0,100,,1579290,36,,,0,96,,1579291,36,,,0,100,,1579292,36,,,0,108,,1579293,36,,,0,96,,1579294,36,,,0,96,,1579295,36,,,0,109,,1579296,36,,,0,95,,1579297,36,,,0,100,,1579298,36,,,0,100,,1579299,36,,,0,100,,1579300,36,,,0,100,,1579301,36,,,0
9600,'20261005',649,,1579302,36,,,0,101,,1579303,36,,,0,101,,1579304,36,,,0,100,,1579305,36,,,0,100,,1579306,36,,,0,99,,1579307,36,,,0,100,,1579308,36,,,0,100,,1579309,36,,,0,99,,1579310,36,,,0,99,,1579311,36,,,0,68,,1579312,36,,,0,40,,1579313,36,,,0,65,,1579314,36,,,0,30,,1579315,36,,,0,99,,1579316,36,,,0,100,,1579317,36,,,0,100,,1579318,36,,,0,101,,1579319,36,,,0,100,,1579320,36,,,0
9600,'20261006',649,,1526049,36,,,0,101,,1526050,36,,,0,101,,1526051,36,,,0,100,,1526052,36,,,0,100,,1526053,36,,,0,99,,1526054,36,,,0,100,,1526055,36,,,0,100,,1526056,36,,,0,99,,1526057,36,,,0,99,,1526058,36,,,0,68,,1526059,36,,,0,40,,1526060,36,,,0,65,,1526061,36,,,0,30,,1526067,36,,,0,99,,1526062,36,,,0,100,,1526063,36,,,0,100,,1526064,36,,,0,101,,1526065,36,,,0,100,,1526066,36,,,0
9600,'20261007',649,,1526068,36,,,0,101,,1526069,36,,,0,101,,1526070,36,,,0,100,,1526071,36,,,0,100,,1526072,36,,,0,99,,1526073,36,,,0,100,,1526074,36,,,0,100,,1526075,36,,,0,99,,1526076,36,,,0,99,,1526077,36,,,0,68,,1526078,36,,,0,40,,1526079,36,,,0,65,,1526080,36,,,0,30,,1526086,36,,,0,99,,1526081,36,,,0,100,,1526082,36,,,0,100,,1526083,36,,,0,101,,1526084,36,,,0,100,,1526085,36,,,0
9600,'20261008',649,,1526087,36,,,0,101,,1526088,36,,,0,101,,1526089,36,,,0,100,,1526090,36,,,0,100,,1526091,36,,,0,99,,1526092,36,,,0,100,,1526093,36,,,0,100,,1526094,36,,,0,99,,1526095,36,,,0,99,,1526096,36,,,0,68,,1526097,36,,,0,40,,1526098,36,,,0,65,,1526099,36,,,0,30,,1526105,36,,,0,99,,1526100,36,,,0,100,,1526101,36,,,0,100,,1526102,36,,,0,101,,1526103,36,,,0,100,,1526104,36,,,0
9600,'20261009',649,,1526106,36,,,0,101,,1526107,36,,,0,101,,1526108,36,,,0,100,,1526109,36,,,0,100,,1526110,36,,,0,99,,1526111,36,,,0,100,,1526112,36,,,0,100,,1526113,36,,,0,99,,1526114,36,,,0,99,,1526115,36,,,0,68,,1526116,36,,,0,40,,1526117,36,,,0,65,,1526118,36,,,0,30,,1526124,36,,,0,99,,1526119,36,,,0,100,,1526120,36,,,0,100,,1526121,36,,,0,101,,1526122,36,,,0,100,,1526123,36,,,0
9600,'20261010',718,,1552418,36,,,0,100,,1552403,36,,,0,100,,1552404,36,,,0,100,,1552405,36,,,0,100,,1552406,36,,,0,96,,1552407,36,,,0,100,,1552408,36,,,0,108,,1552409,36,,,0,96,,1552410,36,,,0,96,,1552411,36,,,0,109,,1552412,36,,,0,95,,1552413,36,,,0,100,,1552414,36,,,0,100,,1552415,36,,,0,100,,1552416,36,,,0,100,,1552417,36,,,0
9600,'20261011',718,,1552419,36,,,0,100,,1552420,36,,,0,100,,1552421,36,,,0,100,,1552422,36,,,0,100,,1552423,36,,,0,96,,1552424,36,,,0,100,,1552425,36,,,0,108,,1552426,36,,,0,96,,1552427,36,,,0,96,,1552428,36,,,0,109,,1552429,36,,,0,95,,1552430,36,,,0,100,,1552431,36,,,0,100,,1552432,36,,,0,100,,1552433,36,,,0,100,,1552434,36,,,0
9600,'20261012',718,,1552435,36,,,0,100,,1552436,36,,,0,100,,1552437,36,,,0,100,,1552438,36,,,0,100,,1552439,36,,,0,96,,1552440,36,,,0,100,,1552441,36,,,0,108,,1552442,36,,,0,96,,1552443,36,,,0,96,,1552444,36,,,0,109,,1552445,36,,,0,95,,1552446,36,,,0,100,,1552447,36,,,0,100,,1552448,36,,,0,100,,1552449,36,,,0,100,,1552450,36,,,0
9600,'20261013',649,,1579321,36,,,0,101,,1579322,36,,,0,101,,1579323,36,,,0,100,,1579324,36,,,0,100,,1579325,36,,,0,99,,1579326,36,,,0,100,,1579327,36,,,0,100,,1579328,36,,,0,99,,1579329,36,,,0,99,,1579330,36,,,0,68,,1579331,36,,,0,40,,1579332,36,,,0,65,,1579333,36,,,0,30,,1579339,36,,,0,99,,1579334,36,,,0,100,,1579335,36,,,0,100,,1579336,36,,,0,101,,1579337,36,,,0,100,,1579338,36,,,0
9600,'20261014',649,,1579340,36,,,0,101,,1579341,36,,,0,101,,1579342,36,,,0,100,,1579343,36,,,0,100,,1579344,36,,,0,99,,1579345,36,,,0,100,,1579346,36,,,0,100,,1579347,36,,,0,99,,1579348,36,,,0,99,,1579349,36,,,0,68,,1579350,36,,,0,40,,1579351,36,,,0,65,,1579352,36,,,0,30,,1579358,36,,,0,99,,1579353,36,,,0,100,,1579354,36,,,0,100,,1579355,36,,,0,101,,1579356,36,,,0,100,,1579357,36,,,0
9600,'20261015',649,,1579359,36,,,0,101,,1579360,36,,,0,101,,1579361,36,,,0,100,,1579362,36,,,0,100,,1579363,36,,,0,99,,1579364,36,,,0,100,,1579365,36,,,0,100,,1579366,36,,,0,99,,1579367,36,,,0,99,,1579368,36,,,0,68,,1579369,36,,,0,40,,1579370,36,,,0,65,,1579371,36,,,0,30,,1579377,36,,,0,99,,1579372,36,,,0,100,,1579373,36,,,0,100,,1579374,36,,,0,101,,1579375,36,,,0,100,,1579376,36,,,0
9600,'20261016',649,,1579378,36,,,0,101,,1579379,36,,,0,101,,1579380,36,,,0,100,,1579381,36,,,0,100,,1579382,36,,,0,99,,1579383,36,,,0,100,,1579384,36,,,0,100,,1579385,36,,,0,99,,1579386,36,,,0,99,,1579387,36,,,0,68,,1579388,36,,,0,40,,1579389,36,,,0,65,,1579390,36,,,0,30,,1579396,36,,,0,99,,1579391,36,,,0,100,,1579392,36,,,0,100,,1579393,36,,,0,101,,1579394,36,,,0,100,,1579395,36,,,0
