7000,'20260929',652,,1547713,30,,,0,56,,1547714,30,,,0,22,,1547715,30,,,0,23,,1547716,30,,,0,60,,1547717,30,,,0,22,,1547718,30,,,0,19,,1547719,30,,,0,61,,1547720,30,,,0,20,,1547721,30,,,0,20,,1547722,30,,,0,60,,1547723,30,,,0,19,,1547724,30,,,0,18,,1547725,30,,,0,60,,1547726,30,,,0,20,,1547727,30,,,0,20,,1547728,30,,,0,61,,1547729,30,,,0,17,,1547730,30,,,0,21,,1547731,30,,,0,58,,1547732,30,,,0,23,,1547733,30,,,0,19,,1547734,30,,,0,60,,1547735,30,,,0,21,,1547736,30,,,0,19,,1547737,30,,,0,57,,1547738,30,,,0,23,,1547739,30,,,0,22,,1547740,30,,,0,65,,1547741,30,,,0,23,,1547742,30,,,0,63,,1547743,30,,,0,22,,1547744,30,,,0,18,,1547745,30,,,0,60,,1547746,30,,,0,16,,1547712,26,,,0,2,,1547747,30,,,0,18,,1547748,30,,,0,60,,1547749,30,,,0,22,,1547750,30,,,0,30,,1547751,30,,,0,70,,1547752,30,,,0,30,,1547753,30,,,0,70,,1547754,30,,,0,30,,1547755,30,,,0,70,,1547756,30,,,0,28,,1547757,30,,,0,70,,1547758,30,,,0,30,,1547759,30,,,0
7000,'20260930',652,,1547761,30,,,0,56,,1547762,30,,,0,22,,1547763,30,,,0,23,,1547764,30,,,0,60,,1547765,30,,,0,22,,1547766,30,,,0,19,,1547767,30,,,0,61,,1547768,30,,,0,20,,1547769,30,,,0,20,,1547770,30,,,0,60,,1547771,30,,,0,19,,1547772,30,,,0,18,,1547773,30,,,0,60,,1547774,30,,,0,20,,1547775,30,,,0,20,,1547776,30,,,0,61,,1547777,30,,,0,17,,1547778,30,,,0,21,,1547779,30,,,0,58,,1547780,30,,,0,23,,1547781,30,,,0,19,,1547782,30,,,0,60,,1547783,30,,,0,21,,1547784,30,,,0,19,,1547785,30,,,0,57,,1547786,30,,,0,23,,1547787,30,,,0,22,,1547788,30,,,0,65,,1547789,30,,,0,23,,1547790,30,,,0,63,,1547791,30,,,0,22,,1547792,30,,,0,18,,1547793,30,,,0,60,,1547794,30,,,0,16,,1547760,26,,,0,2,,1547795,30,,,0,18,,1547796,30,,,0,60,,1547797,30,,,0,22,,1547798,30,,,0,30,,1547799,30,,,0,70,,1547800,30,,,0,30,,1547801,30,,,0,70,,1547802,30,,,0,30,,1547803,30,,,0,70,,1547804,30,,,0,28,,1547805,30,,,0,70,,1547806,30,,,0,30,,1547807,30,,,0
7000,'20261001',652,,1547809,30,,,0,56,,1547810,30,,,0,22,,1547811,30,,,0,23,,1547812,30,,,0,60,,1547813,30,,,0,22,,1547814,30,,,0,19,,1547815,30,,,0,61,,1547816,30,,,0,20,,1547817,30,,,0,20,,1547818,30,,,0,60,,1547819,30,,,0,19,,1547820,30,,,0,18,,1547821,30,,,0,60,,1547822,30,,,0,20,,1547823,30,,,0,20,,1547824,30,,,0,61,,1547825,30,,,0,17,,1547826,30,,,0,21,,1547827,30,,,0,58,,1547828,30,,,0,23,,1547829,30,,,0,19,,1547830,30,,,0,60,,1547831,30,,,0,21,,1547832,30,,,0,19,,1547833,30,,,0,57,,1547834,30,,,0,23,,1547835,30,,,0,22,,1547836,30,,,0,65,,1547837,30,,,0,23,,1547838,30,,,0,63,,1547839,30,,,0,22,,1547840,30,,,0,18,,1547841,30,,,0,60,,1547842,30,,,0,16,,1547808,26,,,0,2,,1547843,30,,,0,18,,1547844,30,,,0,60,,1547845,30,,,0,22,,1547846,30,,,0,30,,1547847,30,,,0,70,,1547848,30,,,0,30,,1547849,30,,,0,70,,1547850,30,,,0,30,,1547851,30,,,0,70,,1547852,30,,,0,28,,1547853,30,,,0,70,,1547854,30,,,0,30,,1547855,30,,,0
7000,'20261002',652,,1470628,30,,,0,56,,1470641,30,,,0,22,,1470642,30,,,0,23,,1470629,30,,,0,60,,1470643,30,,,0,22,,1470644,30,,,0,19,,1470630,30,,,0,61,,1470645,30,,,0,20,,1470646,30,,,0,20,,1470631,30,,,0,60,,1470647,30,,,0,19,,1470648,30,,,0,18,,1470632,30,,,0,60,,1470649,30,,,0,20,,1470650,30,,,0,20,,1470633,30,,,0,61,,1470651,30,,,0,17,,1470652,30,,,0,21,,1470634,30,,,0,58,,1470653,30,,,0,23,,1470654,30,,,0,19,,1470635,30,,,0,60,,1470655,30,,,0,21,,1470656,30,,,0,19,,1470636,30,,,0,57,,1470657,30,,,0,23,,1470658,30,,,0,22,,1470637,30,,,0,65,,1470659,30,,,0,23,,1470660,30,,,0,63,,1470638,30,,,0,22,,1470661,30,,,0,18,,1470662,30,,,0,60,,1470639,30,,,0,18,,1470663,30,,,0,18,,1470664,30,,,0,60,,1470640,30,,,0,22,,1470665,30,,,0,30,,1470666,30,,,0,70,,1470667,30,,,0,30,,1470668,30,,,0,70,,1470669,30,,,0,30,,1470670,30,,,0,70,,1470671,30,,,0,28,,1470672,30,,,0,70,,1470673,30,,,0,30,,1470674,30,,,0
7000,'20261003',651,,1493605,30,,,0,70,,1493623,30,,,0,30,,1493606,30,,,0,70,,1493624,30,,,0,30,,1493607,30,,,0,70,,1493625,30,,,0,30,,1493608,30,,,0,71,,1493626,30,,,0,30,,1493609,30,,,0,70,,1493627,30,,,0,30,,1493610,30,,,0,71,,1493628,30,,,0,30,,1493611,30,,,0,70,,1493629,30,,,0,30,,1493612,30,,,0,71,,1493630,30,,,0,30,,1493613,30,,,0,70,,1493631,30,,,0,30,,1493614,30,,,0,70,,1493632,30,,,0,30,,1493615,30,,,0,70,,1493633,30,,,0,30,,1493616,30,,,0,68,,1493634,30,,,0,29,,1493617,30,,,0,70,,1493638,30,,,0,30,,1493635,30,,,0,70,,1493618,30,,,0,30,,1493636,30,,,0,70,,1493619,30,,,0,30,,1493622,30,,,0,70,,1493620,30,,,0,30,,1493637,30,,,0,70,,1493621,30,,,0
7000,'20261004',651,,1493639,30,,,0,70,,1493656,30,,,0,30,,1493640,30,,,0,70,,1493657,30,,,0,30,,1493641,30,,,0,70,,1493658,30,,,0,30,,1493642,30,,,0,71,,1493659,30,,,0,30,,1493643,30,,,0,70,,1493660,30,,,0,30,,1493644,30,,,0,71,,1493661,30,,,0,30,,1493645,30,,,0,70,,1493662,30,,,0,30,,1493646,30,,,0,71,,1493663,30,,,0,30,,1493647,30,,,0,70,,1493664,30,,,0,30,,1493648,30,,,0,70,,1493665,30,,,0,30,,1493649,30,,,0,70,,1493666,30,,,0,30,,1493650,30,,,0,68,,1493667,30,,,0,29,,1493651,30,,,0,70,,1493668,30,,,0,30,,1493652,30,,,0,70,,1493669,30,,,0,30,,1493653,30,,,0,70,,1493671,30,,,0,30,,1493654,30,,,0,70,,1493670,30,,,0,30,,1493655,30,,,0,70,,1493672,30,,,0
7000,'20261005',652,,1493673,30,,,0,56,,1493686,30,,,0,22,,1493687,30,,,0,23,,1493674,30,,,0,60,,1493688,30,,,0,22,,1493689,30,,,0,19,,1493675,30,,,0,61,,1493690,30,,,0,20,,1493691,30,,,0,20,,1493676,30,,,0,60,,1493692,30,,,0,19,,1493693,30,,,0,18,,1493677,30,,,0,60,,1493694,30,,,0,20,,1493695,30,,,0,20,,1493678,30,,,0,61,,1493696,30,,,0,17,,1493697,30,,,0,21,,1493679,30,,,0,58,,1493698,30,,,0,23,,1493699,30,,,0,19,,1493680,30,,,0,60,,1493700,30,,,0,21,,1493701,30,,,0,19,,1493681,30,,,0,57,,1493702,30,,,0,23,,1493703,30,,,0,22,,1493682,30,,,0,65,,1493704,30,,,0,23,,1493705,30,,,0,63,,1493683,30,,,0,22,,1493706,30,,,0,18,,1493707,30,,,0,60,,1493684,30,,,0,18,,1493708,30,,,0,18,,1493709,30,,,0,60,,1493685,30,,,0,22,,1493710,30,,,0,30,,1493711,30,,,0,70,,1493712,30,,,0,30,,1493713,30,,,0,70,,1493714,30,,,0,30,,1493715,30,,,0,70,,1493716,30,,,0,28,,1493717,30,,,0,70,,1493718,30,,,0,30,,1493719,30,,,0
7000,'20261006',652,,1519552,30,,,0,56,,1519565,30,,,0,22,,1519566,30,,,0,23,,1519553,30,,,0,60,,1519567,30,,,0,22,,1519568,30,,,0,19,,1519554,30,,,0,61,,1519569,30,,,0,20,,1519570,30,,,0,20,,1519555,30,,,0,60,,1519571,30,,,0,19,,1519572,30,,,0,18,,1519556,30,,,0,60,,1519573,30,,,0,20,,1519574,30,,,0,20,,1519557,30,,,0,61,,1519575,30,,,0,17,,1519576,30,,,0,21,,1519558,30,,,0,58,,1519577,30,,,0,23,,1519578,30,,,0,19,,1519559,30,,,0,60,,1519579,30,,,0,21,,1519580,30,,,0,19,,1519560,30,,,0,57,,1519581,30,,,0,23,,1519582,30,,,0,22,,1519561,30,,,0,65,,1519583,30,,,0,23,,1519584,30,,,0,63,,1519562,30,,,0,22,,1519585,30,,,0,18,,1519586,30,,,0,60,,1519563,30,,,0,18,,1519587,30,,,0,18,,1519588,30,,,0,60,,1519564,30,,,0,22,,1519589,30,,,0,30,,1519590,30,,,0,70,,1519591,30,,,0,30,,1519592,30,,,0,70,,1519593,30,,,0,30,,1519594,30,,,0,70,,1519595,30,,,0,28,,1519596,30,,,0,70,,1519597,30,,,0,30,,1519598,30,,,0
7000,'20261007',652,,1519599,30,,,0,56,,1519612,30,,,0,22,,1519613,30,,,0,23,,1519600,30,,,0,60,,1519614,30,,,0,22,,1519615,30,,,0,19,,1519601,30,,,0,61,,1519616,30,,,0,20,,1519617,30,,,0,20,,1519602,30,,,0,60,,1519618,30,,,0,19,,1519619,30,,,0,18,,1519603,30,,,0,60,,1519620,30,,,0,20,,1519621,30,,,0,20,,1519604,30,,,0,61,,1519622,30,,,0,17,,1519623,30,,,0,21,,1519605,30,,,0,58,,1519624,30,,,0,23,,1519625,30,,,0,19,,1519606,30,,,0,60,,1519626,30,,,0,21,,1519627,30,,,0,19,,1519607,30,,,0,57,,1519628,30,,,0,23,,1519629,30,,,0,22,,1519608,30,,,0,65,,1519630,30,,,0,23,,1519631,30,,,0,63,,1519609,30,,,0,22,,1519632,30,,,0,18,,1519633,30,,,0,60,,1519610,30,,,0,18,,1519634,30,,,0,18,,1519635,30,,,0,60,,1519611,30,,,0,22,,1519636,30,,,0,30,,1519637,30,,,0,70,,1519638,30,,,0,30,,1519639,30,,,0,70,,1519640,30,,,0,30,,1519641,30,,,0,70,,1519642,30,,,0,28,,1519643,30,,,0,70,,1519644,30,,,0,30,,1519645,30,,,0
7000,'20261008',652,,1519646,30,,,0,56,,1519659,30,,,0,22,,1519660,30,,,0,23,,1519647,30,,,0,60,,1519661,30,,,0,22,,1519662,30,,,0,19,,1519648,30,,,0,61,,1519663,30,,,0,20,,1519664,30,,,0,20,,1519649,30,,,0,60,,1519665,30,,,0,19,,1519666,30,,,0,18,,1519650,30,,,0,60,,1519667,30,,,0,20,,1519668,30,,,0,20,,1519651,30,,,0,61,,1519669,30,,,0,17,,1519670,30,,,0,21,,1519652,30,,,0,58,,1519671,30,,,0,23,,1519672,30,,,0,19,,1519653,30,,,0,60,,1519673,30,,,0,21,,1519674,30,,,0,19,,1519654,30,,,0,57,,1519675,30,,,0,23,,1519676,30,,,0,22,,1519655,30,,,0,65,,1519677,30,,,0,23,,1519678,30,,,0,63,,1519656,30,,,0,22,,1519679,30,,,0,18,,1519680,30,,,0,60,,1519657,30,,,0,18,,1519681,30,,,0,18,,1519682,30,,,0,60,,1519658,30,,,0,22,,1519683,30,,,0,30,,1519684,30,,,0,70,,1519685,30,,,0,30,,1519686,30,,,0,70,,1519687,30,,,0,30,,1519688,30,,,0,70,,1519689,30,,,0,28,,1519690,30,,,0,70,,1519691,30,,,0,30,,1519692,30,,,0
7000,'20261009',652,,1519693,30,,,0,56,,1519706,30,,,0,22,,1519707,30,,,0,23,,1519694,30,,,0,60,,1519708,30,,,0,22,,1519709,30,,,0,19,,1519695,30,,,0,61,,1519710,30,,,0,20,,1519711,30,,,0,20,,1519696,30,,,0,60,,1519712,30,,,0,19,,1519713,30,,,0,18,,1519697,30,,,0,60,,1519714,30,,,0,20,,1519715,30,,,0,20,,1519698,30,,,0,61,,1519716,30,,,0,17,,1519717,30,,,0,21,,1519699,30,,,0,58,,1519718,30,,,0,23,,1519719,30,,,0,19,,1519700,30,,,0,60,,1519720,30,,,0,21,,1519721,30,,,0,19,,1519701,30,,,0,57,,1519722,30,,,0,23,,1519723,30,,,0,22,,1519702,30,,,0,65,,1519724,30,,,0,23,,1519725,30,,,0,63,,1519703,30,,,0,22,,1519726,30,,,0,18,,1519727,30,,,0,60,,1519704,30,,,0,18,,1519728,30,,,0,18,,1519729,30,,,0,60,,1519705,30,,,0,22,,1519730,30,,,0,30,,1519731,30,,,0,70,,1519732,30,,,0,30,,1519733,30,,,0,70,,1519734,30,,,0,30,,1519735,30,,,0,70,,1519736,30,,,0,28,,1519737,30,,,0,70,,1519738,30,,,0,30,,1519739,30,,,0
7000,'20261010',651,,1547856,30,,,0,70,,1547874,30,,,0,30,,1547857,30,,,0,70,,1547875,30,,,0,30,,1547858,30,,,0,70,,1547876,30,,,0,30,,1547859,30,,,0,71,,1547877,30,,,0,30,,1547860,30,,,0,70,,1547878,30,,,0,30,,1547861,30,,,0,71,,1547879,30,,,0,30,,1547862,30,,,0,70,,1547880,30,,,0,30,,1547863,30,,,0,71,,1547881,30,,,0,30,,1547864,30,,,0,70,,1547882,30,,,0,30,,1547865,30,,,0,70,,1547883,30,,,0,30,,1547866,30,,,0,70,,1547884,30,,,0,30,,1547867,30,,,0,68,,1547885,30,,,0,29,,1547868,30,,,0,70,,1547889,30,,,0,30,,1547886,30,,,0,70,,1547869,30,,,0,30,,1547887,30,,,0,70,,1547870,30,,,0,30,,1547873,30,,,0,70,,1547871,30,,,0,30,,1547888,30,,,0,70,,1547872,30,,,0
7000,'20261011',651,,1547890,30,,,0,70,,1547907,30,,,0,30,,1547891,30,,,0,70,,1547908,30,,,0,30,,1547892,30,,,0,70,,1547909,30,,,0,30,,1547893,30,,,0,71,,1547910,30,,,0,30,,1547894,30,,,0,70,,1547911,30,,,0,30,,1547895,30,,,0,71,,1547912,30,,,0,30,,1547896,30,,,0,70,,1547913,30,,,0,30,,1547897,30,,,0,71,,1547914,30,,,0,30,,1547898,30,,,0,70,,1547915,30,,,0,30,,1547899,30,,,0,70,,1547916,30,,,0,30,,1547900,30,,,0,70,,1547917,30,,,0,30,,1547901,30,,,0,68,,1547918,30,,,0,29,,1547902,30,,,0,70,,1547919,30,,,0,30,,1547903,30,,,0,70,,1547920,30,,,0,30,,1547904,30,,,0,70,,1547922,30,,,0,30,,1547905,30,,,0,70,,1547921,30,,,0,30,,1547906,30,,,0,70,,1547923,30,,,0
7000,'20261012',651,,1547924,30,,,0,70,,1547941,30,,,0,30,,1547925,30,,,0,70,,1547942,30,,,0,30,,1547926,30,,,0,70,,1547943,30,,,0,30,,1547927,30,,,0,71,,1547944,30,,,0,30,,1547928,30,,,0,70,,1547945,30,,,0,30,,1547929,30,,,0,71,,1547946,30,,,0,30,,1547930,30,,,0,70,,1547947,30,,,0,30,,1547931,30,,,0,71,,1547948,30,,,0,30,,1547932,30,,,0,70,,1547949,30,,,0,30,,1547933,30,,,0,70,,1547950,30,,,0,30,,1547934,30,,,0,70,,1547951,30,,,0,30,,1547935,30,,,0,68,,1547952,30,,,0,29,,1547936,30,,,0,70,,1547953,30,,,0,30,,1547937,30,,,0,70,,1547954,30,,,0,30,,1547938,30,,,0,70,,1547956,30,,,0,30,,1547939,30,,,0,70,,1547955,30,,,0,30,,1547940,30,,,0,70,,1547957,30,,,0
7203,'20260929',655,,1548831,39,,,0,73,,1548832,39,,,0,73,,1548833,39,,,0,30,,1548834,39,,,0,26,,1548835,39,,,0,68,,1548836,39,,,0,30,,1548837,39,,,0,70,,1548838,39,,,0,30,,1548839,39,,,0,70,,1548840,39,,,0,30,,1548841,39,,,0,70,,1548842,39,,,0,30,,1548843,39,,,0,70,,1548844,39,,,0,30,,1548845,39,,,0,70,,1548846,39,,,0,31,,1548847,39,,,0,71,,1548848,39,,,0,31,,1548849,39,,,0,73,,1548850,39,,,0,69,,1548851,39,,,0,28,,1548852,39,,,0,28,,1548853,39,,,0,70,,1548854,39,,,0,28,,1548855,39,,,0,70,,1548856,39,,,0,100,,1548857,39,,,0,100,,1548858,39,,,0,100,,1548859,39,,,0,98,,1548860,39,,,0,100,,1548861,39,,,0
7203,'20260930',655,,1548862,39,,,0,73,,1548863,39,,,0,73,,1548864,39,,,0,30,,1548865,39,,,0,26,,1548866,39,,,0,68,,1548867,39,,,0,30,,1548868,39,,,0,70,,1548869,39,,,0,30,,1548870,39,,,0,70,,1548871,39,,,0,30,,1548872,39,,,0,70,,1548873,39,,,0,30,,1548874,39,,,0,70,,1548875,39,,,0,30,,1548876,39,,,0,70,,1548877,39,,,0,31,,1548878,39,,,0,71,,1548879,39,,,0,31,,1548880,39,,,0,73,,1548881,39,,,0,69,,1548882,39,,,0,28,,1548883,39,,,0,28,,1548884,39,,,0,70,,1548885,39,,,0,28,,1548886,39,,,0,70,,1548887,39,,,0,100,,1548888,39,,,0,100,,1548889,39,,,0,100,,1548890,39,,,0,98,,1548891,39,,,0,100,,1548892,39,,,0
7203,'20261001',655,,1548893,39,,,0,73,,1548894,39,,,0,73,,1548895,39,,,0,30,,1548896,39,,,0,26,,1548897,39,,,0,68,,1548898,39,,,0,30,,1548899,39,,,0,70,,1548900,39,,,0,30,,1548901,39,,,0,70,,1548902,39,,,0,30,,1548903,39,,,0,70,,1548904,39,,,0,30,,1548905,39,,,0,70,,1548906,39,,,0,30,,1548907,39,,,0,70,,1548908,39,,,0,31,,1548909,39,,,0,71,,1548910,39,,,0,31,,1548911,39,,,0,73,,1548912,39,,,0,69,,1548913,39,,,0,28,,1548914,39,,,0,28,,1548915,39,,,0,70,,1548916,39,,,0,28,,1548917,39,,,0,70,,1548918,39,,,0,100,,1548919,39,,,0,100,,1548920,39,,,0,100,,1548921,39,,,0,98,,1548922,39,,,0,100,,1548923,39,,,0
7203,'20261002',655,,1471734,39,,,0,73,,1471735,39,,,0,73,,1471736,39,,,0,30,,1471737,39,,,0,26,,1471738,39,,,0,68,,1471739,39,,,0,30,,1471740,39,,,0,70,,1471741,39,,,0,30,,1471742,39,,,0,70,,1471743,39,,,0,30,,1471744,39,,,0,70,,1471745,39,,,0,30,,1471746,39,,,0,70,,1471747,39,,,0,30,,1471748,39,,,0,70,,1471749,39,,,0,31,,1471751,39,,,0,71,,1471752,39,,,0,31,,1471753,39,,,0,73,,1471750,39,,,0,69,,1471754,39,,,0,28,,1471755,39,,,0,28,,1471756,39,,,0,70,,1471757,39,,,0,28,,1471758,39,,,0,70,,1471759,39,,,0,100,,1471760,39,,,0,100,,1471761,39,,,0,100,,1471762,39,,,0,98,,1471763,39,,,0,100,,1471764,39,,,0
7203,'20261003',723,,1494741,39,,,0,101,,1494742,39,,,0,100,,1494743,39,,,0,100,,1494744,39,,,0,100,,1494745,39,,,0,100,,1494746,39,,,0,101,,1494747,39,,,0,100,,1494748,39,,,0,100,,1494749,39,,,0,100,,1494750,39,,,0,99,,1494751,39,,,0,100,,1494752,39,,,0,99,,1494753,39,,,0,100,,1494754,39,,,0,100,,1494755,39,,,0,99,,1494756,39,,,0,100,,1494757,39,,,0,99,,1494758,39,,,0,30,,1494759,39,,,0
7203,'20261004',723,,1494760,39,,,0,101,,1494761,39,,,0,100,,1494762,39,,,0,100,,1494763,39,,,0,100,,1494764,39,,,0,100,,1494765,39,,,0,101,,1494766,39,,,0,100,,1494767,39,,,0,100,,1494768,39,,,0,100,,1494769,39,,,0,99,,1494770,39,,,0,100,,1494778,39,,,0,99,,1494775,39,,,0,100,,1494771,39,,,0,100,,1494772,39,,,0,99,,1494773,39,,,0,100,,1494774,39,,,0,99,,1494777,39,,,0,30,,1494776,39,,,0
7203,'20261005',655,,1494779,39,,,0,73,,1494780,39,,,0,73,,1494781,39,,,0,30,,1494782,39,,,0,26,,1494783,39,,,0,68,,1494784,39,,,0,30,,1494785,39,,,0,70,,1494786,39,,,0,30,,1494787,39,,,0,70,,1494788,39,,,0,30,,1494789,39,,,0,70,,1494790,39,,,0,30,,1494791,39,,,0,70,,1494792,39,,,0,30,,1494793,39,,,0,70,,1494794,39,,,0,31,,1494796,39,,,0,71,,1494797,39,,,0,31,,1494798,39,,,0,73,,1494795,39,,,0,69,,1494799,39,,,0,28,,1494800,39,,,0,28,,1494801,39,,,0,70,,1494802,39,,,0,28,,1494803,39,,,0,70,,1494804,39,,,0,100,,1494805,39,,,0,100,,1494806,39,,,0,100,,1494807,39,,,0,98,,1494808,39,,,0,100,,1494809,39,,,0
7203,'20261006',655,,1521114,39,,,0,73,,1521115,39,,,0,73,,1521116,39,,,0,30,,1521117,39,,,0,26,,1521118,39,,,0,68,,1521119,39,,,0,30,,1521120,39,,,0,70,,1521121,39,,,0,30,,1521122,39,,,0,70,,1521123,39,,,0,30,,1521124,39,,,0,70,,1521125,39,,,0,30,,1521126,39,,,0,70,,1521127,39,,,0,30,,1521128,39,,,0,70,,1521129,39,,,0,31,,1521131,39,,,0,71,,1521132,39,,,0,31,,1521133,39,,,0,73,,1521130,39,,,0,69,,1521134,39,,,0,28,,1521135,39,,,0,28,,1521136,39,,,0,70,,1521137,39,,,0,28,,1521138,39,,,0,70,,1521139,39,,,0,100,,1521140,39,,,0,100,,1521141,39,,,0,100,,1521142,39,,,0,98,,1521143,39,,,0,100,,1521144,39,,,0
7203,'20261007',655,,1521145,39,,,0,73,,1521146,39,,,0,73,,1521147,39,,,0,30,,1521148,39,,,0,26,,1521149,39,,,0,68,,1521150,39,,,0,30,,1521151,39,,,0,70,,1521152,39,,,0,30,,1521153,39,,,0,70,,1521154,39,,,0,30,,1521155,39,,,0,70,,1521156,39,,,0,30,,1521157,39,,,0,70,,1521158,39,,,0,30,,1521159,39,,,0,70,,1521160,39,,,0,31,,1521162,39,,,0,71,,1521163,39,,,0,31,,1521164,39,,,0,73,,1521161,39,,,0,69,,1521165,39,,,0,28,,1521166,39,,,0,28,,1521167,39,,,0,70,,1521168,39,,,0,28,,1521169,39,,,0,70,,1521170,39,,,0,100,,1521171,39,,,0,100,,1521172,39,,,0,100,,1521173,39,,,0,98,,1521174,39,,,0,100,,1521175,39,,,0
7203,'20261008',655,,1521176,39,,,0,73,,1521177,39,,,0,73,,1521178,39,,,0,30,,1521179,39,,,0,26,,1521180,39,,,0,68,,1521181,39,,,0,30,,1521182,39,,,0,70,,1521183,39,,,0,30,,1521184,39,,,0,70,,1521185,39,,,0,30,,1521186,39,,,0,70,,1521187,39,,,0,30,,1521188,39,,,0,70,,1521189,39,,,0,30,,1521190,39,,,0,70,,1521191,39,,,0,31,,1521193,39,,,0,71,,1521194,39,,,0,31,,1521195,39,,,0,73,,1521192,39,,,0,69,,1521196,39,,,0,28,,1521197,39,,,0,28,,1521198,39,,,0,70,,1521199,39,,,0,28,,1521200,39,,,0,70,,1521201,39,,,0,100,,1521202,39,,,0,100,,1521203,39,,,0,100,,1521204,39,,,0,98,,1521205,39,,,0,100,,1521206,39,,,0
7203,'20261009',655,,1521207,39,,,0,73,,1521208,39,,,0,73,,1521209,39,,,0,30,,1521210,39,,,0,26,,1521211,39,,,0,68,,1521212,39,,,0,30,,1521213,39,,,0,70,,1521214,39,,,0,30,,1521215,39,,,0,70,,1521216,39,,,0,30,,1521217,39,,,0,70,,1521218,39,,,0,30,,1521219,39,,,0,70,,1521220,39,,,0,30,,1521221,39,,,0,70,,1521222,39,,,0,31,,1521224,39,,,0,71,,1521225,39,,,0,31,,1521226,39,,,0,73,,1521223,39,,,0,69,,1521227,39,,,0,28,,1521228,39,,,0,28,,1521229,39,,,0,70,,1521230,39,,,0,28,,1521231,39,,,0,70,,1521232,39,,,0,100,,1521233,39,,,0,100,,1521234,39,,,0,100,,1521235,39,,,0,98,,1521236,39,,,0,100,,1521237,39,,,0
7203,'20261010',723,,1548924,39,,,0,101,,1548925,39,,,0,100,,1548926,39,,,0,100,,1548927,39,,,0,100,,1548928,39,,,0,100,,1548929,39,,,0,101,,1548930,39,,,0,100,,1548931,39,,,0,100,,1548932,39,,,0,100,,1548933,39,,,0,99,,1548934,39,,,0,100,,1548935,39,,,0,99,,1548936,39,,,0,100,,1548937,39,,,0,100,,1548938,39,,,0,99,,1548939,39,,,0,100,,1548940,39,,,0,99,,1548941,39,,,0,30,,1548942,39,,,0
7203,'20261011',723,,1548943,39,,,0,101,,1548944,39,,,0,100,,1548945,39,,,0,100,,1548946,39,,,0,100,,1548947,39,,,0,100,,1548948,39,,,0,101,,1548949,39,,,0,100,,1548950,39,,,0,100,,1548951,39,,,0,100,,1548952,39,,,0,99,,1548953,39,,,0,100,,1548961,39,,,0,99,,1548958,39,,,0,100,,1548954,39,,,0,100,,1548955,39,,,0,99,,1548956,39,,,0,100,,1548957,39,,,0,99,,1548960,39,,,0,30,,1548959,39,,,0
7203,'20261012',723,,1548962,39,,,0,101,,1548963,39,,,0,100,,1548964,39,,,0,100,,1548965,39,,,0,100,,1548966,39,,,0,100,,1548967,39,,,0,101,,1548968,39,,,0,100,,1548969,39,,,0,100,,1548970,39,,,0,100,,1548971,39,,,0,99,,1548972,39,,,0,100,,1548980,39,,,0,99,,1548977,39,,,0,100,,1548973,39,,,0,100,,1548974,39,,,0,99,,1548975,39,,,0,100,,1548976,39,,,0,99,,1548979,39,,,0,30,,1548978,39,,,0
27300,'20260929',1642,,1553066,33,4,,0,70,,1553067,33,4,,0,23,,1553068,33,4,,0,72,,1553069,33,4,,0
27300,'20260930',1642,,1553070,33,4,,0,70,,1553071,33,4,,0,23,,1553072,33,4,,0,72,,1553073,33,4,,0
27300,'20261001',1642,,1553074,33,4,,0,70,,1553075,33,4,,0,23,,1553076,33,4,,0,72,,1553077,33,4,,0
27300,'20261002',1642,,1476156,33,4,,0,70,,1476157,33,4,,0,23,,1476158,33,4,,0,72,,1476159,33,4,,0
27300,'20261005',1642,,1499193,33,4,,0,70,,1499194,33,4,,0,23,,1499195,33,4,,0,72,,1499196,33,4,,0
27300,'20261006',1642,,1527293,33,4,,0,70,,1527294,33,4,,0,23,,1527295,33,4,,0,72,,1527296,33,4,,0
27300,'20261007',1642,,1527297,33,4,,0,70,,1527298,33,4,,0,23,,1527299,33,4,,0,72,,1527300,33,4,,0
27300,'20261008',1642,,1527301,33,4,,0,70,,1527302,33,4,,0,23,,1527303,33,4,,0,72,,1527304,33,4,,0
27300,'20261009',1642,,1527305,33,4,,0,70,,1527306,33,4,,0,23,,1527307,33,4,,0,72,,1527308,33,4,,0
38400,'20260929',1612,,1553819,22,4,,0,34,,1553820,22,4,,0,95,,1553821,22,4,,0,111,,1553822,22,4,,0
38400,'20260930',1612,,1553823,22,4,,0,34,,1553824,22,4,,0,95,,1553825,22,4,,0,111,,1553826,22,4,,0
38400,'20261001',1612,,1553827,22,4,,0,34,,1553828,22,4,,0,95,,1553829,22,4,,0,111,,1553830,22,4,,0
38400,'20261002',1612,,1477151,22,4,,0,34,,1477148,22,4,,0,95,,1477149,22,4,,0,111,,1477150,22,4,,0
38400,'20261005',1612,,1500196,22,4,,0,34,,1500193,22,4,,0,95,,1500194,22,4,,0,111,,1500195,22,4,,0
38400,'20261006',1612,,1528786,22,4,,0,34,,1528783,22,4,,0,95,,1528784,22,4,,0,111,,1528785,22,4,,0
38400,'20261007',1612,,1528790,22,4,,0,34,,1528787,22,4,,0,95,,1528788,22,4,,0,111,,1528789,22,4,,0
38400,'20261008',1612,,1528794,22,4,,0,34,,1528791,22,4,,0,95,,1528792,22,4,,0,111,,1528793,22,4,,0
38400,'20261009',1612,,1528798,22,4,,0,34,,1528795,22,4,,0,95,,1528796,22,4,,0,111,,1528797,22,4,,0
58400,'20260929',1618,,1554177,20,4,,0,84,,1554178,20,4,,0,24,,1554179,20,4,,0,33,,1554180,20,4,,0
58400,'20260930',1618,,1554181,20,4,,0,84,,1554182,20,4,,0,24,,1554183,20,4,,0,33,,1554184,20,4,,0
58400,'20261001',1618,,1554185,20,4,,0,84,,1554186,20,4,,0,24,,1554187,20,4,,0,33,,1554188,20,4,,0
58400,'20261002',1618,,1477693,20,4,,0,84,,1477691,20,4,,0,24,,1477692,20,4,,0,33,,1477694,20,4,,0
58400,'20261005',1618,,1500666,20,4,,0,84,,1500664,20,4,,0,24,,1500665,20,4,,0,33,,1500667,20,4,,0
58400,'20261006',1618,,1529496,20,4,,0,84,,1529494,20,4,,0,24,,1529495,20,4,,0,33,,1529497,20,4,,0
58400,'20261007',1618,,1529500,20,4,,0,84,,1529498,20,4,,0,24,,1529499,20,4,,0,33,,1529501,20,4,,0
58400,'20261008',1618,,1529504,20,4,,0,84,,1529502,20,4,,0,24,,1529503,20,4,,0,33,,1529505,20,4,,0
58400,'20261009',1618,,1529508,20,4,,0,84,,1529506,20,4,,0,24,,1529507,20,4,,0,33,,1529509,20,4,,0
97203,'20261002',2613,,1485607,50,,,0
97203,'20261003',2613,,1508565,50,,,0
97203,'20261009',2613,,1540241,50,,,0
97203,'20261010',2613,,1561866,50,,,0
