401,'20261009',545,,1595379,28,,,0,71,,1595380,28,,,0,28,,1595381,28,,,0,72,,1595382,28,,,0,15,,1595383,28,,,0,15,,1595384,28,,,0,55,,1595385,28,,,0,10,,1595386,28,,,0,6,,1595387,28,,,0,10,,1595388,28,,,0,10,,1595389,28,,,0,13,,1595390,28,,,0,54,,1595391,28,,,0,15,,1595392,28,,,0,17,,1595393,28,,,0,70,,1595394,28,,,0,32,,1595395,28,,,0,69,,1595396,28,,,0,29,,1595397,28,,,0,71,,1595398,28,,,0,29,,1595399,28,,,0,14,,1595400,28,,,0,56,,1595401,28,,,0,31,,1595402,28,,,0,70,,1595403,28,,,0,29,,1595404,28,,,0,67,,1595405,28,,,0,14,,1595406,28,,,0,18,,1595407,28,,,0,18,,1595408,28,,,0,60,,1595409,28,,,0,15,,1595410,28,,,0,9,,1595411,28,,,0,18,,1595412,28,,,0,55,,1595413,28,,,0,15,,1595414,28,,,0,15,,1595415,28,,,0,60,,1595416,28,,,0,24,,1595417,28,,,0,100,,1595418,28,,,0,101,,1595419,28,,,0,101,,1595420,28,,,0,100,,1595421,28,,,0,100,,1595422,28,,,0,97,,1595423,28,,,0
401,'20261010',707,,1626624,28,,,0,99,,1626625,28,,,0,98,,1626626,28,,,0,99,,1626627,28,,,0,101,,1626628,28,,,0,98,,1626629,28,,,0,100,,1626630,28,,,0,100,,1626631,28,,,0,100,,1626632,28,,,0,100,,1626633,28,,,0,102,,1626634,28,,,0,99,,1626635,28,,,0,100,,1626636,28,,,0,98,,1626637,28,,,0,100,,1626638,28,,,0,58,,1626639,28,,,0,99,,1626640,28,,,0,98,,1626641,28,,,0
401,'20261011',707,,1626642,28,,,0,99,,1626643,28,,,0,98,,1626644,28,,,0,99,,1626645,28,,,0,101,,1626646,28,,,0,98,,1626647,28,,,0,100,,1626648,28,,,0,100,,1626649,28,,,0,100,,1626650,28,,,0,100,,1626651,28,,,0,102,,1626652,28,,,0,99,,1626653,28,,,0,100,,1626654,28,,,0,98,,1626655,28,,,0,100,,1626656,28,,,0,58,,1626657,28,,,0,99,,1626658,28,,,0,98,,1626659,28,,,0
401,'20261012',707,,1626660,28,,,0,99,,1626661,28,,,0,98,,1626662,28,,,0,99,,1626663,28,,,0,101,,1626664,28,,,0,98,,1626665,28,,,0,100,,1626666,28,,,0,100,,1626667,28,,,0,100,,1626668,28,,,0,100,,1626669,28,,,0,102,,1626670,28,,,0,99,,1626671,28,,,0,100,,1626672,28,,,0,98,,1626673,28,,,0,100,,1626674,28,,,0,58,,1626675,28,,,0,99,,1626676,28,,,0,98,,1626677,28,,,0
401,'20261013',545,,1563677,28,,,0,71,,1563673,28,,,0,28,,1563670,28,,,0,72,,1563676,28,,,0,15,,1563702,28,,,0,15,,1563671,28,,,0,55,,1563713,28,,,0,10,,1563703,28,,,0,6,,1563714,28,,,0,10,,1563678,28,,,0,10,,1563700,28,,,0,13,,1563679,28,,,0,54,,1563704,28,,,0,15,,1563674,28,,,0,17,,1563705,28,,,0,70,,1563680,28,,,0,32,,1563681,28,,,0,69,,1563672,28,,,0,29,,1563682,28,,,0,71,,1563683,28,,,0,29,,1563684,28,,,0,14,,1563706,28,,,0,56,,1563686,28,,,0,31,,1563685,28,,,0,70,,1563687,28,,,0,29,,1563688,28,,,0,67,,1563675,28,,,0,14,,1563707,28,,,0,18,,1563694,28,,,0,18,,1563708,28,,,0,60,,1563695,28,,,0,15,,1563709,28,,,0,9,,1563696,28,,,0,18,,1563710,28,,,0,55,,1563698,28,,,0,15,,1563711,28,,,0,15,,1563712,28,,,0,60,,1563701,28,,,0,24,,1563689,28,,,0,100,,1563699,28,,,0,101,,1563690,28,,,0,101,,1563691,28,,,0,100,,1563697,28,,,0,100,,1563692,28,,,0,97,,1563693,28,,,0
401,'20261014',545,,1563722,28,,,0,71,,1563718,28,,,0,28,,1563715,28,,,0,72,,1563721,28,,,0,15,,1563747,28,,,0,15,,1563716,28,,,0,55,,1563758,28,,,0,10,,1563748,28,,,0,6,,1563759,28,,,0,10,,1563723,28,,,0,10,,1563745,28,,,0,13,,1563724,28,,,0,54,,1563749,28,,,0,15,,1563719,28,,,0,17,,1563750,28,,,0,70,,1563725,28,,,0,32,,1563726,28,,,0,69,,1563717,28,,,0,29,,1563727,28,,,0,71,,1563728,28,,,0,29,,1563729,28,,,0,14,,1563751,28,,,0,56,,1563731,28,,,0,31,,1563730,28,,,0,70,,1563732,28,,,0,29,,1563733,28,,,0,67,,1563720,28,,,0,14,,1563752,28,,,0,18,,1563739,28,,,0,18,,1563753,28,,,0,60,,1563740,28,,,0,15,,1563754,28,,,0,9,,1563741,28,,,0,18,,1563755,28,,,0,55,,1563743,28,,,0,15,,1563756,28,,,0,15,,1563757,28,,,0,60,,1563746,28,,,0,24,,1563734,28,,,0,100,,1563744,28,,,0,101,,1563735,28,,,0,101,,1563736,28,,,0,100,,1563742,28,,,0,100,,1563737,28,,,0,97,,1563738,28,,,0
401,'20261015',545,,1563767,28,,,0,71,,1563763,28,,,0,28,,1563760,28,,,0,72,,1563766,28,,,0,15,,1563792,28,,,0,15,,1563761,28,,,0,55,,1563803,28,,,0,10,,1563793,28,,,0,6,,1563804,28,,,0,10,,1563768,28,,,0,10,,1563790,28,,,0,13,,1563769,28,,,0,54,,1563794,28,,,0,15,,1563764,28,,,0,17,,1563795,28,,,0,70,,1563770,28,,,0,32,,1563771,28,,,0,69,,1563762,28,,,0,29,,1563772,28,,,0,71,,1563773,28,,,0,29,,1563774,28,,,0,14,,1563796,28,,,0,56,,1563776,28,,,0,31,,1563775,28,,,0,70,,1563777,28,,,0,29,,1563778,28,,,0,67,,1563765,28,,,0,14,,1563797,28,,,0,18,,1563784,28,,,0,18,,1563798,28,,,0,60,,1563785,28,,,0,15,,1563799,28,,,0,9,,1563786,28,,,0,18,,1563800,28,,,0,55,,1563788,28,,,0,15,,1563801,28,,,0,15,,1563802,28,,,0,60,,1563791,28,,,0,24,,1563779,28,,,0,100,,1563789,28,,,0,101,,1563780,28,,,0,101,,1563781,28,,,0,100,,1563787,28,,,0,100,,1563782,28,,,0,97,,1563783,28,,,0
401,'20261016',545,,1563812,28,,,0,71,,1563808,28,,,0,28,,1563805,28,,,0,72,,1563811,28,,,0,15,,1563837,28,,,0,15,,1563806,28,,,0,55,,1563848,28,,,0,10,,1563838,28,,,0,6,,1563849,28,,,0,10,,1563813,28,,,0,10,,1563835,28,,,0,13,,1563814,28,,,0,54,,1563839,28,,,0,15,,1563809,28,,,0,17,,1563840,28,,,0,70,,1563815,28,,,0,32,,1563816,28,,,0,69,,1563807,28,,,0,29,,1563817,28,,,0,71,,1563818,28,,,0,29,,1563819,28,,,0,14,,1563841,28,,,0,56,,1563821,28,,,0,31,,1563820,28,,,0,70,,1563822,28,,,0,29,,1563823,28,,,0,67,,1563810,28,,,0,14,,1563842,28,,,0,18,,1563829,28,,,0,18,,1563843,28,,,0,60,,1563830,28,,,0,15,,1563844,28,,,0,9,,1563831,28,,,0,18,,1563845,28,,,0,55,,1563833,28,,,0,15,,1563846,28,,,0,15,,1563847,28,,,0,60,,1563836,28,,,0,24,,1563824,28,,,0,100,,1563834,28,,,0,101,,1563825,28,,,0,101,,1563826,28,,,0,100,,1563832,28,,,0,100,,1563827,28,,,0,97,,1563828,28,,,0
401,'20261017',707,,1595441,28,,,0,99,,1595424,28,,,0,98,,1595425,28,,,0,99,,1595426,28,,,0,101,,1595427,28,,,0,98,,1595428,28,,,0,100,,1595429,28,,,0,100,,1595430,28,,,0,100,,1595431,28,,,0,100,,1595432,28,,,0,102,,1595433,28,,,0,99,,1595434,28,,,0,100,,1595435,28,,,0,98,,1595436,28,,,0,100,,1595437,28,,,0,58,,1595438,28,,,0,99,,1595439,28,,,0,98,,1595440,28,,,0
401,'20261018',707,,1595459,28,,,0,99,,1595442,28,,,0,98,,1595443,28,,,0,99,,1595444,28,,,0,101,,1595445,28,,,0,98,,1595446,28,,,0,100,,1595447,28,,,0,100,,1595448,28,,,0,100,,1595449,28,,,0,100,,1595450,28,,,0,102,,1595451,28,,,0,99,,1595452,28,,,0,100,,1595453,28,,,0,98,,1595454,28,,,0,100,,1595455,28,,,0,58,,1595456,28,,,0,99,,1595457,28,,,0,98,,1595458,28,,,0
401,'20261019',545,,1595467,28,,,0,71,,1595463,28,,,0,28,,1595460,28,,,0,72,,1595466,28,,,0,15,,1595492,28,,,0,15,,1595461,28,,,0,55,,1595503,28,,,0,10,,1595493,28,,,0,6,,1595504,28,,,0,10,,1595468,28,,,0,10,,1595490,28,,,0,13,,1595469,28,,,0,54,,1595494,28,,,0,15,,1595464,28,,,0,17,,1595495,28,,,0,70,,1595470,28,,,0,32,,1595471,28,,,0,69,,1595462,28,,,0,29,,1595472,28,,,0,71,,1595473,28,,,0,29,,1595474,28,,,0,14,,1595496,28,,,0,56,,1595476,28,,,0,31,,1595475,28,,,0,70,,1595477,28,,,0,29,,1595478,28,,,0,67,,1595465,28,,,0,14,,1595497,28,,,0,18,,1595484,28,,,0,18,,1595498,28,,,0,60,,1595485,28,,,0,15,,1595499,28,,,0,9,,1595486,28,,,0,18,,1595500,28,,,0,55,,1595488,28,,,0,15,,1595501,28,,,0,15,,1595502,28,,,0,60,,1595491,28,,,0,24,,1595479,28,,,0,100,,1595489,28,,,0,101,,1595480,28,,,0,101,,1595481,28,,,0,100,,1595487,28,,,0,100,,1595482,28,,,0,97,,1595483,28,,,0
401,'20261020',545,,1595512,28,,,0,71,,1595508,28,,,0,28,,1595505,28,,,0,72,,1595511,28,,,0,15,,1595537,28,,,0,15,,1595506,28,,,0,55,,1595548,28,,,0,10,,1595538,28,,,0,6,,1595549,28,,,0,10,,1595513,28,,,0,10,,1595535,28,,,0,13,,1595514,28,,,0,54,,1595539,28,,,0,15,,1595509,28,,,0,17,,1595540,28,,,0,70,,1595515,28,,,0,32,,1595516,28,,,0,69,,1595507,28,,,0,29,,1595517,28,,,0,71,,1595518,28,,,0,29,,1595519,28,,,0,14,,1595541,28,,,0,56,,1595521,28,,,0,31,,1595520,28,,,0,70,,1595522,28,,,0,29,,1595523,28,,,0,67,,1595510,28,,,0,14,,1595542,28,,,0,18,,1595529,28,,,0,18,,1595543,28,,,0,60,,1595530,28,,,0,15,,1595544,28,,,0,9,,1595531,28,,,0,18,,1595545,28,,,0,55,,1595533,28,,,0,15,,1595546,28,,,0,15,,1595547,28,,,0,60,,1595536,28,,,0,24,,1595524,28,,,0,100,,1595534,28,,,0,101,,1595525,28,,,0,101,,1595526,28,,,0,100,,1595532,28,,,0,100,,1595527,28,,,0,97,,1595528,28,,,0
401,'20261021',545,,1626685,28,,,0,71,,1626681,28,,,0,28,,1626678,28,,,0,72,,1626684,28,,,0,15,,1626710,28,,,0,15,,1626679,28,,,0,55,,1626721,28,,,0,10,,1626711,28,,,0,6,,1626722,28,,,0,10,,1626686,28,,,0,10,,1626708,28,,,0,13,,1626687,28,,,0,54,,1626712,28,,,0,15,,1626682,28,,,0,17,,1626713,28,,,0,70,,1626688,28,,,0,32,,1626689,28,,,0,69,,1626680,28,,,0,29,,1626690,28,,,0,71,,1626691,28,,,0,29,,1626692,28,,,0,14,,1626714,28,,,0,56,,1626694,28,,,0,31,,1626693,28,,,0,70,,1626695,28,,,0,29,,1626696,28,,,0,67,,1626683,28,,,0,14,,1626715,28,,,0,18,,1626702,28,,,0,18,,1626716,28,,,0,60,,1626703,28,,,0,15,,1626717,28,,,0,9,,1626704,28,,,0,18,,1626718,28,,,0,55,,1626706,28,,,0,15,,1626719,28,,,0,15,,1626720,28,,,0,60,,1626709,28,,,0,24,,1626697,28,,,0,100,,1626707,28,,,0,101,,1626698,28,,,0,101,,1626699,28,,,0,100,,1626705,28,,,0,100,,1626700,28,,,0,97,,1626701,28,,,0
401,'20261022',545,,1626730,28,,,0,71,,1626726,28,,,0,28,,1626723,28,,,0,72,,1626729,28,,,0,15,,1626755,28,,,0,15,,1626724,28,,,0,55,,1626766,28,,,0,10,,1626756,28,,,0,6,,1626767,28,,,0,10,,1626731,28,,,0,10,,1626753,28,,,0,13,,1626732,28,,,0,54,,1626757,28,,,0,15,,1626727,28,,,0,17,,1626758,28,,,0,70,,1626733,28,,,0,32,,1626734,28,,,0,69,,1626725,28,,,0,29,,1626735,28,,,0,71,,1626736,28,,,0,29,,1626737,28,,,0,14,,1626759,28,,,0,56,,1626739,28,,,0,31,,1626738,28,,,0,70,,1626740,28,,,0,29,,1626741,28,,,0,67,,1626728,28,,,0,14,,1626760,28,,,0,18,,1626747,28,,,0,18,,1626761,28,,,0,60,,1626748,28,,,0,15,,1626762,28,,,0,9,,1626749,28,,,0,18,,1626763,28,,,0,55,,1626751,28,,,0,15,,1626764,28,,,0,15,,1626765,28,,,0,60,,1626754,28,,,0,24,,1626742,28,,,0,100,,1626752,28,,,0,101,,1626743,28,,,0,101,,1626744,28,,,0,100,,1626750,28,,,0,100,,1626745,28,,,0,97,,1626746,28,,,0
401,'20261023',545,,1626775,28,,,0,71,,1626771,28,,,0,28,,1626768,28,,,0,72,,1626774,28,,,0,15,,1626800,28,,,0,15,,1626769,28,,,0,55,,1626811,28,,,0,10,,1626801,28,,,0,6,,1626812,28,,,0,10,,1626776,28,,,0,10,,1626798,28,,,0,13,,1626777,28,,,0,54,,1626802,28,,,0,15,,1626772,28,,,0,17,,1626803,28,,,0,70,,1626778,28,,,0,32,,1626779,28,,,0,69,,1626770,28,,,0,29,,1626780,28,,,0,71,,1626781,28,,,0,29,,1626782,28,,,0,14,,1626804,28,,,0,56,,1626784,28,,,0,31,,1626783,28,,,0,70,,1626785,28,,,0,29,,1626786,28,,,0,67,,1626773,28,,,0,14,,1626805,28,,,0,18,,1626792,28,,,0,18,,1626806,28,,,0,60,,1626793,28,,,0,15,,1626807,28,,,0,9,,1626794,28,,,0,18,,1626808,28,,,0,55,,1626796,28,,,0,15,,1626809,28,,,0,15,,1626810,28,,,0,60,,1626799,28,,,0,24,,1626787,28,,,0,100,,1626797,28,,,0,101,,1626788,28,,,0,101,,1626789,28,,,0,100,,1626795,28,,,0,100,,1626790,28,,,0,97,,1626791,28,,,0
