8201,'20260929',617,,1550559,97,,,0,33,,1550560,97,,,0,71,,1550561,97,,,0,32,,1550562,97,,,0,75,,1550563,97,,,0,76,,1550564,97,,,0,35,,1550565,97,,,0,99,,1550566,97,,,0,102,,1550575,82,,,0,95,,1550567,97,,,0,98,,1550576,82,,,0,98,,1550568,97,,,0,95,,1550577,82,,,0,110,,1550569,97,,,0,97,,1550578,82,,,0,93,,1550570,97,,,0,93,,1550571,97,,,0,28,,1550572,97,,,0,98,,1550573,97,,,0,170,,1550579,82,,,0,130,,1550574,97,,,0
8201,'20260930',617,,1550580,97,,,0,33,,1550581,97,,,0,71,,1550582,97,,,0,32,,1550583,97,,,0,75,,1550584,97,,,0,76,,1550585,97,,,0,35,,1550586,97,,,0,99,,1550587,97,,,0,102,,1550596,82,,,0,95,,1550588,97,,,0,98,,1550597,82,,,0,98,,1550589,97,,,0,95,,1550598,82,,,0,110,,1550590,97,,,0,97,,1550599,82,,,0,93,,1550591,97,,,0,93,,1550592,97,,,0,28,,1550593,97,,,0,98,,1550594,97,,,0,170,,1550600,82,,,0,130,,1550595,97,,,0
8201,'20261001',617,,1550601,97,,,0,33,,1550602,97,,,0,71,,1550603,97,,,0,32,,1550604,97,,,0,75,,1550605,97,,,0,76,,1550606,97,,,0,35,,1550607,97,,,0,99,,1550608,97,,,0,102,,1550617,82,,,0,95,,1550609,97,,,0,98,,1550618,82,,,0,98,,1550610,97,,,0,95,,1550619,82,,,0,110,,1550611,97,,,0,97,,1550620,82,,,0,93,,1550612,97,,,0,93,,1550613,97,,,0,28,,1550614,97,,,0,98,,1550615,97,,,0,170,,1550621,82,,,0,130,,1550616,97,,,0
8201,'20261002',617,,1473468,97,,,0,33,,1473469,97,,,0,71,,1473470,97,,,0,32,,1473471,97,,,0,75,,1473485,97,,,0,76,,1473482,97,,,0,35,,1473487,97,,,0,99,,1473472,97,,,0,102,,1473477,82,,,0,95,,1473473,97,,,0,98,,1473478,82,,,0,98,,1473484,97,,,0,95,,1473479,82,,,0,110,,1473483,97,,,0,97,,1473480,82,,,0,93,,1473474,97,,,0,93,,1473475,97,,,0,28,,1473486,97,,,0,98,,1473488,97,,,0,170,,1473481,82,,,0,130,,1473476,97,,,0
8201,'20261003',714,,1496485,97,,,0,100,,1496479,82,,,0,101,,1496480,97,,,0,100,,1496473,82,,,0,101,,1496483,97,,,0,100,,1496474,82,,,0,101,,1496470,97,,,0,100,,1496475,82,,,0,100,,1496481,97,,,0,100,,1496476,82,,,0,100,,1496482,97,,,0,98,,1496477,82,,,0,99,,1496484,97,,,0,100,,1496471,82,,,0,100,,1496478,97,,,0,129,,1496486,82,,,0,170,,1496472,97,,,0
8201,'20261004',714,,1496503,97,,,0,100,,1496502,82,,,0,101,,1496498,97,,,0,100,,1496500,82,,,0,101,,1496499,97,,,0,100,,1496501,82,,,0,101,,1496492,97,,,0,100,,1496487,82,,,0,100,,1496496,97,,,0,100,,1496488,82,,,0,100,,1496495,97,,,0,98,,1496489,82,,,0,99,,1496497,97,,,0,100,,1496493,82,,,0,100,,1496491,97,,,0,129,,1496490,82,,,0,170,,1496494,97,,,0
8201,'20261005',617,,1496504,97,,,0,33,,1496505,97,,,0,71,,1496506,97,,,0,32,,1496507,97,,,0,75,,1496521,97,,,0,76,,1496518,97,,,0,35,,1496523,97,,,0,99,,1496508,97,,,0,102,,1496513,82,,,0,95,,1496509,97,,,0,98,,1496514,82,,,0,98,,1496520,97,,,0,95,,1496515,82,,,0,110,,1496519,97,,,0,97,,1496516,82,,,0,93,,1496510,97,,,0,93,,1496511,97,,,0,28,,1496522,97,,,0,98,,1496524,97,,,0,170,,1496517,82,,,0,130,,1496512,97,,,0
8201,'20261006',617,,1523482,97,,,0,33,,1523483,97,,,0,71,,1523484,97,,,0,32,,1523485,97,,,0,75,,1523499,97,,,0,76,,1523496,97,,,0,35,,1523501,97,,,0,99,,1523486,97,,,0,102,,1523491,82,,,0,95,,1523487,97,,,0,98,,1523492,82,,,0,98,,1523498,97,,,0,95,,1523493,82,,,0,110,,1523497,97,,,0,97,,1523494,82,,,0,93,,1523488,97,,,0,93,,1523489,97,,,0,28,,1523500,97,,,0,98,,1523502,97,,,0,170,,1523495,82,,,0,130,,1523490,97,,,0
8201,'20261007',617,,1523503,97,,,0,33,,1523504,97,,,0,71,,1523505,97,,,0,32,,1523506,97,,,0,75,,1523520,97,,,0,76,,1523517,97,,,0,35,,1523522,97,,,0,99,,1523507,97,,,0,102,,1523512,82,,,0,95,,1523508,97,,,0,98,,1523513,82,,,0,98,,1523519,97,,,0,95,,1523514,82,,,0,110,,1523518,97,,,0,97,,1523515,82,,,0,93,,1523509,97,,,0,93,,1523510,97,,,0,28,,1523521,97,,,0,98,,1523523,97,,,0,170,,1523516,82,,,0,130,,1523511,97,,,0
8201,'20261008',617,,1523524,97,,,0,33,,1523525,97,,,0,71,,1523526,97,,,0,32,,1523527,97,,,0,75,,1523541,97,,,0,76,,1523538,97,,,0,35,,1523543,97,,,0,99,,1523528,97,,,0,102,,1523533,82,,,0,95,,1523529,97,,,0,98,,1523534,82,,,0,98,,1523540,97,,,0,95,,1523535,82,,,0,110,,1523539,97,,,0,97,,1523536,82,,,0,93,,1523530,97,,,0,93,,1523531,97,,,0,28,,1523542,97,,,0,98,,1523544,97,,,0,170,,1523537,82,,,0,130,,1523532,97,,,0
8201,'20261009',617,,1523545,97,,,0,33,,1523546,97,,,0,71,,1523547,97,,,0,32,,1523548,97,,,0,75,,1523562,97,,,0,76,,1523559,97,,,0,35,,1523564,97,,,0,99,,1523549,97,,,0,102,,1523554,82,,,0,95,,1523550,97,,,0,98,,1523555,82,,,0,98,,1523561,97,,,0,95,,1523556,82,,,0,110,,1523560,97,,,0,97,,1523557,82,,,0,93,,1523551,97,,,0,93,,1523552,97,,,0,28,,1523563,97,,,0,98,,1523565,97,,,0,170,,1523558,82,,,0,130,,1523553,97,,,0
8201,'20261010',714,,1550637,97,,,0,100,,1550631,82,,,0,101,,1550632,97,,,0,100,,1550625,82,,,0,101,,1550635,97,,,0,100,,1550626,82,,,0,101,,1550622,97,,,0,100,,1550627,82,,,0,100,,1550633,97,,,0,100,,1550628,82,,,0,100,,1550634,97,,,0,98,,1550629,82,,,0,99,,1550636,97,,,0,100,,1550623,82,,,0,100,,1550630,97,,,0,129,,1550638,82,,,0,170,,1550624,97,,,0
8201,'20261011',714,,1550655,97,,,0,100,,1550654,82,,,0,101,,1550650,97,,,0,100,,1550652,82,,,0,101,,1550651,97,,,0,100,,1550653,82,,,0,101,,1550644,97,,,0,100,,1550639,82,,,0,100,,1550648,97,,,0,100,,1550640,82,,,0,100,,1550647,97,,,0,98,,1550641,82,,,0,99,,1550649,97,,,0,100,,1550645,82,,,0,100,,1550643,97,,,0,129,,1550642,82,,,0,170,,1550646,97,,,0
8201,'20261012',714,,1550672,97,,,0,100,,1550671,82,,,0,101,,1550667,97,,,0,100,,1550669,82,,,0,101,,1550668,97,,,0,100,,1550670,82,,,0,101,,1550661,97,,,0,100,,1550656,82,,,0,100,,1550665,97,,,0,100,,1550657,82,,,0,100,,1550664,97,,,0,98,,1550658,82,,,0,99,,1550666,97,,,0,100,,1550662,82,,,0,100,,1550660,97,,,0,129,,1550659,82,,,0,170,,1550663,97,,,0
