9300,'20261006',657,,1610175,48,,,0,102,,1610176,48,,,0,50,,1610164,54,,,0,50,,1610177,48,,,0,76,,1610165,54,,,0,24,,1610178,48,,,0,100,,1610179,48,,,0,44,,1610166,54,,,0,56,,1610180,48,,,0,77,,1610167,54,,,0,23,,1610181,48,,,0,99,,1610182,48,,,0,47,,1610168,54,,,0,48,,1610183,48,,,0,69,,1610184,48,,,0,17,,1610169,54,,,0,11,,1610185,48,,,0,71,,1610186,48,,,0,33,,1610174,44,,,0,2,,1610187,48,,,0,60,,1610170,54,,,0,6,,1610188,48,,,0,30,,1610189,48,,,0,72,,1610190,48,,,0,15,,1610171,54,,,0,11,,1610191,48,,,0,69,,1610192,48,,,0,82,,1610172,54,,,0,1,,1610193,48,,,0,100,,1610194,48,,,0,28,,1610173,54,,,0,72,,1610195,48,,,0,99,,1610196,48,,,0,100,,1610197,48,,,0
9300,'20261007',657,,1610209,48,,,0,102,,1610210,48,,,0,50,,1610198,54,,,0,50,,1610211,48,,,0,76,,1610199,54,,,0,24,,1610212,48,,,0,100,,1610213,48,,,0,44,,1610200,54,,,0,56,,1610214,48,,,0,77,,1610201,54,,,0,23,,1610215,48,,,0,99,,1610216,48,,,0,47,,1610202,54,,,0,48,,1610217,48,,,0,69,,1610218,48,,,0,17,,1610203,54,,,0,11,,1610219,48,,,0,71,,1610220,48,,,0,33,,1610208,44,,,0,2,,1610221,48,,,0,60,,1610204,54,,,0,6,,1610222,48,,,0,30,,1610223,48,,,0,72,,1610224,48,,,0,15,,1610205,54,,,0,11,,1610225,48,,,0,69,,1610226,48,,,0,82,,1610206,54,,,0,1,,1610227,48,,,0,100,,1610228,48,,,0,28,,1610207,54,,,0,72,,1610229,48,,,0,99,,1610230,48,,,0,100,,1610231,48,,,0
9300,'20261008',657,,1610243,48,,,0,102,,1610244,48,,,0,50,,1610232,54,,,0,50,,1610245,48,,,0,76,,1610233,54,,,0,24,,1610246,48,,,0,100,,1610247,48,,,0,44,,1610234,54,,,0,56,,1610248,48,,,0,77,,1610235,54,,,0,23,,1610249,48,,,0,99,,1610250,48,,,0,47,,1610236,54,,,0,48,,1610251,48,,,0,69,,1610252,48,,,0,17,,1610237,54,,,0,11,,1610253,48,,,0,71,,1610254,48,,,0,33,,1610242,44,,,0,2,,1610255,48,,,0,60,,1610238,54,,,0,6,,1610256,48,,,0,30,,1610257,48,,,0,72,,1610258,48,,,0,15,,1610239,54,,,0,11,,1610259,48,,,0,69,,1610260,48,,,0,82,,1610240,54,,,0,1,,1610261,48,,,0,100,,1610262,48,,,0,28,,1610241,54,,,0,72,,1610263,48,,,0,99,,1610264,48,,,0,100,,1610265,48,,,0
9300,'20261009',657,,1610277,48,,,0,102,,1610278,48,,,0,50,,1610266,54,,,0,50,,1610279,48,,,0,76,,1610267,54,,,0,24,,1610280,48,,,0,100,,1610281,48,,,0,44,,1610268,54,,,0,56,,1610282,48,,,0,77,,1610269,54,,,0,23,,1610283,48,,,0,99,,1610284,48,,,0,47,,1610270,54,,,0,48,,1610285,48,,,0,69,,1610286,48,,,0,17,,1610271,54,,,0,11,,1610287,48,,,0,71,,1610288,48,,,0,33,,1610276,44,,,0,2,,1610289,48,,,0,60,,1610272,54,,,0,6,,1610290,48,,,0,30,,1610291,48,,,0,72,,1610292,48,,,0,15,,1610273,54,,,0,11,,1610293,48,,,0,69,,1610294,48,,,0,82,,1610274,54,,,0,1,,1610295,48,,,0,100,,1610296,48,,,0,28,,1610275,54,,,0,72,,1610297,48,,,0,99,,1610298,48,,,0,100,,1610299,48,,,0
9300,'20261010',656,,1551869,48,,,0,102,,1551860,48,,,0,100,,1551861,48,,,0,71,,1551871,54,,,0,28,,1551868,48,,,0,100,,1551854,48,,,0,43,,1551872,54,,,0,56,,1551865,48,,,0,76,,1551873,54,,,0,25,,1551862,48,,,0,101,,1551863,48,,,0,44,,1551874,54,,,0,56,,1551855,48,,,0,74,,1551875,54,,,0,26,,1551864,48,,,0,101,,1551866,48,,,0,45,,1551876,54,,,0,54,,1551856,48,,,0,74,,1551877,54,,,0,25,,1551867,48,,,0,99,,1551859,48,,,0,2,,1551878,54,,,0,168,,1551879,54,,,0,30,,1551857,48,,,0,200,,1551858,48,,,0
9300,'20261011',656,,1551895,48,,,0,102,,1551885,48,,,0,100,,1551893,48,,,0,71,,1551897,54,,,0,28,,1551894,48,,,0,100,,1551886,48,,,0,43,,1551898,54,,,0,56,,1551890,48,,,0,76,,1551899,54,,,0,25,,1551880,48,,,0,101,,1551888,48,,,0,44,,1551900,54,,,0,56,,1551887,48,,,0,74,,1551901,54,,,0,26,,1551889,48,,,0,101,,1551891,48,,,0,45,,1551902,54,,,0,54,,1551881,48,,,0,74,,1551903,54,,,0,25,,1551892,48,,,0,99,,1551884,48,,,0,2,,1551904,54,,,0,168,,1551905,54,,,0,30,,1551882,48,,,0,200,,1551883,48,,,0
9300,'20261012',656,,1551921,48,,,0,102,,1551911,48,,,0,100,,1551919,48,,,0,71,,1551923,54,,,0,28,,1551920,48,,,0,100,,1551912,48,,,0,43,,1551924,54,,,0,56,,1551916,48,,,0,76,,1551925,54,,,0,25,,1551906,48,,,0,101,,1551914,48,,,0,44,,1551926,54,,,0,56,,1551913,48,,,0,74,,1551927,54,,,0,26,,1551915,48,,,0,101,,1551917,48,,,0,45,,1551928,54,,,0,54,,1551907,48,,,0,74,,1551929,54,,,0,25,,1551918,48,,,0,99,,1551910,48,,,0,2,,1551930,54,,,0,168,,1551931,54,,,0,30,,1551908,48,,,0,200,,1551909,48,,,0
9300,'20261013',657,,1578567,48,,,0,102,,1578547,48,,,0,50,,1578570,54,,,0,50,,1578559,48,,,0,76,,1578571,54,,,0,24,,1578563,48,,,0,100,,1578564,48,,,0,44,,1578572,54,,,0,56,,1578565,48,,,0,77,,1578573,54,,,0,23,,1578548,48,,,0,99,,1578549,48,,,0,47,,1578574,54,,,0,48,,1578566,48,,,0,69,,1578556,48,,,0,17,,1578575,54,,,0,11,,1578568,48,,,0,71,,1578560,48,,,0,35,,1578550,48,,,0,60,,1578576,54,,,0,6,,1578551,48,,,0,30,,1578552,48,,,0,72,,1578553,48,,,0,15,,1578577,54,,,0,11,,1578554,48,,,0,69,,1578561,48,,,0,82,,1578578,54,,,0,1,,1578555,48,,,0,100,,1578557,48,,,0,28,,1578579,54,,,0,72,,1578562,48,,,0,99,,1578558,48,,,0,100,,1578569,48,,,0
9300,'20261014',657,,1578600,48,,,0,102,,1578580,48,,,0,50,,1578603,54,,,0,50,,1578592,48,,,0,76,,1578604,54,,,0,24,,1578596,48,,,0,100,,1578597,48,,,0,44,,1578605,54,,,0,56,,1578598,48,,,0,77,,1578606,54,,,0,23,,1578581,48,,,0,99,,1578582,48,,,0,47,,1578607,54,,,0,48,,1578599,48,,,0,69,,1578589,48,,,0,17,,1578608,54,,,0,11,,1578601,48,,,0,71,,1578593,48,,,0,35,,1578583,48,,,0,60,,1578609,54,,,0,6,,1578584,48,,,0,30,,1578585,48,,,0,72,,1578586,48,,,0,15,,1578610,54,,,0,11,,1578587,48,,,0,69,,1578594,48,,,0,82,,1578611,54,,,0,1,,1578588,48,,,0,100,,1578590,48,,,0,28,,1578612,54,,,0,72,,1578595,48,,,0,99,,1578591,48,,,0,100,,1578602,48,,,0
9300,'20261015',657,,1578633,48,,,0,102,,1578613,48,,,0,50,,1578636,54,,,0,50,,1578625,48,,,0,76,,1578637,54,,,0,24,,1578629,48,,,0,100,,1578630,48,,,0,44,,1578638,54,,,0,56,,1578631,48,,,0,77,,1578639,54,,,0,23,,1578614,48,,,0,99,,1578615,48,,,0,47,,1578640,54,,,0,48,,1578632,48,,,0,69,,1578622,48,,,0,17,,1578641,54,,,0,11,,1578634,48,,,0,71,,1578626,48,,,0,35,,1578616,48,,,0,60,,1578642,54,,,0,6,,1578617,48,,,0,30,,1578618,48,,,0,72,,1578619,48,,,0,15,,1578643,54,,,0,11,,1578620,48,,,0,69,,1578627,48,,,0,82,,1578644,54,,,0,1,,1578621,48,,,0,100,,1578623,48,,,0,28,,1578645,54,,,0,72,,1578628,48,,,0,99,,1578624,48,,,0,100,,1578635,48,,,0
9300,'20261016',657,,1578666,48,,,0,102,,1578646,48,,,0,50,,1578669,54,,,0,50,,1578658,48,,,0,76,,1578670,54,,,0,24,,1578662,48,,,0,100,,1578663,48,,,0,44,,1578671,54,,,0,56,,1578664,48,,,0,77,,1578672,54,,,0,23,,1578647,48,,,0,99,,1578648,48,,,0,47,,1578673,54,,,0,48,,1578665,48,,,0,69,,1578655,48,,,0,17,,1578674,54,,,0,11,,1578667,48,,,0,71,,1578659,48,,,0,35,,1578649,48,,,0,60,,1578675,54,,,0,6,,1578650,48,,,0,30,,1578651,48,,,0,72,,1578652,48,,,0,15,,1578676,54,,,0,11,,1578653,48,,,0,69,,1578660,48,,,0,82,,1578677,54,,,0,1,,1578654,48,,,0,100,,1578656,48,,,0,28,,1578678,54,,,0,72,,1578661,48,,,0,99,,1578657,48,,,0,100,,1578668,48,,,0
9300,'20261017',656,,1610315,48,,,0,102,,1610306,48,,,0,100,,1610307,48,,,0,71,,1610317,54,,,0,28,,1610314,48,,,0,100,,1610300,48,,,0,43,,1610318,54,,,0,56,,1610311,48,,,0,76,,1610319,54,,,0,25,,1610308,48,,,0,101,,1610309,48,,,0,44,,1610320,54,,,0,56,,1610301,48,,,0,74,,1610321,54,,,0,26,,1610310,48,,,0,101,,1610312,48,,,0,45,,1610322,54,,,0,54,,1610302,48,,,0,74,,1610323,54,,,0,25,,1610313,48,,,0,99,,1610305,48,,,0,2,,1610324,54,,,0,168,,1610325,54,,,0,30,,1610303,48,,,0,200,,1610304,48,,,0
9300,'20261018',656,,1610341,48,,,0,102,,1610331,48,,,0,100,,1610339,48,,,0,71,,1610343,54,,,0,28,,1610340,48,,,0,100,,1610332,48,,,0,43,,1610344,54,,,0,56,,1610336,48,,,0,76,,1610345,54,,,0,25,,1610326,48,,,0,101,,1610334,48,,,0,44,,1610346,54,,,0,56,,1610333,48,,,0,74,,1610347,54,,,0,26,,1610335,48,,,0,101,,1610337,48,,,0,45,,1610348,54,,,0,54,,1610327,48,,,0,74,,1610349,54,,,0,25,,1610338,48,,,0,99,,1610330,48,,,0,2,,1610350,54,,,0,168,,1610351,54,,,0,30,,1610328,48,,,0,200,,1610329,48,,,0
9300,'20261019',657,,1610372,48,,,0,102,,1610352,48,,,0,50,,1610375,54,,,0,50,,1610364,48,,,0,76,,1610376,54,,,0,24,,1610368,48,,,0,100,,1610369,48,,,0,44,,1610377,54,,,0,56,,1610370,48,,,0,77,,1610378,54,,,0,23,,1610353,48,,,0,99,,1610354,48,,,0,47,,1610379,54,,,0,48,,1610371,48,,,0,69,,1610361,48,,,0,17,,1610380,54,,,0,11,,1610373,48,,,0,71,,1610365,48,,,0,35,,1610355,48,,,0,60,,1610381,54,,,0,6,,1610356,48,,,0,30,,1610357,48,,,0,72,,1610358,48,,,0,15,,1610382,54,,,0,11,,1610359,48,,,0,69,,1610366,48,,,0,82,,1610383,54,,,0,1,,1610360,48,,,0,100,,1610362,48,,,0,28,,1610384,54,,,0,72,,1610367,48,,,0,99,,1610363,48,,,0,100,,1610374,48,,,0
9300,'20261020',657,,1610405,48,,,0,102,,1610385,48,,,0,50,,1610408,54,,,0,50,,1610397,48,,,0,76,,1610409,54,,,0,24,,1610401,48,,,0,100,,1610402,48,,,0,44,,1610410,54,,,0,56,,1610403,48,,,0,77,,1610411,54,,,0,23,,1610386,48,,,0,99,,1610387,48,,,0,47,,1610412,54,,,0,48,,1610404,48,,,0,69,,1610394,48,,,0,17,,1610413,54,,,0,11,,1610406,48,,,0,71,,1610398,48,,,0,35,,1610388,48,,,0,60,,1610414,54,,,0,6,,1610389,48,,,0,30,,1610390,48,,,0,72,,1610391,48,,,0,15,,1610415,54,,,0,11,,1610392,48,,,0,69,,1610399,48,,,0,82,,1610416,54,,,0,1,,1610393,48,,,0,100,,1610395,48,,,0,28,,1610417,54,,,0,72,,1610400,48,,,0,99,,1610396,48,,,0,100,,1610407,48,,,0
28303,'20261006',1637,,1612680,53,4,,0,67,,1612681,53,4,,0,98,,1612682,53,4,,0,22,,1612683,53,4,,0
28303,'20261007',1637,,1612684,53,4,,0,67,,1612685,53,4,,0,98,,1612686,53,4,,0,22,,1612687,53,4,,0
28303,'20261008',1637,,1612688,53,4,,0,67,,1612689,53,4,,0,98,,1612690,53,4,,0,22,,1612691,53,4,,0
28303,'20261009',1637,,1612692,53,4,,0,67,,1612693,53,4,,0,98,,1612694,53,4,,0,22,,1612695,53,4,,0
28303,'20261013',1637,,1580944,53,4,,0,67,,1580941,53,4,,0,98,,1580942,53,4,,0,22,,1580943,53,4,,0
28303,'20261014',1637,,1580948,53,4,,0,67,,1580945,53,4,,0,98,,1580946,53,4,,0,22,,1580947,53,4,,0
28303,'20261015',1637,,1580952,53,4,,0,67,,1580949,53,4,,0,98,,1580950,53,4,,0,22,,1580951,53,4,,0
28303,'20261016',1637,,1580956,53,4,,0,67,,1580953,53,4,,0,98,,1580954,53,4,,0,22,,1580955,53,4,,0
28303,'20261019',1637,,1612699,53,4,,0,67,,1612696,53,4,,0,98,,1612697,53,4,,0,22,,1612698,53,4,,0
28303,'20261020',1637,,1612703,53,4,,0,67,,1612700,53,4,,0,98,,1612701,53,4,,0,22,,1612702,53,4,,0
99203,'20261009',2609,,1625348,50,,,0,130,,1625349,50,,,0
99203,'20261010',2609,,1561872,50,,,0,130,,1561873,50,,,0
99203,'20261016',2609,,1593548,50,,,0,130,,1593549,50,,,0
99203,'20261017',2609,,1625350,50,,,0,130,,1625351,50,,,0
