8600,'20261006',705,,1608962,42,,,0,28,,1608963,42,,,0,73,,1608964,42,,,0,28,,1608965,42,,,0,2,,1608966,42,,,0,101,,1608967,42,,,0,100,,1608968,42,,,0,100,,1608969,42,,,0,99,,1608970,42,,,0,69,,1608971,42,,,0,31,,1608972,42,,,0,100,,1608973,42,,,0,97,,1608974,42,,,0,68,,1608975,42,,,0,25,,1608976,42,,,0,77,,1608977,42,,,0,32,,1608978,42,,,0,71,,1608979,42,,,0,31,,1608980,42,,,0,100,,1608981,42,,,0,100,,1608982,42,,,0,101,,1608983,42,,,0,99,,1608984,42,,,0,102,,1608985,42,,,0
8600,'20261007',705,,1608986,42,,,0,28,,1608987,42,,,0,73,,1608988,42,,,0,28,,1608989,42,,,0,2,,1608990,42,,,0,101,,1608991,42,,,0,100,,1608992,42,,,0,100,,1608993,42,,,0,99,,1608994,42,,,0,69,,1608995,42,,,0,31,,1608996,42,,,0,100,,1608997,42,,,0,97,,1608998,42,,,0,68,,1608999,42,,,0,25,,1609000,42,,,0,77,,1609001,42,,,0,32,,1609002,42,,,0,71,,1609003,42,,,0,31,,1609004,42,,,0,100,,1609005,42,,,0,100,,1609006,42,,,0,101,,1609007,42,,,0,99,,1609008,42,,,0,102,,1609009,42,,,0
8600,'20261008',705,,1609010,42,,,0,28,,1609011,42,,,0,73,,1609012,42,,,0,28,,1609013,42,,,0,2,,1609014,42,,,0,101,,1609015,42,,,0,100,,1609016,42,,,0,100,,1609017,42,,,0,99,,1609018,42,,,0,69,,1609019,42,,,0,31,,1609020,42,,,0,100,,1609021,42,,,0,97,,1609022,42,,,0,68,,1609023,42,,,0,25,,1609024,42,,,0,77,,1609025,42,,,0,32,,1609026,42,,,0,71,,1609027,42,,,0,31,,1609028,42,,,0,100,,1609029,42,,,0,100,,1609030,42,,,0,101,,1609031,42,,,0,99,,1609032,42,,,0,102,,1609033,42,,,0
8600,'20261009',705,,1609034,42,,,0,28,,1609035,42,,,0,73,,1609036,42,,,0,28,,1609037,42,,,0,2,,1609038,42,,,0,101,,1609039,42,,,0,100,,1609040,42,,,0,100,,1609041,42,,,0,99,,1609042,42,,,0,69,,1609043,42,,,0,31,,1609044,42,,,0,100,,1609045,42,,,0,97,,1609046,42,,,0,68,,1609047,42,,,0,25,,1609048,42,,,0,77,,1609049,42,,,0,32,,1609050,42,,,0,71,,1609051,42,,,0,31,,1609052,42,,,0,100,,1609053,42,,,0,100,,1609054,42,,,0,101,,1609055,42,,,0,99,,1609056,42,,,0,102,,1609057,42,,,0
8600,'20261010',738,,1551015,42,,,0,100,,1551024,42,,,0,99,,1551019,42,,,0,100,,1551025,42,,,0,100,,1551020,42,,,0,99,,1551026,42,,,0,100,,1551021,42,,,0,100,,1551027,42,,,0,99,,1551022,42,,,0,100,,1551028,42,,,0,101,,1551023,42,,,0,101,,1551029,42,,,0,100,,1551016,42,,,0,100,,1551030,42,,,0,102,,1551018,42,,,0,100,,1551031,42,,,0,101,,1551017,42,,,0,100,,1551032,42,,,0
8600,'20261011',738,,1551033,42,,,0,100,,1551042,42,,,0,99,,1551034,42,,,0,100,,1551043,42,,,0,100,,1551035,42,,,0,99,,1551044,42,,,0,100,,1551036,42,,,0,100,,1551045,42,,,0,99,,1551037,42,,,0,100,,1551046,42,,,0,101,,1551038,42,,,0,101,,1551047,42,,,0,100,,1551039,42,,,0,100,,1551048,42,,,0,102,,1551040,42,,,0,100,,1551049,42,,,0,101,,1551041,42,,,0,100,,1551050,42,,,0
8600,'20261012',738,,1551051,42,,,0,100,,1551060,42,,,0,99,,1551052,42,,,0,100,,1551061,42,,,0,100,,1551053,42,,,0,99,,1551062,42,,,0,100,,1551054,42,,,0,100,,1551063,42,,,0,99,,1551055,42,,,0,100,,1551064,42,,,0,101,,1551056,42,,,0,101,,1551065,42,,,0,100,,1551057,42,,,0,100,,1551066,42,,,0,102,,1551058,42,,,0,100,,1551067,42,,,0,101,,1551059,42,,,0,100,,1551068,42,,,0
8600,'20261013',705,,1577314,42,,,0,28,,1577313,42,,,0,73,,1577315,42,,,0,28,,1577336,42,,,0,2,,1577316,42,,,0,101,,1577317,42,,,0,100,,1577331,42,,,0,100,,1577319,42,,,0,99,,1577321,42,,,0,69,,1577335,42,,,0,31,,1577322,42,,,0,100,,1577332,42,,,0,97,,1577318,42,,,0,68,,1577323,42,,,0,25,,1577320,42,,,0,77,,1577324,42,,,0,32,,1577325,42,,,0,71,,1577326,42,,,0,31,,1577333,42,,,0,100,,1577327,42,,,0,100,,1577330,42,,,0,101,,1577328,42,,,0,99,,1577334,42,,,0,102,,1577329,42,,,0
8600,'20261014',705,,1577338,42,,,0,28,,1577337,42,,,0,73,,1577339,42,,,0,28,,1577360,42,,,0,2,,1577340,42,,,0,101,,1577341,42,,,0,100,,1577355,42,,,0,100,,1577343,42,,,0,99,,1577345,42,,,0,69,,1577359,42,,,0,31,,1577346,42,,,0,100,,1577356,42,,,0,97,,1577342,42,,,0,68,,1577347,42,,,0,25,,1577344,42,,,0,77,,1577348,42,,,0,32,,1577349,42,,,0,71,,1577350,42,,,0,31,,1577357,42,,,0,100,,1577351,42,,,0,100,,1577354,42,,,0,101,,1577352,42,,,0,99,,1577358,42,,,0,102,,1577353,42,,,0
8600,'20261015',705,,1577362,42,,,0,28,,1577361,42,,,0,73,,1577363,42,,,0,28,,1577384,42,,,0,2,,1577364,42,,,0,101,,1577365,42,,,0,100,,1577379,42,,,0,100,,1577367,42,,,0,99,,1577369,42,,,0,69,,1577383,42,,,0,31,,1577370,42,,,0,100,,1577380,42,,,0,97,,1577366,42,,,0,68,,1577371,42,,,0,25,,1577368,42,,,0,77,,1577372,42,,,0,32,,1577373,42,,,0,71,,1577374,42,,,0,31,,1577381,42,,,0,100,,1577375,42,,,0,100,,1577378,42,,,0,101,,1577376,42,,,0,99,,1577382,42,,,0,102,,1577377,42,,,0
8600,'20261016',705,,1577386,42,,,0,28,,1577385,42,,,0,73,,1577387,42,,,0,28,,1577408,42,,,0,2,,1577388,42,,,0,101,,1577389,42,,,0,100,,1577403,42,,,0,100,,1577391,42,,,0,99,,1577393,42,,,0,69,,1577407,42,,,0,31,,1577394,42,,,0,100,,1577404,42,,,0,97,,1577390,42,,,0,68,,1577395,42,,,0,25,,1577392,42,,,0,77,,1577396,42,,,0,32,,1577397,42,,,0,71,,1577398,42,,,0,31,,1577405,42,,,0,100,,1577399,42,,,0,100,,1577402,42,,,0,101,,1577400,42,,,0,99,,1577406,42,,,0,102,,1577401,42,,,0
8600,'20261017',738,,1609058,42,,,0,100,,1609067,42,,,0,99,,1609062,42,,,0,100,,1609068,42,,,0,100,,1609063,42,,,0,99,,1609069,42,,,0,100,,1609064,42,,,0,100,,1609070,42,,,0,99,,1609065,42,,,0,100,,1609071,42,,,0,101,,1609066,42,,,0,101,,1609072,42,,,0,100,,1609059,42,,,0,100,,1609073,42,,,0,102,,1609061,42,,,0,100,,1609074,42,,,0,101,,1609060,42,,,0,100,,1609075,42,,,0
8600,'20261018',738,,1609076,42,,,0,100,,1609085,42,,,0,99,,1609077,42,,,0,100,,1609086,42,,,0,100,,1609078,42,,,0,99,,1609087,42,,,0,100,,1609079,42,,,0,100,,1609088,42,,,0,99,,1609080,42,,,0,100,,1609089,42,,,0,101,,1609081,42,,,0,101,,1609090,42,,,0,100,,1609082,42,,,0,100,,1609091,42,,,0,102,,1609083,42,,,0,100,,1609092,42,,,0,101,,1609084,42,,,0,100,,1609093,42,,,0
8600,'20261019',705,,1609095,42,,,0,28,,1609094,42,,,0,73,,1609096,42,,,0,28,,1609117,42,,,0,2,,1609097,42,,,0,101,,1609098,42,,,0,100,,1609112,42,,,0,100,,1609100,42,,,0,99,,1609102,42,,,0,69,,1609116,42,,,0,31,,1609103,42,,,0,100,,1609113,42,,,0,97,,1609099,42,,,0,68,,1609104,42,,,0,25,,1609101,42,,,0,77,,1609105,42,,,0,32,,1609106,42,,,0,71,,1609107,42,,,0,31,,1609114,42,,,0,100,,1609108,42,,,0,100,,1609111,42,,,0,101,,1609109,42,,,0,99,,1609115,42,,,0,102,,1609110,42,,,0
8600,'20261020',705,,1609119,42,,,0,28,,1609118,42,,,0,73,,1609120,42,,,0,28,,1609141,42,,,0,2,,1609121,42,,,0,101,,1609122,42,,,0,100,,1609136,42,,,0,100,,1609124,42,,,0,99,,1609126,42,,,0,69,,1609140,42,,,0,31,,1609127,42,,,0,100,,1609137,42,,,0,97,,1609123,42,,,0,68,,1609128,42,,,0,25,,1609125,42,,,0,77,,1609129,42,,,0,32,,1609130,42,,,0,71,,1609131,42,,,0,31,,1609138,42,,,0,100,,1609132,42,,,0,100,,1609135,42,,,0,101,,1609133,42,,,0,99,,1609139,42,,,0,102,,1609134,42,,,0
