903,'20260730',611,,1014839,12,,,0,29,,1014840,12,,,0,67,,1014841,12,,,0,29,,1014842,12,,,0,71,,1014843,12,,,0
903,'20260731',611,,1049298,12,,,0,29,,1049299,12,,,0,67,,1049300,12,,,0,29,,1049301,12,,,0,71,,1049302,12,,,0
903,'20260803',611,,1066254,12,,,0,29,,1066255,12,,,0,67,,1066256,12,,,0,29,,1066257,12,,,0,71,,1066258,12,,,0
903,'20260804',611,,1066259,12,,,0,29,,1066260,12,,,0,67,,1066261,12,,,0,29,,1066262,12,,,0,71,,1066263,12,,,0
903,'20260805',611,,1014853,12,,,0,29,,1014852,12,,,0,67,,1014849,12,,,0,29,,1014850,12,,,0,71,,1014851,12,,,0
903,'20260806',611,,1014858,12,,,0,29,,1014857,12,,,0,67,,1014854,12,,,0,29,,1014855,12,,,0,71,,1014856,12,,,0
903,'20260807',611,,1014863,12,,,0,29,,1014862,12,,,0,67,,1014859,12,,,0,29,,1014860,12,,,0,71,,1014861,12,,,0
903,'20260810',611,,1049307,12,,,0,29,,1049306,12,,,0,67,,1049303,12,,,0,29,,1049304,12,,,0,71,,1049305,12,,,0
903,'20260811',611,,1049312,12,,,0,29,,1049311,12,,,0,67,,1049308,12,,,0,29,,1049309,12,,,0,71,,1049310,12,,,0
903,'20260812',611,,1066268,12,,,0,29,,1066267,12,,,0,67,,1066264,12,,,0,29,,1066265,12,,,0,71,,1066266,12,,,0
903,'20260813',611,,1066273,12,,,0,29,,1066272,12,,,0,67,,1066269,12,,,0,29,,1066270,12,,,0,71,,1066271,12,,,0
