9002,'20261002',646,,1577717,31,,,0,70,,1577718,31,,,0,35,,1577719,31,,,0,75,,1577720,31,,,0,18,,1577716,18,,,0,2,,1577721,31,,,0
9002,'20261005',646,,1577722,31,,,0,70,,1577723,31,,,0,35,,1577724,31,,,0,75,,1577725,31,,,0,20,,1577726,31,,,0
9002,'20261006',646,,1524458,31,,,0,70,,1524459,31,,,0,35,,1524462,31,,,0,75,,1524460,31,,,0,18,,1524463,18,,,0,2,,1524461,31,,,0
9002,'20261007',646,,1524464,31,,,0,70,,1524465,31,,,0,35,,1524468,31,,,0,75,,1524466,31,,,0,18,,1524469,18,,,0,2,,1524467,31,,,0
9002,'20261008',646,,1524470,31,,,0,70,,1524471,31,,,0,35,,1524474,31,,,0,75,,1524472,31,,,0,18,,1524475,18,,,0,2,,1524473,31,,,0
9002,'20261009',646,,1524476,31,,,0,70,,1524477,31,,,0,35,,1524480,31,,,0,75,,1524478,31,,,0,18,,1524481,18,,,0,2,,1524479,31,,,0
9002,'20261013',646,,1577727,31,,,0,70,,1577728,31,,,0,35,,1577731,31,,,0,75,,1577729,31,,,0,18,,1577732,18,,,0,2,,1577730,31,,,0
9002,'20261014',646,,1577733,31,,,0,70,,1577734,31,,,0,35,,1577737,31,,,0,75,,1577735,31,,,0,18,,1577738,18,,,0,2,,1577736,31,,,0
9002,'20261015',646,,1577739,31,,,0,70,,1577740,31,,,0,35,,1577743,31,,,0,75,,1577741,31,,,0,18,,1577744,18,,,0,2,,1577742,31,,,0
9002,'20261016',646,,1577745,31,,,0,70,,1577746,31,,,0,35,,1577749,31,,,0,75,,1577747,31,,,0,18,,1577750,18,,,0,2,,1577748,31,,,0
9102,'20261002',519,,1577787,27,,,0,99,,1577788,27,,,0,30,,1577789,27,,,0,67,,1577790,27,,,0,29,,1577791,27,,,0,73,,1577792,27,,,0,32,,1577793,27,,,0,99,,1577794,27,,,0,100,,1577795,27,,,0,100,,1577796,27,,,0,100,,1577797,27,,,0,100,,1577798,27,,,0,100,,1577799,27,,,0,90,,1577800,27,,,0,105,,1577801,27,,,0,106,,1577802,27,,,0,100,,1577803,27,,,0,101,,1577804,27,,,0,99,,1577805,27,,,0,100,,1577806,27,,,0,100,,1577807,27,,,0
9102,'20261003',548,,1577808,27,,,0,100,,1577809,27,,,0,99,,1577810,27,,,0,100,,1577811,27,,,0,100,,1577812,27,,,0,100,,1577813,27,,,0,100,,1577814,27,,,0,100,,1577815,27,,,0,100,,1577816,27,,,0,100,,1577817,27,,,0,100,,1577818,27,,,0,100,,1577819,27,,,0,100,,1577820,27,,,0,100,,1577821,27,,,0,101,,1577822,27,,,0,100,,1577823,27,,,0,100,,1577824,27,,,0,100,,1577825,27,,,0
9102,'20261004',548,,1577826,27,,,0,100,,1577827,27,,,0,99,,1577828,27,,,0,100,,1577829,27,,,0,100,,1577830,27,,,0,100,,1577831,27,,,0,100,,1577832,27,,,0,100,,1577833,27,,,0,100,,1577834,27,,,0,100,,1577835,27,,,0,100,,1577836,27,,,0,100,,1577837,27,,,0,100,,1577838,27,,,0,100,,1577839,27,,,0,101,,1577840,27,,,0,100,,1577841,27,,,0,100,,1577842,27,,,0,100,,1577843,27,,,0
9102,'20261005',519,,1577844,27,,,0,99,,1577845,27,,,0,30,,1577846,27,,,0,67,,1577847,27,,,0,29,,1577848,27,,,0,73,,1577849,27,,,0,32,,1577850,27,,,0,99,,1577851,27,,,0,100,,1577852,27,,,0,100,,1577853,27,,,0,100,,1577854,27,,,0,100,,1577855,27,,,0,100,,1577856,27,,,0,90,,1577857,27,,,0,105,,1577858,27,,,0,106,,1577859,27,,,0,100,,1577860,27,,,0,101,,1577861,27,,,0,99,,1577862,27,,,0,100,,1577863,27,,,0,100,,1577864,27,,,0
9102,'20261006',519,,1524596,27,,,0,99,,1524597,27,,,0,30,,1524598,27,,,0,67,,1524599,27,,,0,29,,1524600,27,,,0,73,,1524601,27,,,0,32,,1524602,27,,,0,99,,1524603,27,,,0,100,,1524604,27,,,0,100,,1524605,27,,,0,100,,1524606,27,,,0,100,,1524607,27,,,0,100,,1524608,27,,,0,90,,1524609,27,,,0,105,,1524610,27,,,0,106,,1524611,27,,,0,100,,1524612,27,,,0,101,,1524613,27,,,0,99,,1524614,27,,,0,100,,1524615,27,,,0,100,,1524616,27,,,0
9102,'20261007',519,,1524617,27,,,0,99,,1524618,27,,,0,30,,1524619,27,,,0,67,,1524620,27,,,0,29,,1524621,27,,,0,73,,1524622,27,,,0,32,,1524623,27,,,0,99,,1524624,27,,,0,100,,1524625,27,,,0,100,,1524626,27,,,0,100,,1524627,27,,,0,100,,1524628,27,,,0,100,,1524629,27,,,0,90,,1524630,27,,,0,105,,1524631,27,,,0,106,,1524632,27,,,0,100,,1524633,27,,,0,101,,1524634,27,,,0,99,,1524635,27,,,0,100,,1524636,27,,,0,100,,1524637,27,,,0
9102,'20261008',519,,1524638,27,,,0,99,,1524639,27,,,0,30,,1524640,27,,,0,67,,1524641,27,,,0,29,,1524642,27,,,0,73,,1524643,27,,,0,32,,1524644,27,,,0,99,,1524645,27,,,0,100,,1524646,27,,,0,100,,1524647,27,,,0,100,,1524648,27,,,0,100,,1524649,27,,,0,100,,1524650,27,,,0,90,,1524651,27,,,0,105,,1524652,27,,,0,106,,1524653,27,,,0,100,,1524654,27,,,0,101,,1524655,27,,,0,99,,1524656,27,,,0,100,,1524657,27,,,0,100,,1524658,27,,,0
9102,'20261009',519,,1524659,27,,,0,99,,1524660,27,,,0,30,,1524661,27,,,0,67,,1524662,27,,,0,29,,1524663,27,,,0,73,,1524664,27,,,0,32,,1524665,27,,,0,99,,1524666,27,,,0,100,,1524667,27,,,0,100,,1524668,27,,,0,100,,1524669,27,,,0,100,,1524670,27,,,0,100,,1524671,27,,,0,90,,1524672,27,,,0,105,,1524673,27,,,0,106,,1524674,27,,,0,100,,1524675,27,,,0,101,,1524676,27,,,0,99,,1524677,27,,,0,100,,1524678,27,,,0,100,,1524679,27,,,0
9102,'20261010',548,,1551354,27,,,0,100,,1551355,27,,,0,99,,1551356,27,,,0,100,,1551357,27,,,0,100,,1551358,27,,,0,100,,1551359,27,,,0,100,,1551360,27,,,0,100,,1551361,27,,,0,100,,1551362,27,,,0,100,,1551363,27,,,0,100,,1551364,27,,,0,100,,1551365,27,,,0,100,,1551366,27,,,0,100,,1551367,27,,,0,101,,1551368,27,,,0,100,,1551369,27,,,0,100,,1551370,27,,,0,100,,1551371,27,,,0
9102,'20261011',548,,1551372,27,,,0,100,,1551373,27,,,0,99,,1551374,27,,,0,100,,1551375,27,,,0,100,,1551376,27,,,0,100,,1551377,27,,,0,100,,1551378,27,,,0,100,,1551379,27,,,0,100,,1551380,27,,,0,100,,1551381,27,,,0,100,,1551382,27,,,0,100,,1551383,27,,,0,100,,1551384,27,,,0,100,,1551385,27,,,0,101,,1551386,27,,,0,100,,1551387,27,,,0,100,,1551388,27,,,0,100,,1551389,27,,,0
9102,'20261012',548,,1551390,27,,,0,100,,1551391,27,,,0,99,,1551392,27,,,0,100,,1551393,27,,,0,100,,1551394,27,,,0,100,,1551395,27,,,0,100,,1551396,27,,,0,100,,1551397,27,,,0,100,,1551398,27,,,0,100,,1551399,27,,,0,100,,1551400,27,,,0,100,,1551401,27,,,0,100,,1551402,27,,,0,100,,1551403,27,,,0,101,,1551404,27,,,0,100,,1551405,27,,,0,100,,1551406,27,,,0,100,,1551407,27,,,0
9102,'20261013',519,,1577865,27,,,0,99,,1577866,27,,,0,30,,1577867,27,,,0,67,,1577868,27,,,0,29,,1577869,27,,,0,73,,1577870,27,,,0,32,,1577871,27,,,0,99,,1577872,27,,,0,100,,1577873,27,,,0,100,,1577874,27,,,0,100,,1577875,27,,,0,100,,1577876,27,,,0,100,,1577877,27,,,0,90,,1577878,27,,,0,105,,1577879,27,,,0,106,,1577880,27,,,0,100,,1577881,27,,,0,101,,1577882,27,,,0,99,,1577883,27,,,0,100,,1577884,27,,,0,100,,1577885,27,,,0
9102,'20261014',519,,1577886,27,,,0,99,,1577887,27,,,0,30,,1577888,27,,,0,67,,1577889,27,,,0,29,,1577890,27,,,0,73,,1577891,27,,,0,32,,1577892,27,,,0,99,,1577893,27,,,0,100,,1577894,27,,,0,100,,1577895,27,,,0,100,,1577896,27,,,0,100,,1577897,27,,,0,100,,1577898,27,,,0,90,,1577899,27,,,0,105,,1577900,27,,,0,106,,1577901,27,,,0,100,,1577902,27,,,0,101,,1577903,27,,,0,99,,1577904,27,,,0,100,,1577905,27,,,0,100,,1577906,27,,,0
9102,'20261015',519,,1577907,27,,,0,99,,1577908,27,,,0,30,,1577909,27,,,0,67,,1577910,27,,,0,29,,1577911,27,,,0,73,,1577912,27,,,0,32,,1577913,27,,,0,99,,1577914,27,,,0,100,,1577915,27,,,0,100,,1577916,27,,,0,100,,1577917,27,,,0,100,,1577918,27,,,0,100,,1577919,27,,,0,90,,1577920,27,,,0,105,,1577921,27,,,0,106,,1577922,27,,,0,100,,1577923,27,,,0,101,,1577924,27,,,0,99,,1577925,27,,,0,100,,1577926,27,,,0,100,,1577927,27,,,0
9102,'20261016',519,,1577928,27,,,0,99,,1577929,27,,,0,30,,1577930,27,,,0,67,,1577931,27,,,0,29,,1577932,27,,,0,73,,1577933,27,,,0,32,,1577934,27,,,0,99,,1577935,27,,,0,100,,1577936,27,,,0,100,,1577937,27,,,0,100,,1577938,27,,,0,100,,1577939,27,,,0,100,,1577940,27,,,0,90,,1577941,27,,,0,105,,1577942,27,,,0,106,,1577943,27,,,0,100,,1577944,27,,,0,101,,1577945,27,,,0,99,,1577946,27,,,0,100,,1577947,27,,,0,100,,1577948,27,,,0
29102,'20261002',615,,1581131,27,,,0,24,,1581132,27,,,0,20,,1581133,27,,,0,69,,1581134,27,,,0
29102,'20261005',615,,1581135,27,,,0,24,,1581136,27,,,0,20,,1581137,27,,,0,69,,1581138,27,,,0
29102,'20261006',615,,1527863,27,,,0,24,,1527866,27,,,0,20,,1527864,27,,,0,69,,1527865,27,,,0
29102,'20261007',615,,1527867,27,,,0,24,,1527870,27,,,0,20,,1527868,27,,,0,69,,1527869,27,,,0
29102,'20261008',615,,1527871,27,,,0,24,,1527874,27,,,0,20,,1527872,27,,,0,69,,1527873,27,,,0
29102,'20261009',615,,1527875,27,,,0,24,,1527878,27,,,0,20,,1527876,27,,,0,69,,1527877,27,,,0
29102,'20261013',615,,1581139,27,,,0,24,,1581142,27,,,0,20,,1581140,27,,,0,69,,1581141,27,,,0
29102,'20261014',615,,1581143,27,,,0,24,,1581146,27,,,0,20,,1581144,27,,,0,69,,1581145,27,,,0
29102,'20261015',615,,1581147,27,,,0,24,,1581150,27,,,0,20,,1581148,27,,,0,69,,1581149,27,,,0
29102,'20261016',615,,1581151,27,,,0,24,,1581154,27,,,0,20,,1581152,27,,,0,69,,1581153,27,,,0
