3401,'20261009',615,,1600368,4,,,0,34,,1600369,4,,,0,77,,1600370,4,,,0,78,,1600371,4,,,0,22,,1600372,4,,,0,216,,1600373,4,,,0,200,,1600374,4,,,0,200,,1600375,4,,,0,198,,1600376,4,,,0,68,,1600377,4,,,0,29,,1600378,4,,,0,70,,1600379,4,,,0,32,,1600380,4,,,0,115,,1600381,4,,,0,192,,1600382,4,,,0,200,,1600383,4,,,0
3401,'20261010',653,,1629960,4,,,0,202,,1629961,4,,,0,200,,1629962,4,,,0,200,,1629963,4,,,0,200,,1629964,4,,,0,200,,1629965,4,,,0,202,,1629966,4,,,0,201,,1629967,4,,,0,200,,1629968,4,,,0
3401,'20261011',653,,1629969,4,,,0,202,,1629970,4,,,0,200,,1629971,4,,,0,200,,1629972,4,,,0,200,,1629973,4,,,0,200,,1629974,4,,,0,202,,1629975,4,,,0,201,,1629976,4,,,0,200,,1629977,4,,,0
3401,'20261012',653,,1629978,4,,,0,202,,1629979,4,,,0,200,,1629980,4,,,0,200,,1629981,4,,,0,200,,1629982,4,,,0,200,,1629983,4,,,0,202,,1629984,4,,,0,201,,1629985,4,,,0,200,,1629986,4,,,0
3401,'20261013',615,,1568664,4,,,0,34,,1568657,4,,,0,77,,1568658,4,,,0,78,,1568659,4,,,0,22,,1568672,4,,,0,216,,1568665,4,,,0,200,,1568660,4,,,0,200,,1568666,4,,,0,198,,1568670,4,,,0,68,,1568663,4,,,0,29,,1568661,4,,,0,70,,1568662,4,,,0,32,,1568671,4,,,0,115,,1568667,4,,,0,192,,1568668,4,,,0,200,,1568669,4,,,0
3401,'20261014',615,,1568680,4,,,0,34,,1568673,4,,,0,77,,1568674,4,,,0,78,,1568675,4,,,0,22,,1568688,4,,,0,216,,1568681,4,,,0,200,,1568676,4,,,0,200,,1568682,4,,,0,198,,1568686,4,,,0,68,,1568679,4,,,0,29,,1568677,4,,,0,70,,1568678,4,,,0,32,,1568687,4,,,0,115,,1568683,4,,,0,192,,1568684,4,,,0,200,,1568685,4,,,0
3401,'20261015',615,,1568696,4,,,0,34,,1568689,4,,,0,77,,1568690,4,,,0,78,,1568691,4,,,0,22,,1568704,4,,,0,216,,1568697,4,,,0,200,,1568692,4,,,0,200,,1568698,4,,,0,198,,1568702,4,,,0,68,,1568695,4,,,0,29,,1568693,4,,,0,70,,1568694,4,,,0,32,,1568703,4,,,0,115,,1568699,4,,,0,192,,1568700,4,,,0,200,,1568701,4,,,0
3401,'20261016',615,,1568712,4,,,0,34,,1568705,4,,,0,77,,1568706,4,,,0,78,,1568707,4,,,0,22,,1568720,4,,,0,216,,1568713,4,,,0,200,,1568708,4,,,0,200,,1568714,4,,,0,198,,1568718,4,,,0,68,,1568711,4,,,0,29,,1568709,4,,,0,70,,1568710,4,,,0,32,,1568719,4,,,0,115,,1568715,4,,,0,192,,1568716,4,,,0,200,,1568717,4,,,0
3401,'20261017',653,,1600384,4,,,0,202,,1600387,4,,,0,200,,1600385,4,,,0,200,,1600389,4,,,0,200,,1600386,4,,,0,200,,1600390,4,,,0,202,,1600391,4,,,0,201,,1600392,4,,,0,200,,1600388,4,,,0
3401,'20261018',653,,1600393,4,,,0,202,,1600394,4,,,0,200,,1600395,4,,,0,200,,1600396,4,,,0,200,,1600397,4,,,0,200,,1600398,4,,,0,202,,1600399,4,,,0,201,,1600400,4,,,0,200,,1600401,4,,,0
3401,'20261019',615,,1600409,4,,,0,34,,1600402,4,,,0,77,,1600403,4,,,0,78,,1600404,4,,,0,22,,1600417,4,,,0,216,,1600410,4,,,0,200,,1600405,4,,,0,200,,1600411,4,,,0,198,,1600415,4,,,0,68,,1600408,4,,,0,29,,1600406,4,,,0,70,,1600407,4,,,0,32,,1600416,4,,,0,115,,1600412,4,,,0,192,,1600413,4,,,0,200,,1600414,4,,,0
3401,'20261020',615,,1600425,4,,,0,34,,1600418,4,,,0,77,,1600419,4,,,0,78,,1600420,4,,,0,22,,1600433,4,,,0,216,,1600426,4,,,0,200,,1600421,4,,,0,200,,1600427,4,,,0,198,,1600431,4,,,0,68,,1600424,4,,,0,29,,1600422,4,,,0,70,,1600423,4,,,0,32,,1600432,4,,,0,115,,1600428,4,,,0,192,,1600429,4,,,0,200,,1600430,4,,,0
3401,'20261021',615,,1629994,4,,,0,34,,1629987,4,,,0,77,,1629988,4,,,0,78,,1629989,4,,,0,22,,1630002,4,,,0,216,,1629995,4,,,0,200,,1629990,4,,,0,200,,1629996,4,,,0,198,,1630000,4,,,0,68,,1629993,4,,,0,29,,1629991,4,,,0,70,,1629992,4,,,0,32,,1630001,4,,,0,115,,1629997,4,,,0,192,,1629998,4,,,0,200,,1629999,4,,,0
3401,'20261022',615,,1630010,4,,,0,34,,1630003,4,,,0,77,,1630004,4,,,0,78,,1630005,4,,,0,22,,1630018,4,,,0,216,,1630011,4,,,0,200,,1630006,4,,,0,200,,1630012,4,,,0,198,,1630016,4,,,0,68,,1630009,4,,,0,29,,1630007,4,,,0,70,,1630008,4,,,0,32,,1630017,4,,,0,115,,1630013,4,,,0,192,,1630014,4,,,0,200,,1630015,4,,,0
3401,'20261023',615,,1630026,4,,,0,34,,1630019,4,,,0,77,,1630020,4,,,0,78,,1630021,4,,,0,22,,1630034,4,,,0,216,,1630027,4,,,0,200,,1630022,4,,,0,200,,1630028,4,,,0,198,,1630032,4,,,0,68,,1630025,4,,,0,29,,1630023,4,,,0,70,,1630024,4,,,0,32,,1630033,4,,,0,115,,1630029,4,,,0,192,,1630030,4,,,0,200,,1630031,4,,,0
