7401,'20261009',555,,1606458,25,,,1,96,,1606459,25,,,1,99,,1606460,25,,,1,104,,1606461,25,,,1,100,,1606462,25,,,1,100,,1606463,25,,,1,100,,1606464,25,,,1,101,,1606465,25,,,1,100,,1606466,25,,,1,99,,1606467,25,,,1,97,,1606468,25,,,1,100,,1606469,25,,,1,101,,1606470,25,,,1,104,,1606471,25,,,1,100,,1606472,25,,,1,100,,1606473,25,,,1,100,,1606474,25,,,1,170,,1606475,25,,,1
7401,'20261010',656,,1634190,25,,,1,99,,1634191,25,,,1,100,,1634192,25,,,1,100,,1634193,25,,,1,99,,1634194,25,,,1,101,,1634195,25,,,1,100,,1634196,25,,,1,100,,1634197,25,,,1,100,,1634198,25,,,1,98,,1634199,25,,,1,100,,1634200,25,,,1,102,,1634201,25,,,1,100,,1634202,25,,,1,100,,1634203,25,,,1,99,,1634204,25,,,1,104,,1634205,25,,,1,170,,1634206,25,,,1
7401,'20261011',656,,1634207,25,,,1,99,,1634208,25,,,1,100,,1634209,25,,,1,100,,1634210,25,,,1,99,,1634211,25,,,1,101,,1634212,25,,,1,100,,1634213,25,,,1,100,,1634214,25,,,1,100,,1634215,25,,,1,98,,1634216,25,,,1,100,,1634217,25,,,1,102,,1634218,25,,,1,100,,1634219,25,,,1,100,,1634220,25,,,1,99,,1634221,25,,,1,104,,1634222,25,,,1,170,,1634223,25,,,1
7401,'20261012',656,,1634224,25,,,1,99,,1634225,25,,,1,100,,1634226,25,,,1,100,,1634227,25,,,1,99,,1634228,25,,,1,101,,1634229,25,,,1,100,,1634230,25,,,1,100,,1634231,25,,,1,100,,1634232,25,,,1,98,,1634233,25,,,1,100,,1634234,25,,,1,102,,1634235,25,,,1,100,,1634236,25,,,1,100,,1634237,25,,,1,99,,1634238,25,,,1,104,,1634239,25,,,1,170,,1634240,25,,,1
7401,'20261013',555,,1574747,25,,,1,96,,1574748,25,,,1,99,,1574749,25,,,1,104,,1574750,25,,,1,100,,1574751,25,,,1,100,,1574752,25,,,1,100,,1574753,25,,,1,101,,1574754,25,,,1,100,,1574755,25,,,1,99,,1574756,25,,,1,97,,1574762,25,,,1,100,,1574757,25,,,1,101,,1574758,25,,,1,104,,1574764,25,,,1,100,,1574759,25,,,1,100,,1574763,25,,,1,100,,1574760,25,,,1,170,,1574761,25,,,1
7401,'20261014',555,,1574767,25,,,1,96,,1574768,25,,,1,99,,1574769,25,,,1,104,,1574770,25,,,1,100,,1574771,25,,,1,100,,1574772,25,,,1,100,,1574773,25,,,1,101,,1574774,25,,,1,100,,1574775,25,,,1,99,,1574776,25,,,1,97,,1574782,25,,,1,100,,1574777,25,,,1,101,,1574778,25,,,1,104,,1574784,25,,,1,100,,1574779,25,,,1,100,,1574783,25,,,1,100,,1574780,25,,,1,170,,1574781,25,,,1
7401,'20261015',555,,1574787,25,,,1,96,,1574788,25,,,1,99,,1574789,25,,,1,104,,1574790,25,,,1,100,,1574791,25,,,1,100,,1574792,25,,,1,100,,1574793,25,,,1,101,,1574794,25,,,1,100,,1574795,25,,,1,99,,1574796,25,,,1,97,,1574802,25,,,1,100,,1574797,25,,,1,101,,1574798,25,,,1,104,,1574804,25,,,1,100,,1574799,25,,,1,100,,1574803,25,,,1,100,,1574800,25,,,1,170,,1574801,25,,,1
7401,'20261016',555,,1574807,25,,,1,96,,1574808,25,,,1,99,,1574809,25,,,1,104,,1574810,25,,,1,100,,1574811,25,,,1,100,,1574812,25,,,1,100,,1574813,25,,,1,101,,1574814,25,,,1,100,,1574815,25,,,1,99,,1574816,25,,,1,97,,1574822,25,,,1,100,,1574817,25,,,1,101,,1574818,25,,,1,104,,1574824,25,,,1,100,,1574819,25,,,1,100,,1574823,25,,,1,100,,1574820,25,,,1,170,,1574821,25,,,1
7401,'20261017',656,,1606490,25,,,1,99,,1606476,25,,,1,100,,1606477,25,,,1,100,,1606491,25,,,1,99,,1606484,25,,,1,101,,1606485,25,,,1,100,,1606486,25,,,1,100,,1606487,25,,,1,100,,1606488,25,,,1,98,,1606489,25,,,1,100,,1606478,25,,,1,102,,1606482,25,,,1,100,,1606483,25,,,1,100,,1606479,25,,,1,99,,1606480,25,,,1,104,,1606481,25,,,1,170,,1606492,25,,,1
7401,'20261018',656,,1606493,25,,,1,99,,1606508,25,,,1,100,,1606494,25,,,1,100,,1606509,25,,,1,99,,1606496,25,,,1,101,,1606497,25,,,1,100,,1606498,25,,,1,100,,1606499,25,,,1,100,,1606500,25,,,1,98,,1606501,25,,,1,100,,1606502,25,,,1,102,,1606503,25,,,1,100,,1606504,25,,,1,100,,1606505,25,,,1,99,,1606506,25,,,1,104,,1606507,25,,,1,170,,1606495,25,,,1
7401,'20261019',555,,1606510,25,,,1,96,,1606511,25,,,1,99,,1606512,25,,,1,104,,1606513,25,,,1,100,,1606514,25,,,1,100,,1606515,25,,,1,100,,1606516,25,,,1,101,,1606517,25,,,1,100,,1606518,25,,,1,99,,1606519,25,,,1,97,,1606525,25,,,1,100,,1606520,25,,,1,101,,1606521,25,,,1,104,,1606527,25,,,1,100,,1606522,25,,,1,100,,1606526,25,,,1,100,,1606523,25,,,1,170,,1606524,25,,,1
7401,'20261020',555,,1606530,25,,,1,96,,1606531,25,,,1,99,,1606532,25,,,1,104,,1606533,25,,,1,100,,1606534,25,,,1,100,,1606535,25,,,1,100,,1606536,25,,,1,101,,1606537,25,,,1,100,,1606538,25,,,1,99,,1606539,25,,,1,97,,1606545,25,,,1,100,,1606540,25,,,1,101,,1606541,25,,,1,104,,1606547,25,,,1,100,,1606542,25,,,1,100,,1606546,25,,,1,100,,1606543,25,,,1,170,,1606544,25,,,1
7401,'20261021',555,,1634241,25,,,1,96,,1634242,25,,,1,99,,1634243,25,,,1,104,,1634244,25,,,1,100,,1634245,25,,,1,100,,1634246,25,,,1,100,,1634247,25,,,1,101,,1634248,25,,,1,100,,1634249,25,,,1,99,,1634250,25,,,1,97,,1634256,25,,,1,100,,1634251,25,,,1,101,,1634252,25,,,1,104,,1634258,25,,,1,100,,1634253,25,,,1,100,,1634257,25,,,1,100,,1634254,25,,,1,170,,1634255,25,,,1
7401,'20261022',555,,1634261,25,,,1,96,,1634262,25,,,1,99,,1634263,25,,,1,104,,1634264,25,,,1,100,,1634265,25,,,1,100,,1634266,25,,,1,100,,1634267,25,,,1,101,,1634268,25,,,1,100,,1634269,25,,,1,99,,1634270,25,,,1,97,,1634276,25,,,1,100,,1634271,25,,,1,101,,1634272,25,,,1,104,,1634278,25,,,1,100,,1634273,25,,,1,100,,1634277,25,,,1,100,,1634274,25,,,1,170,,1634275,25,,,1
7401,'20261023',555,,1634281,25,,,1,96,,1634282,25,,,1,99,,1634283,25,,,1,104,,1634284,25,,,1,100,,1634285,25,,,1,100,,1634286,25,,,1,100,,1634287,25,,,1,101,,1634288,25,,,1,100,,1634289,25,,,1,99,,1634290,25,,,1,97,,1634296,25,,,1,100,,1634291,25,,,1,101,,1634292,25,,,1,104,,1634298,25,,,1,100,,1634293,25,,,1,100,,1634297,25,,,1,100,,1634294,25,,,1,170,,1634295,25,,,1
27000,'20261009',1559,,1612166,3,4,,0,63,,1612167,3,4,,0,2,,1612168,3,4,,0,12,,1612169,3,4,,0,23,,1612170,3,4,,0,67,,1612171,3,4,,0,28,,1612172,3,4,,0,67,,1612173,3,4,,0
27000,'20261013',1559,,1580413,3,4,,0,63,,1580420,3,4,,0,2,,1580414,3,4,,0,12,,1580415,3,4,,0,23,,1580416,3,4,,0,67,,1580417,3,4,,0,28,,1580418,3,4,,0,67,,1580419,3,4,,0
27000,'20261014',1559,,1580421,3,4,,0,63,,1580428,3,4,,0,2,,1580422,3,4,,0,12,,1580423,3,4,,0,23,,1580424,3,4,,0,67,,1580425,3,4,,0,28,,1580426,3,4,,0,67,,1580427,3,4,,0
27000,'20261015',1559,,1580429,3,4,,0,63,,1580436,3,4,,0,2,,1580430,3,4,,0,12,,1580431,3,4,,0,23,,1580432,3,4,,0,67,,1580433,3,4,,0,28,,1580434,3,4,,0,67,,1580435,3,4,,0
27000,'20261016',1559,,1580437,3,4,,0,63,,1580444,3,4,,0,2,,1580438,3,4,,0,12,,1580439,3,4,,0,23,,1580440,3,4,,0,67,,1580441,3,4,,0,28,,1580442,3,4,,0,67,,1580443,3,4,,0
27000,'20261019',1559,,1612174,3,4,,0,63,,1612181,3,4,,0,2,,1612175,3,4,,0,12,,1612176,3,4,,0,23,,1612177,3,4,,0,67,,1612178,3,4,,0,28,,1612179,3,4,,0,67,,1612180,3,4,,0
27000,'20261020',1559,,1612182,3,4,,0,63,,1612189,3,4,,0,2,,1612183,3,4,,0,12,,1612184,3,4,,0,23,,1612185,3,4,,0,67,,1612186,3,4,,0,28,,1612187,3,4,,0,67,,1612188,3,4,,0
27000,'20261021',1559,,1638057,3,4,,0,63,,1638064,3,4,,0,2,,1638058,3,4,,0,12,,1638059,3,4,,0,23,,1638060,3,4,,0,67,,1638061,3,4,,0,28,,1638062,3,4,,0,67,,1638063,3,4,,0
27000,'20261022',1559,,1638065,3,4,,0,63,,1638072,3,4,,0,2,,1638066,3,4,,0,12,,1638067,3,4,,0,23,,1638068,3,4,,0,67,,1638069,3,4,,0,28,,1638070,3,4,,0,67,,1638071,3,4,,0
27000,'20261023',1559,,1638073,3,4,,0,63,,1638080,3,4,,0,2,,1638074,3,4,,0,12,,1638075,3,4,,0,23,,1638076,3,4,,0,67,,1638077,3,4,,0,28,,1638078,3,4,,0,67,,1638079,3,4,,0
37000,'20261009',1233,,1613485,8,4,,0,325,,1613486,8,4,,0,86,,1613487,8,4,,0,105,,1613488,8,4,,0,97,,1613484,4,4,,0,2,,1613489,8,4,,0
37000,'20261013',1233,,1581721,8,4,,0,325,,1581722,8,4,,0,86,,1581723,8,4,,0,105,,1581724,8,4,,0,99,,1581725,8,4,,0
37000,'20261014',1233,,1581726,8,4,,0,325,,1581727,8,4,,0,86,,1581728,8,4,,0,105,,1581729,8,4,,0,99,,1581730,8,4,,0
37000,'20261015',1233,,1581731,8,4,,0,325,,1581732,8,4,,0,86,,1581733,8,4,,0,105,,1581734,8,4,,0,99,,1581735,8,4,,0
37000,'20261016',1233,,1581736,8,4,,0,325,,1581737,8,4,,0,86,,1581738,8,4,,0,105,,1581739,8,4,,0,99,,1581740,8,4,,0
37000,'20261019',1233,,1613490,8,4,,0,325,,1613491,8,4,,0,86,,1613492,8,4,,0,105,,1613493,8,4,,0,99,,1613494,8,4,,0
37000,'20261020',1233,,1613495,8,4,,0,325,,1613496,8,4,,0,86,,1613497,8,4,,0,105,,1613498,8,4,,0,99,,1613499,8,4,,0
37000,'20261021',1233,,1638711,8,4,,0,325,,1638712,8,4,,0,86,,1638713,8,4,,0,105,,1638714,8,4,,0,99,,1638715,8,4,,0
37000,'20261022',1233,,1638716,8,4,,0,325,,1638717,8,4,,0,86,,1638718,8,4,,0,105,,1638719,8,4,,0,99,,1638720,8,4,,0
37000,'20261023',1233,,1638721,8,4,,0,325,,1638722,8,4,,0,86,,1638723,8,4,,0,105,,1638724,8,4,,0,99,,1638725,8,4,,0
57000,'20261009',1612,,1614265,6,4,,0,9,,1614266,6,4,,0,38,,1614267,6,4,,0,61,,1614268,6,4,,0,29,,1614269,6,4,,0
57000,'20261013',1612,,1582502,6,4,,0,9,,1582503,6,4,,0,38,,1582504,6,4,,0,61,,1582505,6,4,,0,29,,1582506,6,4,,0
57000,'20261014',1612,,1582507,6,4,,0,9,,1582508,6,4,,0,38,,1582509,6,4,,0,61,,1582510,6,4,,0,29,,1582511,6,4,,0
57000,'20261015',1612,,1582512,6,4,,0,9,,1582513,6,4,,0,38,,1582514,6,4,,0,61,,1582515,6,4,,0,29,,1582516,6,4,,0
57000,'20261016',1612,,1582517,6,4,,0,9,,1582518,6,4,,0,38,,1582519,6,4,,0,61,,1582520,6,4,,0,29,,1582521,6,4,,0
57000,'20261019',1612,,1614270,6,4,,0,9,,1614271,6,4,,0,38,,1614272,6,4,,0,61,,1614273,6,4,,0,29,,1614274,6,4,,0
57000,'20261020',1612,,1614275,6,4,,0,9,,1614276,6,4,,0,38,,1614277,6,4,,0,61,,1614278,6,4,,0,29,,1614279,6,4,,0
57000,'20261021',1612,,1639103,6,4,,0,9,,1639104,6,4,,0,38,,1639105,6,4,,0,61,,1639106,6,4,,0,29,,1639107,6,4,,0
57000,'20261022',1612,,1639108,6,4,,0,9,,1639109,6,4,,0,38,,1639110,6,4,,0,61,,1639111,6,4,,0,29,,1639112,6,4,,0
57000,'20261023',1612,,1639113,6,4,,0,9,,1639114,6,4,,0,38,,1639115,6,4,,0,61,,1639116,6,4,,0,29,,1639117,6,4,,0
98400,'20261009',2626,,1625342,100,,,0
98400,'20261010',2626,,1646903,100,,,0
98400,'20261016',2626,,1593537,100,,,0
98400,'20261017',2626,,1625343,100,,,0
98400,'20261023',2626,,1646904,100,,,0
