8100,'20261006',636,,1607900,27,,,0,70,,1607901,27,,,0,31,,1607902,27,,,0,71,,1607903,27,,,0,29,,1607904,27,,,0,69,,1607905,27,,,0,100,,1607906,27,,,0,100,,1607907,27,,,0,101,,1607908,27,,,0,100,,1607909,27,,,0,100,,1607910,27,,,0,101,,1607911,27,,,0,31,,1607912,27,,,0,71,,1607913,27,,,0,32,,1607914,27,,,0,68,,1607915,27,,,0,28,,1607916,27,,,0,68,,1607917,27,,,0,100,,1607918,27,,,0,100,,1607919,27,,,0,100,,1607920,27,,,0,100,,1607921,27,,,0,100,,1607922,27,,,0
8100,'20261007',636,,1607923,27,,,0,70,,1607924,27,,,0,31,,1607925,27,,,0,71,,1607926,27,,,0,29,,1607927,27,,,0,69,,1607928,27,,,0,100,,1607929,27,,,0,100,,1607930,27,,,0,101,,1607931,27,,,0,100,,1607932,27,,,0,100,,1607933,27,,,0,101,,1607934,27,,,0,31,,1607935,27,,,0,71,,1607936,27,,,0,32,,1607937,27,,,0,68,,1607938,27,,,0,28,,1607939,27,,,0,68,,1607940,27,,,0,100,,1607941,27,,,0,100,,1607942,27,,,0,100,,1607943,27,,,0,100,,1607944,27,,,0,100,,1607945,27,,,0
8100,'20261008',636,,1607946,27,,,0,70,,1607947,27,,,0,31,,1607948,27,,,0,71,,1607949,27,,,0,29,,1607950,27,,,0,69,,1607951,27,,,0,100,,1607952,27,,,0,100,,1607953,27,,,0,101,,1607954,27,,,0,100,,1607955,27,,,0,100,,1607956,27,,,0,101,,1607957,27,,,0,31,,1607958,27,,,0,71,,1607959,27,,,0,32,,1607960,27,,,0,68,,1607961,27,,,0,28,,1607962,27,,,0,68,,1607963,27,,,0,100,,1607964,27,,,0,100,,1607965,27,,,0,100,,1607966,27,,,0,100,,1607967,27,,,0,100,,1607968,27,,,0
8100,'20261009',636,,1607969,27,,,0,70,,1607970,27,,,0,31,,1607971,27,,,0,71,,1607972,27,,,0,29,,1607973,27,,,0,69,,1607974,27,,,0,100,,1607975,27,,,0,100,,1607976,27,,,0,101,,1607977,27,,,0,100,,1607978,27,,,0,100,,1607979,27,,,0,101,,1607980,27,,,0,31,,1607981,27,,,0,71,,1607982,27,,,0,32,,1607983,27,,,0,68,,1607984,27,,,0,28,,1607985,27,,,0,68,,1607986,27,,,0,100,,1607987,27,,,0,100,,1607988,27,,,0,100,,1607989,27,,,0,100,,1607990,27,,,0,100,,1607991,27,,,0
8100,'20261010',806,,1550271,27,,,0,100,,1550272,27,,,0,100,,1550273,27,,,0,100,,1550274,27,,,0,100,,1550275,27,,,0,100,,1550276,27,,,0,100,,1550277,27,,,0,100,,1550278,27,,,0,100,,1550279,27,,,0,100,,1550280,27,,,0,100,,1550281,27,,,0,100,,1550282,27,,,0,100,,1550283,27,,,0,100,,1550284,27,,,0,100,,1550285,27,,,0,100,,1550286,27,,,0
8100,'20261011',806,,1550287,27,,,0,100,,1550288,27,,,0,100,,1550289,27,,,0,100,,1550290,27,,,0,100,,1550291,27,,,0,100,,1550292,27,,,0,100,,1550293,27,,,0,100,,1550294,27,,,0,100,,1550295,27,,,0,100,,1550296,27,,,0,100,,1550297,27,,,0,100,,1550298,27,,,0,100,,1550299,27,,,0,100,,1550300,27,,,0,100,,1550301,27,,,0,100,,1550302,27,,,0
8100,'20261012',806,,1550303,27,,,0,100,,1550304,27,,,0,100,,1550305,27,,,0,100,,1550306,27,,,0,100,,1550307,27,,,0,100,,1550308,27,,,0,100,,1550309,27,,,0,100,,1550310,27,,,0,100,,1550311,27,,,0,100,,1550312,27,,,0,100,,1550313,27,,,0,100,,1550314,27,,,0,100,,1550315,27,,,0,100,,1550316,27,,,0,100,,1550317,27,,,0,100,,1550318,27,,,0
8100,'20261013',636,,1576246,27,,,0,70,,1576247,27,,,0,31,,1576248,27,,,0,71,,1576249,27,,,0,29,,1576250,27,,,0,69,,1576251,27,,,0,100,,1576252,27,,,0,100,,1576253,27,,,0,101,,1576254,27,,,0,100,,1576255,27,,,0,100,,1576256,27,,,0,101,,1576257,27,,,0,31,,1576258,27,,,0,71,,1576259,27,,,0,32,,1576260,27,,,0,68,,1576261,27,,,0,28,,1576262,27,,,0,68,,1576263,27,,,0,100,,1576264,27,,,0,100,,1576265,27,,,0,100,,1576266,27,,,0,100,,1576267,27,,,0,100,,1576268,27,,,0
8100,'20261014',636,,1576269,27,,,0,70,,1576270,27,,,0,31,,1576271,27,,,0,71,,1576272,27,,,0,29,,1576273,27,,,0,69,,1576274,27,,,0,100,,1576275,27,,,0,100,,1576276,27,,,0,101,,1576277,27,,,0,100,,1576278,27,,,0,100,,1576279,27,,,0,101,,1576280,27,,,0,31,,1576281,27,,,0,71,,1576282,27,,,0,32,,1576283,27,,,0,68,,1576284,27,,,0,28,,1576285,27,,,0,68,,1576286,27,,,0,100,,1576287,27,,,0,100,,1576288,27,,,0,100,,1576289,27,,,0,100,,1576290,27,,,0,100,,1576291,27,,,0
8100,'20261015',636,,1576292,27,,,0,70,,1576293,27,,,0,31,,1576294,27,,,0,71,,1576295,27,,,0,29,,1576296,27,,,0,69,,1576297,27,,,0,100,,1576298,27,,,0,100,,1576299,27,,,0,101,,1576300,27,,,0,100,,1576301,27,,,0,100,,1576302,27,,,0,101,,1576303,27,,,0,31,,1576304,27,,,0,71,,1576305,27,,,0,32,,1576306,27,,,0,68,,1576307,27,,,0,28,,1576308,27,,,0,68,,1576309,27,,,0,100,,1576310,27,,,0,100,,1576311,27,,,0,100,,1576312,27,,,0,100,,1576313,27,,,0,100,,1576314,27,,,0
8100,'20261016',636,,1576315,27,,,0,70,,1576316,27,,,0,31,,1576317,27,,,0,71,,1576318,27,,,0,29,,1576319,27,,,0,69,,1576320,27,,,0,100,,1576321,27,,,0,100,,1576322,27,,,0,101,,1576323,27,,,0,100,,1576324,27,,,0,100,,1576325,27,,,0,101,,1576326,27,,,0,31,,1576327,27,,,0,71,,1576328,27,,,0,32,,1576329,27,,,0,68,,1576330,27,,,0,28,,1576331,27,,,0,68,,1576332,27,,,0,100,,1576333,27,,,0,100,,1576334,27,,,0,100,,1576335,27,,,0,100,,1576336,27,,,0,100,,1576337,27,,,0
8100,'20261017',806,,1607992,27,,,0,100,,1607993,27,,,0,100,,1607994,27,,,0,100,,1607995,27,,,0,100,,1607996,27,,,0,100,,1607997,27,,,0,100,,1607998,27,,,0,100,,1607999,27,,,0,100,,1608000,27,,,0,100,,1608001,27,,,0,100,,1608002,27,,,0,100,,1608003,27,,,0,100,,1608004,27,,,0,100,,1608005,27,,,0,100,,1608006,27,,,0,100,,1608007,27,,,0
8100,'20261018',806,,1608008,27,,,0,100,,1608009,27,,,0,100,,1608010,27,,,0,100,,1608011,27,,,0,100,,1608012,27,,,0,100,,1608013,27,,,0,100,,1608014,27,,,0,100,,1608015,27,,,0,100,,1608016,27,,,0,100,,1608017,27,,,0,100,,1608018,27,,,0,100,,1608019,27,,,0,100,,1608020,27,,,0,100,,1608021,27,,,0,100,,1608022,27,,,0,100,,1608023,27,,,0
8100,'20261019',636,,1608024,27,,,0,70,,1608025,27,,,0,31,,1608026,27,,,0,71,,1608027,27,,,0,29,,1608028,27,,,0,69,,1608029,27,,,0,100,,1608030,27,,,0,100,,1608031,27,,,0,101,,1608032,27,,,0,100,,1608033,27,,,0,100,,1608034,27,,,0,101,,1608035,27,,,0,31,,1608036,27,,,0,71,,1608037,27,,,0,32,,1608038,27,,,0,68,,1608039,27,,,0,28,,1608040,27,,,0,68,,1608041,27,,,0,100,,1608042,27,,,0,100,,1608043,27,,,0,100,,1608044,27,,,0,100,,1608045,27,,,0,100,,1608046,27,,,0
8100,'20261020',636,,1608047,27,,,0,70,,1608048,27,,,0,31,,1608049,27,,,0,71,,1608050,27,,,0,29,,1608051,27,,,0,69,,1608052,27,,,0,100,,1608053,27,,,0,100,,1608054,27,,,0,101,,1608055,27,,,0,100,,1608056,27,,,0,100,,1608057,27,,,0,101,,1608058,27,,,0,31,,1608059,27,,,0,71,,1608060,27,,,0,32,,1608061,27,,,0,68,,1608062,27,,,0,28,,1608063,27,,,0,68,,1608064,27,,,0,100,,1608065,27,,,0,100,,1608066,27,,,0,100,,1608067,27,,,0,100,,1608068,27,,,0,100,,1608069,27,,,0
28100,'20261006',1641,,1612536,22,4,,0,69,,1612537,22,4,,0,26,,1612538,22,4,,0,66,,1612539,22,4,,0,24,,1612540,22,4,,0
28100,'20261007',1641,,1612541,22,4,,0,69,,1612542,22,4,,0,26,,1612543,22,4,,0,66,,1612544,22,4,,0,24,,1612545,22,4,,0
28100,'20261008',1641,,1612546,22,4,,0,69,,1612547,22,4,,0,26,,1612548,22,4,,0,66,,1612549,22,4,,0,24,,1612550,22,4,,0
28100,'20261009',1641,,1612551,22,4,,0,69,,1612552,22,4,,0,26,,1612553,22,4,,0,66,,1612554,22,4,,0,24,,1612555,22,4,,0
28100,'20261013',1641,,1580801,22,4,,0,69,,1580800,22,4,,0,26,,1580799,22,4,,0,66,,1580803,22,4,,0,24,,1580802,22,4,,0
28100,'20261014',1641,,1580806,22,4,,0,69,,1580805,22,4,,0,26,,1580804,22,4,,0,66,,1580808,22,4,,0,24,,1580807,22,4,,0
28100,'20261015',1641,,1580811,22,4,,0,69,,1580810,22,4,,0,26,,1580809,22,4,,0,66,,1580813,22,4,,0,24,,1580812,22,4,,0
28100,'20261016',1641,,1580816,22,4,,0,69,,1580815,22,4,,0,26,,1580814,22,4,,0,66,,1580818,22,4,,0,24,,1580817,22,4,,0
28100,'20261019',1641,,1612558,22,4,,0,69,,1612557,22,4,,0,26,,1612556,22,4,,0,66,,1612560,22,4,,0,24,,1612559,22,4,,0
28100,'20261020',1641,,1612563,22,4,,0,69,,1612562,22,4,,0,26,,1612561,22,4,,0,66,,1612565,22,4,,0,24,,1612564,22,4,,0
38100,'20261006',1621,,1613690,27,4,,0,31,,1613691,27,4,,0,90,,1613692,27,4,,0,114,,1613693,27,4,,0
38100,'20261007',1621,,1613694,27,4,,0,31,,1613695,27,4,,0,90,,1613696,27,4,,0,114,,1613697,27,4,,0
38100,'20261008',1621,,1613698,27,4,,0,31,,1613699,27,4,,0,90,,1613700,27,4,,0,114,,1613701,27,4,,0
38100,'20261009',1621,,1613702,27,4,,0,31,,1613703,27,4,,0,90,,1613704,27,4,,0,114,,1613705,27,4,,0
38100,'20261013',1621,,1581940,27,4,,0,31,,1581937,27,4,,0,90,,1581938,27,4,,0,114,,1581939,27,4,,0
38100,'20261014',1621,,1581944,27,4,,0,31,,1581941,27,4,,0,90,,1581942,27,4,,0,114,,1581943,27,4,,0
38100,'20261015',1621,,1581948,27,4,,0,31,,1581945,27,4,,0,90,,1581946,27,4,,0,114,,1581947,27,4,,0
38100,'20261016',1621,,1581952,27,4,,0,31,,1581949,27,4,,0,90,,1581950,27,4,,0,114,,1581951,27,4,,0
38100,'20261019',1621,,1613709,27,4,,0,31,,1613706,27,4,,0,90,,1613707,27,4,,0,114,,1613708,27,4,,0
38100,'20261020',1621,,1613713,27,4,,0,31,,1613710,27,4,,0,90,,1613711,27,4,,0,114,,1613712,27,4,,0
58100,'20261006',1655,,1614424,25,4,,0,71,,1614425,25,4,,0,30,,1614426,25,4,,0
58100,'20261007',1655,,1614427,25,4,,0,71,,1614428,25,4,,0,30,,1614429,25,4,,0
58100,'20261008',1655,,1614430,25,4,,0,71,,1614431,25,4,,0,30,,1614432,25,4,,0
58100,'20261009',1655,,1614433,25,4,,0,71,,1614434,25,4,,0,30,,1614435,25,4,,0
58100,'20261013',1655,,1582672,25,4,,0,71,,1582673,25,4,,0,30,,1582674,25,4,,0
58100,'20261014',1655,,1582675,25,4,,0,71,,1582676,25,4,,0,30,,1582677,25,4,,0
58100,'20261015',1655,,1582678,25,4,,0,71,,1582679,25,4,,0,30,,1582680,25,4,,0
58100,'20261016',1655,,1582681,25,4,,0,71,,1582682,25,4,,0,30,,1582683,25,4,,0
58100,'20261019',1655,,1614436,25,4,,0,71,,1614437,25,4,,0,30,,1614438,25,4,,0
58100,'20261020',1655,,1614439,25,4,,0,71,,1614440,25,4,,0,30,,1614441,25,4,,0
