9300,'20260929',650,,1551753,33,,,0,102,,1551754,33,,,0,49,,1551776,39,,,0,51,,1551755,33,,,0,76,,1551777,39,,,0,24,,1551756,33,,,0,100,,1551757,33,,,0,4,,1551778,39,,,0,96,,1551758,33,,,0,77,,1551779,39,,,0,23,,1551759,33,,,0,99,,1551760,33,,,0,7,,1551780,39,,,0,88,,1551761,33,,,0,69,,1551762,33,,,0,17,,1551781,39,,,0,11,,1551763,33,,,0,70,,1551764,33,,,0,35,,1551765,33,,,0,60,,1551782,39,,,0,6,,1551766,33,,,0,31,,1551767,33,,,0,72,,1551768,33,,,0,14,,1551783,39,,,0,12,,1551769,33,,,0,69,,1551770,33,,,0,42,,1551784,39,,,0,1,,1551771,33,,,0,100,,1551772,33,,,0,68,,1551785,39,,,0,32,,1551773,33,,,0,99,,1551774,33,,,0,100,,1551775,33,,,0
9300,'20260930',650,,1551797,33,,,0,102,,1551798,33,,,0,49,,1551786,39,,,0,51,,1551799,33,,,0,76,,1551787,39,,,0,24,,1551800,33,,,0,100,,1551801,33,,,0,4,,1551788,39,,,0,96,,1551802,33,,,0,77,,1551789,39,,,0,23,,1551803,33,,,0,99,,1551804,33,,,0,7,,1551790,39,,,0,88,,1551805,33,,,0,69,,1551806,33,,,0,17,,1551791,39,,,0,11,,1551807,33,,,0,70,,1551808,33,,,0,33,,1551796,29,,,0,2,,1551809,33,,,0,60,,1551792,39,,,0,6,,1551810,33,,,0,31,,1551811,33,,,0,72,,1551812,33,,,0,14,,1551793,39,,,0,12,,1551813,33,,,0,69,,1551814,33,,,0,42,,1551794,39,,,0,1,,1551815,33,,,0,100,,1551816,33,,,0,68,,1551795,39,,,0,32,,1551817,33,,,0,99,,1551818,33,,,0,100,,1551819,33,,,0
9300,'20261001',650,,1551831,33,,,0,102,,1551832,33,,,0,49,,1551820,39,,,0,51,,1551833,33,,,0,76,,1551821,39,,,0,24,,1551834,33,,,0,100,,1551835,33,,,0,4,,1551822,39,,,0,96,,1551836,33,,,0,77,,1551823,39,,,0,23,,1551837,33,,,0,99,,1551838,33,,,0,7,,1551824,39,,,0,88,,1551839,33,,,0,69,,1551840,33,,,0,17,,1551825,39,,,0,11,,1551841,33,,,0,70,,1551842,33,,,0,33,,1551830,29,,,0,2,,1551843,33,,,0,60,,1551826,39,,,0,6,,1551844,33,,,0,31,,1551845,33,,,0,72,,1551846,33,,,0,14,,1551827,39,,,0,12,,1551847,33,,,0,69,,1551848,33,,,0,42,,1551828,39,,,0,1,,1551849,33,,,0,100,,1551850,33,,,0,68,,1551829,39,,,0,32,,1551851,33,,,0,99,,1551852,33,,,0,100,,1551853,33,,,0
9300,'20261002',650,,1474814,33,,,0,102,,1474794,33,,,0,49,,1474817,39,,,0,51,,1474806,33,,,0,76,,1474818,39,,,0,24,,1474810,33,,,0,100,,1474811,33,,,0,4,,1474819,39,,,0,96,,1474812,33,,,0,77,,1474820,39,,,0,23,,1474795,33,,,0,99,,1474796,33,,,0,7,,1474821,39,,,0,88,,1474813,33,,,0,69,,1474803,33,,,0,17,,1474822,39,,,0,11,,1474815,33,,,0,70,,1474807,33,,,0,35,,1474797,33,,,0,60,,1474823,39,,,0,6,,1474798,33,,,0,31,,1474799,33,,,0,72,,1474800,33,,,0,14,,1474824,39,,,0,12,,1474801,33,,,0,69,,1474808,33,,,0,42,,1474825,39,,,0,1,,1474802,33,,,0,100,,1474804,33,,,0,68,,1474826,39,,,0,32,,1474809,33,,,0,99,,1474805,33,,,0,100,,1474816,33,,,0
9300,'20261003',649,,1497793,33,,,0,102,,1497784,33,,,0,100,,1497785,33,,,0,71,,1497795,39,,,0,28,,1497792,33,,,0,100,,1497778,33,,,0,3,,1497796,39,,,0,96,,1497789,33,,,0,76,,1497797,39,,,0,25,,1497786,33,,,0,101,,1497787,33,,,0,4,,1497798,39,,,0,96,,1497779,33,,,0,74,,1497799,39,,,0,26,,1497788,33,,,0,101,,1497790,33,,,0,5,,1497800,39,,,0,94,,1497780,33,,,0,74,,1497801,39,,,0,25,,1497791,33,,,0,99,,1497783,33,,,0,2,,1497802,39,,,0,168,,1497803,39,,,0,30,,1497781,33,,,0,200,,1497782,33,,,0
9300,'20261004',649,,1497819,33,,,0,102,,1497809,33,,,0,100,,1497817,33,,,0,71,,1497821,39,,,0,28,,1497818,33,,,0,100,,1497810,33,,,0,3,,1497822,39,,,0,96,,1497814,33,,,0,76,,1497823,39,,,0,25,,1497804,33,,,0,101,,1497812,33,,,0,4,,1497824,39,,,0,96,,1497811,33,,,0,74,,1497825,39,,,0,26,,1497813,33,,,0,101,,1497815,33,,,0,5,,1497826,39,,,0,94,,1497805,33,,,0,74,,1497827,39,,,0,25,,1497816,33,,,0,99,,1497808,33,,,0,2,,1497828,39,,,0,168,,1497829,39,,,0,30,,1497806,33,,,0,200,,1497807,33,,,0
9300,'20261005',650,,1497850,33,,,0,102,,1497830,33,,,0,49,,1497853,39,,,0,51,,1497842,33,,,0,76,,1497854,39,,,0,24,,1497846,33,,,0,100,,1497847,33,,,0,4,,1497855,39,,,0,96,,1497848,33,,,0,77,,1497856,39,,,0,23,,1497831,33,,,0,99,,1497832,33,,,0,7,,1497857,39,,,0,88,,1497849,33,,,0,69,,1497839,33,,,0,17,,1497858,39,,,0,11,,1497851,33,,,0,70,,1497843,33,,,0,35,,1497833,33,,,0,60,,1497859,39,,,0,6,,1497834,33,,,0,31,,1497835,33,,,0,72,,1497836,33,,,0,14,,1497860,39,,,0,12,,1497837,33,,,0,69,,1497844,33,,,0,42,,1497861,39,,,0,1,,1497838,33,,,0,100,,1497840,33,,,0,68,,1497862,39,,,0,32,,1497845,33,,,0,99,,1497841,33,,,0,100,,1497852,33,,,0
9300,'20261006',650,,1525295,33,,,0,102,,1525275,33,,,0,49,,1525298,39,,,0,51,,1525287,33,,,0,76,,1525299,39,,,0,24,,1525291,33,,,0,100,,1525292,33,,,0,4,,1525300,39,,,0,96,,1525293,33,,,0,77,,1525301,39,,,0,23,,1525276,33,,,0,99,,1525277,33,,,0,7,,1525302,39,,,0,88,,1525294,33,,,0,69,,1525284,33,,,0,17,,1525303,39,,,0,11,,1525296,33,,,0,70,,1525288,33,,,0,35,,1525278,33,,,0,60,,1525304,39,,,0,6,,1525279,33,,,0,31,,1525280,33,,,0,72,,1525281,33,,,0,14,,1525305,39,,,0,12,,1525282,33,,,0,69,,1525289,33,,,0,42,,1525306,39,,,0,1,,1525283,33,,,0,100,,1525285,33,,,0,68,,1525307,39,,,0,32,,1525290,33,,,0,99,,1525286,33,,,0,100,,1525297,33,,,0
9300,'20261007',650,,1525328,33,,,0,102,,1525308,33,,,0,49,,1525331,39,,,0,51,,1525320,33,,,0,76,,1525332,39,,,0,24,,1525324,33,,,0,100,,1525325,33,,,0,4,,1525333,39,,,0,96,,1525326,33,,,0,77,,1525334,39,,,0,23,,1525309,33,,,0,99,,1525310,33,,,0,7,,1525335,39,,,0,88,,1525327,33,,,0,69,,1525317,33,,,0,17,,1525336,39,,,0,11,,1525329,33,,,0,70,,1525321,33,,,0,35,,1525311,33,,,0,60,,1525337,39,,,0,6,,1525312,33,,,0,31,,1525313,33,,,0,72,,1525314,33,,,0,14,,1525338,39,,,0,12,,1525315,33,,,0,69,,1525322,33,,,0,42,,1525339,39,,,0,1,,1525316,33,,,0,100,,1525318,33,,,0,68,,1525340,39,,,0,32,,1525323,33,,,0,99,,1525319,33,,,0,100,,1525330,33,,,0
9300,'20261008',650,,1525361,33,,,0,102,,1525341,33,,,0,49,,1525364,39,,,0,51,,1525353,33,,,0,76,,1525365,39,,,0,24,,1525357,33,,,0,100,,1525358,33,,,0,4,,1525366,39,,,0,96,,1525359,33,,,0,77,,1525367,39,,,0,23,,1525342,33,,,0,99,,1525343,33,,,0,7,,1525368,39,,,0,88,,1525360,33,,,0,69,,1525350,33,,,0,17,,1525369,39,,,0,11,,1525362,33,,,0,70,,1525354,33,,,0,35,,1525344,33,,,0,60,,1525370,39,,,0,6,,1525345,33,,,0,31,,1525346,33,,,0,72,,1525347,33,,,0,14,,1525371,39,,,0,12,,1525348,33,,,0,69,,1525355,33,,,0,42,,1525372,39,,,0,1,,1525349,33,,,0,100,,1525351,33,,,0,68,,1525373,39,,,0,32,,1525356,33,,,0,99,,1525352,33,,,0,100,,1525363,33,,,0
9300,'20261009',650,,1525394,33,,,0,102,,1525374,33,,,0,49,,1525397,39,,,0,51,,1525386,33,,,0,76,,1525398,39,,,0,24,,1525390,33,,,0,100,,1525391,33,,,0,4,,1525399,39,,,0,96,,1525392,33,,,0,77,,1525400,39,,,0,23,,1525375,33,,,0,99,,1525376,33,,,0,7,,1525401,39,,,0,88,,1525393,33,,,0,69,,1525383,33,,,0,17,,1525402,39,,,0,11,,1525395,33,,,0,70,,1525387,33,,,0,35,,1525377,33,,,0,60,,1525403,39,,,0,6,,1525378,33,,,0,31,,1525379,33,,,0,72,,1525380,33,,,0,14,,1525404,39,,,0,12,,1525381,33,,,0,69,,1525388,33,,,0,42,,1525405,39,,,0,1,,1525382,33,,,0,100,,1525384,33,,,0,68,,1525406,39,,,0,32,,1525389,33,,,0,99,,1525385,33,,,0,100,,1525396,33,,,0
9300,'20261010',649,,1551869,33,,,0,102,,1551860,33,,,0,100,,1551861,33,,,0,71,,1551871,39,,,0,28,,1551868,33,,,0,100,,1551854,33,,,0,3,,1551872,39,,,0,96,,1551865,33,,,0,76,,1551873,39,,,0,25,,1551862,33,,,0,101,,1551863,33,,,0,4,,1551874,39,,,0,96,,1551855,33,,,0,74,,1551875,39,,,0,26,,1551864,33,,,0,101,,1551866,33,,,0,5,,1551876,39,,,0,94,,1551856,33,,,0,74,,1551877,39,,,0,25,,1551867,33,,,0,99,,1551859,33,,,0,2,,1551878,39,,,0,168,,1551879,39,,,0,30,,1551857,33,,,0,200,,1551858,33,,,0
9300,'20261011',649,,1551895,33,,,0,102,,1551885,33,,,0,100,,1551893,33,,,0,71,,1551897,39,,,0,28,,1551894,33,,,0,100,,1551886,33,,,0,3,,1551898,39,,,0,96,,1551890,33,,,0,76,,1551899,39,,,0,25,,1551880,33,,,0,101,,1551888,33,,,0,4,,1551900,39,,,0,96,,1551887,33,,,0,74,,1551901,39,,,0,26,,1551889,33,,,0,101,,1551891,33,,,0,5,,1551902,39,,,0,94,,1551881,33,,,0,74,,1551903,39,,,0,25,,1551892,33,,,0,99,,1551884,33,,,0,2,,1551904,39,,,0,168,,1551905,39,,,0,30,,1551882,33,,,0,200,,1551883,33,,,0
9300,'20261012',649,,1551921,33,,,0,102,,1551911,33,,,0,100,,1551919,33,,,0,71,,1551923,39,,,0,28,,1551920,33,,,0,100,,1551912,33,,,0,3,,1551924,39,,,0,96,,1551916,33,,,0,76,,1551925,39,,,0,25,,1551906,33,,,0,101,,1551914,33,,,0,4,,1551926,39,,,0,96,,1551913,33,,,0,74,,1551927,39,,,0,26,,1551915,33,,,0,101,,1551917,33,,,0,5,,1551928,39,,,0,94,,1551907,33,,,0,74,,1551929,39,,,0,25,,1551918,33,,,0,99,,1551910,33,,,0,2,,1551930,39,,,0,168,,1551931,39,,,0,30,,1551908,33,,,0,200,,1551909,33,,,0
28303,'20260929',1627,,1553252,34,4,,0,27,,1553253,34,4,,0,99,,1553254,34,4,,0,62,,1553255,34,4,,0
28303,'20260930',1627,,1553256,34,4,,0,27,,1553257,34,4,,0,99,,1553258,34,4,,0,62,,1553259,34,4,,0
28303,'20261001',1627,,1553260,34,4,,0,27,,1553261,34,4,,0,99,,1553262,34,4,,0,62,,1553263,34,4,,0
28303,'20261002',1627,,1476407,34,4,,0,27,,1476404,34,4,,0,99,,1476405,34,4,,0,62,,1476406,34,4,,0
28303,'20261005',1627,,1499444,34,4,,0,27,,1499441,34,4,,0,99,,1499442,34,4,,0,62,,1499443,34,4,,0
28303,'20261006',1627,,1527668,34,4,,0,27,,1527665,34,4,,0,99,,1527666,34,4,,0,62,,1527667,34,4,,0
28303,'20261007',1627,,1527672,34,4,,0,27,,1527669,34,4,,0,99,,1527670,34,4,,0,62,,1527671,34,4,,0
28303,'20261008',1627,,1527676,34,4,,0,27,,1527673,34,4,,0,99,,1527674,34,4,,0,62,,1527675,34,4,,0
28303,'20261009',1627,,1527680,34,4,,0,27,,1527677,34,4,,0,99,,1527678,34,4,,0,62,,1527679,34,4,,0
99203,'20261002',2602,,1485620,35,,,0,130,,1485621,35,,,0
99203,'20261003',2602,,1508571,35,,,0,130,,1508572,35,,,0
99203,'20261009',2602,,1540261,35,,,0,130,,1540262,35,,,0
99203,'20261010',2602,,1561872,35,,,0,130,,1561873,35,,,0
