8600,'20260929',700,,1550943,32,,,0,28,,1550944,32,,,0,73,,1550945,32,,,0,28,,1550946,32,,,0,2,,1550947,32,,,0,101,,1550948,32,,,0,100,,1550949,32,,,0,100,,1550950,32,,,0,99,,1550951,32,,,0,69,,1550952,32,,,0,31,,1550953,32,,,0,100,,1550954,32,,,0,97,,1550955,32,,,0,28,,1550956,32,,,0,65,,1550957,32,,,0,37,,1550958,32,,,0,72,,1550959,32,,,0,71,,1550960,32,,,0,31,,1550961,32,,,0,100,,1550962,32,,,0,100,,1550963,32,,,0,101,,1550964,32,,,0,99,,1550965,32,,,0,102,,1550966,32,,,0
8600,'20260930',700,,1550967,32,,,0,28,,1550968,32,,,0,73,,1550969,32,,,0,28,,1550970,32,,,0,2,,1550971,32,,,0,101,,1550972,32,,,0,100,,1550973,32,,,0,100,,1550974,32,,,0,99,,1550975,32,,,0,69,,1550976,32,,,0,31,,1550977,32,,,0,100,,1550978,32,,,0,97,,1550979,32,,,0,28,,1550980,32,,,0,65,,1550981,32,,,0,37,,1550982,32,,,0,72,,1550983,32,,,0,71,,1550984,32,,,0,31,,1550985,32,,,0,100,,1550986,32,,,0,100,,1550987,32,,,0,101,,1550988,32,,,0,99,,1550989,32,,,0,102,,1550990,32,,,0
8600,'20261001',700,,1550991,32,,,0,28,,1550992,32,,,0,73,,1550993,32,,,0,28,,1550994,32,,,0,2,,1550995,32,,,0,101,,1550996,32,,,0,100,,1550997,32,,,0,100,,1550998,32,,,0,99,,1550999,32,,,0,69,,1551000,32,,,0,31,,1551001,32,,,0,100,,1551002,32,,,0,97,,1551003,32,,,0,28,,1551004,32,,,0,65,,1551005,32,,,0,37,,1551006,32,,,0,72,,1551007,32,,,0,71,,1551008,32,,,0,31,,1551009,32,,,0,100,,1551010,32,,,0,100,,1551011,32,,,0,101,,1551012,32,,,0,99,,1551013,32,,,0,102,,1551014,32,,,0
8600,'20261002',700,,1473884,32,,,0,28,,1473883,32,,,0,73,,1473885,32,,,0,28,,1473906,32,,,0,2,,1473886,32,,,0,101,,1473887,32,,,0,100,,1473901,32,,,0,100,,1473889,32,,,0,99,,1473891,32,,,0,69,,1473905,32,,,0,31,,1473892,32,,,0,100,,1473902,32,,,0,97,,1473888,32,,,0,28,,1473893,32,,,0,65,,1473890,32,,,0,37,,1473894,32,,,0,72,,1473895,32,,,0,71,,1473896,32,,,0,31,,1473903,32,,,0,100,,1473897,32,,,0,100,,1473900,32,,,0,101,,1473898,32,,,0,99,,1473904,32,,,0,102,,1473899,32,,,0
8600,'20261003',733,,1496883,32,,,0,100,,1496892,32,,,0,99,,1496887,32,,,0,100,,1496893,32,,,0,100,,1496888,32,,,0,99,,1496894,32,,,0,100,,1496889,32,,,0,100,,1496895,32,,,0,99,,1496890,32,,,0,100,,1496896,32,,,0,101,,1496891,32,,,0,101,,1496897,32,,,0,100,,1496884,32,,,0,100,,1496898,32,,,0,102,,1496886,32,,,0,100,,1496899,32,,,0,101,,1496885,32,,,0,100,,1496900,32,,,0
8600,'20261004',733,,1496901,32,,,0,100,,1496910,32,,,0,99,,1496902,32,,,0,100,,1496911,32,,,0,100,,1496903,32,,,0,99,,1496912,32,,,0,100,,1496904,32,,,0,100,,1496913,32,,,0,99,,1496905,32,,,0,100,,1496914,32,,,0,101,,1496906,32,,,0,101,,1496915,32,,,0,100,,1496907,32,,,0,100,,1496916,32,,,0,102,,1496908,32,,,0,100,,1496917,32,,,0,101,,1496909,32,,,0,100,,1496918,32,,,0
8600,'20261005',700,,1496920,32,,,0,28,,1496919,32,,,0,73,,1496921,32,,,0,28,,1496942,32,,,0,2,,1496922,32,,,0,101,,1496923,32,,,0,100,,1496937,32,,,0,100,,1496925,32,,,0,99,,1496927,32,,,0,69,,1496941,32,,,0,31,,1496928,32,,,0,100,,1496938,32,,,0,97,,1496924,32,,,0,28,,1496929,32,,,0,65,,1496926,32,,,0,37,,1496930,32,,,0,72,,1496931,32,,,0,71,,1496932,32,,,0,31,,1496939,32,,,0,100,,1496933,32,,,0,100,,1496936,32,,,0,101,,1496934,32,,,0,99,,1496940,32,,,0,102,,1496935,32,,,0
8600,'20261006',700,,1524043,32,,,0,28,,1524042,32,,,0,73,,1524044,32,,,0,28,,1524065,32,,,0,2,,1524045,32,,,0,101,,1524046,32,,,0,100,,1524060,32,,,0,100,,1524048,32,,,0,99,,1524050,32,,,0,69,,1524064,32,,,0,31,,1524051,32,,,0,100,,1524061,32,,,0,97,,1524047,32,,,0,28,,1524052,32,,,0,65,,1524049,32,,,0,37,,1524053,32,,,0,72,,1524054,32,,,0,71,,1524055,32,,,0,31,,1524062,32,,,0,100,,1524056,32,,,0,100,,1524059,32,,,0,101,,1524057,32,,,0,99,,1524063,32,,,0,102,,1524058,32,,,0
8600,'20261007',700,,1524067,32,,,0,28,,1524066,32,,,0,73,,1524068,32,,,0,28,,1524089,32,,,0,2,,1524069,32,,,0,101,,1524070,32,,,0,100,,1524084,32,,,0,100,,1524072,32,,,0,99,,1524074,32,,,0,69,,1524088,32,,,0,31,,1524075,32,,,0,100,,1524085,32,,,0,97,,1524071,32,,,0,28,,1524076,32,,,0,65,,1524073,32,,,0,37,,1524077,32,,,0,72,,1524078,32,,,0,71,,1524079,32,,,0,31,,1524086,32,,,0,100,,1524080,32,,,0,100,,1524083,32,,,0,101,,1524081,32,,,0,99,,1524087,32,,,0,102,,1524082,32,,,0
8600,'20261008',700,,1524091,32,,,0,28,,1524090,32,,,0,73,,1524092,32,,,0,28,,1524113,32,,,0,2,,1524093,32,,,0,101,,1524094,32,,,0,100,,1524108,32,,,0,100,,1524096,32,,,0,99,,1524098,32,,,0,69,,1524112,32,,,0,31,,1524099,32,,,0,100,,1524109,32,,,0,97,,1524095,32,,,0,28,,1524100,32,,,0,65,,1524097,32,,,0,37,,1524101,32,,,0,72,,1524102,32,,,0,71,,1524103,32,,,0,31,,1524110,32,,,0,100,,1524104,32,,,0,100,,1524107,32,,,0,101,,1524105,32,,,0,99,,1524111,32,,,0,102,,1524106,32,,,0
8600,'20261009',700,,1524115,32,,,0,28,,1524114,32,,,0,73,,1524116,32,,,0,28,,1524137,32,,,0,2,,1524117,32,,,0,101,,1524118,32,,,0,100,,1524132,32,,,0,100,,1524120,32,,,0,99,,1524122,32,,,0,69,,1524136,32,,,0,31,,1524123,32,,,0,100,,1524133,32,,,0,97,,1524119,32,,,0,28,,1524124,32,,,0,65,,1524121,32,,,0,37,,1524125,32,,,0,72,,1524126,32,,,0,71,,1524127,32,,,0,31,,1524134,32,,,0,100,,1524128,32,,,0,100,,1524131,32,,,0,101,,1524129,32,,,0,99,,1524135,32,,,0,102,,1524130,32,,,0
8600,'20261010',733,,1551015,32,,,0,100,,1551024,32,,,0,99,,1551019,32,,,0,100,,1551025,32,,,0,100,,1551020,32,,,0,99,,1551026,32,,,0,100,,1551021,32,,,0,100,,1551027,32,,,0,99,,1551022,32,,,0,100,,1551028,32,,,0,101,,1551023,32,,,0,101,,1551029,32,,,0,100,,1551016,32,,,0,100,,1551030,32,,,0,102,,1551018,32,,,0,100,,1551031,32,,,0,101,,1551017,32,,,0,100,,1551032,32,,,0
8600,'20261011',733,,1551033,32,,,0,100,,1551042,32,,,0,99,,1551034,32,,,0,100,,1551043,32,,,0,100,,1551035,32,,,0,99,,1551044,32,,,0,100,,1551036,32,,,0,100,,1551045,32,,,0,99,,1551037,32,,,0,100,,1551046,32,,,0,101,,1551038,32,,,0,101,,1551047,32,,,0,100,,1551039,32,,,0,100,,1551048,32,,,0,102,,1551040,32,,,0,100,,1551049,32,,,0,101,,1551041,32,,,0,100,,1551050,32,,,0
8600,'20261012',733,,1551051,32,,,0,100,,1551060,32,,,0,99,,1551052,32,,,0,100,,1551061,32,,,0,100,,1551053,32,,,0,99,,1551062,32,,,0,100,,1551054,32,,,0,100,,1551063,32,,,0,99,,1551055,32,,,0,100,,1551064,32,,,0,101,,1551056,32,,,0,101,,1551065,32,,,0,100,,1551057,32,,,0,100,,1551066,32,,,0,102,,1551058,32,,,0,100,,1551067,32,,,0,101,,1551059,32,,,0,100,,1551068,32,,,0
