1103,'20260929',617,,1542447,29,,,1,31,,1542448,29,,,1,70,,1542449,29,,,1,19,,1542450,29,,,1,18,,1542451,29,,,1,57,,1542452,29,,,1,12,,1542453,29,,,1,26,,1542454,29,,,1,66,,1542455,29,,,1,28,,1542456,29,,,1,70,,1542457,29,,,1,30,,1542458,29,,,1,70,,1542459,29,,,1,31,,1542460,29,,,1,71,,1542461,29,,,1,30,,1542462,29,,,1,70,,1542463,29,,,1,29,,1542464,29,,,1,71,,1542465,29,,,1,32,,1542466,29,,,1,72,,1542467,29,,,1,7,,1542468,29,,,1,5,,1542469,29,,,1,11,,1542470,29,,,1,5,,1542471,29,,,1,11,,1542472,29,,,1,56,,1542473,29,,,1,15,,1542474,29,,,1,16,,1542475,29,,,1,55,,1542476,29,,,1,14,,1542477,29,,,1,30,,1542478,29,,,1,67,,1542479,29,,,1,29,,1542480,29,,,1,70,,1542481,29,,,1,30,,1542482,29,,,1,71,,1542483,29,,,1,100,,1542484,29,,,1,100,,1542485,29,,,1,100,,1542486,29,,,1,99,,1542487,29,,,1
1103,'20260930',617,,1542488,29,,,1,31,,1542489,29,,,1,70,,1542490,29,,,1,19,,1542491,29,,,1,18,,1542492,29,,,1,57,,1542493,29,,,1,12,,1542494,29,,,1,26,,1542495,29,,,1,66,,1542496,29,,,1,28,,1542497,29,,,1,70,,1542498,29,,,1,30,,1542499,29,,,1,70,,1542500,29,,,1,31,,1542501,29,,,1,71,,1542502,29,,,1,30,,1542503,29,,,1,70,,1542504,29,,,1,29,,1542505,29,,,1,71,,1542506,29,,,1,32,,1542507,29,,,1,72,,1542508,29,,,1,7,,1542509,29,,,1,5,,1542510,29,,,1,11,,1542511,29,,,1,5,,1542512,29,,,1,11,,1542513,29,,,1,56,,1542514,29,,,1,15,,1542515,29,,,1,16,,1542516,29,,,1,55,,1542517,29,,,1,14,,1542518,29,,,1,30,,1542519,29,,,1,67,,1542520,29,,,1,29,,1542521,29,,,1,70,,1542522,29,,,1,30,,1542523,29,,,1,71,,1542524,29,,,1,100,,1542525,29,,,1,100,,1542526,29,,,1,100,,1542527,29,,,1,99,,1542528,29,,,1
1103,'20261001',617,,1542529,29,,,1,31,,1542530,29,,,1,70,,1542531,29,,,1,19,,1542532,29,,,1,18,,1542533,29,,,1,57,,1542534,29,,,1,12,,1542535,29,,,1,26,,1542536,29,,,1,66,,1542537,29,,,1,28,,1542538,29,,,1,70,,1542539,29,,,1,30,,1542540,29,,,1,70,,1542541,29,,,1,31,,1542542,29,,,1,71,,1542543,29,,,1,30,,1542544,29,,,1,70,,1542545,29,,,1,29,,1542546,29,,,1,71,,1542547,29,,,1,32,,1542548,29,,,1,72,,1542549,29,,,1,7,,1542550,29,,,1,5,,1542551,29,,,1,11,,1542552,29,,,1,5,,1542553,29,,,1,11,,1542554,29,,,1,56,,1542555,29,,,1,15,,1542556,29,,,1,16,,1542557,29,,,1,55,,1542558,29,,,1,14,,1542559,29,,,1,30,,1542560,29,,,1,67,,1542561,29,,,1,29,,1542562,29,,,1,70,,1542563,29,,,1,30,,1542564,29,,,1,71,,1542565,29,,,1,100,,1542566,29,,,1,100,,1542567,29,,,1,100,,1542568,29,,,1,99,,1542569,29,,,1
1103,'20261002',617,,1464996,29,,,1,31,,1464995,29,,,1,70,,1464997,29,,,1,19,,1465030,29,,,1,18,,1464998,29,,,1,57,,1464994,29,,,1,12,,1464999,29,,,1,26,,1465000,29,,,1,66,,1465001,29,,,1,28,,1465002,29,,,1,70,,1465003,29,,,1,30,,1465009,29,,,1,70,,1465004,29,,,1,31,,1465005,29,,,1,71,,1465006,29,,,1,30,,1465007,29,,,1,70,,1465008,29,,,1,29,,1465010,29,,,1,71,,1465016,29,,,1,32,,1465019,29,,,1,72,,1465024,29,,,1,7,,1465022,29,,,1,5,,1465015,29,,,1,11,,1465031,29,,,1,5,,1465034,29,,,1,11,,1465014,29,,,1,56,,1465021,29,,,1,15,,1465032,29,,,1,16,,1465013,29,,,1,55,,1465033,29,,,1,14,,1465025,29,,,1,30,,1465026,29,,,1,67,,1465011,29,,,1,29,,1465012,29,,,1,70,,1465017,29,,,1,30,,1465020,29,,,1,71,,1465027,29,,,1,100,,1465029,29,,,1,100,,1465023,29,,,1,100,,1465028,29,,,1,99,,1465018,29,,,1
1103,'20261003',616,,1488018,29,,,1,100,,1488017,29,,,1,100,,1487993,29,,,1,30,,1487994,29,,,1,70,,1487995,29,,,1,30,,1487996,29,,,1,70,,1487997,29,,,1,30,,1487998,29,,,1,70,,1487999,29,,,1,30,,1488000,29,,,1,69,,1488001,29,,,1,30,,1488002,29,,,1,70,,1488003,29,,,1,30,,1488004,29,,,1,70,,1488005,29,,,1,31,,1488006,29,,,1,69,,1488007,29,,,1,33,,1488008,29,,,1,66,,1488009,29,,,1,30,,1488010,29,,,1,70,,1488011,29,,,1,33,,1488012,29,,,1,69,,1488013,29,,,1,30,,1488014,29,,,1,69,,1488019,29,,,1,30,,1488015,29,,,1,70,,1488020,29,,,1,101,,1488021,29,,,1,100,,1488022,29,,,1,100,,1488023,29,,,1,100,,1488016,29,,,1
1103,'20261004',616,,1488053,29,,,1,100,,1488024,29,,,1,100,,1488025,29,,,1,30,,1488026,29,,,1,70,,1488027,29,,,1,30,,1488028,29,,,1,70,,1488029,29,,,1,30,,1488031,29,,,1,70,,1488032,29,,,1,30,,1488033,29,,,1,69,,1488030,29,,,1,30,,1488034,29,,,1,70,,1488035,29,,,1,30,,1488036,29,,,1,70,,1488037,29,,,1,31,,1488038,29,,,1,69,,1488039,29,,,1,33,,1488040,29,,,1,66,,1488041,29,,,1,30,,1488042,29,,,1,70,,1488043,29,,,1,33,,1488044,29,,,1,69,,1488045,29,,,1,30,,1488046,29,,,1,69,,1488047,29,,,1,30,,1488054,29,,,1,70,,1488048,29,,,1,101,,1488049,29,,,1,100,,1488050,29,,,1,100,,1488051,29,,,1,100,,1488052,29,,,1
1103,'20261005',617,,1488057,29,,,1,31,,1488056,29,,,1,70,,1488058,29,,,1,19,,1488091,29,,,1,18,,1488059,29,,,1,57,,1488055,29,,,1,12,,1488060,29,,,1,26,,1488061,29,,,1,66,,1488062,29,,,1,28,,1488063,29,,,1,70,,1488064,29,,,1,30,,1488070,29,,,1,70,,1488065,29,,,1,31,,1488066,29,,,1,71,,1488067,29,,,1,30,,1488068,29,,,1,70,,1488069,29,,,1,29,,1488071,29,,,1,71,,1488077,29,,,1,32,,1488080,29,,,1,72,,1488085,29,,,1,7,,1488083,29,,,1,5,,1488076,29,,,1,11,,1488092,29,,,1,5,,1488095,29,,,1,11,,1488075,29,,,1,56,,1488082,29,,,1,15,,1488093,29,,,1,16,,1488074,29,,,1,55,,1488094,29,,,1,14,,1488086,29,,,1,30,,1488087,29,,,1,67,,1488072,29,,,1,29,,1488073,29,,,1,70,,1488078,29,,,1,30,,1488081,29,,,1,71,,1488088,29,,,1,100,,1488090,29,,,1,100,,1488084,29,,,1,100,,1488089,29,,,1,99,,1488079,29,,,1
1103,'20261006',617,,1511817,29,,,1,31,,1511816,29,,,1,70,,1511818,29,,,1,19,,1511851,29,,,1,18,,1511819,29,,,1,57,,1511815,29,,,1,12,,1511820,29,,,1,26,,1511821,29,,,1,66,,1511822,29,,,1,28,,1511823,29,,,1,70,,1511824,29,,,1,30,,1511830,29,,,1,70,,1511825,29,,,1,31,,1511826,29,,,1,71,,1511827,29,,,1,30,,1511828,29,,,1,70,,1511829,29,,,1,29,,1511831,29,,,1,71,,1511837,29,,,1,32,,1511840,29,,,1,72,,1511845,29,,,1,7,,1511843,29,,,1,5,,1511836,29,,,1,11,,1511852,29,,,1,5,,1511855,29,,,1,11,,1511835,29,,,1,56,,1511842,29,,,1,15,,1511853,29,,,1,16,,1511834,29,,,1,55,,1511854,29,,,1,14,,1511846,29,,,1,30,,1511847,29,,,1,67,,1511832,29,,,1,29,,1511833,29,,,1,70,,1511838,29,,,1,30,,1511841,29,,,1,71,,1511848,29,,,1,100,,1511850,29,,,1,100,,1511844,29,,,1,100,,1511849,29,,,1,99,,1511839,29,,,1
1103,'20261007',617,,1511858,29,,,1,31,,1511857,29,,,1,70,,1511859,29,,,1,19,,1511892,29,,,1,18,,1511860,29,,,1,57,,1511856,29,,,1,12,,1511861,29,,,1,26,,1511862,29,,,1,66,,1511863,29,,,1,28,,1511864,29,,,1,70,,1511865,29,,,1,30,,1511871,29,,,1,70,,1511866,29,,,1,31,,1511867,29,,,1,71,,1511868,29,,,1,30,,1511869,29,,,1,70,,1511870,29,,,1,29,,1511872,29,,,1,71,,1511878,29,,,1,32,,1511881,29,,,1,72,,1511886,29,,,1,7,,1511884,29,,,1,5,,1511877,29,,,1,11,,1511893,29,,,1,5,,1511896,29,,,1,11,,1511876,29,,,1,56,,1511883,29,,,1,15,,1511894,29,,,1,16,,1511875,29,,,1,55,,1511895,29,,,1,14,,1511887,29,,,1,30,,1511888,29,,,1,67,,1511873,29,,,1,29,,1511874,29,,,1,70,,1511879,29,,,1,30,,1511882,29,,,1,71,,1511889,29,,,1,100,,1511891,29,,,1,100,,1511885,29,,,1,100,,1511890,29,,,1,99,,1511880,29,,,1
1103,'20261008',617,,1511899,29,,,1,31,,1511898,29,,,1,70,,1511900,29,,,1,19,,1511933,29,,,1,18,,1511901,29,,,1,57,,1511897,29,,,1,12,,1511902,29,,,1,26,,1511903,29,,,1,66,,1511904,29,,,1,28,,1511905,29,,,1,70,,1511906,29,,,1,30,,1511912,29,,,1,70,,1511907,29,,,1,31,,1511908,29,,,1,71,,1511909,29,,,1,30,,1511910,29,,,1,70,,1511911,29,,,1,29,,1511913,29,,,1,71,,1511919,29,,,1,32,,1511922,29,,,1,72,,1511927,29,,,1,7,,1511925,29,,,1,5,,1511918,29,,,1,11,,1511934,29,,,1,5,,1511937,29,,,1,11,,1511917,29,,,1,56,,1511924,29,,,1,15,,1511935,29,,,1,16,,1511916,29,,,1,55,,1511936,29,,,1,14,,1511928,29,,,1,30,,1511929,29,,,1,67,,1511914,29,,,1,29,,1511915,29,,,1,70,,1511920,29,,,1,30,,1511923,29,,,1,71,,1511930,29,,,1,100,,1511932,29,,,1,100,,1511926,29,,,1,100,,1511931,29,,,1,99,,1511921,29,,,1
1103,'20261009',617,,1511940,29,,,1,31,,1511939,29,,,1,70,,1511941,29,,,1,19,,1511974,29,,,1,18,,1511942,29,,,1,57,,1511938,29,,,1,12,,1511943,29,,,1,26,,1511944,29,,,1,66,,1511945,29,,,1,28,,1511946,29,,,1,70,,1511947,29,,,1,30,,1511953,29,,,1,70,,1511948,29,,,1,31,,1511949,29,,,1,71,,1511950,29,,,1,30,,1511951,29,,,1,70,,1511952,29,,,1,29,,1511954,29,,,1,71,,1511960,29,,,1,32,,1511963,29,,,1,72,,1511968,29,,,1,7,,1511966,29,,,1,5,,1511959,29,,,1,11,,1511975,29,,,1,5,,1511978,29,,,1,11,,1511958,29,,,1,56,,1511965,29,,,1,15,,1511976,29,,,1,16,,1511957,29,,,1,55,,1511977,29,,,1,14,,1511969,29,,,1,30,,1511970,29,,,1,67,,1511955,29,,,1,29,,1511956,29,,,1,70,,1511961,29,,,1,30,,1511964,29,,,1,71,,1511971,29,,,1,100,,1511973,29,,,1,100,,1511967,29,,,1,100,,1511972,29,,,1,99,,1511962,29,,,1
1103,'20261010',616,,1542595,29,,,1,100,,1542594,29,,,1,100,,1542570,29,,,1,30,,1542571,29,,,1,70,,1542572,29,,,1,30,,1542573,29,,,1,70,,1542574,29,,,1,30,,1542575,29,,,1,70,,1542576,29,,,1,30,,1542577,29,,,1,69,,1542578,29,,,1,30,,1542579,29,,,1,70,,1542580,29,,,1,30,,1542581,29,,,1,70,,1542582,29,,,1,31,,1542583,29,,,1,69,,1542584,29,,,1,33,,1542585,29,,,1,66,,1542586,29,,,1,30,,1542587,29,,,1,70,,1542588,29,,,1,33,,1542589,29,,,1,69,,1542590,29,,,1,30,,1542591,29,,,1,69,,1542596,29,,,1,30,,1542592,29,,,1,70,,1542597,29,,,1,101,,1542598,29,,,1,100,,1542599,29,,,1,100,,1542600,29,,,1,100,,1542593,29,,,1
1103,'20261011',616,,1542630,29,,,1,100,,1542601,29,,,1,100,,1542602,29,,,1,30,,1542603,29,,,1,70,,1542604,29,,,1,30,,1542605,29,,,1,70,,1542606,29,,,1,30,,1542608,29,,,1,70,,1542609,29,,,1,30,,1542610,29,,,1,69,,1542607,29,,,1,30,,1542611,29,,,1,70,,1542612,29,,,1,30,,1542613,29,,,1,70,,1542614,29,,,1,31,,1542615,29,,,1,69,,1542616,29,,,1,33,,1542617,29,,,1,66,,1542618,29,,,1,30,,1542619,29,,,1,70,,1542620,29,,,1,33,,1542621,29,,,1,69,,1542622,29,,,1,30,,1542623,29,,,1,69,,1542624,29,,,1,30,,1542631,29,,,1,70,,1542625,29,,,1,101,,1542626,29,,,1,100,,1542627,29,,,1,100,,1542628,29,,,1,100,,1542629,29,,,1
1103,'20261012',616,,1542661,29,,,1,100,,1542632,29,,,1,100,,1542633,29,,,1,30,,1542634,29,,,1,70,,1542635,29,,,1,30,,1542636,29,,,1,70,,1542637,29,,,1,30,,1542639,29,,,1,70,,1542640,29,,,1,30,,1542641,29,,,1,69,,1542638,29,,,1,30,,1542642,29,,,1,70,,1542643,29,,,1,30,,1542644,29,,,1,70,,1542645,29,,,1,31,,1542646,29,,,1,69,,1542647,29,,,1,33,,1542648,29,,,1,66,,1542649,29,,,1,30,,1542650,29,,,1,70,,1542651,29,,,1,33,,1542652,29,,,1,69,,1542653,29,,,1,30,,1542654,29,,,1,69,,1542655,29,,,1,30,,1542662,29,,,1,70,,1542656,29,,,1,101,,1542657,29,,,1,100,,1542658,29,,,1,100,,1542659,29,,,1,100,,1542660,29,,,1
92503,'20261002',2550,,1485588,29,,,0,170,,1485589,29,,,0
92503,'20261003',2550,,1508556,29,,,0,170,,1508555,29,,,0
92503,'20261009',2550,,1540213,29,,,0,170,,1540214,29,,,0
92503,'20261010',2550,,1561857,29,,,0,170,,1561856,29,,,0
