25000,'20261006',1531,,1611750,21,4,,0,74,,1611751,21,4,,0,15,,1611752,21,4,,0,17,,1611753,21,4,,0,68,,1611754,21,4,,0,27,,1611755,21,4,,0,14,,1611756,21,4,,0,55,,1611757,21,4,,0
25000,'20261007',1531,,1611758,21,4,,0,74,,1611759,21,4,,0,15,,1611760,21,4,,0,17,,1611761,21,4,,0,68,,1611762,21,4,,0,27,,1611763,21,4,,0,14,,1611764,21,4,,0,55,,1611765,21,4,,0
25000,'20261008',1531,,1611766,21,4,,0,74,,1611767,21,4,,0,15,,1611768,21,4,,0,17,,1611769,21,4,,0,68,,1611770,21,4,,0,27,,1611771,21,4,,0,14,,1611772,21,4,,0,55,,1611773,21,4,,0
25000,'20261009',1531,,1611774,21,4,,0,74,,1611775,21,4,,0,15,,1611776,21,4,,0,17,,1611777,21,4,,0,68,,1611778,21,4,,0,27,,1611779,21,4,,0,14,,1611780,21,4,,0,55,,1611781,21,4,,0
25000,'20261013',1531,,1580025,21,4,,0,74,,1580026,21,4,,0,15,,1580027,21,4,,0,17,,1580028,21,4,,0,68,,1580029,21,4,,0,27,,1580030,21,4,,0,14,,1580031,21,4,,0,55,,1580032,21,4,,0
25000,'20261014',1531,,1580033,21,4,,0,74,,1580034,21,4,,0,15,,1580035,21,4,,0,17,,1580036,21,4,,0,68,,1580037,21,4,,0,27,,1580038,21,4,,0,14,,1580039,21,4,,0,55,,1580040,21,4,,0
25000,'20261015',1531,,1580041,21,4,,0,74,,1580042,21,4,,0,15,,1580043,21,4,,0,17,,1580044,21,4,,0,68,,1580045,21,4,,0,27,,1580046,21,4,,0,14,,1580047,21,4,,0,55,,1580048,21,4,,0
25000,'20261016',1531,,1580049,21,4,,0,74,,1580050,21,4,,0,15,,1580051,21,4,,0,17,,1580052,21,4,,0,68,,1580053,21,4,,0,27,,1580054,21,4,,0,14,,1580055,21,4,,0,55,,1580056,21,4,,0
25000,'20261019',1531,,1611782,21,4,,0,74,,1611783,21,4,,0,15,,1611784,21,4,,0,17,,1611785,21,4,,0,68,,1611786,21,4,,0,27,,1611787,21,4,,0,14,,1611788,21,4,,0,55,,1611789,21,4,,0
25000,'20261020',1531,,1611790,21,4,,0,74,,1611791,21,4,,0,15,,1611792,21,4,,0,17,,1611793,21,4,,0,68,,1611794,21,4,,0,27,,1611795,21,4,,0,14,,1611796,21,4,,0,55,,1611797,21,4,,0
35000,'20261006',1249,,1613307,26,4,,0,300,,1613308,26,4,,0,110,,1613309,26,4,,0,90,,1613310,26,4,,0,107,,1613306,22,4,,0,2,,1613311,26,4,,0
35000,'20261007',1249,,1613313,26,4,,0,300,,1613314,26,4,,0,110,,1613315,26,4,,0,90,,1613316,26,4,,0,107,,1613312,22,4,,0,2,,1613317,26,4,,0
35000,'20261008',1249,,1613319,26,4,,0,300,,1613320,26,4,,0,110,,1613321,26,4,,0,90,,1613322,26,4,,0,107,,1613318,22,4,,0,2,,1613323,26,4,,0
35000,'20261009',1249,,1613325,26,4,,0,300,,1613326,26,4,,0,110,,1613327,26,4,,0,90,,1613328,26,4,,0,107,,1613324,22,4,,0,2,,1613329,26,4,,0
35000,'20261013',1249,,1581564,26,4,,0,300,,1581568,26,4,,0,110,,1581565,26,4,,0,90,,1581566,26,4,,0,109,,1581567,26,4,,0
35000,'20261014',1249,,1581569,26,4,,0,300,,1581573,26,4,,0,110,,1581570,26,4,,0,90,,1581571,26,4,,0,109,,1581572,26,4,,0
35000,'20261015',1249,,1581574,26,4,,0,300,,1581578,26,4,,0,110,,1581575,26,4,,0,90,,1581576,26,4,,0,109,,1581577,26,4,,0
35000,'20261016',1249,,1581579,26,4,,0,300,,1581583,26,4,,0,110,,1581580,26,4,,0,90,,1581581,26,4,,0,109,,1581582,26,4,,0
35000,'20261019',1249,,1613330,26,4,,0,300,,1613334,26,4,,0,110,,1613331,26,4,,0,90,,1613332,26,4,,0,109,,1613333,26,4,,0
35000,'20261020',1249,,1613335,26,4,,0,300,,1613339,26,4,,0,110,,1613336,26,4,,0,90,,1613337,26,4,,0,109,,1613338,26,4,,0
55000,'20261006',1549,,1614100,24,4,,0,67,,1614101,24,4,,0,94,,1614102,24,4,,0,32,,1614103,24,4,,0,65,,1614104,24,4,,0
55000,'20261007',1549,,1614105,24,4,,0,67,,1614106,24,4,,0,94,,1614107,24,4,,0,32,,1614108,24,4,,0,65,,1614109,24,4,,0
55000,'20261008',1549,,1614110,24,4,,0,67,,1614111,24,4,,0,94,,1614112,24,4,,0,32,,1614113,24,4,,0,65,,1614114,24,4,,0
55000,'20261009',1549,,1614115,24,4,,0,67,,1614116,24,4,,0,94,,1614117,24,4,,0,32,,1614118,24,4,,0,65,,1614119,24,4,,0
55000,'20261013',1549,,1582356,24,4,,0,67,,1582354,24,4,,0,94,,1582353,24,4,,0,32,,1582352,24,4,,0,65,,1582355,24,4,,0
55000,'20261014',1549,,1582361,24,4,,0,67,,1582359,24,4,,0,94,,1582358,24,4,,0,32,,1582357,24,4,,0,65,,1582360,24,4,,0
55000,'20261015',1549,,1582366,24,4,,0,67,,1582364,24,4,,0,94,,1582363,24,4,,0,32,,1582362,24,4,,0,65,,1582365,24,4,,0
55000,'20261016',1549,,1582371,24,4,,0,67,,1582369,24,4,,0,94,,1582368,24,4,,0,32,,1582367,24,4,,0,65,,1582370,24,4,,0
55000,'20261019',1549,,1614124,24,4,,0,67,,1614122,24,4,,0,94,,1614121,24,4,,0,32,,1614120,24,4,,0,65,,1614123,24,4,,0
55000,'20261020',1549,,1614129,24,4,,0,67,,1614127,24,4,,0,94,,1614126,24,4,,0,32,,1614125,24,4,,0,65,,1614128,24,4,,0
80002,'20261006',611,,1614718,26,,,1,15,,1614719,26,,,1,14,,1614720,26,,,1,10,,1614721,26,,,1,9,,1614722,26,,,1,52,,1614723,26,,,1,11,,1614724,26,,,1,10,,1614725,26,,,1,10,,1614726,26,,,1,10,,1614727,26,,,1,50,,1614728,26,,,1,10,,1614729,26,,,1,11,,1614730,26,,,1,9,,1614731,26,,,1,10,,1614732,26,,,1,9,,1614733,26,,,1,50,,1614734,26,,,1,10,,1614735,26,,,1,13,,1614736,26,,,1,14,,1614737,26,,,1,15,,1614738,26,,,1,55,,1614739,26,,,1,15,,1614740,26,,,1,15,,1614741,26,,,1,15,,1614742,26,,,1,55,,1614743,26,,,1,15,,1614744,26,,,1,15,,1614745,26,,,1,15,,1614746,26,,,1,55,,1614747,26,,,1,15,,1614748,26,,,1,14,,1614749,26,,,1,15,,1614750,26,,,1,55,,1614751,26,,,1,15,,1614752,26,,,1,14,,1614753,26,,,1,16,,1614754,26,,,1,55,,1614755,26,,,1,17,,1614756,26,,,1,16,,1614757,26,,,1,14,,1614758,26,,,1,57,,1614759,26,,,1,12,,1614760,26,,,1,12,,1614761,26,,,1,10,,1614762,26,,,1,11,,1614763,26,,,1,51,,1614764,26,,,1,12,,1614765,26,,,1,10,,1614766,26,,,1,10,,1614767,26,,,1,9,,1614768,26,,,1,9,,1614769,26,,,1,49,,1614770,26,,,1,9,,1614771,26,,,1,9,,1614772,26,,,1,9,,1614773,26,,,1,10,,1614774,26,,,1,9,,1614775,26,,,1,50,,1614776,26,,,1,11,,1614777,26,,,1,13,,1614778,26,,,1,15,,1614779,26,,,1,14,,1614780,26,,,1,54,,1614781,26,,,1,16,,1614782,26,,,1,15,,1614783,26,,,1,14,,1614784,26,,,1,55,,1614785,26,,,1,15,,1614786,26,,,1,16,,1614787,26,,,1,15,,1614788,26,,,1,55,,1614789,26,,,1,15,,1614790,26,,,1,15,,1614791,26,,,1,15,,1614792,26,,,1,55,,1614793,26,,,1,15,,1614794,26,,,1,15,,1614795,26,,,1,13,,1614796,26,,,1,55,,1614797,26,,,1,14,,1614798,26,,,1,14,,1614799,26,,,1,15,,1614800,26,,,1,52,,1614801,26,,,1,15,,1614802,26,,,1,15,,1614803,26,,,1,16,,1614804,26,,,1,55,,1614805,26,,,1,15,,1614806,26,,,1,17,,1614807,26,,,1,17,,1614808,26,,,1,58,,1614809,26,,,1
80002,'20261007',611,,1614810,26,,,1,15,,1614811,26,,,1,14,,1614812,26,,,1,10,,1614813,26,,,1,9,,1614814,26,,,1,52,,1614815,26,,,1,11,,1614816,26,,,1,10,,1614817,26,,,1,10,,1614818,26,,,1,10,,1614819,26,,,1,50,,1614820,26,,,1,10,,1614821,26,,,1,11,,1614822,26,,,1,9,,1614823,26,,,1,10,,1614824,26,,,1,9,,1614825,26,,,1,50,,1614826,26,,,1,10,,1614827,26,,,1,13,,1614828,26,,,1,14,,1614829,26,,,1,15,,1614830,26,,,1,55,,1614831,26,,,1,15,,1614832,26,,,1,15,,1614833,26,,,1,15,,1614834,26,,,1,55,,1614835,26,,,1,15,,1614836,26,,,1,15,,1614837,26,,,1,15,,1614838,26,,,1,55,,1614839,26,,,1,15,,1614840,26,,,1,14,,1614841,26,,,1,15,,1614842,26,,,1,55,,1614843,26,,,1,15,,1614844,26,,,1,14,,1614845,26,,,1,16,,1614846,26,,,1,55,,1614847,26,,,1,17,,1614848,26,,,1,16,,1614849,26,,,1,14,,1614850,26,,,1,57,,1614851,26,,,1,12,,1614852,26,,,1,12,,1614853,26,,,1,10,,1614854,26,,,1,11,,1614855,26,,,1,51,,1614856,26,,,1,12,,1614857,26,,,1,10,,1614858,26,,,1,10,,1614859,26,,,1,9,,1614860,26,,,1,9,,1614861,26,,,1,49,,1614862,26,,,1,9,,1614863,26,,,1,9,,1614864,26,,,1,9,,1614865,26,,,1,10,,1614866,26,,,1,9,,1614867,26,,,1,50,,1614868,26,,,1,11,,1614869,26,,,1,13,,1614870,26,,,1,15,,1614871,26,,,1,14,,1614872,26,,,1,54,,1614873,26,,,1,16,,1614874,26,,,1,15,,1614875,26,,,1,14,,1614876,26,,,1,55,,1614877,26,,,1,15,,1614878,26,,,1,16,,1614879,26,,,1,15,,1614880,26,,,1,55,,1614881,26,,,1,15,,1614882,26,,,1,15,,1614883,26,,,1,15,,1614884,26,,,1,55,,1614885,26,,,1,15,,1614886,26,,,1,15,,1614887,26,,,1,13,,1614888,26,,,1,55,,1614889,26,,,1,14,,1614890,26,,,1,14,,1614891,26,,,1,15,,1614892,26,,,1,52,,1614893,26,,,1,15,,1614894,26,,,1,15,,1614895,26,,,1,16,,1614896,26,,,1,55,,1614897,26,,,1,15,,1614898,26,,,1,17,,1614899,26,,,1,17,,1614900,26,,,1,58,,1614901,26,,,1
80002,'20261008',611,,1614902,26,,,1,15,,1614903,26,,,1,14,,1614904,26,,,1,10,,1614905,26,,,1,9,,1614906,26,,,1,52,,1614907,26,,,1,11,,1614908,26,,,1,10,,1614909,26,,,1,10,,1614910,26,,,1,10,,1614911,26,,,1,50,,1614912,26,,,1,10,,1614913,26,,,1,11,,1614914,26,,,1,9,,1614915,26,,,1,10,,1614916,26,,,1,9,,1614917,26,,,1,50,,1614918,26,,,1,10,,1614919,26,,,1,13,,1614920,26,,,1,14,,1614921,26,,,1,15,,1614922,26,,,1,55,,1614923,26,,,1,15,,1614924,26,,,1,15,,1614925,26,,,1,15,,1614926,26,,,1,55,,1614927,26,,,1,15,,1614928,26,,,1,15,,1614929,26,,,1,15,,1614930,26,,,1,55,,1614931,26,,,1,15,,1614932,26,,,1,14,,1614933,26,,,1,15,,1614934,26,,,1,55,,1614935,26,,,1,15,,1614936,26,,,1,14,,1614937,26,,,1,16,,1614938,26,,,1,55,,1614939,26,,,1,17,,1614940,26,,,1,16,,1614941,26,,,1,14,,1614942,26,,,1,57,,1614943,26,,,1,12,,1614944,26,,,1,12,,1614945,26,,,1,10,,1614946,26,,,1,11,,1614947,26,,,1,51,,1614948,26,,,1,12,,1614949,26,,,1,10,,1614950,26,,,1,10,,1614951,26,,,1,9,,1614952,26,,,1,9,,1614953,26,,,1,49,,1614954,26,,,1,9,,1614955,26,,,1,9,,1614956,26,,,1,9,,1614957,26,,,1,10,,1614958,26,,,1,9,,1614959,26,,,1,50,,1614960,26,,,1,11,,1614961,26,,,1,13,,1614962,26,,,1,15,,1614963,26,,,1,14,,1614964,26,,,1,54,,1614965,26,,,1,16,,1614966,26,,,1,15,,1614967,26,,,1,14,,1614968,26,,,1,55,,1614969,26,,,1,15,,1614970,26,,,1,16,,1614971,26,,,1,15,,1614972,26,,,1,55,,1614973,26,,,1,15,,1614974,26,,,1,15,,1614975,26,,,1,15,,1614976,26,,,1,55,,1614977,26,,,1,15,,1614978,26,,,1,15,,1614979,26,,,1,13,,1614980,26,,,1,55,,1614981,26,,,1,14,,1614982,26,,,1,14,,1614983,26,,,1,15,,1614984,26,,,1,52,,1614985,26,,,1,15,,1614986,26,,,1,15,,1614987,26,,,1,16,,1614988,26,,,1,55,,1614989,26,,,1,15,,1614990,26,,,1,17,,1614991,26,,,1,17,,1614992,26,,,1,58,,1614993,26,,,1
80002,'20261009',611,,1614994,26,,,1,15,,1614995,26,,,1,14,,1614996,26,,,1,10,,1614997,26,,,1,9,,1614998,26,,,1,52,,1614999,26,,,1,11,,1615000,26,,,1,10,,1615001,26,,,1,10,,1615002,26,,,1,10,,1615003,26,,,1,50,,1615004,26,,,1,10,,1615005,26,,,1,11,,1615006,26,,,1,9,,1615007,26,,,1,10,,1615008,26,,,1,9,,1615009,26,,,1,50,,1615010,26,,,1,10,,1615011,26,,,1,13,,1615012,26,,,1,14,,1615013,26,,,1,15,,1615014,26,,,1,55,,1615015,26,,,1,15,,1615016,26,,,1,15,,1615017,26,,,1,15,,1615018,26,,,1,55,,1615019,26,,,1,15,,1615020,26,,,1,15,,1615021,26,,,1,15,,1615022,26,,,1,55,,1615023,26,,,1,15,,1615024,26,,,1,14,,1615025,26,,,1,15,,1615026,26,,,1,55,,1615027,26,,,1,15,,1615028,26,,,1,14,,1615029,26,,,1,16,,1615030,26,,,1,55,,1615031,26,,,1,17,,1615032,26,,,1,16,,1615033,26,,,1,14,,1615034,26,,,1,57,,1615035,26,,,1,12,,1615036,26,,,1,12,,1615037,26,,,1,10,,1615038,26,,,1,11,,1615039,26,,,1,51,,1615040,26,,,1,12,,1615041,26,,,1,10,,1615042,26,,,1,10,,1615043,26,,,1,9,,1615044,26,,,1,9,,1615045,26,,,1,49,,1615046,26,,,1,9,,1615047,26,,,1,9,,1615048,26,,,1,9,,1615049,26,,,1,10,,1615050,26,,,1,9,,1615051,26,,,1,50,,1615052,26,,,1,11,,1615053,26,,,1,13,,1615054,26,,,1,15,,1615055,26,,,1,14,,1615056,26,,,1,54,,1615057,26,,,1,16,,1615058,26,,,1,15,,1615059,26,,,1,14,,1615060,26,,,1,55,,1615061,26,,,1,15,,1615062,26,,,1,16,,1615063,26,,,1,15,,1615064,26,,,1,55,,1615065,26,,,1,15,,1615066,26,,,1,15,,1615067,26,,,1,15,,1615068,26,,,1,55,,1615069,26,,,1,15,,1615070,26,,,1,15,,1615071,26,,,1,13,,1615072,26,,,1,55,,1615073,26,,,1,14,,1615074,26,,,1,14,,1615075,26,,,1,15,,1615076,26,,,1,52,,1615077,26,,,1,15,,1615078,26,,,1,15,,1615079,26,,,1,16,,1615080,26,,,1,55,,1615081,26,,,1,15,,1615082,26,,,1,17,,1615083,26,,,1,17,,1615084,26,,,1,58,,1615085,26,,,1
80002,'20261010',624,,1554630,26,,,1,15,,1554552,26,,,1,15,,1554553,26,,,1,55,,1554554,26,,,1,15,,1554555,26,,,1,16,,1554556,26,,,1,15,,1554557,26,,,1,54,,1554558,26,,,1,15,,1554559,26,,,1,15,,1554560,26,,,1,14,,1554561,26,,,1,54,,1554562,26,,,1,15,,1554563,26,,,1,15,,1554564,26,,,1,16,,1554565,26,,,1,55,,1554566,26,,,1,15,,1554567,26,,,1,15,,1554568,26,,,1,14,,1554569,26,,,1,56,,1554570,26,,,1,16,,1554571,26,,,1,18,,1554572,26,,,1,17,,1554573,26,,,1,55,,1554574,26,,,1,15,,1554575,26,,,1,15,,1554576,26,,,1,56,,1554577,26,,,1,16,,1554578,26,,,1,13,,1554579,26,,,1,15,,1554580,26,,,1,56,,1554581,26,,,1,15,,1554582,26,,,1,15,,1554583,26,,,1,15,,1554584,26,,,1,56,,1554622,26,,,1,15,,1554624,26,,,1,15,,1554585,26,,,1,15,,1554586,26,,,1,54,,1554587,26,,,1,12,,1554588,26,,,1,12,,1554589,26,,,1,12,,1554590,26,,,1,14,,1554591,26,,,1,53,,1554592,26,,,1,14,,1554594,26,,,1,14,,1554595,26,,,1,11,,1554596,26,,,1,12,,1554593,26,,,1,53,,1554597,26,,,1,14,,1554628,26,,,1,13,,1554629,26,,,1,14,,1554598,26,,,1,55,,1554599,26,,,1,14,,1554600,26,,,1,14,,1554601,26,,,1,13,,1554602,26,,,1,12,,1554603,26,,,1,54,,1554605,26,,,1,14,,1554606,26,,,1,16,,1554604,26,,,1,15,,1554608,26,,,1,55,,1554609,26,,,1,16,,1554607,26,,,1,16,,1554610,26,,,1,14,,1554612,26,,,1,55,,1554613,26,,,1,16,,1554614,26,,,1,15,,1554615,26,,,1,15,,1554616,26,,,1,54,,1554617,26,,,1,15,,1554611,26,,,1,16,,1554618,26,,,1,16,,1554619,26,,,1,55,,1554620,26,,,1,15,,1554621,26,,,1,18,,1554626,26,,,1,56,,1554625,26,,,1,14,,1554623,26,,,1,15,,1554627,26,,,1,15,,1554631,26,,,1,55,,1554632,26,,,1
80002,'20261011',624,,1554662,26,,,1,15,,1554684,26,,,1,15,,1554690,26,,,1,55,,1554685,26,,,1,15,,1554678,26,,,1,16,,1554688,26,,,1,15,,1554682,26,,,1,54,,1554686,26,,,1,15,,1554687,26,,,1,15,,1554674,26,,,1,14,,1554689,26,,,1,54,,1554673,26,,,1,15,,1554691,26,,,1,15,,1554675,26,,,1,16,,1554681,26,,,1,55,,1554694,26,,,1,15,,1554683,26,,,1,15,,1554692,26,,,1,14,,1554677,26,,,1,56,,1554693,26,,,1,16,,1554676,26,,,1,18,,1554695,26,,,1,17,,1554696,26,,,1,55,,1554680,26,,,1,15,,1554697,26,,,1,15,,1554679,26,,,1,56,,1554712,26,,,1,16,,1554698,26,,,1,13,,1554713,26,,,1,15,,1554707,26,,,1,56,,1554699,26,,,1,15,,1554700,26,,,1,15,,1554706,26,,,1,15,,1554701,26,,,1,56,,1554665,26,,,1,15,,1554669,26,,,1,15,,1554702,26,,,1,15,,1554710,26,,,1,54,,1554705,26,,,1,12,,1554708,26,,,1,12,,1554711,26,,,1,12,,1554709,26,,,1,14,,1554703,26,,,1,53,,1554704,26,,,1,14,,1554650,26,,,1,14,,1554644,26,,,1,11,,1554637,26,,,1,12,,1554635,26,,,1,53,,1554646,26,,,1,14,,1554670,26,,,1,13,,1554671,26,,,1,14,,1554651,26,,,1,55,,1554652,26,,,1,14,,1554645,26,,,1,14,,1554633,26,,,1,13,,1554643,26,,,1,12,,1554649,26,,,1,54,,1554640,26,,,1,14,,1554647,26,,,1,16,,1554636,26,,,1,15,,1554653,26,,,1,55,,1554648,26,,,1,16,,1554638,26,,,1,16,,1554639,26,,,1,14,,1554654,26,,,1,55,,1554658,26,,,1,16,,1554655,26,,,1,15,,1554656,26,,,1,15,,1554657,26,,,1,54,,1554659,26,,,1,15,,1554634,26,,,1,16,,1554660,26,,,1,16,,1554641,26,,,1,55,,1554661,26,,,1,15,,1554642,26,,,1,18,,1554667,26,,,1,56,,1554666,26,,,1,14,,1554664,26,,,1,15,,1554668,26,,,1,15,,1554672,26,,,1,55,,1554663,26,,,1
80002,'20261012',624,,1554743,26,,,1,15,,1554765,26,,,1,15,,1554771,26,,,1,55,,1554766,26,,,1,15,,1554759,26,,,1,16,,1554769,26,,,1,15,,1554763,26,,,1,54,,1554767,26,,,1,15,,1554768,26,,,1,15,,1554755,26,,,1,14,,1554770,26,,,1,54,,1554754,26,,,1,15,,1554772,26,,,1,15,,1554756,26,,,1,16,,1554762,26,,,1,55,,1554775,26,,,1,15,,1554764,26,,,1,15,,1554773,26,,,1,14,,1554758,26,,,1,56,,1554774,26,,,1,16,,1554757,26,,,1,18,,1554776,26,,,1,17,,1554777,26,,,1,55,,1554761,26,,,1,15,,1554778,26,,,1,15,,1554760,26,,,1,56,,1554793,26,,,1,16,,1554779,26,,,1,13,,1554794,26,,,1,15,,1554788,26,,,1,56,,1554780,26,,,1,15,,1554781,26,,,1,15,,1554787,26,,,1,15,,1554782,26,,,1,56,,1554746,26,,,1,15,,1554750,26,,,1,15,,1554783,26,,,1,15,,1554791,26,,,1,54,,1554786,26,,,1,12,,1554789,26,,,1,12,,1554792,26,,,1,12,,1554790,26,,,1,14,,1554784,26,,,1,53,,1554785,26,,,1,14,,1554731,26,,,1,14,,1554725,26,,,1,11,,1554718,26,,,1,12,,1554716,26,,,1,53,,1554727,26,,,1,14,,1554751,26,,,1,13,,1554752,26,,,1,14,,1554732,26,,,1,55,,1554733,26,,,1,14,,1554726,26,,,1,14,,1554714,26,,,1,13,,1554724,26,,,1,12,,1554730,26,,,1,54,,1554721,26,,,1,14,,1554728,26,,,1,16,,1554717,26,,,1,15,,1554734,26,,,1,55,,1554729,26,,,1,16,,1554719,26,,,1,16,,1554720,26,,,1,14,,1554735,26,,,1,55,,1554739,26,,,1,16,,1554736,26,,,1,15,,1554737,26,,,1,15,,1554738,26,,,1,54,,1554740,26,,,1,15,,1554715,26,,,1,16,,1554741,26,,,1,16,,1554722,26,,,1,55,,1554742,26,,,1,15,,1554723,26,,,1,18,,1554748,26,,,1,56,,1554747,26,,,1,14,,1554745,26,,,1,15,,1554749,26,,,1,15,,1554753,26,,,1,55,,1554744,26,,,1
80002,'20261013',611,,1583390,26,,,1,15,,1583306,26,,,1,14,,1583307,26,,,1,10,,1583308,26,,,1,9,,1583309,26,,,1,52,,1583310,26,,,1,11,,1583311,26,,,1,10,,1583312,26,,,1,10,,1583391,26,,,1,10,,1583313,26,,,1,50,,1583394,26,,,1,10,,1583314,26,,,1,11,,1583315,26,,,1,9,,1583316,26,,,1,10,,1583317,26,,,1,9,,1583318,26,,,1,50,,1583319,26,,,1,10,,1583320,26,,,1,13,,1583321,26,,,1,14,,1583322,26,,,1,15,,1583323,26,,,1,55,,1583324,26,,,1,15,,1583325,26,,,1,15,,1583326,26,,,1,15,,1583327,26,,,1,55,,1583328,26,,,1,15,,1583329,26,,,1,15,,1583330,26,,,1,15,,1583331,26,,,1,55,,1583332,26,,,1,15,,1583333,26,,,1,14,,1583334,26,,,1,15,,1583335,26,,,1,55,,1583336,26,,,1,15,,1583337,26,,,1,14,,1583338,26,,,1,16,,1583339,26,,,1,55,,1583340,26,,,1,17,,1583341,26,,,1,16,,1583342,26,,,1,14,,1583343,26,,,1,57,,1583344,26,,,1,12,,1583345,26,,,1,12,,1583346,26,,,1,10,,1583347,26,,,1,11,,1583348,26,,,1,51,,1583397,26,,,1,12,,1583349,26,,,1,10,,1583351,26,,,1,10,,1583350,26,,,1,9,,1583392,26,,,1,9,,1583352,26,,,1,49,,1583353,26,,,1,9,,1583354,26,,,1,9,,1583355,26,,,1,9,,1583356,26,,,1,10,,1583357,26,,,1,9,,1583358,26,,,1,50,,1583359,26,,,1,11,,1583395,26,,,1,13,,1583360,26,,,1,15,,1583361,26,,,1,14,,1583362,26,,,1,54,,1583363,26,,,1,16,,1583364,26,,,1,15,,1583365,26,,,1,14,,1583366,26,,,1,55,,1583367,26,,,1,15,,1583368,26,,,1,16,,1583369,26,,,1,15,,1583370,26,,,1,55,,1583371,26,,,1,15,,1583372,26,,,1,15,,1583373,26,,,1,15,,1583374,26,,,1,55,,1583375,26,,,1,15,,1583376,26,,,1,15,,1583377,26,,,1,13,,1583378,26,,,1,55,,1583379,26,,,1,14,,1583380,26,,,1,14,,1583381,26,,,1,15,,1583382,26,,,1,52,,1583383,26,,,1,15,,1583384,26,,,1,15,,1583385,26,,,1,16,,1583386,26,,,1,55,,1583387,26,,,1,15,,1583388,26,,,1,17,,1583389,26,,,1,17,,1583393,26,,,1,58,,1583396,26,,,1
80002,'20261014',611,,1583482,26,,,1,15,,1583398,26,,,1,14,,1583399,26,,,1,10,,1583400,26,,,1,9,,1583401,26,,,1,52,,1583402,26,,,1,11,,1583403,26,,,1,10,,1583404,26,,,1,10,,1583483,26,,,1,10,,1583405,26,,,1,50,,1583486,26,,,1,10,,1583406,26,,,1,11,,1583407,26,,,1,9,,1583408,26,,,1,10,,1583409,26,,,1,9,,1583410,26,,,1,50,,1583411,26,,,1,10,,1583412,26,,,1,13,,1583413,26,,,1,14,,1583414,26,,,1,15,,1583415,26,,,1,55,,1583416,26,,,1,15,,1583417,26,,,1,15,,1583418,26,,,1,15,,1583419,26,,,1,55,,1583420,26,,,1,15,,1583421,26,,,1,15,,1583422,26,,,1,15,,1583423,26,,,1,55,,1583424,26,,,1,15,,1583425,26,,,1,14,,1583426,26,,,1,15,,1583427,26,,,1,55,,1583428,26,,,1,15,,1583429,26,,,1,14,,1583430,26,,,1,16,,1583431,26,,,1,55,,1583432,26,,,1,17,,1583433,26,,,1,16,,1583434,26,,,1,14,,1583435,26,,,1,57,,1583436,26,,,1,12,,1583437,26,,,1,12,,1583438,26,,,1,10,,1583439,26,,,1,11,,1583440,26,,,1,51,,1583489,26,,,1,12,,1583441,26,,,1,10,,1583443,26,,,1,10,,1583442,26,,,1,9,,1583484,26,,,1,9,,1583444,26,,,1,49,,1583445,26,,,1,9,,1583446,26,,,1,9,,1583447,26,,,1,9,,1583448,26,,,1,10,,1583449,26,,,1,9,,1583450,26,,,1,50,,1583451,26,,,1,11,,1583487,26,,,1,13,,1583452,26,,,1,15,,1583453,26,,,1,14,,1583454,26,,,1,54,,1583455,26,,,1,16,,1583456,26,,,1,15,,1583457,26,,,1,14,,1583458,26,,,1,55,,1583459,26,,,1,15,,1583460,26,,,1,16,,1583461,26,,,1,15,,1583462,26,,,1,55,,1583463,26,,,1,15,,1583464,26,,,1,15,,1583465,26,,,1,15,,1583466,26,,,1,55,,1583467,26,,,1,15,,1583468,26,,,1,15,,1583469,26,,,1,13,,1583470,26,,,1,55,,1583471,26,,,1,14,,1583472,26,,,1,14,,1583473,26,,,1,15,,1583474,26,,,1,52,,1583475,26,,,1,15,,1583476,26,,,1,15,,1583477,26,,,1,16,,1583478,26,,,1,55,,1583479,26,,,1,15,,1583480,26,,,1,17,,1583481,26,,,1,17,,1583485,26,,,1,58,,1583488,26,,,1
80002,'20261015',611,,1583574,26,,,1,15,,1583490,26,,,1,14,,1583491,26,,,1,10,,1583492,26,,,1,9,,1583493,26,,,1,52,,1583494,26,,,1,11,,1583495,26,,,1,10,,1583496,26,,,1,10,,1583575,26,,,1,10,,1583497,26,,,1,50,,1583578,26,,,1,10,,1583498,26,,,1,11,,1583499,26,,,1,9,,1583500,26,,,1,10,,1583501,26,,,1,9,,1583502,26,,,1,50,,1583503,26,,,1,10,,1583504,26,,,1,13,,1583505,26,,,1,14,,1583506,26,,,1,15,,1583507,26,,,1,55,,1583508,26,,,1,15,,1583509,26,,,1,15,,1583510,26,,,1,15,,1583511,26,,,1,55,,1583512,26,,,1,15,,1583513,26,,,1,15,,1583514,26,,,1,15,,1583515,26,,,1,55,,1583516,26,,,1,15,,1583517,26,,,1,14,,1583518,26,,,1,15,,1583519,26,,,1,55,,1583520,26,,,1,15,,1583521,26,,,1,14,,1583522,26,,,1,16,,1583523,26,,,1,55,,1583524,26,,,1,17,,1583525,26,,,1,16,,1583526,26,,,1,14,,1583527,26,,,1,57,,1583528,26,,,1,12,,1583529,26,,,1,12,,1583530,26,,,1,10,,1583531,26,,,1,11,,1583532,26,,,1,51,,1583581,26,,,1,12,,1583533,26,,,1,10,,1583535,26,,,1,10,,1583534,26,,,1,9,,1583576,26,,,1,9,,1583536,26,,,1,49,,1583537,26,,,1,9,,1583538,26,,,1,9,,1583539,26,,,1,9,,1583540,26,,,1,10,,1583541,26,,,1,9,,1583542,26,,,1,50,,1583543,26,,,1,11,,1583579,26,,,1,13,,1583544,26,,,1,15,,1583545,26,,,1,14,,1583546,26,,,1,54,,1583547,26,,,1,16,,1583548,26,,,1,15,,1583549,26,,,1,14,,1583550,26,,,1,55,,1583551,26,,,1,15,,1583552,26,,,1,16,,1583553,26,,,1,15,,1583554,26,,,1,55,,1583555,26,,,1,15,,1583556,26,,,1,15,,1583557,26,,,1,15,,1583558,26,,,1,55,,1583559,26,,,1,15,,1583560,26,,,1,15,,1583561,26,,,1,13,,1583562,26,,,1,55,,1583563,26,,,1,14,,1583564,26,,,1,14,,1583565,26,,,1,15,,1583566,26,,,1,52,,1583567,26,,,1,15,,1583568,26,,,1,15,,1583569,26,,,1,16,,1583570,26,,,1,55,,1583571,26,,,1,15,,1583572,26,,,1,17,,1583573,26,,,1,17,,1583577,26,,,1,58,,1583580,26,,,1
80002,'20261016',611,,1583666,26,,,1,15,,1583582,26,,,1,14,,1583583,26,,,1,10,,1583584,26,,,1,9,,1583585,26,,,1,52,,1583586,26,,,1,11,,1583587,26,,,1,10,,1583588,26,,,1,10,,1583667,26,,,1,10,,1583589,26,,,1,50,,1583670,26,,,1,10,,1583590,26,,,1,11,,1583591,26,,,1,9,,1583592,26,,,1,10,,1583593,26,,,1,9,,1583594,26,,,1,50,,1583595,26,,,1,10,,1583596,26,,,1,13,,1583597,26,,,1,14,,1583598,26,,,1,15,,1583599,26,,,1,55,,1583600,26,,,1,15,,1583601,26,,,1,15,,1583602,26,,,1,15,,1583603,26,,,1,55,,1583604,26,,,1,15,,1583605,26,,,1,15,,1583606,26,,,1,15,,1583607,26,,,1,55,,1583608,26,,,1,15,,1583609,26,,,1,14,,1583610,26,,,1,15,,1583611,26,,,1,55,,1583612,26,,,1,15,,1583613,26,,,1,14,,1583614,26,,,1,16,,1583615,26,,,1,55,,1583616,26,,,1,17,,1583617,26,,,1,16,,1583618,26,,,1,14,,1583619,26,,,1,57,,1583620,26,,,1,12,,1583621,26,,,1,12,,1583622,26,,,1,10,,1583623,26,,,1,11,,1583624,26,,,1,51,,1583673,26,,,1,12,,1583625,26,,,1,10,,1583627,26,,,1,10,,1583626,26,,,1,9,,1583668,26,,,1,9,,1583628,26,,,1,49,,1583629,26,,,1,9,,1583630,26,,,1,9,,1583631,26,,,1,9,,1583632,26,,,1,10,,1583633,26,,,1,9,,1583634,26,,,1,50,,1583635,26,,,1,11,,1583671,26,,,1,13,,1583636,26,,,1,15,,1583637,26,,,1,14,,1583638,26,,,1,54,,1583639,26,,,1,16,,1583640,26,,,1,15,,1583641,26,,,1,14,,1583642,26,,,1,55,,1583643,26,,,1,15,,1583644,26,,,1,16,,1583645,26,,,1,15,,1583646,26,,,1,55,,1583647,26,,,1,15,,1583648,26,,,1,15,,1583649,26,,,1,15,,1583650,26,,,1,55,,1583651,26,,,1,15,,1583652,26,,,1,15,,1583653,26,,,1,13,,1583654,26,,,1,55,,1583655,26,,,1,14,,1583656,26,,,1,14,,1583657,26,,,1,15,,1583658,26,,,1,52,,1583659,26,,,1,15,,1583660,26,,,1,15,,1583661,26,,,1,16,,1583662,26,,,1,55,,1583663,26,,,1,15,,1583664,26,,,1,17,,1583665,26,,,1,17,,1583669,26,,,1,58,,1583672,26,,,1
80002,'20261017',624,,1615164,26,,,1,15,,1615086,26,,,1,15,,1615087,26,,,1,55,,1615088,26,,,1,15,,1615089,26,,,1,16,,1615090,26,,,1,15,,1615091,26,,,1,54,,1615092,26,,,1,15,,1615093,26,,,1,15,,1615094,26,,,1,14,,1615095,26,,,1,54,,1615096,26,,,1,15,,1615097,26,,,1,15,,1615098,26,,,1,16,,1615099,26,,,1,55,,1615100,26,,,1,15,,1615101,26,,,1,15,,1615102,26,,,1,14,,1615103,26,,,1,56,,1615104,26,,,1,16,,1615105,26,,,1,18,,1615106,26,,,1,17,,1615107,26,,,1,55,,1615108,26,,,1,15,,1615109,26,,,1,15,,1615110,26,,,1,56,,1615111,26,,,1,16,,1615112,26,,,1,13,,1615113,26,,,1,15,,1615114,26,,,1,56,,1615115,26,,,1,15,,1615116,26,,,1,15,,1615117,26,,,1,15,,1615118,26,,,1,56,,1615156,26,,,1,15,,1615158,26,,,1,15,,1615119,26,,,1,15,,1615120,26,,,1,54,,1615121,26,,,1,12,,1615122,26,,,1,12,,1615123,26,,,1,12,,1615124,26,,,1,14,,1615125,26,,,1,53,,1615126,26,,,1,14,,1615128,26,,,1,14,,1615129,26,,,1,11,,1615130,26,,,1,12,,1615127,26,,,1,53,,1615131,26,,,1,14,,1615162,26,,,1,13,,1615163,26,,,1,14,,1615132,26,,,1,55,,1615133,26,,,1,14,,1615134,26,,,1,14,,1615135,26,,,1,13,,1615136,26,,,1,12,,1615137,26,,,1,54,,1615139,26,,,1,14,,1615140,26,,,1,16,,1615138,26,,,1,15,,1615142,26,,,1,55,,1615143,26,,,1,16,,1615141,26,,,1,16,,1615144,26,,,1,14,,1615146,26,,,1,55,,1615147,26,,,1,16,,1615148,26,,,1,15,,1615149,26,,,1,15,,1615150,26,,,1,54,,1615151,26,,,1,15,,1615145,26,,,1,16,,1615152,26,,,1,16,,1615153,26,,,1,55,,1615154,26,,,1,15,,1615155,26,,,1,18,,1615160,26,,,1,56,,1615159,26,,,1,14,,1615157,26,,,1,15,,1615161,26,,,1,15,,1615165,26,,,1,55,,1615166,26,,,1
80002,'20261018',624,,1615196,26,,,1,15,,1615218,26,,,1,15,,1615224,26,,,1,55,,1615219,26,,,1,15,,1615212,26,,,1,16,,1615222,26,,,1,15,,1615216,26,,,1,54,,1615220,26,,,1,15,,1615221,26,,,1,15,,1615208,26,,,1,14,,1615223,26,,,1,54,,1615207,26,,,1,15,,1615225,26,,,1,15,,1615209,26,,,1,16,,1615215,26,,,1,55,,1615228,26,,,1,15,,1615217,26,,,1,15,,1615226,26,,,1,14,,1615211,26,,,1,56,,1615227,26,,,1,16,,1615210,26,,,1,18,,1615229,26,,,1,17,,1615230,26,,,1,55,,1615214,26,,,1,15,,1615231,26,,,1,15,,1615213,26,,,1,56,,1615246,26,,,1,16,,1615232,26,,,1,13,,1615247,26,,,1,15,,1615241,26,,,1,56,,1615233,26,,,1,15,,1615234,26,,,1,15,,1615240,26,,,1,15,,1615235,26,,,1,56,,1615199,26,,,1,15,,1615203,26,,,1,15,,1615236,26,,,1,15,,1615244,26,,,1,54,,1615239,26,,,1,12,,1615242,26,,,1,12,,1615245,26,,,1,12,,1615243,26,,,1,14,,1615237,26,,,1,53,,1615238,26,,,1,14,,1615184,26,,,1,14,,1615178,26,,,1,11,,1615171,26,,,1,12,,1615169,26,,,1,53,,1615180,26,,,1,14,,1615204,26,,,1,13,,1615205,26,,,1,14,,1615185,26,,,1,55,,1615186,26,,,1,14,,1615179,26,,,1,14,,1615167,26,,,1,13,,1615177,26,,,1,12,,1615183,26,,,1,54,,1615174,26,,,1,14,,1615181,26,,,1,16,,1615170,26,,,1,15,,1615187,26,,,1,55,,1615182,26,,,1,16,,1615172,26,,,1,16,,1615173,26,,,1,14,,1615188,26,,,1,55,,1615192,26,,,1,16,,1615189,26,,,1,15,,1615190,26,,,1,15,,1615191,26,,,1,54,,1615193,26,,,1,15,,1615168,26,,,1,16,,1615194,26,,,1,16,,1615175,26,,,1,55,,1615195,26,,,1,15,,1615176,26,,,1,18,,1615201,26,,,1,56,,1615200,26,,,1,14,,1615198,26,,,1,15,,1615202,26,,,1,15,,1615206,26,,,1,55,,1615197,26,,,1
80002,'20261019',611,,1615332,26,,,1,15,,1615248,26,,,1,14,,1615249,26,,,1,10,,1615250,26,,,1,9,,1615251,26,,,1,52,,1615252,26,,,1,11,,1615253,26,,,1,10,,1615254,26,,,1,10,,1615333,26,,,1,10,,1615255,26,,,1,50,,1615336,26,,,1,10,,1615256,26,,,1,11,,1615257,26,,,1,9,,1615258,26,,,1,10,,1615259,26,,,1,9,,1615260,26,,,1,50,,1615261,26,,,1,10,,1615262,26,,,1,13,,1615263,26,,,1,14,,1615264,26,,,1,15,,1615265,26,,,1,55,,1615266,26,,,1,15,,1615267,26,,,1,15,,1615268,26,,,1,15,,1615269,26,,,1,55,,1615270,26,,,1,15,,1615271,26,,,1,15,,1615272,26,,,1,15,,1615273,26,,,1,55,,1615274,26,,,1,15,,1615275,26,,,1,14,,1615276,26,,,1,15,,1615277,26,,,1,55,,1615278,26,,,1,15,,1615279,26,,,1,14,,1615280,26,,,1,16,,1615281,26,,,1,55,,1615282,26,,,1,17,,1615283,26,,,1,16,,1615284,26,,,1,14,,1615285,26,,,1,57,,1615286,26,,,1,12,,1615287,26,,,1,12,,1615288,26,,,1,10,,1615289,26,,,1,11,,1615290,26,,,1,51,,1615339,26,,,1,12,,1615291,26,,,1,10,,1615293,26,,,1,10,,1615292,26,,,1,9,,1615334,26,,,1,9,,1615294,26,,,1,49,,1615295,26,,,1,9,,1615296,26,,,1,9,,1615297,26,,,1,9,,1615298,26,,,1,10,,1615299,26,,,1,9,,1615300,26,,,1,50,,1615301,26,,,1,11,,1615337,26,,,1,13,,1615302,26,,,1,15,,1615303,26,,,1,14,,1615304,26,,,1,54,,1615305,26,,,1,16,,1615306,26,,,1,15,,1615307,26,,,1,14,,1615308,26,,,1,55,,1615309,26,,,1,15,,1615310,26,,,1,16,,1615311,26,,,1,15,,1615312,26,,,1,55,,1615313,26,,,1,15,,1615314,26,,,1,15,,1615315,26,,,1,15,,1615316,26,,,1,55,,1615317,26,,,1,15,,1615318,26,,,1,15,,1615319,26,,,1,13,,1615320,26,,,1,55,,1615321,26,,,1,14,,1615322,26,,,1,14,,1615323,26,,,1,15,,1615324,26,,,1,52,,1615325,26,,,1,15,,1615326,26,,,1,15,,1615327,26,,,1,16,,1615328,26,,,1,55,,1615329,26,,,1,15,,1615330,26,,,1,17,,1615331,26,,,1,17,,1615335,26,,,1,58,,1615338,26,,,1
80002,'20261020',611,,1615424,26,,,1,15,,1615340,26,,,1,14,,1615341,26,,,1,10,,1615342,26,,,1,9,,1615343,26,,,1,52,,1615344,26,,,1,11,,1615345,26,,,1,10,,1615346,26,,,1,10,,1615425,26,,,1,10,,1615347,26,,,1,50,,1615428,26,,,1,10,,1615348,26,,,1,11,,1615349,26,,,1,9,,1615350,26,,,1,10,,1615351,26,,,1,9,,1615352,26,,,1,50,,1615353,26,,,1,10,,1615354,26,,,1,13,,1615355,26,,,1,14,,1615356,26,,,1,15,,1615357,26,,,1,55,,1615358,26,,,1,15,,1615359,26,,,1,15,,1615360,26,,,1,15,,1615361,26,,,1,55,,1615362,26,,,1,15,,1615363,26,,,1,15,,1615364,26,,,1,15,,1615365,26,,,1,55,,1615366,26,,,1,15,,1615367,26,,,1,14,,1615368,26,,,1,15,,1615369,26,,,1,55,,1615370,26,,,1,15,,1615371,26,,,1,14,,1615372,26,,,1,16,,1615373,26,,,1,55,,1615374,26,,,1,17,,1615375,26,,,1,16,,1615376,26,,,1,14,,1615377,26,,,1,57,,1615378,26,,,1,12,,1615379,26,,,1,12,,1615380,26,,,1,10,,1615381,26,,,1,11,,1615382,26,,,1,51,,1615431,26,,,1,12,,1615383,26,,,1,10,,1615385,26,,,1,10,,1615384,26,,,1,9,,1615426,26,,,1,9,,1615386,26,,,1,49,,1615387,26,,,1,9,,1615388,26,,,1,9,,1615389,26,,,1,9,,1615390,26,,,1,10,,1615391,26,,,1,9,,1615392,26,,,1,50,,1615393,26,,,1,11,,1615429,26,,,1,13,,1615394,26,,,1,15,,1615395,26,,,1,14,,1615396,26,,,1,54,,1615397,26,,,1,16,,1615398,26,,,1,15,,1615399,26,,,1,14,,1615400,26,,,1,55,,1615401,26,,,1,15,,1615402,26,,,1,16,,1615403,26,,,1,15,,1615404,26,,,1,55,,1615405,26,,,1,15,,1615406,26,,,1,15,,1615407,26,,,1,15,,1615408,26,,,1,55,,1615409,26,,,1,15,,1615410,26,,,1,15,,1615411,26,,,1,13,,1615412,26,,,1,55,,1615413,26,,,1,14,,1615414,26,,,1,14,,1615415,26,,,1,15,,1615416,26,,,1,52,,1615417,26,,,1,15,,1615418,26,,,1,15,,1615419,26,,,1,16,,1615420,26,,,1,55,,1615421,26,,,1,15,,1615422,26,,,1,17,,1615423,26,,,1,17,,1615427,26,,,1,58,,1615430,26,,,1
95002,'20261009',2554,,1625328,24,,,0,170,,1625329,24,,,0
95002,'20261010',2554,,1561863,24,,,0,170,,1561862,24,,,0
95002,'20261016',2554,,1593518,24,,,0,170,,1593519,24,,,0
95002,'20261017',2554,,1625331,24,,,0,170,,1625330,24,,,0
