3600,'20260929',756,,1544929,72,,,0,70,,1544930,72,,,0,30,,1544931,72,,,0,99,,1544932,72,,,0,100,,1544933,72,,,0,100,,1544934,72,,,0,100,,1544935,72,,,0,100,,1544936,72,,,0,100,,1544937,72,,,0,102,,1544938,72,,,0,73,,1544939,72,,,0,29,,1544940,72,,,0,67,,1544928,72,,,0,29,,1544942,72,,,0,70,,1544943,72,,,0,30,,1544944,72,,,0,98,,1544945,72,,,0,100,,1544946,72,,,0,100,,1544947,72,,,0,98,,1544948,72,,,0,100,,1544949,72,,,0,99,,1544950,72,,,0
3600,'20260930',756,,1544952,72,,,0,70,,1544953,72,,,0,30,,1544954,72,,,0,99,,1544955,72,,,0,100,,1544956,72,,,0,100,,1544957,72,,,0,100,,1544958,72,,,0,100,,1544959,72,,,0,100,,1544960,72,,,0,102,,1544961,72,,,0,73,,1544962,72,,,0,29,,1544963,72,,,0,67,,1544951,72,,,0,29,,1544965,72,,,0,70,,1544966,72,,,0,30,,1544967,72,,,0,98,,1544968,72,,,0,100,,1544969,72,,,0,100,,1544970,72,,,0,98,,1544971,72,,,0,100,,1544972,72,,,0,99,,1544973,72,,,0
3600,'20261001',756,,1544975,72,,,0,70,,1544976,72,,,0,30,,1544977,72,,,0,99,,1544978,72,,,0,100,,1544979,72,,,0,100,,1544980,72,,,0,100,,1544981,72,,,0,100,,1544982,72,,,0,100,,1544983,72,,,0,102,,1544984,72,,,0,73,,1544985,72,,,0,29,,1544986,72,,,0,67,,1544974,72,,,0,29,,1544988,72,,,0,70,,1544989,72,,,0,30,,1544990,72,,,0,98,,1544991,72,,,0,100,,1544992,72,,,0,100,,1544993,72,,,0,98,,1544994,72,,,0,100,,1544995,72,,,0,99,,1544996,72,,,0
3600,'20261002',756,,1467624,72,,,0,70,,1467645,72,,,0,30,,1467625,72,,,0,99,,1467626,72,,,0,100,,1467627,72,,,0,100,,1467628,72,,,0,100,,1467629,72,,,0,100,,1467630,72,,,0,100,,1467631,72,,,0,102,,1467632,72,,,0,73,,1467633,72,,,0,29,,1467634,72,,,0,67,,1467635,72,,,0,29,,1467636,72,,,0,70,,1467637,72,,,0,30,,1467639,72,,,0,98,,1467640,72,,,0,100,,1467641,72,,,0,100,,1467642,72,,,0,98,,1467643,72,,,0,100,,1467644,72,,,0,99,,1467638,72,,,0
3600,'20261003',751,,1490632,72,,,0,101,,1490633,72,,,0,100,,1490634,72,,,0,101,,1490635,72,,,0,100,,1490636,72,,,0,100,,1490637,72,,,0,100,,1490638,72,,,0,101,,1490639,72,,,0,100,,1490640,72,,,0,100,,1490641,72,,,0,99,,1490642,72,,,0,99,,1490643,72,,,0,100,,1490645,72,,,0,100,,1490630,72,,,0,99,,1490646,72,,,0,100,,1490631,72,,,0,100,,1490644,72,,,0,99,,1490647,72,,,0
3600,'20261004',751,,1490665,72,,,0,101,,1490663,72,,,0,100,,1490657,72,,,0,101,,1490660,72,,,0,100,,1490649,72,,,0,100,,1490648,72,,,0,100,,1490656,72,,,0,101,,1490655,72,,,0,100,,1490654,72,,,0,100,,1490653,72,,,0,99,,1490652,72,,,0,99,,1490651,72,,,0,100,,1490661,72,,,0,100,,1490650,72,,,0,99,,1490662,72,,,0,100,,1490659,72,,,0,100,,1490658,72,,,0,99,,1490664,72,,,0
3600,'20261005',756,,1490666,72,,,0,70,,1490687,72,,,0,30,,1490667,72,,,0,99,,1490668,72,,,0,100,,1490669,72,,,0,100,,1490670,72,,,0,100,,1490671,72,,,0,100,,1490672,72,,,0,100,,1490673,72,,,0,102,,1490674,72,,,0,73,,1490675,72,,,0,29,,1490676,72,,,0,67,,1490677,72,,,0,29,,1490678,72,,,0,70,,1490679,72,,,0,30,,1490681,72,,,0,98,,1490682,72,,,0,100,,1490683,72,,,0,100,,1490684,72,,,0,98,,1490685,72,,,0,100,,1490686,72,,,0,99,,1490680,72,,,0
3600,'20261006',756,,1515526,72,,,0,70,,1515547,72,,,0,30,,1515527,72,,,0,99,,1515528,72,,,0,100,,1515529,72,,,0,100,,1515530,72,,,0,100,,1515531,72,,,0,100,,1515532,72,,,0,100,,1515533,72,,,0,102,,1515534,72,,,0,73,,1515535,72,,,0,29,,1515536,72,,,0,67,,1515537,72,,,0,29,,1515538,72,,,0,70,,1515539,72,,,0,30,,1515541,72,,,0,98,,1515542,72,,,0,100,,1515543,72,,,0,100,,1515544,72,,,0,98,,1515545,72,,,0,100,,1515546,72,,,0,99,,1515540,72,,,0
3600,'20261007',756,,1515548,72,,,0,70,,1515569,72,,,0,30,,1515549,72,,,0,99,,1515550,72,,,0,100,,1515551,72,,,0,100,,1515552,72,,,0,100,,1515553,72,,,0,100,,1515554,72,,,0,100,,1515555,72,,,0,102,,1515556,72,,,0,73,,1515557,72,,,0,29,,1515558,72,,,0,67,,1515559,72,,,0,29,,1515560,72,,,0,70,,1515561,72,,,0,30,,1515563,72,,,0,98,,1515564,72,,,0,100,,1515565,72,,,0,100,,1515566,72,,,0,98,,1515567,72,,,0,100,,1515568,72,,,0,99,,1515562,72,,,0
3600,'20261008',756,,1515570,72,,,0,70,,1515591,72,,,0,30,,1515571,72,,,0,99,,1515572,72,,,0,100,,1515573,72,,,0,100,,1515574,72,,,0,100,,1515575,72,,,0,100,,1515576,72,,,0,100,,1515577,72,,,0,102,,1515578,72,,,0,73,,1515579,72,,,0,29,,1515580,72,,,0,67,,1515581,72,,,0,29,,1515582,72,,,0,70,,1515583,72,,,0,30,,1515585,72,,,0,98,,1515586,72,,,0,100,,1515587,72,,,0,100,,1515588,72,,,0,98,,1515589,72,,,0,100,,1515590,72,,,0,99,,1515584,72,,,0
3600,'20261009',756,,1515592,72,,,0,70,,1515613,72,,,0,30,,1515593,72,,,0,99,,1515594,72,,,0,100,,1515595,72,,,0,100,,1515596,72,,,0,100,,1515597,72,,,0,100,,1515598,72,,,0,100,,1515599,72,,,0,102,,1515600,72,,,0,73,,1515601,72,,,0,29,,1515602,72,,,0,67,,1515603,72,,,0,29,,1515604,72,,,0,70,,1515605,72,,,0,30,,1515607,72,,,0,98,,1515608,72,,,0,100,,1515609,72,,,0,100,,1515610,72,,,0,98,,1515611,72,,,0,100,,1515612,72,,,0,99,,1515606,72,,,0
3600,'20261010',751,,1544999,72,,,0,101,,1545000,72,,,0,100,,1545001,72,,,0,101,,1545002,72,,,0,100,,1545003,72,,,0,100,,1545004,72,,,0,100,,1545005,72,,,0,101,,1545006,72,,,0,100,,1545007,72,,,0,100,,1545008,72,,,0,99,,1545009,72,,,0,99,,1545010,72,,,0,100,,1545012,72,,,0,100,,1544997,72,,,0,99,,1545013,72,,,0,100,,1544998,72,,,0,100,,1545011,72,,,0,99,,1545014,72,,,0
3600,'20261011',751,,1545032,72,,,0,101,,1545030,72,,,0,100,,1545024,72,,,0,101,,1545027,72,,,0,100,,1545016,72,,,0,100,,1545015,72,,,0,100,,1545023,72,,,0,101,,1545022,72,,,0,100,,1545021,72,,,0,100,,1545020,72,,,0,99,,1545019,72,,,0,99,,1545018,72,,,0,100,,1545028,72,,,0,100,,1545017,72,,,0,99,,1545029,72,,,0,100,,1545026,72,,,0,100,,1545025,72,,,0,99,,1545031,72,,,0
3600,'20261012',751,,1545050,72,,,0,101,,1545048,72,,,0,100,,1545042,72,,,0,101,,1545045,72,,,0,100,,1545034,72,,,0,100,,1545033,72,,,0,100,,1545041,72,,,0,101,,1545040,72,,,0,100,,1545039,72,,,0,100,,1545038,72,,,0,99,,1545037,72,,,0,99,,1545036,72,,,0,100,,1545046,72,,,0,100,,1545035,72,,,0,99,,1545047,72,,,0,100,,1545044,72,,,0,100,,1545043,72,,,0,99,,1545049,72,,,0
23600,'20260929',1618,,1552688,41,4,,0,34,,1552689,41,4,,0,54,,1552690,41,4,,0,11,,1552691,41,4,,0,28,,1552692,41,4,,0,66,,1552693,41,4,,0
23600,'20260930',1618,,1552694,41,4,,0,34,,1552695,41,4,,0,54,,1552696,41,4,,0,11,,1552697,41,4,,0,28,,1552698,41,4,,0,66,,1552699,41,4,,0
23600,'20261001',1618,,1552700,41,4,,0,34,,1552701,41,4,,0,54,,1552702,41,4,,0,11,,1552703,41,4,,0,28,,1552704,41,4,,0,66,,1552705,41,4,,0
23600,'20261002',1618,,1475665,41,4,,0,34,,1475666,41,4,,0,54,,1475667,41,4,,0,11,,1475668,41,4,,0,28,,1475669,41,4,,0,66,,1475670,41,4,,0
23600,'20261005',1618,,1498700,41,4,,0,34,,1498701,41,4,,0,54,,1498702,41,4,,0,11,,1498703,41,4,,0,28,,1498704,41,4,,0,66,,1498705,41,4,,0
23600,'20261006',1618,,1526551,41,4,,0,34,,1526552,41,4,,0,54,,1526553,41,4,,0,11,,1526554,41,4,,0,28,,1526555,41,4,,0,66,,1526556,41,4,,0
23600,'20261007',1618,,1526557,41,4,,0,34,,1526558,41,4,,0,54,,1526559,41,4,,0,11,,1526560,41,4,,0,28,,1526561,41,4,,0,66,,1526562,41,4,,0
23600,'20261008',1618,,1526563,41,4,,0,34,,1526564,41,4,,0,54,,1526565,41,4,,0,11,,1526566,41,4,,0,28,,1526567,41,4,,0,66,,1526568,41,4,,0
23600,'20261009',1618,,1526569,41,4,,0,34,,1526570,41,4,,0,54,,1526571,41,4,,0,11,,1526572,41,4,,0,28,,1526573,41,4,,0,66,,1526574,41,4,,0
33600,'20260929',1702,,1553489,39,4,,0,52,,1553490,39,4,,0,101,,1553491,39,4,,0
33600,'20260930',1702,,1553492,39,4,,0,52,,1553493,39,4,,0,101,,1553494,39,4,,0
33600,'20261001',1702,,1553495,39,4,,0,52,,1553496,39,4,,0,101,,1553497,39,4,,0
33600,'20261002',1702,,1476714,39,4,,0,52,,1476715,39,4,,0,101,,1476716,39,4,,0
33600,'20261005',1702,,1499753,39,4,,0,52,,1499754,39,4,,0,101,,1499755,39,4,,0
33600,'20261006',1702,,1528133,39,4,,0,52,,1528134,39,4,,0,101,,1528135,39,4,,0
33600,'20261007',1702,,1528136,39,4,,0,52,,1528137,39,4,,0,101,,1528138,39,4,,0
33600,'20261008',1702,,1528139,39,4,,0,52,,1528140,39,4,,0,101,,1528141,39,4,,0
33600,'20261009',1702,,1528142,39,4,,0,52,,1528143,39,4,,0,101,,1528144,39,4,,0
53600,'20260929',1711,,1553916,37,4,,0,35,,1553917,37,4,,0,64,,1553918,37,4,,0
53600,'20260930',1711,,1553919,37,4,,0,35,,1553920,37,4,,0,64,,1553921,37,4,,0
53600,'20261001',1711,,1553922,37,4,,0,35,,1553923,37,4,,0,64,,1553924,37,4,,0
53600,'20261002',1711,,1477340,37,4,,0,35,,1477341,37,4,,0,64,,1477342,37,4,,0
53600,'20261005',1711,,1500313,37,4,,0,35,,1500314,37,4,,0,64,,1500315,37,4,,0
53600,'20261006',1711,,1528970,37,4,,0,35,,1528971,37,4,,0,64,,1528972,37,4,,0
53600,'20261007',1711,,1528973,37,4,,0,35,,1528974,37,4,,0,64,,1528975,37,4,,0
53600,'20261008',1711,,1528976,37,4,,0,35,,1528977,37,4,,0,64,,1528978,37,4,,0
53600,'20261009',1711,,1528979,37,4,,0,35,,1528980,37,4,,0,64,,1528981,37,4,,0
93600,'20261002',2613,,1485597,76,,,0
93600,'20261003',2613,,1508560,76,,,0
93600,'20261009',2613,,1540226,76,,,0
93600,'20261010',2613,,1561861,76,,,0
