9202,'20261002',538,,1578113,17,,,0,97,,1578114,17,,,0,73,,1578115,17,,,0,31,,1578116,17,,,0,71,,1578117,17,,,0,31,,1578118,17,,,0,99,,1578119,17,,,0,100,,1578120,17,,,0,100,,1578121,17,,,0,101,,1578122,17,,,0,100,,1578123,17,,,0,100,,1578124,17,,,0,98,,1578125,17,,,0,103,,1578126,17,,,0,100,,1578127,17,,,0,100,,1578128,17,,,0,98,,1578129,17,,,0,99,,1578130,17,,,0,99,,1578131,17,,,0,99,,1578132,17,,,0
9202,'20261003',559,,1578133,17,,,0,100,,1578134,17,,,0,99,,1578135,17,,,0,100,,1578136,17,,,0,98,,1578137,17,,,0,100,,1578138,17,,,0,97,,1578139,17,,,0,101,,1578140,17,,,0,101,,1578141,17,,,0,102,,1578142,17,,,0,101,,1578143,17,,,0,144,,1578144,17,,,0,99,,1578145,17,,,0,100,,1578146,17,,,0,57,,1578147,17,,,0,101,,1578148,17,,,0,100,,1578149,17,,,0
9202,'20261004',559,,1578150,17,,,0,100,,1578151,17,,,0,99,,1578152,17,,,0,100,,1578153,17,,,0,98,,1578154,17,,,0,100,,1578155,17,,,0,97,,1578156,17,,,0,101,,1578157,17,,,0,101,,1578158,17,,,0,102,,1578159,17,,,0,101,,1578160,17,,,0,144,,1578161,17,,,0,99,,1578162,17,,,0,100,,1578163,17,,,0,57,,1578164,17,,,0,101,,1578165,17,,,0,100,,1578166,17,,,0
9202,'20261005',538,,1578167,17,,,0,97,,1578168,17,,,0,73,,1578169,17,,,0,31,,1578170,17,,,0,71,,1578171,17,,,0,31,,1578172,17,,,0,99,,1578173,17,,,0,100,,1578174,17,,,0,100,,1578175,17,,,0,101,,1578176,17,,,0,100,,1578177,17,,,0,100,,1578178,17,,,0,98,,1578179,17,,,0,103,,1578180,17,,,0,100,,1578181,17,,,0,100,,1578182,17,,,0,98,,1578183,17,,,0,99,,1578184,17,,,0,99,,1578185,17,,,0,99,,1578186,17,,,0
9202,'20261006',538,,1524936,17,,,0,97,,1524935,17,,,0,73,,1524934,17,,,0,31,,1524917,17,,,0,71,,1524933,17,,,0,31,,1524918,17,,,0,99,,1524919,17,,,0,100,,1524920,17,,,0,100,,1524922,17,,,0,101,,1524923,17,,,0,100,,1524921,17,,,0,100,,1524929,17,,,0,98,,1524927,17,,,0,103,,1524928,17,,,0,100,,1524930,17,,,0,100,,1524924,17,,,0,98,,1524925,17,,,0,99,,1524926,17,,,0,99,,1524931,17,,,0,99,,1524932,17,,,0
9202,'20261007',538,,1524956,17,,,0,97,,1524955,17,,,0,73,,1524954,17,,,0,31,,1524937,17,,,0,71,,1524953,17,,,0,31,,1524938,17,,,0,99,,1524939,17,,,0,100,,1524940,17,,,0,100,,1524942,17,,,0,101,,1524943,17,,,0,100,,1524941,17,,,0,100,,1524949,17,,,0,98,,1524947,17,,,0,103,,1524948,17,,,0,100,,1524950,17,,,0,100,,1524944,17,,,0,98,,1524945,17,,,0,99,,1524946,17,,,0,99,,1524951,17,,,0,99,,1524952,17,,,0
9202,'20261008',538,,1524976,17,,,0,97,,1524975,17,,,0,73,,1524974,17,,,0,31,,1524957,17,,,0,71,,1524973,17,,,0,31,,1524958,17,,,0,99,,1524959,17,,,0,100,,1524960,17,,,0,100,,1524962,17,,,0,101,,1524963,17,,,0,100,,1524961,17,,,0,100,,1524969,17,,,0,98,,1524967,17,,,0,103,,1524968,17,,,0,100,,1524970,17,,,0,100,,1524964,17,,,0,98,,1524965,17,,,0,99,,1524966,17,,,0,99,,1524971,17,,,0,99,,1524972,17,,,0
9202,'20261009',538,,1524996,17,,,0,97,,1524995,17,,,0,73,,1524994,17,,,0,31,,1524977,17,,,0,71,,1524993,17,,,0,31,,1524978,17,,,0,99,,1524979,17,,,0,100,,1524980,17,,,0,100,,1524982,17,,,0,101,,1524983,17,,,0,100,,1524981,17,,,0,100,,1524989,17,,,0,98,,1524987,17,,,0,103,,1524988,17,,,0,100,,1524990,17,,,0,100,,1524984,17,,,0,98,,1524985,17,,,0,99,,1524986,17,,,0,99,,1524991,17,,,0,99,,1524992,17,,,0
9202,'20261010',559,,1551604,17,,,0,100,,1551603,17,,,0,99,,1551588,17,,,0,100,,1551599,17,,,0,98,,1551598,17,,,0,100,,1551589,17,,,0,97,,1551600,17,,,0,101,,1551592,17,,,0,101,,1551594,17,,,0,102,,1551593,17,,,0,101,,1551601,17,,,0,144,,1551590,17,,,0,99,,1551591,17,,,0,100,,1551602,17,,,0,57,,1551595,17,,,0,101,,1551596,17,,,0,100,,1551597,17,,,0
9202,'20261011',559,,1551621,17,,,0,100,,1551620,17,,,0,99,,1551605,17,,,0,100,,1551615,17,,,0,98,,1551614,17,,,0,100,,1551606,17,,,0,97,,1551616,17,,,0,101,,1551609,17,,,0,101,,1551611,17,,,0,102,,1551610,17,,,0,101,,1551617,17,,,0,144,,1551607,17,,,0,99,,1551608,17,,,0,100,,1551618,17,,,0,57,,1551612,17,,,0,101,,1551613,17,,,0,100,,1551619,17,,,0
9202,'20261012',559,,1551638,17,,,0,100,,1551637,17,,,0,99,,1551622,17,,,0,100,,1551632,17,,,0,98,,1551631,17,,,0,100,,1551623,17,,,0,97,,1551633,17,,,0,101,,1551626,17,,,0,101,,1551628,17,,,0,102,,1551627,17,,,0,101,,1551634,17,,,0,144,,1551624,17,,,0,99,,1551625,17,,,0,100,,1551635,17,,,0,57,,1551629,17,,,0,101,,1551630,17,,,0,100,,1551636,17,,,0
9202,'20261013',538,,1578206,17,,,0,97,,1578205,17,,,0,73,,1578204,17,,,0,31,,1578187,17,,,0,71,,1578203,17,,,0,31,,1578188,17,,,0,99,,1578189,17,,,0,100,,1578190,17,,,0,100,,1578192,17,,,0,101,,1578193,17,,,0,100,,1578191,17,,,0,100,,1578199,17,,,0,98,,1578197,17,,,0,103,,1578198,17,,,0,100,,1578200,17,,,0,100,,1578194,17,,,0,98,,1578195,17,,,0,99,,1578196,17,,,0,99,,1578201,17,,,0,99,,1578202,17,,,0
9202,'20261014',538,,1578226,17,,,0,97,,1578225,17,,,0,73,,1578224,17,,,0,31,,1578207,17,,,0,71,,1578223,17,,,0,31,,1578208,17,,,0,99,,1578209,17,,,0,100,,1578210,17,,,0,100,,1578212,17,,,0,101,,1578213,17,,,0,100,,1578211,17,,,0,100,,1578219,17,,,0,98,,1578217,17,,,0,103,,1578218,17,,,0,100,,1578220,17,,,0,100,,1578214,17,,,0,98,,1578215,17,,,0,99,,1578216,17,,,0,99,,1578221,17,,,0,99,,1578222,17,,,0
9202,'20261015',538,,1578246,17,,,0,97,,1578245,17,,,0,73,,1578244,17,,,0,31,,1578227,17,,,0,71,,1578243,17,,,0,31,,1578228,17,,,0,99,,1578229,17,,,0,100,,1578230,17,,,0,100,,1578232,17,,,0,101,,1578233,17,,,0,100,,1578231,17,,,0,100,,1578239,17,,,0,98,,1578237,17,,,0,103,,1578238,17,,,0,100,,1578240,17,,,0,100,,1578234,17,,,0,98,,1578235,17,,,0,99,,1578236,17,,,0,99,,1578241,17,,,0,99,,1578242,17,,,0
9202,'20261016',538,,1578266,17,,,0,97,,1578265,17,,,0,73,,1578264,17,,,0,31,,1578247,17,,,0,71,,1578263,17,,,0,31,,1578248,17,,,0,99,,1578249,17,,,0,100,,1578250,17,,,0,100,,1578252,17,,,0,101,,1578253,17,,,0,100,,1578251,17,,,0,100,,1578259,17,,,0,98,,1578257,17,,,0,103,,1578258,17,,,0,100,,1578260,17,,,0,100,,1578254,17,,,0,98,,1578255,17,,,0,99,,1578256,17,,,0,99,,1578261,17,,,0,99,,1578262,17,,,0
29202,'20261002',639,,1581179,17,,,0,18,,1581180,17,,,0,69,,1581181,17,,,0
29202,'20261005',639,,1581182,17,,,0,18,,1581183,17,,,0,69,,1581184,17,,,0
29202,'20261006',639,,1527911,17,,,0,18,,1527910,17,,,0,69,,1527909,17,,,0
29202,'20261007',639,,1527914,17,,,0,18,,1527913,17,,,0,69,,1527912,17,,,0
29202,'20261008',639,,1527917,17,,,0,18,,1527916,17,,,0,69,,1527915,17,,,0
29202,'20261009',639,,1527920,17,,,0,18,,1527919,17,,,0,69,,1527918,17,,,0
29202,'20261013',639,,1581187,17,,,0,18,,1581186,17,,,0,69,,1581185,17,,,0
29202,'20261014',639,,1581190,17,,,0,18,,1581189,17,,,0,69,,1581188,17,,,0
29202,'20261015',639,,1581193,17,,,0,18,,1581192,17,,,0,69,,1581191,17,,,0
29202,'20261016',639,,1581196,17,,,0,18,,1581195,17,,,0,69,,1581194,17,,,0
