7401,'20261006',627,,1606398,62,,,1,101,,1606399,62,,,1,100,,1606400,62,,,1,99,,1606401,62,,,1,100,,1606402,62,,,1,101,,1606403,62,,,1,100,,1606404,62,,,1,100,,1606405,62,,,1,100,,1606406,62,,,1,100,,1606407,62,,,1,103,,1606408,62,,,1,98,,1606409,62,,,1,99,,1606410,62,,,1,99,,1606411,62,,,1,100,,1606412,62,,,1,100,,1606413,62,,,1,99,,1606414,62,,,1,130,,1606415,62,,,1
7401,'20261007',627,,1606418,62,,,1,101,,1606419,62,,,1,100,,1606420,62,,,1,99,,1606421,62,,,1,100,,1606422,62,,,1,101,,1606423,62,,,1,100,,1606424,62,,,1,100,,1606425,62,,,1,100,,1606426,62,,,1,100,,1606427,62,,,1,103,,1606428,62,,,1,98,,1606429,62,,,1,99,,1606430,62,,,1,99,,1606431,62,,,1,100,,1606432,62,,,1,100,,1606433,62,,,1,99,,1606434,62,,,1,130,,1606435,62,,,1
7401,'20261008',627,,1606438,62,,,1,101,,1606439,62,,,1,100,,1606440,62,,,1,99,,1606441,62,,,1,100,,1606442,62,,,1,101,,1606443,62,,,1,100,,1606444,62,,,1,100,,1606445,62,,,1,100,,1606446,62,,,1,100,,1606447,62,,,1,103,,1606448,62,,,1,98,,1606449,62,,,1,99,,1606450,62,,,1,99,,1606451,62,,,1,100,,1606452,62,,,1,100,,1606453,62,,,1,99,,1606454,62,,,1,130,,1606455,62,,,1
7401,'20261009',627,,1606458,62,,,1,101,,1606459,62,,,1,100,,1606460,62,,,1,99,,1606461,62,,,1,100,,1606462,62,,,1,101,,1606463,62,,,1,100,,1606464,62,,,1,100,,1606465,62,,,1,100,,1606466,62,,,1,100,,1606467,62,,,1,103,,1606468,62,,,1,98,,1606469,62,,,1,99,,1606470,62,,,1,99,,1606471,62,,,1,100,,1606472,62,,,1,100,,1606473,62,,,1,99,,1606474,62,,,1,130,,1606475,62,,,1
7401,'20261010',726,,1549169,62,,,1,100,,1549155,62,,,1,101,,1549156,62,,,1,100,,1549170,62,,,1,100,,1549163,62,,,1,100,,1549164,62,,,1,100,,1549165,62,,,1,100,,1549166,62,,,1,100,,1549167,62,,,1,100,,1549168,62,,,1,100,,1549157,62,,,1,99,,1549161,62,,,1,100,,1549162,62,,,1,100,,1549158,62,,,1,100,,1549159,62,,,1,100,,1549160,62,,,1
7401,'20261011',726,,1549172,62,,,1,100,,1549187,62,,,1,101,,1549173,62,,,1,100,,1549188,62,,,1,100,,1549175,62,,,1,100,,1549176,62,,,1,100,,1549177,62,,,1,100,,1549178,62,,,1,100,,1549179,62,,,1,100,,1549180,62,,,1,100,,1549181,62,,,1,99,,1549182,62,,,1,100,,1549183,62,,,1,100,,1549184,62,,,1,100,,1549185,62,,,1,100,,1549186,62,,,1
7401,'20261012',726,,1549189,62,,,1,100,,1549204,62,,,1,101,,1549190,62,,,1,100,,1549205,62,,,1,100,,1549192,62,,,1,100,,1549193,62,,,1,100,,1549194,62,,,1,100,,1549195,62,,,1,100,,1549196,62,,,1,100,,1549197,62,,,1,100,,1549198,62,,,1,99,,1549199,62,,,1,100,,1549200,62,,,1,100,,1549201,62,,,1,100,,1549202,62,,,1,100,,1549203,62,,,1
7401,'20261013',627,,1574747,62,,,1,101,,1574748,62,,,1,100,,1574749,62,,,1,99,,1574750,62,,,1,100,,1574751,62,,,1,101,,1574752,62,,,1,100,,1574753,62,,,1,100,,1574754,62,,,1,100,,1574755,62,,,1,100,,1574756,62,,,1,103,,1574762,62,,,1,98,,1574757,62,,,1,99,,1574758,62,,,1,99,,1574764,62,,,1,100,,1574759,62,,,1,100,,1574763,62,,,1,99,,1574760,62,,,1,130,,1574761,62,,,1
7401,'20261014',627,,1574767,62,,,1,101,,1574768,62,,,1,100,,1574769,62,,,1,99,,1574770,62,,,1,100,,1574771,62,,,1,101,,1574772,62,,,1,100,,1574773,62,,,1,100,,1574774,62,,,1,100,,1574775,62,,,1,100,,1574776,62,,,1,103,,1574782,62,,,1,98,,1574777,62,,,1,99,,1574778,62,,,1,99,,1574784,62,,,1,100,,1574779,62,,,1,100,,1574783,62,,,1,99,,1574780,62,,,1,130,,1574781,62,,,1
7401,'20261015',627,,1574787,62,,,1,101,,1574788,62,,,1,100,,1574789,62,,,1,99,,1574790,62,,,1,100,,1574791,62,,,1,101,,1574792,62,,,1,100,,1574793,62,,,1,100,,1574794,62,,,1,100,,1574795,62,,,1,100,,1574796,62,,,1,103,,1574802,62,,,1,98,,1574797,62,,,1,99,,1574798,62,,,1,99,,1574804,62,,,1,100,,1574799,62,,,1,100,,1574803,62,,,1,99,,1574800,62,,,1,130,,1574801,62,,,1
7401,'20261016',627,,1574807,62,,,1,101,,1574808,62,,,1,100,,1574809,62,,,1,99,,1574810,62,,,1,100,,1574811,62,,,1,101,,1574812,62,,,1,100,,1574813,62,,,1,100,,1574814,62,,,1,100,,1574815,62,,,1,100,,1574816,62,,,1,103,,1574822,62,,,1,98,,1574817,62,,,1,99,,1574818,62,,,1,99,,1574824,62,,,1,100,,1574819,62,,,1,100,,1574823,62,,,1,99,,1574820,62,,,1,130,,1574821,62,,,1
7401,'20261017',726,,1606490,62,,,1,100,,1606476,62,,,1,101,,1606477,62,,,1,100,,1606491,62,,,1,100,,1606484,62,,,1,100,,1606485,62,,,1,100,,1606486,62,,,1,100,,1606487,62,,,1,100,,1606488,62,,,1,100,,1606489,62,,,1,100,,1606478,62,,,1,99,,1606482,62,,,1,100,,1606483,62,,,1,100,,1606479,62,,,1,100,,1606480,62,,,1,100,,1606481,62,,,1
7401,'20261018',726,,1606493,62,,,1,100,,1606508,62,,,1,101,,1606494,62,,,1,100,,1606509,62,,,1,100,,1606496,62,,,1,100,,1606497,62,,,1,100,,1606498,62,,,1,100,,1606499,62,,,1,100,,1606500,62,,,1,100,,1606501,62,,,1,100,,1606502,62,,,1,99,,1606503,62,,,1,100,,1606504,62,,,1,100,,1606505,62,,,1,100,,1606506,62,,,1,100,,1606507,62,,,1
7401,'20261019',627,,1606510,62,,,1,101,,1606511,62,,,1,100,,1606512,62,,,1,99,,1606513,62,,,1,100,,1606514,62,,,1,101,,1606515,62,,,1,100,,1606516,62,,,1,100,,1606517,62,,,1,100,,1606518,62,,,1,100,,1606519,62,,,1,103,,1606525,62,,,1,98,,1606520,62,,,1,99,,1606521,62,,,1,99,,1606527,62,,,1,100,,1606522,62,,,1,100,,1606526,62,,,1,99,,1606523,62,,,1,130,,1606524,62,,,1
7401,'20261020',627,,1606530,62,,,1,101,,1606531,62,,,1,100,,1606532,62,,,1,99,,1606533,62,,,1,100,,1606534,62,,,1,101,,1606535,62,,,1,100,,1606536,62,,,1,100,,1606537,62,,,1,100,,1606538,62,,,1,100,,1606539,62,,,1,103,,1606545,62,,,1,98,,1606540,62,,,1,99,,1606541,62,,,1,99,,1606547,62,,,1,100,,1606542,62,,,1,100,,1606546,62,,,1,99,,1606543,62,,,1,130,,1606544,62,,,1
8401,'20261006',658,,1608718,76,,,1,101,,1608720,76,,,1,99,,1608722,76,,,1,99,,1608724,76,,,1,100,,1608725,76,,,1,101,,1608726,76,,,1,100,,1608727,76,,,1,100,,1608728,76,,,1,100,,1608729,76,,,1,101,,1608730,76,,,1,141,,1608731,76,,,1,58,,1608732,76,,,1,99,,1608733,76,,,1,100,,1608734,76,,,1,100,,1608735,76,,,1,99,,1608736,76,,,1,100,,1608737,76,,,1,100,,1608738,76,,,1
8401,'20261007',658,,1608739,76,,,1,101,,1608741,76,,,1,99,,1608743,76,,,1,99,,1608745,76,,,1,100,,1608746,76,,,1,101,,1608747,76,,,1,100,,1608748,76,,,1,100,,1608749,76,,,1,100,,1608750,76,,,1,101,,1608751,76,,,1,141,,1608752,76,,,1,58,,1608753,76,,,1,99,,1608754,76,,,1,100,,1608755,76,,,1,100,,1608756,76,,,1,99,,1608757,76,,,1,100,,1608758,76,,,1,100,,1608759,76,,,1
8401,'20261008',658,,1608760,76,,,1,101,,1608762,76,,,1,99,,1608764,76,,,1,99,,1608766,76,,,1,100,,1608767,76,,,1,101,,1608768,76,,,1,100,,1608769,76,,,1,100,,1608770,76,,,1,100,,1608771,76,,,1,101,,1608772,76,,,1,141,,1608773,76,,,1,58,,1608774,76,,,1,99,,1608775,76,,,1,100,,1608776,76,,,1,100,,1608777,76,,,1,99,,1608778,76,,,1,100,,1608779,76,,,1,100,,1608780,76,,,1
8401,'20261009',658,,1608781,76,,,1,101,,1608783,76,,,1,99,,1608785,76,,,1,99,,1608787,76,,,1,100,,1608788,76,,,1,101,,1608789,76,,,1,100,,1608790,76,,,1,100,,1608791,76,,,1,100,,1608792,76,,,1,101,,1608793,76,,,1,141,,1608794,76,,,1,58,,1608795,76,,,1,99,,1608796,76,,,1,100,,1608797,76,,,1,100,,1608798,76,,,1,99,,1608799,76,,,1,100,,1608800,76,,,1,100,,1608801,76,,,1
8401,'20261010',656,,1550844,76,,,1,100,,1550859,76,,,1,101,,1550845,76,,,1,100,,1550858,76,,,1,100,,1550846,76,,,1,100,,1550853,76,,,1,100,,1550854,76,,,1,100,,1550855,76,,,1,100,,1550856,76,,,1,100,,1550857,76,,,1,100,,1550848,76,,,1,99,,1550847,76,,,1,100,,1550849,76,,,1,100,,1550852,76,,,1,100,,1550851,76,,,1,100,,1550850,76,,,1,100,,1550860,76,,,1,100,,1550861,76,,,1
8401,'20261011',656,,1550874,76,,,1,100,,1550878,76,,,1,101,,1550877,76,,,1,100,,1550875,76,,,1,100,,1550862,76,,,1,100,,1550868,76,,,1,100,,1550863,76,,,1,100,,1550869,76,,,1,100,,1550864,76,,,1,100,,1550870,76,,,1,100,,1550865,76,,,1,99,,1550871,76,,,1,100,,1550866,76,,,1,100,,1550872,76,,,1,100,,1550867,76,,,1,100,,1550873,76,,,1,100,,1550876,76,,,1,100,,1550879,76,,,1
8401,'20261012',656,,1550892,76,,,1,100,,1550896,76,,,1,101,,1550895,76,,,1,100,,1550893,76,,,1,100,,1550880,76,,,1,100,,1550886,76,,,1,100,,1550881,76,,,1,100,,1550887,76,,,1,100,,1550882,76,,,1,100,,1550888,76,,,1,100,,1550883,76,,,1,99,,1550889,76,,,1,100,,1550884,76,,,1,100,,1550890,76,,,1,100,,1550885,76,,,1,100,,1550891,76,,,1,100,,1550894,76,,,1,100,,1550897,76,,,1
8401,'20261013',658,,1577064,76,,,1,101,,1577065,76,,,1,99,,1577066,76,,,1,99,,1577067,76,,,1,100,,1577068,76,,,1,101,,1577069,76,,,1,100,,1577070,76,,,1,100,,1577071,76,,,1,100,,1577072,76,,,1,101,,1577073,76,,,1,141,,1577074,76,,,1,58,,1577075,76,,,1,99,,1577076,76,,,1,100,,1577077,76,,,1,100,,1577078,76,,,1,99,,1577079,76,,,1,100,,1577080,76,,,1,100,,1577082,76,,,1
8401,'20261014',658,,1577085,76,,,1,101,,1577086,76,,,1,99,,1577087,76,,,1,99,,1577088,76,,,1,100,,1577089,76,,,1,101,,1577090,76,,,1,100,,1577091,76,,,1,100,,1577092,76,,,1,100,,1577093,76,,,1,101,,1577094,76,,,1,141,,1577095,76,,,1,58,,1577096,76,,,1,99,,1577097,76,,,1,100,,1577098,76,,,1,100,,1577099,76,,,1,99,,1577100,76,,,1,100,,1577101,76,,,1,100,,1577103,76,,,1
8401,'20261015',658,,1577106,76,,,1,101,,1577107,76,,,1,99,,1577108,76,,,1,99,,1577109,76,,,1,100,,1577110,76,,,1,101,,1577111,76,,,1,100,,1577112,76,,,1,100,,1577113,76,,,1,100,,1577114,76,,,1,101,,1577115,76,,,1,141,,1577116,76,,,1,58,,1577117,76,,,1,99,,1577118,76,,,1,100,,1577119,76,,,1,100,,1577120,76,,,1,99,,1577121,76,,,1,100,,1577122,76,,,1,100,,1577124,76,,,1
8401,'20261016',658,,1577127,76,,,1,101,,1577128,76,,,1,99,,1577129,76,,,1,99,,1577130,76,,,1,100,,1577131,76,,,1,101,,1577132,76,,,1,100,,1577133,76,,,1,100,,1577134,76,,,1,100,,1577135,76,,,1,101,,1577136,76,,,1,141,,1577137,76,,,1,58,,1577138,76,,,1,99,,1577139,76,,,1,100,,1577140,76,,,1,100,,1577141,76,,,1,99,,1577142,76,,,1,100,,1577143,76,,,1,100,,1577145,76,,,1
8401,'20261017',656,,1608802,76,,,1,100,,1608817,76,,,1,101,,1608803,76,,,1,100,,1608816,76,,,1,100,,1608804,76,,,1,100,,1608811,76,,,1,100,,1608812,76,,,1,100,,1608813,76,,,1,100,,1608814,76,,,1,100,,1608815,76,,,1,100,,1608806,76,,,1,99,,1608805,76,,,1,100,,1608807,76,,,1,100,,1608810,76,,,1,100,,1608809,76,,,1,100,,1608808,76,,,1,100,,1608818,76,,,1,100,,1608819,76,,,1
8401,'20261018',656,,1608832,76,,,1,100,,1608836,76,,,1,101,,1608835,76,,,1,100,,1608833,76,,,1,100,,1608820,76,,,1,100,,1608826,76,,,1,100,,1608821,76,,,1,100,,1608827,76,,,1,100,,1608822,76,,,1,100,,1608828,76,,,1,100,,1608823,76,,,1,99,,1608829,76,,,1,100,,1608824,76,,,1,100,,1608830,76,,,1,100,,1608825,76,,,1,100,,1608831,76,,,1,100,,1608834,76,,,1,100,,1608837,76,,,1
8401,'20261019',658,,1608838,76,,,1,101,,1608839,76,,,1,99,,1608840,76,,,1,99,,1608841,76,,,1,100,,1608842,76,,,1,101,,1608843,76,,,1,100,,1608844,76,,,1,100,,1608845,76,,,1,100,,1608846,76,,,1,101,,1608847,76,,,1,141,,1608848,76,,,1,58,,1608849,76,,,1,99,,1608850,76,,,1,100,,1608851,76,,,1,100,,1608852,76,,,1,99,,1608853,76,,,1,100,,1608854,76,,,1,100,,1608856,76,,,1
8401,'20261020',658,,1608859,76,,,1,101,,1608860,76,,,1,99,,1608861,76,,,1,99,,1608862,76,,,1,100,,1608863,76,,,1,101,,1608864,76,,,1,100,,1608865,76,,,1,100,,1608866,76,,,1,100,,1608867,76,,,1,101,,1608868,76,,,1,141,,1608869,76,,,1,58,,1608870,76,,,1,99,,1608871,76,,,1,100,,1608872,76,,,1,100,,1608873,76,,,1,99,,1608874,76,,,1,100,,1608875,76,,,1,100,,1608877,76,,,1
8601,'20261006',632,,1609144,20,,,0,70,,1609145,20,,,0,36,,1609146,20,,,0,65,,1609147,20,,,0,30,,1609148,20,,,0,69,,1609149,20,,,0,100,,1609150,20,,,0,100,,1609151,20,,,0,100,,1609152,20,,,0,100,,1609153,20,,,0,100,,1609154,20,,,0,101,,1609155,20,,,0,102,,1609156,20,,,0,28,,1609143,16,,,0,2,,1609157,20,,,0,70,,1609158,20,,,0,29,,1609159,20,,,0,69,,1609160,20,,,0,99,,1609161,20,,,0,99,,1609162,20,,,0,100,,1609163,20,,,0,100,,1609164,20,,,0,100,,1609165,20,,,0
8601,'20261007',632,,1609168,20,,,0,70,,1609169,20,,,0,36,,1609170,20,,,0,65,,1609171,20,,,0,30,,1609172,20,,,0,69,,1609173,20,,,0,100,,1609174,20,,,0,100,,1609175,20,,,0,100,,1609176,20,,,0,100,,1609177,20,,,0,100,,1609178,20,,,0,101,,1609179,20,,,0,102,,1609180,20,,,0,28,,1609167,16,,,0,2,,1609181,20,,,0,70,,1609182,20,,,0,29,,1609183,20,,,0,69,,1609184,20,,,0,99,,1609185,20,,,0,99,,1609186,20,,,0,100,,1609187,20,,,0,100,,1609188,20,,,0,100,,1609189,20,,,0
8601,'20261008',632,,1609192,20,,,0,70,,1609193,20,,,0,36,,1609194,20,,,0,65,,1609195,20,,,0,30,,1609196,20,,,0,69,,1609197,20,,,0,100,,1609198,20,,,0,100,,1609199,20,,,0,100,,1609200,20,,,0,100,,1609201,20,,,0,100,,1609202,20,,,0,101,,1609203,20,,,0,102,,1609204,20,,,0,28,,1609191,16,,,0,2,,1609205,20,,,0,70,,1609206,20,,,0,29,,1609207,20,,,0,69,,1609208,20,,,0,99,,1609209,20,,,0,99,,1609210,20,,,0,100,,1609211,20,,,0,100,,1609212,20,,,0,100,,1609213,20,,,0
8601,'20261009',632,,1609216,20,,,0,70,,1609217,20,,,0,36,,1609218,20,,,0,65,,1609219,20,,,0,30,,1609220,20,,,0,69,,1609221,20,,,0,100,,1609222,20,,,0,100,,1609223,20,,,0,100,,1609224,20,,,0,100,,1609225,20,,,0,100,,1609226,20,,,0,101,,1609227,20,,,0,102,,1609228,20,,,0,28,,1609215,16,,,0,2,,1609229,20,,,0,70,,1609230,20,,,0,29,,1609231,20,,,0,69,,1609232,20,,,0,99,,1609233,20,,,0,99,,1609234,20,,,0,100,,1609235,20,,,0,100,,1609236,20,,,0,100,,1609237,20,,,0
8601,'20261010',801,,1551141,20,,,0,100,,1551149,20,,,0,100,,1551145,20,,,0,101,,1551150,20,,,0,100,,1551142,20,,,0,100,,1551151,20,,,0,100,,1551146,20,,,0,100,,1551152,20,,,0,100,,1551147,20,,,0,100,,1551153,20,,,0,100,,1551143,20,,,0,99,,1551154,20,,,0,100,,1551148,20,,,0,100,,1551155,20,,,0,100,,1551144,20,,,0,100,,1551156,20,,,0
8601,'20261011',801,,1551160,20,,,0,100,,1551165,20,,,0,100,,1551161,20,,,0,101,,1551166,20,,,0,100,,1551157,20,,,0,100,,1551167,20,,,0,100,,1551162,20,,,0,100,,1551168,20,,,0,100,,1551163,20,,,0,100,,1551169,20,,,0,100,,1551158,20,,,0,99,,1551170,20,,,0,100,,1551164,20,,,0,100,,1551171,20,,,0,100,,1551159,20,,,0,100,,1551172,20,,,0
8601,'20261012',801,,1551176,20,,,0,100,,1551181,20,,,0,100,,1551177,20,,,0,101,,1551182,20,,,0,100,,1551173,20,,,0,100,,1551183,20,,,0,100,,1551178,20,,,0,100,,1551184,20,,,0,100,,1551179,20,,,0,100,,1551185,20,,,0,100,,1551174,20,,,0,99,,1551186,20,,,0,100,,1551180,20,,,0,100,,1551187,20,,,0,100,,1551175,20,,,0,100,,1551188,20,,,0
8601,'20261013',632,,1577498,20,,,0,70,,1577488,20,,,0,36,,1577489,20,,,0,65,,1577490,20,,,0,30,,1577501,20,,,0,69,,1577504,20,,,0,100,,1577502,20,,,0,100,,1577505,20,,,0,100,,1577500,20,,,0,100,,1577506,20,,,0,100,,1577499,20,,,0,101,,1577507,20,,,0,102,,1577494,20,,,0,28,,1577511,16,,,0,2,,1577497,20,,,0,70,,1577493,20,,,0,29,,1577496,20,,,0,69,,1577491,20,,,0,99,,1577508,20,,,0,99,,1577495,20,,,0,100,,1577509,20,,,0,100,,1577492,20,,,0,100,,1577503,20,,,0
8601,'20261014',632,,1577522,20,,,0,70,,1577512,20,,,0,36,,1577513,20,,,0,65,,1577514,20,,,0,30,,1577525,20,,,0,69,,1577528,20,,,0,100,,1577526,20,,,0,100,,1577529,20,,,0,100,,1577524,20,,,0,100,,1577530,20,,,0,100,,1577523,20,,,0,101,,1577531,20,,,0,102,,1577518,20,,,0,28,,1577535,16,,,0,2,,1577521,20,,,0,70,,1577517,20,,,0,29,,1577520,20,,,0,69,,1577515,20,,,0,99,,1577532,20,,,0,99,,1577519,20,,,0,100,,1577533,20,,,0,100,,1577516,20,,,0,100,,1577527,20,,,0
8601,'20261015',632,,1577546,20,,,0,70,,1577536,20,,,0,36,,1577537,20,,,0,65,,1577538,20,,,0,30,,1577549,20,,,0,69,,1577552,20,,,0,100,,1577550,20,,,0,100,,1577553,20,,,0,100,,1577548,20,,,0,100,,1577554,20,,,0,100,,1577547,20,,,0,101,,1577555,20,,,0,102,,1577542,20,,,0,28,,1577559,16,,,0,2,,1577545,20,,,0,70,,1577541,20,,,0,29,,1577544,20,,,0,69,,1577539,20,,,0,99,,1577556,20,,,0,99,,1577543,20,,,0,100,,1577557,20,,,0,100,,1577540,20,,,0,100,,1577551,20,,,0
8601,'20261016',632,,1577570,20,,,0,70,,1577560,20,,,0,36,,1577561,20,,,0,65,,1577562,20,,,0,30,,1577573,20,,,0,69,,1577576,20,,,0,100,,1577574,20,,,0,100,,1577577,20,,,0,100,,1577572,20,,,0,100,,1577578,20,,,0,100,,1577571,20,,,0,101,,1577579,20,,,0,102,,1577566,20,,,0,28,,1577583,16,,,0,2,,1577569,20,,,0,70,,1577565,20,,,0,29,,1577568,20,,,0,69,,1577563,20,,,0,99,,1577580,20,,,0,99,,1577567,20,,,0,100,,1577581,20,,,0,100,,1577564,20,,,0,100,,1577575,20,,,0
8601,'20261017',801,,1609238,20,,,0,100,,1609246,20,,,0,100,,1609242,20,,,0,101,,1609247,20,,,0,100,,1609239,20,,,0,100,,1609248,20,,,0,100,,1609243,20,,,0,100,,1609249,20,,,0,100,,1609244,20,,,0,100,,1609250,20,,,0,100,,1609240,20,,,0,99,,1609251,20,,,0,100,,1609245,20,,,0,100,,1609252,20,,,0,100,,1609241,20,,,0,100,,1609253,20,,,0
8601,'20261018',801,,1609257,20,,,0,100,,1609262,20,,,0,100,,1609258,20,,,0,101,,1609263,20,,,0,100,,1609254,20,,,0,100,,1609264,20,,,0,100,,1609259,20,,,0,100,,1609265,20,,,0,100,,1609260,20,,,0,100,,1609266,20,,,0,100,,1609255,20,,,0,99,,1609267,20,,,0,100,,1609261,20,,,0,100,,1609268,20,,,0,100,,1609256,20,,,0,100,,1609269,20,,,0
8601,'20261019',632,,1609280,20,,,0,70,,1609270,20,,,0,36,,1609271,20,,,0,65,,1609272,20,,,0,30,,1609283,20,,,0,69,,1609286,20,,,0,100,,1609284,20,,,0,100,,1609287,20,,,0,100,,1609282,20,,,0,100,,1609288,20,,,0,100,,1609281,20,,,0,101,,1609289,20,,,0,102,,1609276,20,,,0,28,,1609293,16,,,0,2,,1609279,20,,,0,70,,1609275,20,,,0,29,,1609278,20,,,0,69,,1609273,20,,,0,99,,1609290,20,,,0,99,,1609277,20,,,0,100,,1609291,20,,,0,100,,1609274,20,,,0,100,,1609285,20,,,0
8601,'20261020',632,,1609304,20,,,0,70,,1609294,20,,,0,36,,1609295,20,,,0,65,,1609296,20,,,0,30,,1609307,20,,,0,69,,1609310,20,,,0,100,,1609308,20,,,0,100,,1609311,20,,,0,100,,1609306,20,,,0,100,,1609312,20,,,0,100,,1609305,20,,,0,101,,1609313,20,,,0,102,,1609300,20,,,0,28,,1609317,16,,,0,2,,1609303,20,,,0,70,,1609299,20,,,0,29,,1609302,20,,,0,69,,1609297,20,,,0,99,,1609314,20,,,0,99,,1609301,20,,,0,100,,1609315,20,,,0,100,,1609298,20,,,0,100,,1609309,20,,,0
