9402,'20261006',557,,1610681,13,,,0,96,,1610680,13,,,0,2,,1610682,13,,,0,71,,1610683,13,,,0,32,,1610684,13,,,0,70,,1610685,13,,,0,73,,1610686,13,,,0,100,,1610687,13,,,0,99,,1610688,13,,,0,59,,1610689,13,,,0,100,,1610690,13,,,0,100,,1610691,13,,,0,141,,1610692,13,,,0,57,,1610693,13,,,0,102,,1610694,13,,,0,142,,1610695,13,,,0,99,,1610696,13,,,0,59,,1610697,13,,,0,99,,1610698,13,,,0,99,,1610699,13,,,0,100,,1610700,13,,,0
9402,'20261007',557,,1610702,13,,,0,96,,1610701,13,,,0,2,,1610703,13,,,0,71,,1610704,13,,,0,32,,1610705,13,,,0,70,,1610706,13,,,0,73,,1610707,13,,,0,100,,1610708,13,,,0,99,,1610709,13,,,0,59,,1610710,13,,,0,100,,1610711,13,,,0,100,,1610712,13,,,0,141,,1610713,13,,,0,57,,1610714,13,,,0,102,,1610715,13,,,0,142,,1610716,13,,,0,99,,1610717,13,,,0,59,,1610718,13,,,0,99,,1610719,13,,,0,99,,1610720,13,,,0,100,,1610721,13,,,0
9402,'20261008',557,,1610723,13,,,0,96,,1610722,13,,,0,2,,1610724,13,,,0,71,,1610725,13,,,0,32,,1610726,13,,,0,70,,1610727,13,,,0,73,,1610728,13,,,0,100,,1610729,13,,,0,99,,1610730,13,,,0,59,,1610731,13,,,0,100,,1610732,13,,,0,100,,1610733,13,,,0,141,,1610734,13,,,0,57,,1610735,13,,,0,102,,1610736,13,,,0,142,,1610737,13,,,0,99,,1610738,13,,,0,59,,1610739,13,,,0,99,,1610740,13,,,0,99,,1610741,13,,,0,100,,1610742,13,,,0
9402,'20261009',557,,1610744,13,,,0,96,,1610743,13,,,0,2,,1610745,13,,,0,71,,1610746,13,,,0,32,,1610747,13,,,0,70,,1610748,13,,,0,73,,1610749,13,,,0,100,,1610750,13,,,0,99,,1610751,13,,,0,59,,1610752,13,,,0,100,,1610753,13,,,0,100,,1610754,13,,,0,141,,1610755,13,,,0,57,,1610756,13,,,0,102,,1610757,13,,,0,142,,1610758,13,,,0,99,,1610759,13,,,0,59,,1610760,13,,,0,99,,1610761,13,,,0,99,,1610762,13,,,0,100,,1610763,13,,,0
9402,'20261010',551,,1552198,13,,,0,100,,1552181,13,,,0,100,,1552182,13,,,0,100,,1552183,13,,,0,101,,1552184,13,,,0,100,,1552185,13,,,0,101,,1552186,13,,,0,100,,1552187,13,,,0,100,,1552188,13,,,0,100,,1552189,13,,,0,101,,1552190,13,,,0,100,,1552191,13,,,0,100,,1552192,13,,,0,100,,1552193,13,,,0,99,,1552194,13,,,0,99,,1552195,13,,,0,99,,1552196,13,,,0,100,,1552197,13,,,0
9402,'20261011',551,,1552216,13,,,0,100,,1552199,13,,,0,100,,1552200,13,,,0,100,,1552201,13,,,0,101,,1552202,13,,,0,100,,1552203,13,,,0,101,,1552204,13,,,0,100,,1552205,13,,,0,100,,1552206,13,,,0,100,,1552207,13,,,0,101,,1552208,13,,,0,100,,1552209,13,,,0,100,,1552210,13,,,0,100,,1552211,13,,,0,99,,1552212,13,,,0,99,,1552213,13,,,0,99,,1552214,13,,,0,100,,1552215,13,,,0
9402,'20261012',551,,1552234,13,,,0,100,,1552217,13,,,0,100,,1552218,13,,,0,100,,1552219,13,,,0,101,,1552220,13,,,0,100,,1552221,13,,,0,101,,1552222,13,,,0,100,,1552223,13,,,0,100,,1552224,13,,,0,100,,1552225,13,,,0,101,,1552226,13,,,0,100,,1552227,13,,,0,100,,1552228,13,,,0,100,,1552229,13,,,0,99,,1552230,13,,,0,99,,1552231,13,,,0,99,,1552232,13,,,0,100,,1552233,13,,,0
9402,'20261013',557,,1579017,13,,,0,98,,1579019,13,,,0,71,,1579034,13,,,0,32,,1579035,13,,,0,70,,1579033,13,,,0,73,,1579018,13,,,0,100,,1579036,13,,,0,99,,1579020,13,,,0,59,,1579021,13,,,0,100,,1579022,13,,,0,100,,1579023,13,,,0,141,,1579024,13,,,0,57,,1579025,13,,,0,102,,1579026,13,,,0,142,,1579027,13,,,0,99,,1579028,13,,,0,59,,1579029,13,,,0,99,,1579030,13,,,0,99,,1579031,13,,,0,100,,1579032,13,,,0
9402,'20261014',557,,1579037,13,,,0,98,,1579039,13,,,0,71,,1579054,13,,,0,32,,1579055,13,,,0,70,,1579053,13,,,0,73,,1579038,13,,,0,100,,1579056,13,,,0,99,,1579040,13,,,0,59,,1579041,13,,,0,100,,1579042,13,,,0,100,,1579043,13,,,0,141,,1579044,13,,,0,57,,1579045,13,,,0,102,,1579046,13,,,0,142,,1579047,13,,,0,99,,1579048,13,,,0,59,,1579049,13,,,0,99,,1579050,13,,,0,99,,1579051,13,,,0,100,,1579052,13,,,0
9402,'20261015',557,,1579057,13,,,0,98,,1579059,13,,,0,71,,1579074,13,,,0,32,,1579075,13,,,0,70,,1579073,13,,,0,73,,1579058,13,,,0,100,,1579076,13,,,0,99,,1579060,13,,,0,59,,1579061,13,,,0,100,,1579062,13,,,0,100,,1579063,13,,,0,141,,1579064,13,,,0,57,,1579065,13,,,0,102,,1579066,13,,,0,142,,1579067,13,,,0,99,,1579068,13,,,0,59,,1579069,13,,,0,99,,1579070,13,,,0,99,,1579071,13,,,0,100,,1579072,13,,,0
9402,'20261016',557,,1579077,13,,,0,98,,1579079,13,,,0,71,,1579094,13,,,0,32,,1579095,13,,,0,70,,1579093,13,,,0,73,,1579078,13,,,0,100,,1579096,13,,,0,99,,1579080,13,,,0,59,,1579081,13,,,0,100,,1579082,13,,,0,100,,1579083,13,,,0,141,,1579084,13,,,0,57,,1579085,13,,,0,102,,1579086,13,,,0,142,,1579087,13,,,0,99,,1579088,13,,,0,59,,1579089,13,,,0,99,,1579090,13,,,0,99,,1579091,13,,,0,100,,1579092,13,,,0
9402,'20261017',551,,1610781,13,,,0,100,,1610764,13,,,0,100,,1610765,13,,,0,100,,1610766,13,,,0,101,,1610767,13,,,0,100,,1610768,13,,,0,101,,1610769,13,,,0,100,,1610770,13,,,0,100,,1610771,13,,,0,100,,1610772,13,,,0,101,,1610773,13,,,0,100,,1610774,13,,,0,100,,1610775,13,,,0,100,,1610776,13,,,0,99,,1610777,13,,,0,99,,1610778,13,,,0,99,,1610779,13,,,0,100,,1610780,13,,,0
9402,'20261018',551,,1610799,13,,,0,100,,1610782,13,,,0,100,,1610783,13,,,0,100,,1610784,13,,,0,101,,1610785,13,,,0,100,,1610786,13,,,0,101,,1610787,13,,,0,100,,1610788,13,,,0,100,,1610789,13,,,0,100,,1610790,13,,,0,101,,1610791,13,,,0,100,,1610792,13,,,0,100,,1610793,13,,,0,100,,1610794,13,,,0,99,,1610795,13,,,0,99,,1610796,13,,,0,99,,1610797,13,,,0,100,,1610798,13,,,0
9402,'20261019',557,,1610800,13,,,0,98,,1610802,13,,,0,71,,1610817,13,,,0,32,,1610818,13,,,0,70,,1610816,13,,,0,73,,1610801,13,,,0,100,,1610819,13,,,0,99,,1610803,13,,,0,59,,1610804,13,,,0,100,,1610805,13,,,0,100,,1610806,13,,,0,141,,1610807,13,,,0,57,,1610808,13,,,0,102,,1610809,13,,,0,142,,1610810,13,,,0,99,,1610811,13,,,0,59,,1610812,13,,,0,99,,1610813,13,,,0,99,,1610814,13,,,0,100,,1610815,13,,,0
9402,'20261020',557,,1610820,13,,,0,98,,1610822,13,,,0,71,,1610837,13,,,0,32,,1610838,13,,,0,70,,1610836,13,,,0,73,,1610821,13,,,0,100,,1610839,13,,,0,99,,1610823,13,,,0,59,,1610824,13,,,0,100,,1610825,13,,,0,100,,1610826,13,,,0,141,,1610827,13,,,0,57,,1610828,13,,,0,102,,1610829,13,,,0,142,,1610830,13,,,0,99,,1610831,13,,,0,59,,1610832,13,,,0,99,,1610833,13,,,0,99,,1610834,13,,,0,100,,1610835,13,,,0
29402,'20261006',612,,1612962,13,,,0,42,,1612963,13,,,0,70,,1612964,13,,,0
29402,'20261007',612,,1612965,13,,,0,42,,1612966,13,,,0,70,,1612967,13,,,0
29402,'20261008',612,,1612968,13,,,0,42,,1612969,13,,,0,70,,1612970,13,,,0
29402,'20261009',612,,1612971,13,,,0,42,,1612972,13,,,0,70,,1612973,13,,,0
29402,'20261013',612,,1581221,13,,,0,42,,1581222,13,,,0,70,,1581223,13,,,0
29402,'20261014',612,,1581224,13,,,0,42,,1581225,13,,,0,70,,1581226,13,,,0
29402,'20261015',612,,1581227,13,,,0,42,,1581228,13,,,0,70,,1581229,13,,,0
29402,'20261016',612,,1581230,13,,,0,42,,1581231,13,,,0,70,,1581232,13,,,0
29402,'20261019',612,,1612974,13,,,0,42,,1612975,13,,,0,70,,1612976,13,,,0
29402,'20261020',612,,1612977,13,,,0,42,,1612978,13,,,0,70,,1612979,13,,,0
