7203,'20261009',657,,1606105,45,,,0,73,,1606106,45,,,0,74,,1606107,45,,,0,30,,1606108,45,,,0,25,,1606109,45,,,0,68,,1606110,45,,,0,30,,1606111,45,,,0,70,,1606112,45,,,0,30,,1606113,45,,,0,70,,1606114,45,,,0,30,,1606115,45,,,0,70,,1606116,45,,,0,30,,1606117,45,,,0,70,,1606118,45,,,0,30,,1606119,45,,,0,70,,1606120,45,,,0,31,,1606121,45,,,0,72,,1606122,45,,,0,71,,1606123,45,,,0,33,,1606124,45,,,0,69,,1606125,45,,,0,28,,1606126,45,,,0,27,,1606127,45,,,0,70,,1606128,45,,,0,28,,1606129,45,,,0,70,,1606130,45,,,0,100,,1606131,45,,,0,100,,1606132,45,,,0,100,,1606133,45,,,0,98,,1606134,45,,,0,100,,1606135,45,,,0
7203,'20261010',725,,1633926,45,,,0,101,,1633927,45,,,0,100,,1633928,45,,,0,100,,1633929,45,,,0,100,,1633930,45,,,0,100,,1633931,45,,,0,101,,1633932,45,,,0,100,,1633933,45,,,0,100,,1633934,45,,,0,100,,1633935,45,,,0,99,,1633936,45,,,0,100,,1633937,45,,,0,99,,1633938,45,,,0,100,,1633939,45,,,0,100,,1633940,45,,,0,99,,1633941,45,,,0,100,,1633942,45,,,0,99,,1633943,45,,,0,30,,1633944,45,,,0
7203,'20261011',725,,1633945,45,,,0,101,,1633946,45,,,0,100,,1633947,45,,,0,100,,1633948,45,,,0,100,,1633949,45,,,0,100,,1633950,45,,,0,101,,1633951,45,,,0,100,,1633952,45,,,0,100,,1633953,45,,,0,100,,1633954,45,,,0,99,,1633955,45,,,0,100,,1633956,45,,,0,99,,1633957,45,,,0,100,,1633958,45,,,0,100,,1633959,45,,,0,99,,1633960,45,,,0,100,,1633961,45,,,0,99,,1633962,45,,,0,30,,1633963,45,,,0
7203,'20261012',725,,1633964,45,,,0,101,,1633965,45,,,0,100,,1633966,45,,,0,100,,1633967,45,,,0,100,,1633968,45,,,0,100,,1633969,45,,,0,101,,1633970,45,,,0,100,,1633971,45,,,0,100,,1633972,45,,,0,100,,1633973,45,,,0,99,,1633974,45,,,0,100,,1633975,45,,,0,99,,1633976,45,,,0,100,,1633977,45,,,0,100,,1633978,45,,,0,99,,1633979,45,,,0,100,,1633980,45,,,0,99,,1633981,45,,,0,30,,1633982,45,,,0
7203,'20261013',657,,1574389,45,,,0,73,,1574390,45,,,0,74,,1574391,45,,,0,30,,1574392,45,,,0,25,,1574393,45,,,0,68,,1574394,45,,,0,30,,1574395,45,,,0,70,,1574396,45,,,0,30,,1574397,45,,,0,70,,1574398,45,,,0,30,,1574399,45,,,0,70,,1574400,45,,,0,30,,1574401,45,,,0,70,,1574402,45,,,0,30,,1574403,45,,,0,70,,1574404,45,,,0,31,,1574406,45,,,0,72,,1574407,45,,,0,71,,1574408,45,,,0,33,,1574405,45,,,0,69,,1574409,45,,,0,28,,1574410,45,,,0,27,,1574411,45,,,0,70,,1574412,45,,,0,28,,1574413,45,,,0,70,,1574414,45,,,0,100,,1574415,45,,,0,100,,1574416,45,,,0,100,,1574417,45,,,0,98,,1574418,45,,,0,100,,1574419,45,,,0
7203,'20261014',657,,1574420,45,,,0,73,,1574421,45,,,0,74,,1574422,45,,,0,30,,1574423,45,,,0,25,,1574424,45,,,0,68,,1574425,45,,,0,30,,1574426,45,,,0,70,,1574427,45,,,0,30,,1574428,45,,,0,70,,1574429,45,,,0,30,,1574430,45,,,0,70,,1574431,45,,,0,30,,1574432,45,,,0,70,,1574433,45,,,0,30,,1574434,45,,,0,70,,1574435,45,,,0,31,,1574437,45,,,0,72,,1574438,45,,,0,71,,1574439,45,,,0,33,,1574436,45,,,0,69,,1574440,45,,,0,28,,1574441,45,,,0,27,,1574442,45,,,0,70,,1574443,45,,,0,28,,1574444,45,,,0,70,,1574445,45,,,0,100,,1574446,45,,,0,100,,1574447,45,,,0,100,,1574448,45,,,0,98,,1574449,45,,,0,100,,1574450,45,,,0
7203,'20261015',657,,1574451,45,,,0,73,,1574452,45,,,0,74,,1574453,45,,,0,30,,1574454,45,,,0,25,,1574455,45,,,0,68,,1574456,45,,,0,30,,1574457,45,,,0,70,,1574458,45,,,0,30,,1574459,45,,,0,70,,1574460,45,,,0,30,,1574461,45,,,0,70,,1574462,45,,,0,30,,1574463,45,,,0,70,,1574464,45,,,0,30,,1574465,45,,,0,70,,1574466,45,,,0,31,,1574468,45,,,0,72,,1574469,45,,,0,71,,1574470,45,,,0,33,,1574467,45,,,0,69,,1574471,45,,,0,28,,1574472,45,,,0,27,,1574473,45,,,0,70,,1574474,45,,,0,28,,1574475,45,,,0,70,,1574476,45,,,0,100,,1574477,45,,,0,100,,1574478,45,,,0,100,,1574479,45,,,0,98,,1574480,45,,,0,100,,1574481,45,,,0
7203,'20261016',657,,1574482,45,,,0,73,,1574483,45,,,0,74,,1574484,45,,,0,30,,1574485,45,,,0,25,,1574486,45,,,0,68,,1574487,45,,,0,30,,1574488,45,,,0,70,,1574489,45,,,0,30,,1574490,45,,,0,70,,1574491,45,,,0,30,,1574492,45,,,0,70,,1574493,45,,,0,30,,1574494,45,,,0,70,,1574495,45,,,0,30,,1574496,45,,,0,70,,1574497,45,,,0,31,,1574499,45,,,0,72,,1574500,45,,,0,71,,1574501,45,,,0,33,,1574498,45,,,0,69,,1574502,45,,,0,28,,1574503,45,,,0,27,,1574504,45,,,0,70,,1574505,45,,,0,28,,1574506,45,,,0,70,,1574507,45,,,0,100,,1574508,45,,,0,100,,1574509,45,,,0,100,,1574510,45,,,0,98,,1574511,45,,,0,100,,1574512,45,,,0
7203,'20261017',725,,1606136,45,,,0,101,,1606137,45,,,0,100,,1606138,45,,,0,100,,1606139,45,,,0,100,,1606140,45,,,0,100,,1606141,45,,,0,101,,1606142,45,,,0,100,,1606143,45,,,0,100,,1606144,45,,,0,100,,1606145,45,,,0,99,,1606146,45,,,0,100,,1606147,45,,,0,99,,1606148,45,,,0,100,,1606149,45,,,0,100,,1606150,45,,,0,99,,1606151,45,,,0,100,,1606152,45,,,0,99,,1606153,45,,,0,30,,1606154,45,,,0
7203,'20261018',725,,1606155,45,,,0,101,,1606156,45,,,0,100,,1606157,45,,,0,100,,1606158,45,,,0,100,,1606159,45,,,0,100,,1606160,45,,,0,101,,1606161,45,,,0,100,,1606162,45,,,0,100,,1606163,45,,,0,100,,1606164,45,,,0,99,,1606165,45,,,0,100,,1606173,45,,,0,99,,1606170,45,,,0,100,,1606166,45,,,0,100,,1606167,45,,,0,99,,1606168,45,,,0,100,,1606169,45,,,0,99,,1606172,45,,,0,30,,1606171,45,,,0
7203,'20261019',657,,1606174,45,,,0,73,,1606175,45,,,0,74,,1606176,45,,,0,30,,1606177,45,,,0,25,,1606178,45,,,0,68,,1606179,45,,,0,30,,1606180,45,,,0,70,,1606181,45,,,0,30,,1606182,45,,,0,70,,1606183,45,,,0,30,,1606184,45,,,0,70,,1606185,45,,,0,30,,1606186,45,,,0,70,,1606187,45,,,0,30,,1606188,45,,,0,70,,1606189,45,,,0,31,,1606191,45,,,0,72,,1606192,45,,,0,71,,1606193,45,,,0,33,,1606190,45,,,0,69,,1606194,45,,,0,28,,1606195,45,,,0,27,,1606196,45,,,0,70,,1606197,45,,,0,28,,1606198,45,,,0,70,,1606199,45,,,0,100,,1606200,45,,,0,100,,1606201,45,,,0,100,,1606202,45,,,0,98,,1606203,45,,,0,100,,1606204,45,,,0
7203,'20261020',657,,1606205,45,,,0,73,,1606206,45,,,0,74,,1606207,45,,,0,30,,1606208,45,,,0,25,,1606209,45,,,0,68,,1606210,45,,,0,30,,1606211,45,,,0,70,,1606212,45,,,0,30,,1606213,45,,,0,70,,1606214,45,,,0,30,,1606215,45,,,0,70,,1606216,45,,,0,30,,1606217,45,,,0,70,,1606218,45,,,0,30,,1606219,45,,,0,70,,1606220,45,,,0,31,,1606222,45,,,0,72,,1606223,45,,,0,71,,1606224,45,,,0,33,,1606221,45,,,0,69,,1606225,45,,,0,28,,1606226,45,,,0,27,,1606227,45,,,0,70,,1606228,45,,,0,28,,1606229,45,,,0,70,,1606230,45,,,0,100,,1606231,45,,,0,100,,1606232,45,,,0,100,,1606233,45,,,0,98,,1606234,45,,,0,100,,1606235,45,,,0
7203,'20261021',657,,1633983,45,,,0,73,,1633984,45,,,0,74,,1633985,45,,,0,30,,1633986,45,,,0,25,,1633987,45,,,0,68,,1633988,45,,,0,30,,1633989,45,,,0,70,,1633990,45,,,0,30,,1633991,45,,,0,70,,1633992,45,,,0,30,,1633993,45,,,0,70,,1633994,45,,,0,30,,1633995,45,,,0,70,,1633996,45,,,0,30,,1633997,45,,,0,70,,1633998,45,,,0,31,,1634000,45,,,0,72,,1634001,45,,,0,71,,1634002,45,,,0,33,,1633999,45,,,0,69,,1634003,45,,,0,28,,1634004,45,,,0,27,,1634005,45,,,0,70,,1634006,45,,,0,28,,1634007,45,,,0,70,,1634008,45,,,0,100,,1634009,45,,,0,100,,1634010,45,,,0,100,,1634011,45,,,0,98,,1634012,45,,,0,100,,1634013,45,,,0
7203,'20261022',657,,1634014,45,,,0,73,,1634015,45,,,0,74,,1634016,45,,,0,30,,1634017,45,,,0,25,,1634018,45,,,0,68,,1634019,45,,,0,30,,1634020,45,,,0,70,,1634021,45,,,0,30,,1634022,45,,,0,70,,1634023,45,,,0,30,,1634024,45,,,0,70,,1634025,45,,,0,30,,1634026,45,,,0,70,,1634027,45,,,0,30,,1634028,45,,,0,70,,1634029,45,,,0,31,,1634031,45,,,0,72,,1634032,45,,,0,71,,1634033,45,,,0,33,,1634030,45,,,0,69,,1634034,45,,,0,28,,1634035,45,,,0,27,,1634036,45,,,0,70,,1634037,45,,,0,28,,1634038,45,,,0,70,,1634039,45,,,0,100,,1634040,45,,,0,100,,1634041,45,,,0,100,,1634042,45,,,0,98,,1634043,45,,,0,100,,1634044,45,,,0
7203,'20261023',657,,1634045,45,,,0,73,,1634046,45,,,0,74,,1634047,45,,,0,30,,1634048,45,,,0,25,,1634049,45,,,0,68,,1634050,45,,,0,30,,1634051,45,,,0,70,,1634052,45,,,0,30,,1634053,45,,,0,70,,1634054,45,,,0,30,,1634055,45,,,0,70,,1634056,45,,,0,30,,1634057,45,,,0,70,,1634058,45,,,0,30,,1634059,45,,,0,70,,1634060,45,,,0,31,,1634062,45,,,0,72,,1634063,45,,,0,71,,1634064,45,,,0,33,,1634061,45,,,0,69,,1634065,45,,,0,28,,1634066,45,,,0,27,,1634067,45,,,0,70,,1634068,45,,,0,28,,1634069,45,,,0,70,,1634070,45,,,0,100,,1634071,45,,,0,100,,1634072,45,,,0,100,,1634073,45,,,0,98,,1634074,45,,,0,100,,1634075,45,,,0
97203,'20261009',2615,,1625336,55,,,0
97203,'20261010',2615,,1646897,55,,,0
97203,'20261016',2615,,1593528,55,,,0
97203,'20261017',2615,,1625337,55,,,0
97203,'20261023',2615,,1646898,55,,,0
