8200,'20260929',710,,1550442,104,,,0,38,,1550443,104,,,0,78,,1550444,104,,,0,103,,1550446,104,,,0,195,,1550448,104,,,0,198,,1550450,104,,,0,197,,1550452,104,,,0,193,,1550454,104,,,0,28,,1550455,104,,,0,69,,1550456,104,,,0,28,,1550457,104,,,0,96,,1550458,104,,,0,78,,1550459,106,,,0,200,,1550461,106,,,0,199,,1550463,106,,,0
8200,'20260930',710,,1550464,104,,,0,38,,1550465,104,,,0,78,,1550466,104,,,0,103,,1550468,104,,,0,195,,1550470,104,,,0,198,,1550472,104,,,0,197,,1550474,104,,,0,193,,1550476,104,,,0,28,,1550477,104,,,0,69,,1550478,104,,,0,28,,1550479,104,,,0,96,,1550480,104,,,0,78,,1550481,106,,,0,200,,1550483,106,,,0,199,,1550485,106,,,0
8200,'20261001',710,,1550486,104,,,0,38,,1550487,104,,,0,78,,1550488,104,,,0,103,,1550490,104,,,0,195,,1550492,104,,,0,198,,1550494,104,,,0,197,,1550496,104,,,0,193,,1550498,104,,,0,28,,1550499,104,,,0,69,,1550500,104,,,0,28,,1550501,104,,,0,96,,1550502,104,,,0,78,,1550503,106,,,0,200,,1550505,106,,,0,199,,1550507,106,,,0
8200,'20261002',710,,1473366,104,,,0,38,,1473349,104,,,0,78,,1473370,104,,,0,103,,1473365,104,,,0,195,,1473364,104,,,0,198,,1473350,104,,,0,197,,1473363,104,,,0,193,,1473351,104,,,0,28,,1473352,104,,,0,69,,1473353,104,,,0,28,,1473354,104,,,0,96,,1473361,104,,,0,78,,1473362,106,,,0,200,,1473367,106,,,0,199,,1473355,106,,,0
8200,'20261003',738,,1496365,106,,,0,200,,1496355,106,,,0,203,,1496363,106,,,0,201,,1496352,106,,,0,201,,1496364,106,,,0,201,,1496367,106,,,0,197,,1496360,106,,,0,199,,1496366,106,,,0,269,,1496354,106,,,0
8200,'20261004',738,,1496380,106,,,0,200,,1496377,106,,,0,203,,1496376,106,,,0,201,,1496371,106,,,0,201,,1496374,106,,,0,201,,1496384,106,,,0,197,,1496369,106,,,0,199,,1496383,106,,,0,269,,1496373,106,,,0
8200,'20261005',710,,1496402,104,,,0,38,,1496385,104,,,0,78,,1496406,104,,,0,103,,1496401,104,,,0,195,,1496400,104,,,0,198,,1496386,104,,,0,197,,1496399,104,,,0,193,,1496387,104,,,0,28,,1496388,104,,,0,69,,1496389,104,,,0,28,,1496390,104,,,0,96,,1496397,104,,,0,78,,1496398,106,,,0,200,,1496403,106,,,0,199,,1496391,106,,,0
8200,'20261006',710,,1523335,104,,,0,38,,1523318,104,,,0,78,,1523339,104,,,0,103,,1523334,104,,,0,195,,1523333,104,,,0,198,,1523319,104,,,0,197,,1523332,104,,,0,193,,1523320,104,,,0,28,,1523321,104,,,0,69,,1523322,104,,,0,28,,1523323,104,,,0,96,,1523330,104,,,0,78,,1523331,106,,,0,200,,1523336,106,,,0,199,,1523324,106,,,0
8200,'20261007',710,,1523357,104,,,0,38,,1523340,104,,,0,78,,1523361,104,,,0,103,,1523356,104,,,0,195,,1523355,104,,,0,198,,1523341,104,,,0,197,,1523354,104,,,0,193,,1523342,104,,,0,28,,1523343,104,,,0,69,,1523344,104,,,0,28,,1523345,104,,,0,96,,1523352,104,,,0,78,,1523353,106,,,0,200,,1523358,106,,,0,199,,1523346,106,,,0
8200,'20261008',710,,1523379,104,,,0,38,,1523362,104,,,0,78,,1523383,104,,,0,103,,1523378,104,,,0,195,,1523377,104,,,0,198,,1523363,104,,,0,197,,1523376,104,,,0,193,,1523364,104,,,0,28,,1523365,104,,,0,69,,1523366,104,,,0,28,,1523367,104,,,0,96,,1523374,104,,,0,78,,1523375,106,,,0,200,,1523380,106,,,0,199,,1523368,106,,,0
8200,'20261009',710,,1523401,104,,,0,38,,1523384,104,,,0,78,,1523405,104,,,0,103,,1523400,104,,,0,195,,1523399,104,,,0,198,,1523385,104,,,0,197,,1523398,104,,,0,193,,1523386,104,,,0,28,,1523387,104,,,0,69,,1523388,104,,,0,28,,1523389,104,,,0,96,,1523396,104,,,0,78,,1523397,106,,,0,200,,1523402,106,,,0,199,,1523390,106,,,0
8200,'20261010',738,,1550522,106,,,0,200,,1550512,106,,,0,203,,1550520,106,,,0,201,,1550509,106,,,0,201,,1550521,106,,,0,201,,1550524,106,,,0,197,,1550517,106,,,0,199,,1550523,106,,,0,269,,1550511,106,,,0
8200,'20261011',738,,1550537,106,,,0,200,,1550534,106,,,0,203,,1550533,106,,,0,201,,1550528,106,,,0,201,,1550531,106,,,0,201,,1550541,106,,,0,197,,1550526,106,,,0,199,,1550540,106,,,0,269,,1550530,106,,,0
8200,'20261012',738,,1550554,106,,,0,200,,1550551,106,,,0,203,,1550550,106,,,0,201,,1550545,106,,,0,201,,1550548,106,,,0,201,,1550558,106,,,0,197,,1550543,106,,,0,199,,1550557,106,,,0,269,,1550547,106,,,0
28200,'20260929',1614,,1553210,48,4,,0,30,,1553211,48,4,,0,79,,1553212,48,4,,0,32,,1553213,48,4,,0,65,,1553214,48,4,,0,18,,1553215,48,4,,0
28200,'20260930',1614,,1553216,48,4,,0,30,,1553217,48,4,,0,79,,1553218,48,4,,0,32,,1553219,48,4,,0,65,,1553220,48,4,,0,18,,1553221,48,4,,0
28200,'20261001',1614,,1553222,48,4,,0,30,,1553223,48,4,,0,79,,1553224,48,4,,0,32,,1553225,48,4,,0,65,,1553226,48,4,,0,18,,1553227,48,4,,0
28200,'20261002',1614,,1476359,48,4,,0,30,,1476357,48,4,,0,79,,1476355,48,4,,0,32,,1476354,48,4,,0,65,,1476358,48,4,,0,18,,1476356,48,4,,0
28200,'20261005',1614,,1499396,48,4,,0,30,,1499394,48,4,,0,79,,1499392,48,4,,0,32,,1499391,48,4,,0,65,,1499395,48,4,,0,18,,1499393,48,4,,0
28200,'20261006',1614,,1527590,48,4,,0,30,,1527588,48,4,,0,79,,1527586,48,4,,0,32,,1527585,48,4,,0,65,,1527589,48,4,,0,18,,1527587,48,4,,0
28200,'20261007',1614,,1527596,48,4,,0,30,,1527594,48,4,,0,79,,1527592,48,4,,0,32,,1527591,48,4,,0,65,,1527595,48,4,,0,18,,1527593,48,4,,0
28200,'20261008',1614,,1527602,48,4,,0,30,,1527600,48,4,,0,79,,1527598,48,4,,0,32,,1527597,48,4,,0,65,,1527601,48,4,,0,18,,1527599,48,4,,0
28200,'20261009',1614,,1527608,48,4,,0,30,,1527606,48,4,,0,79,,1527604,48,4,,0,32,,1527603,48,4,,0,65,,1527607,48,4,,0,18,,1527605,48,4,,0
37200,'20260929',1302,,1553687,66,4,,0,413,,1553688,66,4,,0,100,,1553689,66,4,,0,94,,1553690,66,4,,0
37200,'20260930',1302,,1553691,66,4,,0,413,,1553692,66,4,,0,100,,1553693,66,4,,0,94,,1553694,66,4,,0
37200,'20261001',1302,,1553695,66,4,,0,413,,1553696,66,4,,0,100,,1553697,66,4,,0,94,,1553698,66,4,,0
37200,'20261002',1302,,1476975,66,4,,0,413,,1476976,66,4,,0,100,,1476977,66,4,,0,94,,1476978,66,4,,0
37200,'20261005',1302,,1500018,66,4,,0,413,,1500019,66,4,,0,100,,1500020,66,4,,0,94,,1500021,66,4,,0
37200,'20261006',1302,,1528523,66,4,,0,413,,1528524,66,4,,0,100,,1528525,66,4,,0,94,,1528526,66,4,,0
37200,'20261007',1302,,1528527,66,4,,0,413,,1528528,66,4,,0,100,,1528529,66,4,,0,94,,1528530,66,4,,0
37200,'20261008',1302,,1528531,66,4,,0,413,,1528532,66,4,,0,100,,1528533,66,4,,0,94,,1528534,66,4,,0
37200,'20261009',1302,,1528535,66,4,,0,413,,1528536,66,4,,0,100,,1528537,66,4,,0,94,,1528538,66,4,,0
57200,'20260929',1635,,1554066,64,4,,0,84,,1554067,64,4,,0,36,,1554068,64,4,,0,63,,1554069,64,4,,0
57200,'20260930',1635,,1554070,64,4,,0,84,,1554071,64,4,,0,36,,1554072,64,4,,0,63,,1554073,64,4,,0
57200,'20261001',1635,,1554074,64,4,,0,84,,1554075,64,4,,0,36,,1554076,64,4,,0,63,,1554077,64,4,,0
57200,'20261002',1635,,1477546,64,4,,0,84,,1477543,64,4,,0,36,,1477544,64,4,,0,63,,1477545,64,4,,0
57200,'20261005',1635,,1500519,64,4,,0,84,,1500516,64,4,,0,36,,1500517,64,4,,0,63,,1500518,64,4,,0
57200,'20261006',1635,,1529275,64,4,,0,84,,1529272,64,4,,0,36,,1529273,64,4,,0,63,,1529274,64,4,,0
57200,'20261007',1635,,1529279,64,4,,0,84,,1529276,64,4,,0,36,,1529277,64,4,,0,63,,1529278,64,4,,0
57200,'20261008',1635,,1529283,64,4,,0,84,,1529280,64,4,,0,36,,1529281,64,4,,0,63,,1529282,64,4,,0
57200,'20261009',1635,,1529287,64,4,,0,84,,1529284,64,4,,0,36,,1529285,64,4,,0,63,,1529286,64,4,,0
