101,'20261002',547,,1562284,12,,,1,60,,1562285,12,,,1,20,,1562286,12,,,1,18,,1562287,12,,,1,13,,1562288,12,,,1,56,,1562289,12,,,1,16,,1562290,12,,,1,17,,1562291,12,,,1,53,,1562292,12,,,1,15,,1562293,12,,,1,15,,1562294,12,,,1,16,,1562295,12,,,1,55,,1562296,12,,,1,30,,1562297,12,,,1,28,,1562298,12,,,1,69,,1562299,12,,,1,30,,1562300,12,,,1,70,,1562301,12,,,1,30,,1562302,12,,,1,69,,1562303,12,,,1,30,,1562304,12,,,1,70,,1562305,12,,,1,30,,1562306,12,,,1,70,,1562307,12,,,1,29,,1562308,12,,,1,55,,1562309,12,,,1,13,,1562310,12,,,1,13,,1562311,12,,,1,15,,1562312,12,,,1,56,,1562313,12,,,1,16,,1562314,12,,,1,23,,1562315,12,,,1,70,,1562316,12,,,1,33,,1562317,12,,,1,73,,1562318,12,,,1,30,,1562319,12,,,1,70,,1562320,12,,,1,31,,1562321,12,,,1,100,,1562322,12,,,1,101,,1562323,12,,,1,100,,1562324,12,,,1,100,,1562325,12,,,1
101,'20261003',558,,1562327,12,,,1,99,,1562328,12,,,1,100,,1562329,12,,,1,100,,1562330,12,,,1,98,,1562331,12,,,1,99,,1562332,12,,,1,69,,1562333,12,,,1,31,,1562334,12,,,1,69,,1562335,12,,,1,31,,1562336,12,,,1,68,,1562337,12,,,1,30,,1562338,12,,,1,70,,1562339,12,,,1,30,,1562340,12,,,1,70,,1562341,12,,,1,29,,1562326,12,,,1,71,,1562342,12,,,1,30,,1562343,12,,,1,102,,1562344,12,,,1,102,,1562345,12,,,1,101,,1562346,12,,,1,100,,1562347,12,,,1,101,,1562348,12,,,1,100,,1562349,12,,,1,100,,1562350,12,,,1
101,'20261004',558,,1562351,12,,,1,99,,1562352,12,,,1,100,,1562353,12,,,1,100,,1562354,12,,,1,98,,1562355,12,,,1,99,,1562356,12,,,1,69,,1562357,12,,,1,31,,1562358,12,,,1,69,,1562359,12,,,1,31,,1562360,12,,,1,68,,1562361,12,,,1,30,,1562362,12,,,1,70,,1562363,12,,,1,30,,1562364,12,,,1,70,,1562365,12,,,1,29,,1562366,12,,,1,71,,1562367,12,,,1,30,,1562368,12,,,1,102,,1562369,12,,,1,102,,1562370,12,,,1,101,,1562371,12,,,1,100,,1562372,12,,,1,101,,1562373,12,,,1,100,,1562374,12,,,1,100,,1562375,12,,,1
101,'20261005',547,,1562376,12,,,1,60,,1562377,12,,,1,20,,1562378,12,,,1,18,,1562379,12,,,1,13,,1562380,12,,,1,56,,1562381,12,,,1,16,,1562382,12,,,1,17,,1562383,12,,,1,53,,1562384,12,,,1,15,,1562385,12,,,1,15,,1562386,12,,,1,16,,1562387,12,,,1,55,,1562388,12,,,1,30,,1562389,12,,,1,28,,1562390,12,,,1,69,,1562391,12,,,1,30,,1562392,12,,,1,70,,1562393,12,,,1,30,,1562394,12,,,1,69,,1562395,12,,,1,30,,1562396,12,,,1,70,,1562397,12,,,1,30,,1562398,12,,,1,70,,1562399,12,,,1,29,,1562400,12,,,1,55,,1562401,12,,,1,13,,1562402,12,,,1,13,,1562403,12,,,1,15,,1562404,12,,,1,56,,1562405,12,,,1,16,,1562406,12,,,1,23,,1562407,12,,,1,70,,1562408,12,,,1,33,,1562409,12,,,1,73,,1562410,12,,,1,30,,1562411,12,,,1,70,,1562412,12,,,1,31,,1562413,12,,,1,100,,1562414,12,,,1,101,,1562415,12,,,1,100,,1562416,12,,,1,100,,1562417,12,,,1
101,'20261006',547,,1509141,12,,,1,60,,1509142,12,,,1,20,,1509179,12,,,1,18,,1509143,12,,,1,13,,1509180,12,,,1,56,,1509144,12,,,1,16,,1509181,12,,,1,17,,1509145,12,,,1,53,,1509171,12,,,1,15,,1509146,12,,,1,15,,1509177,12,,,1,16,,1509147,12,,,1,55,,1509148,12,,,1,30,,1509149,12,,,1,28,,1509150,12,,,1,69,,1509151,12,,,1,30,,1509152,12,,,1,70,,1509153,12,,,1,30,,1509154,12,,,1,69,,1509155,12,,,1,30,,1509156,12,,,1,70,,1509157,12,,,1,30,,1509158,12,,,1,70,,1509159,12,,,1,29,,1509160,12,,,1,55,,1509161,12,,,1,13,,1509162,12,,,1,13,,1509182,12,,,1,15,,1509178,12,,,1,56,,1509163,12,,,1,16,,1509164,12,,,1,23,,1509176,12,,,1,70,,1509165,12,,,1,33,,1509166,12,,,1,73,,1509167,12,,,1,30,,1509168,12,,,1,70,,1509169,12,,,1,31,,1509170,12,,,1,100,,1509175,12,,,1,101,,1509172,12,,,1,100,,1509173,12,,,1,100,,1509174,12,,,1
101,'20261007',547,,1509183,12,,,1,60,,1509184,12,,,1,20,,1509221,12,,,1,18,,1509185,12,,,1,13,,1509222,12,,,1,56,,1509186,12,,,1,16,,1509223,12,,,1,17,,1509187,12,,,1,53,,1509213,12,,,1,15,,1509188,12,,,1,15,,1509219,12,,,1,16,,1509189,12,,,1,55,,1509190,12,,,1,30,,1509191,12,,,1,28,,1509192,12,,,1,69,,1509193,12,,,1,30,,1509194,12,,,1,70,,1509195,12,,,1,30,,1509196,12,,,1,69,,1509197,12,,,1,30,,1509198,12,,,1,70,,1509199,12,,,1,30,,1509200,12,,,1,70,,1509201,12,,,1,29,,1509202,12,,,1,55,,1509203,12,,,1,13,,1509204,12,,,1,13,,1509224,12,,,1,15,,1509220,12,,,1,56,,1509205,12,,,1,16,,1509206,12,,,1,23,,1509218,12,,,1,70,,1509207,12,,,1,33,,1509208,12,,,1,73,,1509209,12,,,1,30,,1509210,12,,,1,70,,1509211,12,,,1,31,,1509212,12,,,1,100,,1509217,12,,,1,101,,1509214,12,,,1,100,,1509215,12,,,1,100,,1509216,12,,,1
101,'20261008',547,,1509225,12,,,1,60,,1509226,12,,,1,20,,1509263,12,,,1,18,,1509227,12,,,1,13,,1509264,12,,,1,56,,1509228,12,,,1,16,,1509265,12,,,1,17,,1509229,12,,,1,53,,1509255,12,,,1,15,,1509230,12,,,1,15,,1509261,12,,,1,16,,1509231,12,,,1,55,,1509232,12,,,1,30,,1509233,12,,,1,28,,1509234,12,,,1,69,,1509235,12,,,1,30,,1509236,12,,,1,70,,1509237,12,,,1,30,,1509238,12,,,1,69,,1509239,12,,,1,30,,1509240,12,,,1,70,,1509241,12,,,1,30,,1509242,12,,,1,70,,1509243,12,,,1,29,,1509244,12,,,1,55,,1509245,12,,,1,13,,1509246,12,,,1,13,,1509266,12,,,1,15,,1509262,12,,,1,56,,1509247,12,,,1,16,,1509248,12,,,1,23,,1509260,12,,,1,70,,1509249,12,,,1,33,,1509250,12,,,1,73,,1509251,12,,,1,30,,1509252,12,,,1,70,,1509253,12,,,1,31,,1509254,12,,,1,100,,1509259,12,,,1,101,,1509256,12,,,1,100,,1509257,12,,,1,100,,1509258,12,,,1
101,'20261009',547,,1509267,12,,,1,60,,1509268,12,,,1,20,,1509305,12,,,1,18,,1509269,12,,,1,13,,1509306,12,,,1,56,,1509270,12,,,1,16,,1509307,12,,,1,17,,1509271,12,,,1,53,,1509297,12,,,1,15,,1509272,12,,,1,15,,1509303,12,,,1,16,,1509273,12,,,1,55,,1509274,12,,,1,30,,1509275,12,,,1,28,,1509276,12,,,1,69,,1509277,12,,,1,30,,1509278,12,,,1,70,,1509279,12,,,1,30,,1509280,12,,,1,69,,1509281,12,,,1,30,,1509282,12,,,1,70,,1509283,12,,,1,30,,1509284,12,,,1,70,,1509285,12,,,1,29,,1509286,12,,,1,55,,1509287,12,,,1,13,,1509288,12,,,1,13,,1509308,12,,,1,15,,1509304,12,,,1,56,,1509289,12,,,1,16,,1509290,12,,,1,23,,1509302,12,,,1,70,,1509291,12,,,1,33,,1509292,12,,,1,73,,1509293,12,,,1,30,,1509294,12,,,1,70,,1509295,12,,,1,31,,1509296,12,,,1,100,,1509301,12,,,1,101,,1509298,12,,,1,100,,1509299,12,,,1,100,,1509300,12,,,1
101,'20261010',558,,1540784,12,,,1,99,,1540761,12,,,1,100,,1540762,12,,,1,100,,1540763,12,,,1,98,,1540764,12,,,1,99,,1540765,12,,,1,69,,1540783,12,,,1,31,,1540766,12,,,1,69,,1540767,12,,,1,31,,1540768,12,,,1,68,,1540769,12,,,1,30,,1540770,12,,,1,70,,1540771,12,,,1,30,,1540772,12,,,1,70,,1540773,12,,,1,29,,1540774,12,,,1,71,,1540775,12,,,1,30,,1540776,12,,,1,102,,1540777,12,,,1,102,,1540778,12,,,1,101,,1540779,12,,,1,100,,1540780,12,,,1,101,,1540781,12,,,1,100,,1540782,12,,,1,100,,1540785,12,,,1
101,'20261011',558,,1540809,12,,,1,99,,1540786,12,,,1,100,,1540787,12,,,1,100,,1540788,12,,,1,98,,1540789,12,,,1,99,,1540790,12,,,1,69,,1540808,12,,,1,31,,1540791,12,,,1,69,,1540792,12,,,1,31,,1540793,12,,,1,68,,1540794,12,,,1,30,,1540795,12,,,1,70,,1540796,12,,,1,30,,1540797,12,,,1,70,,1540798,12,,,1,29,,1540799,12,,,1,71,,1540800,12,,,1,30,,1540801,12,,,1,102,,1540802,12,,,1,102,,1540803,12,,,1,101,,1540804,12,,,1,100,,1540805,12,,,1,101,,1540806,12,,,1,100,,1540807,12,,,1,100,,1540810,12,,,1
101,'20261012',558,,1540834,12,,,1,99,,1540811,12,,,1,100,,1540812,12,,,1,100,,1540813,12,,,1,98,,1540814,12,,,1,99,,1540815,12,,,1,69,,1540833,12,,,1,31,,1540816,12,,,1,69,,1540817,12,,,1,31,,1540818,12,,,1,68,,1540819,12,,,1,30,,1540820,12,,,1,70,,1540821,12,,,1,30,,1540822,12,,,1,70,,1540823,12,,,1,29,,1540824,12,,,1,71,,1540825,12,,,1,30,,1540826,12,,,1,102,,1540827,12,,,1,102,,1540828,12,,,1,101,,1540829,12,,,1,100,,1540830,12,,,1,101,,1540831,12,,,1,100,,1540832,12,,,1,100,,1540835,12,,,1
101,'20261013',547,,1562418,12,,,1,60,,1562419,12,,,1,20,,1562456,12,,,1,18,,1562420,12,,,1,13,,1562457,12,,,1,56,,1562421,12,,,1,16,,1562458,12,,,1,17,,1562422,12,,,1,53,,1562448,12,,,1,15,,1562423,12,,,1,15,,1562454,12,,,1,16,,1562424,12,,,1,55,,1562425,12,,,1,30,,1562426,12,,,1,28,,1562427,12,,,1,69,,1562428,12,,,1,30,,1562429,12,,,1,70,,1562430,12,,,1,30,,1562431,12,,,1,69,,1562432,12,,,1,30,,1562433,12,,,1,70,,1562434,12,,,1,30,,1562435,12,,,1,70,,1562436,12,,,1,29,,1562437,12,,,1,55,,1562438,12,,,1,13,,1562439,12,,,1,13,,1562459,12,,,1,15,,1562455,12,,,1,56,,1562440,12,,,1,16,,1562441,12,,,1,23,,1562453,12,,,1,70,,1562442,12,,,1,33,,1562443,12,,,1,73,,1562444,12,,,1,30,,1562445,12,,,1,70,,1562446,12,,,1,31,,1562447,12,,,1,100,,1562452,12,,,1,101,,1562449,12,,,1,100,,1562450,12,,,1,100,,1562451,12,,,1
101,'20261014',547,,1562460,12,,,1,60,,1562461,12,,,1,20,,1562498,12,,,1,18,,1562462,12,,,1,13,,1562499,12,,,1,56,,1562463,12,,,1,16,,1562500,12,,,1,17,,1562464,12,,,1,53,,1562490,12,,,1,15,,1562465,12,,,1,15,,1562496,12,,,1,16,,1562466,12,,,1,55,,1562467,12,,,1,30,,1562468,12,,,1,28,,1562469,12,,,1,69,,1562470,12,,,1,30,,1562471,12,,,1,70,,1562472,12,,,1,30,,1562473,12,,,1,69,,1562474,12,,,1,30,,1562475,12,,,1,70,,1562476,12,,,1,30,,1562477,12,,,1,70,,1562478,12,,,1,29,,1562479,12,,,1,55,,1562480,12,,,1,13,,1562481,12,,,1,13,,1562501,12,,,1,15,,1562497,12,,,1,56,,1562482,12,,,1,16,,1562483,12,,,1,23,,1562495,12,,,1,70,,1562484,12,,,1,33,,1562485,12,,,1,73,,1562486,12,,,1,30,,1562487,12,,,1,70,,1562488,12,,,1,31,,1562489,12,,,1,100,,1562494,12,,,1,101,,1562491,12,,,1,100,,1562492,12,,,1,100,,1562493,12,,,1
101,'20261015',547,,1562502,12,,,1,60,,1562503,12,,,1,20,,1562540,12,,,1,18,,1562504,12,,,1,13,,1562541,12,,,1,56,,1562505,12,,,1,16,,1562542,12,,,1,17,,1562506,12,,,1,53,,1562532,12,,,1,15,,1562507,12,,,1,15,,1562538,12,,,1,16,,1562508,12,,,1,55,,1562509,12,,,1,30,,1562510,12,,,1,28,,1562511,12,,,1,69,,1562512,12,,,1,30,,1562513,12,,,1,70,,1562514,12,,,1,30,,1562515,12,,,1,69,,1562516,12,,,1,30,,1562517,12,,,1,70,,1562518,12,,,1,30,,1562519,12,,,1,70,,1562520,12,,,1,29,,1562521,12,,,1,55,,1562522,12,,,1,13,,1562523,12,,,1,13,,1562543,12,,,1,15,,1562539,12,,,1,56,,1562524,12,,,1,16,,1562525,12,,,1,23,,1562537,12,,,1,70,,1562526,12,,,1,33,,1562527,12,,,1,73,,1562528,12,,,1,30,,1562529,12,,,1,70,,1562530,12,,,1,31,,1562531,12,,,1,100,,1562536,12,,,1,101,,1562533,12,,,1,100,,1562534,12,,,1,100,,1562535,12,,,1
101,'20261016',547,,1562544,12,,,1,60,,1562545,12,,,1,20,,1562582,12,,,1,18,,1562546,12,,,1,13,,1562583,12,,,1,56,,1562547,12,,,1,16,,1562584,12,,,1,17,,1562548,12,,,1,53,,1562574,12,,,1,15,,1562549,12,,,1,15,,1562580,12,,,1,16,,1562550,12,,,1,55,,1562551,12,,,1,30,,1562552,12,,,1,28,,1562553,12,,,1,69,,1562554,12,,,1,30,,1562555,12,,,1,70,,1562556,12,,,1,30,,1562557,12,,,1,69,,1562558,12,,,1,30,,1562559,12,,,1,70,,1562560,12,,,1,30,,1562561,12,,,1,70,,1562562,12,,,1,29,,1562563,12,,,1,55,,1562564,12,,,1,13,,1562565,12,,,1,13,,1562585,12,,,1,15,,1562581,12,,,1,56,,1562566,12,,,1,16,,1562567,12,,,1,23,,1562579,12,,,1,70,,1562568,12,,,1,33,,1562569,12,,,1,73,,1562570,12,,,1,30,,1562571,12,,,1,70,,1562572,12,,,1,31,,1562573,12,,,1,100,,1562578,12,,,1,101,,1562575,12,,,1,100,,1562576,12,,,1,100,,1562577,12,,,1
1900,'20261002',617,,1566746,16,,,0,104,,1566747,16,,,0,31,,1566748,16,,,0,67,,1566745,16,,,0,31,,1566749,16,,,0,100,,1566750,16,,,0,100,,1566751,16,,,0,100,,1566752,16,,,0,99,,1566753,16,,,0,100,,1566754,16,,,0,98,,1566755,16,,,0,70,,1566756,16,,,0,26,,1566757,16,,,0,70,,1566744,16,,,0,29,,1566743,16,,,0,74,,1566759,16,,,0,31,,1566760,16,,,0,71,,1566761,16,,,0,32,,1566762,16,,,0,100,,1566763,16,,,0,101,,1566764,16,,,0,100,,1566765,16,,,0,100,,1566766,16,,,0,100,,1566767,16,,,0
1900,'20261003',646,,1566768,16,,,0,100,,1566769,16,,,0,99,,1566770,16,,,0,99,,1566771,16,,,0,101,,1566772,16,,,0,100,,1566773,16,,,0,98,,1566774,16,,,0,99,,1566775,16,,,0,101,,1566776,16,,,0,100,,1566777,16,,,0,100,,1566778,16,,,0,101,,1566779,16,,,0,100,,1566780,16,,,0,101,,1566781,16,,,0,100,,1566782,16,,,0,100,,1566783,16,,,0,100,,1566784,16,,,0,101,,1566785,16,,,0
1900,'20261004',646,,1566786,16,,,0,100,,1566787,16,,,0,99,,1566788,16,,,0,99,,1566789,16,,,0,101,,1566790,16,,,0,100,,1566791,16,,,0,98,,1566792,16,,,0,99,,1566793,16,,,0,101,,1566794,16,,,0,100,,1566795,16,,,0,100,,1566796,16,,,0,101,,1566797,16,,,0,100,,1566798,16,,,0,101,,1566799,16,,,0,100,,1566800,16,,,0,100,,1566801,16,,,0,100,,1566802,16,,,0,101,,1566803,16,,,0
1900,'20261005',617,,1566807,16,,,0,104,,1566808,16,,,0,31,,1566809,16,,,0,67,,1566806,16,,,0,31,,1566810,16,,,0,100,,1566811,16,,,0,100,,1566812,16,,,0,100,,1566813,16,,,0,99,,1566814,16,,,0,100,,1566815,16,,,0,98,,1566816,16,,,0,70,,1566817,16,,,0,26,,1566818,16,,,0,70,,1566805,16,,,0,29,,1566804,16,,,0,74,,1566820,16,,,0,31,,1566821,16,,,0,71,,1566822,16,,,0,32,,1566823,16,,,0,100,,1566824,16,,,0,101,,1566825,16,,,0,100,,1566826,16,,,0,100,,1566827,16,,,0,100,,1566828,16,,,0
1900,'20261006',617,,1513552,16,,,0,104,,1513553,16,,,0,31,,1513554,16,,,0,67,,1513555,16,,,0,31,,1513556,16,,,0,100,,1513557,16,,,0,100,,1513558,16,,,0,100,,1513559,16,,,0,99,,1513560,16,,,0,100,,1513561,16,,,0,98,,1513562,16,,,0,70,,1513563,16,,,0,26,,1513564,16,,,0,70,,1513565,16,,,0,29,,1513566,16,,,0,74,,1513567,16,,,0,31,,1513568,16,,,0,71,,1513569,16,,,0,32,,1513570,16,,,0,100,,1513571,16,,,0,101,,1513572,16,,,0,100,,1513573,16,,,0,100,,1513574,16,,,0,100,,1513575,16,,,0
1900,'20261007',617,,1513576,16,,,0,104,,1513577,16,,,0,31,,1513578,16,,,0,67,,1513579,16,,,0,31,,1513580,16,,,0,100,,1513581,16,,,0,100,,1513582,16,,,0,100,,1513583,16,,,0,99,,1513584,16,,,0,100,,1513585,16,,,0,98,,1513586,16,,,0,70,,1513587,16,,,0,26,,1513588,16,,,0,70,,1513589,16,,,0,29,,1513590,16,,,0,74,,1513591,16,,,0,31,,1513592,16,,,0,71,,1513593,16,,,0,32,,1513594,16,,,0,100,,1513595,16,,,0,101,,1513596,16,,,0,100,,1513597,16,,,0,100,,1513598,16,,,0,100,,1513599,16,,,0
1900,'20261008',617,,1513600,16,,,0,104,,1513601,16,,,0,31,,1513602,16,,,0,67,,1513603,16,,,0,31,,1513604,16,,,0,100,,1513605,16,,,0,100,,1513606,16,,,0,100,,1513607,16,,,0,99,,1513608,16,,,0,100,,1513609,16,,,0,98,,1513610,16,,,0,70,,1513611,16,,,0,26,,1513612,16,,,0,70,,1513613,16,,,0,29,,1513614,16,,,0,74,,1513615,16,,,0,31,,1513616,16,,,0,71,,1513617,16,,,0,32,,1513618,16,,,0,100,,1513619,16,,,0,101,,1513620,16,,,0,100,,1513621,16,,,0,100,,1513622,16,,,0,100,,1513623,16,,,0
1900,'20261009',617,,1513624,16,,,0,104,,1513625,16,,,0,31,,1513626,16,,,0,67,,1513627,16,,,0,31,,1513628,16,,,0,100,,1513629,16,,,0,100,,1513630,16,,,0,100,,1513631,16,,,0,99,,1513632,16,,,0,100,,1513633,16,,,0,98,,1513634,16,,,0,70,,1513635,16,,,0,26,,1513636,16,,,0,70,,1513637,16,,,0,29,,1513638,16,,,0,74,,1513639,16,,,0,31,,1513640,16,,,0,71,,1513641,16,,,0,32,,1513642,16,,,0,100,,1513643,16,,,0,101,,1513644,16,,,0,100,,1513645,16,,,0,100,,1513646,16,,,0,100,,1513647,16,,,0
1900,'20261010',646,,1543698,16,,,0,100,,1543699,16,,,0,99,,1543700,16,,,0,99,,1543701,16,,,0,101,,1543702,16,,,0,100,,1543703,16,,,0,98,,1543704,16,,,0,99,,1543705,16,,,0,101,,1543706,16,,,0,100,,1543707,16,,,0,100,,1543708,16,,,0,101,,1543709,16,,,0,100,,1543710,16,,,0,101,,1543711,16,,,0,100,,1543712,16,,,0,100,,1543713,16,,,0,100,,1543714,16,,,0,101,,1543715,16,,,0
1900,'20261011',646,,1543716,16,,,0,100,,1543717,16,,,0,99,,1543718,16,,,0,99,,1543719,16,,,0,101,,1543720,16,,,0,100,,1543721,16,,,0,98,,1543722,16,,,0,99,,1543723,16,,,0,101,,1543724,16,,,0,100,,1543725,16,,,0,100,,1543726,16,,,0,101,,1543727,16,,,0,100,,1543728,16,,,0,101,,1543729,16,,,0,100,,1543730,16,,,0,100,,1543731,16,,,0,100,,1543733,16,,,0,101,,1543732,16,,,0
1900,'20261012',646,,1543734,16,,,0,100,,1543735,16,,,0,99,,1543736,16,,,0,99,,1543737,16,,,0,101,,1543738,16,,,0,100,,1543739,16,,,0,98,,1543740,16,,,0,99,,1543741,16,,,0,101,,1543742,16,,,0,100,,1543743,16,,,0,100,,1543744,16,,,0,101,,1543745,16,,,0,100,,1543746,16,,,0,101,,1543747,16,,,0,100,,1543748,16,,,0,100,,1543749,16,,,0,100,,1543751,16,,,0,101,,1543750,16,,,0
1900,'20261013',617,,1566829,16,,,0,104,,1566830,16,,,0,31,,1566831,16,,,0,67,,1566832,16,,,0,31,,1566833,16,,,0,100,,1566834,16,,,0,100,,1566835,16,,,0,100,,1566836,16,,,0,99,,1566837,16,,,0,100,,1566838,16,,,0,98,,1566839,16,,,0,70,,1566840,16,,,0,26,,1566841,16,,,0,70,,1566842,16,,,0,29,,1566843,16,,,0,74,,1566844,16,,,0,31,,1566845,16,,,0,71,,1566846,16,,,0,32,,1566847,16,,,0,100,,1566848,16,,,0,101,,1566849,16,,,0,100,,1566850,16,,,0,100,,1566851,16,,,0,100,,1566852,16,,,0
1900,'20261014',617,,1566853,16,,,0,104,,1566854,16,,,0,31,,1566855,16,,,0,67,,1566856,16,,,0,31,,1566857,16,,,0,100,,1566858,16,,,0,100,,1566859,16,,,0,100,,1566860,16,,,0,99,,1566861,16,,,0,100,,1566862,16,,,0,98,,1566863,16,,,0,70,,1566864,16,,,0,26,,1566865,16,,,0,70,,1566866,16,,,0,29,,1566867,16,,,0,74,,1566868,16,,,0,31,,1566869,16,,,0,71,,1566870,16,,,0,32,,1566871,16,,,0,100,,1566872,16,,,0,101,,1566873,16,,,0,100,,1566874,16,,,0,100,,1566875,16,,,0,100,,1566876,16,,,0
1900,'20261015',617,,1566877,16,,,0,104,,1566878,16,,,0,31,,1566879,16,,,0,67,,1566880,16,,,0,31,,1566881,16,,,0,100,,1566882,16,,,0,100,,1566883,16,,,0,100,,1566884,16,,,0,99,,1566885,16,,,0,100,,1566886,16,,,0,98,,1566887,16,,,0,70,,1566888,16,,,0,26,,1566889,16,,,0,70,,1566890,16,,,0,29,,1566891,16,,,0,74,,1566892,16,,,0,31,,1566893,16,,,0,71,,1566894,16,,,0,32,,1566895,16,,,0,100,,1566896,16,,,0,101,,1566897,16,,,0,100,,1566898,16,,,0,100,,1566899,16,,,0,100,,1566900,16,,,0
1900,'20261016',617,,1566901,16,,,0,104,,1566902,16,,,0,31,,1566903,16,,,0,67,,1566904,16,,,0,31,,1566905,16,,,0,100,,1566906,16,,,0,100,,1566907,16,,,0,100,,1566908,16,,,0,99,,1566909,16,,,0,100,,1566910,16,,,0,98,,1566911,16,,,0,70,,1566912,16,,,0,26,,1566913,16,,,0,70,,1566914,16,,,0,29,,1566915,16,,,0,74,,1566916,16,,,0,31,,1566917,16,,,0,71,,1566918,16,,,0,32,,1566919,16,,,0,100,,1566920,16,,,0,101,,1566921,16,,,0,100,,1566922,16,,,0,100,,1566923,16,,,0,100,,1566924,16,,,0
