1303,'20261006',708,,1597452,41,,,0,106,,1597453,41,,,0,28,,1597474,39,,,0,2,,1597454,41,,,0,97,,1597455,41,,,0,100,,1597456,41,,,0,100,,1597457,41,,,0,102,,1597458,41,,,0,98,,1597459,41,,,0,100,,1597460,41,,,0,101,,1597461,41,,,0,73,,1597462,41,,,0,30,,1597463,41,,,0,71,,1597464,41,,,0,35,,1597465,41,,,0,64,,1597466,41,,,0,30,,1597467,41,,,0,65,,1597468,41,,,0,28,,1597469,41,,,0,99,,1597470,41,,,0,100,,1597471,41,,,0,101,,1597472,41,,,0,98,,1597473,41,,,0
1303,'20261007',708,,1597475,41,,,0,106,,1597476,41,,,0,28,,1597497,39,,,0,2,,1597477,41,,,0,97,,1597478,41,,,0,100,,1597479,41,,,0,100,,1597480,41,,,0,102,,1597481,41,,,0,98,,1597482,41,,,0,100,,1597483,41,,,0,101,,1597484,41,,,0,73,,1597485,41,,,0,30,,1597486,41,,,0,71,,1597487,41,,,0,35,,1597488,41,,,0,64,,1597489,41,,,0,30,,1597490,41,,,0,65,,1597491,41,,,0,28,,1597492,41,,,0,99,,1597493,41,,,0,100,,1597494,41,,,0,101,,1597495,41,,,0,98,,1597496,41,,,0
1303,'20261008',708,,1597498,41,,,0,106,,1597499,41,,,0,28,,1597520,39,,,0,2,,1597500,41,,,0,97,,1597501,41,,,0,100,,1597502,41,,,0,100,,1597503,41,,,0,102,,1597504,41,,,0,98,,1597505,41,,,0,100,,1597506,41,,,0,101,,1597507,41,,,0,73,,1597508,41,,,0,30,,1597509,41,,,0,71,,1597510,41,,,0,35,,1597511,41,,,0,64,,1597512,41,,,0,30,,1597513,41,,,0,65,,1597514,41,,,0,28,,1597515,41,,,0,99,,1597516,41,,,0,100,,1597517,41,,,0,101,,1597518,41,,,0,98,,1597519,41,,,0
1303,'20261009',708,,1597521,41,,,0,106,,1597522,41,,,0,28,,1597543,39,,,0,2,,1597523,41,,,0,97,,1597524,41,,,0,100,,1597525,41,,,0,100,,1597526,41,,,0,102,,1597527,41,,,0,98,,1597528,41,,,0,100,,1597529,41,,,0,101,,1597530,41,,,0,73,,1597531,41,,,0,30,,1597532,41,,,0,71,,1597533,41,,,0,35,,1597534,41,,,0,64,,1597535,41,,,0,30,,1597536,41,,,0,65,,1597537,41,,,0,28,,1597538,41,,,0,99,,1597539,41,,,0,100,,1597540,41,,,0,101,,1597541,41,,,0,98,,1597542,41,,,0
1303,'20261010',819,,1543075,41,,,0,102,,1543076,41,,,0,102,,1543077,41,,,0,102,,1543078,41,,,0,102,,1543079,41,,,0,102,,1543080,41,,,0,102,,1543081,41,,,0,104,,1543082,41,,,0,97,,1543083,41,,,0,100,,1543084,41,,,0,97,,1543085,41,,,0,98,,1543086,41,,,0,98,,1543087,41,,,0,98,,1543088,41,,,0,98,,1543089,41,,,0,98,,1543074,41,,,0
1303,'20261011',819,,1543090,41,,,0,102,,1543091,41,,,0,102,,1543092,41,,,0,102,,1543093,41,,,0,102,,1543094,41,,,0,102,,1543095,41,,,0,102,,1543096,41,,,0,104,,1543097,41,,,0,97,,1543098,41,,,0,100,,1543099,41,,,0,97,,1543100,41,,,0,98,,1543101,41,,,0,98,,1543102,41,,,0,98,,1543103,41,,,0,98,,1543104,41,,,0,98,,1543105,41,,,0
1303,'20261012',819,,1543106,41,,,0,102,,1543107,41,,,0,102,,1543108,41,,,0,102,,1543109,41,,,0,102,,1543110,41,,,0,102,,1543111,41,,,0,102,,1543112,41,,,0,104,,1543113,41,,,0,97,,1543114,41,,,0,100,,1543115,41,,,0,97,,1543116,41,,,0,98,,1543117,41,,,0,98,,1543118,41,,,0,98,,1543119,41,,,0,98,,1543120,41,,,0,98,,1543121,41,,,0
1303,'20261013',708,,1565817,41,,,0,106,,1565818,41,,,0,28,,1565839,39,,,0,2,,1565819,41,,,0,97,,1565820,41,,,0,100,,1565821,41,,,0,100,,1565822,41,,,0,102,,1565823,41,,,0,98,,1565824,41,,,0,100,,1565825,41,,,0,101,,1565826,41,,,0,73,,1565835,41,,,0,30,,1565827,41,,,0,71,,1565836,41,,,0,35,,1565828,41,,,0,64,,1565837,41,,,0,30,,1565829,41,,,0,65,,1565838,41,,,0,28,,1565830,41,,,0,99,,1565831,41,,,0,100,,1565832,41,,,0,101,,1565833,41,,,0,98,,1565834,41,,,0
1303,'20261014',708,,1565840,41,,,0,106,,1565841,41,,,0,28,,1565862,39,,,0,2,,1565842,41,,,0,97,,1565843,41,,,0,100,,1565844,41,,,0,100,,1565845,41,,,0,102,,1565846,41,,,0,98,,1565847,41,,,0,100,,1565848,41,,,0,101,,1565849,41,,,0,73,,1565858,41,,,0,30,,1565850,41,,,0,71,,1565859,41,,,0,35,,1565851,41,,,0,64,,1565860,41,,,0,30,,1565852,41,,,0,65,,1565861,41,,,0,28,,1565853,41,,,0,99,,1565854,41,,,0,100,,1565855,41,,,0,101,,1565856,41,,,0,98,,1565857,41,,,0
1303,'20261015',708,,1565863,41,,,0,106,,1565864,41,,,0,28,,1565885,39,,,0,2,,1565865,41,,,0,97,,1565866,41,,,0,100,,1565867,41,,,0,100,,1565868,41,,,0,102,,1565869,41,,,0,98,,1565870,41,,,0,100,,1565871,41,,,0,101,,1565872,41,,,0,73,,1565881,41,,,0,30,,1565873,41,,,0,71,,1565882,41,,,0,35,,1565874,41,,,0,64,,1565883,41,,,0,30,,1565875,41,,,0,65,,1565884,41,,,0,28,,1565876,41,,,0,99,,1565877,41,,,0,100,,1565878,41,,,0,101,,1565879,41,,,0,98,,1565880,41,,,0
1303,'20261016',708,,1565886,41,,,0,106,,1565887,41,,,0,28,,1565908,39,,,0,2,,1565888,41,,,0,97,,1565889,41,,,0,100,,1565890,41,,,0,100,,1565891,41,,,0,102,,1565892,41,,,0,98,,1565893,41,,,0,100,,1565894,41,,,0,101,,1565895,41,,,0,73,,1565904,41,,,0,30,,1565896,41,,,0,71,,1565905,41,,,0,35,,1565897,41,,,0,64,,1565906,41,,,0,30,,1565898,41,,,0,65,,1565907,41,,,0,28,,1565899,41,,,0,99,,1565900,41,,,0,100,,1565901,41,,,0,101,,1565902,41,,,0,98,,1565903,41,,,0
1303,'20261017',819,,1597545,41,,,0,102,,1597546,41,,,0,102,,1597547,41,,,0,102,,1597548,41,,,0,102,,1597549,41,,,0,102,,1597550,41,,,0,102,,1597551,41,,,0,104,,1597552,41,,,0,97,,1597553,41,,,0,100,,1597554,41,,,0,97,,1597555,41,,,0,98,,1597556,41,,,0,98,,1597557,41,,,0,98,,1597558,41,,,0,98,,1597559,41,,,0,98,,1597544,41,,,0
1303,'20261018',819,,1597560,41,,,0,102,,1597561,41,,,0,102,,1597562,41,,,0,102,,1597563,41,,,0,102,,1597564,41,,,0,102,,1597565,41,,,0,102,,1597566,41,,,0,104,,1597567,41,,,0,97,,1597568,41,,,0,100,,1597569,41,,,0,97,,1597570,41,,,0,98,,1597571,41,,,0,98,,1597572,41,,,0,98,,1597573,41,,,0,98,,1597574,41,,,0,98,,1597575,41,,,0
1303,'20261019',708,,1597576,41,,,0,106,,1597577,41,,,0,28,,1597598,39,,,0,2,,1597578,41,,,0,97,,1597579,41,,,0,100,,1597580,41,,,0,100,,1597581,41,,,0,102,,1597582,41,,,0,98,,1597583,41,,,0,100,,1597584,41,,,0,101,,1597585,41,,,0,73,,1597594,41,,,0,30,,1597586,41,,,0,71,,1597595,41,,,0,35,,1597587,41,,,0,64,,1597596,41,,,0,30,,1597588,41,,,0,65,,1597597,41,,,0,28,,1597589,41,,,0,99,,1597590,41,,,0,100,,1597591,41,,,0,101,,1597592,41,,,0,98,,1597593,41,,,0
1303,'20261020',708,,1597599,41,,,0,106,,1597600,41,,,0,28,,1597621,39,,,0,2,,1597601,41,,,0,97,,1597602,41,,,0,100,,1597603,41,,,0,100,,1597604,41,,,0,102,,1597605,41,,,0,98,,1597606,41,,,0,100,,1597607,41,,,0,101,,1597608,41,,,0,73,,1597617,41,,,0,30,,1597609,41,,,0,71,,1597618,41,,,0,35,,1597610,41,,,0,64,,1597619,41,,,0,30,,1597611,41,,,0,65,,1597620,41,,,0,28,,1597612,41,,,0,99,,1597613,41,,,0,100,,1597614,41,,,0,101,,1597615,41,,,0,98,,1597616,41,,,0
63001,'20261006',732,,1614604,12,,,0,71,,1614605,12,,,0,30,,1614606,12,,,0
63001,'20261007',732,,1614611,12,,,0,71,,1614612,12,,,0,30,,1614613,12,,,0
63001,'20261008',732,,1614618,12,,,0,71,,1614619,12,,,0,30,,1614620,12,,,0
63001,'20261009',732,,1614625,12,,,0,71,,1614626,12,,,0,30,,1614627,12,,,0
63001,'20261013',732,,1582860,12,,,0,71,,1582861,12,,,0,30,,1582862,12,,,0
63001,'20261014',732,,1582867,12,,,0,71,,1582868,12,,,0,30,,1582869,12,,,0
63001,'20261015',732,,1582874,12,,,0,71,,1582875,12,,,0,30,,1582876,12,,,0
63001,'20261016',732,,1582881,12,,,0,71,,1582882,12,,,0,30,,1582883,12,,,0
63001,'20261019',732,,1614632,12,,,0,71,,1614633,12,,,0,30,,1614634,12,,,0
63001,'20261020',732,,1614639,12,,,0,71,,1614640,12,,,0,30,,1614641,12,,,0
65001,'20261006',734,,1614664,10,,,0,72,,1614665,10,,,0,30,,1614666,10,,,0
65001,'20261007',734,,1614667,10,,,0,72,,1614668,10,,,0,30,,1614669,10,,,0
65001,'20261008',734,,1614670,10,,,0,72,,1614671,10,,,0,30,,1614672,10,,,0
65001,'20261009',734,,1614673,10,,,0,72,,1614674,10,,,0,30,,1614675,10,,,0
65001,'20261013',734,,1582912,10,,,0,72,,1582913,10,,,0,30,,1582914,10,,,0
65001,'20261014',734,,1582915,10,,,0,72,,1582916,10,,,0,30,,1582917,10,,,0
65001,'20261015',734,,1582918,10,,,0,72,,1582919,10,,,0,30,,1582920,10,,,0
65001,'20261016',734,,1582921,10,,,0,72,,1582922,10,,,0,30,,1582923,10,,,0
65001,'20261019',734,,1614676,10,,,0,72,,1614677,10,,,0,30,,1614678,10,,,0
65001,'20261020',734,,1614679,10,,,0,72,,1614680,10,,,0,30,,1614681,10,,,0
80703,'20261006',546,,1624580,31,,,1,55,,1624581,31,,,1,17,,1624582,31,,,1,18,,1624583,31,,,1,19,,1624584,31,,,1,56,,1624585,31,,,1,18,,1624586,31,,,1,11,,1624587,31,,,1,13,,1624588,31,,,1,49,,1624589,31,,,1,6,,1624590,31,,,1,5,,1624591,31,,,1,5,,1624592,31,,,1,6,,1624593,31,,,1,8,,1624594,31,,,1,10,,1624595,31,,,1,10,,1624596,31,,,1,50,,1624597,31,,,1,8,,1624598,31,,,1,8,,1624599,31,,,1,7,,1624600,31,,,1,9,,1624601,31,,,1,15,,1624602,31,,,1,54,,1624603,31,,,1,15,,1624604,31,,,1,14,,1624605,31,,,1,14,,1624606,31,,,1,55,,1624607,31,,,1,15,,1624608,31,,,1,15,,1624609,31,,,1,15,,1624610,31,,,1,56,,1624611,31,,,1,16,,1624612,31,,,1,15,,1624613,31,,,1,13,,1624614,31,,,1,12,,1624615,31,,,1,53,,1624616,31,,,1,11,,1624617,31,,,1,11,,1624618,31,,,1,13,,1624619,31,,,1,12,,1624620,31,,,1,52,,1624621,31,,,1,12,,1624622,31,,,1,12,,1624623,31,,,1,12,,1624624,31,,,1,12,,1624625,31,,,1,54,,1624626,31,,,1,15,,1624627,31,,,1,14,,1624628,31,,,1,8,,1624629,31,,,1,8,,1624630,31,,,1,50,,1624631,31,,,1,12,,1624632,31,,,1,10,,1624633,31,,,1,11,,1624634,31,,,1,11,,1624635,31,,,1,51,,1624636,31,,,1,10,,1624637,31,,,1,9,,1624638,31,,,1,10,,1624639,31,,,1,9,,1624640,31,,,1,8,,1624641,31,,,1,8,,1624642,31,,,1,49,,1624643,31,,,1,8,,1624644,31,,,1,9,,1624645,31,,,1,15,,1624646,31,,,1,12,,1624647,31,,,1,51,,1624648,31,,,1,13,,1624649,31,,,1,15,,1624650,31,,,1,15,,1624651,31,,,1,14,,1624652,31,,,1,55,,1624653,31,,,1,15,,1624654,31,,,1,15,,1624655,31,,,1,14,,1624656,31,,,1,55,,1624657,31,,,1,15,,1624658,31,,,1,15,,1624659,31,,,1,15,,1624660,31,,,1,55,,1624661,31,,,1,15,,1624662,31,,,1,15,,1624663,31,,,1,13,,1624664,31,,,1,53,,1624665,31,,,1,15,,1624666,31,,,1,13,,1624667,31,,,1,13,,1624668,31,,,1,55,,1624669,31,,,1,15,,1624670,31,,,1,14,,1624671,31,,,1,14,,1624672,31,,,1,13,,1624673,31,,,1,55,,1624674,31,,,1
80703,'20261007',546,,1624675,31,,,1,55,,1624676,31,,,1,17,,1624677,31,,,1,18,,1624678,31,,,1,19,,1624679,31,,,1,56,,1624680,31,,,1,18,,1624681,31,,,1,11,,1624682,31,,,1,13,,1624683,31,,,1,49,,1624684,31,,,1,6,,1624685,31,,,1,5,,1624686,31,,,1,5,,1624687,31,,,1,6,,1624688,31,,,1,8,,1624689,31,,,1,10,,1624690,31,,,1,10,,1624691,31,,,1,50,,1624692,31,,,1,8,,1624693,31,,,1,8,,1624694,31,,,1,7,,1624695,31,,,1,9,,1624696,31,,,1,15,,1624697,31,,,1,54,,1624698,31,,,1,15,,1624699,31,,,1,14,,1624700,31,,,1,14,,1624701,31,,,1,55,,1624702,31,,,1,15,,1624703,31,,,1,15,,1624704,31,,,1,15,,1624705,31,,,1,56,,1624706,31,,,1,16,,1624707,31,,,1,15,,1624708,31,,,1,13,,1624709,31,,,1,12,,1624710,31,,,1,53,,1624711,31,,,1,11,,1624712,31,,,1,11,,1624713,31,,,1,13,,1624714,31,,,1,12,,1624715,31,,,1,52,,1624716,31,,,1,12,,1624717,31,,,1,12,,1624718,31,,,1,12,,1624719,31,,,1,12,,1624720,31,,,1,54,,1624721,31,,,1,15,,1624722,31,,,1,14,,1624723,31,,,1,8,,1624724,31,,,1,8,,1624725,31,,,1,50,,1624726,31,,,1,12,,1624727,31,,,1,10,,1624728,31,,,1,11,,1624729,31,,,1,11,,1624730,31,,,1,51,,1624731,31,,,1,10,,1624732,31,,,1,9,,1624733,31,,,1,10,,1624734,31,,,1,9,,1624735,31,,,1,8,,1624736,31,,,1,8,,1624737,31,,,1,49,,1624738,31,,,1,8,,1624739,31,,,1,9,,1624740,31,,,1,15,,1624741,31,,,1,12,,1624742,31,,,1,51,,1624743,31,,,1,13,,1624744,31,,,1,15,,1624745,31,,,1,15,,1624746,31,,,1,14,,1624747,31,,,1,55,,1624748,31,,,1,15,,1624749,31,,,1,15,,1624750,31,,,1,14,,1624751,31,,,1,55,,1624752,31,,,1,15,,1624753,31,,,1,15,,1624754,31,,,1,15,,1624755,31,,,1,55,,1624756,31,,,1,15,,1624757,31,,,1,15,,1624758,31,,,1,13,,1624759,31,,,1,53,,1624760,31,,,1,15,,1624761,31,,,1,13,,1624762,31,,,1,13,,1624763,31,,,1,55,,1624764,31,,,1,15,,1624765,31,,,1,14,,1624766,31,,,1,14,,1624767,31,,,1,13,,1624768,31,,,1,55,,1624769,31,,,1
80703,'20261008',546,,1624770,31,,,1,55,,1624771,31,,,1,17,,1624772,31,,,1,18,,1624773,31,,,1,19,,1624774,31,,,1,56,,1624775,31,,,1,18,,1624776,31,,,1,11,,1624777,31,,,1,13,,1624778,31,,,1,49,,1624779,31,,,1,6,,1624780,31,,,1,5,,1624781,31,,,1,5,,1624782,31,,,1,6,,1624783,31,,,1,8,,1624784,31,,,1,10,,1624785,31,,,1,10,,1624786,31,,,1,50,,1624787,31,,,1,8,,1624788,31,,,1,8,,1624789,31,,,1,7,,1624790,31,,,1,9,,1624791,31,,,1,15,,1624792,31,,,1,54,,1624793,31,,,1,15,,1624794,31,,,1,14,,1624795,31,,,1,14,,1624796,31,,,1,55,,1624797,31,,,1,15,,1624798,31,,,1,15,,1624799,31,,,1,15,,1624800,31,,,1,56,,1624801,31,,,1,16,,1624802,31,,,1,15,,1624803,31,,,1,13,,1624804,31,,,1,12,,1624805,31,,,1,53,,1624806,31,,,1,11,,1624807,31,,,1,11,,1624808,31,,,1,13,,1624809,31,,,1,12,,1624810,31,,,1,52,,1624811,31,,,1,12,,1624812,31,,,1,12,,1624813,31,,,1,12,,1624814,31,,,1,12,,1624815,31,,,1,54,,1624816,31,,,1,15,,1624817,31,,,1,14,,1624818,31,,,1,8,,1624819,31,,,1,8,,1624820,31,,,1,50,,1624821,31,,,1,12,,1624822,31,,,1,10,,1624823,31,,,1,11,,1624824,31,,,1,11,,1624825,31,,,1,51,,1624826,31,,,1,10,,1624827,31,,,1,9,,1624828,31,,,1,10,,1624829,31,,,1,9,,1624830,31,,,1,8,,1624831,31,,,1,8,,1624832,31,,,1,49,,1624833,31,,,1,8,,1624834,31,,,1,9,,1624835,31,,,1,15,,1624836,31,,,1,12,,1624837,31,,,1,51,,1624838,31,,,1,13,,1624839,31,,,1,15,,1624840,31,,,1,15,,1624841,31,,,1,14,,1624842,31,,,1,55,,1624843,31,,,1,15,,1624844,31,,,1,15,,1624845,31,,,1,14,,1624846,31,,,1,55,,1624847,31,,,1,15,,1624848,31,,,1,15,,1624849,31,,,1,15,,1624850,31,,,1,55,,1624851,31,,,1,15,,1624852,31,,,1,15,,1624853,31,,,1,13,,1624854,31,,,1,53,,1624855,31,,,1,15,,1624856,31,,,1,13,,1624857,31,,,1,13,,1624858,31,,,1,55,,1624859,31,,,1,15,,1624860,31,,,1,14,,1624861,31,,,1,14,,1624862,31,,,1,13,,1624863,31,,,1,55,,1624864,31,,,1
80703,'20261009',546,,1624865,31,,,1,55,,1624866,31,,,1,17,,1624867,31,,,1,18,,1624868,31,,,1,19,,1624869,31,,,1,56,,1624870,31,,,1,18,,1624871,31,,,1,11,,1624872,31,,,1,13,,1624873,31,,,1,49,,1624874,31,,,1,6,,1624875,31,,,1,5,,1624876,31,,,1,5,,1624877,31,,,1,6,,1624878,31,,,1,8,,1624879,31,,,1,10,,1624880,31,,,1,10,,1624881,31,,,1,50,,1624882,31,,,1,8,,1624883,31,,,1,8,,1624884,31,,,1,7,,1624885,31,,,1,9,,1624886,31,,,1,15,,1624887,31,,,1,54,,1624888,31,,,1,15,,1624889,31,,,1,14,,1624890,31,,,1,14,,1624891,31,,,1,55,,1624892,31,,,1,15,,1624893,31,,,1,15,,1624894,31,,,1,15,,1624895,31,,,1,56,,1624896,31,,,1,16,,1624897,31,,,1,15,,1624898,31,,,1,13,,1624899,31,,,1,12,,1624900,31,,,1,53,,1624901,31,,,1,11,,1624902,31,,,1,11,,1624903,31,,,1,13,,1624904,31,,,1,12,,1624905,31,,,1,52,,1624906,31,,,1,12,,1624907,31,,,1,12,,1624908,31,,,1,12,,1624909,31,,,1,12,,1624910,31,,,1,54,,1624911,31,,,1,15,,1624912,31,,,1,14,,1624913,31,,,1,8,,1624914,31,,,1,8,,1624915,31,,,1,50,,1624916,31,,,1,12,,1624917,31,,,1,10,,1624918,31,,,1,11,,1624919,31,,,1,11,,1624920,31,,,1,51,,1624921,31,,,1,10,,1624922,31,,,1,9,,1624923,31,,,1,10,,1624924,31,,,1,9,,1624925,31,,,1,8,,1624926,31,,,1,8,,1624927,31,,,1,49,,1624928,31,,,1,8,,1624929,31,,,1,9,,1624930,31,,,1,15,,1624931,31,,,1,12,,1624932,31,,,1,51,,1624933,31,,,1,13,,1624934,31,,,1,15,,1624935,31,,,1,15,,1624936,31,,,1,14,,1624937,31,,,1,55,,1624938,31,,,1,15,,1624939,31,,,1,15,,1624940,31,,,1,14,,1624941,31,,,1,55,,1624942,31,,,1,15,,1624943,31,,,1,15,,1624944,31,,,1,15,,1624945,31,,,1,55,,1624946,31,,,1,15,,1624947,31,,,1,15,,1624948,31,,,1,13,,1624949,31,,,1,53,,1624950,31,,,1,15,,1624951,31,,,1,13,,1624952,31,,,1,13,,1624953,31,,,1,55,,1624954,31,,,1,15,,1624955,31,,,1,14,,1624956,31,,,1,14,,1624957,31,,,1,13,,1624958,31,,,1,55,,1624959,31,,,1
80703,'20261010',559,,1561617,31,,,1,55,,1561618,31,,,1,16,,1561619,31,,,1,15,,1561693,31,,,1,55,,1561620,31,,,1,16,,1561621,31,,,1,15,,1561622,31,,,1,15,,1561694,31,,,1,56,,1561623,31,,,1,15,,1561624,31,,,1,15,,1561625,31,,,1,16,,1561626,31,,,1,55,,1561627,31,,,1,15,,1561628,31,,,1,16,,1561629,31,,,1,17,,1561630,31,,,1,56,,1561631,31,,,1,15,,1561632,31,,,1,17,,1561633,31,,,1,15,,1561634,31,,,1,56,,1561635,31,,,1,15,,1561636,31,,,1,16,,1561637,31,,,1,16,,1561638,31,,,1,57,,1561639,31,,,1,15,,1561640,31,,,1,15,,1561641,31,,,1,15,,1561642,31,,,1,55,,1561643,31,,,1,16,,1561644,31,,,1,16,,1561645,31,,,1,55,,1561646,31,,,1,15,,1561647,31,,,1,15,,1561648,31,,,1,15,,1561649,31,,,1,55,,1561650,31,,,1,16,,1561651,31,,,1,15,,1561652,31,,,1,15,,1561653,31,,,1,55,,1561654,31,,,1,15,,1561655,31,,,1,15,,1561656,31,,,1,15,,1561657,31,,,1,55,,1561658,31,,,1,15,,1561659,31,,,1,15,,1561660,31,,,1,15,,1561661,31,,,1,55,,1561662,31,,,1,15,,1561663,31,,,1,13,,1561664,31,,,1,15,,1561665,31,,,1,55,,1561666,31,,,1,14,,1561667,31,,,1,13,,1561668,31,,,1,14,,1561669,31,,,1,15,,1561670,31,,,1,52,,1561671,31,,,1,14,,1561672,31,,,1,14,,1561673,31,,,1,15,,1561674,31,,,1,55,,1561675,31,,,1,14,,1561676,31,,,1,15,,1561677,31,,,1,15,,1561678,31,,,1,55,,1561679,31,,,1,14,,1561680,31,,,1,15,,1561681,31,,,1,15,,1561682,31,,,1,54,,1561683,31,,,1,15,,1561684,31,,,1,14,,1561685,31,,,1,15,,1561686,31,,,1,54,,1561687,31,,,1,15,,1561688,31,,,1,14,,1561689,31,,,1,13,,1561690,31,,,1,14,,1561691,31,,,1,55,,1561692,31,,,1
80703,'20261011',559,,1561695,31,,,1,55,,1561696,31,,,1,16,,1561697,31,,,1,15,,1561698,31,,,1,55,,1561771,31,,,1,16,,1561699,31,,,1,15,,1561700,31,,,1,15,,1561701,31,,,1,56,,1561772,31,,,1,15,,1561702,31,,,1,15,,1561703,31,,,1,16,,1561704,31,,,1,55,,1561705,31,,,1,15,,1561706,31,,,1,16,,1561707,31,,,1,17,,1561708,31,,,1,56,,1561710,31,,,1,15,,1561711,31,,,1,17,,1561712,31,,,1,15,,1561709,31,,,1,56,,1561713,31,,,1,15,,1561714,31,,,1,16,,1561715,31,,,1,16,,1561716,31,,,1,57,,1561717,31,,,1,15,,1561718,31,,,1,15,,1561719,31,,,1,15,,1561720,31,,,1,55,,1561721,31,,,1,16,,1561722,31,,,1,16,,1561723,31,,,1,55,,1561724,31,,,1,15,,1561725,31,,,1,15,,1561726,31,,,1,15,,1561727,31,,,1,55,,1561728,31,,,1,16,,1561729,31,,,1,15,,1561730,31,,,1,15,,1561731,31,,,1,55,,1561732,31,,,1,15,,1561733,31,,,1,15,,1561734,31,,,1,15,,1561735,31,,,1,55,,1561736,31,,,1,15,,1561737,31,,,1,15,,1561738,31,,,1,15,,1561739,31,,,1,55,,1561741,31,,,1,15,,1561742,31,,,1,13,,1561743,31,,,1,15,,1561740,31,,,1,55,,1561744,31,,,1,14,,1561745,31,,,1,13,,1561746,31,,,1,14,,1561747,31,,,1,15,,1561748,31,,,1,52,,1561749,31,,,1,14,,1561750,31,,,1,14,,1561751,31,,,1,15,,1561752,31,,,1,55,,1561753,31,,,1,14,,1561754,31,,,1,15,,1561755,31,,,1,15,,1561756,31,,,1,55,,1561757,31,,,1,14,,1561758,31,,,1,15,,1561759,31,,,1,15,,1561760,31,,,1,54,,1561761,31,,,1,15,,1561762,31,,,1,14,,1561763,31,,,1,15,,1561764,31,,,1,54,,1561765,31,,,1,15,,1561766,31,,,1,14,,1561767,31,,,1,13,,1561768,31,,,1,14,,1561769,31,,,1,55,,1561770,31,,,1
80703,'20261012',559,,1561773,31,,,1,55,,1561774,31,,,1,16,,1561775,31,,,1,15,,1561776,31,,,1,55,,1561849,31,,,1,16,,1561777,31,,,1,15,,1561778,31,,,1,15,,1561779,31,,,1,56,,1561850,31,,,1,15,,1561780,31,,,1,15,,1561781,31,,,1,16,,1561782,31,,,1,55,,1561783,31,,,1,15,,1561784,31,,,1,16,,1561785,31,,,1,17,,1561786,31,,,1,56,,1561788,31,,,1,15,,1561789,31,,,1,17,,1561790,31,,,1,15,,1561787,31,,,1,56,,1561791,31,,,1,15,,1561792,31,,,1,16,,1561793,31,,,1,16,,1561794,31,,,1,57,,1561795,31,,,1,15,,1561796,31,,,1,15,,1561797,31,,,1,15,,1561798,31,,,1,55,,1561799,31,,,1,16,,1561800,31,,,1,16,,1561801,31,,,1,55,,1561802,31,,,1,15,,1561803,31,,,1,15,,1561804,31,,,1,15,,1561805,31,,,1,55,,1561806,31,,,1,16,,1561807,31,,,1,15,,1561808,31,,,1,15,,1561809,31,,,1,55,,1561810,31,,,1,15,,1561811,31,,,1,15,,1561812,31,,,1,15,,1561813,31,,,1,55,,1561814,31,,,1,15,,1561815,31,,,1,15,,1561816,31,,,1,15,,1561817,31,,,1,55,,1561819,31,,,1,15,,1561820,31,,,1,13,,1561821,31,,,1,15,,1561818,31,,,1,55,,1561822,31,,,1,14,,1561823,31,,,1,13,,1561824,31,,,1,14,,1561825,31,,,1,15,,1561826,31,,,1,52,,1561827,31,,,1,14,,1561828,31,,,1,14,,1561829,31,,,1,15,,1561830,31,,,1,55,,1561831,31,,,1,14,,1561832,31,,,1,15,,1561833,31,,,1,15,,1561834,31,,,1,55,,1561835,31,,,1,14,,1561836,31,,,1,15,,1561837,31,,,1,15,,1561838,31,,,1,54,,1561839,31,,,1,15,,1561840,31,,,1,14,,1561841,31,,,1,15,,1561842,31,,,1,54,,1561843,31,,,1,15,,1561844,31,,,1,14,,1561845,31,,,1,13,,1561846,31,,,1,14,,1561847,31,,,1,55,,1561848,31,,,1
80703,'20261013',546,,1593101,31,,,1,55,,1593124,31,,,1,17,,1593102,31,,,1,18,,1593103,31,,,1,19,,1593104,31,,,1,56,,1593105,31,,,1,18,,1593106,31,,,1,11,,1593186,31,,,1,13,,1593187,31,,,1,49,,1593188,31,,,1,6,,1593194,31,,,1,5,,1593189,31,,,1,5,,1593195,31,,,1,6,,1593190,31,,,1,8,,1593191,31,,,1,10,,1593167,31,,,1,10,,1593168,31,,,1,50,,1593170,31,,,1,8,,1593145,31,,,1,8,,1593144,31,,,1,7,,1593165,31,,,1,9,,1593143,31,,,1,15,,1593166,31,,,1,54,,1593164,31,,,1,15,,1593141,31,,,1,14,,1593140,31,,,1,14,,1593163,31,,,1,55,,1593162,31,,,1,15,,1593139,31,,,1,15,,1593161,31,,,1,15,,1593160,31,,,1,56,,1593138,31,,,1,16,,1593159,31,,,1,15,,1593137,31,,,1,13,,1593158,31,,,1,12,,1593136,31,,,1,53,,1593157,31,,,1,11,,1593147,31,,,1,11,,1593135,31,,,1,13,,1593146,31,,,1,12,,1593156,31,,,1,52,,1593125,31,,,1,12,,1593134,31,,,1,12,,1593133,31,,,1,12,,1593155,31,,,1,12,,1593154,31,,,1,54,,1593132,31,,,1,15,,1593153,31,,,1,14,,1593131,31,,,1,8,,1593152,31,,,1,8,,1593193,31,,,1,50,,1593107,31,,,1,12,,1593151,31,,,1,10,,1593130,31,,,1,11,,1593150,31,,,1,11,,1593129,31,,,1,51,,1593149,31,,,1,10,,1593114,31,,,1,9,,1593115,31,,,1,10,,1593127,31,,,1,9,,1593116,31,,,1,8,,1593126,31,,,1,8,,1593148,31,,,1,49,,1593117,31,,,1,8,,1593128,31,,,1,9,,1593142,31,,,1,15,,1593192,31,,,1,12,,1593169,31,,,1,51,,1593173,31,,,1,13,,1593172,31,,,1,15,,1593108,31,,,1,15,,1593118,31,,,1,14,,1593109,31,,,1,55,,1593119,31,,,1,15,,1593110,31,,,1,15,,1593120,31,,,1,14,,1593111,31,,,1,55,,1593121,31,,,1,15,,1593112,31,,,1,15,,1593122,31,,,1,15,,1593113,31,,,1,55,,1593123,31,,,1,15,,1593174,31,,,1,15,,1593175,31,,,1,13,,1593176,31,,,1,53,,1593177,31,,,1,15,,1593178,31,,,1,13,,1593179,31,,,1,13,,1593180,31,,,1,55,,1593181,31,,,1,15,,1593182,31,,,1,14,,1593183,31,,,1,14,,1593184,31,,,1,13,,1593185,31,,,1,55,,1593171,31,,,1
80703,'20261014',546,,1593196,31,,,1,55,,1593219,31,,,1,17,,1593197,31,,,1,18,,1593198,31,,,1,19,,1593199,31,,,1,56,,1593200,31,,,1,18,,1593201,31,,,1,11,,1593281,31,,,1,13,,1593282,31,,,1,49,,1593283,31,,,1,6,,1593289,31,,,1,5,,1593284,31,,,1,5,,1593290,31,,,1,6,,1593285,31,,,1,8,,1593286,31,,,1,10,,1593262,31,,,1,10,,1593263,31,,,1,50,,1593265,31,,,1,8,,1593240,31,,,1,8,,1593239,31,,,1,7,,1593260,31,,,1,9,,1593238,31,,,1,15,,1593261,31,,,1,54,,1593259,31,,,1,15,,1593236,31,,,1,14,,1593235,31,,,1,14,,1593258,31,,,1,55,,1593257,31,,,1,15,,1593234,31,,,1,15,,1593256,31,,,1,15,,1593255,31,,,1,56,,1593233,31,,,1,16,,1593254,31,,,1,15,,1593232,31,,,1,13,,1593253,31,,,1,12,,1593231,31,,,1,53,,1593252,31,,,1,11,,1593242,31,,,1,11,,1593230,31,,,1,13,,1593241,31,,,1,12,,1593251,31,,,1,52,,1593220,31,,,1,12,,1593229,31,,,1,12,,1593228,31,,,1,12,,1593250,31,,,1,12,,1593249,31,,,1,54,,1593227,31,,,1,15,,1593248,31,,,1,14,,1593226,31,,,1,8,,1593247,31,,,1,8,,1593288,31,,,1,50,,1593202,31,,,1,12,,1593246,31,,,1,10,,1593225,31,,,1,11,,1593245,31,,,1,11,,1593224,31,,,1,51,,1593244,31,,,1,10,,1593209,31,,,1,9,,1593210,31,,,1,10,,1593222,31,,,1,9,,1593211,31,,,1,8,,1593221,31,,,1,8,,1593243,31,,,1,49,,1593212,31,,,1,8,,1593223,31,,,1,9,,1593237,31,,,1,15,,1593287,31,,,1,12,,1593264,31,,,1,51,,1593268,31,,,1,13,,1593267,31,,,1,15,,1593203,31,,,1,15,,1593213,31,,,1,14,,1593204,31,,,1,55,,1593214,31,,,1,15,,1593205,31,,,1,15,,1593215,31,,,1,14,,1593206,31,,,1,55,,1593216,31,,,1,15,,1593207,31,,,1,15,,1593217,31,,,1,15,,1593208,31,,,1,55,,1593218,31,,,1,15,,1593269,31,,,1,15,,1593270,31,,,1,13,,1593271,31,,,1,53,,1593272,31,,,1,15,,1593273,31,,,1,13,,1593274,31,,,1,13,,1593275,31,,,1,55,,1593276,31,,,1,15,,1593277,31,,,1,14,,1593278,31,,,1,14,,1593279,31,,,1,13,,1593280,31,,,1,55,,1593266,31,,,1
80703,'20261015',546,,1593291,31,,,1,55,,1593314,31,,,1,17,,1593292,31,,,1,18,,1593293,31,,,1,19,,1593294,31,,,1,56,,1593295,31,,,1,18,,1593296,31,,,1,11,,1593376,31,,,1,13,,1593377,31,,,1,49,,1593378,31,,,1,6,,1593384,31,,,1,5,,1593379,31,,,1,5,,1593385,31,,,1,6,,1593380,31,,,1,8,,1593381,31,,,1,10,,1593357,31,,,1,10,,1593358,31,,,1,50,,1593360,31,,,1,8,,1593335,31,,,1,8,,1593334,31,,,1,7,,1593355,31,,,1,9,,1593333,31,,,1,15,,1593356,31,,,1,54,,1593354,31,,,1,15,,1593331,31,,,1,14,,1593330,31,,,1,14,,1593353,31,,,1,55,,1593352,31,,,1,15,,1593329,31,,,1,15,,1593351,31,,,1,15,,1593350,31,,,1,56,,1593328,31,,,1,16,,1593349,31,,,1,15,,1593327,31,,,1,13,,1593348,31,,,1,12,,1593326,31,,,1,53,,1593347,31,,,1,11,,1593337,31,,,1,11,,1593325,31,,,1,13,,1593336,31,,,1,12,,1593346,31,,,1,52,,1593315,31,,,1,12,,1593324,31,,,1,12,,1593323,31,,,1,12,,1593345,31,,,1,12,,1593344,31,,,1,54,,1593322,31,,,1,15,,1593343,31,,,1,14,,1593321,31,,,1,8,,1593342,31,,,1,8,,1593383,31,,,1,50,,1593297,31,,,1,12,,1593341,31,,,1,10,,1593320,31,,,1,11,,1593340,31,,,1,11,,1593319,31,,,1,51,,1593339,31,,,1,10,,1593304,31,,,1,9,,1593305,31,,,1,10,,1593317,31,,,1,9,,1593306,31,,,1,8,,1593316,31,,,1,8,,1593338,31,,,1,49,,1593307,31,,,1,8,,1593318,31,,,1,9,,1593332,31,,,1,15,,1593382,31,,,1,12,,1593359,31,,,1,51,,1593363,31,,,1,13,,1593362,31,,,1,15,,1593298,31,,,1,15,,1593308,31,,,1,14,,1593299,31,,,1,55,,1593309,31,,,1,15,,1593300,31,,,1,15,,1593310,31,,,1,14,,1593301,31,,,1,55,,1593311,31,,,1,15,,1593302,31,,,1,15,,1593312,31,,,1,15,,1593303,31,,,1,55,,1593313,31,,,1,15,,1593364,31,,,1,15,,1593365,31,,,1,13,,1593366,31,,,1,53,,1593367,31,,,1,15,,1593368,31,,,1,13,,1593369,31,,,1,13,,1593370,31,,,1,55,,1593371,31,,,1,15,,1593372,31,,,1,14,,1593373,31,,,1,14,,1593374,31,,,1,13,,1593375,31,,,1,55,,1593361,31,,,1
80703,'20261016',546,,1593386,31,,,1,55,,1593409,31,,,1,17,,1593387,31,,,1,18,,1593388,31,,,1,19,,1593389,31,,,1,56,,1593390,31,,,1,18,,1593391,31,,,1,11,,1593471,31,,,1,13,,1593472,31,,,1,49,,1593473,31,,,1,6,,1593479,31,,,1,5,,1593474,31,,,1,5,,1593480,31,,,1,6,,1593475,31,,,1,8,,1593476,31,,,1,10,,1593452,31,,,1,10,,1593453,31,,,1,50,,1593455,31,,,1,8,,1593430,31,,,1,8,,1593429,31,,,1,7,,1593450,31,,,1,9,,1593428,31,,,1,15,,1593451,31,,,1,54,,1593449,31,,,1,15,,1593426,31,,,1,14,,1593425,31,,,1,14,,1593448,31,,,1,55,,1593447,31,,,1,15,,1593424,31,,,1,15,,1593446,31,,,1,15,,1593445,31,,,1,56,,1593423,31,,,1,16,,1593444,31,,,1,15,,1593422,31,,,1,13,,1593443,31,,,1,12,,1593421,31,,,1,53,,1593442,31,,,1,11,,1593432,31,,,1,11,,1593420,31,,,1,13,,1593431,31,,,1,12,,1593441,31,,,1,52,,1593410,31,,,1,12,,1593419,31,,,1,12,,1593418,31,,,1,12,,1593440,31,,,1,12,,1593439,31,,,1,54,,1593417,31,,,1,15,,1593438,31,,,1,14,,1593416,31,,,1,8,,1593437,31,,,1,8,,1593478,31,,,1,50,,1593392,31,,,1,12,,1593436,31,,,1,10,,1593415,31,,,1,11,,1593435,31,,,1,11,,1593414,31,,,1,51,,1593434,31,,,1,10,,1593399,31,,,1,9,,1593400,31,,,1,10,,1593412,31,,,1,9,,1593401,31,,,1,8,,1593411,31,,,1,8,,1593433,31,,,1,49,,1593402,31,,,1,8,,1593413,31,,,1,9,,1593427,31,,,1,15,,1593477,31,,,1,12,,1593454,31,,,1,51,,1593458,31,,,1,13,,1593457,31,,,1,15,,1593393,31,,,1,15,,1593403,31,,,1,14,,1593394,31,,,1,55,,1593404,31,,,1,15,,1593395,31,,,1,15,,1593405,31,,,1,14,,1593396,31,,,1,55,,1593406,31,,,1,15,,1593397,31,,,1,15,,1593407,31,,,1,15,,1593398,31,,,1,55,,1593408,31,,,1,15,,1593459,31,,,1,15,,1593460,31,,,1,13,,1593461,31,,,1,53,,1593462,31,,,1,15,,1593463,31,,,1,13,,1593464,31,,,1,13,,1593465,31,,,1,55,,1593466,31,,,1,15,,1593467,31,,,1,14,,1593468,31,,,1,14,,1593469,31,,,1,13,,1593470,31,,,1,55,,1593456,31,,,1
80703,'20261017',559,,1624960,31,,,1,55,,1624961,31,,,1,16,,1624962,31,,,1,15,,1625036,31,,,1,55,,1624963,31,,,1,16,,1624964,31,,,1,15,,1624965,31,,,1,15,,1625037,31,,,1,56,,1624966,31,,,1,15,,1624967,31,,,1,15,,1624968,31,,,1,16,,1624969,31,,,1,55,,1624970,31,,,1,15,,1624971,31,,,1,16,,1624972,31,,,1,17,,1624973,31,,,1,56,,1624974,31,,,1,15,,1624975,31,,,1,17,,1624976,31,,,1,15,,1624977,31,,,1,56,,1624978,31,,,1,15,,1624979,31,,,1,16,,1624980,31,,,1,16,,1624981,31,,,1,57,,1624982,31,,,1,15,,1624983,31,,,1,15,,1624984,31,,,1,15,,1624985,31,,,1,55,,1624986,31,,,1,16,,1624987,31,,,1,16,,1624988,31,,,1,55,,1624989,31,,,1,15,,1624990,31,,,1,15,,1624991,31,,,1,15,,1624992,31,,,1,55,,1624993,31,,,1,16,,1624994,31,,,1,15,,1624995,31,,,1,15,,1624996,31,,,1,55,,1624997,31,,,1,15,,1624998,31,,,1,15,,1624999,31,,,1,15,,1625000,31,,,1,55,,1625001,31,,,1,15,,1625002,31,,,1,15,,1625003,31,,,1,15,,1625004,31,,,1,55,,1625005,31,,,1,15,,1625006,31,,,1,13,,1625007,31,,,1,15,,1625008,31,,,1,55,,1625009,31,,,1,14,,1625010,31,,,1,13,,1625011,31,,,1,14,,1625012,31,,,1,15,,1625013,31,,,1,52,,1625014,31,,,1,14,,1625015,31,,,1,14,,1625016,31,,,1,15,,1625017,31,,,1,55,,1625018,31,,,1,14,,1625019,31,,,1,15,,1625020,31,,,1,15,,1625021,31,,,1,55,,1625022,31,,,1,14,,1625023,31,,,1,15,,1625024,31,,,1,15,,1625025,31,,,1,54,,1625026,31,,,1,15,,1625027,31,,,1,14,,1625028,31,,,1,15,,1625029,31,,,1,54,,1625030,31,,,1,15,,1625031,31,,,1,14,,1625032,31,,,1,13,,1625033,31,,,1,14,,1625034,31,,,1,55,,1625035,31,,,1
80703,'20261018',559,,1625038,31,,,1,55,,1625039,31,,,1,16,,1625040,31,,,1,15,,1625041,31,,,1,55,,1625114,31,,,1,16,,1625042,31,,,1,15,,1625043,31,,,1,15,,1625044,31,,,1,56,,1625115,31,,,1,15,,1625045,31,,,1,15,,1625046,31,,,1,16,,1625047,31,,,1,55,,1625048,31,,,1,15,,1625049,31,,,1,16,,1625050,31,,,1,17,,1625051,31,,,1,56,,1625053,31,,,1,15,,1625054,31,,,1,17,,1625055,31,,,1,15,,1625052,31,,,1,56,,1625056,31,,,1,15,,1625057,31,,,1,16,,1625058,31,,,1,16,,1625059,31,,,1,57,,1625060,31,,,1,15,,1625061,31,,,1,15,,1625062,31,,,1,15,,1625063,31,,,1,55,,1625064,31,,,1,16,,1625065,31,,,1,16,,1625066,31,,,1,55,,1625067,31,,,1,15,,1625068,31,,,1,15,,1625069,31,,,1,15,,1625070,31,,,1,55,,1625071,31,,,1,16,,1625072,31,,,1,15,,1625073,31,,,1,15,,1625074,31,,,1,55,,1625075,31,,,1,15,,1625076,31,,,1,15,,1625077,31,,,1,15,,1625078,31,,,1,55,,1625079,31,,,1,15,,1625080,31,,,1,15,,1625081,31,,,1,15,,1625082,31,,,1,55,,1625084,31,,,1,15,,1625085,31,,,1,13,,1625086,31,,,1,15,,1625083,31,,,1,55,,1625087,31,,,1,14,,1625088,31,,,1,13,,1625089,31,,,1,14,,1625090,31,,,1,15,,1625091,31,,,1,52,,1625092,31,,,1,14,,1625093,31,,,1,14,,1625094,31,,,1,15,,1625095,31,,,1,55,,1625096,31,,,1,14,,1625097,31,,,1,15,,1625098,31,,,1,15,,1625099,31,,,1,55,,1625100,31,,,1,14,,1625101,31,,,1,15,,1625102,31,,,1,15,,1625103,31,,,1,54,,1625104,31,,,1,15,,1625105,31,,,1,14,,1625106,31,,,1,15,,1625107,31,,,1,54,,1625108,31,,,1,15,,1625109,31,,,1,14,,1625110,31,,,1,13,,1625111,31,,,1,14,,1625112,31,,,1,55,,1625113,31,,,1
80703,'20261019',546,,1625116,31,,,1,55,,1625139,31,,,1,17,,1625117,31,,,1,18,,1625118,31,,,1,19,,1625119,31,,,1,56,,1625120,31,,,1,18,,1625121,31,,,1,11,,1625201,31,,,1,13,,1625202,31,,,1,49,,1625203,31,,,1,6,,1625209,31,,,1,5,,1625204,31,,,1,5,,1625210,31,,,1,6,,1625205,31,,,1,8,,1625206,31,,,1,10,,1625182,31,,,1,10,,1625183,31,,,1,50,,1625185,31,,,1,8,,1625160,31,,,1,8,,1625159,31,,,1,7,,1625180,31,,,1,9,,1625158,31,,,1,15,,1625181,31,,,1,54,,1625179,31,,,1,15,,1625156,31,,,1,14,,1625155,31,,,1,14,,1625178,31,,,1,55,,1625177,31,,,1,15,,1625154,31,,,1,15,,1625176,31,,,1,15,,1625175,31,,,1,56,,1625153,31,,,1,16,,1625174,31,,,1,15,,1625152,31,,,1,13,,1625173,31,,,1,12,,1625151,31,,,1,53,,1625172,31,,,1,11,,1625162,31,,,1,11,,1625150,31,,,1,13,,1625161,31,,,1,12,,1625171,31,,,1,52,,1625140,31,,,1,12,,1625149,31,,,1,12,,1625148,31,,,1,12,,1625170,31,,,1,12,,1625169,31,,,1,54,,1625147,31,,,1,15,,1625168,31,,,1,14,,1625146,31,,,1,8,,1625167,31,,,1,8,,1625208,31,,,1,50,,1625122,31,,,1,12,,1625166,31,,,1,10,,1625145,31,,,1,11,,1625165,31,,,1,11,,1625144,31,,,1,51,,1625164,31,,,1,10,,1625129,31,,,1,9,,1625130,31,,,1,10,,1625142,31,,,1,9,,1625131,31,,,1,8,,1625141,31,,,1,8,,1625163,31,,,1,49,,1625132,31,,,1,8,,1625143,31,,,1,9,,1625157,31,,,1,15,,1625207,31,,,1,12,,1625184,31,,,1,51,,1625188,31,,,1,13,,1625187,31,,,1,15,,1625123,31,,,1,15,,1625133,31,,,1,14,,1625124,31,,,1,55,,1625134,31,,,1,15,,1625125,31,,,1,15,,1625135,31,,,1,14,,1625126,31,,,1,55,,1625136,31,,,1,15,,1625127,31,,,1,15,,1625137,31,,,1,15,,1625128,31,,,1,55,,1625138,31,,,1,15,,1625189,31,,,1,15,,1625190,31,,,1,13,,1625191,31,,,1,53,,1625192,31,,,1,15,,1625193,31,,,1,13,,1625194,31,,,1,13,,1625195,31,,,1,55,,1625196,31,,,1,15,,1625197,31,,,1,14,,1625198,31,,,1,14,,1625199,31,,,1,13,,1625200,31,,,1,55,,1625186,31,,,1
80703,'20261020',546,,1625211,31,,,1,55,,1625234,31,,,1,17,,1625212,31,,,1,18,,1625213,31,,,1,19,,1625214,31,,,1,56,,1625215,31,,,1,18,,1625216,31,,,1,11,,1625296,31,,,1,13,,1625297,31,,,1,49,,1625298,31,,,1,6,,1625304,31,,,1,5,,1625299,31,,,1,5,,1625305,31,,,1,6,,1625300,31,,,1,8,,1625301,31,,,1,10,,1625277,31,,,1,10,,1625278,31,,,1,50,,1625280,31,,,1,8,,1625255,31,,,1,8,,1625254,31,,,1,7,,1625275,31,,,1,9,,1625253,31,,,1,15,,1625276,31,,,1,54,,1625274,31,,,1,15,,1625251,31,,,1,14,,1625250,31,,,1,14,,1625273,31,,,1,55,,1625272,31,,,1,15,,1625249,31,,,1,15,,1625271,31,,,1,15,,1625270,31,,,1,56,,1625248,31,,,1,16,,1625269,31,,,1,15,,1625247,31,,,1,13,,1625268,31,,,1,12,,1625246,31,,,1,53,,1625267,31,,,1,11,,1625257,31,,,1,11,,1625245,31,,,1,13,,1625256,31,,,1,12,,1625266,31,,,1,52,,1625235,31,,,1,12,,1625244,31,,,1,12,,1625243,31,,,1,12,,1625265,31,,,1,12,,1625264,31,,,1,54,,1625242,31,,,1,15,,1625263,31,,,1,14,,1625241,31,,,1,8,,1625262,31,,,1,8,,1625303,31,,,1,50,,1625217,31,,,1,12,,1625261,31,,,1,10,,1625240,31,,,1,11,,1625260,31,,,1,11,,1625239,31,,,1,51,,1625259,31,,,1,10,,1625224,31,,,1,9,,1625225,31,,,1,10,,1625237,31,,,1,9,,1625226,31,,,1,8,,1625236,31,,,1,8,,1625258,31,,,1,49,,1625227,31,,,1,8,,1625238,31,,,1,9,,1625252,31,,,1,15,,1625302,31,,,1,12,,1625279,31,,,1,51,,1625283,31,,,1,13,,1625282,31,,,1,15,,1625218,31,,,1,15,,1625228,31,,,1,14,,1625219,31,,,1,55,,1625229,31,,,1,15,,1625220,31,,,1,15,,1625230,31,,,1,14,,1625221,31,,,1,55,,1625231,31,,,1,15,,1625222,31,,,1,15,,1625232,31,,,1,15,,1625223,31,,,1,55,,1625233,31,,,1,15,,1625284,31,,,1,15,,1625285,31,,,1,13,,1625286,31,,,1,53,,1625287,31,,,1,15,,1625288,31,,,1,13,,1625289,31,,,1,13,,1625290,31,,,1,55,,1625291,31,,,1,15,,1625292,31,,,1,14,,1625293,31,,,1,14,,1625294,31,,,1,13,,1625295,31,,,1,55,,1625281,31,,,1
90703,'20261009',2558,,1625312,31,,,0,170,,1625313,31,,,0
90703,'20261010',2558,,1561854,31,,,0,170,,1561855,31,,,0
90703,'20261016',2558,,1593494,31,,,0,170,,1593495,31,,,0
90703,'20261017',2558,,1625314,31,,,0,170,,1625315,31,,,0
