38200,'20261009',1246,,1613756,28,4,,0,411,,1613757,28,4,,0,96,,1613758,28,4,,0,96,,1613759,28,4,,0
38200,'20261013',1246,,1581991,28,4,,0,411,,1581992,28,4,,0,96,,1581993,28,4,,0,96,,1581994,28,4,,0
38200,'20261014',1246,,1581995,28,4,,0,411,,1581996,28,4,,0,96,,1581997,28,4,,0,96,,1581998,28,4,,0
38200,'20261015',1246,,1581999,28,4,,0,411,,1582000,28,4,,0,96,,1582001,28,4,,0,96,,1582002,28,4,,0
38200,'20261016',1246,,1582003,28,4,,0,411,,1582004,28,4,,0,96,,1582005,28,4,,0,96,,1582006,28,4,,0
38200,'20261019',1246,,1613760,28,4,,0,411,,1613761,28,4,,0,96,,1613762,28,4,,0,96,,1613763,28,4,,0
38200,'20261020',1246,,1613764,28,4,,0,411,,1613765,28,4,,0,96,,1613766,28,4,,0,96,,1613767,28,4,,0
38200,'20261021',1246,,1638846,28,4,,0,411,,1638847,28,4,,0,96,,1638848,28,4,,0,96,,1638849,28,4,,0
38200,'20261022',1246,,1638850,28,4,,0,411,,1638851,28,4,,0,96,,1638852,28,4,,0,96,,1638853,28,4,,0
38200,'20261023',1246,,1638854,28,4,,0,411,,1638855,28,4,,0,96,,1638856,28,4,,0,96,,1638857,28,4,,0
58200,'20261009',1616,,1614475,26,4,,0,23,,1614476,26,4,,0,67,,1614477,26,4,,0,34,,1614478,26,4,,0,68,,1614479,26,4,,0
58200,'20261013',1616,,1582715,26,4,,0,23,,1582716,26,4,,0,67,,1582713,26,4,,0,34,,1582714,26,4,,0,68,,1582712,26,4,,0
58200,'20261014',1616,,1582720,26,4,,0,23,,1582721,26,4,,0,67,,1582718,26,4,,0,34,,1582719,26,4,,0,68,,1582717,26,4,,0
58200,'20261015',1616,,1582725,26,4,,0,23,,1582726,26,4,,0,67,,1582723,26,4,,0,34,,1582724,26,4,,0,68,,1582722,26,4,,0
58200,'20261016',1616,,1582730,26,4,,0,23,,1582731,26,4,,0,67,,1582728,26,4,,0,34,,1582729,26,4,,0,68,,1582727,26,4,,0
58200,'20261019',1616,,1614483,26,4,,0,23,,1614484,26,4,,0,67,,1614481,26,4,,0,34,,1614482,26,4,,0,68,,1614480,26,4,,0
58200,'20261020',1616,,1614488,26,4,,0,23,,1614489,26,4,,0,67,,1614486,26,4,,0,34,,1614487,26,4,,0,68,,1614485,26,4,,0
58200,'20261021',1616,,1639211,26,4,,0,23,,1639212,26,4,,0,67,,1639209,26,4,,0,34,,1639210,26,4,,0,68,,1639208,26,4,,0
58200,'20261022',1616,,1639216,26,4,,0,23,,1639217,26,4,,0,67,,1639214,26,4,,0,34,,1639215,26,4,,0,68,,1639213,26,4,,0
58200,'20261023',1616,,1639221,26,4,,0,23,,1639222,26,4,,0,67,,1639219,26,4,,0,34,,1639220,26,4,,0,68,,1639218,26,4,,0
