8200,'20261009',628,,1608311,28,,,0,78,,1608312,28,,,0,37,,1608313,28,,,0,72,,1608314,28,,,0,33,,1608315,28,,,0,108,,1608316,28,,,0,86,,1608317,28,,,0,100,,1608318,28,,,0,99,,1608319,28,,,0,99,,1608320,28,,,0,93,,1608321,28,,,0,98,,1608322,28,,,0,93,,1608310,28,,,0,29,,1608323,28,,,0,70,,1608324,28,,,0,29,,1608325,28,,,0,100,,1608326,28,,,0,74,,1608327,28,,,0,99,,1608328,28,,,0,102,,1608329,28,,,0,100,,1608330,28,,,0,100,,1608331,28,,,0
8200,'20261010',656,,1635528,28,,,0,100,,1635529,28,,,0,100,,1635530,28,,,0,100,,1635531,28,,,0,100,,1635532,28,,,0,99,,1635533,28,,,0,99,,1635534,28,,,0,100,,1635535,28,,,0,100,,1635536,28,,,0,100,,1635537,28,,,0,100,,1635538,28,,,0,100,,1635539,28,,,0,103,,1635540,28,,,0,100,,1635541,28,,,0,100,,1635542,28,,,0,100,,1635543,28,,,0,170,,1635544,28,,,0
8200,'20261011',656,,1635545,28,,,0,100,,1635546,28,,,0,100,,1635547,28,,,0,100,,1635548,28,,,0,100,,1635549,28,,,0,99,,1635550,28,,,0,99,,1635551,28,,,0,100,,1635552,28,,,0,100,,1635553,28,,,0,100,,1635554,28,,,0,100,,1635555,28,,,0,100,,1635556,28,,,0,103,,1635557,28,,,0,100,,1635558,28,,,0,100,,1635559,28,,,0,100,,1635560,28,,,0,170,,1635561,28,,,0
8200,'20261012',656,,1635562,28,,,0,100,,1635563,28,,,0,100,,1635564,28,,,0,100,,1635565,28,,,0,100,,1635566,28,,,0,99,,1635567,28,,,0,99,,1635568,28,,,0,100,,1635569,28,,,0,100,,1635570,28,,,0,100,,1635571,28,,,0,100,,1635572,28,,,0,100,,1635573,28,,,0,103,,1635574,28,,,0,100,,1635575,28,,,0,100,,1635576,28,,,0,100,,1635577,28,,,0,170,,1635578,28,,,0
8200,'20261013',628,,1576607,28,,,0,78,,1576590,28,,,0,37,,1576611,28,,,0,72,,1576597,28,,,0,33,,1576606,28,,,0,108,,1576598,28,,,0,86,,1576605,28,,,0,100,,1576599,28,,,0,99,,1576591,28,,,0,99,,1576600,28,,,0,93,,1576604,28,,,0,98,,1576601,28,,,0,93,,1576592,28,,,0,29,,1576593,28,,,0,70,,1576594,28,,,0,29,,1576595,28,,,0,100,,1576602,28,,,0,74,,1576603,28,,,0,99,,1576609,28,,,0,102,,1576608,28,,,0,100,,1576610,28,,,0,100,,1576596,28,,,0
8200,'20261014',628,,1576629,28,,,0,78,,1576612,28,,,0,37,,1576633,28,,,0,72,,1576619,28,,,0,33,,1576628,28,,,0,108,,1576620,28,,,0,86,,1576627,28,,,0,100,,1576621,28,,,0,99,,1576613,28,,,0,99,,1576622,28,,,0,93,,1576626,28,,,0,98,,1576623,28,,,0,93,,1576614,28,,,0,29,,1576615,28,,,0,70,,1576616,28,,,0,29,,1576617,28,,,0,100,,1576624,28,,,0,74,,1576625,28,,,0,99,,1576631,28,,,0,102,,1576630,28,,,0,100,,1576632,28,,,0,100,,1576618,28,,,0
8200,'20261015',628,,1576651,28,,,0,78,,1576634,28,,,0,37,,1576655,28,,,0,72,,1576641,28,,,0,33,,1576650,28,,,0,108,,1576642,28,,,0,86,,1576649,28,,,0,100,,1576643,28,,,0,99,,1576635,28,,,0,99,,1576644,28,,,0,93,,1576648,28,,,0,98,,1576645,28,,,0,93,,1576636,28,,,0,29,,1576637,28,,,0,70,,1576638,28,,,0,29,,1576639,28,,,0,100,,1576646,28,,,0,74,,1576647,28,,,0,99,,1576653,28,,,0,102,,1576652,28,,,0,100,,1576654,28,,,0,100,,1576640,28,,,0
8200,'20261016',628,,1576673,28,,,0,78,,1576656,28,,,0,37,,1576677,28,,,0,72,,1576663,28,,,0,33,,1576672,28,,,0,108,,1576664,28,,,0,86,,1576671,28,,,0,100,,1576665,28,,,0,99,,1576657,28,,,0,99,,1576666,28,,,0,93,,1576670,28,,,0,98,,1576667,28,,,0,93,,1576658,28,,,0,29,,1576659,28,,,0,70,,1576660,28,,,0,29,,1576661,28,,,0,100,,1576668,28,,,0,74,,1576669,28,,,0,99,,1576675,28,,,0,102,,1576674,28,,,0,100,,1576676,28,,,0,100,,1576662,28,,,0
8200,'20261017',656,,1608346,28,,,0,100,,1608332,28,,,0,100,,1608336,28,,,0,100,,1608337,28,,,0,100,,1608344,28,,,0,99,,1608338,28,,,0,99,,1608333,28,,,0,100,,1608339,28,,,0,100,,1608345,28,,,0,100,,1608340,28,,,0,100,,1608348,28,,,0,100,,1608334,28,,,0,103,,1608341,28,,,0,100,,1608343,28,,,0,100,,1608347,28,,,0,100,,1608342,28,,,0,170,,1608335,28,,,0
8200,'20261018',656,,1608361,28,,,0,100,,1608362,28,,,0,100,,1608358,28,,,0,100,,1608363,28,,,0,100,,1608357,28,,,0,99,,1608359,28,,,0,99,,1608352,28,,,0,100,,1608349,28,,,0,100,,1608355,28,,,0,100,,1608356,28,,,0,100,,1608365,28,,,0,100,,1608353,28,,,0,103,,1608350,28,,,0,100,,1608360,28,,,0,100,,1608364,28,,,0,100,,1608351,28,,,0,170,,1608354,28,,,0
8200,'20261019',628,,1608383,28,,,0,78,,1608366,28,,,0,37,,1608387,28,,,0,72,,1608373,28,,,0,33,,1608382,28,,,0,108,,1608374,28,,,0,86,,1608381,28,,,0,100,,1608375,28,,,0,99,,1608367,28,,,0,99,,1608376,28,,,0,93,,1608380,28,,,0,98,,1608377,28,,,0,93,,1608368,28,,,0,29,,1608369,28,,,0,70,,1608370,28,,,0,29,,1608371,28,,,0,100,,1608378,28,,,0,74,,1608379,28,,,0,99,,1608385,28,,,0,102,,1608384,28,,,0,100,,1608386,28,,,0,100,,1608372,28,,,0
8200,'20261020',628,,1608405,28,,,0,78,,1608388,28,,,0,37,,1608409,28,,,0,72,,1608395,28,,,0,33,,1608404,28,,,0,108,,1608396,28,,,0,86,,1608403,28,,,0,100,,1608397,28,,,0,99,,1608389,28,,,0,99,,1608398,28,,,0,93,,1608402,28,,,0,98,,1608399,28,,,0,93,,1608390,28,,,0,29,,1608391,28,,,0,70,,1608392,28,,,0,29,,1608393,28,,,0,100,,1608400,28,,,0,74,,1608401,28,,,0,99,,1608407,28,,,0,102,,1608406,28,,,0,100,,1608408,28,,,0,100,,1608394,28,,,0
8200,'20261021',628,,1635596,28,,,0,78,,1635579,28,,,0,37,,1635600,28,,,0,72,,1635586,28,,,0,33,,1635595,28,,,0,108,,1635587,28,,,0,86,,1635594,28,,,0,100,,1635588,28,,,0,99,,1635580,28,,,0,99,,1635589,28,,,0,93,,1635593,28,,,0,98,,1635590,28,,,0,93,,1635581,28,,,0,29,,1635582,28,,,0,70,,1635583,28,,,0,29,,1635584,28,,,0,100,,1635591,28,,,0,74,,1635592,28,,,0,99,,1635598,28,,,0,102,,1635597,28,,,0,100,,1635599,28,,,0,100,,1635585,28,,,0
8200,'20261022',628,,1635618,28,,,0,78,,1635601,28,,,0,37,,1635622,28,,,0,72,,1635608,28,,,0,33,,1635617,28,,,0,108,,1635609,28,,,0,86,,1635616,28,,,0,100,,1635610,28,,,0,99,,1635602,28,,,0,99,,1635611,28,,,0,93,,1635615,28,,,0,98,,1635612,28,,,0,93,,1635603,28,,,0,29,,1635604,28,,,0,70,,1635605,28,,,0,29,,1635606,28,,,0,100,,1635613,28,,,0,74,,1635614,28,,,0,99,,1635620,28,,,0,102,,1635619,28,,,0,100,,1635621,28,,,0,100,,1635607,28,,,0
8200,'20261023',628,,1635640,28,,,0,78,,1635623,28,,,0,37,,1635644,28,,,0,72,,1635630,28,,,0,33,,1635639,28,,,0,108,,1635631,28,,,0,86,,1635638,28,,,0,100,,1635632,28,,,0,99,,1635624,28,,,0,99,,1635633,28,,,0,93,,1635637,28,,,0,98,,1635634,28,,,0,93,,1635625,28,,,0,29,,1635626,28,,,0,70,,1635627,28,,,0,29,,1635628,28,,,0,100,,1635635,28,,,0,74,,1635636,28,,,0,99,,1635642,28,,,0,102,,1635641,28,,,0,100,,1635643,28,,,0,100,,1635629,28,,,0
27200,'20261009',1613,,1612263,6,4,,0,33,,1612264,6,4,,0,83,,1612265,6,4,,0,22,,1612266,6,4,,0,63,,1612267,6,4,,0
27200,'20261013',1613,,1580512,6,4,,0,33,,1580513,6,4,,0,83,,1580514,6,4,,0,22,,1580515,6,4,,0,63,,1580511,6,4,,0
27200,'20261014',1613,,1580517,6,4,,0,33,,1580518,6,4,,0,83,,1580519,6,4,,0,22,,1580520,6,4,,0,63,,1580516,6,4,,0
27200,'20261015',1613,,1580522,6,4,,0,33,,1580523,6,4,,0,83,,1580524,6,4,,0,22,,1580525,6,4,,0,63,,1580521,6,4,,0
27200,'20261016',1613,,1580527,6,4,,0,33,,1580528,6,4,,0,83,,1580529,6,4,,0,22,,1580530,6,4,,0,63,,1580526,6,4,,0
27200,'20261019',1613,,1612269,6,4,,0,33,,1612270,6,4,,0,83,,1612271,6,4,,0,22,,1612272,6,4,,0,63,,1612268,6,4,,0
27200,'20261020',1613,,1612274,6,4,,0,33,,1612275,6,4,,0,83,,1612276,6,4,,0,22,,1612277,6,4,,0,63,,1612273,6,4,,0
27200,'20261021',1613,,1638109,6,4,,0,33,,1638110,6,4,,0,83,,1638111,6,4,,0,22,,1638112,6,4,,0,63,,1638108,6,4,,0
27200,'20261022',1613,,1638114,6,4,,0,33,,1638115,6,4,,0,83,,1638116,6,4,,0,22,,1638117,6,4,,0,63,,1638113,6,4,,0
27200,'20261023',1613,,1638119,6,4,,0,33,,1638120,6,4,,0,83,,1638121,6,4,,0,22,,1638122,6,4,,0,63,,1638118,6,4,,0
80303,'20261009',551,,1620104,22,,,1,55,,1620105,22,,,1,15,,1620106,22,,,1,13,,1620107,22,,,1,13,,1620108,22,,,1,12,,1620109,22,,,1,53,,1620110,22,,,1,12,,1620111,22,,,1,11,,1620112,22,,,1,10,,1620113,22,,,1,9,,1620114,22,,,1,49,,1620115,22,,,1,7,,1620116,22,,,1,8,,1620117,22,,,1,9,,1620118,22,,,1,7,,1620119,22,,,1,9,,1620120,22,,,1,8,,1620121,22,,,1,50,,1620122,22,,,1,10,,1620123,22,,,1,9,,1620124,22,,,1,10,,1620125,22,,,1,10,,1620126,22,,,1,10,,1620127,22,,,1,52,,1620128,22,,,1,12,,1620129,22,,,1,12,,1620130,22,,,1,12,,1620131,22,,,1,12,,1620132,22,,,1,52,,1620133,22,,,1,12,,1620134,22,,,1,12,,1620135,22,,,1,12,,1620136,22,,,1,12,,1620137,22,,,1,54,,1620138,22,,,1,13,,1620139,22,,,1,12,,1620140,22,,,1,12,,1620141,22,,,1,11,,1620142,22,,,1,52,,1620143,22,,,1,12,,1620144,22,,,1,12,,1620145,22,,,1,12,,1620146,22,,,1,12,,1620147,22,,,1,52,,1620148,22,,,1,12,,1620149,22,,,1,11,,1620150,22,,,1,13,,1620151,22,,,1,12,,1620152,22,,,1,51,,1620153,22,,,1,12,,1620154,22,,,1,11,,1620155,22,,,1,10,,1620156,22,,,1,10,,1620157,22,,,1,10,,1620158,22,,,1,49,,1620159,22,,,1,11,,1620160,22,,,1,9,,1620161,22,,,1,11,,1620162,22,,,1,10,,1620163,22,,,1,10,,1620164,22,,,1,51,,1620165,22,,,1,9,,1620166,22,,,1,11,,1620167,22,,,1,9,,1620168,22,,,1,9,,1620169,22,,,1,11,,1620170,22,,,1,50,,1620171,22,,,1,10,,1620172,22,,,1,11,,1620173,22,,,1,12,,1620174,22,,,1,12,,1620175,22,,,1,54,,1620176,22,,,1,14,,1620177,22,,,1,16,,1620178,22,,,1,13,,1620179,22,,,1,55,,1620180,22,,,1,15,,1620181,22,,,1,15,,1620182,22,,,1,15,,1620183,22,,,1,55,,1620184,22,,,1,15,,1620185,22,,,1,15,,1620186,22,,,1,15,,1620187,22,,,1,55,,1620188,22,,,1,15,,1620189,22,,,1,15,,1620190,22,,,1,15,,1620191,22,,,1,55,,1620192,22,,,1,15,,1620193,22,,,1,15,,1620194,22,,,1,15,,1620195,22,,,1,55,,1620196,22,,,1,15,,1620197,22,,,1,15,,1620198,22,,,1,15,,1620199,22,,,1,56,,1620200,22,,,1,15,,1620201,22,,,1
80303,'20261010',553,,1642925,22,,,1,55,,1642926,22,,,1,14,,1642927,22,,,1,15,,1642928,22,,,1,14,,1642929,22,,,1,54,,1642930,22,,,1,15,,1642931,22,,,1,15,,1642932,22,,,1,16,,1642933,22,,,1,56,,1642934,22,,,1,16,,1642935,22,,,1,15,,1642936,22,,,1,15,,1642937,22,,,1,55,,1642938,22,,,1,15,,1642939,22,,,1,15,,1642940,22,,,1,15,,1642941,22,,,1,55,,1642942,22,,,1,15,,1642943,22,,,1,15,,1642944,22,,,1,15,,1642945,22,,,1,55,,1642946,22,,,1,15,,1642947,22,,,1,15,,1642948,22,,,1,15,,1642949,22,,,1,55,,1642950,22,,,1,18,,1642951,22,,,1,15,,1642952,22,,,1,16,,1642953,22,,,1,53,,1642954,22,,,1,15,,1642955,22,,,1,14,,1642956,22,,,1,17,,1642957,22,,,1,55,,1642958,22,,,1,14,,1642959,22,,,1,15,,1642960,22,,,1,16,,1642961,22,,,1,53,,1642962,22,,,1,16,,1642963,22,,,1,16,,1642964,22,,,1,16,,1642965,22,,,1,54,,1642966,22,,,1,15,,1642967,22,,,1,16,,1642968,22,,,1,15,,1642969,22,,,1,53,,1642970,22,,,1,15,,1642971,22,,,1,15,,1642972,22,,,1,14,,1642973,22,,,1,56,,1642974,22,,,1,15,,1642975,22,,,1,15,,1642976,22,,,1,15,,1642977,22,,,1,55,,1642978,22,,,1,15,,1642979,22,,,1,14,,1642980,22,,,1,15,,1642981,22,,,1,55,,1642982,22,,,1,15,,1642983,22,,,1,15,,1642984,22,,,1,15,,1642985,22,,,1,55,,1642986,22,,,1,15,,1642987,22,,,1,15,,1642988,22,,,1,15,,1642989,22,,,1,55,,1642990,22,,,1,15,,1642991,22,,,1,15,,1642992,22,,,1,15,,1642993,22,,,1,55,,1642994,22,,,1,16,,1642995,22,,,1,15,,1642996,22,,,1,15,,1642997,22,,,1,55,,1642998,22,,,1,15,,1642999,22,,,1,15,,1643000,22,,,1,15,,1643001,22,,,1
80303,'20261011',553,,1643002,22,,,1,55,,1643003,22,,,1,14,,1643004,22,,,1,15,,1643005,22,,,1,14,,1643006,22,,,1,54,,1643007,22,,,1,15,,1643008,22,,,1,15,,1643009,22,,,1,16,,1643010,22,,,1,56,,1643011,22,,,1,16,,1643012,22,,,1,15,,1643013,22,,,1,15,,1643014,22,,,1,55,,1643015,22,,,1,15,,1643016,22,,,1,15,,1643017,22,,,1,15,,1643018,22,,,1,55,,1643019,22,,,1,15,,1643020,22,,,1,15,,1643021,22,,,1,15,,1643022,22,,,1,55,,1643023,22,,,1,15,,1643024,22,,,1,15,,1643025,22,,,1,15,,1643026,22,,,1,55,,1643027,22,,,1,18,,1643028,22,,,1,15,,1643029,22,,,1,16,,1643030,22,,,1,53,,1643031,22,,,1,15,,1643032,22,,,1,14,,1643033,22,,,1,17,,1643034,22,,,1,55,,1643035,22,,,1,14,,1643036,22,,,1,15,,1643037,22,,,1,16,,1643038,22,,,1,53,,1643039,22,,,1,16,,1643040,22,,,1,16,,1643041,22,,,1,16,,1643042,22,,,1,54,,1643043,22,,,1,15,,1643044,22,,,1,16,,1643045,22,,,1,15,,1643046,22,,,1,53,,1643047,22,,,1,15,,1643048,22,,,1,15,,1643049,22,,,1,14,,1643050,22,,,1,56,,1643051,22,,,1,15,,1643052,22,,,1,15,,1643053,22,,,1,15,,1643054,22,,,1,55,,1643055,22,,,1,15,,1643056,22,,,1,14,,1643057,22,,,1,15,,1643058,22,,,1,55,,1643059,22,,,1,15,,1643060,22,,,1,15,,1643061,22,,,1,15,,1643062,22,,,1,55,,1643063,22,,,1,15,,1643064,22,,,1,15,,1643065,22,,,1,15,,1643066,22,,,1,55,,1643067,22,,,1,15,,1643068,22,,,1,15,,1643069,22,,,1,15,,1643070,22,,,1,55,,1643071,22,,,1,16,,1643072,22,,,1,15,,1643073,22,,,1,15,,1643074,22,,,1,55,,1643075,22,,,1,15,,1643076,22,,,1,15,,1643077,22,,,1,15,,1643078,22,,,1
80303,'20261012',553,,1643079,22,,,1,55,,1643080,22,,,1,14,,1643081,22,,,1,15,,1643082,22,,,1,14,,1643083,22,,,1,54,,1643084,22,,,1,15,,1643085,22,,,1,15,,1643086,22,,,1,16,,1643087,22,,,1,56,,1643088,22,,,1,16,,1643089,22,,,1,15,,1643090,22,,,1,15,,1643091,22,,,1,55,,1643092,22,,,1,15,,1643093,22,,,1,15,,1643094,22,,,1,15,,1643095,22,,,1,55,,1643096,22,,,1,15,,1643097,22,,,1,15,,1643098,22,,,1,15,,1643099,22,,,1,55,,1643100,22,,,1,15,,1643101,22,,,1,15,,1643102,22,,,1,15,,1643103,22,,,1,55,,1643104,22,,,1,18,,1643105,22,,,1,15,,1643106,22,,,1,16,,1643107,22,,,1,53,,1643108,22,,,1,15,,1643109,22,,,1,14,,1643110,22,,,1,17,,1643111,22,,,1,55,,1643112,22,,,1,14,,1643113,22,,,1,15,,1643114,22,,,1,16,,1643115,22,,,1,53,,1643116,22,,,1,16,,1643117,22,,,1,16,,1643118,22,,,1,16,,1643119,22,,,1,54,,1643120,22,,,1,15,,1643121,22,,,1,16,,1643122,22,,,1,15,,1643123,22,,,1,53,,1643124,22,,,1,15,,1643125,22,,,1,15,,1643126,22,,,1,14,,1643127,22,,,1,56,,1643128,22,,,1,15,,1643129,22,,,1,15,,1643130,22,,,1,15,,1643131,22,,,1,55,,1643132,22,,,1,15,,1643133,22,,,1,14,,1643134,22,,,1,15,,1643135,22,,,1,55,,1643136,22,,,1,15,,1643137,22,,,1,15,,1643138,22,,,1,15,,1643139,22,,,1,55,,1643140,22,,,1,15,,1643141,22,,,1,15,,1643142,22,,,1,15,,1643143,22,,,1,55,,1643144,22,,,1,15,,1643145,22,,,1,15,,1643146,22,,,1,15,,1643147,22,,,1,55,,1643148,22,,,1,16,,1643149,22,,,1,15,,1643150,22,,,1,15,,1643151,22,,,1,55,,1643152,22,,,1,15,,1643153,22,,,1,15,,1643154,22,,,1,15,,1643155,22,,,1
80303,'20261013',551,,1588343,22,,,1,55,,1588344,22,,,1,15,,1588345,22,,,1,13,,1588346,22,,,1,13,,1588347,22,,,1,12,,1588348,22,,,1,53,,1588350,22,,,1,12,,1588352,22,,,1,11,,1588354,22,,,1,10,,1588432,22,,,1,9,,1588356,22,,,1,49,,1588431,22,,,1,7,,1588359,22,,,1,8,,1588360,22,,,1,9,,1588430,22,,,1,7,,1588363,22,,,1,9,,1588365,22,,,1,8,,1588429,22,,,1,50,,1588368,22,,,1,10,,1588440,22,,,1,9,,1588370,22,,,1,10,,1588433,22,,,1,10,,1588428,22,,,1,10,,1588372,22,,,1,52,,1588374,22,,,1,12,,1588377,22,,,1,12,,1588378,22,,,1,12,,1588427,22,,,1,12,,1588381,22,,,1,52,,1588383,22,,,1,12,,1588386,22,,,1,12,,1588388,22,,,1,12,,1588439,22,,,1,12,,1588426,22,,,1,54,,1588390,22,,,1,13,,1588425,22,,,1,12,,1588393,22,,,1,12,,1588394,22,,,1,11,,1588424,22,,,1,52,,1588397,22,,,1,12,,1588395,22,,,1,12,,1588423,22,,,1,12,,1588402,22,,,1,12,,1588422,22,,,1,52,,1588405,22,,,1,12,,1588407,22,,,1,11,,1588409,22,,,1,13,,1588411,22,,,1,12,,1588421,22,,,1,51,,1588349,22,,,1,12,,1588420,22,,,1,11,,1588366,22,,,1,10,,1588419,22,,,1,10,,1588375,22,,,1,10,,1588380,22,,,1,49,,1588387,22,,,1,11,,1588418,22,,,1,9,,1588396,22,,,1,11,,1588401,22,,,1,10,,1588417,22,,,1,10,,1588413,22,,,1,51,,1588362,22,,,1,9,,1588416,22,,,1,11,,1588357,22,,,1,9,,1588404,22,,,1,9,,1588414,22,,,1,11,,1588410,22,,,1,50,,1588399,22,,,1,10,,1588434,22,,,1,11,,1588415,22,,,1,12,,1588384,22,,,1,12,,1588369,22,,,1,54,,1588435,22,,,1,14,,1588351,22,,,1,16,,1588412,22,,,1,13,,1588408,22,,,1,55,,1588406,22,,,1,15,,1588403,22,,,1,15,,1588400,22,,,1,15,,1588398,22,,,1,55,,1588392,22,,,1,15,,1588391,22,,,1,15,,1588389,22,,,1,15,,1588385,22,,,1,55,,1588382,22,,,1,15,,1588379,22,,,1,15,,1588376,22,,,1,15,,1588373,22,,,1,55,,1588371,22,,,1,15,,1588367,22,,,1,15,,1588364,22,,,1,15,,1588361,22,,,1,55,,1588358,22,,,1,15,,1588355,22,,,1,15,,1588353,22,,,1,15,,1588436,22,,,1,56,,1588437,22,,,1,15,,1588438,22,,,1
80303,'20261014',551,,1588441,22,,,1,55,,1588442,22,,,1,15,,1588443,22,,,1,13,,1588444,22,,,1,13,,1588445,22,,,1,12,,1588446,22,,,1,53,,1588448,22,,,1,12,,1588450,22,,,1,11,,1588452,22,,,1,10,,1588530,22,,,1,9,,1588454,22,,,1,49,,1588529,22,,,1,7,,1588457,22,,,1,8,,1588458,22,,,1,9,,1588528,22,,,1,7,,1588461,22,,,1,9,,1588463,22,,,1,8,,1588527,22,,,1,50,,1588466,22,,,1,10,,1588538,22,,,1,9,,1588468,22,,,1,10,,1588531,22,,,1,10,,1588526,22,,,1,10,,1588470,22,,,1,52,,1588472,22,,,1,12,,1588475,22,,,1,12,,1588476,22,,,1,12,,1588525,22,,,1,12,,1588479,22,,,1,52,,1588481,22,,,1,12,,1588484,22,,,1,12,,1588486,22,,,1,12,,1588537,22,,,1,12,,1588524,22,,,1,54,,1588488,22,,,1,13,,1588523,22,,,1,12,,1588491,22,,,1,12,,1588492,22,,,1,11,,1588522,22,,,1,52,,1588495,22,,,1,12,,1588493,22,,,1,12,,1588521,22,,,1,12,,1588500,22,,,1,12,,1588520,22,,,1,52,,1588503,22,,,1,12,,1588505,22,,,1,11,,1588507,22,,,1,13,,1588509,22,,,1,12,,1588519,22,,,1,51,,1588447,22,,,1,12,,1588518,22,,,1,11,,1588464,22,,,1,10,,1588517,22,,,1,10,,1588473,22,,,1,10,,1588478,22,,,1,49,,1588485,22,,,1,11,,1588516,22,,,1,9,,1588494,22,,,1,11,,1588499,22,,,1,10,,1588515,22,,,1,10,,1588511,22,,,1,51,,1588460,22,,,1,9,,1588514,22,,,1,11,,1588455,22,,,1,9,,1588502,22,,,1,9,,1588512,22,,,1,11,,1588508,22,,,1,50,,1588497,22,,,1,10,,1588532,22,,,1,11,,1588513,22,,,1,12,,1588482,22,,,1,12,,1588467,22,,,1,54,,1588533,22,,,1,14,,1588449,22,,,1,16,,1588510,22,,,1,13,,1588506,22,,,1,55,,1588504,22,,,1,15,,1588501,22,,,1,15,,1588498,22,,,1,15,,1588496,22,,,1,55,,1588490,22,,,1,15,,1588489,22,,,1,15,,1588487,22,,,1,15,,1588483,22,,,1,55,,1588480,22,,,1,15,,1588477,22,,,1,15,,1588474,22,,,1,15,,1588471,22,,,1,55,,1588469,22,,,1,15,,1588465,22,,,1,15,,1588462,22,,,1,15,,1588459,22,,,1,55,,1588456,22,,,1,15,,1588453,22,,,1,15,,1588451,22,,,1,15,,1588534,22,,,1,56,,1588535,22,,,1,15,,1588536,22,,,1
80303,'20261015',551,,1588539,22,,,1,55,,1588540,22,,,1,15,,1588541,22,,,1,13,,1588542,22,,,1,13,,1588543,22,,,1,12,,1588544,22,,,1,53,,1588546,22,,,1,12,,1588548,22,,,1,11,,1588550,22,,,1,10,,1588628,22,,,1,9,,1588552,22,,,1,49,,1588627,22,,,1,7,,1588555,22,,,1,8,,1588556,22,,,1,9,,1588626,22,,,1,7,,1588559,22,,,1,9,,1588561,22,,,1,8,,1588625,22,,,1,50,,1588564,22,,,1,10,,1588636,22,,,1,9,,1588566,22,,,1,10,,1588629,22,,,1,10,,1588624,22,,,1,10,,1588568,22,,,1,52,,1588570,22,,,1,12,,1588573,22,,,1,12,,1588574,22,,,1,12,,1588623,22,,,1,12,,1588577,22,,,1,52,,1588579,22,,,1,12,,1588582,22,,,1,12,,1588584,22,,,1,12,,1588635,22,,,1,12,,1588622,22,,,1,54,,1588586,22,,,1,13,,1588621,22,,,1,12,,1588589,22,,,1,12,,1588590,22,,,1,11,,1588620,22,,,1,52,,1588593,22,,,1,12,,1588591,22,,,1,12,,1588619,22,,,1,12,,1588598,22,,,1,12,,1588618,22,,,1,52,,1588601,22,,,1,12,,1588603,22,,,1,11,,1588605,22,,,1,13,,1588607,22,,,1,12,,1588617,22,,,1,51,,1588545,22,,,1,12,,1588616,22,,,1,11,,1588562,22,,,1,10,,1588615,22,,,1,10,,1588571,22,,,1,10,,1588576,22,,,1,49,,1588583,22,,,1,11,,1588614,22,,,1,9,,1588592,22,,,1,11,,1588597,22,,,1,10,,1588613,22,,,1,10,,1588609,22,,,1,51,,1588558,22,,,1,9,,1588612,22,,,1,11,,1588553,22,,,1,9,,1588600,22,,,1,9,,1588610,22,,,1,11,,1588606,22,,,1,50,,1588595,22,,,1,10,,1588630,22,,,1,11,,1588611,22,,,1,12,,1588580,22,,,1,12,,1588565,22,,,1,54,,1588631,22,,,1,14,,1588547,22,,,1,16,,1588608,22,,,1,13,,1588604,22,,,1,55,,1588602,22,,,1,15,,1588599,22,,,1,15,,1588596,22,,,1,15,,1588594,22,,,1,55,,1588588,22,,,1,15,,1588587,22,,,1,15,,1588585,22,,,1,15,,1588581,22,,,1,55,,1588578,22,,,1,15,,1588575,22,,,1,15,,1588572,22,,,1,15,,1588569,22,,,1,55,,1588567,22,,,1,15,,1588563,22,,,1,15,,1588560,22,,,1,15,,1588557,22,,,1,55,,1588554,22,,,1,15,,1588551,22,,,1,15,,1588549,22,,,1,15,,1588632,22,,,1,56,,1588633,22,,,1,15,,1588634,22,,,1
80303,'20261016',551,,1588637,22,,,1,55,,1588638,22,,,1,15,,1588639,22,,,1,13,,1588640,22,,,1,13,,1588641,22,,,1,12,,1588642,22,,,1,53,,1588644,22,,,1,12,,1588646,22,,,1,11,,1588648,22,,,1,10,,1588726,22,,,1,9,,1588650,22,,,1,49,,1588725,22,,,1,7,,1588653,22,,,1,8,,1588654,22,,,1,9,,1588724,22,,,1,7,,1588657,22,,,1,9,,1588659,22,,,1,8,,1588723,22,,,1,50,,1588662,22,,,1,10,,1588734,22,,,1,9,,1588664,22,,,1,10,,1588727,22,,,1,10,,1588722,22,,,1,10,,1588666,22,,,1,52,,1588668,22,,,1,12,,1588671,22,,,1,12,,1588672,22,,,1,12,,1588721,22,,,1,12,,1588675,22,,,1,52,,1588677,22,,,1,12,,1588680,22,,,1,12,,1588682,22,,,1,12,,1588733,22,,,1,12,,1588720,22,,,1,54,,1588684,22,,,1,13,,1588719,22,,,1,12,,1588687,22,,,1,12,,1588688,22,,,1,11,,1588718,22,,,1,52,,1588691,22,,,1,12,,1588689,22,,,1,12,,1588717,22,,,1,12,,1588696,22,,,1,12,,1588716,22,,,1,52,,1588699,22,,,1,12,,1588701,22,,,1,11,,1588703,22,,,1,13,,1588705,22,,,1,12,,1588715,22,,,1,51,,1588643,22,,,1,12,,1588714,22,,,1,11,,1588660,22,,,1,10,,1588713,22,,,1,10,,1588669,22,,,1,10,,1588674,22,,,1,49,,1588681,22,,,1,11,,1588712,22,,,1,9,,1588690,22,,,1,11,,1588695,22,,,1,10,,1588711,22,,,1,10,,1588707,22,,,1,51,,1588656,22,,,1,9,,1588710,22,,,1,11,,1588651,22,,,1,9,,1588698,22,,,1,9,,1588708,22,,,1,11,,1588704,22,,,1,50,,1588693,22,,,1,10,,1588728,22,,,1,11,,1588709,22,,,1,12,,1588678,22,,,1,12,,1588663,22,,,1,54,,1588729,22,,,1,14,,1588645,22,,,1,16,,1588706,22,,,1,13,,1588702,22,,,1,55,,1588700,22,,,1,15,,1588697,22,,,1,15,,1588694,22,,,1,15,,1588692,22,,,1,55,,1588686,22,,,1,15,,1588685,22,,,1,15,,1588683,22,,,1,15,,1588679,22,,,1,55,,1588676,22,,,1,15,,1588673,22,,,1,15,,1588670,22,,,1,15,,1588667,22,,,1,55,,1588665,22,,,1,15,,1588661,22,,,1,15,,1588658,22,,,1,15,,1588655,22,,,1,55,,1588652,22,,,1,15,,1588649,22,,,1,15,,1588647,22,,,1,15,,1588730,22,,,1,56,,1588731,22,,,1,15,,1588732,22,,,1
80303,'20261017',553,,1620202,22,,,1,55,,1620203,22,,,1,14,,1620207,22,,,1,15,,1620265,22,,,1,14,,1620205,22,,,1,54,,1620204,22,,,1,15,,1620206,22,,,1,15,,1620266,22,,,1,16,,1620217,22,,,1,56,,1620213,22,,,1,16,,1620211,22,,,1,15,,1620267,22,,,1,15,,1620210,22,,,1,55,,1620208,22,,,1,15,,1620268,22,,,1,15,,1620209,22,,,1,15,,1620218,22,,,1,55,,1620219,22,,,1,15,,1620215,22,,,1,15,,1620216,22,,,1,15,,1620212,22,,,1,55,,1620214,22,,,1,15,,1620258,22,,,1,15,,1620256,22,,,1,15,,1620261,22,,,1,55,,1620257,22,,,1,18,,1620223,22,,,1,15,,1620227,22,,,1,16,,1620225,22,,,1,53,,1620243,22,,,1,15,,1620248,22,,,1,14,,1620249,22,,,1,17,,1620246,22,,,1,55,,1620244,22,,,1,14,,1620238,22,,,1,15,,1620252,22,,,1,16,,1620239,22,,,1,53,,1620251,22,,,1,16,,1620254,22,,,1,16,,1620253,22,,,1,16,,1620232,22,,,1,54,,1620263,22,,,1,15,,1620247,22,,,1,16,,1620226,22,,,1,15,,1620228,22,,,1,53,,1620245,22,,,1,15,,1620250,22,,,1,15,,1620235,22,,,1,14,,1620234,22,,,1,56,,1620237,22,,,1,15,,1620236,22,,,1,15,,1620241,22,,,1,15,,1620242,22,,,1,55,,1620269,22,,,1,15,,1620260,22,,,1,14,,1620229,22,,,1,15,,1620230,22,,,1,55,,1620270,22,,,1,15,,1620220,22,,,1,15,,1620222,22,,,1,15,,1620272,22,,,1,55,,1620259,22,,,1,15,,1620273,22,,,1,15,,1620221,22,,,1,15,,1620274,22,,,1,55,,1620255,22,,,1,15,,1620271,22,,,1,15,,1620233,22,,,1,15,,1620275,22,,,1,55,,1620231,22,,,1,16,,1620276,22,,,1,15,,1620262,22,,,1,15,,1620277,22,,,1,55,,1620224,22,,,1,15,,1620278,22,,,1,15,,1620240,22,,,1,15,,1620264,22,,,1
80303,'20261018',553,,1620355,22,,,1,55,,1620352,22,,,1,14,,1620350,22,,,1,15,,1620288,22,,,1,14,,1620348,22,,,1,54,,1620347,22,,,1,15,,1620351,22,,,1,15,,1620284,22,,,1,16,,1620339,22,,,1,56,,1620344,22,,,1,16,,1620354,22,,,1,15,,1620291,22,,,1,15,,1620349,22,,,1,55,,1620353,22,,,1,15,,1620289,22,,,1,15,,1620346,22,,,1,15,,1620326,22,,,1,55,,1620332,22,,,1,15,,1620342,22,,,1,15,,1620333,22,,,1,15,,1620343,22,,,1,55,,1620341,22,,,1,15,,1620324,22,,,1,15,,1620318,22,,,1,15,,1620322,22,,,1,55,,1620319,22,,,1,18,,1620335,22,,,1,15,,1620331,22,,,1,16,,1620329,22,,,1,53,,1620300,22,,,1,15,,1620298,22,,,1,14,,1620313,22,,,1,17,,1620311,22,,,1,55,,1620309,22,,,1,14,,1620303,22,,,1,15,,1620316,22,,,1,16,,1620305,22,,,1,53,,1620315,22,,,1,16,,1620317,22,,,1,16,,1620308,22,,,1,16,,1620295,22,,,1,54,,1620325,22,,,1,15,,1620312,22,,,1,16,,1620328,22,,,1,15,,1620336,22,,,1,53,,1620294,22,,,1,15,,1620314,22,,,1,15,,1620310,22,,,1,14,,1620297,22,,,1,56,,1620304,22,,,1,15,,1620301,22,,,1,15,,1620306,22,,,1,15,,1620302,22,,,1,55,,1620287,22,,,1,15,,1620321,22,,,1,14,,1620337,22,,,1,15,,1620338,22,,,1,55,,1620280,22,,,1,15,,1620334,22,,,1,15,,1620330,22,,,1,15,,1620293,22,,,1,55,,1620320,22,,,1,15,,1620282,22,,,1,15,,1620345,22,,,1,15,,1620292,22,,,1,55,,1620307,22,,,1,15,,1620281,22,,,1,15,,1620296,22,,,1,15,,1620283,22,,,1,55,,1620340,22,,,1,16,,1620286,22,,,1,15,,1620323,22,,,1,15,,1620285,22,,,1,55,,1620327,22,,,1,15,,1620290,22,,,1,15,,1620299,22,,,1,15,,1620279,22,,,1
80303,'20261019',551,,1620356,22,,,1,55,,1620357,22,,,1,15,,1620358,22,,,1,13,,1620359,22,,,1,13,,1620360,22,,,1,12,,1620361,22,,,1,53,,1620363,22,,,1,12,,1620365,22,,,1,11,,1620367,22,,,1,10,,1620445,22,,,1,9,,1620369,22,,,1,49,,1620444,22,,,1,7,,1620372,22,,,1,8,,1620373,22,,,1,9,,1620443,22,,,1,7,,1620376,22,,,1,9,,1620378,22,,,1,8,,1620442,22,,,1,50,,1620381,22,,,1,10,,1620453,22,,,1,9,,1620383,22,,,1,10,,1620446,22,,,1,10,,1620441,22,,,1,10,,1620385,22,,,1,52,,1620387,22,,,1,12,,1620390,22,,,1,12,,1620391,22,,,1,12,,1620440,22,,,1,12,,1620394,22,,,1,52,,1620396,22,,,1,12,,1620399,22,,,1,12,,1620401,22,,,1,12,,1620452,22,,,1,12,,1620439,22,,,1,54,,1620403,22,,,1,13,,1620438,22,,,1,12,,1620406,22,,,1,12,,1620407,22,,,1,11,,1620437,22,,,1,52,,1620410,22,,,1,12,,1620408,22,,,1,12,,1620436,22,,,1,12,,1620415,22,,,1,12,,1620435,22,,,1,52,,1620418,22,,,1,12,,1620420,22,,,1,11,,1620422,22,,,1,13,,1620424,22,,,1,12,,1620434,22,,,1,51,,1620362,22,,,1,12,,1620433,22,,,1,11,,1620379,22,,,1,10,,1620432,22,,,1,10,,1620388,22,,,1,10,,1620393,22,,,1,49,,1620400,22,,,1,11,,1620431,22,,,1,9,,1620409,22,,,1,11,,1620414,22,,,1,10,,1620430,22,,,1,10,,1620426,22,,,1,51,,1620375,22,,,1,9,,1620429,22,,,1,11,,1620370,22,,,1,9,,1620417,22,,,1,9,,1620427,22,,,1,11,,1620423,22,,,1,50,,1620412,22,,,1,10,,1620447,22,,,1,11,,1620428,22,,,1,12,,1620397,22,,,1,12,,1620382,22,,,1,54,,1620448,22,,,1,14,,1620364,22,,,1,16,,1620425,22,,,1,13,,1620421,22,,,1,55,,1620419,22,,,1,15,,1620416,22,,,1,15,,1620413,22,,,1,15,,1620411,22,,,1,55,,1620405,22,,,1,15,,1620404,22,,,1,15,,1620402,22,,,1,15,,1620398,22,,,1,55,,1620395,22,,,1,15,,1620392,22,,,1,15,,1620389,22,,,1,15,,1620386,22,,,1,55,,1620384,22,,,1,15,,1620380,22,,,1,15,,1620377,22,,,1,15,,1620374,22,,,1,55,,1620371,22,,,1,15,,1620368,22,,,1,15,,1620366,22,,,1,15,,1620449,22,,,1,56,,1620450,22,,,1,15,,1620451,22,,,1
80303,'20261020',551,,1620454,22,,,1,55,,1620455,22,,,1,15,,1620456,22,,,1,13,,1620457,22,,,1,13,,1620458,22,,,1,12,,1620459,22,,,1,53,,1620461,22,,,1,12,,1620463,22,,,1,11,,1620465,22,,,1,10,,1620543,22,,,1,9,,1620467,22,,,1,49,,1620542,22,,,1,7,,1620470,22,,,1,8,,1620471,22,,,1,9,,1620541,22,,,1,7,,1620474,22,,,1,9,,1620476,22,,,1,8,,1620540,22,,,1,50,,1620479,22,,,1,10,,1620551,22,,,1,9,,1620481,22,,,1,10,,1620544,22,,,1,10,,1620539,22,,,1,10,,1620483,22,,,1,52,,1620485,22,,,1,12,,1620488,22,,,1,12,,1620489,22,,,1,12,,1620538,22,,,1,12,,1620492,22,,,1,52,,1620494,22,,,1,12,,1620497,22,,,1,12,,1620499,22,,,1,12,,1620550,22,,,1,12,,1620537,22,,,1,54,,1620501,22,,,1,13,,1620536,22,,,1,12,,1620504,22,,,1,12,,1620505,22,,,1,11,,1620535,22,,,1,52,,1620508,22,,,1,12,,1620506,22,,,1,12,,1620534,22,,,1,12,,1620513,22,,,1,12,,1620533,22,,,1,52,,1620516,22,,,1,12,,1620518,22,,,1,11,,1620520,22,,,1,13,,1620522,22,,,1,12,,1620532,22,,,1,51,,1620460,22,,,1,12,,1620531,22,,,1,11,,1620477,22,,,1,10,,1620530,22,,,1,10,,1620486,22,,,1,10,,1620491,22,,,1,49,,1620498,22,,,1,11,,1620529,22,,,1,9,,1620507,22,,,1,11,,1620512,22,,,1,10,,1620528,22,,,1,10,,1620524,22,,,1,51,,1620473,22,,,1,9,,1620527,22,,,1,11,,1620468,22,,,1,9,,1620515,22,,,1,9,,1620525,22,,,1,11,,1620521,22,,,1,50,,1620510,22,,,1,10,,1620545,22,,,1,11,,1620526,22,,,1,12,,1620495,22,,,1,12,,1620480,22,,,1,54,,1620546,22,,,1,14,,1620462,22,,,1,16,,1620523,22,,,1,13,,1620519,22,,,1,55,,1620517,22,,,1,15,,1620514,22,,,1,15,,1620511,22,,,1,15,,1620509,22,,,1,55,,1620503,22,,,1,15,,1620502,22,,,1,15,,1620500,22,,,1,15,,1620496,22,,,1,55,,1620493,22,,,1,15,,1620490,22,,,1,15,,1620487,22,,,1,15,,1620484,22,,,1,55,,1620482,22,,,1,15,,1620478,22,,,1,15,,1620475,22,,,1,15,,1620472,22,,,1,55,,1620469,22,,,1,15,,1620466,22,,,1,15,,1620464,22,,,1,15,,1620547,22,,,1,56,,1620548,22,,,1,15,,1620549,22,,,1
80303,'20261021',551,,1643156,22,,,1,55,,1643157,22,,,1,15,,1643158,22,,,1,13,,1643159,22,,,1,13,,1643160,22,,,1,12,,1643161,22,,,1,53,,1643163,22,,,1,12,,1643165,22,,,1,11,,1643167,22,,,1,10,,1643245,22,,,1,9,,1643169,22,,,1,49,,1643244,22,,,1,7,,1643172,22,,,1,8,,1643173,22,,,1,9,,1643243,22,,,1,7,,1643176,22,,,1,9,,1643178,22,,,1,8,,1643242,22,,,1,50,,1643181,22,,,1,10,,1643253,22,,,1,9,,1643183,22,,,1,10,,1643246,22,,,1,10,,1643241,22,,,1,10,,1643185,22,,,1,52,,1643187,22,,,1,12,,1643190,22,,,1,12,,1643191,22,,,1,12,,1643240,22,,,1,12,,1643194,22,,,1,52,,1643196,22,,,1,12,,1643199,22,,,1,12,,1643201,22,,,1,12,,1643252,22,,,1,12,,1643239,22,,,1,54,,1643203,22,,,1,13,,1643238,22,,,1,12,,1643206,22,,,1,12,,1643207,22,,,1,11,,1643237,22,,,1,52,,1643210,22,,,1,12,,1643208,22,,,1,12,,1643236,22,,,1,12,,1643215,22,,,1,12,,1643235,22,,,1,52,,1643218,22,,,1,12,,1643220,22,,,1,11,,1643222,22,,,1,13,,1643224,22,,,1,12,,1643234,22,,,1,51,,1643162,22,,,1,12,,1643233,22,,,1,11,,1643179,22,,,1,10,,1643232,22,,,1,10,,1643188,22,,,1,10,,1643193,22,,,1,49,,1643200,22,,,1,11,,1643231,22,,,1,9,,1643209,22,,,1,11,,1643214,22,,,1,10,,1643230,22,,,1,10,,1643226,22,,,1,51,,1643175,22,,,1,9,,1643229,22,,,1,11,,1643170,22,,,1,9,,1643217,22,,,1,9,,1643227,22,,,1,11,,1643223,22,,,1,50,,1643212,22,,,1,10,,1643247,22,,,1,11,,1643228,22,,,1,12,,1643197,22,,,1,12,,1643182,22,,,1,54,,1643248,22,,,1,14,,1643164,22,,,1,16,,1643225,22,,,1,13,,1643221,22,,,1,55,,1643219,22,,,1,15,,1643216,22,,,1,15,,1643213,22,,,1,15,,1643211,22,,,1,55,,1643205,22,,,1,15,,1643204,22,,,1,15,,1643202,22,,,1,15,,1643198,22,,,1,55,,1643195,22,,,1,15,,1643192,22,,,1,15,,1643189,22,,,1,15,,1643186,22,,,1,55,,1643184,22,,,1,15,,1643180,22,,,1,15,,1643177,22,,,1,15,,1643174,22,,,1,55,,1643171,22,,,1,15,,1643168,22,,,1,15,,1643166,22,,,1,15,,1643249,22,,,1,56,,1643250,22,,,1,15,,1643251,22,,,1
80303,'20261022',551,,1643254,22,,,1,55,,1643255,22,,,1,15,,1643256,22,,,1,13,,1643257,22,,,1,13,,1643258,22,,,1,12,,1643259,22,,,1,53,,1643261,22,,,1,12,,1643263,22,,,1,11,,1643265,22,,,1,10,,1643343,22,,,1,9,,1643267,22,,,1,49,,1643342,22,,,1,7,,1643270,22,,,1,8,,1643271,22,,,1,9,,1643341,22,,,1,7,,1643274,22,,,1,9,,1643276,22,,,1,8,,1643340,22,,,1,50,,1643279,22,,,1,10,,1643351,22,,,1,9,,1643281,22,,,1,10,,1643344,22,,,1,10,,1643339,22,,,1,10,,1643283,22,,,1,52,,1643285,22,,,1,12,,1643288,22,,,1,12,,1643289,22,,,1,12,,1643338,22,,,1,12,,1643292,22,,,1,52,,1643294,22,,,1,12,,1643297,22,,,1,12,,1643299,22,,,1,12,,1643350,22,,,1,12,,1643337,22,,,1,54,,1643301,22,,,1,13,,1643336,22,,,1,12,,1643304,22,,,1,12,,1643305,22,,,1,11,,1643335,22,,,1,52,,1643308,22,,,1,12,,1643306,22,,,1,12,,1643334,22,,,1,12,,1643313,22,,,1,12,,1643333,22,,,1,52,,1643316,22,,,1,12,,1643318,22,,,1,11,,1643320,22,,,1,13,,1643322,22,,,1,12,,1643332,22,,,1,51,,1643260,22,,,1,12,,1643331,22,,,1,11,,1643277,22,,,1,10,,1643330,22,,,1,10,,1643286,22,,,1,10,,1643291,22,,,1,49,,1643298,22,,,1,11,,1643329,22,,,1,9,,1643307,22,,,1,11,,1643312,22,,,1,10,,1643328,22,,,1,10,,1643324,22,,,1,51,,1643273,22,,,1,9,,1643327,22,,,1,11,,1643268,22,,,1,9,,1643315,22,,,1,9,,1643325,22,,,1,11,,1643321,22,,,1,50,,1643310,22,,,1,10,,1643345,22,,,1,11,,1643326,22,,,1,12,,1643295,22,,,1,12,,1643280,22,,,1,54,,1643346,22,,,1,14,,1643262,22,,,1,16,,1643323,22,,,1,13,,1643319,22,,,1,55,,1643317,22,,,1,15,,1643314,22,,,1,15,,1643311,22,,,1,15,,1643309,22,,,1,55,,1643303,22,,,1,15,,1643302,22,,,1,15,,1643300,22,,,1,15,,1643296,22,,,1,55,,1643293,22,,,1,15,,1643290,22,,,1,15,,1643287,22,,,1,15,,1643284,22,,,1,55,,1643282,22,,,1,15,,1643278,22,,,1,15,,1643275,22,,,1,15,,1643272,22,,,1,55,,1643269,22,,,1,15,,1643266,22,,,1,15,,1643264,22,,,1,15,,1643347,22,,,1,56,,1643348,22,,,1,15,,1643349,22,,,1
80303,'20261023',551,,1643352,22,,,1,55,,1643353,22,,,1,15,,1643354,22,,,1,13,,1643355,22,,,1,13,,1643356,22,,,1,12,,1643357,22,,,1,53,,1643359,22,,,1,12,,1643361,22,,,1,11,,1643363,22,,,1,10,,1643441,22,,,1,9,,1643365,22,,,1,49,,1643440,22,,,1,7,,1643368,22,,,1,8,,1643369,22,,,1,9,,1643439,22,,,1,7,,1643372,22,,,1,9,,1643374,22,,,1,8,,1643438,22,,,1,50,,1643377,22,,,1,10,,1643449,22,,,1,9,,1643379,22,,,1,10,,1643442,22,,,1,10,,1643437,22,,,1,10,,1643381,22,,,1,52,,1643383,22,,,1,12,,1643386,22,,,1,12,,1643387,22,,,1,12,,1643436,22,,,1,12,,1643390,22,,,1,52,,1643392,22,,,1,12,,1643395,22,,,1,12,,1643397,22,,,1,12,,1643448,22,,,1,12,,1643435,22,,,1,54,,1643399,22,,,1,13,,1643434,22,,,1,12,,1643402,22,,,1,12,,1643403,22,,,1,11,,1643433,22,,,1,52,,1643406,22,,,1,12,,1643404,22,,,1,12,,1643432,22,,,1,12,,1643411,22,,,1,12,,1643431,22,,,1,52,,1643414,22,,,1,12,,1643416,22,,,1,11,,1643418,22,,,1,13,,1643420,22,,,1,12,,1643430,22,,,1,51,,1643358,22,,,1,12,,1643429,22,,,1,11,,1643375,22,,,1,10,,1643428,22,,,1,10,,1643384,22,,,1,10,,1643389,22,,,1,49,,1643396,22,,,1,11,,1643427,22,,,1,9,,1643405,22,,,1,11,,1643410,22,,,1,10,,1643426,22,,,1,10,,1643422,22,,,1,51,,1643371,22,,,1,9,,1643425,22,,,1,11,,1643366,22,,,1,9,,1643413,22,,,1,9,,1643423,22,,,1,11,,1643419,22,,,1,50,,1643408,22,,,1,10,,1643443,22,,,1,11,,1643424,22,,,1,12,,1643393,22,,,1,12,,1643378,22,,,1,54,,1643444,22,,,1,14,,1643360,22,,,1,16,,1643421,22,,,1,13,,1643417,22,,,1,55,,1643415,22,,,1,15,,1643412,22,,,1,15,,1643409,22,,,1,15,,1643407,22,,,1,55,,1643401,22,,,1,15,,1643400,22,,,1,15,,1643398,22,,,1,15,,1643394,22,,,1,55,,1643391,22,,,1,15,,1643388,22,,,1,15,,1643385,22,,,1,15,,1643382,22,,,1,55,,1643380,22,,,1,15,,1643376,22,,,1,15,,1643373,22,,,1,15,,1643370,22,,,1,55,,1643367,22,,,1,15,,1643364,22,,,1,15,,1643362,22,,,1,15,,1643445,22,,,1,56,,1643446,22,,,1,15,,1643447,22,,,1
98200,'20261009',2553,,1625340,32,,,0
98200,'20261010',2553,,1646901,32,,,0
98200,'20261016',2553,,1593534,32,,,0
98200,'20261017',2553,,1625341,32,,,0
98200,'20261023',2553,,1646902,32,,,0
