5103,'20261009',608,,1601286,23,,,0,99,,1601287,23,,,0,104,,1601288,23,,,0,98,,1601289,23,,,0,99,,1601290,23,,,0,101,,1601291,23,,,0,100,,1601292,23,,,0,99,,1601293,23,,,0,100,,1601294,23,,,0,100,,1601295,23,,,0,101,,1601296,23,,,0,102,,1601297,23,,,0,97,,1601298,23,,,0,99,,1601299,23,,,0,100,,1601300,23,,,0,99,,1601301,23,,,0,101,,1601302,23,,,0,100,,1601303,23,,,0
5103,'20261010',710,,1630608,23,,,0,100,,1630609,23,,,0,100,,1630610,23,,,0,100,,1630611,23,,,0,100,,1630612,23,,,0,101,,1630613,23,,,0,104,,1630614,23,,,0,100,,1630615,23,,,0,100,,1630616,23,,,0,96,,1630617,23,,,0,103,,1630618,23,,,0,96,,1630619,23,,,0,95,,1630620,23,,,0,101,,1630621,23,,,0,100,,1630622,23,,,0,100,,1630623,23,,,0,100,,1630624,23,,,0
5103,'20261011',710,,1630625,23,,,0,100,,1630626,23,,,0,100,,1630627,23,,,0,100,,1630628,23,,,0,100,,1630629,23,,,0,101,,1630630,23,,,0,104,,1630631,23,,,0,100,,1630632,23,,,0,100,,1630633,23,,,0,96,,1630634,23,,,0,103,,1630635,23,,,0,96,,1630636,23,,,0,95,,1630637,23,,,0,101,,1630638,23,,,0,100,,1630639,23,,,0,100,,1630640,23,,,0,100,,1630641,23,,,0
5103,'20261012',710,,1630642,23,,,0,100,,1630643,23,,,0,100,,1630644,23,,,0,100,,1630645,23,,,0,100,,1630646,23,,,0,101,,1630647,23,,,0,104,,1630648,23,,,0,100,,1630649,23,,,0,100,,1630650,23,,,0,96,,1630651,23,,,0,103,,1630652,23,,,0,96,,1630653,23,,,0,95,,1630654,23,,,0,101,,1630655,23,,,0,100,,1630656,23,,,0,100,,1630657,23,,,0,100,,1630658,23,,,0
5103,'20261013',608,,1569587,23,,,0,99,,1569588,23,,,0,104,,1569589,23,,,0,98,,1569590,23,,,0,99,,1569591,23,,,0,101,,1569592,23,,,0,100,,1569593,23,,,0,99,,1569594,23,,,0,100,,1569595,23,,,0,100,,1569596,23,,,0,101,,1569597,23,,,0,102,,1569598,23,,,0,97,,1569599,23,,,0,99,,1569600,23,,,0,100,,1569601,23,,,0,99,,1569602,23,,,0,101,,1569603,23,,,0,100,,1569604,23,,,0
5103,'20261014',608,,1569605,23,,,0,99,,1569606,23,,,0,104,,1569607,23,,,0,98,,1569608,23,,,0,99,,1569609,23,,,0,101,,1569610,23,,,0,100,,1569611,23,,,0,99,,1569612,23,,,0,100,,1569613,23,,,0,100,,1569614,23,,,0,101,,1569615,23,,,0,102,,1569616,23,,,0,97,,1569617,23,,,0,99,,1569618,23,,,0,100,,1569619,23,,,0,99,,1569620,23,,,0,101,,1569621,23,,,0,100,,1569622,23,,,0
5103,'20261015',608,,1569623,23,,,0,99,,1569624,23,,,0,104,,1569625,23,,,0,98,,1569626,23,,,0,99,,1569627,23,,,0,101,,1569628,23,,,0,100,,1569629,23,,,0,99,,1569630,23,,,0,100,,1569631,23,,,0,100,,1569632,23,,,0,101,,1569633,23,,,0,102,,1569634,23,,,0,97,,1569635,23,,,0,99,,1569636,23,,,0,100,,1569637,23,,,0,99,,1569638,23,,,0,101,,1569639,23,,,0,100,,1569640,23,,,0
5103,'20261016',608,,1569641,23,,,0,99,,1569642,23,,,0,104,,1569643,23,,,0,98,,1569644,23,,,0,99,,1569645,23,,,0,101,,1569646,23,,,0,100,,1569647,23,,,0,99,,1569648,23,,,0,100,,1569649,23,,,0,100,,1569650,23,,,0,101,,1569651,23,,,0,102,,1569652,23,,,0,97,,1569653,23,,,0,99,,1569654,23,,,0,100,,1569655,23,,,0,99,,1569656,23,,,0,101,,1569657,23,,,0,100,,1569658,23,,,0
5103,'20261017',710,,1601320,23,,,0,100,,1601304,23,,,0,100,,1601305,23,,,0,100,,1601306,23,,,0,100,,1601307,23,,,0,101,,1601308,23,,,0,104,,1601309,23,,,0,100,,1601310,23,,,0,100,,1601311,23,,,0,96,,1601312,23,,,0,103,,1601313,23,,,0,96,,1601314,23,,,0,95,,1601315,23,,,0,101,,1601316,23,,,0,100,,1601317,23,,,0,100,,1601318,23,,,0,100,,1601319,23,,,0
5103,'20261018',710,,1601335,23,,,0,100,,1601324,23,,,0,100,,1601325,23,,,0,100,,1601326,23,,,0,100,,1601321,23,,,0,101,,1601327,23,,,0,104,,1601322,23,,,0,100,,1601328,23,,,0,100,,1601329,23,,,0,96,,1601330,23,,,0,103,,1601323,23,,,0,96,,1601334,23,,,0,95,,1601336,23,,,0,101,,1601331,23,,,0,100,,1601332,23,,,0,100,,1601337,23,,,0,100,,1601333,23,,,0
5103,'20261019',608,,1601338,23,,,0,99,,1601339,23,,,0,104,,1601340,23,,,0,98,,1601341,23,,,0,99,,1601342,23,,,0,101,,1601343,23,,,0,100,,1601344,23,,,0,99,,1601345,23,,,0,100,,1601346,23,,,0,100,,1601347,23,,,0,101,,1601348,23,,,0,102,,1601349,23,,,0,97,,1601350,23,,,0,99,,1601351,23,,,0,100,,1601352,23,,,0,99,,1601353,23,,,0,101,,1601354,23,,,0,100,,1601355,23,,,0
5103,'20261020',608,,1601356,23,,,0,99,,1601357,23,,,0,104,,1601358,23,,,0,98,,1601359,23,,,0,99,,1601360,23,,,0,101,,1601361,23,,,0,100,,1601362,23,,,0,99,,1601363,23,,,0,100,,1601364,23,,,0,100,,1601365,23,,,0,101,,1601366,23,,,0,102,,1601367,23,,,0,97,,1601368,23,,,0,99,,1601369,23,,,0,100,,1601370,23,,,0,99,,1601371,23,,,0,101,,1601372,23,,,0,100,,1601373,23,,,0
5103,'20261021',608,,1630659,23,,,0,99,,1630660,23,,,0,104,,1630661,23,,,0,98,,1630662,23,,,0,99,,1630663,23,,,0,101,,1630664,23,,,0,100,,1630665,23,,,0,99,,1630666,23,,,0,100,,1630667,23,,,0,100,,1630668,23,,,0,101,,1630669,23,,,0,102,,1630670,23,,,0,97,,1630671,23,,,0,99,,1630672,23,,,0,100,,1630673,23,,,0,99,,1630674,23,,,0,101,,1630675,23,,,0,100,,1630676,23,,,0
5103,'20261022',608,,1630677,23,,,0,99,,1630678,23,,,0,104,,1630679,23,,,0,98,,1630680,23,,,0,99,,1630681,23,,,0,101,,1630682,23,,,0,100,,1630683,23,,,0,99,,1630684,23,,,0,100,,1630685,23,,,0,100,,1630686,23,,,0,101,,1630687,23,,,0,102,,1630688,23,,,0,97,,1630689,23,,,0,99,,1630690,23,,,0,100,,1630691,23,,,0,99,,1630692,23,,,0,101,,1630693,23,,,0,100,,1630694,23,,,0
5103,'20261023',608,,1630695,23,,,0,99,,1630696,23,,,0,104,,1630697,23,,,0,98,,1630698,23,,,0,99,,1630699,23,,,0,101,,1630700,23,,,0,100,,1630701,23,,,0,99,,1630702,23,,,0,100,,1630703,23,,,0,100,,1630704,23,,,0,101,,1630705,23,,,0,102,,1630706,23,,,0,97,,1630707,23,,,0,99,,1630708,23,,,0,100,,1630709,23,,,0,99,,1630710,23,,,0,101,,1630711,23,,,0,100,,1630712,23,,,0
5601,'20261009',1630,,1602985,33,,,0,27,,1602986,33,,,0,71,,1602987,33,,,0
5601,'20261013',1630,,1571267,33,,,0,27,,1571269,33,,,0,71,,1571268,33,,,0
5601,'20261014',1630,,1571270,33,,,0,27,,1571272,33,,,0,71,,1571271,33,,,0
5601,'20261015',1630,,1571273,33,,,0,27,,1571275,33,,,0,71,,1571274,33,,,0
5601,'20261016',1630,,1571276,33,,,0,27,,1571278,33,,,0,71,,1571277,33,,,0
5601,'20261019',1630,,1602988,33,,,0,27,,1602990,33,,,0,71,,1602989,33,,,0
5601,'20261020',1630,,1602991,33,,,0,27,,1602993,33,,,0,71,,1602992,33,,,0
5601,'20261021',1630,,1631820,33,,,0,27,,1631822,33,,,0,71,,1631821,33,,,0
5601,'20261022',1630,,1631823,33,,,0,27,,1631825,33,,,0,71,,1631824,33,,,0
5601,'20261023',1630,,1631826,33,,,0,27,,1631828,33,,,0,71,,1631827,33,,,0
5701,'20261009',616,,1603202,31,,,0,28,,1603203,31,,,0,67,,1603204,31,,,0,34,,1603205,31,,,0,73,,1603206,31,,,0,30,,1603207,31,,,0,62,,1603208,31,,,0,39,,1603209,31,,,0,99,,1603210,31,,,0,101,,1603211,31,,,0,100,,1603212,31,,,0,101,,1603213,31,,,0,101,,1603214,31,,,0,104,,1603215,31,,,0,271,,1603216,31,,,0,98,,1603217,31,,,0,97,,1603218,31,,,0,100,,1603219,31,,,0,100,,1603220,31,,,0,101,,1603221,31,,,0
5701,'20261010',748,,1631937,31,,,0,101,,1631938,31,,,0,101,,1631939,31,,,0,100,,1631940,31,,,0,101,,1631941,31,,,0,98,,1631942,31,,,0,98,,1631943,31,,,0,98,,1631944,31,,,0,105,,1631945,31,,,0,104,,1631946,31,,,0,99,,1631947,31,,,0,96,,1631948,31,,,0,100,,1631949,31,,,0,99,,1631950,31,,,0,100,,1631951,31,,,0,101,,1631952,31,,,0
5701,'20261011',748,,1631953,31,,,0,101,,1631954,31,,,0,101,,1631955,31,,,0,100,,1631956,31,,,0,101,,1631957,31,,,0,98,,1631958,31,,,0,98,,1631959,31,,,0,98,,1631960,31,,,0,105,,1631961,31,,,0,104,,1631962,31,,,0,99,,1631963,31,,,0,96,,1631964,31,,,0,100,,1631965,31,,,0,99,,1631966,31,,,0,100,,1631967,31,,,0,101,,1631968,31,,,0
5701,'20261012',748,,1631969,31,,,0,101,,1631970,31,,,0,101,,1631971,31,,,0,100,,1631972,31,,,0,101,,1631973,31,,,0,98,,1631974,31,,,0,98,,1631975,31,,,0,98,,1631976,31,,,0,105,,1631977,31,,,0,104,,1631978,31,,,0,99,,1631979,31,,,0,96,,1631980,31,,,0,100,,1631981,31,,,0,99,,1631982,31,,,0,100,,1631983,31,,,0,101,,1631984,31,,,0
5701,'20261013',616,,1571499,31,,,0,28,,1571500,31,,,0,67,,1571501,31,,,0,34,,1571502,31,,,0,73,,1571503,31,,,0,30,,1571504,31,,,0,62,,1571505,31,,,0,39,,1571506,31,,,0,99,,1571507,31,,,0,101,,1571508,31,,,0,100,,1571509,31,,,0,101,,1571510,31,,,0,101,,1571518,31,,,0,104,,1571511,31,,,0,271,,1571512,31,,,0,98,,1571513,31,,,0,97,,1571514,31,,,0,100,,1571515,31,,,0,100,,1571516,31,,,0,101,,1571517,31,,,0
5701,'20261014',616,,1571519,31,,,0,28,,1571520,31,,,0,67,,1571521,31,,,0,34,,1571522,31,,,0,73,,1571523,31,,,0,30,,1571524,31,,,0,62,,1571525,31,,,0,39,,1571526,31,,,0,99,,1571527,31,,,0,101,,1571528,31,,,0,100,,1571529,31,,,0,101,,1571530,31,,,0,101,,1571538,31,,,0,104,,1571531,31,,,0,271,,1571532,31,,,0,98,,1571533,31,,,0,97,,1571534,31,,,0,100,,1571535,31,,,0,100,,1571536,31,,,0,101,,1571537,31,,,0
5701,'20261015',616,,1571539,31,,,0,28,,1571540,31,,,0,67,,1571541,31,,,0,34,,1571542,31,,,0,73,,1571543,31,,,0,30,,1571544,31,,,0,62,,1571545,31,,,0,39,,1571546,31,,,0,99,,1571547,31,,,0,101,,1571548,31,,,0,100,,1571549,31,,,0,101,,1571550,31,,,0,101,,1571558,31,,,0,104,,1571551,31,,,0,271,,1571552,31,,,0,98,,1571553,31,,,0,97,,1571554,31,,,0,100,,1571555,31,,,0,100,,1571556,31,,,0,101,,1571557,31,,,0
5701,'20261016',616,,1571559,31,,,0,28,,1571560,31,,,0,67,,1571561,31,,,0,34,,1571562,31,,,0,73,,1571563,31,,,0,30,,1571564,31,,,0,62,,1571565,31,,,0,39,,1571566,31,,,0,99,,1571567,31,,,0,101,,1571568,31,,,0,100,,1571569,31,,,0,101,,1571570,31,,,0,101,,1571578,31,,,0,104,,1571571,31,,,0,271,,1571572,31,,,0,98,,1571573,31,,,0,97,,1571574,31,,,0,100,,1571575,31,,,0,100,,1571576,31,,,0,101,,1571577,31,,,0
5701,'20261017',748,,1603222,31,,,0,101,,1603223,31,,,0,101,,1603224,31,,,0,100,,1603225,31,,,0,101,,1603226,31,,,0,98,,1603227,31,,,0,98,,1603228,31,,,0,98,,1603229,31,,,0,105,,1603230,31,,,0,104,,1603231,31,,,0,99,,1603232,31,,,0,96,,1603233,31,,,0,100,,1603234,31,,,0,99,,1603235,31,,,0,100,,1603236,31,,,0,101,,1603237,31,,,0
5701,'20261018',748,,1603240,31,,,0,101,,1603239,31,,,0,101,,1603238,31,,,0,100,,1603243,31,,,0,101,,1603245,31,,,0,98,,1603241,31,,,0,98,,1603251,31,,,0,98,,1603247,31,,,0,105,,1603242,31,,,0,104,,1603244,31,,,0,99,,1603250,31,,,0,96,,1603246,31,,,0,100,,1603252,31,,,0,99,,1603248,31,,,0,100,,1603249,31,,,0,101,,1603253,31,,,0
5701,'20261019',616,,1603254,31,,,0,28,,1603255,31,,,0,67,,1603256,31,,,0,34,,1603257,31,,,0,73,,1603258,31,,,0,30,,1603259,31,,,0,62,,1603260,31,,,0,39,,1603261,31,,,0,99,,1603262,31,,,0,101,,1603263,31,,,0,100,,1603264,31,,,0,101,,1603265,31,,,0,101,,1603273,31,,,0,104,,1603266,31,,,0,271,,1603267,31,,,0,98,,1603268,31,,,0,97,,1603269,31,,,0,100,,1603270,31,,,0,100,,1603271,31,,,0,101,,1603272,31,,,0
5701,'20261020',616,,1603274,31,,,0,28,,1603275,31,,,0,67,,1603276,31,,,0,34,,1603277,31,,,0,73,,1603278,31,,,0,30,,1603279,31,,,0,62,,1603280,31,,,0,39,,1603281,31,,,0,99,,1603282,31,,,0,101,,1603283,31,,,0,100,,1603284,31,,,0,101,,1603285,31,,,0,101,,1603293,31,,,0,104,,1603286,31,,,0,271,,1603287,31,,,0,98,,1603288,31,,,0,97,,1603289,31,,,0,100,,1603290,31,,,0,100,,1603291,31,,,0,101,,1603292,31,,,0
5701,'20261021',616,,1631985,31,,,0,28,,1631986,31,,,0,67,,1631987,31,,,0,34,,1631988,31,,,0,73,,1631989,31,,,0,30,,1631990,31,,,0,62,,1631991,31,,,0,39,,1631992,31,,,0,99,,1631993,31,,,0,101,,1631994,31,,,0,100,,1631995,31,,,0,101,,1631996,31,,,0,101,,1632004,31,,,0,104,,1631997,31,,,0,271,,1631998,31,,,0,98,,1631999,31,,,0,97,,1632000,31,,,0,100,,1632001,31,,,0,100,,1632002,31,,,0,101,,1632003,31,,,0
5701,'20261022',616,,1632005,31,,,0,28,,1632006,31,,,0,67,,1632007,31,,,0,34,,1632008,31,,,0,73,,1632009,31,,,0,30,,1632010,31,,,0,62,,1632011,31,,,0,39,,1632012,31,,,0,99,,1632013,31,,,0,101,,1632014,31,,,0,100,,1632015,31,,,0,101,,1632016,31,,,0,101,,1632024,31,,,0,104,,1632017,31,,,0,271,,1632018,31,,,0,98,,1632019,31,,,0,97,,1632020,31,,,0,100,,1632021,31,,,0,100,,1632022,31,,,0,101,,1632023,31,,,0
5701,'20261023',616,,1632025,31,,,0,28,,1632026,31,,,0,67,,1632027,31,,,0,34,,1632028,31,,,0,73,,1632029,31,,,0,30,,1632030,31,,,0,62,,1632031,31,,,0,39,,1632032,31,,,0,99,,1632033,31,,,0,101,,1632034,31,,,0,100,,1632035,31,,,0,101,,1632036,31,,,0,101,,1632044,31,,,0,104,,1632037,31,,,0,271,,1632038,31,,,0,98,,1632039,31,,,0,97,,1632040,31,,,0,100,,1632041,31,,,0,100,,1632042,31,,,0,101,,1632043,31,,,0
80003,'20261009',458,,1615709,18,,,1,55,,1615710,18,,,1,15,,1615711,18,,,1,15,,1615712,18,,,1,13,,1615713,18,,,1,49,,1615714,18,,,1,10,,1615715,18,,,1,10,,1615716,18,,,1,10,,1615717,18,,,1,10,,1615718,18,,,1,10,,1615719,18,,,1,49,,1615720,18,,,1,10,,1615721,18,,,1,7,,1615708,18,,,1,2,,1615722,18,,,1,7,,1615723,18,,,1,8,,1615724,18,,,1,11,,1615725,18,,,1,10,,1615726,18,,,1,54,,1615727,18,,,1,15,,1615728,18,,,1,15,,1615729,18,,,1,14,,1615730,18,,,1,55,,1615731,18,,,1,15,,1615732,18,,,1,15,,1615733,18,,,1,16,,1615734,18,,,1,53,,1615735,18,,,1,15,,1615736,18,,,1,15,,1615737,18,,,1,16,,1615738,18,,,1,55,,1615739,18,,,1,15,,1615740,18,,,1,15,,1615741,18,,,1,15,,1615742,18,,,1,55,,1615743,18,,,1,15,,1615744,18,,,1,15,,1615745,18,,,1,15,,1615746,18,,,1,55,,1615747,18,,,1,15,,1615748,18,,,1,15,,1615749,18,,,1,15,,1615750,18,,,1,54,,1615751,18,,,1,16,,1615752,18,,,1,15,,1615753,18,,,1,14,,1615754,18,,,1,52,,1615755,18,,,1,11,,1615756,18,,,1,10,,1615757,18,,,1,10,,1615758,18,,,1,9,,1615759,18,,,1,11,,1615760,18,,,1,50,,1615761,18,,,1,10,,1615762,18,,,1,10,,1615763,18,,,1,10,,1615764,18,,,1,10,,1615765,18,,,1,10,,1615766,18,,,1,51,,1615767,18,,,1,10,,1615768,18,,,1,10,,1615769,18,,,1,10,,1615770,18,,,1,12,,1615771,18,,,1,49,,1615772,18,,,1,13,,1615773,18,,,1,15,,1615774,18,,,1,15,,1615775,18,,,1,57,,1615776,18,,,1,14,,1615777,18,,,1,14,,1615778,18,,,1,14,,1615779,18,,,1,15,,1615780,18,,,1,56,,1615781,18,,,1,15,,1615782,18,,,1,15,,1615783,18,,,1,15,,1615784,18,,,1,56,,1615785,18,,,1,15,,1615786,18,,,1,15,,1615787,18,,,1,55,,1615788,18,,,1,15,,1615789,18,,,1,15,,1615790,18,,,1,16,,1615791,18,,,1,13,,1615792,18,,,1,55,,1615793,18,,,1,16,,1615794,18,,,1,16,,1615795,18,,,1,54,,1615796,18,,,1,16,,1615797,18,,,1,16,,1615798,18,,,1,15,,1615799,18,,,1
80003,'20261010',539,,1639856,18,,,1,15,,1639857,18,,,1,55,,1639858,18,,,1,15,,1639859,18,,,1,15,,1639860,18,,,1,16,,1639861,18,,,1,55,,1639862,18,,,1,15,,1639863,18,,,1,15,,1639864,18,,,1,15,,1639865,18,,,1,56,,1639866,18,,,1,15,,1639867,18,,,1,15,,1639868,18,,,1,15,,1639869,18,,,1,55,,1639870,18,,,1,15,,1639871,18,,,1,14,,1639872,18,,,1,15,,1639873,18,,,1,55,,1639874,18,,,1,16,,1639875,18,,,1,16,,1639876,18,,,1,15,,1639877,18,,,1,55,,1639878,18,,,1,15,,1639879,18,,,1,16,,1639880,18,,,1,16,,1639881,18,,,1,53,,1639882,18,,,1,14,,1639883,18,,,1,15,,1639884,18,,,1,15,,1639885,18,,,1,55,,1639886,18,,,1,14,,1639887,18,,,1,16,,1639888,18,,,1,15,,1639889,18,,,1,55,,1639890,18,,,1,15,,1639891,18,,,1,14,,1639892,18,,,1,15,,1639893,18,,,1,55,,1639894,18,,,1,15,,1639895,18,,,1,14,,1639896,18,,,1,16,,1639897,18,,,1,55,,1639898,18,,,1,16,,1639899,18,,,1,14,,1639900,18,,,1,16,,1639901,18,,,1,56,,1639902,18,,,1,14,,1639903,18,,,1,16,,1639904,18,,,1,16,,1639905,18,,,1,55,,1639906,18,,,1,17,,1639907,18,,,1,13,,1639908,18,,,1,15,,1639909,18,,,1,55,,1639910,18,,,1,15,,1639911,18,,,1,15,,1639912,18,,,1,15,,1639913,18,,,1,57,,1639914,18,,,1,17,,1639915,18,,,1,14,,1639916,18,,,1,54,,1639917,18,,,1,15,,1639918,18,,,1,15,,1639919,18,,,1,15,,1639920,18,,,1,55,,1639921,18,,,1,16,,1639922,18,,,1,14,,1639923,18,,,1,15,,1639924,18,,,1,55,,1639925,18,,,1,15,,1639926,18,,,1,15,,1639927,18,,,1,14,,1639928,18,,,1,15,,1639929,18,,,1,54,,1639930,18,,,1,15,,1639931,18,,,1,15,,1639932,18,,,1
80003,'20261011',539,,1639933,18,,,1,15,,1639934,18,,,1,55,,1639935,18,,,1,15,,1639936,18,,,1,15,,1639937,18,,,1,16,,1639938,18,,,1,55,,1639939,18,,,1,15,,1639940,18,,,1,15,,1639941,18,,,1,15,,1639942,18,,,1,56,,1639943,18,,,1,15,,1639944,18,,,1,15,,1639945,18,,,1,15,,1639946,18,,,1,55,,1639947,18,,,1,15,,1639948,18,,,1,14,,1639949,18,,,1,15,,1639950,18,,,1,55,,1639951,18,,,1,16,,1639952,18,,,1,16,,1639953,18,,,1,15,,1639954,18,,,1,55,,1639955,18,,,1,15,,1639956,18,,,1,16,,1639957,18,,,1,16,,1639958,18,,,1,53,,1639959,18,,,1,14,,1639960,18,,,1,15,,1639961,18,,,1,15,,1639962,18,,,1,55,,1639963,18,,,1,14,,1639964,18,,,1,16,,1639965,18,,,1,15,,1639966,18,,,1,55,,1639967,18,,,1,15,,1639968,18,,,1,14,,1639969,18,,,1,15,,1639970,18,,,1,55,,1639971,18,,,1,15,,1639972,18,,,1,14,,1639973,18,,,1,16,,1639974,18,,,1,55,,1639975,18,,,1,16,,1639976,18,,,1,14,,1639977,18,,,1,16,,1639978,18,,,1,56,,1639979,18,,,1,14,,1639980,18,,,1,16,,1639981,18,,,1,16,,1639982,18,,,1,55,,1639983,18,,,1,17,,1639984,18,,,1,13,,1639985,18,,,1,15,,1639986,18,,,1,55,,1639987,18,,,1,15,,1639988,18,,,1,15,,1639989,18,,,1,15,,1639990,18,,,1,57,,1639991,18,,,1,17,,1639992,18,,,1,14,,1639993,18,,,1,54,,1639994,18,,,1,15,,1639995,18,,,1,15,,1639996,18,,,1,15,,1639997,18,,,1,55,,1639998,18,,,1,16,,1639999,18,,,1,14,,1640000,18,,,1,15,,1640001,18,,,1,55,,1640002,18,,,1,15,,1640003,18,,,1,15,,1640004,18,,,1,14,,1640005,18,,,1,15,,1640006,18,,,1,54,,1640007,18,,,1,15,,1640008,18,,,1,15,,1640009,18,,,1
80003,'20261012',539,,1640010,18,,,1,15,,1640011,18,,,1,55,,1640012,18,,,1,15,,1640013,18,,,1,15,,1640014,18,,,1,16,,1640015,18,,,1,55,,1640016,18,,,1,15,,1640017,18,,,1,15,,1640018,18,,,1,15,,1640019,18,,,1,56,,1640020,18,,,1,15,,1640021,18,,,1,15,,1640022,18,,,1,15,,1640023,18,,,1,55,,1640024,18,,,1,15,,1640025,18,,,1,14,,1640026,18,,,1,15,,1640027,18,,,1,55,,1640028,18,,,1,16,,1640029,18,,,1,16,,1640030,18,,,1,15,,1640031,18,,,1,55,,1640032,18,,,1,15,,1640033,18,,,1,16,,1640034,18,,,1,16,,1640035,18,,,1,53,,1640036,18,,,1,14,,1640037,18,,,1,15,,1640038,18,,,1,15,,1640039,18,,,1,55,,1640040,18,,,1,14,,1640041,18,,,1,16,,1640042,18,,,1,15,,1640043,18,,,1,55,,1640044,18,,,1,15,,1640045,18,,,1,14,,1640046,18,,,1,15,,1640047,18,,,1,55,,1640048,18,,,1,15,,1640049,18,,,1,14,,1640050,18,,,1,16,,1640051,18,,,1,55,,1640052,18,,,1,16,,1640053,18,,,1,14,,1640054,18,,,1,16,,1640055,18,,,1,56,,1640056,18,,,1,14,,1640057,18,,,1,16,,1640058,18,,,1,16,,1640059,18,,,1,55,,1640060,18,,,1,17,,1640061,18,,,1,13,,1640062,18,,,1,15,,1640063,18,,,1,55,,1640064,18,,,1,15,,1640065,18,,,1,15,,1640066,18,,,1,15,,1640067,18,,,1,57,,1640068,18,,,1,17,,1640069,18,,,1,14,,1640070,18,,,1,54,,1640071,18,,,1,15,,1640072,18,,,1,15,,1640073,18,,,1,15,,1640074,18,,,1,55,,1640075,18,,,1,16,,1640076,18,,,1,14,,1640077,18,,,1,15,,1640078,18,,,1,55,,1640079,18,,,1,15,,1640080,18,,,1,15,,1640081,18,,,1,14,,1640082,18,,,1,15,,1640083,18,,,1,54,,1640084,18,,,1,15,,1640085,18,,,1,15,,1640086,18,,,1
80003,'20261013',458,,1584102,18,,,1,55,,1584015,18,,,1,15,,1584041,18,,,1,15,,1584038,18,,,1,13,,1584020,18,,,1,49,,1584040,18,,,1,10,,1584017,18,,,1,10,,1584028,18,,,1,10,,1584096,18,,,1,10,,1584095,18,,,1,10,,1584094,18,,,1,49,,1584093,18,,,1,10,,1584092,18,,,1,9,,1584091,18,,,1,7,,1584090,18,,,1,8,,1584089,18,,,1,11,,1584088,18,,,1,10,,1584087,18,,,1,54,,1584086,18,,,1,15,,1584085,18,,,1,15,,1584084,18,,,1,14,,1584083,18,,,1,55,,1584082,18,,,1,15,,1584081,18,,,1,15,,1584080,18,,,1,16,,1584079,18,,,1,53,,1584078,18,,,1,15,,1584077,18,,,1,15,,1584076,18,,,1,16,,1584075,18,,,1,55,,1584074,18,,,1,15,,1584073,18,,,1,15,,1584072,18,,,1,15,,1584071,18,,,1,55,,1584070,18,,,1,15,,1584069,18,,,1,15,,1584068,18,,,1,15,,1584067,18,,,1,55,,1584066,18,,,1,15,,1584065,18,,,1,15,,1584064,18,,,1,15,,1584063,18,,,1,54,,1584030,18,,,1,16,,1584062,18,,,1,15,,1584039,18,,,1,14,,1584036,18,,,1,52,,1584061,18,,,1,11,,1584043,18,,,1,10,,1584101,18,,,1,10,,1584098,18,,,1,9,,1584042,18,,,1,11,,1584025,18,,,1,50,,1584044,18,,,1,10,,1584060,18,,,1,10,,1584019,18,,,1,10,,1584012,18,,,1,10,,1584033,18,,,1,10,,1584059,18,,,1,51,,1584014,18,,,1,10,,1584013,18,,,1,10,,1584058,18,,,1,10,,1584057,18,,,1,12,,1584099,18,,,1,49,,1584016,18,,,1,13,,1584018,18,,,1,15,,1584056,18,,,1,15,,1584034,18,,,1,57,,1584100,18,,,1,14,,1584055,18,,,1,14,,1584022,18,,,1,14,,1584021,18,,,1,15,,1584054,18,,,1,56,,1584023,18,,,1,15,,1584053,18,,,1,15,,1584052,18,,,1,15,,1584024,18,,,1,56,,1584051,18,,,1,15,,1584027,18,,,1,15,,1584026,18,,,1,55,,1584050,18,,,1,15,,1584029,18,,,1,15,,1584049,18,,,1,16,,1584031,18,,,1,13,,1584048,18,,,1,55,,1584032,18,,,1,16,,1584047,18,,,1,16,,1584035,18,,,1,54,,1584046,18,,,1,16,,1584037,18,,,1,16,,1584045,18,,,1,15,,1584097,18,,,1
80003,'20261014',458,,1584193,18,,,1,55,,1584106,18,,,1,15,,1584132,18,,,1,15,,1584129,18,,,1,13,,1584111,18,,,1,49,,1584131,18,,,1,10,,1584108,18,,,1,10,,1584119,18,,,1,10,,1584187,18,,,1,10,,1584186,18,,,1,10,,1584185,18,,,1,49,,1584184,18,,,1,10,,1584183,18,,,1,9,,1584182,18,,,1,7,,1584181,18,,,1,8,,1584180,18,,,1,11,,1584179,18,,,1,10,,1584178,18,,,1,54,,1584177,18,,,1,15,,1584176,18,,,1,15,,1584175,18,,,1,14,,1584174,18,,,1,55,,1584173,18,,,1,15,,1584172,18,,,1,15,,1584171,18,,,1,16,,1584170,18,,,1,53,,1584169,18,,,1,15,,1584168,18,,,1,15,,1584167,18,,,1,16,,1584166,18,,,1,55,,1584165,18,,,1,15,,1584164,18,,,1,15,,1584163,18,,,1,15,,1584162,18,,,1,55,,1584161,18,,,1,15,,1584160,18,,,1,15,,1584159,18,,,1,15,,1584158,18,,,1,55,,1584157,18,,,1,15,,1584156,18,,,1,15,,1584155,18,,,1,15,,1584154,18,,,1,54,,1584121,18,,,1,16,,1584153,18,,,1,15,,1584130,18,,,1,14,,1584127,18,,,1,52,,1584152,18,,,1,11,,1584134,18,,,1,10,,1584192,18,,,1,10,,1584189,18,,,1,9,,1584133,18,,,1,11,,1584116,18,,,1,50,,1584135,18,,,1,10,,1584151,18,,,1,10,,1584110,18,,,1,10,,1584103,18,,,1,10,,1584124,18,,,1,10,,1584150,18,,,1,51,,1584105,18,,,1,10,,1584104,18,,,1,10,,1584149,18,,,1,10,,1584148,18,,,1,12,,1584190,18,,,1,49,,1584107,18,,,1,13,,1584109,18,,,1,15,,1584147,18,,,1,15,,1584125,18,,,1,57,,1584191,18,,,1,14,,1584146,18,,,1,14,,1584113,18,,,1,14,,1584112,18,,,1,15,,1584145,18,,,1,56,,1584114,18,,,1,15,,1584144,18,,,1,15,,1584143,18,,,1,15,,1584115,18,,,1,56,,1584142,18,,,1,15,,1584118,18,,,1,15,,1584117,18,,,1,55,,1584141,18,,,1,15,,1584120,18,,,1,15,,1584140,18,,,1,16,,1584122,18,,,1,13,,1584139,18,,,1,55,,1584123,18,,,1,16,,1584138,18,,,1,16,,1584126,18,,,1,54,,1584137,18,,,1,16,,1584128,18,,,1,16,,1584136,18,,,1,15,,1584188,18,,,1
80003,'20261015',458,,1584284,18,,,1,55,,1584197,18,,,1,15,,1584223,18,,,1,15,,1584220,18,,,1,13,,1584202,18,,,1,49,,1584222,18,,,1,10,,1584199,18,,,1,10,,1584210,18,,,1,10,,1584278,18,,,1,10,,1584277,18,,,1,10,,1584276,18,,,1,49,,1584275,18,,,1,10,,1584274,18,,,1,9,,1584273,18,,,1,7,,1584272,18,,,1,8,,1584271,18,,,1,11,,1584270,18,,,1,10,,1584269,18,,,1,54,,1584268,18,,,1,15,,1584267,18,,,1,15,,1584266,18,,,1,14,,1584265,18,,,1,55,,1584264,18,,,1,15,,1584263,18,,,1,15,,1584262,18,,,1,16,,1584261,18,,,1,53,,1584260,18,,,1,15,,1584259,18,,,1,15,,1584258,18,,,1,16,,1584257,18,,,1,55,,1584256,18,,,1,15,,1584255,18,,,1,15,,1584254,18,,,1,15,,1584253,18,,,1,55,,1584252,18,,,1,15,,1584251,18,,,1,15,,1584250,18,,,1,15,,1584249,18,,,1,55,,1584248,18,,,1,15,,1584247,18,,,1,15,,1584246,18,,,1,15,,1584245,18,,,1,54,,1584212,18,,,1,16,,1584244,18,,,1,15,,1584221,18,,,1,14,,1584218,18,,,1,52,,1584243,18,,,1,11,,1584225,18,,,1,10,,1584283,18,,,1,10,,1584280,18,,,1,9,,1584224,18,,,1,11,,1584207,18,,,1,50,,1584226,18,,,1,10,,1584242,18,,,1,10,,1584201,18,,,1,10,,1584194,18,,,1,10,,1584215,18,,,1,10,,1584241,18,,,1,51,,1584196,18,,,1,10,,1584195,18,,,1,10,,1584240,18,,,1,10,,1584239,18,,,1,12,,1584281,18,,,1,49,,1584198,18,,,1,13,,1584200,18,,,1,15,,1584238,18,,,1,15,,1584216,18,,,1,57,,1584282,18,,,1,14,,1584237,18,,,1,14,,1584204,18,,,1,14,,1584203,18,,,1,15,,1584236,18,,,1,56,,1584205,18,,,1,15,,1584235,18,,,1,15,,1584234,18,,,1,15,,1584206,18,,,1,56,,1584233,18,,,1,15,,1584209,18,,,1,15,,1584208,18,,,1,55,,1584232,18,,,1,15,,1584211,18,,,1,15,,1584231,18,,,1,16,,1584213,18,,,1,13,,1584230,18,,,1,55,,1584214,18,,,1,16,,1584229,18,,,1,16,,1584217,18,,,1,54,,1584228,18,,,1,16,,1584219,18,,,1,16,,1584227,18,,,1,15,,1584279,18,,,1
80003,'20261016',458,,1584375,18,,,1,55,,1584288,18,,,1,15,,1584314,18,,,1,15,,1584311,18,,,1,13,,1584293,18,,,1,49,,1584313,18,,,1,10,,1584290,18,,,1,10,,1584301,18,,,1,10,,1584369,18,,,1,10,,1584368,18,,,1,10,,1584367,18,,,1,49,,1584366,18,,,1,10,,1584365,18,,,1,9,,1584364,18,,,1,7,,1584363,18,,,1,8,,1584362,18,,,1,11,,1584361,18,,,1,10,,1584360,18,,,1,54,,1584359,18,,,1,15,,1584358,18,,,1,15,,1584357,18,,,1,14,,1584356,18,,,1,55,,1584355,18,,,1,15,,1584354,18,,,1,15,,1584353,18,,,1,16,,1584352,18,,,1,53,,1584351,18,,,1,15,,1584350,18,,,1,15,,1584349,18,,,1,16,,1584348,18,,,1,55,,1584347,18,,,1,15,,1584346,18,,,1,15,,1584345,18,,,1,15,,1584344,18,,,1,55,,1584343,18,,,1,15,,1584342,18,,,1,15,,1584341,18,,,1,15,,1584340,18,,,1,55,,1584339,18,,,1,15,,1584338,18,,,1,15,,1584337,18,,,1,15,,1584336,18,,,1,54,,1584303,18,,,1,16,,1584335,18,,,1,15,,1584312,18,,,1,14,,1584309,18,,,1,52,,1584334,18,,,1,11,,1584316,18,,,1,10,,1584374,18,,,1,10,,1584371,18,,,1,9,,1584315,18,,,1,11,,1584298,18,,,1,50,,1584317,18,,,1,10,,1584333,18,,,1,10,,1584292,18,,,1,10,,1584285,18,,,1,10,,1584306,18,,,1,10,,1584332,18,,,1,51,,1584287,18,,,1,10,,1584286,18,,,1,10,,1584331,18,,,1,10,,1584330,18,,,1,12,,1584372,18,,,1,49,,1584289,18,,,1,13,,1584291,18,,,1,15,,1584329,18,,,1,15,,1584307,18,,,1,57,,1584373,18,,,1,14,,1584328,18,,,1,14,,1584295,18,,,1,14,,1584294,18,,,1,15,,1584327,18,,,1,56,,1584296,18,,,1,15,,1584326,18,,,1,15,,1584325,18,,,1,15,,1584297,18,,,1,56,,1584324,18,,,1,15,,1584300,18,,,1,15,,1584299,18,,,1,55,,1584323,18,,,1,15,,1584302,18,,,1,15,,1584322,18,,,1,16,,1584304,18,,,1,13,,1584321,18,,,1,55,,1584305,18,,,1,16,,1584320,18,,,1,16,,1584308,18,,,1,54,,1584319,18,,,1,16,,1584310,18,,,1,16,,1584318,18,,,1,15,,1584370,18,,,1
80003,'20261017',539,,1615800,18,,,1,15,,1615801,18,,,1,55,,1615802,18,,,1,15,,1615803,18,,,1,15,,1615804,18,,,1,16,,1615805,18,,,1,55,,1615806,18,,,1,15,,1615808,18,,,1,15,,1615809,18,,,1,15,,1615810,18,,,1,56,,1615807,18,,,1,15,,1615811,18,,,1,15,,1615812,18,,,1,15,,1615813,18,,,1,55,,1615814,18,,,1,15,,1615815,18,,,1,14,,1615816,18,,,1,15,,1615817,18,,,1,55,,1615818,18,,,1,16,,1615820,18,,,1,16,,1615821,18,,,1,15,,1615822,18,,,1,55,,1615819,18,,,1,15,,1615823,18,,,1,16,,1615824,18,,,1,16,,1615825,18,,,1,53,,1615826,18,,,1,14,,1615827,18,,,1,15,,1615829,18,,,1,15,,1615828,18,,,1,55,,1615830,18,,,1,14,,1615831,18,,,1,16,,1615832,18,,,1,15,,1615833,18,,,1,55,,1615834,18,,,1,15,,1615835,18,,,1,14,,1615836,18,,,1,15,,1615838,18,,,1,55,,1615839,18,,,1,15,,1615840,18,,,1,14,,1615837,18,,,1,16,,1615841,18,,,1,55,,1615842,18,,,1,16,,1615843,18,,,1,14,,1615844,18,,,1,16,,1615845,18,,,1,56,,1615846,18,,,1,14,,1615847,18,,,1,16,,1615849,18,,,1,16,,1615850,18,,,1,55,,1615851,18,,,1,17,,1615848,18,,,1,13,,1615852,18,,,1,15,,1615853,18,,,1,55,,1615854,18,,,1,15,,1615855,18,,,1,15,,1615857,18,,,1,15,,1615858,18,,,1,57,,1615859,18,,,1,17,,1615856,18,,,1,14,,1615860,18,,,1,54,,1615861,18,,,1,15,,1615862,18,,,1,15,,1615863,18,,,1,15,,1615864,18,,,1,55,,1615865,18,,,1,16,,1615866,18,,,1,14,,1615868,18,,,1,15,,1615869,18,,,1,55,,1615870,18,,,1,15,,1615867,18,,,1,15,,1615871,18,,,1,14,,1615872,18,,,1,15,,1615873,18,,,1,54,,1615874,18,,,1,15,,1615875,18,,,1,15,,1615876,18,,,1
80003,'20261018',539,,1615894,18,,,1,15,,1615884,18,,,1,55,,1615889,18,,,1,15,,1615882,18,,,1,15,,1615895,18,,,1,16,,1615880,18,,,1,55,,1615879,18,,,1,15,,1615888,18,,,1,15,,1615896,18,,,1,15,,1615877,18,,,1,56,,1615890,18,,,1,15,,1615883,18,,,1,15,,1615878,18,,,1,15,,1615897,18,,,1,55,,1615898,18,,,1,15,,1615892,18,,,1,14,,1615885,18,,,1,15,,1615893,18,,,1,55,,1615886,18,,,1,16,,1615900,18,,,1,16,,1615881,18,,,1,15,,1615901,18,,,1,55,,1615899,18,,,1,15,,1615904,18,,,1,16,,1615902,18,,,1,16,,1615887,18,,,1,53,,1615909,18,,,1,14,,1615903,18,,,1,15,,1615910,18,,,1,15,,1615905,18,,,1,55,,1615906,18,,,1,14,,1615907,18,,,1,16,,1615908,18,,,1,15,,1615891,18,,,1,55,,1615911,18,,,1,15,,1615927,18,,,1,14,,1615920,18,,,1,15,,1615923,18,,,1,55,,1615917,18,,,1,15,,1615926,18,,,1,14,,1615918,18,,,1,16,,1615919,18,,,1,55,,1615913,18,,,1,16,,1615928,18,,,1,14,,1615929,18,,,1,16,,1615924,18,,,1,56,,1615914,18,,,1,14,,1615921,18,,,1,16,,1615925,18,,,1,16,,1615930,18,,,1,55,,1615931,18,,,1,17,,1615922,18,,,1,13,,1615912,18,,,1,15,,1615932,18,,,1,55,,1615933,18,,,1,15,,1615934,18,,,1,15,,1615935,18,,,1,15,,1615916,18,,,1,57,,1615945,18,,,1,17,,1615915,18,,,1,14,,1615950,18,,,1,54,,1615937,18,,,1,15,,1615939,18,,,1,15,,1615947,18,,,1,15,,1615941,18,,,1,55,,1615940,18,,,1,16,,1615948,18,,,1,14,,1615936,18,,,1,15,,1615944,18,,,1,55,,1615943,18,,,1,15,,1615942,18,,,1,15,,1615949,18,,,1,14,,1615951,18,,,1,15,,1615952,18,,,1,54,,1615938,18,,,1,15,,1615946,18,,,1,15,,1615953,18,,,1
80003,'20261019',458,,1616044,18,,,1,55,,1615957,18,,,1,15,,1615983,18,,,1,15,,1615980,18,,,1,13,,1615962,18,,,1,49,,1615982,18,,,1,10,,1615959,18,,,1,10,,1615970,18,,,1,10,,1616038,18,,,1,10,,1616037,18,,,1,10,,1616036,18,,,1,49,,1616035,18,,,1,10,,1616034,18,,,1,9,,1616033,18,,,1,7,,1616032,18,,,1,8,,1616031,18,,,1,11,,1616030,18,,,1,10,,1616029,18,,,1,54,,1616028,18,,,1,15,,1616027,18,,,1,15,,1616026,18,,,1,14,,1616025,18,,,1,55,,1616024,18,,,1,15,,1616023,18,,,1,15,,1616022,18,,,1,16,,1616021,18,,,1,53,,1616020,18,,,1,15,,1616019,18,,,1,15,,1616018,18,,,1,16,,1616017,18,,,1,55,,1616016,18,,,1,15,,1616015,18,,,1,15,,1616014,18,,,1,15,,1616013,18,,,1,55,,1616012,18,,,1,15,,1616011,18,,,1,15,,1616010,18,,,1,15,,1616009,18,,,1,55,,1616008,18,,,1,15,,1616007,18,,,1,15,,1616006,18,,,1,15,,1616005,18,,,1,54,,1615972,18,,,1,16,,1616004,18,,,1,15,,1615981,18,,,1,14,,1615978,18,,,1,52,,1616003,18,,,1,11,,1615985,18,,,1,10,,1616043,18,,,1,10,,1616040,18,,,1,9,,1615984,18,,,1,11,,1615967,18,,,1,50,,1615986,18,,,1,10,,1616002,18,,,1,10,,1615961,18,,,1,10,,1615954,18,,,1,10,,1615975,18,,,1,10,,1616001,18,,,1,51,,1615956,18,,,1,10,,1615955,18,,,1,10,,1616000,18,,,1,10,,1615999,18,,,1,12,,1616041,18,,,1,49,,1615958,18,,,1,13,,1615960,18,,,1,15,,1615998,18,,,1,15,,1615976,18,,,1,57,,1616042,18,,,1,14,,1615997,18,,,1,14,,1615964,18,,,1,14,,1615963,18,,,1,15,,1615996,18,,,1,56,,1615965,18,,,1,15,,1615995,18,,,1,15,,1615994,18,,,1,15,,1615966,18,,,1,56,,1615993,18,,,1,15,,1615969,18,,,1,15,,1615968,18,,,1,55,,1615992,18,,,1,15,,1615971,18,,,1,15,,1615991,18,,,1,16,,1615973,18,,,1,13,,1615990,18,,,1,55,,1615974,18,,,1,16,,1615989,18,,,1,16,,1615977,18,,,1,54,,1615988,18,,,1,16,,1615979,18,,,1,16,,1615987,18,,,1,15,,1616039,18,,,1
80003,'20261020',458,,1616135,18,,,1,55,,1616048,18,,,1,15,,1616074,18,,,1,15,,1616071,18,,,1,13,,1616053,18,,,1,49,,1616073,18,,,1,10,,1616050,18,,,1,10,,1616061,18,,,1,10,,1616129,18,,,1,10,,1616128,18,,,1,10,,1616127,18,,,1,49,,1616126,18,,,1,10,,1616125,18,,,1,9,,1616124,18,,,1,7,,1616123,18,,,1,8,,1616122,18,,,1,11,,1616121,18,,,1,10,,1616120,18,,,1,54,,1616119,18,,,1,15,,1616118,18,,,1,15,,1616117,18,,,1,14,,1616116,18,,,1,55,,1616115,18,,,1,15,,1616114,18,,,1,15,,1616113,18,,,1,16,,1616112,18,,,1,53,,1616111,18,,,1,15,,1616110,18,,,1,15,,1616109,18,,,1,16,,1616108,18,,,1,55,,1616107,18,,,1,15,,1616106,18,,,1,15,,1616105,18,,,1,15,,1616104,18,,,1,55,,1616103,18,,,1,15,,1616102,18,,,1,15,,1616101,18,,,1,15,,1616100,18,,,1,55,,1616099,18,,,1,15,,1616098,18,,,1,15,,1616097,18,,,1,15,,1616096,18,,,1,54,,1616063,18,,,1,16,,1616095,18,,,1,15,,1616072,18,,,1,14,,1616069,18,,,1,52,,1616094,18,,,1,11,,1616076,18,,,1,10,,1616134,18,,,1,10,,1616131,18,,,1,9,,1616075,18,,,1,11,,1616058,18,,,1,50,,1616077,18,,,1,10,,1616093,18,,,1,10,,1616052,18,,,1,10,,1616045,18,,,1,10,,1616066,18,,,1,10,,1616092,18,,,1,51,,1616047,18,,,1,10,,1616046,18,,,1,10,,1616091,18,,,1,10,,1616090,18,,,1,12,,1616132,18,,,1,49,,1616049,18,,,1,13,,1616051,18,,,1,15,,1616089,18,,,1,15,,1616067,18,,,1,57,,1616133,18,,,1,14,,1616088,18,,,1,14,,1616055,18,,,1,14,,1616054,18,,,1,15,,1616087,18,,,1,56,,1616056,18,,,1,15,,1616086,18,,,1,15,,1616085,18,,,1,15,,1616057,18,,,1,56,,1616084,18,,,1,15,,1616060,18,,,1,15,,1616059,18,,,1,55,,1616083,18,,,1,15,,1616062,18,,,1,15,,1616082,18,,,1,16,,1616064,18,,,1,13,,1616081,18,,,1,55,,1616065,18,,,1,16,,1616080,18,,,1,16,,1616068,18,,,1,54,,1616079,18,,,1,16,,1616070,18,,,1,16,,1616078,18,,,1,15,,1616130,18,,,1
80003,'20261021',458,,1640177,18,,,1,55,,1640090,18,,,1,15,,1640116,18,,,1,15,,1640113,18,,,1,13,,1640095,18,,,1,49,,1640115,18,,,1,10,,1640092,18,,,1,10,,1640103,18,,,1,10,,1640171,18,,,1,10,,1640170,18,,,1,10,,1640169,18,,,1,49,,1640168,18,,,1,10,,1640167,18,,,1,9,,1640166,18,,,1,7,,1640165,18,,,1,8,,1640164,18,,,1,11,,1640163,18,,,1,10,,1640162,18,,,1,54,,1640161,18,,,1,15,,1640160,18,,,1,15,,1640159,18,,,1,14,,1640158,18,,,1,55,,1640157,18,,,1,15,,1640156,18,,,1,15,,1640155,18,,,1,16,,1640154,18,,,1,53,,1640153,18,,,1,15,,1640152,18,,,1,15,,1640151,18,,,1,16,,1640150,18,,,1,55,,1640149,18,,,1,15,,1640148,18,,,1,15,,1640147,18,,,1,15,,1640146,18,,,1,55,,1640145,18,,,1,15,,1640144,18,,,1,15,,1640143,18,,,1,15,,1640142,18,,,1,55,,1640141,18,,,1,15,,1640140,18,,,1,15,,1640139,18,,,1,15,,1640138,18,,,1,54,,1640105,18,,,1,16,,1640137,18,,,1,15,,1640114,18,,,1,14,,1640111,18,,,1,52,,1640136,18,,,1,11,,1640118,18,,,1,10,,1640176,18,,,1,10,,1640173,18,,,1,9,,1640117,18,,,1,11,,1640100,18,,,1,50,,1640119,18,,,1,10,,1640135,18,,,1,10,,1640094,18,,,1,10,,1640087,18,,,1,10,,1640108,18,,,1,10,,1640134,18,,,1,51,,1640089,18,,,1,10,,1640088,18,,,1,10,,1640133,18,,,1,10,,1640132,18,,,1,12,,1640174,18,,,1,49,,1640091,18,,,1,13,,1640093,18,,,1,15,,1640131,18,,,1,15,,1640109,18,,,1,57,,1640175,18,,,1,14,,1640130,18,,,1,14,,1640097,18,,,1,14,,1640096,18,,,1,15,,1640129,18,,,1,56,,1640098,18,,,1,15,,1640128,18,,,1,15,,1640127,18,,,1,15,,1640099,18,,,1,56,,1640126,18,,,1,15,,1640102,18,,,1,15,,1640101,18,,,1,55,,1640125,18,,,1,15,,1640104,18,,,1,15,,1640124,18,,,1,16,,1640106,18,,,1,13,,1640123,18,,,1,55,,1640107,18,,,1,16,,1640122,18,,,1,16,,1640110,18,,,1,54,,1640121,18,,,1,16,,1640112,18,,,1,16,,1640120,18,,,1,15,,1640172,18,,,1
80003,'20261022',458,,1640268,18,,,1,55,,1640181,18,,,1,15,,1640207,18,,,1,15,,1640204,18,,,1,13,,1640186,18,,,1,49,,1640206,18,,,1,10,,1640183,18,,,1,10,,1640194,18,,,1,10,,1640262,18,,,1,10,,1640261,18,,,1,10,,1640260,18,,,1,49,,1640259,18,,,1,10,,1640258,18,,,1,9,,1640257,18,,,1,7,,1640256,18,,,1,8,,1640255,18,,,1,11,,1640254,18,,,1,10,,1640253,18,,,1,54,,1640252,18,,,1,15,,1640251,18,,,1,15,,1640250,18,,,1,14,,1640249,18,,,1,55,,1640248,18,,,1,15,,1640247,18,,,1,15,,1640246,18,,,1,16,,1640245,18,,,1,53,,1640244,18,,,1,15,,1640243,18,,,1,15,,1640242,18,,,1,16,,1640241,18,,,1,55,,1640240,18,,,1,15,,1640239,18,,,1,15,,1640238,18,,,1,15,,1640237,18,,,1,55,,1640236,18,,,1,15,,1640235,18,,,1,15,,1640234,18,,,1,15,,1640233,18,,,1,55,,1640232,18,,,1,15,,1640231,18,,,1,15,,1640230,18,,,1,15,,1640229,18,,,1,54,,1640196,18,,,1,16,,1640228,18,,,1,15,,1640205,18,,,1,14,,1640202,18,,,1,52,,1640227,18,,,1,11,,1640209,18,,,1,10,,1640267,18,,,1,10,,1640264,18,,,1,9,,1640208,18,,,1,11,,1640191,18,,,1,50,,1640210,18,,,1,10,,1640226,18,,,1,10,,1640185,18,,,1,10,,1640178,18,,,1,10,,1640199,18,,,1,10,,1640225,18,,,1,51,,1640180,18,,,1,10,,1640179,18,,,1,10,,1640224,18,,,1,10,,1640223,18,,,1,12,,1640265,18,,,1,49,,1640182,18,,,1,13,,1640184,18,,,1,15,,1640222,18,,,1,15,,1640200,18,,,1,57,,1640266,18,,,1,14,,1640221,18,,,1,14,,1640188,18,,,1,14,,1640187,18,,,1,15,,1640220,18,,,1,56,,1640189,18,,,1,15,,1640219,18,,,1,15,,1640218,18,,,1,15,,1640190,18,,,1,56,,1640217,18,,,1,15,,1640193,18,,,1,15,,1640192,18,,,1,55,,1640216,18,,,1,15,,1640195,18,,,1,15,,1640215,18,,,1,16,,1640197,18,,,1,13,,1640214,18,,,1,55,,1640198,18,,,1,16,,1640213,18,,,1,16,,1640201,18,,,1,54,,1640212,18,,,1,16,,1640203,18,,,1,16,,1640211,18,,,1,15,,1640263,18,,,1
80003,'20261023',458,,1640359,18,,,1,55,,1640272,18,,,1,15,,1640298,18,,,1,15,,1640295,18,,,1,13,,1640277,18,,,1,49,,1640297,18,,,1,10,,1640274,18,,,1,10,,1640285,18,,,1,10,,1640353,18,,,1,10,,1640352,18,,,1,10,,1640351,18,,,1,49,,1640350,18,,,1,10,,1640349,18,,,1,9,,1640348,18,,,1,7,,1640347,18,,,1,8,,1640346,18,,,1,11,,1640345,18,,,1,10,,1640344,18,,,1,54,,1640343,18,,,1,15,,1640342,18,,,1,15,,1640341,18,,,1,14,,1640340,18,,,1,55,,1640339,18,,,1,15,,1640338,18,,,1,15,,1640337,18,,,1,16,,1640336,18,,,1,53,,1640335,18,,,1,15,,1640334,18,,,1,15,,1640333,18,,,1,16,,1640332,18,,,1,55,,1640331,18,,,1,15,,1640330,18,,,1,15,,1640329,18,,,1,15,,1640328,18,,,1,55,,1640327,18,,,1,15,,1640326,18,,,1,15,,1640325,18,,,1,15,,1640324,18,,,1,55,,1640323,18,,,1,15,,1640322,18,,,1,15,,1640321,18,,,1,15,,1640320,18,,,1,54,,1640287,18,,,1,16,,1640319,18,,,1,15,,1640296,18,,,1,14,,1640293,18,,,1,52,,1640318,18,,,1,11,,1640300,18,,,1,10,,1640358,18,,,1,10,,1640355,18,,,1,9,,1640299,18,,,1,11,,1640282,18,,,1,50,,1640301,18,,,1,10,,1640317,18,,,1,10,,1640276,18,,,1,10,,1640269,18,,,1,10,,1640290,18,,,1,10,,1640316,18,,,1,51,,1640271,18,,,1,10,,1640270,18,,,1,10,,1640315,18,,,1,10,,1640314,18,,,1,12,,1640356,18,,,1,49,,1640273,18,,,1,13,,1640275,18,,,1,15,,1640313,18,,,1,15,,1640291,18,,,1,57,,1640357,18,,,1,14,,1640312,18,,,1,14,,1640279,18,,,1,14,,1640278,18,,,1,15,,1640311,18,,,1,56,,1640280,18,,,1,15,,1640310,18,,,1,15,,1640309,18,,,1,15,,1640281,18,,,1,56,,1640308,18,,,1,15,,1640284,18,,,1,15,,1640283,18,,,1,55,,1640307,18,,,1,15,,1640286,18,,,1,15,,1640306,18,,,1,16,,1640288,18,,,1,13,,1640305,18,,,1,55,,1640289,18,,,1,16,,1640304,18,,,1,16,,1640292,18,,,1,54,,1640303,18,,,1,16,,1640294,18,,,1,16,,1640302,18,,,1,15,,1640354,18,,,1
