13601,'20260929',609,,1552592,12,,,0,9,,1552593,12,,,0,10,,1552594,12,,,0,8,,1552595,12,,,0,8,,1552596,12,,,0,7,,1552597,12,,,0,7,,1552598,12,,,0,49,,1552599,12,,,0,8,,1552600,12,,,0,9,,1552601,12,,,0,13,,1552602,12,,,0,10,,1552603,12,,,0,8,,1552604,12,,,0,52,,1552605,12,,,0
13601,'20260930',609,,1552606,12,,,0,9,,1552607,12,,,0,10,,1552608,12,,,0,8,,1552609,12,,,0,8,,1552610,12,,,0,7,,1552611,12,,,0,7,,1552612,12,,,0,49,,1552613,12,,,0,8,,1552614,12,,,0,9,,1552615,12,,,0,13,,1552616,12,,,0,10,,1552617,12,,,0,8,,1552618,12,,,0,52,,1552619,12,,,0
13601,'20261001',609,,1552620,12,,,0,9,,1552621,12,,,0,10,,1552622,12,,,0,8,,1552623,12,,,0,8,,1552624,12,,,0,7,,1552625,12,,,0,7,,1552626,12,,,0,49,,1552627,12,,,0,8,,1552628,12,,,0,9,,1552629,12,,,0,13,,1552630,12,,,0,10,,1552631,12,,,0,8,,1552632,12,,,0,52,,1552633,12,,,0
13601,'20261002',609,,1475564,12,,,0,9,,1475565,12,,,0,10,,1475566,12,,,0,8,,1475570,12,,,0,8,,1475558,12,,,0,7,,1475559,12,,,0,7,,1475567,12,,,0,49,,1475571,12,,,0,8,,1475560,12,,,0,9,,1475561,12,,,0,13,,1475568,12,,,0,10,,1475562,12,,,0,8,,1475569,12,,,0,52,,1475563,12,,,0
13601,'20261005',609,,1498601,12,,,0,9,,1498602,12,,,0,10,,1498603,12,,,0,8,,1498607,12,,,0,8,,1498595,12,,,0,7,,1498596,12,,,0,7,,1498604,12,,,0,49,,1498608,12,,,0,8,,1498597,12,,,0,9,,1498598,12,,,0,13,,1498605,12,,,0,10,,1498599,12,,,0,8,,1498606,12,,,0,52,,1498600,12,,,0
13601,'20261006',609,,1526377,12,,,0,9,,1526378,12,,,0,10,,1526379,12,,,0,8,,1526383,12,,,0,8,,1526371,12,,,0,7,,1526372,12,,,0,7,,1526380,12,,,0,49,,1526384,12,,,0,8,,1526373,12,,,0,9,,1526374,12,,,0,13,,1526381,12,,,0,10,,1526375,12,,,0,8,,1526382,12,,,0,52,,1526376,12,,,0
13601,'20261007',609,,1526391,12,,,0,9,,1526392,12,,,0,10,,1526393,12,,,0,8,,1526397,12,,,0,8,,1526385,12,,,0,7,,1526386,12,,,0,7,,1526394,12,,,0,49,,1526398,12,,,0,8,,1526387,12,,,0,9,,1526388,12,,,0,13,,1526395,12,,,0,10,,1526389,12,,,0,8,,1526396,12,,,0,52,,1526390,12,,,0
13601,'20261008',609,,1526405,12,,,0,9,,1526406,12,,,0,10,,1526407,12,,,0,8,,1526411,12,,,0,8,,1526399,12,,,0,7,,1526400,12,,,0,7,,1526408,12,,,0,49,,1526412,12,,,0,8,,1526401,12,,,0,9,,1526402,12,,,0,13,,1526409,12,,,0,10,,1526403,12,,,0,8,,1526410,12,,,0,52,,1526404,12,,,0
13601,'20261009',609,,1526419,12,,,0,9,,1526420,12,,,0,10,,1526421,12,,,0,8,,1526425,12,,,0,8,,1526413,12,,,0,7,,1526414,12,,,0,7,,1526422,12,,,0,49,,1526426,12,,,0,8,,1526415,12,,,0,9,,1526416,12,,,0,13,,1526423,12,,,0,10,,1526417,12,,,0,8,,1526424,12,,,0,52,,1526418,12,,,0
33801,'20260929',635,,1553552,12,,,0,14,,1553553,12,,,0,72,,1553554,12,,,0,388,,1553555,12,,,0
33801,'20260930',635,,1553556,12,,,0,14,,1553557,12,,,0,72,,1553558,12,,,0,388,,1553559,12,,,0
33801,'20261001',635,,1553560,12,,,0,14,,1553561,12,,,0,72,,1553562,12,,,0,388,,1553563,12,,,0
33801,'20261002',635,,1476801,12,,,0,14,,1476802,12,,,0,72,,1476803,12,,,0,388,,1476804,12,,,0
33801,'20261005',635,,1499840,12,,,0,14,,1499841,12,,,0,72,,1499842,12,,,0,388,,1499843,12,,,0
33801,'20261006',635,,1528261,12,,,0,14,,1528262,12,,,0,72,,1528263,12,,,0,388,,1528264,12,,,0
33801,'20261007',635,,1528265,12,,,0,14,,1528266,12,,,0,72,,1528267,12,,,0,388,,1528268,12,,,0
33801,'20261008',635,,1528269,12,,,0,14,,1528270,12,,,0,72,,1528271,12,,,0,388,,1528272,12,,,0
33801,'20261009',635,,1528273,12,,,0,14,,1528274,12,,,0,72,,1528275,12,,,0,388,,1528276,12,,,0
53801,'20260929',624,,1553958,12,,,0,33,,1553959,12,,,0,70,,1553960,12,,,0
53801,'20260930',624,,1553961,12,,,0,33,,1553962,12,,,0,70,,1553963,12,,,0
53801,'20261001',624,,1553964,12,,,0,33,,1553965,12,,,0,70,,1553966,12,,,0
53801,'20261002',624,,1477396,12,,,0,33,,1477397,12,,,0,70,,1477398,12,,,0
53801,'20261005',624,,1500369,12,,,0,33,,1500370,12,,,0,70,,1500371,12,,,0
53801,'20261006',624,,1529054,12,,,0,33,,1529055,12,,,0,70,,1529056,12,,,0
53801,'20261007',624,,1529057,12,,,0,33,,1529058,12,,,0,70,,1529059,12,,,0
53801,'20261008',624,,1529060,12,,,0,33,,1529061,12,,,0,70,,1529062,12,,,0
53801,'20261009',624,,1529063,12,,,0,33,,1529064,12,,,0,70,,1529065,12,,,0
