300,'20261009',541,,1594409,25,,,0,70,,1594410,25,,,0,27,,1594411,25,,,0,70,,1594412,25,,,0,35,,1594413,25,,,0,65,,1594414,25,,,0,28,,1594415,25,,,0,74,,1594416,25,,,0,31,,1594417,25,,,0,71,,1594418,25,,,0,29,,1594419,25,,,0,70,,1594420,25,,,0,29,,1594421,25,,,0,70,,1594422,25,,,0,30,,1594423,25,,,0,70,,1594424,25,,,0,31,,1594425,25,,,0,69,,1594426,25,,,0,31,,1594427,25,,,0,69,,1594428,25,,,0,27,,1594429,25,,,0,67,,1594430,25,,,0,8,,1594431,25,,,0,22,,1594432,25,,,0,8,,1594408,25,,,0,65,,1594433,25,,,0,24,,1594434,25,,,0,8,,1594435,25,,,0,17,,1594436,25,,,0,53,,1594437,25,,,0,31,,1594438,25,,,0,70,,1594439,25,,,0,30,,1594440,25,,,0,71,,1594441,25,,,0,29,,1594442,25,,,0,71,,1594443,25,,,0,30,,1594444,25,,,0,72,,1594445,25,,,0,28,,1594446,25,,,0,72,,1594447,25,,,0,28,,1594448,25,,,0,69,,1594449,25,,,0
300,'20261010',608,,1625961,25,,,0,32,,1625962,25,,,0,73,,1625963,25,,,0,27,,1625964,25,,,0,72,,1625965,25,,,0,27,,1625966,25,,,0,71,,1625967,25,,,0,29,,1625968,25,,,0,71,,1625969,25,,,0,29,,1625970,25,,,0,70,,1625971,25,,,0,30,,1625972,25,,,0,70,,1625973,25,,,0,33,,1625974,25,,,0,67,,1625975,25,,,0,33,,1625976,25,,,0,67,,1625977,25,,,0,29,,1625978,25,,,0,71,,1625979,25,,,0,33,,1625980,25,,,0,67,,1625981,25,,,0,31,,1625982,25,,,0,69,,1625983,25,,,0,34,,1625984,25,,,0,66,,1625985,25,,,0,33,,1625986,25,,,0,68,,1625987,25,,,0,32,,1625988,25,,,0,68,,1625989,25,,,0,31,,1625990,25,,,0,69,,1625991,25,,,0,32,,1625992,25,,,0,70,,1625993,25,,,0,30,,1625994,25,,,0,70,,1625995,25,,,0,30,,1625996,25,,,0,71,,1625997,25,,,0
300,'20261011',608,,1625998,25,,,0,32,,1625999,25,,,0,73,,1626000,25,,,0,27,,1626001,25,,,0,72,,1626002,25,,,0,27,,1626003,25,,,0,71,,1626004,25,,,0,29,,1626005,25,,,0,71,,1626006,25,,,0,29,,1626007,25,,,0,70,,1626008,25,,,0,30,,1626009,25,,,0,70,,1626010,25,,,0,33,,1626011,25,,,0,67,,1626012,25,,,0,33,,1626013,25,,,0,67,,1626014,25,,,0,29,,1626015,25,,,0,71,,1626016,25,,,0,33,,1626017,25,,,0,67,,1626018,25,,,0,31,,1626019,25,,,0,69,,1626020,25,,,0,34,,1626021,25,,,0,66,,1626022,25,,,0,33,,1626023,25,,,0,68,,1626024,25,,,0,32,,1626025,25,,,0,68,,1626026,25,,,0,31,,1626027,25,,,0,69,,1626028,25,,,0,32,,1626029,25,,,0,70,,1626030,25,,,0,30,,1626031,25,,,0,70,,1626032,25,,,0,30,,1626033,25,,,0,71,,1626034,25,,,0
300,'20261012',608,,1626035,25,,,0,32,,1626036,25,,,0,73,,1626037,25,,,0,27,,1626038,25,,,0,72,,1626039,25,,,0,27,,1626040,25,,,0,71,,1626041,25,,,0,29,,1626042,25,,,0,71,,1626043,25,,,0,29,,1626044,25,,,0,70,,1626045,25,,,0,30,,1626046,25,,,0,70,,1626047,25,,,0,33,,1626048,25,,,0,67,,1626049,25,,,0,33,,1626050,25,,,0,67,,1626051,25,,,0,29,,1626052,25,,,0,71,,1626053,25,,,0,33,,1626054,25,,,0,67,,1626055,25,,,0,31,,1626056,25,,,0,69,,1626057,25,,,0,34,,1626058,25,,,0,66,,1626059,25,,,0,33,,1626060,25,,,0,68,,1626061,25,,,0,32,,1626062,25,,,0,68,,1626063,25,,,0,31,,1626064,25,,,0,69,,1626065,25,,,0,32,,1626066,25,,,0,70,,1626067,25,,,0,30,,1626068,25,,,0,70,,1626069,25,,,0,30,,1626070,25,,,0,71,,1626071,25,,,0
300,'20261013',541,,1562765,25,,,0,70,,1562744,25,,,0,27,,1562766,25,,,0,70,,1562745,25,,,0,35,,1562767,25,,,0,65,,1562746,25,,,0,28,,1562768,25,,,0,74,,1562747,25,,,0,31,,1562769,25,,,0,71,,1562748,25,,,0,29,,1562770,25,,,0,70,,1562749,25,,,0,29,,1562771,25,,,0,70,,1562750,25,,,0,30,,1562772,25,,,0,70,,1562751,25,,,0,31,,1562773,25,,,0,69,,1562752,25,,,0,31,,1562774,25,,,0,69,,1562753,25,,,0,27,,1562754,25,,,0,67,,1562755,25,,,0,8,,1562776,25,,,0,22,,1562756,25,,,0,8,,1562777,25,,,0,65,,1562757,25,,,0,24,,1562778,25,,,0,8,,1562758,25,,,0,17,,1562779,25,,,0,53,,1562759,25,,,0,31,,1562780,25,,,0,70,,1562760,25,,,0,30,,1562781,25,,,0,71,,1562761,25,,,0,29,,1562782,25,,,0,71,,1562762,25,,,0,30,,1562783,25,,,0,72,,1562763,25,,,0,28,,1562784,25,,,0,72,,1562764,25,,,0,28,,1562785,25,,,0,69,,1562775,25,,,0
300,'20261014',541,,1562807,25,,,0,70,,1562786,25,,,0,27,,1562808,25,,,0,70,,1562787,25,,,0,35,,1562809,25,,,0,65,,1562788,25,,,0,28,,1562810,25,,,0,74,,1562789,25,,,0,31,,1562811,25,,,0,71,,1562790,25,,,0,29,,1562812,25,,,0,70,,1562791,25,,,0,29,,1562813,25,,,0,70,,1562792,25,,,0,30,,1562814,25,,,0,70,,1562793,25,,,0,31,,1562815,25,,,0,69,,1562794,25,,,0,31,,1562816,25,,,0,69,,1562795,25,,,0,27,,1562796,25,,,0,67,,1562797,25,,,0,8,,1562818,25,,,0,22,,1562798,25,,,0,8,,1562819,25,,,0,65,,1562799,25,,,0,24,,1562820,25,,,0,8,,1562800,25,,,0,17,,1562821,25,,,0,53,,1562801,25,,,0,31,,1562822,25,,,0,70,,1562802,25,,,0,30,,1562823,25,,,0,71,,1562803,25,,,0,29,,1562824,25,,,0,71,,1562804,25,,,0,30,,1562825,25,,,0,72,,1562805,25,,,0,28,,1562826,25,,,0,72,,1562806,25,,,0,28,,1562827,25,,,0,69,,1562817,25,,,0
300,'20261015',541,,1562849,25,,,0,70,,1562828,25,,,0,27,,1562850,25,,,0,70,,1562829,25,,,0,35,,1562851,25,,,0,65,,1562830,25,,,0,28,,1562852,25,,,0,74,,1562831,25,,,0,31,,1562853,25,,,0,71,,1562832,25,,,0,29,,1562854,25,,,0,70,,1562833,25,,,0,29,,1562855,25,,,0,70,,1562834,25,,,0,30,,1562856,25,,,0,70,,1562835,25,,,0,31,,1562857,25,,,0,69,,1562836,25,,,0,31,,1562858,25,,,0,69,,1562837,25,,,0,27,,1562838,25,,,0,67,,1562839,25,,,0,8,,1562860,25,,,0,22,,1562840,25,,,0,8,,1562861,25,,,0,65,,1562841,25,,,0,24,,1562862,25,,,0,8,,1562842,25,,,0,17,,1562863,25,,,0,53,,1562843,25,,,0,31,,1562864,25,,,0,70,,1562844,25,,,0,30,,1562865,25,,,0,71,,1562845,25,,,0,29,,1562866,25,,,0,71,,1562846,25,,,0,30,,1562867,25,,,0,72,,1562847,25,,,0,28,,1562868,25,,,0,72,,1562848,25,,,0,28,,1562869,25,,,0,69,,1562859,25,,,0
300,'20261016',541,,1562891,25,,,0,70,,1562870,25,,,0,27,,1562892,25,,,0,70,,1562871,25,,,0,35,,1562893,25,,,0,65,,1562872,25,,,0,28,,1562894,25,,,0,74,,1562873,25,,,0,31,,1562895,25,,,0,71,,1562874,25,,,0,29,,1562896,25,,,0,70,,1562875,25,,,0,29,,1562897,25,,,0,70,,1562876,25,,,0,30,,1562898,25,,,0,70,,1562877,25,,,0,31,,1562899,25,,,0,69,,1562878,25,,,0,31,,1562900,25,,,0,69,,1562879,25,,,0,27,,1562880,25,,,0,67,,1562881,25,,,0,8,,1562902,25,,,0,22,,1562882,25,,,0,8,,1562903,25,,,0,65,,1562883,25,,,0,24,,1562904,25,,,0,8,,1562884,25,,,0,17,,1562905,25,,,0,53,,1562885,25,,,0,31,,1562906,25,,,0,70,,1562886,25,,,0,30,,1562907,25,,,0,71,,1562887,25,,,0,29,,1562908,25,,,0,71,,1562888,25,,,0,30,,1562909,25,,,0,72,,1562889,25,,,0,28,,1562910,25,,,0,72,,1562890,25,,,0,28,,1562911,25,,,0,69,,1562901,25,,,0
300,'20261017',608,,1594480,25,,,0,32,,1594481,25,,,0,73,,1594450,25,,,0,27,,1594468,25,,,0,72,,1594451,25,,,0,27,,1594469,25,,,0,71,,1594452,25,,,0,29,,1594470,25,,,0,71,,1594453,25,,,0,29,,1594471,25,,,0,70,,1594454,25,,,0,30,,1594472,25,,,0,70,,1594455,25,,,0,33,,1594473,25,,,0,67,,1594456,25,,,0,33,,1594474,25,,,0,67,,1594457,25,,,0,29,,1594475,25,,,0,71,,1594458,25,,,0,33,,1594476,25,,,0,67,,1594459,25,,,0,31,,1594477,25,,,0,69,,1594460,25,,,0,34,,1594478,25,,,0,66,,1594461,25,,,0,33,,1594479,25,,,0,68,,1594462,25,,,0,32,,1594482,25,,,0,68,,1594463,25,,,0,31,,1594483,25,,,0,69,,1594464,25,,,0,32,,1594484,25,,,0,70,,1594465,25,,,0,30,,1594485,25,,,0,70,,1594466,25,,,0,30,,1594486,25,,,0,71,,1594467,25,,,0
300,'20261018',608,,1594517,25,,,0,32,,1594518,25,,,0,73,,1594487,25,,,0,27,,1594505,25,,,0,72,,1594488,25,,,0,27,,1594506,25,,,0,71,,1594489,25,,,0,29,,1594507,25,,,0,71,,1594490,25,,,0,29,,1594508,25,,,0,70,,1594491,25,,,0,30,,1594509,25,,,0,70,,1594492,25,,,0,33,,1594510,25,,,0,67,,1594493,25,,,0,33,,1594511,25,,,0,67,,1594494,25,,,0,29,,1594512,25,,,0,71,,1594495,25,,,0,33,,1594514,25,,,0,67,,1594496,25,,,0,31,,1594515,25,,,0,69,,1594497,25,,,0,34,,1594516,25,,,0,66,,1594498,25,,,0,33,,1594513,25,,,0,68,,1594499,25,,,0,32,,1594519,25,,,0,68,,1594500,25,,,0,31,,1594520,25,,,0,69,,1594501,25,,,0,32,,1594521,25,,,0,70,,1594502,25,,,0,30,,1594523,25,,,0,70,,1594503,25,,,0,30,,1594522,25,,,0,71,,1594504,25,,,0
300,'20261019',541,,1594545,25,,,0,70,,1594524,25,,,0,27,,1594546,25,,,0,70,,1594525,25,,,0,35,,1594547,25,,,0,65,,1594526,25,,,0,28,,1594548,25,,,0,74,,1594527,25,,,0,31,,1594549,25,,,0,71,,1594528,25,,,0,29,,1594550,25,,,0,70,,1594529,25,,,0,29,,1594551,25,,,0,70,,1594530,25,,,0,30,,1594552,25,,,0,70,,1594531,25,,,0,31,,1594553,25,,,0,69,,1594532,25,,,0,31,,1594554,25,,,0,69,,1594533,25,,,0,27,,1594534,25,,,0,67,,1594535,25,,,0,8,,1594556,25,,,0,22,,1594536,25,,,0,8,,1594557,25,,,0,65,,1594537,25,,,0,24,,1594558,25,,,0,8,,1594538,25,,,0,17,,1594559,25,,,0,53,,1594539,25,,,0,31,,1594560,25,,,0,70,,1594540,25,,,0,30,,1594561,25,,,0,71,,1594541,25,,,0,29,,1594562,25,,,0,71,,1594542,25,,,0,30,,1594563,25,,,0,72,,1594543,25,,,0,28,,1594564,25,,,0,72,,1594544,25,,,0,28,,1594565,25,,,0,69,,1594555,25,,,0
300,'20261020',541,,1594587,25,,,0,70,,1594566,25,,,0,27,,1594588,25,,,0,70,,1594567,25,,,0,35,,1594589,25,,,0,65,,1594568,25,,,0,28,,1594590,25,,,0,74,,1594569,25,,,0,31,,1594591,25,,,0,71,,1594570,25,,,0,29,,1594592,25,,,0,70,,1594571,25,,,0,29,,1594593,25,,,0,70,,1594572,25,,,0,30,,1594594,25,,,0,70,,1594573,25,,,0,31,,1594595,25,,,0,69,,1594574,25,,,0,31,,1594596,25,,,0,69,,1594575,25,,,0,27,,1594576,25,,,0,67,,1594577,25,,,0,8,,1594598,25,,,0,22,,1594578,25,,,0,8,,1594599,25,,,0,65,,1594579,25,,,0,24,,1594600,25,,,0,8,,1594580,25,,,0,17,,1594601,25,,,0,53,,1594581,25,,,0,31,,1594602,25,,,0,70,,1594582,25,,,0,30,,1594603,25,,,0,71,,1594583,25,,,0,29,,1594604,25,,,0,71,,1594584,25,,,0,30,,1594605,25,,,0,72,,1594585,25,,,0,28,,1594606,25,,,0,72,,1594586,25,,,0,28,,1594607,25,,,0,69,,1594597,25,,,0
300,'20261021',541,,1626093,25,,,0,70,,1626072,25,,,0,27,,1626094,25,,,0,70,,1626073,25,,,0,35,,1626095,25,,,0,65,,1626074,25,,,0,28,,1626096,25,,,0,74,,1626075,25,,,0,31,,1626097,25,,,0,71,,1626076,25,,,0,29,,1626098,25,,,0,70,,1626077,25,,,0,29,,1626099,25,,,0,70,,1626078,25,,,0,30,,1626100,25,,,0,70,,1626079,25,,,0,31,,1626101,25,,,0,69,,1626080,25,,,0,31,,1626102,25,,,0,69,,1626081,25,,,0,27,,1626082,25,,,0,67,,1626083,25,,,0,8,,1626104,25,,,0,22,,1626084,25,,,0,8,,1626105,25,,,0,65,,1626085,25,,,0,24,,1626106,25,,,0,8,,1626086,25,,,0,17,,1626107,25,,,0,53,,1626087,25,,,0,31,,1626108,25,,,0,70,,1626088,25,,,0,30,,1626109,25,,,0,71,,1626089,25,,,0,29,,1626110,25,,,0,71,,1626090,25,,,0,30,,1626111,25,,,0,72,,1626091,25,,,0,28,,1626112,25,,,0,72,,1626092,25,,,0,28,,1626113,25,,,0,69,,1626103,25,,,0
300,'20261022',541,,1626135,25,,,0,70,,1626114,25,,,0,27,,1626136,25,,,0,70,,1626115,25,,,0,35,,1626137,25,,,0,65,,1626116,25,,,0,28,,1626138,25,,,0,74,,1626117,25,,,0,31,,1626139,25,,,0,71,,1626118,25,,,0,29,,1626140,25,,,0,70,,1626119,25,,,0,29,,1626141,25,,,0,70,,1626120,25,,,0,30,,1626142,25,,,0,70,,1626121,25,,,0,31,,1626143,25,,,0,69,,1626122,25,,,0,31,,1626144,25,,,0,69,,1626123,25,,,0,27,,1626124,25,,,0,67,,1626125,25,,,0,8,,1626146,25,,,0,22,,1626126,25,,,0,8,,1626147,25,,,0,65,,1626127,25,,,0,24,,1626148,25,,,0,8,,1626128,25,,,0,17,,1626149,25,,,0,53,,1626129,25,,,0,31,,1626150,25,,,0,70,,1626130,25,,,0,30,,1626151,25,,,0,71,,1626131,25,,,0,29,,1626152,25,,,0,71,,1626132,25,,,0,30,,1626153,25,,,0,72,,1626133,25,,,0,28,,1626154,25,,,0,72,,1626134,25,,,0,28,,1626155,25,,,0,69,,1626145,25,,,0
300,'20261023',541,,1626177,25,,,0,70,,1626156,25,,,0,27,,1626178,25,,,0,70,,1626157,25,,,0,35,,1626179,25,,,0,65,,1626158,25,,,0,28,,1626180,25,,,0,74,,1626159,25,,,0,31,,1626181,25,,,0,71,,1626160,25,,,0,29,,1626182,25,,,0,70,,1626161,25,,,0,29,,1626183,25,,,0,70,,1626162,25,,,0,30,,1626184,25,,,0,70,,1626163,25,,,0,31,,1626185,25,,,0,69,,1626164,25,,,0,31,,1626186,25,,,0,69,,1626165,25,,,0,27,,1626166,25,,,0,67,,1626167,25,,,0,8,,1626188,25,,,0,22,,1626168,25,,,0,8,,1626189,25,,,0,65,,1626169,25,,,0,24,,1626190,25,,,0,8,,1626170,25,,,0,17,,1626191,25,,,0,53,,1626171,25,,,0,31,,1626192,25,,,0,70,,1626172,25,,,0,30,,1626193,25,,,0,71,,1626173,25,,,0,29,,1626194,25,,,0,71,,1626174,25,,,0,30,,1626195,25,,,0,72,,1626175,25,,,0,28,,1626196,25,,,0,72,,1626176,25,,,0,28,,1626197,25,,,0,69,,1626187,25,,,0
