902,'20261009',1542,,1596281,10,,,0,70,,1596282,10,,,0,30,,1596283,10,,,0,99,,1596284,10,,,0,699,,1596285,10,,,0
902,'20261013',1542,,1564579,10,,,0,70,,1564576,10,,,0,30,,1564577,10,,,0,99,,1564578,10,,,0,699,,1564580,10,,,0
902,'20261014',1542,,1564584,10,,,0,70,,1564581,10,,,0,30,,1564582,10,,,0,99,,1564583,10,,,0,699,,1564585,10,,,0
902,'20261015',1542,,1564589,10,,,0,70,,1564586,10,,,0,30,,1564587,10,,,0,99,,1564588,10,,,0,699,,1564590,10,,,0
902,'20261016',1542,,1564594,10,,,0,70,,1564591,10,,,0,30,,1564592,10,,,0,99,,1564593,10,,,0,699,,1564595,10,,,0
902,'20261019',1542,,1596289,10,,,0,70,,1596286,10,,,0,30,,1596287,10,,,0,99,,1596288,10,,,0,699,,1596290,10,,,0
902,'20261020',1542,,1596294,10,,,0,70,,1596291,10,,,0,30,,1596292,10,,,0,99,,1596293,10,,,0,699,,1596295,10,,,0
902,'20261021',1542,,1627314,10,,,0,70,,1627311,10,,,0,30,,1627312,10,,,0,99,,1627313,10,,,0,699,,1627315,10,,,0
902,'20261022',1542,,1627319,10,,,0,70,,1627316,10,,,0,30,,1627317,10,,,0,99,,1627318,10,,,0,699,,1627320,10,,,0
902,'20261023',1542,,1627324,10,,,0,70,,1627321,10,,,0,30,,1627322,10,,,0,99,,1627323,10,,,0,699,,1627325,10,,,0
