5501,'20261009',531,,1602849,7,,,0,28,,1602850,7,,,0,65,,1602851,7,,,0,31,,1602852,7,,,0,74,,1602853,7,,,0,77,,1602854,7,,,0,27,,1602855,7,,,0,96,,1602856,7,,,0,100,,1602857,7,,,0,99,,1602858,7,,,0,103,,1602859,7,,,0,95,,1602860,7,,,0,100,,1602861,7,,,0,100,,1602862,7,,,0,77,,1602863,7,,,0,40,,1602864,7,,,0,68,,1602865,7,,,0,28,,1602866,7,,,0,71,,1602867,7,,,0,31,,1602868,7,,,0,83,,1602869,7,,,0,90,,1602870,7,,,0,100,,1602871,7,,,0,102,,1602872,7,,,0,101,,1602873,7,,,0
5501,'20261010',703,,1631685,7,,,0,103,,1631686,7,,,0,99,,1631687,7,,,0,101,,1631688,7,,,0,94,,1631689,7,,,0,104,,1631690,7,,,0,98,,1631691,7,,,0,103,,1631692,7,,,0,99,,1631693,7,,,0,99,,1631694,7,,,0,103,,1631695,7,,,0,107,,1631696,7,,,0,93,,1631697,7,,,0,99,,1631698,7,,,0,103,,1631699,7,,,0,102,,1631700,7,,,0,102,,1631701,7,,,0
5501,'20261011',703,,1631702,7,,,0,103,,1631703,7,,,0,99,,1631704,7,,,0,101,,1631705,7,,,0,94,,1631706,7,,,0,104,,1631707,7,,,0,98,,1631708,7,,,0,103,,1631709,7,,,0,99,,1631710,7,,,0,99,,1631711,7,,,0,103,,1631712,7,,,0,107,,1631713,7,,,0,93,,1631714,7,,,0,99,,1631715,7,,,0,103,,1631716,7,,,0,102,,1631717,7,,,0,102,,1631718,7,,,0
5501,'20261012',703,,1631719,7,,,0,103,,1631720,7,,,0,99,,1631721,7,,,0,101,,1631722,7,,,0,94,,1631723,7,,,0,104,,1631724,7,,,0,98,,1631725,7,,,0,103,,1631726,7,,,0,99,,1631727,7,,,0,99,,1631728,7,,,0,103,,1631729,7,,,0,107,,1631730,7,,,0,93,,1631731,7,,,0,99,,1631732,7,,,0,103,,1631733,7,,,0,102,,1631734,7,,,0,102,,1631735,7,,,0
5501,'20261013',531,,1571157,7,,,0,28,,1571158,7,,,0,65,,1571147,7,,,0,31,,1571165,7,,,0,74,,1571143,7,,,0,77,,1571144,7,,,0,27,,1571159,7,,,0,96,,1571145,7,,,0,100,,1571146,7,,,0,99,,1571148,7,,,0,103,,1571161,7,,,0,95,,1571162,7,,,0,100,,1571166,7,,,0,100,,1571167,7,,,0,77,,1571149,7,,,0,40,,1571163,7,,,0,68,,1571150,7,,,0,28,,1571164,7,,,0,71,,1571151,7,,,0,31,,1571152,7,,,0,83,,1571153,7,,,0,90,,1571154,7,,,0,100,,1571155,7,,,0,102,,1571156,7,,,0,101,,1571160,7,,,0
5501,'20261014',531,,1571182,7,,,0,28,,1571183,7,,,0,65,,1571172,7,,,0,31,,1571190,7,,,0,74,,1571168,7,,,0,77,,1571169,7,,,0,27,,1571184,7,,,0,96,,1571170,7,,,0,100,,1571171,7,,,0,99,,1571173,7,,,0,103,,1571186,7,,,0,95,,1571187,7,,,0,100,,1571191,7,,,0,100,,1571192,7,,,0,77,,1571174,7,,,0,40,,1571188,7,,,0,68,,1571175,7,,,0,28,,1571189,7,,,0,71,,1571176,7,,,0,31,,1571177,7,,,0,83,,1571178,7,,,0,90,,1571179,7,,,0,100,,1571180,7,,,0,102,,1571181,7,,,0,101,,1571185,7,,,0
5501,'20261015',531,,1571207,7,,,0,28,,1571208,7,,,0,65,,1571197,7,,,0,31,,1571215,7,,,0,74,,1571193,7,,,0,77,,1571194,7,,,0,27,,1571209,7,,,0,96,,1571195,7,,,0,100,,1571196,7,,,0,99,,1571198,7,,,0,103,,1571211,7,,,0,95,,1571212,7,,,0,100,,1571216,7,,,0,100,,1571217,7,,,0,77,,1571199,7,,,0,40,,1571213,7,,,0,68,,1571200,7,,,0,28,,1571214,7,,,0,71,,1571201,7,,,0,31,,1571202,7,,,0,83,,1571203,7,,,0,90,,1571204,7,,,0,100,,1571205,7,,,0,102,,1571206,7,,,0,101,,1571210,7,,,0
5501,'20261016',531,,1571232,7,,,0,28,,1571233,7,,,0,65,,1571222,7,,,0,31,,1571240,7,,,0,74,,1571218,7,,,0,77,,1571219,7,,,0,27,,1571234,7,,,0,96,,1571220,7,,,0,100,,1571221,7,,,0,99,,1571223,7,,,0,103,,1571236,7,,,0,95,,1571237,7,,,0,100,,1571241,7,,,0,100,,1571242,7,,,0,77,,1571224,7,,,0,40,,1571238,7,,,0,68,,1571225,7,,,0,28,,1571239,7,,,0,71,,1571226,7,,,0,31,,1571227,7,,,0,83,,1571228,7,,,0,90,,1571229,7,,,0,100,,1571230,7,,,0,102,,1571231,7,,,0,101,,1571235,7,,,0
5501,'20261017',703,,1602874,7,,,0,103,,1602875,7,,,0,99,,1602876,7,,,0,101,,1602877,7,,,0,94,,1602878,7,,,0,104,,1602879,7,,,0,98,,1602880,7,,,0,103,,1602881,7,,,0,99,,1602882,7,,,0,99,,1602883,7,,,0,103,,1602884,7,,,0,107,,1602885,7,,,0,93,,1602886,7,,,0,99,,1602887,7,,,0,103,,1602888,7,,,0,102,,1602889,7,,,0,102,,1602890,7,,,0
5501,'20261018',703,,1602893,7,,,0,103,,1602891,7,,,0,99,,1602894,7,,,0,101,,1602895,7,,,0,94,,1602892,7,,,0,104,,1602904,7,,,0,98,,1602899,7,,,0,103,,1602900,7,,,0,99,,1602906,7,,,0,99,,1602901,7,,,0,103,,1602907,7,,,0,107,,1602903,7,,,0,93,,1602898,7,,,0,99,,1602905,7,,,0,103,,1602897,7,,,0,102,,1602902,7,,,0,102,,1602896,7,,,0
5501,'20261019',531,,1602922,7,,,0,28,,1602923,7,,,0,65,,1602912,7,,,0,31,,1602930,7,,,0,74,,1602908,7,,,0,77,,1602909,7,,,0,27,,1602924,7,,,0,96,,1602910,7,,,0,100,,1602911,7,,,0,99,,1602913,7,,,0,103,,1602926,7,,,0,95,,1602927,7,,,0,100,,1602931,7,,,0,100,,1602932,7,,,0,77,,1602914,7,,,0,40,,1602928,7,,,0,68,,1602915,7,,,0,28,,1602929,7,,,0,71,,1602916,7,,,0,31,,1602917,7,,,0,83,,1602918,7,,,0,90,,1602919,7,,,0,100,,1602920,7,,,0,102,,1602921,7,,,0,101,,1602925,7,,,0
5501,'20261020',531,,1602947,7,,,0,28,,1602948,7,,,0,65,,1602937,7,,,0,31,,1602955,7,,,0,74,,1602933,7,,,0,77,,1602934,7,,,0,27,,1602949,7,,,0,96,,1602935,7,,,0,100,,1602936,7,,,0,99,,1602938,7,,,0,103,,1602951,7,,,0,95,,1602952,7,,,0,100,,1602956,7,,,0,100,,1602957,7,,,0,77,,1602939,7,,,0,40,,1602953,7,,,0,68,,1602940,7,,,0,28,,1602954,7,,,0,71,,1602941,7,,,0,31,,1602942,7,,,0,83,,1602943,7,,,0,90,,1602944,7,,,0,100,,1602945,7,,,0,102,,1602946,7,,,0,101,,1602950,7,,,0
5501,'20261021',531,,1631750,7,,,0,28,,1631751,7,,,0,65,,1631740,7,,,0,31,,1631758,7,,,0,74,,1631736,7,,,0,77,,1631737,7,,,0,27,,1631752,7,,,0,96,,1631738,7,,,0,100,,1631739,7,,,0,99,,1631741,7,,,0,103,,1631754,7,,,0,95,,1631755,7,,,0,100,,1631759,7,,,0,100,,1631760,7,,,0,77,,1631742,7,,,0,40,,1631756,7,,,0,68,,1631743,7,,,0,28,,1631757,7,,,0,71,,1631744,7,,,0,31,,1631745,7,,,0,83,,1631746,7,,,0,90,,1631747,7,,,0,100,,1631748,7,,,0,102,,1631749,7,,,0,101,,1631753,7,,,0
5501,'20261022',531,,1631775,7,,,0,28,,1631776,7,,,0,65,,1631765,7,,,0,31,,1631783,7,,,0,74,,1631761,7,,,0,77,,1631762,7,,,0,27,,1631777,7,,,0,96,,1631763,7,,,0,100,,1631764,7,,,0,99,,1631766,7,,,0,103,,1631779,7,,,0,95,,1631780,7,,,0,100,,1631784,7,,,0,100,,1631785,7,,,0,77,,1631767,7,,,0,40,,1631781,7,,,0,68,,1631768,7,,,0,28,,1631782,7,,,0,71,,1631769,7,,,0,31,,1631770,7,,,0,83,,1631771,7,,,0,90,,1631772,7,,,0,100,,1631773,7,,,0,102,,1631774,7,,,0,101,,1631778,7,,,0
5501,'20261023',531,,1631800,7,,,0,28,,1631801,7,,,0,65,,1631790,7,,,0,31,,1631808,7,,,0,74,,1631786,7,,,0,77,,1631787,7,,,0,27,,1631802,7,,,0,96,,1631788,7,,,0,100,,1631789,7,,,0,99,,1631791,7,,,0,103,,1631804,7,,,0,95,,1631805,7,,,0,100,,1631809,7,,,0,100,,1631810,7,,,0,77,,1631792,7,,,0,40,,1631806,7,,,0,68,,1631793,7,,,0,28,,1631807,7,,,0,71,,1631794,7,,,0,31,,1631795,7,,,0,83,,1631796,7,,,0,90,,1631797,7,,,0,100,,1631798,7,,,0,102,,1631799,7,,,0,101,,1631803,7,,,0
25501,'20261009',633,,1612040,7,,,0,26,,1612041,7,,,0,57,,1612042,7,,,0,14,,1612043,7,,,0
25501,'20261013',633,,1580291,7,,,0,26,,1580292,7,,,0,57,,1580293,7,,,0,14,,1580294,7,,,0
25501,'20261014',633,,1580295,7,,,0,26,,1580296,7,,,0,57,,1580297,7,,,0,14,,1580298,7,,,0
25501,'20261015',633,,1580299,7,,,0,26,,1580300,7,,,0,57,,1580301,7,,,0,14,,1580302,7,,,0
25501,'20261016',633,,1580303,7,,,0,26,,1580304,7,,,0,57,,1580305,7,,,0,14,,1580306,7,,,0
25501,'20261019',633,,1612044,7,,,0,26,,1612045,7,,,0,57,,1612046,7,,,0,14,,1612047,7,,,0
25501,'20261020',633,,1612048,7,,,0,26,,1612049,7,,,0,57,,1612050,7,,,0,14,,1612051,7,,,0
25501,'20261021',633,,1638000,7,,,0,26,,1638001,7,,,0,57,,1638002,7,,,0,14,,1638003,7,,,0
25501,'20261022',633,,1638004,7,,,0,26,,1638005,7,,,0,57,,1638006,7,,,0,14,,1638007,7,,,0
25501,'20261023',633,,1638008,7,,,0,26,,1638009,7,,,0,57,,1638010,7,,,0,14,,1638011,7,,,0
35501,'20261009',644,,1613430,7,,,0,257,,1613431,7,,,0
35501,'20261013',644,,1581672,7,,,0,257,,1581673,7,,,0
35501,'20261014',644,,1581674,7,,,0,257,,1581675,7,,,0
35501,'20261015',644,,1581676,7,,,0,257,,1581677,7,,,0
35501,'20261016',644,,1581678,7,,,0,257,,1581679,7,,,0
35501,'20261019',644,,1613432,7,,,0,257,,1613433,7,,,0
35501,'20261020',644,,1613434,7,,,0,257,,1613435,7,,,0
35501,'20261021',644,,1638690,7,,,0,257,,1638691,7,,,0
35501,'20261022',644,,1638692,7,,,0,257,,1638693,7,,,0
35501,'20261023',644,,1638694,7,,,0,257,,1638695,7,,,0
55501,'20261009',638,,1614214,7,,,0,81,,1614215,7,,,0
55501,'20261013',638,,1582455,7,,,0,81,,1582454,7,,,0
55501,'20261014',638,,1582457,7,,,0,81,,1582456,7,,,0
55501,'20261015',638,,1582459,7,,,0,81,,1582458,7,,,0
55501,'20261016',638,,1582461,7,,,0,81,,1582460,7,,,0
55501,'20261019',638,,1614217,7,,,0,81,,1614216,7,,,0
55501,'20261020',638,,1614219,7,,,0,81,,1614218,7,,,0
55501,'20261021',638,,1639083,7,,,0,81,,1639082,7,,,0
55501,'20261022',638,,1639085,7,,,0,81,,1639084,7,,,0
55501,'20261023',638,,1639087,7,,,0,81,,1639086,7,,,0
95400,'20261009',2608,,1625332,59,,,0,130,,1625333,59,,,0
95400,'20261010',2608,,1646893,59,,,0,130,,1646894,59,,,0
95400,'20261016',2608,,1593524,59,,,0,130,,1593525,59,,,0
95400,'20261017',2608,,1625334,59,,,0,130,,1625335,59,,,0
95400,'20261023',2608,,1646895,59,,,0,130,,1646896,59,,,0
