8601,'20261009',631,,1609216,19,,,0,70,,1609217,19,,,0,36,,1609218,19,,,0,65,,1609219,19,,,0,30,,1609220,19,,,0,70,,1609221,19,,,0,100,,1609222,19,,,0,100,,1609223,19,,,0,100,,1609224,19,,,0,100,,1609225,19,,,0,100,,1609226,19,,,0,100,,1609227,19,,,0,102,,1609228,19,,,0,28,,1609215,15,,,0,2,,1609229,19,,,0,70,,1609230,19,,,0,29,,1609231,19,,,0,69,,1609232,19,,,0,99,,1609233,19,,,0,100,,1609234,19,,,0,100,,1609235,19,,,0,100,,1609236,19,,,0,100,,1609237,19,,,0
8601,'20261010',801,,1636155,19,,,0,100,,1636156,19,,,0,100,,1636157,19,,,0,101,,1636158,19,,,0,100,,1636159,19,,,0,100,,1636160,19,,,0,100,,1636161,19,,,0,100,,1636162,19,,,0,100,,1636163,19,,,0,100,,1636164,19,,,0,100,,1636165,19,,,0,99,,1636166,19,,,0,100,,1636167,19,,,0,100,,1636168,19,,,0,100,,1636169,19,,,0,100,,1636170,19,,,0
8601,'20261011',801,,1636171,19,,,0,100,,1636172,19,,,0,100,,1636173,19,,,0,101,,1636174,19,,,0,100,,1636175,19,,,0,100,,1636176,19,,,0,100,,1636177,19,,,0,100,,1636178,19,,,0,100,,1636179,19,,,0,100,,1636180,19,,,0,100,,1636181,19,,,0,99,,1636182,19,,,0,100,,1636183,19,,,0,100,,1636184,19,,,0,100,,1636185,19,,,0,100,,1636186,19,,,0
8601,'20261012',801,,1636187,19,,,0,100,,1636188,19,,,0,100,,1636189,19,,,0,101,,1636190,19,,,0,100,,1636191,19,,,0,100,,1636192,19,,,0,100,,1636193,19,,,0,100,,1636194,19,,,0,100,,1636195,19,,,0,100,,1636196,19,,,0,100,,1636197,19,,,0,99,,1636198,19,,,0,100,,1636199,19,,,0,100,,1636200,19,,,0,100,,1636201,19,,,0,100,,1636202,19,,,0
8601,'20261013',631,,1577498,19,,,0,70,,1577488,19,,,0,36,,1577489,19,,,0,65,,1577490,19,,,0,30,,1577501,19,,,0,70,,1577504,19,,,0,100,,1577502,19,,,0,100,,1577505,19,,,0,100,,1577500,19,,,0,100,,1577506,19,,,0,100,,1577499,19,,,0,100,,1577507,19,,,0,102,,1577494,19,,,0,28,,1577511,15,,,0,2,,1577497,19,,,0,70,,1577493,19,,,0,29,,1577496,19,,,0,69,,1577491,19,,,0,99,,1577508,19,,,0,100,,1577495,19,,,0,100,,1577509,19,,,0,100,,1577492,19,,,0,100,,1577503,19,,,0
8601,'20261014',631,,1577522,19,,,0,70,,1577512,19,,,0,36,,1577513,19,,,0,65,,1577514,19,,,0,30,,1577525,19,,,0,70,,1577528,19,,,0,100,,1577526,19,,,0,100,,1577529,19,,,0,100,,1577524,19,,,0,100,,1577530,19,,,0,100,,1577523,19,,,0,100,,1577531,19,,,0,102,,1577518,19,,,0,28,,1577535,15,,,0,2,,1577521,19,,,0,70,,1577517,19,,,0,29,,1577520,19,,,0,69,,1577515,19,,,0,99,,1577532,19,,,0,100,,1577519,19,,,0,100,,1577533,19,,,0,100,,1577516,19,,,0,100,,1577527,19,,,0
8601,'20261015',631,,1577546,19,,,0,70,,1577536,19,,,0,36,,1577537,19,,,0,65,,1577538,19,,,0,30,,1577549,19,,,0,70,,1577552,19,,,0,100,,1577550,19,,,0,100,,1577553,19,,,0,100,,1577548,19,,,0,100,,1577554,19,,,0,100,,1577547,19,,,0,100,,1577555,19,,,0,102,,1577542,19,,,0,28,,1577559,15,,,0,2,,1577545,19,,,0,70,,1577541,19,,,0,29,,1577544,19,,,0,69,,1577539,19,,,0,99,,1577556,19,,,0,100,,1577543,19,,,0,100,,1577557,19,,,0,100,,1577540,19,,,0,100,,1577551,19,,,0
8601,'20261016',631,,1577570,19,,,0,70,,1577560,19,,,0,36,,1577561,19,,,0,65,,1577562,19,,,0,30,,1577573,19,,,0,70,,1577576,19,,,0,100,,1577574,19,,,0,100,,1577577,19,,,0,100,,1577572,19,,,0,100,,1577578,19,,,0,100,,1577571,19,,,0,100,,1577579,19,,,0,102,,1577566,19,,,0,28,,1577583,15,,,0,2,,1577569,19,,,0,70,,1577565,19,,,0,29,,1577568,19,,,0,69,,1577563,19,,,0,99,,1577580,19,,,0,100,,1577567,19,,,0,100,,1577581,19,,,0,100,,1577564,19,,,0,100,,1577575,19,,,0
8601,'20261017',801,,1609238,19,,,0,100,,1609246,19,,,0,100,,1609242,19,,,0,101,,1609247,19,,,0,100,,1609239,19,,,0,100,,1609248,19,,,0,100,,1609243,19,,,0,100,,1609249,19,,,0,100,,1609244,19,,,0,100,,1609250,19,,,0,100,,1609240,19,,,0,99,,1609251,19,,,0,100,,1609245,19,,,0,100,,1609252,19,,,0,100,,1609241,19,,,0,100,,1609253,19,,,0
8601,'20261018',801,,1609257,19,,,0,100,,1609262,19,,,0,100,,1609258,19,,,0,101,,1609263,19,,,0,100,,1609254,19,,,0,100,,1609264,19,,,0,100,,1609259,19,,,0,100,,1609265,19,,,0,100,,1609260,19,,,0,100,,1609266,19,,,0,100,,1609255,19,,,0,99,,1609267,19,,,0,100,,1609261,19,,,0,100,,1609268,19,,,0,100,,1609256,19,,,0,100,,1609269,19,,,0
8601,'20261019',631,,1609280,19,,,0,70,,1609270,19,,,0,36,,1609271,19,,,0,65,,1609272,19,,,0,30,,1609283,19,,,0,70,,1609286,19,,,0,100,,1609284,19,,,0,100,,1609287,19,,,0,100,,1609282,19,,,0,100,,1609288,19,,,0,100,,1609281,19,,,0,100,,1609289,19,,,0,102,,1609276,19,,,0,28,,1609293,15,,,0,2,,1609279,19,,,0,70,,1609275,19,,,0,29,,1609278,19,,,0,69,,1609273,19,,,0,99,,1609290,19,,,0,100,,1609277,19,,,0,100,,1609291,19,,,0,100,,1609274,19,,,0,100,,1609285,19,,,0
8601,'20261020',631,,1609304,19,,,0,70,,1609294,19,,,0,36,,1609295,19,,,0,65,,1609296,19,,,0,30,,1609307,19,,,0,70,,1609310,19,,,0,100,,1609308,19,,,0,100,,1609311,19,,,0,100,,1609306,19,,,0,100,,1609312,19,,,0,100,,1609305,19,,,0,100,,1609313,19,,,0,102,,1609300,19,,,0,28,,1609317,15,,,0,2,,1609303,19,,,0,70,,1609299,19,,,0,29,,1609302,19,,,0,69,,1609297,19,,,0,99,,1609314,19,,,0,100,,1609301,19,,,0,100,,1609315,19,,,0,100,,1609298,19,,,0,100,,1609309,19,,,0
8601,'20261021',631,,1636213,19,,,0,70,,1636203,19,,,0,36,,1636204,19,,,0,65,,1636205,19,,,0,30,,1636216,19,,,0,70,,1636219,19,,,0,100,,1636217,19,,,0,100,,1636220,19,,,0,100,,1636215,19,,,0,100,,1636221,19,,,0,100,,1636214,19,,,0,100,,1636222,19,,,0,102,,1636209,19,,,0,28,,1636226,15,,,0,2,,1636212,19,,,0,70,,1636208,19,,,0,29,,1636211,19,,,0,69,,1636206,19,,,0,99,,1636223,19,,,0,100,,1636210,19,,,0,100,,1636224,19,,,0,100,,1636207,19,,,0,100,,1636218,19,,,0
8601,'20261022',631,,1636237,19,,,0,70,,1636227,19,,,0,36,,1636228,19,,,0,65,,1636229,19,,,0,30,,1636240,19,,,0,70,,1636243,19,,,0,100,,1636241,19,,,0,100,,1636244,19,,,0,100,,1636239,19,,,0,100,,1636245,19,,,0,100,,1636238,19,,,0,100,,1636246,19,,,0,102,,1636233,19,,,0,28,,1636250,15,,,0,2,,1636236,19,,,0,70,,1636232,19,,,0,29,,1636235,19,,,0,69,,1636230,19,,,0,99,,1636247,19,,,0,100,,1636234,19,,,0,100,,1636248,19,,,0,100,,1636231,19,,,0,100,,1636242,19,,,0
8601,'20261023',631,,1636261,19,,,0,70,,1636251,19,,,0,36,,1636252,19,,,0,65,,1636253,19,,,0,30,,1636264,19,,,0,70,,1636267,19,,,0,100,,1636265,19,,,0,100,,1636268,19,,,0,100,,1636263,19,,,0,100,,1636269,19,,,0,100,,1636262,19,,,0,100,,1636270,19,,,0,102,,1636257,19,,,0,28,,1636274,15,,,0,2,,1636260,19,,,0,70,,1636256,19,,,0,29,,1636259,19,,,0,69,,1636254,19,,,0,99,,1636271,19,,,0,100,,1636258,19,,,0,100,,1636272,19,,,0,100,,1636255,19,,,0,100,,1636266,19,,,0
