2201,'20261002',628,,1567167,11,,,0,30,,1567168,11,,,0,72,,1567169,11,,,0,70,,1567170,11,,,0,29,,1567171,11,,,0,701,,1567172,11,,,0,70,,1567173,11,,,0,31,,1567174,11,,,0,69,,1567175,11,,,0,128,,1567176,11,,,0
2201,'20261005',628,,1567177,11,,,0,30,,1567178,11,,,0,72,,1567179,11,,,0,70,,1567180,11,,,0,29,,1567181,11,,,0,701,,1567182,11,,,0,70,,1567183,11,,,0,31,,1567184,11,,,0,69,,1567185,11,,,0,128,,1567186,11,,,0
2201,'20261006',628,,1513919,11,,,0,30,,1513910,11,,,0,72,,1513911,11,,,0,70,,1513912,11,,,0,29,,1513913,11,,,0,701,,1513914,11,,,0,70,,1513915,11,,,0,31,,1513916,11,,,0,69,,1513917,11,,,0,34,,1513918,11,,,0,94,,1513920,11,,,0
2201,'20261007',628,,1513930,11,,,0,30,,1513921,11,,,0,72,,1513922,11,,,0,70,,1513923,11,,,0,29,,1513924,11,,,0,701,,1513925,11,,,0,70,,1513926,11,,,0,31,,1513927,11,,,0,69,,1513928,11,,,0,34,,1513929,11,,,0,94,,1513931,11,,,0
2201,'20261008',628,,1513941,11,,,0,30,,1513932,11,,,0,72,,1513933,11,,,0,70,,1513934,11,,,0,29,,1513935,11,,,0,701,,1513936,11,,,0,70,,1513937,11,,,0,31,,1513938,11,,,0,69,,1513939,11,,,0,34,,1513940,11,,,0,94,,1513942,11,,,0
2201,'20261009',628,,1513952,11,,,0,30,,1513943,11,,,0,72,,1513944,11,,,0,70,,1513945,11,,,0,29,,1513946,11,,,0,701,,1513947,11,,,0,70,,1513948,11,,,0,31,,1513949,11,,,0,69,,1513950,11,,,0,34,,1513951,11,,,0,94,,1513953,11,,,0
2201,'20261013',628,,1567196,11,,,0,30,,1567187,11,,,0,72,,1567188,11,,,0,70,,1567189,11,,,0,29,,1567190,11,,,0,701,,1567191,11,,,0,70,,1567192,11,,,0,31,,1567193,11,,,0,69,,1567194,11,,,0,34,,1567195,11,,,0,94,,1567197,11,,,0
2201,'20261014',628,,1567207,11,,,0,30,,1567198,11,,,0,72,,1567199,11,,,0,70,,1567200,11,,,0,29,,1567201,11,,,0,701,,1567202,11,,,0,70,,1567203,11,,,0,31,,1567204,11,,,0,69,,1567205,11,,,0,34,,1567206,11,,,0,94,,1567208,11,,,0
2201,'20261015',628,,1567218,11,,,0,30,,1567209,11,,,0,72,,1567210,11,,,0,70,,1567211,11,,,0,29,,1567212,11,,,0,701,,1567213,11,,,0,70,,1567214,11,,,0,31,,1567215,11,,,0,69,,1567216,11,,,0,34,,1567217,11,,,0,94,,1567219,11,,,0
2201,'20261016',628,,1567229,11,,,0,30,,1567220,11,,,0,72,,1567221,11,,,0,70,,1567222,11,,,0,29,,1567223,11,,,0,701,,1567224,11,,,0,70,,1567225,11,,,0,31,,1567226,11,,,0,69,,1567227,11,,,0,34,,1567228,11,,,0,94,,1567230,11,,,0
