8601,'20261006',634,,1609144,23,,,0,70,,1609145,23,,,0,29,,1609142,2,,,0,7,,1609146,23,,,0,65,,1609147,23,,,0,30,,1609148,23,,,0,69,,1609149,23,,,0,100,,1609150,23,,,0,100,,1609151,23,,,0,100,,1609152,23,,,0,100,,1609153,23,,,0,100,,1609154,23,,,0,102,,1609155,23,,,0,102,,1609156,23,,,0,28,,1609143,19,,,0,2,,1609157,23,,,0,70,,1609158,23,,,0,28,,1609159,23,,,0,69,,1609160,23,,,0,99,,1609161,23,,,0,99,,1609162,23,,,0,100,,1609163,23,,,0,100,,1609164,23,,,0,100,,1609165,23,,,0
8601,'20261007',634,,1609168,23,,,0,70,,1609169,23,,,0,29,,1609166,2,,,0,7,,1609170,23,,,0,65,,1609171,23,,,0,30,,1609172,23,,,0,69,,1609173,23,,,0,100,,1609174,23,,,0,100,,1609175,23,,,0,100,,1609176,23,,,0,100,,1609177,23,,,0,100,,1609178,23,,,0,102,,1609179,23,,,0,102,,1609180,23,,,0,28,,1609167,19,,,0,2,,1609181,23,,,0,70,,1609182,23,,,0,28,,1609183,23,,,0,69,,1609184,23,,,0,99,,1609185,23,,,0,99,,1609186,23,,,0,100,,1609187,23,,,0,100,,1609188,23,,,0,100,,1609189,23,,,0
8601,'20261008',634,,1609192,23,,,0,70,,1609193,23,,,0,29,,1609190,2,,,0,7,,1609194,23,,,0,65,,1609195,23,,,0,30,,1609196,23,,,0,69,,1609197,23,,,0,100,,1609198,23,,,0,100,,1609199,23,,,0,100,,1609200,23,,,0,100,,1609201,23,,,0,100,,1609202,23,,,0,102,,1609203,23,,,0,102,,1609204,23,,,0,28,,1609191,19,,,0,2,,1609205,23,,,0,70,,1609206,23,,,0,28,,1609207,23,,,0,69,,1609208,23,,,0,99,,1609209,23,,,0,99,,1609210,23,,,0,100,,1609211,23,,,0,100,,1609212,23,,,0,100,,1609213,23,,,0
8601,'20261009',634,,1609216,23,,,0,70,,1609217,23,,,0,29,,1609214,2,,,0,7,,1609218,23,,,0,65,,1609219,23,,,0,30,,1609220,23,,,0,69,,1609221,23,,,0,100,,1609222,23,,,0,100,,1609223,23,,,0,100,,1609224,23,,,0,100,,1609225,23,,,0,100,,1609226,23,,,0,102,,1609227,23,,,0,102,,1609228,23,,,0,28,,1609215,19,,,0,2,,1609229,23,,,0,70,,1609230,23,,,0,28,,1609231,23,,,0,69,,1609232,23,,,0,99,,1609233,23,,,0,99,,1609234,23,,,0,100,,1609235,23,,,0,100,,1609236,23,,,0,100,,1609237,23,,,0
8601,'20261010',803,,1551141,23,,,0,100,,1551149,23,,,0,100,,1551145,23,,,0,101,,1551150,23,,,0,100,,1551142,23,,,0,100,,1551151,23,,,0,100,,1551146,23,,,0,100,,1551152,23,,,0,100,,1551147,23,,,0,100,,1551153,23,,,0,100,,1551143,23,,,0,99,,1551154,23,,,0,100,,1551148,23,,,0,100,,1551155,23,,,0,100,,1551144,23,,,0,100,,1551156,23,,,0
8601,'20261011',803,,1551160,23,,,0,100,,1551165,23,,,0,100,,1551161,23,,,0,101,,1551166,23,,,0,100,,1551157,23,,,0,100,,1551167,23,,,0,100,,1551162,23,,,0,100,,1551168,23,,,0,100,,1551163,23,,,0,100,,1551169,23,,,0,100,,1551158,23,,,0,99,,1551170,23,,,0,100,,1551164,23,,,0,100,,1551171,23,,,0,100,,1551159,23,,,0,100,,1551172,23,,,0
8601,'20261012',803,,1551176,23,,,0,100,,1551181,23,,,0,100,,1551177,23,,,0,101,,1551182,23,,,0,100,,1551173,23,,,0,100,,1551183,23,,,0,100,,1551178,23,,,0,100,,1551184,23,,,0,100,,1551179,23,,,0,100,,1551185,23,,,0,100,,1551174,23,,,0,99,,1551186,23,,,0,100,,1551180,23,,,0,100,,1551187,23,,,0,100,,1551175,23,,,0,100,,1551188,23,,,0
8601,'20261013',634,,1577498,23,,,0,70,,1577488,23,,,0,29,,1577510,2,,,0,7,,1577489,23,,,0,65,,1577490,23,,,0,30,,1577501,23,,,0,69,,1577504,23,,,0,100,,1577502,23,,,0,100,,1577505,23,,,0,100,,1577500,23,,,0,100,,1577506,23,,,0,100,,1577499,23,,,0,102,,1577507,23,,,0,102,,1577494,23,,,0,28,,1577511,19,,,0,2,,1577497,23,,,0,70,,1577493,23,,,0,28,,1577496,23,,,0,69,,1577491,23,,,0,99,,1577508,23,,,0,99,,1577495,23,,,0,100,,1577509,23,,,0,100,,1577492,23,,,0,100,,1577503,23,,,0
8601,'20261014',634,,1577522,23,,,0,70,,1577512,23,,,0,29,,1577534,2,,,0,7,,1577513,23,,,0,65,,1577514,23,,,0,30,,1577525,23,,,0,69,,1577528,23,,,0,100,,1577526,23,,,0,100,,1577529,23,,,0,100,,1577524,23,,,0,100,,1577530,23,,,0,100,,1577523,23,,,0,102,,1577531,23,,,0,102,,1577518,23,,,0,28,,1577535,19,,,0,2,,1577521,23,,,0,70,,1577517,23,,,0,28,,1577520,23,,,0,69,,1577515,23,,,0,99,,1577532,23,,,0,99,,1577519,23,,,0,100,,1577533,23,,,0,100,,1577516,23,,,0,100,,1577527,23,,,0
8601,'20261015',634,,1577546,23,,,0,70,,1577536,23,,,0,29,,1577558,2,,,0,7,,1577537,23,,,0,65,,1577538,23,,,0,30,,1577549,23,,,0,69,,1577552,23,,,0,100,,1577550,23,,,0,100,,1577553,23,,,0,100,,1577548,23,,,0,100,,1577554,23,,,0,100,,1577547,23,,,0,102,,1577555,23,,,0,102,,1577542,23,,,0,28,,1577559,19,,,0,2,,1577545,23,,,0,70,,1577541,23,,,0,28,,1577544,23,,,0,69,,1577539,23,,,0,99,,1577556,23,,,0,99,,1577543,23,,,0,100,,1577557,23,,,0,100,,1577540,23,,,0,100,,1577551,23,,,0
8601,'20261016',634,,1577570,23,,,0,70,,1577560,23,,,0,29,,1577582,2,,,0,7,,1577561,23,,,0,65,,1577562,23,,,0,30,,1577573,23,,,0,69,,1577576,23,,,0,100,,1577574,23,,,0,100,,1577577,23,,,0,100,,1577572,23,,,0,100,,1577578,23,,,0,100,,1577571,23,,,0,102,,1577579,23,,,0,102,,1577566,23,,,0,28,,1577583,19,,,0,2,,1577569,23,,,0,70,,1577565,23,,,0,28,,1577568,23,,,0,69,,1577563,23,,,0,99,,1577580,23,,,0,99,,1577567,23,,,0,100,,1577581,23,,,0,100,,1577564,23,,,0,100,,1577575,23,,,0
8601,'20261017',803,,1609238,23,,,0,100,,1609246,23,,,0,100,,1609242,23,,,0,101,,1609247,23,,,0,100,,1609239,23,,,0,100,,1609248,23,,,0,100,,1609243,23,,,0,100,,1609249,23,,,0,100,,1609244,23,,,0,100,,1609250,23,,,0,100,,1609240,23,,,0,99,,1609251,23,,,0,100,,1609245,23,,,0,100,,1609252,23,,,0,100,,1609241,23,,,0,100,,1609253,23,,,0
8601,'20261018',803,,1609257,23,,,0,100,,1609262,23,,,0,100,,1609258,23,,,0,101,,1609263,23,,,0,100,,1609254,23,,,0,100,,1609264,23,,,0,100,,1609259,23,,,0,100,,1609265,23,,,0,100,,1609260,23,,,0,100,,1609266,23,,,0,100,,1609255,23,,,0,99,,1609267,23,,,0,100,,1609261,23,,,0,100,,1609268,23,,,0,100,,1609256,23,,,0,100,,1609269,23,,,0
8601,'20261019',634,,1609280,23,,,0,70,,1609270,23,,,0,29,,1609292,2,,,0,7,,1609271,23,,,0,65,,1609272,23,,,0,30,,1609283,23,,,0,69,,1609286,23,,,0,100,,1609284,23,,,0,100,,1609287,23,,,0,100,,1609282,23,,,0,100,,1609288,23,,,0,100,,1609281,23,,,0,102,,1609289,23,,,0,102,,1609276,23,,,0,28,,1609293,19,,,0,2,,1609279,23,,,0,70,,1609275,23,,,0,28,,1609278,23,,,0,69,,1609273,23,,,0,99,,1609290,23,,,0,99,,1609277,23,,,0,100,,1609291,23,,,0,100,,1609274,23,,,0,100,,1609285,23,,,0
8601,'20261020',634,,1609304,23,,,0,70,,1609294,23,,,0,29,,1609316,2,,,0,7,,1609295,23,,,0,65,,1609296,23,,,0,30,,1609307,23,,,0,69,,1609310,23,,,0,100,,1609308,23,,,0,100,,1609311,23,,,0,100,,1609306,23,,,0,100,,1609312,23,,,0,100,,1609305,23,,,0,102,,1609313,23,,,0,102,,1609300,23,,,0,28,,1609317,19,,,0,2,,1609303,23,,,0,70,,1609299,23,,,0,28,,1609302,23,,,0,69,,1609297,23,,,0,99,,1609314,23,,,0,99,,1609301,23,,,0,100,,1609315,23,,,0,100,,1609298,23,,,0,100,,1609309,23,,,0
