7101,'20261006',613,,1605436,17,,,0,17,,1605437,17,,,0,20,,1605438,17,,,0,61,,1605439,17,,,0,20,,1605440,17,,,0,20,,1605441,17,,,0,58,,1605442,17,,,0,21,,1605443,17,,,0,19,,1605444,17,,,0,60,,1605445,17,,,0,19,,1605446,17,,,0,19,,1605447,17,,,0,65,,1605448,17,,,0,20,,1605449,17,,,0,19,,1605450,17,,,0,60,,1605451,17,,,0,17,,1605452,17,,,0,19,,1605453,17,,,0,60,,1605454,17,,,0,21,,1605455,17,,,0,20,,1605456,17,,,0,60,,1605457,17,,,0,21,,1605458,17,,,0,21,,1605459,17,,,0,63,,1605460,17,,,0,22,,1605461,17,,,0,21,,1605462,17,,,0,61,,1605463,17,,,0,20,,1605464,17,,,0,63,,1605465,17,,,0,19,,1605466,17,,,0,22,,1605467,17,,,0,60,,1605468,17,,,0,18,,1605469,17,,,0,20,,1605470,17,,,0,20,,1605471,17,,,0,62,,1605472,17,,,0,18,,1605473,17,,,0,20,,1605474,17,,,0,61,,1605475,17,,,0,30,,1605476,17,,,0,70,,1605477,17,,,0,30,,1605478,17,,,0,70,,1605479,17,,,0,30,,1605480,17,,,0,70,,1605481,17,,,0,30,,1605482,17,,,0
7101,'20261007',613,,1605483,17,,,0,17,,1605484,17,,,0,20,,1605485,17,,,0,61,,1605486,17,,,0,20,,1605487,17,,,0,20,,1605488,17,,,0,58,,1605489,17,,,0,21,,1605490,17,,,0,19,,1605491,17,,,0,60,,1605492,17,,,0,19,,1605493,17,,,0,19,,1605494,17,,,0,65,,1605495,17,,,0,20,,1605496,17,,,0,19,,1605497,17,,,0,60,,1605498,17,,,0,17,,1605499,17,,,0,19,,1605500,17,,,0,60,,1605501,17,,,0,21,,1605502,17,,,0,20,,1605503,17,,,0,60,,1605504,17,,,0,21,,1605505,17,,,0,21,,1605506,17,,,0,63,,1605507,17,,,0,22,,1605508,17,,,0,21,,1605509,17,,,0,61,,1605510,17,,,0,20,,1605511,17,,,0,63,,1605512,17,,,0,19,,1605513,17,,,0,22,,1605514,17,,,0,60,,1605515,17,,,0,18,,1605516,17,,,0,20,,1605517,17,,,0,20,,1605518,17,,,0,62,,1605519,17,,,0,18,,1605520,17,,,0,20,,1605521,17,,,0,61,,1605522,17,,,0,30,,1605523,17,,,0,70,,1605524,17,,,0,30,,1605525,17,,,0,70,,1605526,17,,,0,30,,1605527,17,,,0,70,,1605528,17,,,0,30,,1605529,17,,,0
7101,'20261008',613,,1605530,17,,,0,17,,1605531,17,,,0,20,,1605532,17,,,0,61,,1605533,17,,,0,20,,1605534,17,,,0,20,,1605535,17,,,0,58,,1605536,17,,,0,21,,1605537,17,,,0,19,,1605538,17,,,0,60,,1605539,17,,,0,19,,1605540,17,,,0,19,,1605541,17,,,0,65,,1605542,17,,,0,20,,1605543,17,,,0,19,,1605544,17,,,0,60,,1605545,17,,,0,17,,1605546,17,,,0,19,,1605547,17,,,0,60,,1605548,17,,,0,21,,1605549,17,,,0,20,,1605550,17,,,0,60,,1605551,17,,,0,21,,1605552,17,,,0,21,,1605553,17,,,0,63,,1605554,17,,,0,22,,1605555,17,,,0,21,,1605556,17,,,0,61,,1605557,17,,,0,20,,1605558,17,,,0,63,,1605559,17,,,0,19,,1605560,17,,,0,22,,1605561,17,,,0,60,,1605562,17,,,0,18,,1605563,17,,,0,20,,1605564,17,,,0,20,,1605565,17,,,0,62,,1605566,17,,,0,18,,1605567,17,,,0,20,,1605568,17,,,0,61,,1605569,17,,,0,30,,1605570,17,,,0,70,,1605571,17,,,0,30,,1605572,17,,,0,70,,1605573,17,,,0,30,,1605574,17,,,0,70,,1605575,17,,,0,30,,1605576,17,,,0
7101,'20261009',613,,1605577,17,,,0,17,,1605578,17,,,0,20,,1605579,17,,,0,61,,1605580,17,,,0,20,,1605581,17,,,0,20,,1605582,17,,,0,58,,1605583,17,,,0,21,,1605584,17,,,0,19,,1605585,17,,,0,60,,1605586,17,,,0,19,,1605587,17,,,0,19,,1605588,17,,,0,65,,1605589,17,,,0,20,,1605590,17,,,0,19,,1605591,17,,,0,60,,1605592,17,,,0,17,,1605593,17,,,0,19,,1605594,17,,,0,60,,1605595,17,,,0,21,,1605596,17,,,0,20,,1605597,17,,,0,60,,1605598,17,,,0,21,,1605599,17,,,0,21,,1605600,17,,,0,63,,1605601,17,,,0,22,,1605602,17,,,0,21,,1605603,17,,,0,61,,1605604,17,,,0,20,,1605605,17,,,0,63,,1605606,17,,,0,19,,1605607,17,,,0,22,,1605608,17,,,0,60,,1605609,17,,,0,18,,1605610,17,,,0,20,,1605611,17,,,0,20,,1605612,17,,,0,62,,1605613,17,,,0,18,,1605614,17,,,0,20,,1605615,17,,,0,61,,1605616,17,,,0,30,,1605617,17,,,0,70,,1605618,17,,,0,30,,1605619,17,,,0,70,,1605620,17,,,0,30,,1605621,17,,,0,70,,1605622,17,,,0,30,,1605623,17,,,0
7101,'20261010',716,,1548582,17,,,0,30,,1548583,17,,,0,70,,1548584,17,,,0,31,,1548585,17,,,0,70,,1548586,17,,,0,31,,1548587,17,,,0,70,,1548588,17,,,0,31,,1548589,17,,,0,70,,1548590,17,,,0,30,,1548591,17,,,0,69,,1548592,17,,,0,31,,1548593,17,,,0,70,,1548594,17,,,0,30,,1548595,17,,,0,70,,1548596,17,,,0,32,,1548597,17,,,0,68,,1548598,17,,,0,30,,1548599,17,,,0,70,,1548600,17,,,0,30,,1548601,17,,,0,70,,1548602,17,,,0,30,,1548603,17,,,0,70,,1548604,17,,,0,29,,1548605,17,,,0,70,,1548606,17,,,0,28,,1548607,17,,,0,71,,1548608,17,,,0,30,,1548609,17,,,0,71,,1548610,17,,,0,30,,1548611,17,,,0,70,,1548612,17,,,0,31,,1548613,17,,,0,71,,1548614,17,,,0
7101,'20261011',716,,1548615,17,,,0,30,,1548616,17,,,0,70,,1548617,17,,,0,31,,1548618,17,,,0,70,,1548619,17,,,0,31,,1548620,17,,,0,70,,1548621,17,,,0,31,,1548622,17,,,0,70,,1548623,17,,,0,30,,1548624,17,,,0,69,,1548625,17,,,0,31,,1548626,17,,,0,70,,1548627,17,,,0,30,,1548628,17,,,0,70,,1548629,17,,,0,32,,1548630,17,,,0,68,,1548631,17,,,0,30,,1548632,17,,,0,70,,1548633,17,,,0,30,,1548634,17,,,0,70,,1548635,17,,,0,30,,1548636,17,,,0,70,,1548637,17,,,0,29,,1548638,17,,,0,70,,1548639,17,,,0,28,,1548640,17,,,0,71,,1548641,17,,,0,30,,1548642,17,,,0,71,,1548643,17,,,0,30,,1548644,17,,,0,70,,1548645,17,,,0,31,,1548646,17,,,0,71,,1548647,17,,,0
7101,'20261012',716,,1548648,17,,,0,30,,1548649,17,,,0,70,,1548650,17,,,0,31,,1548651,17,,,0,70,,1548652,17,,,0,31,,1548653,17,,,0,70,,1548654,17,,,0,31,,1548655,17,,,0,70,,1548656,17,,,0,30,,1548657,17,,,0,69,,1548658,17,,,0,31,,1548659,17,,,0,70,,1548660,17,,,0,30,,1548661,17,,,0,70,,1548662,17,,,0,32,,1548663,17,,,0,68,,1548664,17,,,0,30,,1548665,17,,,0,70,,1548666,17,,,0,30,,1548667,17,,,0,70,,1548668,17,,,0,30,,1548669,17,,,0,70,,1548670,17,,,0,29,,1548671,17,,,0,70,,1548672,17,,,0,28,,1548673,17,,,0,71,,1548674,17,,,0,30,,1548675,17,,,0,71,,1548676,17,,,0,30,,1548677,17,,,0,70,,1548678,17,,,0,31,,1548679,17,,,0,71,,1548680,17,,,0
7101,'20261013',613,,1573919,17,,,0,17,,1573918,17,,,0,20,,1573873,17,,,0,61,,1573874,17,,,0,20,,1573875,17,,,0,20,,1573876,17,,,0,58,,1573877,17,,,0,21,,1573878,17,,,0,19,,1573879,17,,,0,60,,1573880,17,,,0,19,,1573881,17,,,0,19,,1573882,17,,,0,65,,1573883,17,,,0,20,,1573884,17,,,0,19,,1573885,17,,,0,60,,1573886,17,,,0,17,,1573887,17,,,0,19,,1573888,17,,,0,60,,1573889,17,,,0,21,,1573890,17,,,0,20,,1573891,17,,,0,60,,1573892,17,,,0,21,,1573893,17,,,0,21,,1573894,17,,,0,63,,1573895,17,,,0,22,,1573896,17,,,0,21,,1573897,17,,,0,61,,1573898,17,,,0,20,,1573899,17,,,0,63,,1573900,17,,,0,19,,1573901,17,,,0,22,,1573902,17,,,0,60,,1573903,17,,,0,18,,1573904,17,,,0,20,,1573905,17,,,0,20,,1573906,17,,,0,62,,1573907,17,,,0,18,,1573908,17,,,0,20,,1573909,17,,,0,61,,1573910,17,,,0,30,,1573911,17,,,0,70,,1573912,17,,,0,30,,1573913,17,,,0,70,,1573915,17,,,0,30,,1573916,17,,,0,70,,1573917,17,,,0,30,,1573914,17,,,0
7101,'20261014',613,,1573966,17,,,0,17,,1573965,17,,,0,20,,1573920,17,,,0,61,,1573921,17,,,0,20,,1573922,17,,,0,20,,1573923,17,,,0,58,,1573924,17,,,0,21,,1573925,17,,,0,19,,1573926,17,,,0,60,,1573927,17,,,0,19,,1573928,17,,,0,19,,1573929,17,,,0,65,,1573930,17,,,0,20,,1573931,17,,,0,19,,1573932,17,,,0,60,,1573933,17,,,0,17,,1573934,17,,,0,19,,1573935,17,,,0,60,,1573936,17,,,0,21,,1573937,17,,,0,20,,1573938,17,,,0,60,,1573939,17,,,0,21,,1573940,17,,,0,21,,1573941,17,,,0,63,,1573942,17,,,0,22,,1573943,17,,,0,21,,1573944,17,,,0,61,,1573945,17,,,0,20,,1573946,17,,,0,63,,1573947,17,,,0,19,,1573948,17,,,0,22,,1573949,17,,,0,60,,1573950,17,,,0,18,,1573951,17,,,0,20,,1573952,17,,,0,20,,1573953,17,,,0,62,,1573954,17,,,0,18,,1573955,17,,,0,20,,1573956,17,,,0,61,,1573957,17,,,0,30,,1573958,17,,,0,70,,1573959,17,,,0,30,,1573960,17,,,0,70,,1573962,17,,,0,30,,1573963,17,,,0,70,,1573964,17,,,0,30,,1573961,17,,,0
7101,'20261015',613,,1574013,17,,,0,17,,1574012,17,,,0,20,,1573967,17,,,0,61,,1573968,17,,,0,20,,1573969,17,,,0,20,,1573970,17,,,0,58,,1573971,17,,,0,21,,1573972,17,,,0,19,,1573973,17,,,0,60,,1573974,17,,,0,19,,1573975,17,,,0,19,,1573976,17,,,0,65,,1573977,17,,,0,20,,1573978,17,,,0,19,,1573979,17,,,0,60,,1573980,17,,,0,17,,1573981,17,,,0,19,,1573982,17,,,0,60,,1573983,17,,,0,21,,1573984,17,,,0,20,,1573985,17,,,0,60,,1573986,17,,,0,21,,1573987,17,,,0,21,,1573988,17,,,0,63,,1573989,17,,,0,22,,1573990,17,,,0,21,,1573991,17,,,0,61,,1573992,17,,,0,20,,1573993,17,,,0,63,,1573994,17,,,0,19,,1573995,17,,,0,22,,1573996,17,,,0,60,,1573997,17,,,0,18,,1573998,17,,,0,20,,1573999,17,,,0,20,,1574000,17,,,0,62,,1574001,17,,,0,18,,1574002,17,,,0,20,,1574003,17,,,0,61,,1574004,17,,,0,30,,1574005,17,,,0,70,,1574006,17,,,0,30,,1574007,17,,,0,70,,1574009,17,,,0,30,,1574010,17,,,0,70,,1574011,17,,,0,30,,1574008,17,,,0
7101,'20261016',613,,1574060,17,,,0,17,,1574059,17,,,0,20,,1574014,17,,,0,61,,1574015,17,,,0,20,,1574016,17,,,0,20,,1574017,17,,,0,58,,1574018,17,,,0,21,,1574019,17,,,0,19,,1574020,17,,,0,60,,1574021,17,,,0,19,,1574022,17,,,0,19,,1574023,17,,,0,65,,1574024,17,,,0,20,,1574025,17,,,0,19,,1574026,17,,,0,60,,1574027,17,,,0,17,,1574028,17,,,0,19,,1574029,17,,,0,60,,1574030,17,,,0,21,,1574031,17,,,0,20,,1574032,17,,,0,60,,1574033,17,,,0,21,,1574034,17,,,0,21,,1574035,17,,,0,63,,1574036,17,,,0,22,,1574037,17,,,0,21,,1574038,17,,,0,61,,1574039,17,,,0,20,,1574040,17,,,0,63,,1574041,17,,,0,19,,1574042,17,,,0,22,,1574043,17,,,0,60,,1574044,17,,,0,18,,1574045,17,,,0,20,,1574046,17,,,0,20,,1574047,17,,,0,62,,1574048,17,,,0,18,,1574049,17,,,0,20,,1574050,17,,,0,61,,1574051,17,,,0,30,,1574052,17,,,0,70,,1574053,17,,,0,30,,1574054,17,,,0,70,,1574056,17,,,0,30,,1574057,17,,,0,70,,1574058,17,,,0,30,,1574055,17,,,0
7101,'20261017',716,,1605624,17,,,0,30,,1605625,17,,,0,70,,1605626,17,,,0,31,,1605627,17,,,0,70,,1605628,17,,,0,31,,1605629,17,,,0,70,,1605630,17,,,0,31,,1605631,17,,,0,70,,1605632,17,,,0,30,,1605633,17,,,0,69,,1605634,17,,,0,31,,1605635,17,,,0,70,,1605636,17,,,0,30,,1605637,17,,,0,70,,1605638,17,,,0,32,,1605639,17,,,0,68,,1605640,17,,,0,30,,1605641,17,,,0,70,,1605642,17,,,0,30,,1605643,17,,,0,70,,1605644,17,,,0,30,,1605645,17,,,0,70,,1605646,17,,,0,29,,1605647,17,,,0,70,,1605648,17,,,0,28,,1605649,17,,,0,71,,1605650,17,,,0,30,,1605651,17,,,0,71,,1605652,17,,,0,30,,1605653,17,,,0,70,,1605654,17,,,0,31,,1605655,17,,,0,71,,1605656,17,,,0
7101,'20261018',716,,1605657,17,,,0,30,,1605658,17,,,0,70,,1605659,17,,,0,31,,1605660,17,,,0,70,,1605661,17,,,0,31,,1605662,17,,,0,70,,1605663,17,,,0,31,,1605664,17,,,0,70,,1605665,17,,,0,30,,1605666,17,,,0,69,,1605667,17,,,0,31,,1605668,17,,,0,70,,1605669,17,,,0,30,,1605670,17,,,0,70,,1605671,17,,,0,32,,1605672,17,,,0,68,,1605673,17,,,0,30,,1605674,17,,,0,70,,1605675,17,,,0,30,,1605676,17,,,0,70,,1605677,17,,,0,30,,1605678,17,,,0,70,,1605679,17,,,0,29,,1605680,17,,,0,70,,1605681,17,,,0,28,,1605682,17,,,0,71,,1605683,17,,,0,30,,1605684,17,,,0,71,,1605685,17,,,0,30,,1605686,17,,,0,70,,1605687,17,,,0,31,,1605688,17,,,0,71,,1605689,17,,,0
7101,'20261019',613,,1605736,17,,,0,17,,1605735,17,,,0,20,,1605690,17,,,0,61,,1605691,17,,,0,20,,1605692,17,,,0,20,,1605693,17,,,0,58,,1605694,17,,,0,21,,1605695,17,,,0,19,,1605696,17,,,0,60,,1605697,17,,,0,19,,1605698,17,,,0,19,,1605699,17,,,0,65,,1605700,17,,,0,20,,1605701,17,,,0,19,,1605702,17,,,0,60,,1605703,17,,,0,17,,1605704,17,,,0,19,,1605705,17,,,0,60,,1605706,17,,,0,21,,1605707,17,,,0,20,,1605708,17,,,0,60,,1605709,17,,,0,21,,1605710,17,,,0,21,,1605711,17,,,0,63,,1605712,17,,,0,22,,1605713,17,,,0,21,,1605714,17,,,0,61,,1605715,17,,,0,20,,1605716,17,,,0,63,,1605717,17,,,0,19,,1605718,17,,,0,22,,1605719,17,,,0,60,,1605720,17,,,0,18,,1605721,17,,,0,20,,1605722,17,,,0,20,,1605723,17,,,0,62,,1605724,17,,,0,18,,1605725,17,,,0,20,,1605726,17,,,0,61,,1605727,17,,,0,30,,1605728,17,,,0,70,,1605729,17,,,0,30,,1605730,17,,,0,70,,1605732,17,,,0,30,,1605733,17,,,0,70,,1605734,17,,,0,30,,1605731,17,,,0
7101,'20261020',613,,1605783,17,,,0,17,,1605782,17,,,0,20,,1605737,17,,,0,61,,1605738,17,,,0,20,,1605739,17,,,0,20,,1605740,17,,,0,58,,1605741,17,,,0,21,,1605742,17,,,0,19,,1605743,17,,,0,60,,1605744,17,,,0,19,,1605745,17,,,0,19,,1605746,17,,,0,65,,1605747,17,,,0,20,,1605748,17,,,0,19,,1605749,17,,,0,60,,1605750,17,,,0,17,,1605751,17,,,0,19,,1605752,17,,,0,60,,1605753,17,,,0,21,,1605754,17,,,0,20,,1605755,17,,,0,60,,1605756,17,,,0,21,,1605757,17,,,0,21,,1605758,17,,,0,63,,1605759,17,,,0,22,,1605760,17,,,0,21,,1605761,17,,,0,61,,1605762,17,,,0,20,,1605763,17,,,0,63,,1605764,17,,,0,19,,1605765,17,,,0,22,,1605766,17,,,0,60,,1605767,17,,,0,18,,1605768,17,,,0,20,,1605769,17,,,0,20,,1605770,17,,,0,62,,1605771,17,,,0,18,,1605772,17,,,0,20,,1605773,17,,,0,61,,1605774,17,,,0,30,,1605775,17,,,0,70,,1605776,17,,,0,30,,1605777,17,,,0,70,,1605779,17,,,0,30,,1605780,17,,,0,70,,1605781,17,,,0,30,,1605778,17,,,0
