9202,'20261002',534,,1578113,8,,,0,96,,1578114,8,,,0,73,,1578115,8,,,0,31,,1578116,8,,,0,72,,1578117,8,,,0,31,,1578118,8,,,0,99,,1578119,8,,,0,100,,1578120,8,,,0,100,,1578121,8,,,0,101,,1578122,8,,,0,100,,1578123,8,,,0,100,,1578124,8,,,0,98,,1578125,8,,,0,103,,1578126,8,,,0,100,,1578127,8,,,0,100,,1578128,8,,,0,98,,1578129,8,,,0,99,,1578130,8,,,0,99,,1578131,8,,,0,99,,1578132,8,,,0
9202,'20261003',555,,1578133,8,,,0,100,,1578134,8,,,0,99,,1578135,8,,,0,100,,1578136,8,,,0,98,,1578137,8,,,0,100,,1578138,8,,,0,97,,1578139,8,,,0,101,,1578140,8,,,0,101,,1578141,8,,,0,102,,1578142,8,,,0,101,,1578143,8,,,0,104,,1578144,8,,,0,99,,1578145,8,,,0,100,,1578146,8,,,0,97,,1578147,8,,,0,101,,1578148,8,,,0,100,,1578149,8,,,0
9202,'20261004',555,,1578150,8,,,0,100,,1578151,8,,,0,99,,1578152,8,,,0,100,,1578153,8,,,0,98,,1578154,8,,,0,100,,1578155,8,,,0,97,,1578156,8,,,0,101,,1578157,8,,,0,101,,1578158,8,,,0,102,,1578159,8,,,0,101,,1578160,8,,,0,104,,1578161,8,,,0,99,,1578162,8,,,0,100,,1578163,8,,,0,97,,1578164,8,,,0,101,,1578165,8,,,0,100,,1578166,8,,,0
9202,'20261005',534,,1578167,8,,,0,96,,1578168,8,,,0,73,,1578169,8,,,0,31,,1578170,8,,,0,72,,1578171,8,,,0,31,,1578172,8,,,0,99,,1578173,8,,,0,100,,1578174,8,,,0,100,,1578175,8,,,0,101,,1578176,8,,,0,100,,1578177,8,,,0,100,,1578178,8,,,0,98,,1578179,8,,,0,103,,1578180,8,,,0,100,,1578181,8,,,0,100,,1578182,8,,,0,98,,1578183,8,,,0,99,,1578184,8,,,0,99,,1578185,8,,,0,99,,1578186,8,,,0
9202,'20261006',534,,1524936,8,,,0,96,,1524935,8,,,0,73,,1524934,8,,,0,31,,1524917,8,,,0,72,,1524933,8,,,0,31,,1524918,8,,,0,99,,1524919,8,,,0,100,,1524920,8,,,0,100,,1524922,8,,,0,101,,1524923,8,,,0,100,,1524921,8,,,0,100,,1524929,8,,,0,98,,1524927,8,,,0,103,,1524928,8,,,0,100,,1524930,8,,,0,100,,1524924,8,,,0,98,,1524925,8,,,0,99,,1524926,8,,,0,99,,1524931,8,,,0,99,,1524932,8,,,0
9202,'20261007',534,,1524956,8,,,0,96,,1524955,8,,,0,73,,1524954,8,,,0,31,,1524937,8,,,0,72,,1524953,8,,,0,31,,1524938,8,,,0,99,,1524939,8,,,0,100,,1524940,8,,,0,100,,1524942,8,,,0,101,,1524943,8,,,0,100,,1524941,8,,,0,100,,1524949,8,,,0,98,,1524947,8,,,0,103,,1524948,8,,,0,100,,1524950,8,,,0,100,,1524944,8,,,0,98,,1524945,8,,,0,99,,1524946,8,,,0,99,,1524951,8,,,0,99,,1524952,8,,,0
9202,'20261008',534,,1524976,8,,,0,96,,1524975,8,,,0,73,,1524974,8,,,0,31,,1524957,8,,,0,72,,1524973,8,,,0,31,,1524958,8,,,0,99,,1524959,8,,,0,100,,1524960,8,,,0,100,,1524962,8,,,0,101,,1524963,8,,,0,100,,1524961,8,,,0,100,,1524969,8,,,0,98,,1524967,8,,,0,103,,1524968,8,,,0,100,,1524970,8,,,0,100,,1524964,8,,,0,98,,1524965,8,,,0,99,,1524966,8,,,0,99,,1524971,8,,,0,99,,1524972,8,,,0
9202,'20261009',534,,1524996,8,,,0,96,,1524995,8,,,0,73,,1524994,8,,,0,31,,1524977,8,,,0,72,,1524993,8,,,0,31,,1524978,8,,,0,99,,1524979,8,,,0,100,,1524980,8,,,0,100,,1524982,8,,,0,101,,1524983,8,,,0,100,,1524981,8,,,0,100,,1524989,8,,,0,98,,1524987,8,,,0,103,,1524988,8,,,0,100,,1524990,8,,,0,100,,1524984,8,,,0,98,,1524985,8,,,0,99,,1524986,8,,,0,99,,1524991,8,,,0,99,,1524992,8,,,0
9202,'20261010',555,,1551604,8,,,0,100,,1551603,8,,,0,99,,1551588,8,,,0,100,,1551599,8,,,0,98,,1551598,8,,,0,100,,1551589,8,,,0,97,,1551600,8,,,0,101,,1551592,8,,,0,101,,1551594,8,,,0,102,,1551593,8,,,0,101,,1551601,8,,,0,104,,1551590,8,,,0,99,,1551591,8,,,0,100,,1551602,8,,,0,97,,1551595,8,,,0,101,,1551596,8,,,0,100,,1551597,8,,,0
9202,'20261011',555,,1551621,8,,,0,100,,1551620,8,,,0,99,,1551605,8,,,0,100,,1551615,8,,,0,98,,1551614,8,,,0,100,,1551606,8,,,0,97,,1551616,8,,,0,101,,1551609,8,,,0,101,,1551611,8,,,0,102,,1551610,8,,,0,101,,1551617,8,,,0,104,,1551607,8,,,0,99,,1551608,8,,,0,100,,1551618,8,,,0,97,,1551612,8,,,0,101,,1551613,8,,,0,100,,1551619,8,,,0
9202,'20261012',555,,1551638,8,,,0,100,,1551637,8,,,0,99,,1551622,8,,,0,100,,1551632,8,,,0,98,,1551631,8,,,0,100,,1551623,8,,,0,97,,1551633,8,,,0,101,,1551626,8,,,0,101,,1551628,8,,,0,102,,1551627,8,,,0,101,,1551634,8,,,0,104,,1551624,8,,,0,99,,1551625,8,,,0,100,,1551635,8,,,0,97,,1551629,8,,,0,101,,1551630,8,,,0,100,,1551636,8,,,0
9202,'20261013',534,,1578206,8,,,0,96,,1578205,8,,,0,73,,1578204,8,,,0,31,,1578187,8,,,0,72,,1578203,8,,,0,31,,1578188,8,,,0,99,,1578189,8,,,0,100,,1578190,8,,,0,100,,1578192,8,,,0,101,,1578193,8,,,0,100,,1578191,8,,,0,100,,1578199,8,,,0,98,,1578197,8,,,0,103,,1578198,8,,,0,100,,1578200,8,,,0,100,,1578194,8,,,0,98,,1578195,8,,,0,99,,1578196,8,,,0,99,,1578201,8,,,0,99,,1578202,8,,,0
9202,'20261014',534,,1578226,8,,,0,96,,1578225,8,,,0,73,,1578224,8,,,0,31,,1578207,8,,,0,72,,1578223,8,,,0,31,,1578208,8,,,0,99,,1578209,8,,,0,100,,1578210,8,,,0,100,,1578212,8,,,0,101,,1578213,8,,,0,100,,1578211,8,,,0,100,,1578219,8,,,0,98,,1578217,8,,,0,103,,1578218,8,,,0,100,,1578220,8,,,0,100,,1578214,8,,,0,98,,1578215,8,,,0,99,,1578216,8,,,0,99,,1578221,8,,,0,99,,1578222,8,,,0
9202,'20261015',534,,1578246,8,,,0,96,,1578245,8,,,0,73,,1578244,8,,,0,31,,1578227,8,,,0,72,,1578243,8,,,0,31,,1578228,8,,,0,99,,1578229,8,,,0,100,,1578230,8,,,0,100,,1578232,8,,,0,101,,1578233,8,,,0,100,,1578231,8,,,0,100,,1578239,8,,,0,98,,1578237,8,,,0,103,,1578238,8,,,0,100,,1578240,8,,,0,100,,1578234,8,,,0,98,,1578235,8,,,0,99,,1578236,8,,,0,99,,1578241,8,,,0,99,,1578242,8,,,0
9202,'20261016',534,,1578266,8,,,0,96,,1578265,8,,,0,73,,1578264,8,,,0,31,,1578247,8,,,0,72,,1578263,8,,,0,31,,1578248,8,,,0,99,,1578249,8,,,0,100,,1578250,8,,,0,100,,1578252,8,,,0,101,,1578253,8,,,0,100,,1578251,8,,,0,100,,1578259,8,,,0,98,,1578257,8,,,0,103,,1578258,8,,,0,100,,1578260,8,,,0,100,,1578254,8,,,0,98,,1578255,8,,,0,99,,1578256,8,,,0,99,,1578261,8,,,0,99,,1578262,8,,,0
29202,'20261002',635,,1581179,8,,,0,18,,1581180,8,,,0,69,,1581181,8,,,0
29202,'20261005',635,,1581182,8,,,0,18,,1581183,8,,,0,69,,1581184,8,,,0
29202,'20261006',635,,1527911,8,,,0,18,,1527910,8,,,0,69,,1527909,8,,,0
29202,'20261007',635,,1527914,8,,,0,18,,1527913,8,,,0,69,,1527912,8,,,0
29202,'20261008',635,,1527917,8,,,0,18,,1527916,8,,,0,69,,1527915,8,,,0
29202,'20261009',635,,1527920,8,,,0,18,,1527919,8,,,0,69,,1527918,8,,,0
29202,'20261013',635,,1581187,8,,,0,18,,1581186,8,,,0,69,,1581185,8,,,0
29202,'20261014',635,,1581190,8,,,0,18,,1581189,8,,,0,69,,1581188,8,,,0
29202,'20261015',635,,1581193,8,,,0,18,,1581192,8,,,0,69,,1581191,8,,,0
29202,'20261016',635,,1581196,8,,,0,18,,1581195,8,,,0,69,,1581194,8,,,0
