9300,'20260929',658,,1551753,49,,,0,142,,1551754,49,,,0,10,,1551776,55,,,0,90,,1551755,49,,,0,36,,1551777,55,,,0,64,,1551756,49,,,0,100,,1551757,49,,,0,4,,1551778,55,,,0,96,,1551758,49,,,0,37,,1551779,55,,,0,63,,1551759,49,,,0,59,,1551760,49,,,0,47,,1551780,55,,,0,48,,1551761,49,,,0,69,,1551762,49,,,0,17,,1551781,55,,,0,11,,1551763,49,,,0,71,,1551764,49,,,0,35,,1551765,49,,,0,60,,1551782,55,,,0,6,,1551766,49,,,0,30,,1551767,49,,,0,72,,1551768,49,,,0,15,,1551783,55,,,0,11,,1551769,49,,,0,69,,1551770,49,,,0,82,,1551784,55,,,0,1,,1551771,49,,,0,100,,1551772,49,,,0,28,,1551785,55,,,0,72,,1551773,49,,,0,99,,1551774,49,,,0,100,,1551775,49,,,0
9300,'20260930',658,,1551797,49,,,0,142,,1551798,49,,,0,10,,1551786,55,,,0,90,,1551799,49,,,0,36,,1551787,55,,,0,64,,1551800,49,,,0,100,,1551801,49,,,0,4,,1551788,55,,,0,96,,1551802,49,,,0,37,,1551789,55,,,0,63,,1551803,49,,,0,59,,1551804,49,,,0,47,,1551790,55,,,0,48,,1551805,49,,,0,69,,1551806,49,,,0,17,,1551791,55,,,0,11,,1551807,49,,,0,71,,1551808,49,,,0,33,,1551796,45,,,0,2,,1551809,49,,,0,60,,1551792,55,,,0,6,,1551810,49,,,0,30,,1551811,49,,,0,72,,1551812,49,,,0,15,,1551793,55,,,0,11,,1551813,49,,,0,69,,1551814,49,,,0,82,,1551794,55,,,0,1,,1551815,49,,,0,100,,1551816,49,,,0,28,,1551795,55,,,0,72,,1551817,49,,,0,99,,1551818,49,,,0,100,,1551819,49,,,0
9300,'20261001',658,,1551831,49,,,0,142,,1551832,49,,,0,10,,1551820,55,,,0,90,,1551833,49,,,0,36,,1551821,55,,,0,64,,1551834,49,,,0,100,,1551835,49,,,0,4,,1551822,55,,,0,96,,1551836,49,,,0,37,,1551823,55,,,0,63,,1551837,49,,,0,59,,1551838,49,,,0,47,,1551824,55,,,0,48,,1551839,49,,,0,69,,1551840,49,,,0,17,,1551825,55,,,0,11,,1551841,49,,,0,71,,1551842,49,,,0,33,,1551830,45,,,0,2,,1551843,49,,,0,60,,1551826,55,,,0,6,,1551844,49,,,0,30,,1551845,49,,,0,72,,1551846,49,,,0,15,,1551827,55,,,0,11,,1551847,49,,,0,69,,1551848,49,,,0,82,,1551828,55,,,0,1,,1551849,49,,,0,100,,1551850,49,,,0,28,,1551829,55,,,0,72,,1551851,49,,,0,99,,1551852,49,,,0,100,,1551853,49,,,0
9300,'20261002',658,,1474814,49,,,0,142,,1474794,49,,,0,10,,1474817,55,,,0,90,,1474806,49,,,0,36,,1474818,55,,,0,64,,1474810,49,,,0,100,,1474811,49,,,0,4,,1474819,55,,,0,96,,1474812,49,,,0,37,,1474820,55,,,0,63,,1474795,49,,,0,59,,1474796,49,,,0,47,,1474821,55,,,0,48,,1474813,49,,,0,69,,1474803,49,,,0,17,,1474822,55,,,0,11,,1474815,49,,,0,71,,1474807,49,,,0,35,,1474797,49,,,0,60,,1474823,55,,,0,6,,1474798,49,,,0,30,,1474799,49,,,0,72,,1474800,49,,,0,15,,1474824,55,,,0,11,,1474801,49,,,0,69,,1474808,49,,,0,82,,1474825,55,,,0,1,,1474802,49,,,0,100,,1474804,49,,,0,28,,1474826,55,,,0,72,,1474809,49,,,0,99,,1474805,49,,,0,100,,1474816,49,,,0
9300,'20261003',657,,1497793,49,,,0,102,,1497784,49,,,0,100,,1497785,49,,,0,71,,1497795,55,,,0,28,,1497792,49,,,0,100,,1497778,49,,,0,43,,1497796,55,,,0,56,,1497789,49,,,0,76,,1497797,55,,,0,25,,1497786,49,,,0,101,,1497787,49,,,0,44,,1497798,55,,,0,56,,1497779,49,,,0,74,,1497799,55,,,0,26,,1497788,49,,,0,141,,1497790,49,,,0,5,,1497800,55,,,0,54,,1497780,49,,,0,74,,1497801,55,,,0,25,,1497791,49,,,0,99,,1497783,49,,,0,2,,1497802,55,,,0,168,,1497803,55,,,0,30,,1497781,49,,,0,200,,1497782,49,,,0
9300,'20261004',657,,1497819,49,,,0,102,,1497809,49,,,0,100,,1497817,49,,,0,71,,1497821,55,,,0,28,,1497818,49,,,0,100,,1497810,49,,,0,43,,1497822,55,,,0,56,,1497814,49,,,0,76,,1497823,55,,,0,25,,1497804,49,,,0,101,,1497812,49,,,0,44,,1497824,55,,,0,56,,1497811,49,,,0,74,,1497825,55,,,0,26,,1497813,49,,,0,141,,1497815,49,,,0,5,,1497826,55,,,0,54,,1497805,49,,,0,74,,1497827,55,,,0,25,,1497816,49,,,0,99,,1497808,49,,,0,2,,1497828,55,,,0,168,,1497829,55,,,0,30,,1497806,49,,,0,200,,1497807,49,,,0
9300,'20261005',658,,1497850,49,,,0,142,,1497830,49,,,0,10,,1497853,55,,,0,90,,1497842,49,,,0,36,,1497854,55,,,0,64,,1497846,49,,,0,100,,1497847,49,,,0,4,,1497855,55,,,0,96,,1497848,49,,,0,37,,1497856,55,,,0,63,,1497831,49,,,0,59,,1497832,49,,,0,47,,1497857,55,,,0,48,,1497849,49,,,0,69,,1497839,49,,,0,17,,1497858,55,,,0,11,,1497851,49,,,0,71,,1497843,49,,,0,35,,1497833,49,,,0,60,,1497859,55,,,0,6,,1497834,49,,,0,30,,1497835,49,,,0,72,,1497836,49,,,0,15,,1497860,55,,,0,11,,1497837,49,,,0,69,,1497844,49,,,0,82,,1497861,55,,,0,1,,1497838,49,,,0,100,,1497840,49,,,0,28,,1497862,55,,,0,72,,1497845,49,,,0,99,,1497841,49,,,0,100,,1497852,49,,,0
9300,'20261006',658,,1525295,49,,,0,142,,1525275,49,,,0,10,,1525298,55,,,0,90,,1525287,49,,,0,36,,1525299,55,,,0,64,,1525291,49,,,0,100,,1525292,49,,,0,4,,1525300,55,,,0,96,,1525293,49,,,0,37,,1525301,55,,,0,63,,1525276,49,,,0,59,,1525277,49,,,0,47,,1525302,55,,,0,48,,1525294,49,,,0,69,,1525284,49,,,0,17,,1525303,55,,,0,11,,1525296,49,,,0,71,,1525288,49,,,0,35,,1525278,49,,,0,60,,1525304,55,,,0,6,,1525279,49,,,0,30,,1525280,49,,,0,72,,1525281,49,,,0,15,,1525305,55,,,0,11,,1525282,49,,,0,69,,1525289,49,,,0,82,,1525306,55,,,0,1,,1525283,49,,,0,100,,1525285,49,,,0,28,,1525307,55,,,0,72,,1525290,49,,,0,99,,1525286,49,,,0,100,,1525297,49,,,0
9300,'20261007',658,,1525328,49,,,0,142,,1525308,49,,,0,10,,1525331,55,,,0,90,,1525320,49,,,0,36,,1525332,55,,,0,64,,1525324,49,,,0,100,,1525325,49,,,0,4,,1525333,55,,,0,96,,1525326,49,,,0,37,,1525334,55,,,0,63,,1525309,49,,,0,59,,1525310,49,,,0,47,,1525335,55,,,0,48,,1525327,49,,,0,69,,1525317,49,,,0,17,,1525336,55,,,0,11,,1525329,49,,,0,71,,1525321,49,,,0,35,,1525311,49,,,0,60,,1525337,55,,,0,6,,1525312,49,,,0,30,,1525313,49,,,0,72,,1525314,49,,,0,15,,1525338,55,,,0,11,,1525315,49,,,0,69,,1525322,49,,,0,82,,1525339,55,,,0,1,,1525316,49,,,0,100,,1525318,49,,,0,28,,1525340,55,,,0,72,,1525323,49,,,0,99,,1525319,49,,,0,100,,1525330,49,,,0
9300,'20261008',658,,1525361,49,,,0,142,,1525341,49,,,0,10,,1525364,55,,,0,90,,1525353,49,,,0,36,,1525365,55,,,0,64,,1525357,49,,,0,100,,1525358,49,,,0,4,,1525366,55,,,0,96,,1525359,49,,,0,37,,1525367,55,,,0,63,,1525342,49,,,0,59,,1525343,49,,,0,47,,1525368,55,,,0,48,,1525360,49,,,0,69,,1525350,49,,,0,17,,1525369,55,,,0,11,,1525362,49,,,0,71,,1525354,49,,,0,35,,1525344,49,,,0,60,,1525370,55,,,0,6,,1525345,49,,,0,30,,1525346,49,,,0,72,,1525347,49,,,0,15,,1525371,55,,,0,11,,1525348,49,,,0,69,,1525355,49,,,0,82,,1525372,55,,,0,1,,1525349,49,,,0,100,,1525351,49,,,0,28,,1525373,55,,,0,72,,1525356,49,,,0,99,,1525352,49,,,0,100,,1525363,49,,,0
9300,'20261009',658,,1525394,49,,,0,142,,1525374,49,,,0,10,,1525397,55,,,0,90,,1525386,49,,,0,36,,1525398,55,,,0,64,,1525390,49,,,0,100,,1525391,49,,,0,4,,1525399,55,,,0,96,,1525392,49,,,0,37,,1525400,55,,,0,63,,1525375,49,,,0,59,,1525376,49,,,0,47,,1525401,55,,,0,48,,1525393,49,,,0,69,,1525383,49,,,0,17,,1525402,55,,,0,11,,1525395,49,,,0,71,,1525387,49,,,0,35,,1525377,49,,,0,60,,1525403,55,,,0,6,,1525378,49,,,0,30,,1525379,49,,,0,72,,1525380,49,,,0,15,,1525404,55,,,0,11,,1525381,49,,,0,69,,1525388,49,,,0,82,,1525405,55,,,0,1,,1525382,49,,,0,100,,1525384,49,,,0,28,,1525406,55,,,0,72,,1525389,49,,,0,99,,1525385,49,,,0,100,,1525396,49,,,0
9300,'20261010',657,,1551869,49,,,0,102,,1551860,49,,,0,100,,1551861,49,,,0,71,,1551871,55,,,0,28,,1551868,49,,,0,100,,1551854,49,,,0,43,,1551872,55,,,0,56,,1551865,49,,,0,76,,1551873,55,,,0,25,,1551862,49,,,0,101,,1551863,49,,,0,44,,1551874,55,,,0,56,,1551855,49,,,0,74,,1551875,55,,,0,26,,1551864,49,,,0,141,,1551866,49,,,0,5,,1551876,55,,,0,54,,1551856,49,,,0,74,,1551877,55,,,0,25,,1551867,49,,,0,99,,1551859,49,,,0,2,,1551878,55,,,0,168,,1551879,55,,,0,30,,1551857,49,,,0,200,,1551858,49,,,0
9300,'20261011',657,,1551895,49,,,0,102,,1551885,49,,,0,100,,1551893,49,,,0,71,,1551897,55,,,0,28,,1551894,49,,,0,100,,1551886,49,,,0,43,,1551898,55,,,0,56,,1551890,49,,,0,76,,1551899,55,,,0,25,,1551880,49,,,0,101,,1551888,49,,,0,44,,1551900,55,,,0,56,,1551887,49,,,0,74,,1551901,55,,,0,26,,1551889,49,,,0,141,,1551891,49,,,0,5,,1551902,55,,,0,54,,1551881,49,,,0,74,,1551903,55,,,0,25,,1551892,49,,,0,99,,1551884,49,,,0,2,,1551904,55,,,0,168,,1551905,55,,,0,30,,1551882,49,,,0,200,,1551883,49,,,0
9300,'20261012',657,,1551921,49,,,0,102,,1551911,49,,,0,100,,1551919,49,,,0,71,,1551923,55,,,0,28,,1551920,49,,,0,100,,1551912,49,,,0,43,,1551924,55,,,0,56,,1551916,49,,,0,76,,1551925,55,,,0,25,,1551906,49,,,0,101,,1551914,49,,,0,44,,1551926,55,,,0,56,,1551913,49,,,0,74,,1551927,55,,,0,26,,1551915,49,,,0,141,,1551917,49,,,0,5,,1551928,55,,,0,54,,1551907,49,,,0,74,,1551929,55,,,0,25,,1551918,49,,,0,99,,1551910,49,,,0,2,,1551930,55,,,0,168,,1551931,55,,,0,30,,1551908,49,,,0,200,,1551909,49,,,0
28303,'20260929',1637,,1553252,54,4,,0,67,,1553253,54,4,,0,98,,1553254,54,4,,0,22,,1553255,54,4,,0
28303,'20260930',1637,,1553256,54,4,,0,67,,1553257,54,4,,0,98,,1553258,54,4,,0,22,,1553259,54,4,,0
28303,'20261001',1637,,1553260,54,4,,0,67,,1553261,54,4,,0,98,,1553262,54,4,,0,22,,1553263,54,4,,0
28303,'20261002',1637,,1476407,54,4,,0,67,,1476404,54,4,,0,98,,1476405,54,4,,0,22,,1476406,54,4,,0
28303,'20261005',1637,,1499444,54,4,,0,67,,1499441,54,4,,0,98,,1499442,54,4,,0,22,,1499443,54,4,,0
28303,'20261006',1637,,1527668,54,4,,0,67,,1527665,54,4,,0,98,,1527666,54,4,,0,22,,1527667,54,4,,0
28303,'20261007',1637,,1527672,54,4,,0,67,,1527669,54,4,,0,98,,1527670,54,4,,0,22,,1527671,54,4,,0
28303,'20261008',1637,,1527676,54,4,,0,67,,1527673,54,4,,0,98,,1527674,54,4,,0,22,,1527675,54,4,,0
28303,'20261009',1637,,1527680,54,4,,0,67,,1527677,54,4,,0,98,,1527678,54,4,,0,22,,1527679,54,4,,0
99203,'20261002',2610,,1485620,51,,,0,130,,1485621,51,,,0
99203,'20261003',2610,,1508571,51,,,0,130,,1508572,51,,,0
99203,'20261009',2610,,1540261,51,,,0,130,,1540262,51,,,0
99203,'20261010',2610,,1561872,51,,,0,130,,1561873,51,,,0
