80400,'20260929',648,,1558429,53,,,1,57,,1558430,53,,,1,15,,1558431,53,,,1,16,,1558432,53,,,1,14,,1558433,53,,,1,53,,1558434,53,,,1,15,,1558435,53,,,1,16,,1558436,53,,,1,15,,1558437,53,,,1,55,,1558438,53,,,1,15,,1558439,53,,,1,16,,1558440,53,,,1,15,,1558441,53,,,1,54,,1558442,53,,,1,16,,1558443,53,,,1,14,,1558444,53,,,1,15,,1558445,53,,,1,53,,1558446,53,,,1,17,,1558447,53,,,1,15,,1558448,53,,,1,14,,1558449,53,,,1,54,,1558450,53,,,1,15,,1558451,53,,,1,15,,1558452,53,,,1,16,,1558453,53,,,1,55,,1558454,53,,,1,14,,1558455,53,,,1,14,,1558456,53,,,1,16,,1558457,53,,,1,55,,1558458,53,,,1,15,,1558459,53,,,1,15,,1558460,53,,,1,15,,1558461,53,,,1,55,,1558462,53,,,1,17,,1558463,53,,,1,17,,1558464,53,,,1,16,,1558465,53,,,1,57,,1558466,53,,,1,10,,1558467,53,,,1,11,,1558468,53,,,1,13,,1558469,53,,,1,14,,1558470,53,,,1,48,,1558471,53,,,1,8,,1558472,53,,,1,8,,1558473,53,,,1,9,,1558474,53,,,1,10,,1558475,53,,,1,7,,1558476,53,,,1,9,,1558477,53,,,1,51,,1558478,53,,,1,10,,1558479,53,,,1,11,,1558480,53,,,1,16,,1558481,53,,,1,13,,1558482,53,,,1,55,,1558483,53,,,1,14,,1558484,53,,,1,17,,1558485,53,,,1,59,,1558486,53,,,1,18,,1558487,53,,,1,18,,1558488,53,,,1,17,,1558489,53,,,1,58,,1558490,27,,,1,18,,1558491,53,,,1,17,,1558492,53,,,1,58,,1558493,53,,,1,18,,1558494,53,,,1,18,,1558495,53,,,1,17,,1558496,53,,,1,56,,1558497,53,,,1,17,,1558498,53,,,1,19,,1558499,53,,,1,56,,1558500,53,,,1,17,,1558501,53,,,1,18,,1558502,53,,,1,17,,1558503,53,,,1,58,,1558504,53,,,1
80400,'20260930',648,,1558506,53,,,1,57,,1558507,53,,,1,15,,1558508,53,,,1,16,,1558509,53,,,1,14,,1558510,53,,,1,53,,1558511,53,,,1,15,,1558512,53,,,1,16,,1558513,53,,,1,15,,1558514,53,,,1,55,,1558515,53,,,1,15,,1558516,53,,,1,16,,1558517,53,,,1,15,,1558518,53,,,1,54,,1558519,53,,,1,16,,1558520,53,,,1,14,,1558521,53,,,1,15,,1558522,53,,,1,53,,1558523,53,,,1,17,,1558524,53,,,1,15,,1558525,53,,,1,14,,1558526,53,,,1,54,,1558527,53,,,1,15,,1558528,53,,,1,15,,1558529,53,,,1,16,,1558530,53,,,1,55,,1558531,53,,,1,14,,1558532,53,,,1,14,,1558533,53,,,1,16,,1558534,53,,,1,55,,1558535,53,,,1,15,,1558536,53,,,1,15,,1558537,53,,,1,15,,1558538,53,,,1,55,,1558539,53,,,1,17,,1558540,53,,,1,17,,1558541,53,,,1,16,,1558542,53,,,1,57,,1558543,53,,,1,10,,1558544,53,,,1,11,,1558545,53,,,1,13,,1558546,53,,,1,14,,1558547,53,,,1,48,,1558548,53,,,1,8,,1558549,53,,,1,8,,1558550,53,,,1,9,,1558551,53,,,1,10,,1558552,53,,,1,7,,1558553,53,,,1,9,,1558554,53,,,1,51,,1558555,53,,,1,10,,1558556,53,,,1,11,,1558557,53,,,1,16,,1558558,53,,,1,13,,1558559,53,,,1,55,,1558560,53,,,1,14,,1558561,53,,,1,17,,1558562,53,,,1,59,,1558563,53,,,1,18,,1558564,53,,,1,18,,1558565,53,,,1,17,,1558566,53,,,1,58,,1558567,27,,,1,18,,1558568,53,,,1,17,,1558569,53,,,1,58,,1558570,53,,,1,18,,1558571,53,,,1,18,,1558572,53,,,1,17,,1558573,53,,,1,56,,1558574,53,,,1,17,,1558575,53,,,1,19,,1558576,53,,,1,56,,1558577,53,,,1,17,,1558578,53,,,1,18,,1558579,53,,,1,17,,1558580,53,,,1,58,,1558581,53,,,1
80400,'20261001',648,,1558583,53,,,1,57,,1558584,53,,,1,15,,1558585,53,,,1,16,,1558586,53,,,1,14,,1558587,53,,,1,53,,1558588,53,,,1,15,,1558589,53,,,1,16,,1558590,53,,,1,15,,1558591,53,,,1,55,,1558592,53,,,1,15,,1558593,53,,,1,16,,1558594,53,,,1,15,,1558595,53,,,1,54,,1558596,53,,,1,16,,1558597,53,,,1,14,,1558598,53,,,1,15,,1558599,53,,,1,53,,1558600,53,,,1,17,,1558601,53,,,1,15,,1558602,53,,,1,14,,1558603,53,,,1,54,,1558604,53,,,1,15,,1558605,53,,,1,15,,1558606,53,,,1,16,,1558607,53,,,1,55,,1558608,53,,,1,14,,1558609,53,,,1,14,,1558610,53,,,1,16,,1558611,53,,,1,55,,1558612,53,,,1,15,,1558613,53,,,1,15,,1558614,53,,,1,15,,1558615,53,,,1,55,,1558616,53,,,1,17,,1558617,53,,,1,17,,1558618,53,,,1,16,,1558619,53,,,1,57,,1558620,53,,,1,10,,1558621,53,,,1,11,,1558622,53,,,1,13,,1558623,53,,,1,14,,1558624,53,,,1,48,,1558625,53,,,1,8,,1558626,53,,,1,8,,1558627,53,,,1,9,,1558628,53,,,1,10,,1558629,53,,,1,7,,1558630,53,,,1,9,,1558631,53,,,1,51,,1558632,53,,,1,10,,1558633,53,,,1,11,,1558634,53,,,1,16,,1558635,53,,,1,13,,1558636,53,,,1,55,,1558637,53,,,1,14,,1558638,53,,,1,17,,1558639,53,,,1,59,,1558640,53,,,1,18,,1558641,53,,,1,18,,1558642,53,,,1,17,,1558643,53,,,1,58,,1558644,27,,,1,18,,1558645,53,,,1,17,,1558646,53,,,1,58,,1558647,53,,,1,18,,1558648,53,,,1,18,,1558649,53,,,1,17,,1558650,53,,,1,56,,1558651,53,,,1,17,,1558652,53,,,1,19,,1558653,53,,,1,56,,1558654,53,,,1,17,,1558655,53,,,1,18,,1558656,53,,,1,17,,1558657,53,,,1,58,,1558658,53,,,1
80400,'20261002',648,,1482490,53,,,1,57,,1482423,53,,,1,15,,1482425,53,,,1,16,,1482486,53,,,1,14,,1482435,53,,,1,53,,1482437,53,,,1,15,,1482438,53,,,1,16,,1482491,53,,,1,15,,1482439,53,,,1,55,,1482440,53,,,1,15,,1482441,53,,,1,16,,1482442,53,,,1,15,,1482444,53,,,1,54,,1482479,53,,,1,16,,1482483,53,,,1,14,,1482445,53,,,1,15,,1482446,53,,,1,53,,1482443,53,,,1,17,,1482480,53,,,1,15,,1482447,53,,,1,14,,1482448,53,,,1,54,,1482484,53,,,1,15,,1482450,53,,,1,15,,1482451,53,,,1,16,,1482452,53,,,1,55,,1482449,53,,,1,14,,1482453,53,,,1,14,,1482481,53,,,1,16,,1482454,53,,,1,55,,1482455,53,,,1,15,,1482456,53,,,1,15,,1482457,53,,,1,15,,1482488,53,,,1,55,,1482458,53,,,1,17,,1482460,53,,,1,17,,1482461,53,,,1,16,,1482462,53,,,1,57,,1482459,53,,,1,10,,1482463,53,,,1,11,,1482464,53,,,1,13,,1482497,53,,,1,14,,1482465,53,,,1,48,,1482466,53,,,1,8,,1482467,53,,,1,8,,1482468,53,,,1,9,,1482485,53,,,1,10,,1482469,53,,,1,7,,1482470,53,,,1,9,,1482471,53,,,1,51,,1482472,53,,,1,10,,1482473,53,,,1,11,,1482436,53,,,1,16,,1482434,53,,,1,13,,1482433,53,,,1,55,,1482474,53,,,1,14,,1482475,53,,,1,17,,1482496,53,,,1,59,,1482476,53,,,1,18,,1482478,53,,,1,18,,1482426,53,,,1,17,,1482482,53,,,1,58,,1482427,53,,,1,18,,1482487,53,,,1,17,,1482424,53,,,1,58,,1482489,53,,,1,18,,1482428,53,,,1,18,,1482429,53,,,1,17,,1482492,53,,,1,56,,1482430,53,,,1,17,,1482493,53,,,1,19,,1482431,53,,,1,56,,1482432,53,,,1,17,,1482494,53,,,1,18,,1482495,53,,,1,17,,1482477,53,,,1,58,,1482498,53,,,1
80400,'20261003',733,,1505312,53,,,1,18,,1505265,53,,,1,58,,1505266,53,,,1,19,,1505267,53,,,1,19,,1505313,53,,,1,59,,1505317,53,,,1,18,,1505268,53,,,1,18,,1505269,53,,,1,58,,1505308,53,,,1,18,,1505318,53,,,1,18,,1505314,53,,,1,18,,1505309,53,,,1,57,,1505316,53,,,1,18,,1505270,53,,,1,17,,1505310,53,,,1,55,,1505271,53,,,1,15,,1505311,53,,,1,16,,1505272,53,,,1,15,,1505319,53,,,1,55,,1505273,53,,,1,15,,1505274,53,,,1,15,,1505275,53,,,1,15,,1505276,53,,,1,55,,1505277,53,,,1,15,,1505278,53,,,1,15,,1505279,53,,,1,15,,1505280,53,,,1,55,,1505281,53,,,1,15,,1505282,53,,,1,15,,1505283,53,,,1,15,,1505284,53,,,1,55,,1505285,53,,,1,15,,1505286,53,,,1,15,,1505287,53,,,1,15,,1505288,53,,,1,55,,1505289,53,,,1,14,,1505290,53,,,1,15,,1505291,53,,,1,16,,1505292,53,,,1,55,,1505293,53,,,1,15,,1505294,53,,,1,18,,1505295,53,,,1,16,,1505296,53,,,1,57,,1505320,53,,,1,17,,1505315,53,,,1,17,,1505321,53,,,1,58,,1505297,53,,,1,16,,1505322,53,,,1,18,,1505298,53,,,1,16,,1505299,53,,,1,58,,1505323,53,,,1,17,,1505300,53,,,1,18,,1505324,53,,,1,57,,1505301,53,,,1,18,,1505302,53,,,1,17,,1505325,53,,,1,18,,1505303,53,,,1,58,,1505326,53,,,1,17,,1505304,53,,,1,18,,1505305,53,,,1,58,,1505327,53,,,1,17,,1505306,53,,,1,18,,1505307,53,,,1,18,,1505328,53,,,1,58,,1505329,53,,,1
80400,'20261004',733,,1505378,53,,,1,18,,1505330,53,,,1,58,,1505382,53,,,1,19,,1505331,53,,,1,19,,1505332,53,,,1,59,,1505380,53,,,1,18,,1505333,53,,,1,18,,1505334,53,,,1,58,,1505336,53,,,1,18,,1505376,53,,,1,18,,1505383,53,,,1,18,,1505379,53,,,1,57,,1505338,53,,,1,18,,1505384,53,,,1,17,,1505335,53,,,1,55,,1505339,53,,,1,15,,1505337,53,,,1,16,,1505377,53,,,1,15,,1505340,53,,,1,55,,1505341,53,,,1,15,,1505342,53,,,1,15,,1505343,53,,,1,15,,1505344,53,,,1,55,,1505345,53,,,1,15,,1505346,53,,,1,15,,1505347,53,,,1,15,,1505348,53,,,1,55,,1505349,53,,,1,15,,1505350,53,,,1,15,,1505351,53,,,1,15,,1505352,53,,,1,55,,1505353,53,,,1,15,,1505354,53,,,1,15,,1505355,53,,,1,15,,1505356,53,,,1,55,,1505357,53,,,1,14,,1505358,53,,,1,15,,1505359,53,,,1,16,,1505360,53,,,1,55,,1505361,53,,,1,15,,1505362,53,,,1,18,,1505363,53,,,1,16,,1505385,53,,,1,57,,1505364,53,,,1,17,,1505381,53,,,1,17,,1505386,53,,,1,58,,1505366,53,,,1,16,,1505387,53,,,1,18,,1505368,53,,,1,16,,1505365,53,,,1,58,,1505389,53,,,1,17,,1505369,53,,,1,18,,1505390,53,,,1,57,,1505367,53,,,1,18,,1505370,53,,,1,17,,1505391,53,,,1,18,,1505371,53,,,1,58,,1505388,53,,,1,17,,1505372,53,,,1,18,,1505373,53,,,1,58,,1505392,53,,,1,17,,1505374,53,,,1,18,,1505375,53,,,1,18,,1505393,53,,,1,58,,1505394,53,,,1
80400,'20261005',648,,1505462,53,,,1,57,,1505395,53,,,1,15,,1505397,53,,,1,16,,1505458,53,,,1,14,,1505407,53,,,1,53,,1505409,53,,,1,15,,1505410,53,,,1,16,,1505463,53,,,1,15,,1505411,53,,,1,55,,1505412,53,,,1,15,,1505413,53,,,1,16,,1505414,53,,,1,15,,1505416,53,,,1,54,,1505451,53,,,1,16,,1505455,53,,,1,14,,1505417,53,,,1,15,,1505418,53,,,1,53,,1505415,53,,,1,17,,1505452,53,,,1,15,,1505419,53,,,1,14,,1505420,53,,,1,54,,1505456,53,,,1,15,,1505422,53,,,1,15,,1505423,53,,,1,16,,1505424,53,,,1,55,,1505421,53,,,1,14,,1505425,53,,,1,14,,1505453,53,,,1,16,,1505426,53,,,1,55,,1505427,53,,,1,15,,1505428,53,,,1,15,,1505429,53,,,1,15,,1505460,53,,,1,55,,1505430,53,,,1,17,,1505432,53,,,1,17,,1505433,53,,,1,16,,1505434,53,,,1,57,,1505431,53,,,1,10,,1505435,53,,,1,11,,1505436,53,,,1,13,,1505469,53,,,1,14,,1505437,53,,,1,48,,1505438,53,,,1,8,,1505439,53,,,1,8,,1505440,53,,,1,9,,1505457,53,,,1,10,,1505441,53,,,1,7,,1505442,53,,,1,9,,1505443,53,,,1,51,,1505444,53,,,1,10,,1505445,53,,,1,11,,1505408,53,,,1,16,,1505406,53,,,1,13,,1505405,53,,,1,55,,1505446,53,,,1,14,,1505447,53,,,1,17,,1505468,53,,,1,59,,1505448,53,,,1,18,,1505450,53,,,1,18,,1505398,53,,,1,17,,1505454,53,,,1,58,,1505399,53,,,1,18,,1505459,53,,,1,17,,1505396,53,,,1,58,,1505461,53,,,1,18,,1505400,53,,,1,18,,1505401,53,,,1,17,,1505464,53,,,1,56,,1505402,53,,,1,17,,1505465,53,,,1,19,,1505403,53,,,1,56,,1505404,53,,,1,17,,1505466,53,,,1,18,,1505467,53,,,1,17,,1505449,53,,,1,58,,1505470,53,,,1
80400,'20261006',648,,1535799,53,,,1,57,,1535732,53,,,1,15,,1535734,53,,,1,16,,1535795,53,,,1,14,,1535744,53,,,1,53,,1535746,53,,,1,15,,1535747,53,,,1,16,,1535800,53,,,1,15,,1535748,53,,,1,55,,1535749,53,,,1,15,,1535750,53,,,1,16,,1535751,53,,,1,15,,1535753,53,,,1,54,,1535788,53,,,1,16,,1535792,53,,,1,14,,1535754,53,,,1,15,,1535755,53,,,1,53,,1535752,53,,,1,17,,1535789,53,,,1,15,,1535756,53,,,1,14,,1535757,53,,,1,54,,1535793,53,,,1,15,,1535759,53,,,1,15,,1535760,53,,,1,16,,1535761,53,,,1,55,,1535758,53,,,1,14,,1535762,53,,,1,14,,1535790,53,,,1,16,,1535763,53,,,1,55,,1535764,53,,,1,15,,1535765,53,,,1,15,,1535766,53,,,1,15,,1535797,53,,,1,55,,1535767,53,,,1,17,,1535769,53,,,1,17,,1535770,53,,,1,16,,1535771,53,,,1,57,,1535768,53,,,1,10,,1535772,53,,,1,11,,1535773,53,,,1,13,,1535806,53,,,1,14,,1535774,53,,,1,48,,1535775,53,,,1,8,,1535776,53,,,1,8,,1535777,53,,,1,9,,1535794,53,,,1,10,,1535778,53,,,1,7,,1535779,53,,,1,9,,1535780,53,,,1,51,,1535781,53,,,1,10,,1535782,53,,,1,11,,1535745,53,,,1,16,,1535743,53,,,1,13,,1535742,53,,,1,55,,1535783,53,,,1,14,,1535784,53,,,1,17,,1535805,53,,,1,59,,1535785,53,,,1,18,,1535787,53,,,1,18,,1535735,53,,,1,17,,1535791,53,,,1,58,,1535736,53,,,1,18,,1535796,53,,,1,17,,1535733,53,,,1,58,,1535798,53,,,1,18,,1535737,53,,,1,18,,1535738,53,,,1,17,,1535801,53,,,1,56,,1535739,53,,,1,17,,1535802,53,,,1,19,,1535740,53,,,1,56,,1535741,53,,,1,17,,1535803,53,,,1,18,,1535804,53,,,1,17,,1535786,53,,,1,58,,1535807,53,,,1
80400,'20261007',648,,1535875,53,,,1,57,,1535808,53,,,1,15,,1535810,53,,,1,16,,1535871,53,,,1,14,,1535820,53,,,1,53,,1535822,53,,,1,15,,1535823,53,,,1,16,,1535876,53,,,1,15,,1535824,53,,,1,55,,1535825,53,,,1,15,,1535826,53,,,1,16,,1535827,53,,,1,15,,1535829,53,,,1,54,,1535864,53,,,1,16,,1535868,53,,,1,14,,1535830,53,,,1,15,,1535831,53,,,1,53,,1535828,53,,,1,17,,1535865,53,,,1,15,,1535832,53,,,1,14,,1535833,53,,,1,54,,1535869,53,,,1,15,,1535835,53,,,1,15,,1535836,53,,,1,16,,1535837,53,,,1,55,,1535834,53,,,1,14,,1535838,53,,,1,14,,1535866,53,,,1,16,,1535839,53,,,1,55,,1535840,53,,,1,15,,1535841,53,,,1,15,,1535842,53,,,1,15,,1535873,53,,,1,55,,1535843,53,,,1,17,,1535845,53,,,1,17,,1535846,53,,,1,16,,1535847,53,,,1,57,,1535844,53,,,1,10,,1535848,53,,,1,11,,1535849,53,,,1,13,,1535882,53,,,1,14,,1535850,53,,,1,48,,1535851,53,,,1,8,,1535852,53,,,1,8,,1535853,53,,,1,9,,1535870,53,,,1,10,,1535854,53,,,1,7,,1535855,53,,,1,9,,1535856,53,,,1,51,,1535857,53,,,1,10,,1535858,53,,,1,11,,1535821,53,,,1,16,,1535819,53,,,1,13,,1535818,53,,,1,55,,1535859,53,,,1,14,,1535860,53,,,1,17,,1535881,53,,,1,59,,1535861,53,,,1,18,,1535863,53,,,1,18,,1535811,53,,,1,17,,1535867,53,,,1,58,,1535812,53,,,1,18,,1535872,53,,,1,17,,1535809,53,,,1,58,,1535874,53,,,1,18,,1535813,53,,,1,18,,1535814,53,,,1,17,,1535877,53,,,1,56,,1535815,53,,,1,17,,1535878,53,,,1,19,,1535816,53,,,1,56,,1535817,53,,,1,17,,1535879,53,,,1,18,,1535880,53,,,1,17,,1535862,53,,,1,58,,1535883,53,,,1
80400,'20261008',648,,1535951,53,,,1,57,,1535884,53,,,1,15,,1535886,53,,,1,16,,1535947,53,,,1,14,,1535896,53,,,1,53,,1535898,53,,,1,15,,1535899,53,,,1,16,,1535952,53,,,1,15,,1535900,53,,,1,55,,1535901,53,,,1,15,,1535902,53,,,1,16,,1535903,53,,,1,15,,1535905,53,,,1,54,,1535940,53,,,1,16,,1535944,53,,,1,14,,1535906,53,,,1,15,,1535907,53,,,1,53,,1535904,53,,,1,17,,1535941,53,,,1,15,,1535908,53,,,1,14,,1535909,53,,,1,54,,1535945,53,,,1,15,,1535911,53,,,1,15,,1535912,53,,,1,16,,1535913,53,,,1,55,,1535910,53,,,1,14,,1535914,53,,,1,14,,1535942,53,,,1,16,,1535915,53,,,1,55,,1535916,53,,,1,15,,1535917,53,,,1,15,,1535918,53,,,1,15,,1535949,53,,,1,55,,1535919,53,,,1,17,,1535921,53,,,1,17,,1535922,53,,,1,16,,1535923,53,,,1,57,,1535920,53,,,1,10,,1535924,53,,,1,11,,1535925,53,,,1,13,,1535958,53,,,1,14,,1535926,53,,,1,48,,1535927,53,,,1,8,,1535928,53,,,1,8,,1535929,53,,,1,9,,1535946,53,,,1,10,,1535930,53,,,1,7,,1535931,53,,,1,9,,1535932,53,,,1,51,,1535933,53,,,1,10,,1535934,53,,,1,11,,1535897,53,,,1,16,,1535895,53,,,1,13,,1535894,53,,,1,55,,1535935,53,,,1,14,,1535936,53,,,1,17,,1535957,53,,,1,59,,1535937,53,,,1,18,,1535939,53,,,1,18,,1535887,53,,,1,17,,1535943,53,,,1,58,,1535888,53,,,1,18,,1535948,53,,,1,17,,1535885,53,,,1,58,,1535950,53,,,1,18,,1535889,53,,,1,18,,1535890,53,,,1,17,,1535953,53,,,1,56,,1535891,53,,,1,17,,1535954,53,,,1,19,,1535892,53,,,1,56,,1535893,53,,,1,17,,1535955,53,,,1,18,,1535956,53,,,1,17,,1535938,53,,,1,58,,1535959,53,,,1
80400,'20261009',648,,1536027,53,,,1,57,,1535960,53,,,1,15,,1535962,53,,,1,16,,1536023,53,,,1,14,,1535972,53,,,1,53,,1535974,53,,,1,15,,1535975,53,,,1,16,,1536028,53,,,1,15,,1535976,53,,,1,55,,1535977,53,,,1,15,,1535978,53,,,1,16,,1535979,53,,,1,15,,1535981,53,,,1,54,,1536016,53,,,1,16,,1536020,53,,,1,14,,1535982,53,,,1,15,,1535983,53,,,1,53,,1535980,53,,,1,17,,1536017,53,,,1,15,,1535984,53,,,1,14,,1535985,53,,,1,54,,1536021,53,,,1,15,,1535987,53,,,1,15,,1535988,53,,,1,16,,1535989,53,,,1,55,,1535986,53,,,1,14,,1535990,53,,,1,14,,1536018,53,,,1,16,,1535991,53,,,1,55,,1535992,53,,,1,15,,1535993,53,,,1,15,,1535994,53,,,1,15,,1536025,53,,,1,55,,1535995,53,,,1,17,,1535997,53,,,1,17,,1535998,53,,,1,16,,1535999,53,,,1,57,,1535996,53,,,1,10,,1536000,53,,,1,11,,1536001,53,,,1,13,,1536034,53,,,1,14,,1536002,53,,,1,48,,1536003,53,,,1,8,,1536004,53,,,1,8,,1536005,53,,,1,9,,1536022,53,,,1,10,,1536006,53,,,1,7,,1536007,53,,,1,9,,1536008,53,,,1,51,,1536009,53,,,1,10,,1536010,53,,,1,11,,1535973,53,,,1,16,,1535971,53,,,1,13,,1535970,53,,,1,55,,1536011,53,,,1,14,,1536012,53,,,1,17,,1536033,53,,,1,59,,1536013,53,,,1,18,,1536015,53,,,1,18,,1535963,53,,,1,17,,1536019,53,,,1,58,,1535964,53,,,1,18,,1536024,53,,,1,17,,1535961,53,,,1,58,,1536026,53,,,1,18,,1535965,53,,,1,18,,1535966,53,,,1,17,,1536029,53,,,1,56,,1535967,53,,,1,17,,1536030,53,,,1,19,,1535968,53,,,1,56,,1535969,53,,,1,17,,1536031,53,,,1,18,,1536032,53,,,1,17,,1536014,53,,,1,58,,1536035,53,,,1
80400,'20261010',733,,1558706,53,,,1,18,,1558659,53,,,1,58,,1558660,53,,,1,19,,1558661,53,,,1,19,,1558707,53,,,1,59,,1558711,53,,,1,18,,1558662,53,,,1,18,,1558663,53,,,1,58,,1558702,53,,,1,18,,1558712,53,,,1,18,,1558708,53,,,1,18,,1558703,53,,,1,57,,1558710,53,,,1,18,,1558664,53,,,1,17,,1558704,53,,,1,55,,1558665,53,,,1,15,,1558705,53,,,1,16,,1558666,53,,,1,15,,1558713,53,,,1,55,,1558667,53,,,1,15,,1558668,53,,,1,15,,1558669,53,,,1,15,,1558670,53,,,1,55,,1558671,53,,,1,15,,1558672,53,,,1,15,,1558673,53,,,1,15,,1558674,53,,,1,55,,1558675,53,,,1,15,,1558676,53,,,1,15,,1558677,53,,,1,15,,1558678,53,,,1,55,,1558679,53,,,1,15,,1558680,53,,,1,15,,1558681,53,,,1,15,,1558682,53,,,1,55,,1558683,53,,,1,14,,1558684,53,,,1,15,,1558685,53,,,1,16,,1558686,53,,,1,55,,1558687,53,,,1,15,,1558688,53,,,1,18,,1558689,53,,,1,16,,1558690,53,,,1,57,,1558714,53,,,1,17,,1558709,53,,,1,17,,1558715,53,,,1,58,,1558691,53,,,1,16,,1558716,53,,,1,18,,1558692,53,,,1,16,,1558693,53,,,1,58,,1558717,53,,,1,17,,1558694,53,,,1,18,,1558718,53,,,1,57,,1558695,53,,,1,18,,1558696,53,,,1,17,,1558719,53,,,1,18,,1558697,53,,,1,58,,1558720,53,,,1,17,,1558698,53,,,1,18,,1558699,53,,,1,58,,1558721,53,,,1,17,,1558700,53,,,1,18,,1558701,53,,,1,18,,1558722,53,,,1,58,,1558723,53,,,1
80400,'20261011',733,,1558772,53,,,1,18,,1558724,53,,,1,58,,1558776,53,,,1,19,,1558725,53,,,1,19,,1558726,53,,,1,59,,1558774,53,,,1,18,,1558727,53,,,1,18,,1558728,53,,,1,58,,1558730,53,,,1,18,,1558770,53,,,1,18,,1558777,53,,,1,18,,1558773,53,,,1,57,,1558732,53,,,1,18,,1558778,53,,,1,17,,1558729,53,,,1,55,,1558733,53,,,1,15,,1558731,53,,,1,16,,1558771,53,,,1,15,,1558734,53,,,1,55,,1558735,53,,,1,15,,1558736,53,,,1,15,,1558737,53,,,1,15,,1558738,53,,,1,55,,1558739,53,,,1,15,,1558740,53,,,1,15,,1558741,53,,,1,15,,1558742,53,,,1,55,,1558743,53,,,1,15,,1558744,53,,,1,15,,1558745,53,,,1,15,,1558746,53,,,1,55,,1558747,53,,,1,15,,1558748,53,,,1,15,,1558749,53,,,1,15,,1558750,53,,,1,55,,1558751,53,,,1,14,,1558752,53,,,1,15,,1558753,53,,,1,16,,1558754,53,,,1,55,,1558755,53,,,1,15,,1558756,53,,,1,18,,1558757,53,,,1,16,,1558779,53,,,1,57,,1558758,53,,,1,17,,1558775,53,,,1,17,,1558780,53,,,1,58,,1558760,53,,,1,16,,1558781,53,,,1,18,,1558762,53,,,1,16,,1558759,53,,,1,58,,1558783,53,,,1,17,,1558763,53,,,1,18,,1558784,53,,,1,57,,1558761,53,,,1,18,,1558764,53,,,1,17,,1558785,53,,,1,18,,1558765,53,,,1,58,,1558782,53,,,1,17,,1558766,53,,,1,18,,1558767,53,,,1,58,,1558786,53,,,1,17,,1558768,53,,,1,18,,1558769,53,,,1,18,,1558787,53,,,1,58,,1558788,53,,,1
80400,'20261012',733,,1558837,53,,,1,18,,1558789,53,,,1,58,,1558841,53,,,1,19,,1558790,53,,,1,19,,1558791,53,,,1,59,,1558839,53,,,1,18,,1558792,53,,,1,18,,1558793,53,,,1,58,,1558795,53,,,1,18,,1558835,53,,,1,18,,1558842,53,,,1,18,,1558838,53,,,1,57,,1558797,53,,,1,18,,1558843,53,,,1,17,,1558794,53,,,1,55,,1558798,53,,,1,15,,1558796,53,,,1,16,,1558836,53,,,1,15,,1558799,53,,,1,55,,1558800,53,,,1,15,,1558801,53,,,1,15,,1558802,53,,,1,15,,1558803,53,,,1,55,,1558804,53,,,1,15,,1558805,53,,,1,15,,1558806,53,,,1,15,,1558807,53,,,1,55,,1558808,53,,,1,15,,1558809,53,,,1,15,,1558810,53,,,1,15,,1558811,53,,,1,55,,1558812,53,,,1,15,,1558813,53,,,1,15,,1558814,53,,,1,15,,1558815,53,,,1,55,,1558816,53,,,1,14,,1558817,53,,,1,15,,1558818,53,,,1,16,,1558819,53,,,1,55,,1558820,53,,,1,15,,1558821,53,,,1,18,,1558822,53,,,1,16,,1558844,53,,,1,57,,1558823,53,,,1,17,,1558840,53,,,1,17,,1558845,53,,,1,58,,1558825,53,,,1,16,,1558846,53,,,1,18,,1558827,53,,,1,16,,1558824,53,,,1,58,,1558848,53,,,1,17,,1558828,53,,,1,18,,1558849,53,,,1,57,,1558826,53,,,1,18,,1558829,53,,,1,17,,1558850,53,,,1,18,,1558830,53,,,1,58,,1558847,53,,,1,17,,1558831,53,,,1,18,,1558832,53,,,1,58,,1558851,53,,,1,17,,1558833,53,,,1,18,,1558834,53,,,1,18,,1558852,53,,,1,58,,1558853,53,,,1
90400,'20261002',2617,,1485577,61,,,0
90400,'20261003',2617,,1508550,61,,,0
90400,'20261009',2617,,1540196,61,,,0
90400,'20261010',2617,,1561851,61,,,0
98400,'20261002',2628,,1485613,101,,,0
98400,'20261003',2628,,1508568,101,,,0
98400,'20261009',2628,,1540250,101,,,0
98400,'20261010',2628,,1561869,101,,,0
