2800,'20261006',644,,1598945,21,,,0,70,,1598946,21,,,0,36,,1598947,21,,,0,70,,1598948,21,,,0,9,,1598949,21,,,0,16,,1598950,21,,,0,70,,1598951,23,,,0,30,,1598952,23,,,0,70,,1598953,23,,,0,30,,1598954,23,,,0,69,,1598955,23,,,0,30,,1598956,23,,,0,71,,1598957,23,,,0,29,,1598958,23,,,0,71,,1598959,23,,,0,29,,1598960,23,,,0,71,,1598961,23,,,0,28,,1598962,23,,,0,70,,1598963,23,,,0,33,,1598964,21,,,0,10,,1598965,21,,,0,52,,1598966,21,,,0,8,,1598967,21,,,0,4,,1598968,21,,,0,25,,1598969,21,,,0,61,,1598944,21,,,0,11,,1598970,21,,,0,16,,1598971,21,,,0,16,,1598972,21,,,0,67,,1598973,21,,,0,29,,1598974,21,,,0,71,,1598975,21,,,0,31,,1598976,21,,,0,71,,1598977,21,,,0,31,,1598978,21,,,0,70,,1598979,21,,,0,30,,1598980,21,,,0,70,,1598981,21,,,0,30,,1598982,21,,,0,69,,1598983,21,,,0,30,,1598984,21,,,0,70,,1598985,21,,,0,30,,1598986,21,,,0
2800,'20261007',644,,1598988,21,,,0,70,,1598989,21,,,0,36,,1598990,21,,,0,70,,1598991,21,,,0,9,,1598992,21,,,0,16,,1598993,21,,,0,70,,1598994,23,,,0,30,,1598995,23,,,0,70,,1598996,23,,,0,30,,1598997,23,,,0,69,,1598998,23,,,0,30,,1598999,23,,,0,71,,1599000,23,,,0,29,,1599001,23,,,0,71,,1599002,23,,,0,29,,1599003,23,,,0,71,,1599004,23,,,0,28,,1599005,23,,,0,70,,1599006,23,,,0,33,,1599007,21,,,0,10,,1599008,21,,,0,52,,1599009,21,,,0,8,,1599010,21,,,0,4,,1599011,21,,,0,25,,1599012,21,,,0,61,,1598987,21,,,0,11,,1599013,21,,,0,16,,1599014,21,,,0,16,,1599015,21,,,0,67,,1599016,21,,,0,29,,1599017,21,,,0,71,,1599018,21,,,0,31,,1599019,21,,,0,71,,1599020,21,,,0,31,,1599021,21,,,0,70,,1599022,21,,,0,30,,1599023,21,,,0,70,,1599024,21,,,0,30,,1599025,21,,,0,69,,1599026,21,,,0,30,,1599027,21,,,0,70,,1599028,21,,,0,30,,1599029,21,,,0
2800,'20261008',644,,1599031,21,,,0,70,,1599032,21,,,0,36,,1599033,21,,,0,70,,1599034,21,,,0,9,,1599035,21,,,0,16,,1599036,21,,,0,70,,1599037,23,,,0,30,,1599038,23,,,0,70,,1599039,23,,,0,30,,1599040,23,,,0,69,,1599041,23,,,0,30,,1599042,23,,,0,71,,1599043,23,,,0,29,,1599044,23,,,0,71,,1599045,23,,,0,29,,1599046,23,,,0,71,,1599047,23,,,0,28,,1599048,23,,,0,70,,1599049,23,,,0,33,,1599050,21,,,0,10,,1599051,21,,,0,52,,1599052,21,,,0,8,,1599053,21,,,0,4,,1599054,21,,,0,25,,1599055,21,,,0,61,,1599030,21,,,0,11,,1599056,21,,,0,16,,1599057,21,,,0,16,,1599058,21,,,0,67,,1599059,21,,,0,29,,1599060,21,,,0,71,,1599061,21,,,0,31,,1599062,21,,,0,71,,1599063,21,,,0,31,,1599064,21,,,0,70,,1599065,21,,,0,30,,1599066,21,,,0,70,,1599067,21,,,0,30,,1599068,21,,,0,69,,1599069,21,,,0,30,,1599070,21,,,0,70,,1599071,21,,,0,30,,1599072,21,,,0
2800,'20261009',644,,1599074,21,,,0,70,,1599075,21,,,0,36,,1599076,21,,,0,70,,1599077,21,,,0,9,,1599078,21,,,0,16,,1599079,21,,,0,70,,1599080,23,,,0,30,,1599081,23,,,0,70,,1599082,23,,,0,30,,1599083,23,,,0,69,,1599084,23,,,0,30,,1599085,23,,,0,71,,1599086,23,,,0,29,,1599087,23,,,0,71,,1599088,23,,,0,29,,1599089,23,,,0,71,,1599090,23,,,0,28,,1599091,23,,,0,70,,1599092,23,,,0,33,,1599093,21,,,0,10,,1599094,21,,,0,52,,1599095,21,,,0,8,,1599096,21,,,0,4,,1599097,21,,,0,25,,1599098,21,,,0,61,,1599073,21,,,0,11,,1599099,21,,,0,16,,1599100,21,,,0,16,,1599101,21,,,0,67,,1599102,21,,,0,29,,1599103,21,,,0,71,,1599104,21,,,0,31,,1599105,21,,,0,71,,1599106,21,,,0,31,,1599107,21,,,0,70,,1599108,21,,,0,30,,1599109,21,,,0,70,,1599110,21,,,0,30,,1599111,21,,,0,69,,1599112,21,,,0,30,,1599113,21,,,0,70,,1599114,21,,,0,30,,1599115,21,,,0
2800,'20261010',648,,1544083,21,,,0,100,,1544084,21,,,0,100,,1544085,21,,,0,99,,1544086,21,,,0,99,,1544087,21,,,0,71,,1544070,21,,,0,28,,1544088,21,,,0,70,,1544076,23,,,0,32,,1544089,23,,,0,67,,1544077,23,,,0,33,,1544090,23,,,0,69,,1544078,23,,,0,36,,1544091,23,,,0,65,,1544079,23,,,0,32,,1544092,23,,,0,65,,1544080,23,,,0,32,,1544093,23,,,0,73,,1544081,23,,,0,33,,1544094,23,,,0,64,,1544082,23,,,0,32,,1544095,21,,,0,72,,1544071,21,,,0,29,,1544096,21,,,0,70,,1544072,21,,,0,30,,1544097,21,,,0,70,,1544073,21,,,0,30,,1544098,21,,,0,70,,1544074,21,,,0,30,,1544099,21,,,0,70,,1544075,21,,,0,31,,1544100,21,,,0,70,,1544102,21,,,0,29,,1544101,21,,,0
2800,'20261011',648,,1544117,21,,,0,100,,1544118,21,,,0,100,,1544119,21,,,0,99,,1544116,21,,,0,99,,1544120,21,,,0,71,,1544104,21,,,0,28,,1544122,21,,,0,70,,1544110,23,,,0,32,,1544123,23,,,0,67,,1544107,23,,,0,33,,1544124,23,,,0,69,,1544111,23,,,0,36,,1544121,23,,,0,65,,1544112,23,,,0,32,,1544125,23,,,0,65,,1544113,23,,,0,32,,1544127,23,,,0,73,,1544114,23,,,0,33,,1544128,23,,,0,64,,1544115,23,,,0,32,,1544129,21,,,0,72,,1544105,21,,,0,29,,1544126,21,,,0,70,,1544103,21,,,0,30,,1544130,21,,,0,70,,1544106,21,,,0,30,,1544132,21,,,0,70,,1544108,21,,,0,30,,1544133,21,,,0,70,,1544109,21,,,0,31,,1544134,21,,,0,70,,1544131,21,,,0,29,,1544135,21,,,0
2800,'20261012',648,,1544150,21,,,0,100,,1544151,21,,,0,100,,1544152,21,,,0,99,,1544149,21,,,0,99,,1544153,21,,,0,71,,1544137,21,,,0,28,,1544155,21,,,0,70,,1544143,23,,,0,32,,1544156,23,,,0,67,,1544140,23,,,0,33,,1544157,23,,,0,69,,1544144,23,,,0,36,,1544154,23,,,0,65,,1544145,23,,,0,32,,1544158,23,,,0,65,,1544146,23,,,0,32,,1544160,23,,,0,73,,1544147,23,,,0,33,,1544161,23,,,0,64,,1544148,23,,,0,32,,1544162,21,,,0,72,,1544138,21,,,0,29,,1544159,21,,,0,70,,1544136,21,,,0,30,,1544163,21,,,0,70,,1544139,21,,,0,30,,1544165,21,,,0,70,,1544141,21,,,0,30,,1544166,21,,,0,70,,1544142,21,,,0,31,,1544167,21,,,0,70,,1544164,21,,,0,29,,1544168,21,,,0
2800,'20261013',644,,1567384,21,,,0,70,,1567383,21,,,0,36,,1567385,21,,,0,70,,1567387,21,,,0,9,,1567388,21,,,0,16,,1567389,21,,,0,70,,1567386,23,,,0,30,,1567390,23,,,0,70,,1567392,23,,,0,30,,1567393,23,,,0,69,,1567394,23,,,0,30,,1567391,23,,,0,71,,1567395,23,,,0,29,,1567397,23,,,0,71,,1567398,23,,,0,29,,1567399,23,,,0,71,,1567396,23,,,0,28,,1567400,23,,,0,70,,1567402,23,,,0,33,,1567403,21,,,0,10,,1567404,21,,,0,52,,1567422,21,,,0,8,,1567401,21,,,0,4,,1567405,21,,,0,25,,1567406,21,,,0,61,,1567407,21,,,0,11,,1567408,21,,,0,16,,1567409,21,,,0,16,,1567410,21,,,0,67,,1567411,21,,,0,29,,1567413,21,,,0,71,,1567414,21,,,0,31,,1567415,21,,,0,71,,1567412,21,,,0,31,,1567416,21,,,0,70,,1567418,21,,,0,30,,1567419,21,,,0,70,,1567420,21,,,0,30,,1567417,21,,,0,69,,1567421,21,,,0,30,,1567423,21,,,0,70,,1567425,21,,,0,30,,1567424,21,,,0
2800,'20261014',644,,1567427,21,,,0,70,,1567426,21,,,0,36,,1567428,21,,,0,70,,1567430,21,,,0,9,,1567431,21,,,0,16,,1567432,21,,,0,70,,1567429,23,,,0,30,,1567433,23,,,0,70,,1567435,23,,,0,30,,1567436,23,,,0,69,,1567437,23,,,0,30,,1567434,23,,,0,71,,1567438,23,,,0,29,,1567440,23,,,0,71,,1567441,23,,,0,29,,1567442,23,,,0,71,,1567439,23,,,0,28,,1567443,23,,,0,70,,1567445,23,,,0,33,,1567446,21,,,0,10,,1567447,21,,,0,52,,1567465,21,,,0,8,,1567444,21,,,0,4,,1567448,21,,,0,25,,1567449,21,,,0,61,,1567450,21,,,0,11,,1567451,21,,,0,16,,1567452,21,,,0,16,,1567453,21,,,0,67,,1567454,21,,,0,29,,1567456,21,,,0,71,,1567457,21,,,0,31,,1567458,21,,,0,71,,1567455,21,,,0,31,,1567459,21,,,0,70,,1567461,21,,,0,30,,1567462,21,,,0,70,,1567463,21,,,0,30,,1567460,21,,,0,69,,1567464,21,,,0,30,,1567466,21,,,0,70,,1567468,21,,,0,30,,1567467,21,,,0
2800,'20261015',644,,1567470,21,,,0,70,,1567469,21,,,0,36,,1567471,21,,,0,70,,1567473,21,,,0,9,,1567474,21,,,0,16,,1567475,21,,,0,70,,1567472,23,,,0,30,,1567476,23,,,0,70,,1567478,23,,,0,30,,1567479,23,,,0,69,,1567480,23,,,0,30,,1567477,23,,,0,71,,1567481,23,,,0,29,,1567483,23,,,0,71,,1567484,23,,,0,29,,1567485,23,,,0,71,,1567482,23,,,0,28,,1567486,23,,,0,70,,1567488,23,,,0,33,,1567489,21,,,0,10,,1567490,21,,,0,52,,1567508,21,,,0,8,,1567487,21,,,0,4,,1567491,21,,,0,25,,1567492,21,,,0,61,,1567493,21,,,0,11,,1567494,21,,,0,16,,1567495,21,,,0,16,,1567496,21,,,0,67,,1567497,21,,,0,29,,1567499,21,,,0,71,,1567500,21,,,0,31,,1567501,21,,,0,71,,1567498,21,,,0,31,,1567502,21,,,0,70,,1567504,21,,,0,30,,1567505,21,,,0,70,,1567506,21,,,0,30,,1567503,21,,,0,69,,1567507,21,,,0,30,,1567509,21,,,0,70,,1567511,21,,,0,30,,1567510,21,,,0
2800,'20261016',644,,1567513,21,,,0,70,,1567512,21,,,0,36,,1567514,21,,,0,70,,1567516,21,,,0,9,,1567517,21,,,0,16,,1567518,21,,,0,70,,1567515,23,,,0,30,,1567519,23,,,0,70,,1567521,23,,,0,30,,1567522,23,,,0,69,,1567523,23,,,0,30,,1567520,23,,,0,71,,1567524,23,,,0,29,,1567526,23,,,0,71,,1567527,23,,,0,29,,1567528,23,,,0,71,,1567525,23,,,0,28,,1567529,23,,,0,70,,1567531,23,,,0,33,,1567532,21,,,0,10,,1567533,21,,,0,52,,1567551,21,,,0,8,,1567530,21,,,0,4,,1567534,21,,,0,25,,1567535,21,,,0,61,,1567536,21,,,0,11,,1567537,21,,,0,16,,1567538,21,,,0,16,,1567539,21,,,0,67,,1567540,21,,,0,29,,1567542,21,,,0,71,,1567543,21,,,0,31,,1567544,21,,,0,71,,1567541,21,,,0,31,,1567545,21,,,0,70,,1567547,21,,,0,30,,1567548,21,,,0,70,,1567549,21,,,0,30,,1567546,21,,,0,69,,1567550,21,,,0,30,,1567552,21,,,0,70,,1567554,21,,,0,30,,1567553,21,,,0
2800,'20261017',648,,1599129,21,,,0,100,,1599130,21,,,0,100,,1599131,21,,,0,99,,1599132,21,,,0,99,,1599133,21,,,0,71,,1599116,21,,,0,28,,1599134,21,,,0,70,,1599122,23,,,0,32,,1599135,23,,,0,67,,1599123,23,,,0,33,,1599136,23,,,0,69,,1599124,23,,,0,36,,1599137,23,,,0,65,,1599125,23,,,0,32,,1599138,23,,,0,65,,1599126,23,,,0,32,,1599139,23,,,0,73,,1599127,23,,,0,33,,1599140,23,,,0,64,,1599128,23,,,0,32,,1599141,21,,,0,72,,1599117,21,,,0,29,,1599142,21,,,0,70,,1599118,21,,,0,30,,1599143,21,,,0,70,,1599119,21,,,0,30,,1599144,21,,,0,70,,1599120,21,,,0,30,,1599145,21,,,0,70,,1599121,21,,,0,31,,1599146,21,,,0,70,,1599148,21,,,0,29,,1599147,21,,,0
2800,'20261018',648,,1599163,21,,,0,100,,1599164,21,,,0,100,,1599165,21,,,0,99,,1599162,21,,,0,99,,1599166,21,,,0,71,,1599150,21,,,0,28,,1599168,21,,,0,70,,1599156,23,,,0,32,,1599169,23,,,0,67,,1599153,23,,,0,33,,1599170,23,,,0,69,,1599157,23,,,0,36,,1599167,23,,,0,65,,1599158,23,,,0,32,,1599171,23,,,0,65,,1599159,23,,,0,32,,1599173,23,,,0,73,,1599160,23,,,0,33,,1599174,23,,,0,64,,1599161,23,,,0,32,,1599175,21,,,0,72,,1599151,21,,,0,29,,1599172,21,,,0,70,,1599149,21,,,0,30,,1599176,21,,,0,70,,1599152,21,,,0,30,,1599178,21,,,0,70,,1599154,21,,,0,30,,1599179,21,,,0,70,,1599155,21,,,0,31,,1599180,21,,,0,70,,1599177,21,,,0,29,,1599181,21,,,0
2800,'20261019',644,,1599183,21,,,0,70,,1599182,21,,,0,36,,1599184,21,,,0,70,,1599186,21,,,0,9,,1599187,21,,,0,16,,1599188,21,,,0,70,,1599185,23,,,0,30,,1599189,23,,,0,70,,1599191,23,,,0,30,,1599192,23,,,0,69,,1599193,23,,,0,30,,1599190,23,,,0,71,,1599194,23,,,0,29,,1599196,23,,,0,71,,1599197,23,,,0,29,,1599198,23,,,0,71,,1599195,23,,,0,28,,1599199,23,,,0,70,,1599201,23,,,0,33,,1599202,21,,,0,10,,1599203,21,,,0,52,,1599221,21,,,0,8,,1599200,21,,,0,4,,1599204,21,,,0,25,,1599205,21,,,0,61,,1599206,21,,,0,11,,1599207,21,,,0,16,,1599208,21,,,0,16,,1599209,21,,,0,67,,1599210,21,,,0,29,,1599212,21,,,0,71,,1599213,21,,,0,31,,1599214,21,,,0,71,,1599211,21,,,0,31,,1599215,21,,,0,70,,1599217,21,,,0,30,,1599218,21,,,0,70,,1599219,21,,,0,30,,1599216,21,,,0,69,,1599220,21,,,0,30,,1599222,21,,,0,70,,1599224,21,,,0,30,,1599223,21,,,0
2800,'20261020',644,,1599226,21,,,0,70,,1599225,21,,,0,36,,1599227,21,,,0,70,,1599229,21,,,0,9,,1599230,21,,,0,16,,1599231,21,,,0,70,,1599228,23,,,0,30,,1599232,23,,,0,70,,1599234,23,,,0,30,,1599235,23,,,0,69,,1599236,23,,,0,30,,1599233,23,,,0,71,,1599237,23,,,0,29,,1599239,23,,,0,71,,1599240,23,,,0,29,,1599241,23,,,0,71,,1599238,23,,,0,28,,1599242,23,,,0,70,,1599244,23,,,0,33,,1599245,21,,,0,10,,1599246,21,,,0,52,,1599264,21,,,0,8,,1599243,21,,,0,4,,1599247,21,,,0,25,,1599248,21,,,0,61,,1599249,21,,,0,11,,1599250,21,,,0,16,,1599251,21,,,0,16,,1599252,21,,,0,67,,1599253,21,,,0,29,,1599255,21,,,0,71,,1599256,21,,,0,31,,1599257,21,,,0,71,,1599254,21,,,0,31,,1599258,21,,,0,70,,1599260,21,,,0,30,,1599261,21,,,0,70,,1599262,21,,,0,30,,1599259,21,,,0,69,,1599263,21,,,0,30,,1599265,21,,,0,70,,1599267,21,,,0,30,,1599266,21,,,0
