8201,'20261006',546,,1608410,56,,,0,72,,1608411,56,,,0,28,,1608412,56,,,0,69,,1608413,56,,,0,34,,1608414,56,,,0,77,,1608415,56,,,0,76,,1608416,56,,,0,100,,1608417,56,,,0,101,,1608426,41,,,0,54,,1608418,56,,,0,99,,1608427,41,,,0,97,,1608419,56,,,0,95,,1608428,41,,,0,107,,1608420,56,,,0,100,,1608429,41,,,0,95,,1608421,56,,,0,93,,1608422,56,,,0,68,,1608423,56,,,0,100,,1608424,56,,,0,130,,1608430,41,,,0,172,,1608425,56,,,0
8201,'20261007',546,,1608431,56,,,0,72,,1608432,56,,,0,28,,1608433,56,,,0,69,,1608434,56,,,0,34,,1608435,56,,,0,77,,1608436,56,,,0,76,,1608437,56,,,0,100,,1608438,56,,,0,101,,1608447,41,,,0,54,,1608439,56,,,0,99,,1608448,41,,,0,97,,1608440,56,,,0,95,,1608449,41,,,0,107,,1608441,56,,,0,100,,1608450,41,,,0,95,,1608442,56,,,0,93,,1608443,56,,,0,68,,1608444,56,,,0,100,,1608445,56,,,0,130,,1608451,41,,,0,172,,1608446,56,,,0
8201,'20261008',546,,1608452,56,,,0,72,,1608453,56,,,0,28,,1608454,56,,,0,69,,1608455,56,,,0,34,,1608456,56,,,0,77,,1608457,56,,,0,76,,1608458,56,,,0,100,,1608459,56,,,0,101,,1608468,41,,,0,54,,1608460,56,,,0,99,,1608469,41,,,0,97,,1608461,56,,,0,95,,1608470,41,,,0,107,,1608462,56,,,0,100,,1608471,41,,,0,95,,1608463,56,,,0,93,,1608464,56,,,0,68,,1608465,56,,,0,100,,1608466,56,,,0,130,,1608472,41,,,0,172,,1608467,56,,,0
8201,'20261009',546,,1608473,56,,,0,72,,1608474,56,,,0,28,,1608475,56,,,0,69,,1608476,56,,,0,34,,1608477,56,,,0,77,,1608478,56,,,0,76,,1608479,56,,,0,100,,1608480,56,,,0,101,,1608489,41,,,0,54,,1608481,56,,,0,99,,1608490,41,,,0,97,,1608482,56,,,0,95,,1608491,41,,,0,107,,1608483,56,,,0,100,,1608492,41,,,0,95,,1608484,56,,,0,93,,1608485,56,,,0,68,,1608486,56,,,0,100,,1608487,56,,,0,130,,1608493,41,,,0,172,,1608488,56,,,0
8201,'20261010',642,,1550637,56,,,0,98,,1550631,41,,,0,100,,1550632,56,,,0,100,,1550625,41,,,0,100,,1550635,56,,,0,100,,1550626,41,,,0,100,,1550622,56,,,0,100,,1550627,41,,,0,100,,1550633,56,,,0,100,,1550628,41,,,0,100,,1550634,56,,,0,102,,1550629,41,,,0,101,,1550636,56,,,0,100,,1550623,41,,,0,100,,1550630,56,,,0,170,,1550638,41,,,0,130,,1550624,56,,,0
8201,'20261011',642,,1550655,56,,,0,98,,1550654,41,,,0,100,,1550650,56,,,0,100,,1550652,41,,,0,100,,1550651,56,,,0,100,,1550653,41,,,0,100,,1550644,56,,,0,100,,1550639,41,,,0,100,,1550648,56,,,0,100,,1550640,41,,,0,100,,1550647,56,,,0,102,,1550641,41,,,0,101,,1550649,56,,,0,100,,1550645,41,,,0,100,,1550643,56,,,0,170,,1550642,41,,,0,130,,1550646,56,,,0
8201,'20261012',642,,1550672,56,,,0,98,,1550671,41,,,0,100,,1550667,56,,,0,100,,1550669,41,,,0,100,,1550668,56,,,0,100,,1550670,41,,,0,100,,1550661,56,,,0,100,,1550656,41,,,0,100,,1550665,56,,,0,100,,1550657,41,,,0,100,,1550664,56,,,0,102,,1550658,41,,,0,101,,1550666,56,,,0,100,,1550662,41,,,0,100,,1550660,56,,,0,170,,1550659,41,,,0,130,,1550663,56,,,0
8201,'20261013',546,,1576754,56,,,0,72,,1576755,56,,,0,28,,1576756,56,,,0,69,,1576757,56,,,0,34,,1576771,56,,,0,77,,1576768,56,,,0,76,,1576773,56,,,0,100,,1576758,56,,,0,101,,1576763,41,,,0,54,,1576759,56,,,0,99,,1576764,41,,,0,97,,1576770,56,,,0,95,,1576765,41,,,0,107,,1576769,56,,,0,100,,1576766,41,,,0,95,,1576760,56,,,0,93,,1576761,56,,,0,68,,1576772,56,,,0,100,,1576774,56,,,0,130,,1576767,41,,,0,172,,1576762,56,,,0
8201,'20261014',546,,1576775,56,,,0,72,,1576776,56,,,0,28,,1576777,56,,,0,69,,1576778,56,,,0,34,,1576792,56,,,0,77,,1576789,56,,,0,76,,1576794,56,,,0,100,,1576779,56,,,0,101,,1576784,41,,,0,54,,1576780,56,,,0,99,,1576785,41,,,0,97,,1576791,56,,,0,95,,1576786,41,,,0,107,,1576790,56,,,0,100,,1576787,41,,,0,95,,1576781,56,,,0,93,,1576782,56,,,0,68,,1576793,56,,,0,100,,1576795,56,,,0,130,,1576788,41,,,0,172,,1576783,56,,,0
8201,'20261015',546,,1576796,56,,,0,72,,1576797,56,,,0,28,,1576798,56,,,0,69,,1576799,56,,,0,34,,1576813,56,,,0,77,,1576810,56,,,0,76,,1576815,56,,,0,100,,1576800,56,,,0,101,,1576805,41,,,0,54,,1576801,56,,,0,99,,1576806,41,,,0,97,,1576812,56,,,0,95,,1576807,41,,,0,107,,1576811,56,,,0,100,,1576808,41,,,0,95,,1576802,56,,,0,93,,1576803,56,,,0,68,,1576814,56,,,0,100,,1576816,56,,,0,130,,1576809,41,,,0,172,,1576804,56,,,0
8201,'20261016',546,,1576817,56,,,0,72,,1576818,56,,,0,28,,1576819,56,,,0,69,,1576820,56,,,0,34,,1576834,56,,,0,77,,1576831,56,,,0,76,,1576836,56,,,0,100,,1576821,56,,,0,101,,1576826,41,,,0,54,,1576822,56,,,0,99,,1576827,41,,,0,97,,1576833,56,,,0,95,,1576828,41,,,0,107,,1576832,56,,,0,100,,1576829,41,,,0,95,,1576823,56,,,0,93,,1576824,56,,,0,68,,1576835,56,,,0,100,,1576837,56,,,0,130,,1576830,41,,,0,172,,1576825,56,,,0
8201,'20261017',642,,1608509,56,,,0,98,,1608503,41,,,0,100,,1608504,56,,,0,100,,1608497,41,,,0,100,,1608507,56,,,0,100,,1608498,41,,,0,100,,1608494,56,,,0,100,,1608499,41,,,0,100,,1608505,56,,,0,100,,1608500,41,,,0,100,,1608506,56,,,0,102,,1608501,41,,,0,101,,1608508,56,,,0,100,,1608495,41,,,0,100,,1608502,56,,,0,170,,1608510,41,,,0,130,,1608496,56,,,0
8201,'20261018',642,,1608527,56,,,0,98,,1608526,41,,,0,100,,1608522,56,,,0,100,,1608524,41,,,0,100,,1608523,56,,,0,100,,1608525,41,,,0,100,,1608516,56,,,0,100,,1608511,41,,,0,100,,1608520,56,,,0,100,,1608512,41,,,0,100,,1608519,56,,,0,102,,1608513,41,,,0,101,,1608521,56,,,0,100,,1608517,41,,,0,100,,1608515,56,,,0,170,,1608514,41,,,0,130,,1608518,56,,,0
8201,'20261019',546,,1608528,56,,,0,72,,1608529,56,,,0,28,,1608530,56,,,0,69,,1608531,56,,,0,34,,1608545,56,,,0,77,,1608542,56,,,0,76,,1608547,56,,,0,100,,1608532,56,,,0,101,,1608537,41,,,0,54,,1608533,56,,,0,99,,1608538,41,,,0,97,,1608544,56,,,0,95,,1608539,41,,,0,107,,1608543,56,,,0,100,,1608540,41,,,0,95,,1608534,56,,,0,93,,1608535,56,,,0,68,,1608546,56,,,0,100,,1608548,56,,,0,130,,1608541,41,,,0,172,,1608536,56,,,0
8201,'20261020',546,,1608549,56,,,0,72,,1608550,56,,,0,28,,1608551,56,,,0,69,,1608552,56,,,0,34,,1608566,56,,,0,77,,1608563,56,,,0,76,,1608568,56,,,0,100,,1608553,56,,,0,101,,1608558,41,,,0,54,,1608554,56,,,0,99,,1608559,41,,,0,97,,1608565,56,,,0,95,,1608560,41,,,0,107,,1608564,56,,,0,100,,1608561,41,,,0,95,,1608555,56,,,0,93,,1608556,56,,,0,68,,1608567,56,,,0,100,,1608569,56,,,0,130,,1608562,41,,,0,172,,1608557,56,,,0
28901,'20261006',645,,1612794,23,,,0,64,,1612795,23,,,0,17,,1612796,23,,,0,17,,1612797,23,,,0,73,,1612798,23,,,0
28901,'20261007',645,,1612799,23,,,0,64,,1612800,23,,,0,17,,1612801,23,,,0,17,,1612802,23,,,0,73,,1612803,23,,,0
28901,'20261008',645,,1612804,23,,,0,64,,1612805,23,,,0,17,,1612806,23,,,0,17,,1612807,23,,,0,73,,1612808,23,,,0
28901,'20261009',645,,1612809,23,,,0,64,,1612810,23,,,0,17,,1612811,23,,,0,17,,1612812,23,,,0,73,,1612813,23,,,0
28901,'20261013',645,,1581058,23,,,0,64,,1581057,23,,,0,17,,1581059,23,,,0,17,,1581061,23,,,0,73,,1581060,23,,,0
28901,'20261014',645,,1581063,23,,,0,64,,1581062,23,,,0,17,,1581064,23,,,0,17,,1581066,23,,,0,73,,1581065,23,,,0
28901,'20261015',645,,1581068,23,,,0,64,,1581067,23,,,0,17,,1581069,23,,,0,17,,1581071,23,,,0,73,,1581070,23,,,0
28901,'20261016',645,,1581073,23,,,0,64,,1581072,23,,,0,17,,1581074,23,,,0,17,,1581076,23,,,0,73,,1581075,23,,,0
28901,'20261019',645,,1612815,23,,,0,64,,1612814,23,,,0,17,,1612816,23,,,0,17,,1612818,23,,,0,73,,1612817,23,,,0
28901,'20261020',645,,1612820,23,,,0,64,,1612819,23,,,0,17,,1612821,23,,,0,17,,1612823,23,,,0,73,,1612822,23,,,0
38200,'20261006',1248,,1613744,31,4,,0,411,,1613745,31,4,,0,96,,1613746,31,4,,0,96,,1613747,31,4,,0
38200,'20261007',1248,,1613748,31,4,,0,411,,1613749,31,4,,0,96,,1613750,31,4,,0,96,,1613751,31,4,,0
38200,'20261008',1248,,1613752,31,4,,0,411,,1613753,31,4,,0,96,,1613754,31,4,,0,96,,1613755,31,4,,0
38200,'20261009',1248,,1613756,31,4,,0,411,,1613757,31,4,,0,96,,1613758,31,4,,0,96,,1613759,31,4,,0
38200,'20261013',1248,,1581991,31,4,,0,411,,1581992,31,4,,0,96,,1581993,31,4,,0,96,,1581994,31,4,,0
38200,'20261014',1248,,1581995,31,4,,0,411,,1581996,31,4,,0,96,,1581997,31,4,,0,96,,1581998,31,4,,0
38200,'20261015',1248,,1581999,31,4,,0,411,,1582000,31,4,,0,96,,1582001,31,4,,0,96,,1582002,31,4,,0
38200,'20261016',1248,,1582003,31,4,,0,411,,1582004,31,4,,0,96,,1582005,31,4,,0,96,,1582006,31,4,,0
38200,'20261019',1248,,1613760,31,4,,0,411,,1613761,31,4,,0,96,,1613762,31,4,,0,96,,1613763,31,4,,0
38200,'20261020',1248,,1613764,31,4,,0,411,,1613765,31,4,,0,96,,1613766,31,4,,0,96,,1613767,31,4,,0
58200,'20261006',1618,,1614460,29,4,,0,23,,1614461,29,4,,0,67,,1614462,29,4,,0,33,,1614463,29,4,,0,68,,1614464,29,4,,0
58200,'20261007',1618,,1614465,29,4,,0,23,,1614466,29,4,,0,67,,1614467,29,4,,0,33,,1614468,29,4,,0,68,,1614469,29,4,,0
58200,'20261008',1618,,1614470,29,4,,0,23,,1614471,29,4,,0,67,,1614472,29,4,,0,33,,1614473,29,4,,0,68,,1614474,29,4,,0
58200,'20261009',1618,,1614475,29,4,,0,23,,1614476,29,4,,0,67,,1614477,29,4,,0,33,,1614478,29,4,,0,68,,1614479,29,4,,0
58200,'20261013',1618,,1582715,29,4,,0,23,,1582716,29,4,,0,67,,1582713,29,4,,0,33,,1582714,29,4,,0,68,,1582712,29,4,,0
58200,'20261014',1618,,1582720,29,4,,0,23,,1582721,29,4,,0,67,,1582718,29,4,,0,33,,1582719,29,4,,0,68,,1582717,29,4,,0
58200,'20261015',1618,,1582725,29,4,,0,23,,1582726,29,4,,0,67,,1582723,29,4,,0,33,,1582724,29,4,,0,68,,1582722,29,4,,0
58200,'20261016',1618,,1582730,29,4,,0,23,,1582731,29,4,,0,67,,1582728,29,4,,0,33,,1582729,29,4,,0,68,,1582727,29,4,,0
58200,'20261019',1618,,1614483,29,4,,0,23,,1614484,29,4,,0,67,,1614481,29,4,,0,33,,1614482,29,4,,0,68,,1614480,29,4,,0
58200,'20261020',1618,,1614488,29,4,,0,23,,1614489,29,4,,0,67,,1614486,29,4,,0,33,,1614487,29,4,,0,68,,1614485,29,4,,0
