7600,'20261002',549,,1574827,31,,,1,81,,1574828,31,,,1,102,,1574829,31,,,1,74,,1574830,31,,,1,45,,1574831,31,,,1,69,,1574832,31,,,1,37,,1574833,31,,,1,96,,1574834,31,,,1,86,,1574835,31,,,1,103,,1574836,31,,,1,72,,1574837,31,,,1,27,,1574838,31,,,1,75,,1574839,31,,,1,101,,1574840,31,,,1,102,,1574841,31,,,1,87,,1574842,31,,,1,31,,1574843,31,,,1,19,,1574844,31,,,1,71,,1574845,31,,,1,23,,1574846,31,,,1,76,,1574847,31,,,1,125,,1574848,31,,,1,99,,1574849,31,,,1,102,,1574850,31,,,1,92,,1574851,31,,,1
7600,'20261003',628,,1574852,31,,,1,29,,1574853,31,,,1,71,,1574854,31,,,1,29,,1574855,31,,,1,72,,1574856,31,,,1,30,,1574857,31,,,1,62,,1574858,31,,,1,103,,1574859,31,,,1,96,,1574860,31,,,1,94,,1574861,31,,,1,34,,1574862,31,,,1,70,,1574863,31,,,1,30,,1574864,31,,,1,74,,1574865,31,,,1,106,,1574866,31,,,1,89,,1574867,31,,,1,33,,1574868,31,,,1,67,,1574869,31,,,1,33,,1574870,31,,,1,70,,1574871,31,,,1,27,,1574872,31,,,1,70,,1574873,31,,,1,99,,1574874,31,,,1,102,,1574875,31,,,1,106,,1574876,31,,,1,98,,1574877,31,,,1
7600,'20261004',628,,1574878,31,,,1,29,,1574879,31,,,1,71,,1574880,31,,,1,29,,1574881,31,,,1,72,,1574882,31,,,1,30,,1574883,31,,,1,62,,1574884,31,,,1,103,,1574885,31,,,1,96,,1574886,31,,,1,94,,1574887,31,,,1,34,,1574888,31,,,1,70,,1574889,31,,,1,30,,1574890,31,,,1,74,,1574891,31,,,1,106,,1574892,31,,,1,89,,1574893,31,,,1,33,,1574894,31,,,1,67,,1574895,31,,,1,33,,1574896,31,,,1,70,,1574897,31,,,1,27,,1574898,31,,,1,70,,1574899,31,,,1,99,,1574900,31,,,1,102,,1574901,31,,,1,106,,1574902,31,,,1,98,,1574903,31,,,1
7600,'20261005',549,,1574904,31,,,1,81,,1574905,31,,,1,102,,1574906,31,,,1,74,,1574907,31,,,1,45,,1574908,31,,,1,69,,1574909,31,,,1,37,,1574910,31,,,1,96,,1574911,31,,,1,86,,1574912,31,,,1,103,,1574913,31,,,1,72,,1574914,31,,,1,27,,1574915,31,,,1,75,,1574916,31,,,1,101,,1574917,31,,,1,102,,1574918,31,,,1,87,,1574919,31,,,1,31,,1574920,31,,,1,19,,1574921,31,,,1,71,,1574922,31,,,1,23,,1574923,31,,,1,76,,1574924,31,,,1,125,,1574925,31,,,1,99,,1574926,31,,,1,102,,1574927,31,,,1,92,,1574928,31,,,1
7600,'20261006',549,,1521654,31,,,1,81,,1521655,31,,,1,102,,1521656,31,,,1,74,,1521657,31,,,1,45,,1521658,31,,,1,69,,1521659,31,,,1,37,,1521660,31,,,1,96,,1521661,31,,,1,86,,1521662,31,,,1,103,,1521663,31,,,1,72,,1521664,31,,,1,27,,1521665,31,,,1,75,,1521666,31,,,1,101,,1521667,31,,,1,102,,1521668,31,,,1,87,,1521669,31,,,1,31,,1521670,31,,,1,19,,1521671,31,,,1,71,,1521672,31,,,1,23,,1521673,31,,,1,76,,1521674,31,,,1,125,,1521675,31,,,1,99,,1521676,31,,,1,102,,1521677,31,,,1,92,,1521678,31,,,1
7600,'20261007',549,,1521679,31,,,1,81,,1521680,31,,,1,102,,1521681,31,,,1,74,,1521682,31,,,1,45,,1521683,31,,,1,69,,1521684,31,,,1,37,,1521685,31,,,1,96,,1521686,31,,,1,86,,1521687,31,,,1,103,,1521688,31,,,1,72,,1521689,31,,,1,27,,1521690,31,,,1,75,,1521691,31,,,1,101,,1521692,31,,,1,102,,1521693,31,,,1,87,,1521694,31,,,1,31,,1521695,31,,,1,19,,1521696,31,,,1,71,,1521697,31,,,1,23,,1521698,31,,,1,76,,1521699,31,,,1,125,,1521700,31,,,1,99,,1521701,31,,,1,102,,1521702,31,,,1,92,,1521703,31,,,1
7600,'20261008',549,,1521704,31,,,1,81,,1521705,31,,,1,102,,1521706,31,,,1,74,,1521707,31,,,1,45,,1521708,31,,,1,69,,1521709,31,,,1,37,,1521710,31,,,1,96,,1521711,31,,,1,86,,1521712,31,,,1,103,,1521713,31,,,1,72,,1521714,31,,,1,27,,1521715,31,,,1,75,,1521716,31,,,1,101,,1521717,31,,,1,102,,1521718,31,,,1,87,,1521719,31,,,1,31,,1521720,31,,,1,19,,1521721,31,,,1,71,,1521722,31,,,1,23,,1521723,31,,,1,76,,1521724,31,,,1,125,,1521725,31,,,1,99,,1521726,31,,,1,102,,1521727,31,,,1,92,,1521728,31,,,1
7600,'20261009',549,,1521729,31,,,1,81,,1521730,31,,,1,102,,1521731,31,,,1,74,,1521732,31,,,1,45,,1521733,31,,,1,69,,1521734,31,,,1,37,,1521735,31,,,1,96,,1521736,31,,,1,86,,1521737,31,,,1,103,,1521738,31,,,1,72,,1521739,31,,,1,27,,1521740,31,,,1,75,,1521741,31,,,1,101,,1521742,31,,,1,102,,1521743,31,,,1,87,,1521744,31,,,1,31,,1521745,31,,,1,19,,1521746,31,,,1,71,,1521747,31,,,1,23,,1521748,31,,,1,76,,1521749,31,,,1,125,,1521750,31,,,1,99,,1521751,31,,,1,102,,1521752,31,,,1,92,,1521753,31,,,1
7600,'20261010',628,,1549296,31,,,1,29,,1549300,31,,,1,71,,1549304,31,,,1,29,,1549299,31,,,1,72,,1549281,31,,,1,30,,1549301,31,,,1,62,,1549282,31,,,1,103,,1549283,31,,,1,96,,1549284,31,,,1,94,,1549285,31,,,1,34,,1549302,31,,,1,70,,1549286,31,,,1,30,,1549303,31,,,1,74,,1549287,31,,,1,106,,1549288,31,,,1,89,,1549289,31,,,1,33,,1549305,31,,,1,67,,1549290,31,,,1,33,,1549306,31,,,1,70,,1549291,31,,,1,27,,1549298,31,,,1,70,,1549292,31,,,1,99,,1549293,31,,,1,102,,1549294,31,,,1,106,,1549295,31,,,1,98,,1549297,31,,,1
7600,'20261011',628,,1549324,31,,,1,29,,1549325,31,,,1,71,,1549307,31,,,1,29,,1549326,31,,,1,72,,1549308,31,,,1,30,,1549327,31,,,1,62,,1549309,31,,,1,103,,1549310,31,,,1,96,,1549311,31,,,1,94,,1549312,31,,,1,34,,1549328,31,,,1,70,,1549313,31,,,1,30,,1549329,31,,,1,74,,1549314,31,,,1,106,,1549315,31,,,1,89,,1549316,31,,,1,33,,1549330,31,,,1,67,,1549317,31,,,1,33,,1549331,31,,,1,70,,1549318,31,,,1,27,,1549332,31,,,1,70,,1549319,31,,,1,99,,1549320,31,,,1,102,,1549321,31,,,1,106,,1549322,31,,,1,98,,1549323,31,,,1
7600,'20261012',628,,1549350,31,,,1,29,,1549351,31,,,1,71,,1549333,31,,,1,29,,1549352,31,,,1,72,,1549334,31,,,1,30,,1549353,31,,,1,62,,1549335,31,,,1,103,,1549336,31,,,1,96,,1549337,31,,,1,94,,1549338,31,,,1,34,,1549354,31,,,1,70,,1549339,31,,,1,30,,1549355,31,,,1,74,,1549340,31,,,1,106,,1549341,31,,,1,89,,1549342,31,,,1,33,,1549356,31,,,1,67,,1549343,31,,,1,33,,1549357,31,,,1,70,,1549344,31,,,1,27,,1549358,31,,,1,70,,1549345,31,,,1,99,,1549346,31,,,1,102,,1549347,31,,,1,106,,1549348,31,,,1,98,,1549349,31,,,1
7600,'20261013',549,,1574929,31,,,1,81,,1574930,31,,,1,102,,1574931,31,,,1,74,,1574932,31,,,1,45,,1574933,31,,,1,69,,1574934,31,,,1,37,,1574935,31,,,1,96,,1574936,31,,,1,86,,1574937,31,,,1,103,,1574938,31,,,1,72,,1574939,31,,,1,27,,1574940,31,,,1,75,,1574941,31,,,1,101,,1574942,31,,,1,102,,1574943,31,,,1,87,,1574944,31,,,1,31,,1574945,31,,,1,19,,1574946,31,,,1,71,,1574947,31,,,1,23,,1574948,31,,,1,76,,1574949,31,,,1,125,,1574950,31,,,1,99,,1574951,31,,,1,102,,1574952,31,,,1,92,,1574953,31,,,1
7600,'20261014',549,,1574954,31,,,1,81,,1574955,31,,,1,102,,1574956,31,,,1,74,,1574957,31,,,1,45,,1574958,31,,,1,69,,1574959,31,,,1,37,,1574960,31,,,1,96,,1574961,31,,,1,86,,1574962,31,,,1,103,,1574963,31,,,1,72,,1574964,31,,,1,27,,1574965,31,,,1,75,,1574966,31,,,1,101,,1574967,31,,,1,102,,1574968,31,,,1,87,,1574969,31,,,1,31,,1574970,31,,,1,19,,1574971,31,,,1,71,,1574972,31,,,1,23,,1574973,31,,,1,76,,1574974,31,,,1,125,,1574975,31,,,1,99,,1574976,31,,,1,102,,1574977,31,,,1,92,,1574978,31,,,1
7600,'20261015',549,,1574979,31,,,1,81,,1574980,31,,,1,102,,1574981,31,,,1,74,,1574982,31,,,1,45,,1574983,31,,,1,69,,1574984,31,,,1,37,,1574985,31,,,1,96,,1574986,31,,,1,86,,1574987,31,,,1,103,,1574988,31,,,1,72,,1574989,31,,,1,27,,1574990,31,,,1,75,,1574991,31,,,1,101,,1574992,31,,,1,102,,1574993,31,,,1,87,,1574994,31,,,1,31,,1574995,31,,,1,19,,1574996,31,,,1,71,,1574997,31,,,1,23,,1574998,31,,,1,76,,1574999,31,,,1,125,,1575000,31,,,1,99,,1575001,31,,,1,102,,1575002,31,,,1,92,,1575003,31,,,1
7600,'20261016',549,,1575004,31,,,1,81,,1575005,31,,,1,102,,1575006,31,,,1,74,,1575007,31,,,1,45,,1575008,31,,,1,69,,1575009,31,,,1,37,,1575010,31,,,1,96,,1575011,31,,,1,86,,1575012,31,,,1,103,,1575013,31,,,1,72,,1575014,31,,,1,27,,1575015,31,,,1,75,,1575016,31,,,1,101,,1575017,31,,,1,102,,1575018,31,,,1,87,,1575019,31,,,1,31,,1575020,31,,,1,19,,1575021,31,,,1,71,,1575022,31,,,1,23,,1575023,31,,,1,76,,1575024,31,,,1,125,,1575025,31,,,1,99,,1575026,31,,,1,102,,1575027,31,,,1,92,,1575028,31,,,1
7900,'20261002',604,,1575241,24,,,0,101,,1575242,24,,,0,30,,1575243,24,,,0,71,,1575244,24,,,0,99,,1575245,24,,,0,100,,1575246,24,,,0,100,,1575247,24,,,0,100,,1575248,24,,,0,101,,1575235,48,,,0,99,,1575249,24,,,0,100,,1575250,24,,,0,101,,1575251,24,,,0,32,,1575236,48,,,0,70,,1575237,48,,,0,28,,1575238,48,,,0,70,,1575239,48,,,0,30,,1575240,48,,,0,69,,1575252,24,,,0,100,,1575253,24,,,0,100,,1575254,24,,,0,99,,1575255,24,,,0,100,,1575256,24,,,0
7900,'20261003',734,,1575257,24,,,0,70,,1575258,24,,,0,100,,1575259,24,,,0,100,,1575260,24,,,0,100,,1575261,24,,,0,100,,1575262,24,,,0,100,,1575263,24,,,0,101,,1575264,24,,,0,100,,1575265,24,,,0,100,,1575266,24,,,0,100,,1575267,24,,,0,100,,1575268,24,,,0,99,,1575269,24,,,0,100,,1575270,24,,,0,100,,1575271,24,,,0,100,,1575272,24,,,0,100,,1575273,24,,,0
7900,'20261004',734,,1575274,24,,,0,70,,1575275,24,,,0,100,,1575276,24,,,0,100,,1575277,24,,,0,100,,1575278,24,,,0,100,,1575279,24,,,0,100,,1575280,24,,,0,101,,1575281,24,,,0,100,,1575282,24,,,0,100,,1575283,24,,,0,100,,1575284,24,,,0,100,,1575285,24,,,0,99,,1575286,24,,,0,100,,1575287,24,,,0,100,,1575288,24,,,0,100,,1575289,24,,,0,100,,1575290,24,,,0
7900,'20261005',604,,1575297,24,,,0,101,,1575298,24,,,0,30,,1575299,24,,,0,71,,1575300,24,,,0,99,,1575301,24,,,0,100,,1575302,24,,,0,100,,1575303,24,,,0,100,,1575304,24,,,0,101,,1575291,48,,,0,99,,1575305,24,,,0,100,,1575306,24,,,0,101,,1575307,24,,,0,32,,1575292,48,,,0,70,,1575293,48,,,0,28,,1575294,48,,,0,70,,1575295,48,,,0,30,,1575296,48,,,0,69,,1575308,24,,,0,100,,1575309,24,,,0,100,,1575310,24,,,0,99,,1575311,24,,,0,100,,1575312,24,,,0
7900,'20261006',604,,1522058,24,,,0,101,,1522056,24,,,0,30,,1522059,24,,,0,71,,1522054,24,,,0,99,,1522057,24,,,0,100,,1522055,24,,,0,100,,1522038,24,,,0,100,,1522039,24,,,0,101,,1522040,48,,,0,99,,1522041,24,,,0,100,,1522042,24,,,0,101,,1522043,24,,,0,32,,1522044,48,,,0,70,,1522045,48,,,0,28,,1522046,48,,,0,70,,1522047,48,,,0,30,,1522048,48,,,0,69,,1522049,24,,,0,100,,1522050,24,,,0,100,,1522051,24,,,0,99,,1522052,24,,,0,100,,1522053,24,,,0
7900,'20261007',604,,1522080,24,,,0,101,,1522078,24,,,0,30,,1522081,24,,,0,71,,1522076,24,,,0,99,,1522079,24,,,0,100,,1522077,24,,,0,100,,1522060,24,,,0,100,,1522061,24,,,0,101,,1522062,48,,,0,99,,1522063,24,,,0,100,,1522064,24,,,0,101,,1522065,24,,,0,32,,1522066,48,,,0,70,,1522067,48,,,0,28,,1522068,48,,,0,70,,1522069,48,,,0,30,,1522070,48,,,0,69,,1522071,24,,,0,100,,1522072,24,,,0,100,,1522073,24,,,0,99,,1522074,24,,,0,100,,1522075,24,,,0
7900,'20261008',604,,1522102,24,,,0,101,,1522100,24,,,0,30,,1522103,24,,,0,71,,1522098,24,,,0,99,,1522101,24,,,0,100,,1522099,24,,,0,100,,1522082,24,,,0,100,,1522083,24,,,0,101,,1522084,48,,,0,99,,1522085,24,,,0,100,,1522086,24,,,0,101,,1522087,24,,,0,32,,1522088,48,,,0,70,,1522089,48,,,0,28,,1522090,48,,,0,70,,1522091,48,,,0,30,,1522092,48,,,0,69,,1522093,24,,,0,100,,1522094,24,,,0,100,,1522095,24,,,0,99,,1522096,24,,,0,100,,1522097,24,,,0
7900,'20261009',604,,1522124,24,,,0,101,,1522122,24,,,0,30,,1522125,24,,,0,71,,1522120,24,,,0,99,,1522123,24,,,0,100,,1522121,24,,,0,100,,1522104,24,,,0,100,,1522105,24,,,0,101,,1522106,48,,,0,99,,1522107,24,,,0,100,,1522108,24,,,0,101,,1522109,24,,,0,32,,1522110,48,,,0,70,,1522111,48,,,0,28,,1522112,48,,,0,70,,1522113,48,,,0,30,,1522114,48,,,0,69,,1522115,24,,,0,100,,1522116,24,,,0,100,,1522117,24,,,0,99,,1522118,24,,,0,100,,1522119,24,,,0
7900,'20261010',734,,1549594,24,,,0,70,,1549585,24,,,0,100,,1549586,24,,,0,100,,1549587,24,,,0,100,,1549583,24,,,0,100,,1549589,24,,,0,100,,1549578,24,,,0,101,,1549590,24,,,0,100,,1549584,24,,,0,100,,1549592,24,,,0,100,,1549579,24,,,0,100,,1549580,24,,,0,99,,1549593,24,,,0,100,,1549591,24,,,0,100,,1549581,24,,,0,100,,1549588,24,,,0,100,,1549582,24,,,0
7900,'20261011',734,,1549611,24,,,0,70,,1549602,24,,,0,100,,1549603,24,,,0,100,,1549604,24,,,0,100,,1549599,24,,,0,100,,1549605,24,,,0,100,,1549595,24,,,0,101,,1549606,24,,,0,100,,1549600,24,,,0,100,,1549607,24,,,0,100,,1549596,24,,,0,100,,1549597,24,,,0,99,,1549608,24,,,0,100,,1549609,24,,,0,100,,1549601,24,,,0,100,,1549610,24,,,0,100,,1549598,24,,,0
7900,'20261012',734,,1549628,24,,,0,70,,1549619,24,,,0,100,,1549620,24,,,0,100,,1549621,24,,,0,100,,1549616,24,,,0,100,,1549622,24,,,0,100,,1549612,24,,,0,101,,1549623,24,,,0,100,,1549617,24,,,0,100,,1549624,24,,,0,100,,1549613,24,,,0,100,,1549614,24,,,0,99,,1549625,24,,,0,100,,1549626,24,,,0,100,,1549618,24,,,0,100,,1549627,24,,,0,100,,1549615,24,,,0
7900,'20261013',604,,1575333,24,,,0,101,,1575331,24,,,0,30,,1575334,24,,,0,71,,1575329,24,,,0,99,,1575332,24,,,0,100,,1575330,24,,,0,100,,1575313,24,,,0,100,,1575314,24,,,0,101,,1575315,48,,,0,99,,1575316,24,,,0,100,,1575317,24,,,0,101,,1575318,24,,,0,32,,1575319,48,,,0,70,,1575320,48,,,0,28,,1575321,48,,,0,70,,1575322,48,,,0,30,,1575323,48,,,0,69,,1575324,24,,,0,100,,1575325,24,,,0,100,,1575326,24,,,0,99,,1575327,24,,,0,100,,1575328,24,,,0
7900,'20261014',604,,1575355,24,,,0,101,,1575353,24,,,0,30,,1575356,24,,,0,71,,1575351,24,,,0,99,,1575354,24,,,0,100,,1575352,24,,,0,100,,1575335,24,,,0,100,,1575336,24,,,0,101,,1575337,48,,,0,99,,1575338,24,,,0,100,,1575339,24,,,0,101,,1575340,24,,,0,32,,1575341,48,,,0,70,,1575342,48,,,0,28,,1575343,48,,,0,70,,1575344,48,,,0,30,,1575345,48,,,0,69,,1575346,24,,,0,100,,1575347,24,,,0,100,,1575348,24,,,0,99,,1575349,24,,,0,100,,1575350,24,,,0
7900,'20261015',604,,1575377,24,,,0,101,,1575375,24,,,0,30,,1575378,24,,,0,71,,1575373,24,,,0,99,,1575376,24,,,0,100,,1575374,24,,,0,100,,1575357,24,,,0,100,,1575358,24,,,0,101,,1575359,48,,,0,99,,1575360,24,,,0,100,,1575361,24,,,0,101,,1575362,24,,,0,32,,1575363,48,,,0,70,,1575364,48,,,0,28,,1575365,48,,,0,70,,1575366,48,,,0,30,,1575367,48,,,0,69,,1575368,24,,,0,100,,1575369,24,,,0,100,,1575370,24,,,0,99,,1575371,24,,,0,100,,1575372,24,,,0
7900,'20261016',604,,1575399,24,,,0,101,,1575397,24,,,0,30,,1575400,24,,,0,71,,1575395,24,,,0,99,,1575398,24,,,0,100,,1575396,24,,,0,100,,1575379,24,,,0,100,,1575380,24,,,0,101,,1575381,48,,,0,99,,1575382,24,,,0,100,,1575383,24,,,0,101,,1575384,24,,,0,32,,1575385,48,,,0,70,,1575386,48,,,0,28,,1575387,48,,,0,70,,1575388,48,,,0,30,,1575389,48,,,0,69,,1575390,24,,,0,100,,1575391,24,,,0,100,,1575392,24,,,0,99,,1575393,24,,,0,100,,1575394,24,,,0
27900,'20261002',1647,,1580669,31,4,,0,70,,1580670,31,4,,0,34,,1580671,31,4,,0,70,,1580672,31,4,,0
27900,'20261005',1647,,1580673,31,4,,0,70,,1580674,31,4,,0,34,,1580675,31,4,,0,70,,1580676,31,4,,0
27900,'20261006',1647,,1527401,31,4,,0,70,,1527404,31,4,,0,34,,1527403,31,4,,0,70,,1527402,31,4,,0
27900,'20261007',1647,,1527405,31,4,,0,70,,1527408,31,4,,0,34,,1527407,31,4,,0,70,,1527406,31,4,,0
27900,'20261008',1647,,1527409,31,4,,0,70,,1527412,31,4,,0,34,,1527411,31,4,,0,70,,1527410,31,4,,0
27900,'20261009',1647,,1527413,31,4,,0,70,,1527416,31,4,,0,34,,1527415,31,4,,0,70,,1527414,31,4,,0
27900,'20261013',1647,,1580677,31,4,,0,70,,1580680,31,4,,0,34,,1580679,31,4,,0,70,,1580678,31,4,,0
27900,'20261014',1647,,1580681,31,4,,0,70,,1580684,31,4,,0,34,,1580683,31,4,,0,70,,1580682,31,4,,0
27900,'20261015',1647,,1580685,31,4,,0,70,,1580688,31,4,,0,34,,1580687,31,4,,0,70,,1580686,31,4,,0
27900,'20261016',1647,,1580689,31,4,,0,70,,1580692,31,4,,0,34,,1580691,31,4,,0,70,,1580690,31,4,,0
