7101,'20261009',616,,1605577,20,,,0,17,,1605578,20,,,0,20,,1605579,20,,,0,61,,1605580,20,,,0,20,,1605581,20,,,0,20,,1605582,20,,,0,58,,1605583,20,,,0,21,,1605584,20,,,0,19,,1605585,20,,,0,60,,1605586,20,,,0,19,,1605587,20,,,0,19,,1605588,20,,,0,65,,1605589,20,,,0,20,,1605590,20,,,0,19,,1605591,20,,,0,60,,1605592,20,,,0,17,,1605593,20,,,0,19,,1605594,20,,,0,60,,1605595,20,,,0,21,,1605596,20,,,0,20,,1605597,20,,,0,60,,1605598,20,,,0,21,,1605599,20,,,0,21,,1605600,20,,,0,63,,1605601,20,,,0,22,,1605602,20,,,0,21,,1605603,20,,,0,61,,1605604,20,,,0,20,,1605605,20,,,0,63,,1605606,20,,,0,19,,1605607,20,,,0,22,,1605608,20,,,0,60,,1605609,20,,,0,18,,1605610,20,,,0,20,,1605611,20,,,0,60,,1605612,20,,,0,22,,1605613,20,,,0,18,,1605614,20,,,0,60,,1605615,20,,,0,21,,1605616,20,,,0,30,,1605617,20,,,0,70,,1605618,20,,,0,30,,1605619,20,,,0,70,,1605620,20,,,0,30,,1605621,20,,,0,70,,1605622,20,,,0,30,,1605623,20,,,0
7101,'20261010',719,,1633536,20,,,0,30,,1633537,20,,,0,70,,1633538,20,,,0,31,,1633539,20,,,0,70,,1633540,20,,,0,31,,1633541,20,,,0,70,,1633542,20,,,0,31,,1633543,20,,,0,70,,1633544,20,,,0,30,,1633545,20,,,0,69,,1633546,20,,,0,31,,1633547,20,,,0,70,,1633548,20,,,0,30,,1633549,20,,,0,70,,1633550,20,,,0,32,,1633551,20,,,0,68,,1633552,20,,,0,30,,1633553,20,,,0,70,,1633554,20,,,0,30,,1633555,20,,,0,70,,1633556,20,,,0,30,,1633557,20,,,0,70,,1633558,20,,,0,29,,1633559,20,,,0,70,,1633560,20,,,0,28,,1633561,20,,,0,71,,1633562,20,,,0,30,,1633563,20,,,0,71,,1633564,20,,,0,30,,1633565,20,,,0,70,,1633566,20,,,0,31,,1633567,20,,,0,71,,1633568,20,,,0
7101,'20261011',719,,1633569,20,,,0,30,,1633570,20,,,0,70,,1633571,20,,,0,31,,1633572,20,,,0,70,,1633573,20,,,0,31,,1633574,20,,,0,70,,1633575,20,,,0,31,,1633576,20,,,0,70,,1633577,20,,,0,30,,1633578,20,,,0,69,,1633579,20,,,0,31,,1633580,20,,,0,70,,1633581,20,,,0,30,,1633582,20,,,0,70,,1633583,20,,,0,32,,1633584,20,,,0,68,,1633585,20,,,0,30,,1633586,20,,,0,70,,1633587,20,,,0,30,,1633588,20,,,0,70,,1633589,20,,,0,30,,1633590,20,,,0,70,,1633591,20,,,0,29,,1633592,20,,,0,70,,1633593,20,,,0,28,,1633594,20,,,0,71,,1633595,20,,,0,30,,1633596,20,,,0,71,,1633597,20,,,0,30,,1633598,20,,,0,70,,1633599,20,,,0,31,,1633600,20,,,0,71,,1633601,20,,,0
7101,'20261012',719,,1633602,20,,,0,30,,1633603,20,,,0,70,,1633604,20,,,0,31,,1633605,20,,,0,70,,1633606,20,,,0,31,,1633607,20,,,0,70,,1633608,20,,,0,31,,1633609,20,,,0,70,,1633610,20,,,0,30,,1633611,20,,,0,69,,1633612,20,,,0,31,,1633613,20,,,0,70,,1633614,20,,,0,30,,1633615,20,,,0,70,,1633616,20,,,0,32,,1633617,20,,,0,68,,1633618,20,,,0,30,,1633619,20,,,0,70,,1633620,20,,,0,30,,1633621,20,,,0,70,,1633622,20,,,0,30,,1633623,20,,,0,70,,1633624,20,,,0,29,,1633625,20,,,0,70,,1633626,20,,,0,28,,1633627,20,,,0,71,,1633628,20,,,0,30,,1633629,20,,,0,71,,1633630,20,,,0,30,,1633631,20,,,0,70,,1633632,20,,,0,31,,1633633,20,,,0,71,,1633634,20,,,0
7101,'20261013',616,,1573919,20,,,0,17,,1573918,20,,,0,20,,1573873,20,,,0,61,,1573874,20,,,0,20,,1573875,20,,,0,20,,1573876,20,,,0,58,,1573877,20,,,0,21,,1573878,20,,,0,19,,1573879,20,,,0,60,,1573880,20,,,0,19,,1573881,20,,,0,19,,1573882,20,,,0,65,,1573883,20,,,0,20,,1573884,20,,,0,19,,1573885,20,,,0,60,,1573886,20,,,0,17,,1573887,20,,,0,19,,1573888,20,,,0,60,,1573889,20,,,0,21,,1573890,20,,,0,20,,1573891,20,,,0,60,,1573892,20,,,0,21,,1573893,20,,,0,21,,1573894,20,,,0,63,,1573895,20,,,0,22,,1573896,20,,,0,21,,1573897,20,,,0,61,,1573898,20,,,0,20,,1573899,20,,,0,63,,1573900,20,,,0,19,,1573901,20,,,0,22,,1573902,20,,,0,60,,1573903,20,,,0,18,,1573904,20,,,0,20,,1573905,20,,,0,60,,1573906,20,,,0,22,,1573907,20,,,0,18,,1573908,20,,,0,60,,1573909,20,,,0,21,,1573910,20,,,0,30,,1573911,20,,,0,70,,1573912,20,,,0,30,,1573913,20,,,0,70,,1573915,20,,,0,30,,1573916,20,,,0,70,,1573917,20,,,0,30,,1573914,20,,,0
7101,'20261014',616,,1573966,20,,,0,17,,1573965,20,,,0,20,,1573920,20,,,0,61,,1573921,20,,,0,20,,1573922,20,,,0,20,,1573923,20,,,0,58,,1573924,20,,,0,21,,1573925,20,,,0,19,,1573926,20,,,0,60,,1573927,20,,,0,19,,1573928,20,,,0,19,,1573929,20,,,0,65,,1573930,20,,,0,20,,1573931,20,,,0,19,,1573932,20,,,0,60,,1573933,20,,,0,17,,1573934,20,,,0,19,,1573935,20,,,0,60,,1573936,20,,,0,21,,1573937,20,,,0,20,,1573938,20,,,0,60,,1573939,20,,,0,21,,1573940,20,,,0,21,,1573941,20,,,0,63,,1573942,20,,,0,22,,1573943,20,,,0,21,,1573944,20,,,0,61,,1573945,20,,,0,20,,1573946,20,,,0,63,,1573947,20,,,0,19,,1573948,20,,,0,22,,1573949,20,,,0,60,,1573950,20,,,0,18,,1573951,20,,,0,20,,1573952,20,,,0,60,,1573953,20,,,0,22,,1573954,20,,,0,18,,1573955,20,,,0,60,,1573956,20,,,0,21,,1573957,20,,,0,30,,1573958,20,,,0,70,,1573959,20,,,0,30,,1573960,20,,,0,70,,1573962,20,,,0,30,,1573963,20,,,0,70,,1573964,20,,,0,30,,1573961,20,,,0
7101,'20261015',616,,1574013,20,,,0,17,,1574012,20,,,0,20,,1573967,20,,,0,61,,1573968,20,,,0,20,,1573969,20,,,0,20,,1573970,20,,,0,58,,1573971,20,,,0,21,,1573972,20,,,0,19,,1573973,20,,,0,60,,1573974,20,,,0,19,,1573975,20,,,0,19,,1573976,20,,,0,65,,1573977,20,,,0,20,,1573978,20,,,0,19,,1573979,20,,,0,60,,1573980,20,,,0,17,,1573981,20,,,0,19,,1573982,20,,,0,60,,1573983,20,,,0,21,,1573984,20,,,0,20,,1573985,20,,,0,60,,1573986,20,,,0,21,,1573987,20,,,0,21,,1573988,20,,,0,63,,1573989,20,,,0,22,,1573990,20,,,0,21,,1573991,20,,,0,61,,1573992,20,,,0,20,,1573993,20,,,0,63,,1573994,20,,,0,19,,1573995,20,,,0,22,,1573996,20,,,0,60,,1573997,20,,,0,18,,1573998,20,,,0,20,,1573999,20,,,0,60,,1574000,20,,,0,22,,1574001,20,,,0,18,,1574002,20,,,0,60,,1574003,20,,,0,21,,1574004,20,,,0,30,,1574005,20,,,0,70,,1574006,20,,,0,30,,1574007,20,,,0,70,,1574009,20,,,0,30,,1574010,20,,,0,70,,1574011,20,,,0,30,,1574008,20,,,0
7101,'20261016',616,,1574060,20,,,0,17,,1574059,20,,,0,20,,1574014,20,,,0,61,,1574015,20,,,0,20,,1574016,20,,,0,20,,1574017,20,,,0,58,,1574018,20,,,0,21,,1574019,20,,,0,19,,1574020,20,,,0,60,,1574021,20,,,0,19,,1574022,20,,,0,19,,1574023,20,,,0,65,,1574024,20,,,0,20,,1574025,20,,,0,19,,1574026,20,,,0,60,,1574027,20,,,0,17,,1574028,20,,,0,19,,1574029,20,,,0,60,,1574030,20,,,0,21,,1574031,20,,,0,20,,1574032,20,,,0,60,,1574033,20,,,0,21,,1574034,20,,,0,21,,1574035,20,,,0,63,,1574036,20,,,0,22,,1574037,20,,,0,21,,1574038,20,,,0,61,,1574039,20,,,0,20,,1574040,20,,,0,63,,1574041,20,,,0,19,,1574042,20,,,0,22,,1574043,20,,,0,60,,1574044,20,,,0,18,,1574045,20,,,0,20,,1574046,20,,,0,60,,1574047,20,,,0,22,,1574048,20,,,0,18,,1574049,20,,,0,60,,1574050,20,,,0,21,,1574051,20,,,0,30,,1574052,20,,,0,70,,1574053,20,,,0,30,,1574054,20,,,0,70,,1574056,20,,,0,30,,1574057,20,,,0,70,,1574058,20,,,0,30,,1574055,20,,,0
7101,'20261017',719,,1605624,20,,,0,30,,1605625,20,,,0,70,,1605626,20,,,0,31,,1605627,20,,,0,70,,1605628,20,,,0,31,,1605629,20,,,0,70,,1605630,20,,,0,31,,1605631,20,,,0,70,,1605632,20,,,0,30,,1605633,20,,,0,69,,1605634,20,,,0,31,,1605635,20,,,0,70,,1605636,20,,,0,30,,1605637,20,,,0,70,,1605638,20,,,0,32,,1605639,20,,,0,68,,1605640,20,,,0,30,,1605641,20,,,0,70,,1605642,20,,,0,30,,1605643,20,,,0,70,,1605644,20,,,0,30,,1605645,20,,,0,70,,1605646,20,,,0,29,,1605647,20,,,0,70,,1605648,20,,,0,28,,1605649,20,,,0,71,,1605650,20,,,0,30,,1605651,20,,,0,71,,1605652,20,,,0,30,,1605653,20,,,0,70,,1605654,20,,,0,31,,1605655,20,,,0,71,,1605656,20,,,0
7101,'20261018',719,,1605657,20,,,0,30,,1605658,20,,,0,70,,1605659,20,,,0,31,,1605660,20,,,0,70,,1605661,20,,,0,31,,1605662,20,,,0,70,,1605663,20,,,0,31,,1605664,20,,,0,70,,1605665,20,,,0,30,,1605666,20,,,0,69,,1605667,20,,,0,31,,1605668,20,,,0,70,,1605669,20,,,0,30,,1605670,20,,,0,70,,1605671,20,,,0,32,,1605672,20,,,0,68,,1605673,20,,,0,30,,1605674,20,,,0,70,,1605675,20,,,0,30,,1605676,20,,,0,70,,1605677,20,,,0,30,,1605678,20,,,0,70,,1605679,20,,,0,29,,1605680,20,,,0,70,,1605681,20,,,0,28,,1605682,20,,,0,71,,1605683,20,,,0,30,,1605684,20,,,0,71,,1605685,20,,,0,30,,1605686,20,,,0,70,,1605687,20,,,0,31,,1605688,20,,,0,71,,1605689,20,,,0
7101,'20261019',616,,1605736,20,,,0,17,,1605735,20,,,0,20,,1605690,20,,,0,61,,1605691,20,,,0,20,,1605692,20,,,0,20,,1605693,20,,,0,58,,1605694,20,,,0,21,,1605695,20,,,0,19,,1605696,20,,,0,60,,1605697,20,,,0,19,,1605698,20,,,0,19,,1605699,20,,,0,65,,1605700,20,,,0,20,,1605701,20,,,0,19,,1605702,20,,,0,60,,1605703,20,,,0,17,,1605704,20,,,0,19,,1605705,20,,,0,60,,1605706,20,,,0,21,,1605707,20,,,0,20,,1605708,20,,,0,60,,1605709,20,,,0,21,,1605710,20,,,0,21,,1605711,20,,,0,63,,1605712,20,,,0,22,,1605713,20,,,0,21,,1605714,20,,,0,61,,1605715,20,,,0,20,,1605716,20,,,0,63,,1605717,20,,,0,19,,1605718,20,,,0,22,,1605719,20,,,0,60,,1605720,20,,,0,18,,1605721,20,,,0,20,,1605722,20,,,0,60,,1605723,20,,,0,22,,1605724,20,,,0,18,,1605725,20,,,0,60,,1605726,20,,,0,21,,1605727,20,,,0,30,,1605728,20,,,0,70,,1605729,20,,,0,30,,1605730,20,,,0,70,,1605732,20,,,0,30,,1605733,20,,,0,70,,1605734,20,,,0,30,,1605731,20,,,0
7101,'20261020',616,,1605783,20,,,0,17,,1605782,20,,,0,20,,1605737,20,,,0,61,,1605738,20,,,0,20,,1605739,20,,,0,20,,1605740,20,,,0,58,,1605741,20,,,0,21,,1605742,20,,,0,19,,1605743,20,,,0,60,,1605744,20,,,0,19,,1605745,20,,,0,19,,1605746,20,,,0,65,,1605747,20,,,0,20,,1605748,20,,,0,19,,1605749,20,,,0,60,,1605750,20,,,0,17,,1605751,20,,,0,19,,1605752,20,,,0,60,,1605753,20,,,0,21,,1605754,20,,,0,20,,1605755,20,,,0,60,,1605756,20,,,0,21,,1605757,20,,,0,21,,1605758,20,,,0,63,,1605759,20,,,0,22,,1605760,20,,,0,21,,1605761,20,,,0,61,,1605762,20,,,0,20,,1605763,20,,,0,63,,1605764,20,,,0,19,,1605765,20,,,0,22,,1605766,20,,,0,60,,1605767,20,,,0,18,,1605768,20,,,0,20,,1605769,20,,,0,60,,1605770,20,,,0,22,,1605771,20,,,0,18,,1605772,20,,,0,60,,1605773,20,,,0,21,,1605774,20,,,0,30,,1605775,20,,,0,70,,1605776,20,,,0,30,,1605777,20,,,0,70,,1605779,20,,,0,30,,1605780,20,,,0,70,,1605781,20,,,0,30,,1605778,20,,,0
7101,'20261021',616,,1633681,20,,,0,17,,1633680,20,,,0,20,,1633635,20,,,0,61,,1633636,20,,,0,20,,1633637,20,,,0,20,,1633638,20,,,0,58,,1633639,20,,,0,21,,1633640,20,,,0,19,,1633641,20,,,0,60,,1633642,20,,,0,19,,1633643,20,,,0,19,,1633644,20,,,0,65,,1633645,20,,,0,20,,1633646,20,,,0,19,,1633647,20,,,0,60,,1633648,20,,,0,17,,1633649,20,,,0,19,,1633650,20,,,0,60,,1633651,20,,,0,21,,1633652,20,,,0,20,,1633653,20,,,0,60,,1633654,20,,,0,21,,1633655,20,,,0,21,,1633656,20,,,0,63,,1633657,20,,,0,22,,1633658,20,,,0,21,,1633659,20,,,0,61,,1633660,20,,,0,20,,1633661,20,,,0,63,,1633662,20,,,0,19,,1633663,20,,,0,22,,1633664,20,,,0,60,,1633665,20,,,0,18,,1633666,20,,,0,20,,1633667,20,,,0,60,,1633668,20,,,0,22,,1633669,20,,,0,18,,1633670,20,,,0,60,,1633671,20,,,0,21,,1633672,20,,,0,30,,1633673,20,,,0,70,,1633674,20,,,0,30,,1633675,20,,,0,70,,1633677,20,,,0,30,,1633678,20,,,0,70,,1633679,20,,,0,30,,1633676,20,,,0
7101,'20261022',616,,1633728,20,,,0,17,,1633727,20,,,0,20,,1633682,20,,,0,61,,1633683,20,,,0,20,,1633684,20,,,0,20,,1633685,20,,,0,58,,1633686,20,,,0,21,,1633687,20,,,0,19,,1633688,20,,,0,60,,1633689,20,,,0,19,,1633690,20,,,0,19,,1633691,20,,,0,65,,1633692,20,,,0,20,,1633693,20,,,0,19,,1633694,20,,,0,60,,1633695,20,,,0,17,,1633696,20,,,0,19,,1633697,20,,,0,60,,1633698,20,,,0,21,,1633699,20,,,0,20,,1633700,20,,,0,60,,1633701,20,,,0,21,,1633702,20,,,0,21,,1633703,20,,,0,63,,1633704,20,,,0,22,,1633705,20,,,0,21,,1633706,20,,,0,61,,1633707,20,,,0,20,,1633708,20,,,0,63,,1633709,20,,,0,19,,1633710,20,,,0,22,,1633711,20,,,0,60,,1633712,20,,,0,18,,1633713,20,,,0,20,,1633714,20,,,0,60,,1633715,20,,,0,22,,1633716,20,,,0,18,,1633717,20,,,0,60,,1633718,20,,,0,21,,1633719,20,,,0,30,,1633720,20,,,0,70,,1633721,20,,,0,30,,1633722,20,,,0,70,,1633724,20,,,0,30,,1633725,20,,,0,70,,1633726,20,,,0,30,,1633723,20,,,0
7101,'20261023',616,,1633775,20,,,0,17,,1633774,20,,,0,20,,1633729,20,,,0,61,,1633730,20,,,0,20,,1633731,20,,,0,20,,1633732,20,,,0,58,,1633733,20,,,0,21,,1633734,20,,,0,19,,1633735,20,,,0,60,,1633736,20,,,0,19,,1633737,20,,,0,19,,1633738,20,,,0,65,,1633739,20,,,0,20,,1633740,20,,,0,19,,1633741,20,,,0,60,,1633742,20,,,0,17,,1633743,20,,,0,19,,1633744,20,,,0,60,,1633745,20,,,0,21,,1633746,20,,,0,20,,1633747,20,,,0,60,,1633748,20,,,0,21,,1633749,20,,,0,21,,1633750,20,,,0,63,,1633751,20,,,0,22,,1633752,20,,,0,21,,1633753,20,,,0,61,,1633754,20,,,0,20,,1633755,20,,,0,63,,1633756,20,,,0,19,,1633757,20,,,0,22,,1633758,20,,,0,60,,1633759,20,,,0,18,,1633760,20,,,0,20,,1633761,20,,,0,60,,1633762,20,,,0,22,,1633763,20,,,0,18,,1633764,20,,,0,60,,1633765,20,,,0,21,,1633766,20,,,0,30,,1633767,20,,,0,70,,1633768,20,,,0,30,,1633769,20,,,0,70,,1633771,20,,,0,30,,1633772,20,,,0,70,,1633773,20,,,0,30,,1633770,20,,,0
8501,'20261009',1213,,1608942,4,,,0,320,,1608943,4,,,0,71,,1608944,4,,,0,30,,1608945,4,,,0,74,,1608946,4,,,0,25,,1608947,4,,,0
8501,'20261010',1717,,1636008,4,,,0
8501,'20261011',1717,,1636009,4,,,0
8501,'20261012',1717,,1636010,4,,,0
8501,'20261013',1213,,1577206,4,,,0,320,,1577211,4,,,0,71,,1577207,4,,,0,30,,1577210,4,,,0,74,,1577208,4,,,0,25,,1577209,4,,,0
8501,'20261014',1213,,1577212,4,,,0,320,,1577217,4,,,0,71,,1577213,4,,,0,30,,1577216,4,,,0,74,,1577214,4,,,0,25,,1577215,4,,,0
8501,'20261015',1213,,1577218,4,,,0,320,,1577223,4,,,0,71,,1577219,4,,,0,30,,1577222,4,,,0,74,,1577220,4,,,0,25,,1577221,4,,,0
8501,'20261016',1213,,1577224,4,,,0,320,,1577229,4,,,0,71,,1577225,4,,,0,30,,1577228,4,,,0,74,,1577226,4,,,0,25,,1577227,4,,,0
8501,'20261017',1717,,1608948,4,,,0
8501,'20261018',1717,,1608949,4,,,0
8501,'20261019',1213,,1608950,4,,,0,320,,1608955,4,,,0,71,,1608951,4,,,0,30,,1608954,4,,,0,74,,1608952,4,,,0,25,,1608953,4,,,0
8501,'20261020',1213,,1608956,4,,,0,320,,1608961,4,,,0,71,,1608957,4,,,0,30,,1608960,4,,,0,74,,1608958,4,,,0,25,,1608959,4,,,0
8501,'20261021',1213,,1636011,4,,,0,320,,1636016,4,,,0,71,,1636012,4,,,0,30,,1636015,4,,,0,74,,1636013,4,,,0,25,,1636014,4,,,0
8501,'20261022',1213,,1636017,4,,,0,320,,1636022,4,,,0,71,,1636018,4,,,0,30,,1636021,4,,,0,74,,1636019,4,,,0,25,,1636020,4,,,0
8501,'20261023',1213,,1636023,4,,,0,320,,1636028,4,,,0,71,,1636024,4,,,0,30,,1636027,4,,,0,74,,1636025,4,,,0,25,,1636026,4,,,0
18501,'20261009',705,,1611489,18,,,0,24,,1611490,18,,,0,79,,1611491,18,,,0,27,,1611492,18,,,0,921,,1611493,6,,,0
18501,'20261013',705,,1579743,18,,,0,24,,1579744,18,,,0,79,,1579745,18,,,0,27,,1579747,18,,,0,921,,1579746,6,,,0
18501,'20261014',705,,1579748,18,,,0,24,,1579749,18,,,0,79,,1579750,18,,,0,27,,1579752,18,,,0,921,,1579751,6,,,0
18501,'20261015',705,,1579753,18,,,0,24,,1579754,18,,,0,79,,1579755,18,,,0,27,,1579757,18,,,0,921,,1579756,6,,,0
18501,'20261016',705,,1579758,18,,,0,24,,1579759,18,,,0,79,,1579760,18,,,0,27,,1579762,18,,,0,921,,1579761,6,,,0
18501,'20261019',705,,1611494,18,,,0,24,,1611495,18,,,0,79,,1611496,18,,,0,27,,1611498,18,,,0,921,,1611497,6,,,0
18501,'20261020',705,,1611499,18,,,0,24,,1611500,18,,,0,79,,1611501,18,,,0,27,,1611503,18,,,0,921,,1611502,6,,,0
18501,'20261021',705,,1637727,18,,,0,24,,1637728,18,,,0,79,,1637729,18,,,0,27,,1637731,18,,,0,921,,1637730,6,,,0
18501,'20261022',705,,1637732,18,,,0,24,,1637733,18,,,0,79,,1637734,18,,,0,27,,1637736,18,,,0,921,,1637735,6,,,0
18501,'20261023',705,,1637737,18,,,0,24,,1637738,18,,,0,79,,1637739,18,,,0,27,,1637741,18,,,0,921,,1637740,6,,,0
