7601,'20260929',524,,1549359,7,,,1,89,,1549360,7,,,1,29,,1549361,7,,,1,73,,1549362,7,,,1,31,,1549363,7,,,1,75,,1549364,7,,,1,114,,1549365,7,,,1,85,,1549366,7,,,1,99,,1549367,7,,,1,33,,1549368,7,,,1,69,,1549369,7,,,1,34,,1549370,7,,,1,99,,1549371,7,,,1,83,,1549372,7,,,1,79,,1549373,7,,,1,31,,1549374,7,,,1,92,,1549375,7,,,1,83,,1549376,7,,,1,29,,1549377,7,,,1,56,,1549378,7,,,1,34,,1549379,7,,,1,96,,1549380,7,,,1,102,,1549381,7,,,1,106,,1549382,7,,,1,94,,1549383,7,,,1,109,,1549384,7,,,1
7601,'20260930',524,,1549385,7,,,1,89,,1549386,7,,,1,29,,1549387,7,,,1,73,,1549388,7,,,1,31,,1549389,7,,,1,75,,1549390,7,,,1,114,,1549391,7,,,1,85,,1549392,7,,,1,99,,1549393,7,,,1,33,,1549394,7,,,1,69,,1549395,7,,,1,34,,1549396,7,,,1,99,,1549397,7,,,1,83,,1549398,7,,,1,79,,1549399,7,,,1,31,,1549400,7,,,1,92,,1549401,7,,,1,83,,1549402,7,,,1,29,,1549403,7,,,1,56,,1549404,7,,,1,34,,1549405,7,,,1,96,,1549406,7,,,1,102,,1549407,7,,,1,106,,1549408,7,,,1,94,,1549409,7,,,1,109,,1549410,7,,,1
7601,'20261001',524,,1549411,7,,,1,89,,1549412,7,,,1,29,,1549413,7,,,1,73,,1549414,7,,,1,31,,1549415,7,,,1,75,,1549416,7,,,1,114,,1549417,7,,,1,85,,1549418,7,,,1,99,,1549419,7,,,1,33,,1549420,7,,,1,69,,1549421,7,,,1,34,,1549422,7,,,1,99,,1549423,7,,,1,83,,1549424,7,,,1,79,,1549425,7,,,1,31,,1549426,7,,,1,92,,1549427,7,,,1,83,,1549428,7,,,1,29,,1549429,7,,,1,56,,1549430,7,,,1,34,,1549431,7,,,1,96,,1549432,7,,,1,102,,1549433,7,,,1,106,,1549434,7,,,1,94,,1549435,7,,,1,109,,1549436,7,,,1
7601,'20261002',524,,1472279,7,,,1,89,,1472280,7,,,1,29,,1472281,7,,,1,73,,1472282,7,,,1,31,,1472283,7,,,1,75,,1472284,7,,,1,114,,1472285,7,,,1,85,,1472286,7,,,1,99,,1472287,7,,,1,33,,1472288,7,,,1,69,,1472289,7,,,1,34,,1472290,7,,,1,99,,1472291,7,,,1,83,,1472292,7,,,1,79,,1472293,7,,,1,31,,1472294,7,,,1,92,,1472295,7,,,1,83,,1472296,7,,,1,29,,1472297,7,,,1,56,,1472298,7,,,1,34,,1472299,7,,,1,96,,1472300,7,,,1,102,,1472301,7,,,1,106,,1472302,7,,,1,94,,1472303,7,,,1,109,,1472304,7,,,1
7601,'20261003',614,,1495291,7,,,1,29,,1495292,7,,,1,71,,1495274,7,,,1,29,,1495293,7,,,1,68,,1495275,7,,,1,33,,1495294,7,,,1,69,,1495276,7,,,1,92,,1495277,7,,,1,50,,1495278,7,,,1,103,,1495279,7,,,1,70,,1495295,7,,,1,73,,1495280,7,,,1,40,,1495296,7,,,1,67,,1495281,7,,,1,43,,1495282,7,,,1,99,,1495283,7,,,1,80,,1495297,7,,,1,72,,1495284,7,,,1,29,,1495298,7,,,1,73,,1495285,7,,,1,98,,1495287,7,,,1,107,,1495288,7,,,1,108,,1495289,7,,,1,100,,1495286,7,,,1,105,,1495290,7,,,1
7601,'20261004',614,,1495316,7,,,1,29,,1495317,7,,,1,71,,1495315,7,,,1,29,,1495318,7,,,1,68,,1495299,7,,,1,33,,1495319,7,,,1,69,,1495300,7,,,1,92,,1495301,7,,,1,50,,1495302,7,,,1,103,,1495303,7,,,1,70,,1495320,7,,,1,73,,1495304,7,,,1,40,,1495321,7,,,1,67,,1495305,7,,,1,43,,1495306,7,,,1,99,,1495307,7,,,1,80,,1495322,7,,,1,72,,1495308,7,,,1,29,,1495323,7,,,1,73,,1495309,7,,,1,98,,1495310,7,,,1,107,,1495311,7,,,1,108,,1495312,7,,,1,100,,1495313,7,,,1,105,,1495314,7,,,1
7601,'20261005',524,,1495324,7,,,1,89,,1495325,7,,,1,29,,1495326,7,,,1,73,,1495327,7,,,1,31,,1495328,7,,,1,75,,1495329,7,,,1,114,,1495330,7,,,1,85,,1495331,7,,,1,99,,1495332,7,,,1,33,,1495333,7,,,1,69,,1495334,7,,,1,34,,1495335,7,,,1,99,,1495336,7,,,1,83,,1495337,7,,,1,79,,1495338,7,,,1,31,,1495339,7,,,1,92,,1495340,7,,,1,83,,1495341,7,,,1,29,,1495342,7,,,1,56,,1495343,7,,,1,34,,1495344,7,,,1,96,,1495345,7,,,1,102,,1495346,7,,,1,106,,1495347,7,,,1,94,,1495348,7,,,1,109,,1495349,7,,,1
7601,'20261006',524,,1521856,7,,,1,89,,1521857,7,,,1,29,,1521858,7,,,1,73,,1521859,7,,,1,31,,1521860,7,,,1,75,,1521861,7,,,1,114,,1521862,7,,,1,85,,1521863,7,,,1,99,,1521864,7,,,1,33,,1521865,7,,,1,69,,1521866,7,,,1,34,,1521867,7,,,1,99,,1521868,7,,,1,83,,1521869,7,,,1,79,,1521870,7,,,1,31,,1521871,7,,,1,92,,1521872,7,,,1,83,,1521873,7,,,1,29,,1521874,7,,,1,56,,1521875,7,,,1,34,,1521876,7,,,1,96,,1521877,7,,,1,102,,1521878,7,,,1,106,,1521879,7,,,1,94,,1521880,7,,,1,109,,1521881,7,,,1
7601,'20261007',524,,1521882,7,,,1,89,,1521883,7,,,1,29,,1521884,7,,,1,73,,1521885,7,,,1,31,,1521886,7,,,1,75,,1521887,7,,,1,114,,1521888,7,,,1,85,,1521889,7,,,1,99,,1521890,7,,,1,33,,1521891,7,,,1,69,,1521892,7,,,1,34,,1521893,7,,,1,99,,1521894,7,,,1,83,,1521895,7,,,1,79,,1521896,7,,,1,31,,1521897,7,,,1,92,,1521898,7,,,1,83,,1521899,7,,,1,29,,1521900,7,,,1,56,,1521901,7,,,1,34,,1521902,7,,,1,96,,1521903,7,,,1,102,,1521904,7,,,1,106,,1521905,7,,,1,94,,1521906,7,,,1,109,,1521907,7,,,1
7601,'20261008',524,,1521908,7,,,1,89,,1521909,7,,,1,29,,1521910,7,,,1,73,,1521911,7,,,1,31,,1521912,7,,,1,75,,1521913,7,,,1,114,,1521914,7,,,1,85,,1521915,7,,,1,99,,1521916,7,,,1,33,,1521917,7,,,1,69,,1521918,7,,,1,34,,1521919,7,,,1,99,,1521920,7,,,1,83,,1521921,7,,,1,79,,1521922,7,,,1,31,,1521923,7,,,1,92,,1521924,7,,,1,83,,1521925,7,,,1,29,,1521926,7,,,1,56,,1521927,7,,,1,34,,1521928,7,,,1,96,,1521929,7,,,1,102,,1521930,7,,,1,106,,1521931,7,,,1,94,,1521932,7,,,1,109,,1521933,7,,,1
7601,'20261009',524,,1521934,7,,,1,89,,1521935,7,,,1,29,,1521936,7,,,1,73,,1521937,7,,,1,31,,1521938,7,,,1,75,,1521939,7,,,1,114,,1521940,7,,,1,85,,1521941,7,,,1,99,,1521942,7,,,1,33,,1521943,7,,,1,69,,1521944,7,,,1,34,,1521945,7,,,1,99,,1521946,7,,,1,83,,1521947,7,,,1,79,,1521948,7,,,1,31,,1521949,7,,,1,92,,1521950,7,,,1,83,,1521951,7,,,1,29,,1521952,7,,,1,56,,1521953,7,,,1,34,,1521954,7,,,1,96,,1521955,7,,,1,102,,1521956,7,,,1,106,,1521957,7,,,1,94,,1521958,7,,,1,109,,1521959,7,,,1
7601,'20261010',614,,1549454,7,,,1,29,,1549455,7,,,1,71,,1549437,7,,,1,29,,1549456,7,,,1,68,,1549438,7,,,1,33,,1549457,7,,,1,69,,1549439,7,,,1,92,,1549440,7,,,1,50,,1549441,7,,,1,103,,1549442,7,,,1,70,,1549458,7,,,1,73,,1549443,7,,,1,40,,1549459,7,,,1,67,,1549444,7,,,1,43,,1549445,7,,,1,99,,1549446,7,,,1,80,,1549460,7,,,1,72,,1549447,7,,,1,29,,1549461,7,,,1,73,,1549448,7,,,1,98,,1549450,7,,,1,107,,1549451,7,,,1,108,,1549452,7,,,1,100,,1549449,7,,,1,105,,1549453,7,,,1
7601,'20261011',614,,1549479,7,,,1,29,,1549480,7,,,1,71,,1549478,7,,,1,29,,1549481,7,,,1,68,,1549462,7,,,1,33,,1549482,7,,,1,69,,1549463,7,,,1,92,,1549464,7,,,1,50,,1549465,7,,,1,103,,1549466,7,,,1,70,,1549483,7,,,1,73,,1549467,7,,,1,40,,1549484,7,,,1,67,,1549468,7,,,1,43,,1549469,7,,,1,99,,1549470,7,,,1,80,,1549485,7,,,1,72,,1549471,7,,,1,29,,1549486,7,,,1,73,,1549472,7,,,1,98,,1549473,7,,,1,107,,1549474,7,,,1,108,,1549475,7,,,1,100,,1549476,7,,,1,105,,1549477,7,,,1
7601,'20261012',614,,1549504,7,,,1,29,,1549505,7,,,1,71,,1549503,7,,,1,29,,1549506,7,,,1,68,,1549487,7,,,1,33,,1549507,7,,,1,69,,1549488,7,,,1,92,,1549489,7,,,1,50,,1549490,7,,,1,103,,1549491,7,,,1,70,,1549508,7,,,1,73,,1549492,7,,,1,40,,1549509,7,,,1,67,,1549493,7,,,1,43,,1549494,7,,,1,99,,1549495,7,,,1,80,,1549510,7,,,1,72,,1549496,7,,,1,29,,1549511,7,,,1,73,,1549497,7,,,1,98,,1549498,7,,,1,107,,1549499,7,,,1,108,,1549500,7,,,1,100,,1549501,7,,,1,105,,1549502,7,,,1
7901,'20260929',603,,1549629,16,,,0,29,,1549630,16,,,0,69,,1549631,16,,,0,30,,1549632,16,,,0,70,,1549633,16,,,0,31,,1549634,16,,,0,100,,1549635,16,,,0,99,,1549636,16,,,0,100,,1549637,16,,,0,100,,1549638,16,,,0,100,,1549639,16,,,0,100,,1549640,16,,,0,100,,1549641,16,,,0,96,,1549642,16,,,0,75,,1549643,16,,,0,30,,1549644,16,,,0,100,,1549645,16,,,0,100,,1549646,16,,,0,100,,1549647,16,,,0,101,,1549648,16,,,0,100,,1549649,16,,,0,100,,1549650,16,,,0
7901,'20260930',603,,1549651,16,,,0,29,,1549652,16,,,0,69,,1549653,16,,,0,30,,1549654,16,,,0,70,,1549655,16,,,0,31,,1549656,16,,,0,100,,1549657,16,,,0,99,,1549658,16,,,0,100,,1549659,16,,,0,100,,1549660,16,,,0,100,,1549661,16,,,0,100,,1549662,16,,,0,100,,1549663,16,,,0,96,,1549664,16,,,0,75,,1549665,16,,,0,30,,1549666,16,,,0,100,,1549667,16,,,0,100,,1549668,16,,,0,100,,1549669,16,,,0,101,,1549670,16,,,0,100,,1549671,16,,,0,100,,1549672,16,,,0
7901,'20261001',603,,1549673,16,,,0,29,,1549674,16,,,0,69,,1549675,16,,,0,30,,1549676,16,,,0,70,,1549677,16,,,0,31,,1549678,16,,,0,100,,1549679,16,,,0,99,,1549680,16,,,0,100,,1549681,16,,,0,100,,1549682,16,,,0,100,,1549683,16,,,0,100,,1549684,16,,,0,100,,1549685,16,,,0,96,,1549686,16,,,0,75,,1549687,16,,,0,30,,1549688,16,,,0,100,,1549689,16,,,0,100,,1549690,16,,,0,100,,1549691,16,,,0,101,,1549692,16,,,0,100,,1549693,16,,,0,100,,1549694,16,,,0
7901,'20261002',603,,1472529,16,,,0,29,,1472530,16,,,0,69,,1472531,16,,,0,30,,1472532,16,,,0,70,,1472533,16,,,0,31,,1472534,16,,,0,100,,1472535,16,,,0,99,,1472536,16,,,0,100,,1472537,16,,,0,100,,1472538,16,,,0,100,,1472539,16,,,0,100,,1472540,16,,,0,100,,1472547,16,,,0,96,,1472541,16,,,0,75,,1472550,16,,,0,30,,1472548,16,,,0,100,,1472542,16,,,0,100,,1472543,16,,,0,100,,1472544,16,,,0,101,,1472549,16,,,0,100,,1472545,16,,,0,100,,1472546,16,,,0
7901,'20261003',732,,1495541,16,,,0,100,,1495542,16,,,0,100,,1495543,16,,,0,100,,1495547,16,,,0,100,,1495548,16,,,0,100,,1495538,16,,,0,100,,1495549,16,,,0,100,,1495546,16,,,0,100,,1495550,16,,,0,100,,1495544,16,,,0,68,,1495555,16,,,0,32,,1495551,16,,,0,100,,1495539,16,,,0,101,,1495552,16,,,0,100,,1495545,16,,,0,100,,1495553,16,,,0,100,,1495540,16,,,0,100,,1495554,16,,,0
7901,'20261004',732,,1495561,16,,,0,100,,1495560,16,,,0,100,,1495556,16,,,0,100,,1495565,16,,,0,100,,1495566,16,,,0,100,,1495558,16,,,0,100,,1495567,16,,,0,100,,1495564,16,,,0,100,,1495569,16,,,0,100,,1495562,16,,,0,68,,1495573,16,,,0,32,,1495570,16,,,0,100,,1495557,16,,,0,101,,1495571,16,,,0,100,,1495563,16,,,0,100,,1495572,16,,,0,100,,1495559,16,,,0,100,,1495568,16,,,0
7901,'20261005',603,,1495574,16,,,0,29,,1495575,16,,,0,69,,1495576,16,,,0,30,,1495577,16,,,0,70,,1495578,16,,,0,31,,1495579,16,,,0,100,,1495580,16,,,0,99,,1495581,16,,,0,100,,1495582,16,,,0,100,,1495583,16,,,0,100,,1495584,16,,,0,100,,1495585,16,,,0,100,,1495592,16,,,0,96,,1495586,16,,,0,75,,1495595,16,,,0,30,,1495593,16,,,0,100,,1495587,16,,,0,100,,1495588,16,,,0,100,,1495589,16,,,0,101,,1495594,16,,,0,100,,1495590,16,,,0,100,,1495591,16,,,0
7901,'20261006',603,,1522206,16,,,0,29,,1522207,16,,,0,69,,1522208,16,,,0,30,,1522209,16,,,0,70,,1522210,16,,,0,31,,1522211,16,,,0,100,,1522212,16,,,0,99,,1522213,16,,,0,100,,1522214,16,,,0,100,,1522215,16,,,0,100,,1522216,16,,,0,100,,1522217,16,,,0,100,,1522224,16,,,0,96,,1522218,16,,,0,75,,1522227,16,,,0,30,,1522225,16,,,0,100,,1522219,16,,,0,100,,1522220,16,,,0,100,,1522221,16,,,0,101,,1522226,16,,,0,100,,1522222,16,,,0,100,,1522223,16,,,0
7901,'20261007',603,,1522228,16,,,0,29,,1522229,16,,,0,69,,1522230,16,,,0,30,,1522231,16,,,0,70,,1522232,16,,,0,31,,1522233,16,,,0,100,,1522234,16,,,0,99,,1522235,16,,,0,100,,1522236,16,,,0,100,,1522237,16,,,0,100,,1522238,16,,,0,100,,1522239,16,,,0,100,,1522246,16,,,0,96,,1522240,16,,,0,75,,1522249,16,,,0,30,,1522247,16,,,0,100,,1522241,16,,,0,100,,1522242,16,,,0,100,,1522243,16,,,0,101,,1522248,16,,,0,100,,1522244,16,,,0,100,,1522245,16,,,0
7901,'20261008',603,,1522250,16,,,0,29,,1522251,16,,,0,69,,1522252,16,,,0,30,,1522253,16,,,0,70,,1522254,16,,,0,31,,1522255,16,,,0,100,,1522256,16,,,0,99,,1522257,16,,,0,100,,1522258,16,,,0,100,,1522259,16,,,0,100,,1522260,16,,,0,100,,1522261,16,,,0,100,,1522268,16,,,0,96,,1522262,16,,,0,75,,1522271,16,,,0,30,,1522269,16,,,0,100,,1522263,16,,,0,100,,1522264,16,,,0,100,,1522265,16,,,0,101,,1522270,16,,,0,100,,1522266,16,,,0,100,,1522267,16,,,0
7901,'20261009',603,,1522272,16,,,0,29,,1522273,16,,,0,69,,1522274,16,,,0,30,,1522275,16,,,0,70,,1522276,16,,,0,31,,1522277,16,,,0,100,,1522278,16,,,0,99,,1522279,16,,,0,100,,1522280,16,,,0,100,,1522281,16,,,0,100,,1522282,16,,,0,100,,1522283,16,,,0,100,,1522290,16,,,0,96,,1522284,16,,,0,75,,1522293,16,,,0,30,,1522291,16,,,0,100,,1522285,16,,,0,100,,1522286,16,,,0,100,,1522287,16,,,0,101,,1522292,16,,,0,100,,1522288,16,,,0,100,,1522289,16,,,0
7901,'20261010',732,,1549698,16,,,0,100,,1549699,16,,,0,100,,1549700,16,,,0,100,,1549704,16,,,0,100,,1549705,16,,,0,100,,1549695,16,,,0,100,,1549706,16,,,0,100,,1549703,16,,,0,100,,1549707,16,,,0,100,,1549701,16,,,0,68,,1549712,16,,,0,32,,1549708,16,,,0,100,,1549696,16,,,0,101,,1549709,16,,,0,100,,1549702,16,,,0,100,,1549710,16,,,0,100,,1549697,16,,,0,100,,1549711,16,,,0
7901,'20261011',732,,1549718,16,,,0,100,,1549717,16,,,0,100,,1549713,16,,,0,100,,1549722,16,,,0,100,,1549723,16,,,0,100,,1549715,16,,,0,100,,1549724,16,,,0,100,,1549721,16,,,0,100,,1549726,16,,,0,100,,1549719,16,,,0,68,,1549730,16,,,0,32,,1549727,16,,,0,100,,1549714,16,,,0,101,,1549728,16,,,0,100,,1549720,16,,,0,100,,1549729,16,,,0,100,,1549716,16,,,0,100,,1549725,16,,,0
7901,'20261012',732,,1549736,16,,,0,100,,1549735,16,,,0,100,,1549731,16,,,0,100,,1549740,16,,,0,100,,1549741,16,,,0,100,,1549733,16,,,0,100,,1549742,16,,,0,100,,1549739,16,,,0,100,,1549744,16,,,0,100,,1549737,16,,,0,68,,1549748,16,,,0,32,,1549745,16,,,0,100,,1549732,16,,,0,101,,1549746,16,,,0,100,,1549738,16,,,0,100,,1549747,16,,,0,100,,1549734,16,,,0,100,,1549743,16,,,0
27901,'20260929',623,,1553132,13,,,0,82,,1553133,13,,,0,34,,1553134,13,,,0,67,,1553135,13,,,0
27901,'20260930',623,,1553136,13,,,0,82,,1553137,13,,,0,34,,1553138,13,,,0,67,,1553139,13,,,0
27901,'20261001',623,,1553140,13,,,0,82,,1553141,13,,,0,34,,1553142,13,,,0,67,,1553143,13,,,0
27901,'20261002',623,,1476247,13,,,0,82,,1476245,13,,,0,34,,1476246,13,,,0,67,,1476244,13,,,0
27901,'20261005',623,,1499284,13,,,0,82,,1499282,13,,,0,34,,1499283,13,,,0,67,,1499281,13,,,0
27901,'20261006',623,,1527428,13,,,0,82,,1527426,13,,,0,34,,1527427,13,,,0,67,,1527425,13,,,0
27901,'20261007',623,,1527432,13,,,0,82,,1527430,13,,,0,34,,1527431,13,,,0,67,,1527429,13,,,0
27901,'20261008',623,,1527436,13,,,0,82,,1527434,13,,,0,34,,1527435,13,,,0,67,,1527433,13,,,0
27901,'20261009',623,,1527440,13,,,0,82,,1527438,13,,,0,34,,1527439,13,,,0,67,,1527437,13,,,0
