9002,'20261002',636,,1577717,11,,,0,69,,1577718,11,,,0,35,,1577719,11,,,0,74,,1577720,11,,,0,20,,1577721,11,,,0
9002,'20261005',636,,1577722,11,,,0,69,,1577723,11,,,0,35,,1577724,11,,,0,74,,1577725,11,,,0,20,,1577726,11,,,0
9002,'20261006',636,,1524458,11,,,0,69,,1524459,11,,,0,35,,1524462,11,,,0,74,,1524460,11,,,0,20,,1524461,11,,,0
9002,'20261007',636,,1524464,11,,,0,69,,1524465,11,,,0,35,,1524468,11,,,0,74,,1524466,11,,,0,20,,1524467,11,,,0
9002,'20261008',636,,1524470,11,,,0,69,,1524471,11,,,0,35,,1524474,11,,,0,74,,1524472,11,,,0,20,,1524473,11,,,0
9002,'20261009',636,,1524476,11,,,0,69,,1524477,11,,,0,35,,1524480,11,,,0,74,,1524478,11,,,0,20,,1524479,11,,,0
9002,'20261013',636,,1577727,11,,,0,69,,1577728,11,,,0,35,,1577731,11,,,0,74,,1577729,11,,,0,20,,1577730,11,,,0
9002,'20261014',636,,1577733,11,,,0,69,,1577734,11,,,0,35,,1577737,11,,,0,74,,1577735,11,,,0,20,,1577736,11,,,0
9002,'20261015',636,,1577739,11,,,0,69,,1577740,11,,,0,35,,1577743,11,,,0,74,,1577741,11,,,0,20,,1577742,11,,,0
9002,'20261016',636,,1577745,11,,,0,69,,1577746,11,,,0,35,,1577749,11,,,0,74,,1577747,11,,,0,20,,1577748,11,,,0
9102,'20261002',512,,1577787,14,,,0,99,,1577788,14,,,0,30,,1577789,14,,,0,67,,1577790,14,,,0,29,,1577791,14,,,0,73,,1577792,14,,,0,32,,1577793,14,,,0,99,,1577794,14,,,0,100,,1577795,14,,,0,100,,1577796,14,,,0,100,,1577797,14,,,0,100,,1577798,14,,,0,100,,1577799,14,,,0,90,,1577800,14,,,0,105,,1577801,14,,,0,106,,1577802,14,,,0,100,,1577803,14,,,0,101,,1577804,14,,,0,99,,1577805,14,,,0,100,,1577806,14,,,0,100,,1577807,14,,,0
9102,'20261003',541,,1577808,14,,,0,100,,1577809,14,,,0,99,,1577810,14,,,0,100,,1577811,14,,,0,100,,1577812,14,,,0,100,,1577813,14,,,0,100,,1577814,14,,,0,100,,1577815,14,,,0,100,,1577816,14,,,0,100,,1577817,14,,,0,100,,1577818,14,,,0,100,,1577819,14,,,0,100,,1577820,14,,,0,100,,1577821,14,,,0,101,,1577822,14,,,0,100,,1577823,14,,,0,100,,1577824,14,,,0,100,,1577825,14,,,0
9102,'20261004',541,,1577826,14,,,0,100,,1577827,14,,,0,99,,1577828,14,,,0,100,,1577829,14,,,0,100,,1577830,14,,,0,100,,1577831,14,,,0,100,,1577832,14,,,0,100,,1577833,14,,,0,100,,1577834,14,,,0,100,,1577835,14,,,0,100,,1577836,14,,,0,100,,1577837,14,,,0,100,,1577838,14,,,0,100,,1577839,14,,,0,101,,1577840,14,,,0,100,,1577841,14,,,0,100,,1577842,14,,,0,100,,1577843,14,,,0
9102,'20261005',512,,1577844,14,,,0,99,,1577845,14,,,0,30,,1577846,14,,,0,67,,1577847,14,,,0,29,,1577848,14,,,0,73,,1577849,14,,,0,32,,1577850,14,,,0,99,,1577851,14,,,0,100,,1577852,14,,,0,100,,1577853,14,,,0,100,,1577854,14,,,0,100,,1577855,14,,,0,100,,1577856,14,,,0,90,,1577857,14,,,0,105,,1577858,14,,,0,106,,1577859,14,,,0,100,,1577860,14,,,0,101,,1577861,14,,,0,99,,1577862,14,,,0,100,,1577863,14,,,0,100,,1577864,14,,,0
9102,'20261006',512,,1524596,14,,,0,99,,1524597,14,,,0,30,,1524598,14,,,0,67,,1524599,14,,,0,29,,1524600,14,,,0,73,,1524601,14,,,0,32,,1524602,14,,,0,99,,1524603,14,,,0,100,,1524604,14,,,0,100,,1524605,14,,,0,100,,1524606,14,,,0,100,,1524607,14,,,0,100,,1524608,14,,,0,90,,1524609,14,,,0,105,,1524610,14,,,0,106,,1524611,14,,,0,100,,1524612,14,,,0,101,,1524613,14,,,0,99,,1524614,14,,,0,100,,1524615,14,,,0,100,,1524616,14,,,0
9102,'20261007',512,,1524617,14,,,0,99,,1524618,14,,,0,30,,1524619,14,,,0,67,,1524620,14,,,0,29,,1524621,14,,,0,73,,1524622,14,,,0,32,,1524623,14,,,0,99,,1524624,14,,,0,100,,1524625,14,,,0,100,,1524626,14,,,0,100,,1524627,14,,,0,100,,1524628,14,,,0,100,,1524629,14,,,0,90,,1524630,14,,,0,105,,1524631,14,,,0,106,,1524632,14,,,0,100,,1524633,14,,,0,101,,1524634,14,,,0,99,,1524635,14,,,0,100,,1524636,14,,,0,100,,1524637,14,,,0
9102,'20261008',512,,1524638,14,,,0,99,,1524639,14,,,0,30,,1524640,14,,,0,67,,1524641,14,,,0,29,,1524642,14,,,0,73,,1524643,14,,,0,32,,1524644,14,,,0,99,,1524645,14,,,0,100,,1524646,14,,,0,100,,1524647,14,,,0,100,,1524648,14,,,0,100,,1524649,14,,,0,100,,1524650,14,,,0,90,,1524651,14,,,0,105,,1524652,14,,,0,106,,1524653,14,,,0,100,,1524654,14,,,0,101,,1524655,14,,,0,99,,1524656,14,,,0,100,,1524657,14,,,0,100,,1524658,14,,,0
9102,'20261009',512,,1524659,14,,,0,99,,1524660,14,,,0,30,,1524661,14,,,0,67,,1524662,14,,,0,29,,1524663,14,,,0,73,,1524664,14,,,0,32,,1524665,14,,,0,99,,1524666,14,,,0,100,,1524667,14,,,0,100,,1524668,14,,,0,100,,1524669,14,,,0,100,,1524670,14,,,0,100,,1524671,14,,,0,90,,1524672,14,,,0,105,,1524673,14,,,0,106,,1524674,14,,,0,100,,1524675,14,,,0,101,,1524676,14,,,0,99,,1524677,14,,,0,100,,1524678,14,,,0,100,,1524679,14,,,0
9102,'20261010',541,,1551354,14,,,0,100,,1551355,14,,,0,99,,1551356,14,,,0,100,,1551357,14,,,0,100,,1551358,14,,,0,100,,1551359,14,,,0,100,,1551360,14,,,0,100,,1551361,14,,,0,100,,1551362,14,,,0,100,,1551363,14,,,0,100,,1551364,14,,,0,100,,1551365,14,,,0,100,,1551366,14,,,0,100,,1551367,14,,,0,101,,1551368,14,,,0,100,,1551369,14,,,0,100,,1551370,14,,,0,100,,1551371,14,,,0
9102,'20261011',541,,1551372,14,,,0,100,,1551373,14,,,0,99,,1551374,14,,,0,100,,1551375,14,,,0,100,,1551376,14,,,0,100,,1551377,14,,,0,100,,1551378,14,,,0,100,,1551379,14,,,0,100,,1551380,14,,,0,100,,1551381,14,,,0,100,,1551382,14,,,0,100,,1551383,14,,,0,100,,1551384,14,,,0,100,,1551385,14,,,0,101,,1551386,14,,,0,100,,1551387,14,,,0,100,,1551388,14,,,0,100,,1551389,14,,,0
9102,'20261012',541,,1551390,14,,,0,100,,1551391,14,,,0,99,,1551392,14,,,0,100,,1551393,14,,,0,100,,1551394,14,,,0,100,,1551395,14,,,0,100,,1551396,14,,,0,100,,1551397,14,,,0,100,,1551398,14,,,0,100,,1551399,14,,,0,100,,1551400,14,,,0,100,,1551401,14,,,0,100,,1551402,14,,,0,100,,1551403,14,,,0,101,,1551404,14,,,0,100,,1551405,14,,,0,100,,1551406,14,,,0,100,,1551407,14,,,0
9102,'20261013',512,,1577865,14,,,0,99,,1577866,14,,,0,30,,1577867,14,,,0,67,,1577868,14,,,0,29,,1577869,14,,,0,73,,1577870,14,,,0,32,,1577871,14,,,0,99,,1577872,14,,,0,100,,1577873,14,,,0,100,,1577874,14,,,0,100,,1577875,14,,,0,100,,1577876,14,,,0,100,,1577877,14,,,0,90,,1577878,14,,,0,105,,1577879,14,,,0,106,,1577880,14,,,0,100,,1577881,14,,,0,101,,1577882,14,,,0,99,,1577883,14,,,0,100,,1577884,14,,,0,100,,1577885,14,,,0
9102,'20261014',512,,1577886,14,,,0,99,,1577887,14,,,0,30,,1577888,14,,,0,67,,1577889,14,,,0,29,,1577890,14,,,0,73,,1577891,14,,,0,32,,1577892,14,,,0,99,,1577893,14,,,0,100,,1577894,14,,,0,100,,1577895,14,,,0,100,,1577896,14,,,0,100,,1577897,14,,,0,100,,1577898,14,,,0,90,,1577899,14,,,0,105,,1577900,14,,,0,106,,1577901,14,,,0,100,,1577902,14,,,0,101,,1577903,14,,,0,99,,1577904,14,,,0,100,,1577905,14,,,0,100,,1577906,14,,,0
9102,'20261015',512,,1577907,14,,,0,99,,1577908,14,,,0,30,,1577909,14,,,0,67,,1577910,14,,,0,29,,1577911,14,,,0,73,,1577912,14,,,0,32,,1577913,14,,,0,99,,1577914,14,,,0,100,,1577915,14,,,0,100,,1577916,14,,,0,100,,1577917,14,,,0,100,,1577918,14,,,0,100,,1577919,14,,,0,90,,1577920,14,,,0,105,,1577921,14,,,0,106,,1577922,14,,,0,100,,1577923,14,,,0,101,,1577924,14,,,0,99,,1577925,14,,,0,100,,1577926,14,,,0,100,,1577927,14,,,0
9102,'20261016',512,,1577928,14,,,0,99,,1577929,14,,,0,30,,1577930,14,,,0,67,,1577931,14,,,0,29,,1577932,14,,,0,73,,1577933,14,,,0,32,,1577934,14,,,0,99,,1577935,14,,,0,100,,1577936,14,,,0,100,,1577937,14,,,0,100,,1577938,14,,,0,100,,1577939,14,,,0,100,,1577940,14,,,0,90,,1577941,14,,,0,105,,1577942,14,,,0,106,,1577943,14,,,0,100,,1577944,14,,,0,101,,1577945,14,,,0,99,,1577946,14,,,0,100,,1577947,14,,,0,100,,1577948,14,,,0
29102,'20261002',608,,1581131,14,,,0,24,,1581132,14,,,0,20,,1581133,14,,,0,69,,1581134,14,,,0
29102,'20261005',608,,1581135,14,,,0,24,,1581136,14,,,0,20,,1581137,14,,,0,69,,1581138,14,,,0
29102,'20261006',608,,1527863,14,,,0,24,,1527866,14,,,0,20,,1527864,14,,,0,69,,1527865,14,,,0
29102,'20261007',608,,1527867,14,,,0,24,,1527870,14,,,0,20,,1527868,14,,,0,69,,1527869,14,,,0
29102,'20261008',608,,1527871,14,,,0,24,,1527874,14,,,0,20,,1527872,14,,,0,69,,1527873,14,,,0
29102,'20261009',608,,1527875,14,,,0,24,,1527878,14,,,0,20,,1527876,14,,,0,69,,1527877,14,,,0
29102,'20261013',608,,1581139,14,,,0,24,,1581142,14,,,0,20,,1581140,14,,,0,69,,1581141,14,,,0
29102,'20261014',608,,1581143,14,,,0,24,,1581146,14,,,0,20,,1581144,14,,,0,69,,1581145,14,,,0
29102,'20261015',608,,1581147,14,,,0,24,,1581150,14,,,0,20,,1581148,14,,,0,69,,1581149,14,,,0
29102,'20261016',608,,1581151,14,,,0,24,,1581154,14,,,0,20,,1581152,14,,,0,69,,1581153,14,,,0
7009002,'20261002',710,,1593660,11,,,0
7009002,'20261005',710,,1593662,11,,,0
7009002,'20261006',710,,1540407,11,,,0
7009002,'20261007',710,,1540409,11,,,0
7009002,'20261008',710,,1540411,11,,,0
7009002,'20261009',710,,1540413,11,,,0
7009002,'20261013',710,,1593664,11,,,0
7009002,'20261014',710,,1593666,11,,,0
7009002,'20261015',710,,1593668,11,,,0
7009002,'20261016',710,,1593670,11,,,0
