3601,'20260929',635,,1545051,54,,,0,70,,1545052,54,,,0,31,,1545053,54,,,0,70,,1545054,54,,,0,29,,1545055,54,,,0,100,,1545056,54,,,0,100,,1545057,54,,,0,100,,1545058,54,,,0,100,,1545059,54,,,0,100,,1545060,54,,,0,100,,1545061,54,,,0,100,,1545062,54,,,0,101,,1545063,54,,,0,100,,1545064,54,,,0,100,,1545065,54,,,0,99,,1545066,54,,,0,100,,1545067,54,,,0,100,,1545068,54,,,0,100,,1545069,54,,,0,100,,1545070,54,,,0
3601,'20260930',635,,1545071,54,,,0,70,,1545072,54,,,0,31,,1545073,54,,,0,70,,1545074,54,,,0,29,,1545075,54,,,0,100,,1545076,54,,,0,100,,1545077,54,,,0,100,,1545078,54,,,0,100,,1545079,54,,,0,100,,1545080,54,,,0,100,,1545081,54,,,0,100,,1545082,54,,,0,101,,1545083,54,,,0,100,,1545084,54,,,0,100,,1545085,54,,,0,99,,1545086,54,,,0,100,,1545087,54,,,0,100,,1545088,54,,,0,100,,1545089,54,,,0,100,,1545090,54,,,0
3601,'20261001',635,,1545091,54,,,0,70,,1545092,54,,,0,31,,1545093,54,,,0,70,,1545094,54,,,0,29,,1545095,54,,,0,100,,1545096,54,,,0,100,,1545097,54,,,0,100,,1545098,54,,,0,100,,1545099,54,,,0,100,,1545100,54,,,0,100,,1545101,54,,,0,100,,1545102,54,,,0,101,,1545103,54,,,0,100,,1545104,54,,,0,100,,1545105,54,,,0,99,,1545106,54,,,0,100,,1545107,54,,,0,100,,1545108,54,,,0,100,,1545109,54,,,0,100,,1545110,54,,,0
3601,'20261002',635,,1467742,54,,,0,70,,1467743,54,,,0,31,,1467744,54,,,0,70,,1467745,54,,,0,29,,1467746,54,,,0,100,,1467747,54,,,0,100,,1467748,54,,,0,100,,1467749,54,,,0,100,,1467750,54,,,0,100,,1467751,54,,,0,100,,1467752,54,,,0,100,,1467753,54,,,0,101,,1467754,54,,,0,100,,1467755,54,,,0,100,,1467756,54,,,0,99,,1467757,54,,,0,100,,1467758,54,,,0,100,,1467759,54,,,0,100,,1467761,54,,,0,100,,1467760,54,,,0
3601,'20261003',635,,1490765,54,,,0,100,,1490748,54,,,0,100,,1490749,54,,,0,100,,1490750,54,,,0,100,,1490751,54,,,0,100,,1490752,54,,,0,100,,1490753,54,,,0,100,,1490754,54,,,0,100,,1490755,54,,,0,100,,1490756,54,,,0,100,,1490757,54,,,0,100,,1490758,54,,,0,100,,1490759,54,,,0,100,,1490760,54,,,0,100,,1490764,54,,,0,100,,1490761,54,,,0,100,,1490763,54,,,0,100,,1490762,54,,,0
3601,'20261004',635,,1490783,54,,,0,100,,1490776,54,,,0,100,,1490781,54,,,0,100,,1490775,54,,,0,100,,1490774,54,,,0,100,,1490773,54,,,0,100,,1490772,54,,,0,100,,1490771,54,,,0,100,,1490770,54,,,0,100,,1490769,54,,,0,100,,1490768,54,,,0,100,,1490767,54,,,0,100,,1490766,54,,,0,100,,1490780,54,,,0,100,,1490782,54,,,0,100,,1490779,54,,,0,100,,1490778,54,,,0,100,,1490777,54,,,0
3601,'20261005',635,,1490784,54,,,0,70,,1490785,54,,,0,31,,1490786,54,,,0,70,,1490787,54,,,0,29,,1490788,54,,,0,100,,1490789,54,,,0,100,,1490790,54,,,0,100,,1490791,54,,,0,100,,1490792,54,,,0,100,,1490793,54,,,0,100,,1490794,54,,,0,100,,1490795,54,,,0,101,,1490796,54,,,0,100,,1490797,54,,,0,100,,1490798,54,,,0,99,,1490799,54,,,0,100,,1490800,54,,,0,100,,1490801,54,,,0,100,,1490803,54,,,0,100,,1490802,54,,,0
3601,'20261006',635,,1515690,54,,,0,70,,1515691,54,,,0,31,,1515692,54,,,0,70,,1515693,54,,,0,29,,1515694,54,,,0,100,,1515695,54,,,0,100,,1515696,54,,,0,100,,1515697,54,,,0,100,,1515698,54,,,0,100,,1515699,54,,,0,100,,1515700,54,,,0,100,,1515701,54,,,0,101,,1515702,54,,,0,100,,1515703,54,,,0,100,,1515704,54,,,0,99,,1515705,54,,,0,100,,1515706,54,,,0,100,,1515707,54,,,0,100,,1515709,54,,,0,100,,1515708,54,,,0
3601,'20261007',635,,1515710,54,,,0,70,,1515711,54,,,0,31,,1515712,54,,,0,70,,1515713,54,,,0,29,,1515714,54,,,0,100,,1515715,54,,,0,100,,1515716,54,,,0,100,,1515717,54,,,0,100,,1515718,54,,,0,100,,1515719,54,,,0,100,,1515720,54,,,0,100,,1515721,54,,,0,101,,1515722,54,,,0,100,,1515723,54,,,0,100,,1515724,54,,,0,99,,1515725,54,,,0,100,,1515726,54,,,0,100,,1515727,54,,,0,100,,1515729,54,,,0,100,,1515728,54,,,0
3601,'20261008',635,,1515730,54,,,0,70,,1515731,54,,,0,31,,1515732,54,,,0,70,,1515733,54,,,0,29,,1515734,54,,,0,100,,1515735,54,,,0,100,,1515736,54,,,0,100,,1515737,54,,,0,100,,1515738,54,,,0,100,,1515739,54,,,0,100,,1515740,54,,,0,100,,1515741,54,,,0,101,,1515742,54,,,0,100,,1515743,54,,,0,100,,1515744,54,,,0,99,,1515745,54,,,0,100,,1515746,54,,,0,100,,1515747,54,,,0,100,,1515749,54,,,0,100,,1515748,54,,,0
3601,'20261009',635,,1515750,54,,,0,70,,1515751,54,,,0,31,,1515752,54,,,0,70,,1515753,54,,,0,29,,1515754,54,,,0,100,,1515755,54,,,0,100,,1515756,54,,,0,100,,1515757,54,,,0,100,,1515758,54,,,0,100,,1515759,54,,,0,100,,1515760,54,,,0,100,,1515761,54,,,0,101,,1515762,54,,,0,100,,1515763,54,,,0,100,,1515764,54,,,0,99,,1515765,54,,,0,100,,1515766,54,,,0,100,,1515767,54,,,0,100,,1515769,54,,,0,100,,1515768,54,,,0
3601,'20261010',635,,1545128,54,,,0,100,,1545111,54,,,0,100,,1545112,54,,,0,100,,1545113,54,,,0,100,,1545114,54,,,0,100,,1545115,54,,,0,100,,1545116,54,,,0,100,,1545117,54,,,0,100,,1545118,54,,,0,100,,1545119,54,,,0,100,,1545120,54,,,0,100,,1545121,54,,,0,100,,1545122,54,,,0,100,,1545123,54,,,0,100,,1545127,54,,,0,100,,1545124,54,,,0,100,,1545126,54,,,0,100,,1545125,54,,,0
3601,'20261011',635,,1545146,54,,,0,100,,1545139,54,,,0,100,,1545144,54,,,0,100,,1545138,54,,,0,100,,1545137,54,,,0,100,,1545136,54,,,0,100,,1545135,54,,,0,100,,1545134,54,,,0,100,,1545133,54,,,0,100,,1545132,54,,,0,100,,1545131,54,,,0,100,,1545130,54,,,0,100,,1545129,54,,,0,100,,1545143,54,,,0,100,,1545145,54,,,0,100,,1545142,54,,,0,100,,1545141,54,,,0,100,,1545140,54,,,0
3601,'20261012',635,,1545164,54,,,0,100,,1545157,54,,,0,100,,1545162,54,,,0,100,,1545156,54,,,0,100,,1545155,54,,,0,100,,1545154,54,,,0,100,,1545153,54,,,0,100,,1545152,54,,,0,100,,1545151,54,,,0,100,,1545150,54,,,0,100,,1545149,54,,,0,100,,1545148,54,,,0,100,,1545147,54,,,0,100,,1545161,54,,,0,100,,1545163,54,,,0,100,,1545160,54,,,0,100,,1545159,54,,,0,100,,1545158,54,,,0
3901,'20260929',634,,1545285,37,,,0,71,,1545286,37,,,0,30,,1545287,37,,,0,70,,1545288,37,,,0,30,,1545289,37,,,0,13,,1545290,37,,,0,87,,1545291,37,,,0,100,,1545292,37,,,0,100,,1545293,37,,,0,100,,1545294,37,,,0,100,,1545295,37,,,0,100,,1545296,37,,,0,100,,1545297,37,,,0,100,,1545298,37,,,0,100,,1545299,37,,,0,100,,1545300,37,,,0,99,,1545301,37,,,0,100,,1545302,37,,,0,100,,1545303,37,,,0,100,,1545304,37,,,0,100,,1545305,37,,,0
3901,'20260930',634,,1545306,37,,,0,71,,1545307,37,,,0,30,,1545308,37,,,0,70,,1545309,37,,,0,30,,1545310,37,,,0,13,,1545311,37,,,0,87,,1545312,37,,,0,100,,1545313,37,,,0,100,,1545314,37,,,0,100,,1545315,37,,,0,100,,1545316,37,,,0,100,,1545317,37,,,0,100,,1545318,37,,,0,100,,1545319,37,,,0,100,,1545320,37,,,0,100,,1545321,37,,,0,99,,1545322,37,,,0,100,,1545323,37,,,0,100,,1545324,37,,,0,100,,1545325,37,,,0,100,,1545326,37,,,0
3901,'20261001',634,,1545327,37,,,0,71,,1545328,37,,,0,30,,1545329,37,,,0,70,,1545330,37,,,0,30,,1545331,37,,,0,13,,1545332,37,,,0,87,,1545333,37,,,0,100,,1545334,37,,,0,100,,1545335,37,,,0,100,,1545336,37,,,0,100,,1545337,37,,,0,100,,1545338,37,,,0,100,,1545339,37,,,0,100,,1545340,37,,,0,100,,1545341,37,,,0,100,,1545342,37,,,0,99,,1545343,37,,,0,100,,1545344,37,,,0,100,,1545345,37,,,0,100,,1545346,37,,,0,100,,1545347,37,,,0
3901,'20261002',634,,1467983,37,,,0,71,,1467984,37,,,0,30,,1467985,37,,,0,70,,1467986,37,,,0,30,,1467987,37,,,0,13,,1468002,37,,,0,87,,1467988,37,,,0,100,,1467989,37,,,0,100,,1467990,37,,,0,100,,1467991,37,,,0,100,,1467992,37,,,0,100,,1467993,37,,,0,100,,1467994,37,,,0,100,,1468001,37,,,0,100,,1467995,37,,,0,100,,1467996,37,,,0,99,,1467997,37,,,0,100,,1467998,37,,,0,100,,1467999,37,,,0,100,,1468003,37,,,0,100,,1468000,37,,,0
3901,'20261003',734,,1490988,37,,,0,100,,1490989,37,,,0,100,,1490990,37,,,0,100,,1490991,37,,,0,100,,1490992,37,,,0,100,,1490993,37,,,0,100,,1490994,37,,,0,100,,1490995,37,,,0,100,,1490996,37,,,0,100,,1490997,37,,,0,100,,1490998,37,,,0,100,,1490999,37,,,0,100,,1491000,37,,,0,100,,1491003,37,,,0,100,,1491001,37,,,0,100,,1491004,37,,,0,100,,1491002,37,,,0
3901,'20261004',734,,1491019,37,,,0,100,,1491005,37,,,0,100,,1491020,37,,,0,100,,1491006,37,,,0,100,,1491007,37,,,0,100,,1491008,37,,,0,100,,1491009,37,,,0,100,,1491010,37,,,0,100,,1491011,37,,,0,100,,1491012,37,,,0,100,,1491013,37,,,0,100,,1491014,37,,,0,100,,1491015,37,,,0,100,,1491018,37,,,0,100,,1491016,37,,,0,100,,1491021,37,,,0,100,,1491017,37,,,0
3901,'20261005',634,,1491022,37,,,0,71,,1491023,37,,,0,30,,1491024,37,,,0,70,,1491025,37,,,0,30,,1491026,37,,,0,13,,1491041,37,,,0,87,,1491027,37,,,0,100,,1491028,37,,,0,100,,1491029,37,,,0,100,,1491030,37,,,0,100,,1491031,37,,,0,100,,1491032,37,,,0,100,,1491033,37,,,0,100,,1491040,37,,,0,100,,1491034,37,,,0,100,,1491035,37,,,0,99,,1491036,37,,,0,100,,1491037,37,,,0,100,,1491038,37,,,0,100,,1491042,37,,,0,100,,1491039,37,,,0
3901,'20261006',634,,1516014,37,,,0,71,,1516015,37,,,0,30,,1516016,37,,,0,70,,1516017,37,,,0,30,,1516018,37,,,0,13,,1516033,37,,,0,87,,1516019,37,,,0,100,,1516020,37,,,0,100,,1516021,37,,,0,100,,1516022,37,,,0,100,,1516023,37,,,0,100,,1516024,37,,,0,100,,1516025,37,,,0,100,,1516032,37,,,0,100,,1516026,37,,,0,100,,1516027,37,,,0,99,,1516028,37,,,0,100,,1516029,37,,,0,100,,1516030,37,,,0,100,,1516034,37,,,0,100,,1516031,37,,,0
3901,'20261007',634,,1516035,37,,,0,71,,1516036,37,,,0,30,,1516037,37,,,0,70,,1516038,37,,,0,30,,1516039,37,,,0,13,,1516054,37,,,0,87,,1516040,37,,,0,100,,1516041,37,,,0,100,,1516042,37,,,0,100,,1516043,37,,,0,100,,1516044,37,,,0,100,,1516045,37,,,0,100,,1516046,37,,,0,100,,1516053,37,,,0,100,,1516047,37,,,0,100,,1516048,37,,,0,99,,1516049,37,,,0,100,,1516050,37,,,0,100,,1516051,37,,,0,100,,1516055,37,,,0,100,,1516052,37,,,0
3901,'20261008',634,,1516056,37,,,0,71,,1516057,37,,,0,30,,1516058,37,,,0,70,,1516059,37,,,0,30,,1516060,37,,,0,13,,1516075,37,,,0,87,,1516061,37,,,0,100,,1516062,37,,,0,100,,1516063,37,,,0,100,,1516064,37,,,0,100,,1516065,37,,,0,100,,1516066,37,,,0,100,,1516067,37,,,0,100,,1516074,37,,,0,100,,1516068,37,,,0,100,,1516069,37,,,0,99,,1516070,37,,,0,100,,1516071,37,,,0,100,,1516072,37,,,0,100,,1516076,37,,,0,100,,1516073,37,,,0
3901,'20261009',634,,1516077,37,,,0,71,,1516078,37,,,0,30,,1516079,37,,,0,70,,1516080,37,,,0,30,,1516081,37,,,0,13,,1516096,37,,,0,87,,1516082,37,,,0,100,,1516083,37,,,0,100,,1516084,37,,,0,100,,1516085,37,,,0,100,,1516086,37,,,0,100,,1516087,37,,,0,100,,1516088,37,,,0,100,,1516095,37,,,0,100,,1516089,37,,,0,100,,1516090,37,,,0,99,,1516091,37,,,0,100,,1516092,37,,,0,100,,1516093,37,,,0,100,,1516097,37,,,0,100,,1516094,37,,,0
3901,'20261010',734,,1545348,37,,,0,100,,1545349,37,,,0,100,,1545350,37,,,0,100,,1545351,37,,,0,100,,1545352,37,,,0,100,,1545353,37,,,0,100,,1545354,37,,,0,100,,1545355,37,,,0,100,,1545356,37,,,0,100,,1545357,37,,,0,100,,1545358,37,,,0,100,,1545359,37,,,0,100,,1545360,37,,,0,100,,1545363,37,,,0,100,,1545361,37,,,0,100,,1545364,37,,,0,100,,1545362,37,,,0
3901,'20261011',734,,1545379,37,,,0,100,,1545365,37,,,0,100,,1545380,37,,,0,100,,1545366,37,,,0,100,,1545367,37,,,0,100,,1545368,37,,,0,100,,1545369,37,,,0,100,,1545370,37,,,0,100,,1545371,37,,,0,100,,1545372,37,,,0,100,,1545373,37,,,0,100,,1545374,37,,,0,100,,1545375,37,,,0,100,,1545378,37,,,0,100,,1545376,37,,,0,100,,1545381,37,,,0,100,,1545377,37,,,0
3901,'20261012',734,,1545396,37,,,0,100,,1545382,37,,,0,100,,1545397,37,,,0,100,,1545383,37,,,0,100,,1545384,37,,,0,100,,1545385,37,,,0,100,,1545386,37,,,0,100,,1545387,37,,,0,100,,1545388,37,,,0,100,,1545389,37,,,0,100,,1545390,37,,,0,100,,1545391,37,,,0,100,,1545392,37,,,0,100,,1545395,37,,,0,100,,1545393,37,,,0,100,,1545398,37,,,0,100,,1545394,37,,,0
5201,'20260929',604,,1545732,2,,,0,30,,1545733,2,,,0,70,,1545734,2,,,0,31,,1545735,2,,,0,69,,1545736,2,,,0,30,,1545737,2,,,0,70,,1545738,2,,,0,100,,1545739,2,,,0,100,,1545740,2,,,0,100,,1545741,2,,,0,100,,1545742,2,,,0,100,,1545743,2,,,0,100,,1545744,2,,,0,30,,1545745,2,,,0,71,,1545746,2,,,0,30,,1545747,2,,,0,69,,1545748,2,,,0,30,,1545749,2,,,0,70,,1545750,2,,,0,100,,1545751,2,,,0,100,,1545752,2,,,0,100,,1545753,2,,,0,100,,1545754,2,,,0,100,,1545755,2,,,0
5201,'20260930',604,,1545756,2,,,0,30,,1545757,2,,,0,70,,1545758,2,,,0,31,,1545759,2,,,0,69,,1545760,2,,,0,30,,1545761,2,,,0,70,,1545762,2,,,0,100,,1545763,2,,,0,100,,1545764,2,,,0,100,,1545765,2,,,0,100,,1545766,2,,,0,100,,1545767,2,,,0,100,,1545768,2,,,0,30,,1545769,2,,,0,71,,1545770,2,,,0,30,,1545771,2,,,0,69,,1545772,2,,,0,30,,1545773,2,,,0,70,,1545774,2,,,0,100,,1545775,2,,,0,100,,1545776,2,,,0,100,,1545777,2,,,0,100,,1545778,2,,,0,100,,1545779,2,,,0
5201,'20261001',604,,1545780,2,,,0,30,,1545781,2,,,0,70,,1545782,2,,,0,31,,1545783,2,,,0,69,,1545784,2,,,0,30,,1545785,2,,,0,70,,1545786,2,,,0,100,,1545787,2,,,0,100,,1545788,2,,,0,100,,1545789,2,,,0,100,,1545790,2,,,0,100,,1545791,2,,,0,100,,1545792,2,,,0,30,,1545793,2,,,0,71,,1545794,2,,,0,30,,1545795,2,,,0,69,,1545796,2,,,0,30,,1545797,2,,,0,70,,1545798,2,,,0,100,,1545799,2,,,0,100,,1545800,2,,,0,100,,1545801,2,,,0,100,,1545802,2,,,0,100,,1545803,2,,,0
5201,'20261002',604,,1468475,2,,,0,30,,1468452,2,,,0,70,,1468453,2,,,0,31,,1468454,2,,,0,69,,1468455,2,,,0,30,,1468456,2,,,0,70,,1468457,2,,,0,100,,1468474,2,,,0,100,,1468458,2,,,0,100,,1468459,2,,,0,100,,1468460,2,,,0,100,,1468461,2,,,0,100,,1468462,2,,,0,30,,1468463,2,,,0,71,,1468464,2,,,0,30,,1468465,2,,,0,69,,1468466,2,,,0,30,,1468467,2,,,0,70,,1468468,2,,,0,100,,1468469,2,,,0,100,,1468470,2,,,0,100,,1468471,2,,,0,100,,1468472,2,,,0,100,,1468473,2,,,0
5201,'20261003',704,,1491457,2,,,0,100,,1491458,2,,,0,100,,1491459,2,,,0,100,,1491460,2,,,0,100,,1491461,2,,,0,100,,1491462,2,,,0,100,,1491463,2,,,0,100,,1491464,2,,,0,100,,1491465,2,,,0,100,,1491466,2,,,0,100,,1491467,2,,,0,100,,1491468,2,,,0,100,,1491469,2,,,0,100,,1491472,2,,,0,100,,1491470,2,,,0,100,,1491473,2,,,0,100,,1491471,2,,,0
5201,'20261004',704,,1491483,2,,,0,100,,1491482,2,,,0,100,,1491490,2,,,0,100,,1491476,2,,,0,100,,1491481,2,,,0,100,,1491485,2,,,0,100,,1491477,2,,,0,100,,1491487,2,,,0,100,,1491479,2,,,0,100,,1491484,2,,,0,100,,1491488,2,,,0,100,,1491486,2,,,0,100,,1491480,2,,,0,100,,1491475,2,,,0,100,,1491489,2,,,0,100,,1491474,2,,,0,100,,1491478,2,,,0
5201,'20261005',604,,1491514,2,,,0,30,,1491491,2,,,0,70,,1491492,2,,,0,31,,1491493,2,,,0,69,,1491494,2,,,0,30,,1491495,2,,,0,70,,1491496,2,,,0,100,,1491513,2,,,0,100,,1491497,2,,,0,100,,1491498,2,,,0,100,,1491499,2,,,0,100,,1491500,2,,,0,100,,1491501,2,,,0,30,,1491502,2,,,0,71,,1491503,2,,,0,30,,1491504,2,,,0,69,,1491505,2,,,0,30,,1491506,2,,,0,70,,1491507,2,,,0,100,,1491508,2,,,0,100,,1491509,2,,,0,100,,1491510,2,,,0,100,,1491511,2,,,0,100,,1491512,2,,,0
5201,'20261006',604,,1516665,2,,,0,30,,1516642,2,,,0,70,,1516643,2,,,0,31,,1516644,2,,,0,69,,1516645,2,,,0,30,,1516646,2,,,0,70,,1516647,2,,,0,100,,1516664,2,,,0,100,,1516648,2,,,0,100,,1516649,2,,,0,100,,1516650,2,,,0,100,,1516651,2,,,0,100,,1516652,2,,,0,30,,1516653,2,,,0,71,,1516654,2,,,0,30,,1516655,2,,,0,69,,1516656,2,,,0,30,,1516657,2,,,0,70,,1516658,2,,,0,100,,1516659,2,,,0,100,,1516660,2,,,0,100,,1516661,2,,,0,100,,1516662,2,,,0,100,,1516663,2,,,0
5201,'20261007',604,,1516689,2,,,0,30,,1516666,2,,,0,70,,1516667,2,,,0,31,,1516668,2,,,0,69,,1516669,2,,,0,30,,1516670,2,,,0,70,,1516671,2,,,0,100,,1516688,2,,,0,100,,1516672,2,,,0,100,,1516673,2,,,0,100,,1516674,2,,,0,100,,1516675,2,,,0,100,,1516676,2,,,0,30,,1516677,2,,,0,71,,1516678,2,,,0,30,,1516679,2,,,0,69,,1516680,2,,,0,30,,1516681,2,,,0,70,,1516682,2,,,0,100,,1516683,2,,,0,100,,1516684,2,,,0,100,,1516685,2,,,0,100,,1516686,2,,,0,100,,1516687,2,,,0
5201,'20261008',604,,1516713,2,,,0,30,,1516690,2,,,0,70,,1516691,2,,,0,31,,1516692,2,,,0,69,,1516693,2,,,0,30,,1516694,2,,,0,70,,1516695,2,,,0,100,,1516712,2,,,0,100,,1516696,2,,,0,100,,1516697,2,,,0,100,,1516698,2,,,0,100,,1516699,2,,,0,100,,1516700,2,,,0,30,,1516701,2,,,0,71,,1516702,2,,,0,30,,1516703,2,,,0,69,,1516704,2,,,0,30,,1516705,2,,,0,70,,1516706,2,,,0,100,,1516707,2,,,0,100,,1516708,2,,,0,100,,1516709,2,,,0,100,,1516710,2,,,0,100,,1516711,2,,,0
5201,'20261009',604,,1516737,2,,,0,30,,1516714,2,,,0,70,,1516715,2,,,0,31,,1516716,2,,,0,69,,1516717,2,,,0,30,,1516718,2,,,0,70,,1516719,2,,,0,100,,1516736,2,,,0,100,,1516720,2,,,0,100,,1516721,2,,,0,100,,1516722,2,,,0,100,,1516723,2,,,0,100,,1516724,2,,,0,30,,1516725,2,,,0,71,,1516726,2,,,0,30,,1516727,2,,,0,69,,1516728,2,,,0,30,,1516729,2,,,0,70,,1516730,2,,,0,100,,1516731,2,,,0,100,,1516732,2,,,0,100,,1516733,2,,,0,100,,1516734,2,,,0,100,,1516735,2,,,0
5201,'20261010',704,,1545804,2,,,0,100,,1545805,2,,,0,100,,1545806,2,,,0,100,,1545807,2,,,0,100,,1545808,2,,,0,100,,1545809,2,,,0,100,,1545810,2,,,0,100,,1545811,2,,,0,100,,1545812,2,,,0,100,,1545813,2,,,0,100,,1545814,2,,,0,100,,1545815,2,,,0,100,,1545816,2,,,0,100,,1545819,2,,,0,100,,1545817,2,,,0,100,,1545820,2,,,0,100,,1545818,2,,,0
5201,'20261011',704,,1545830,2,,,0,100,,1545829,2,,,0,100,,1545837,2,,,0,100,,1545823,2,,,0,100,,1545828,2,,,0,100,,1545832,2,,,0,100,,1545824,2,,,0,100,,1545834,2,,,0,100,,1545826,2,,,0,100,,1545831,2,,,0,100,,1545835,2,,,0,100,,1545833,2,,,0,100,,1545827,2,,,0,100,,1545822,2,,,0,100,,1545836,2,,,0,100,,1545821,2,,,0,100,,1545825,2,,,0
5201,'20261012',704,,1545847,2,,,0,100,,1545846,2,,,0,100,,1545854,2,,,0,100,,1545840,2,,,0,100,,1545845,2,,,0,100,,1545849,2,,,0,100,,1545841,2,,,0,100,,1545851,2,,,0,100,,1545843,2,,,0,100,,1545848,2,,,0,100,,1545852,2,,,0,100,,1545850,2,,,0,100,,1545844,2,,,0,100,,1545839,2,,,0,100,,1545853,2,,,0,100,,1545838,2,,,0,100,,1545842,2,,,0
5902,'20260929',705,,1547181,2,,,0,100,,1547182,2,,,0,30,,1547183,2,,,0,70,,1547184,2,,,0,100,,1547185,2,,,0,100,,1547186,2,,,0,100,,1547187,2,,,0,100,,1547188,2,,,0,100,,1547189,2,,,0,100,,1547190,2,,,0,100,,1547191,2,,,0,100,,1547192,2,,,0,100,,1547193,2,,,0,100,,1547194,2,,,0,100,,1547195,2,,,0,100,,1547196,2,,,0,99,,1547197,2,,,0,100,,1547198,2,,,0
5902,'20260930',705,,1547200,2,,,0,100,,1547201,2,,,0,30,,1547199,2,,,0,70,,1547202,2,,,0,100,,1547203,2,,,0,100,,1547204,2,,,0,100,,1547205,2,,,0,100,,1547206,2,,,0,100,,1547207,2,,,0,100,,1547208,2,,,0,100,,1547209,2,,,0,100,,1547210,2,,,0,100,,1547211,2,,,0,100,,1547212,2,,,0,100,,1547213,2,,,0,100,,1547214,2,,,0,99,,1547215,2,,,0,100,,1547216,2,,,0
5902,'20261001',705,,1547218,2,,,0,100,,1547219,2,,,0,30,,1547217,2,,,0,70,,1547220,2,,,0,100,,1547221,2,,,0,100,,1547222,2,,,0,100,,1547223,2,,,0,100,,1547224,2,,,0,100,,1547225,2,,,0,100,,1547226,2,,,0,100,,1547227,2,,,0,100,,1547228,2,,,0,100,,1547229,2,,,0,100,,1547230,2,,,0,100,,1547231,2,,,0,100,,1547232,2,,,0,99,,1547233,2,,,0,100,,1547234,2,,,0
5902,'20261002',705,,1469950,2,,,0,100,,1469951,2,,,0,30,,1469967,2,,,0,70,,1469952,2,,,0,100,,1469953,2,,,0,100,,1469954,2,,,0,100,,1469955,2,,,0,100,,1469956,2,,,0,100,,1469957,2,,,0,100,,1469958,2,,,0,100,,1469959,2,,,0,100,,1469960,2,,,0,100,,1469961,2,,,0,100,,1469962,2,,,0,100,,1469963,2,,,0,100,,1469964,2,,,0,99,,1469965,2,,,0,100,,1469966,2,,,0
5902,'20261003',804,,1492963,2,,,0,100,,1492964,2,,,0,101,,1492965,2,,,0,100,,1492966,2,,,0,100,,1492967,2,,,0,100,,1492968,2,,,0,100,,1492969,2,,,0,104,,1492970,2,,,0,96,,1492971,2,,,0,100,,1492972,2,,,0,99,,1492973,2,,,0,100,,1492974,2,,,0,100,,1492975,2,,,0,100,,1492976,2,,,0,100,,1492977,2,,,0
5902,'20261004',804,,1492978,2,,,0,100,,1492979,2,,,0,101,,1492980,2,,,0,100,,1492981,2,,,0,100,,1492982,2,,,0,100,,1492983,2,,,0,100,,1492984,2,,,0,104,,1492985,2,,,0,96,,1492986,2,,,0,100,,1492987,2,,,0,99,,1492988,2,,,0,100,,1492989,2,,,0,100,,1492990,2,,,0,100,,1492991,2,,,0,100,,1492992,2,,,0
5902,'20261005',705,,1492993,2,,,0,100,,1492994,2,,,0,30,,1493010,2,,,0,70,,1492995,2,,,0,100,,1492996,2,,,0,100,,1492997,2,,,0,100,,1492998,2,,,0,100,,1492999,2,,,0,100,,1493000,2,,,0,100,,1493001,2,,,0,100,,1493002,2,,,0,100,,1493003,2,,,0,100,,1493004,2,,,0,100,,1493005,2,,,0,100,,1493006,2,,,0,100,,1493007,2,,,0,99,,1493008,2,,,0,100,,1493009,2,,,0
5902,'20261006',705,,1518704,2,,,0,100,,1518705,2,,,0,30,,1518721,2,,,0,70,,1518706,2,,,0,100,,1518707,2,,,0,100,,1518708,2,,,0,100,,1518709,2,,,0,100,,1518710,2,,,0,100,,1518711,2,,,0,100,,1518712,2,,,0,100,,1518713,2,,,0,100,,1518714,2,,,0,100,,1518715,2,,,0,100,,1518716,2,,,0,100,,1518717,2,,,0,100,,1518718,2,,,0,99,,1518719,2,,,0,100,,1518720,2,,,0
5902,'20261007',705,,1518722,2,,,0,100,,1518723,2,,,0,30,,1518739,2,,,0,70,,1518724,2,,,0,100,,1518725,2,,,0,100,,1518726,2,,,0,100,,1518727,2,,,0,100,,1518728,2,,,0,100,,1518729,2,,,0,100,,1518730,2,,,0,100,,1518731,2,,,0,100,,1518732,2,,,0,100,,1518733,2,,,0,100,,1518734,2,,,0,100,,1518735,2,,,0,100,,1518736,2,,,0,99,,1518737,2,,,0,100,,1518738,2,,,0
5902,'20261008',705,,1518740,2,,,0,100,,1518741,2,,,0,30,,1518757,2,,,0,70,,1518742,2,,,0,100,,1518743,2,,,0,100,,1518744,2,,,0,100,,1518745,2,,,0,100,,1518746,2,,,0,100,,1518747,2,,,0,100,,1518748,2,,,0,100,,1518749,2,,,0,100,,1518750,2,,,0,100,,1518751,2,,,0,100,,1518752,2,,,0,100,,1518753,2,,,0,100,,1518754,2,,,0,99,,1518755,2,,,0,100,,1518756,2,,,0
5902,'20261009',705,,1518758,2,,,0,100,,1518759,2,,,0,30,,1518775,2,,,0,70,,1518760,2,,,0,100,,1518761,2,,,0,100,,1518762,2,,,0,100,,1518763,2,,,0,100,,1518764,2,,,0,100,,1518765,2,,,0,100,,1518766,2,,,0,100,,1518767,2,,,0,100,,1518768,2,,,0,100,,1518769,2,,,0,100,,1518770,2,,,0,100,,1518771,2,,,0,100,,1518772,2,,,0,99,,1518773,2,,,0,100,,1518774,2,,,0
5902,'20261010',804,,1547235,2,,,0,100,,1547236,2,,,0,101,,1547237,2,,,0,100,,1547238,2,,,0,100,,1547239,2,,,0,100,,1547240,2,,,0,100,,1547241,2,,,0,104,,1547242,2,,,0,96,,1547243,2,,,0,100,,1547244,2,,,0,99,,1547245,2,,,0,100,,1547246,2,,,0,100,,1547247,2,,,0,100,,1547248,2,,,0,100,,1547249,2,,,0
5902,'20261011',804,,1547250,2,,,0,100,,1547251,2,,,0,101,,1547252,2,,,0,100,,1547253,2,,,0,100,,1547254,2,,,0,100,,1547255,2,,,0,100,,1547256,2,,,0,104,,1547257,2,,,0,96,,1547258,2,,,0,100,,1547259,2,,,0,99,,1547260,2,,,0,100,,1547261,2,,,0,100,,1547262,2,,,0,100,,1547263,2,,,0,100,,1547264,2,,,0
5902,'20261012',804,,1547265,2,,,0,100,,1547266,2,,,0,101,,1547267,2,,,0,100,,1547268,2,,,0,100,,1547269,2,,,0,100,,1547270,2,,,0,100,,1547271,2,,,0,104,,1547272,2,,,0,96,,1547273,2,,,0,100,,1547274,2,,,0,99,,1547275,2,,,0,100,,1547276,2,,,0,100,,1547277,2,,,0,100,,1547278,2,,,0,100,,1547279,2,,,0
