1102,'20261002',622,,1564627,26,,,1,16,,1564628,26,,,1,12,,1564629,26,,,1,8,,1564630,26,,,1,50,,1564631,26,,,1,12,,1564632,26,,,1,8,,1564626,26,,,1,2,,1564633,26,,,1,11,,1564634,26,,,1,11,,1564635,26,,,1,57,,1564636,26,,,1,13,,1564637,26,,,1,15,,1564638,26,,,1,17,,1564639,26,,,1,71,,1564640,26,,,1,30,,1564641,26,,,1,69,,1564642,26,,,1,30,,1564643,26,,,1,70,,1564644,26,,,1,30,,1564645,26,,,1,71,,1564646,26,,,1,30,,1564647,26,,,1,70,,1564648,26,,,1,30,,1564649,26,,,1,69,,1564650,26,,,1,29,,1564651,26,,,1,54,,1564652,26,,,1,14,,1564653,26,,,1,15,,1564654,26,,,1,15,,1564655,26,,,1,56,,1564656,26,,,1,14,,1564657,26,,,1,17,,1564658,26,,,1,15,,1564659,26,,,1,70,,1564660,26,,,1,30,,1564661,26,,,1,71,,1564662,26,,,1,29,,1564663,26,,,1,69,,1564664,26,,,1,29,,1564665,26,,,1,99,,1564666,26,,,1,99,,1564667,26,,,1,99,,1564668,26,,,1,100,,1564669,26,,,1
1102,'20261003',552,,1564670,26,,,1,100,,1564671,26,,,1,100,,1564672,26,,,1,70,,1564673,26,,,1,30,,1564674,26,,,1,71,,1564675,26,,,1,30,,1564676,26,,,1,70,,1564677,26,,,1,30,,1564678,26,,,1,70,,1564679,26,,,1,30,,1564680,26,,,1,70,,1564681,26,,,1,29,,1564682,26,,,1,72,,1564683,26,,,1,28,,1564684,26,,,1,70,,1564685,26,,,1,29,,1564686,26,,,1,74,,1564687,26,,,1,27,,1564688,26,,,1,72,,1564689,26,,,1,30,,1564690,26,,,1,71,,1564691,26,,,1,30,,1564692,26,,,1,70,,1564693,26,,,1,29,,1564694,26,,,1,70,,1564695,26,,,1,29,,1564696,26,,,1,99,,1564697,26,,,1,100,,1564698,26,,,1,100,,1564699,26,,,1,100,,1564700,26,,,1
1102,'20261004',552,,1564701,26,,,1,100,,1564702,26,,,1,100,,1564703,26,,,1,70,,1564704,26,,,1,30,,1564705,26,,,1,71,,1564706,26,,,1,30,,1564707,26,,,1,70,,1564708,26,,,1,30,,1564709,26,,,1,70,,1564710,26,,,1,30,,1564711,26,,,1,70,,1564712,26,,,1,29,,1564713,26,,,1,72,,1564714,26,,,1,28,,1564715,26,,,1,70,,1564716,26,,,1,29,,1564717,26,,,1,74,,1564718,26,,,1,27,,1564719,26,,,1,72,,1564720,26,,,1,30,,1564721,26,,,1,71,,1564722,26,,,1,30,,1564723,26,,,1,70,,1564724,26,,,1,29,,1564725,26,,,1,70,,1564726,26,,,1,29,,1564727,26,,,1,99,,1564728,26,,,1,100,,1564729,26,,,1,100,,1564730,26,,,1,100,,1564731,26,,,1
1102,'20261005',622,,1564732,26,,,1,16,,1564733,26,,,1,12,,1564734,26,,,1,8,,1564735,26,,,1,50,,1564736,26,,,1,12,,1564737,26,,,1,8,,1564775,26,,,1,2,,1564738,26,,,1,9,,1564776,26,,,1,2,,1564739,26,,,1,11,,1564740,26,,,1,57,,1564741,26,,,1,13,,1564742,26,,,1,15,,1564743,26,,,1,17,,1564744,26,,,1,71,,1564745,26,,,1,30,,1564746,26,,,1,69,,1564747,26,,,1,30,,1564748,26,,,1,70,,1564749,26,,,1,30,,1564750,26,,,1,71,,1564751,26,,,1,30,,1564752,26,,,1,70,,1564753,26,,,1,30,,1564754,26,,,1,69,,1564755,26,,,1,29,,1564756,26,,,1,54,,1564757,26,,,1,14,,1564758,26,,,1,15,,1564759,26,,,1,15,,1564760,26,,,1,56,,1564761,26,,,1,14,,1564762,26,,,1,17,,1564763,26,,,1,15,,1564764,26,,,1,70,,1564765,26,,,1,30,,1564766,26,,,1,71,,1564767,26,,,1,29,,1564768,26,,,1,69,,1564769,26,,,1,29,,1564770,26,,,1,99,,1564771,26,,,1,99,,1564772,26,,,1,99,,1564773,26,,,1,100,,1564774,26,,,1
1102,'20261006',622,,1511504,26,,,1,16,,1511508,26,,,1,12,,1511513,26,,,1,8,,1511506,26,,,1,50,,1511502,26,,,1,12,,1511505,26,,,1,10,,1511500,26,,,1,11,,1511499,26,,,1,11,,1511501,26,,,1,57,,1511503,26,,,1,13,,1511514,26,,,1,15,,1511507,26,,,1,17,,1511509,26,,,1,71,,1511511,26,,,1,30,,1511510,26,,,1,69,,1511512,26,,,1,30,,1511534,26,,,1,70,,1511519,26,,,1,30,,1511531,26,,,1,71,,1511536,26,,,1,30,,1511518,26,,,1,70,,1511522,26,,,1,30,,1511532,26,,,1,69,,1511533,26,,,1,29,,1511525,26,,,1,54,,1511535,26,,,1,14,,1511528,26,,,1,15,,1511515,26,,,1,15,,1511537,26,,,1,56,,1511516,26,,,1,14,,1511520,26,,,1,17,,1511538,26,,,1,15,,1511517,26,,,1,70,,1511526,26,,,1,30,,1511530,26,,,1,71,,1511521,26,,,1,29,,1511540,26,,,1,69,,1511529,26,,,1,29,,1511523,26,,,1,99,,1511527,26,,,1,99,,1511539,26,,,1,99,,1511524,26,,,1,100,,1511541,26,,,1
1102,'20261007',622,,1511547,26,,,1,16,,1511551,26,,,1,12,,1511556,26,,,1,8,,1511549,26,,,1,50,,1511545,26,,,1,12,,1511548,26,,,1,10,,1511543,26,,,1,11,,1511542,26,,,1,11,,1511544,26,,,1,57,,1511546,26,,,1,13,,1511557,26,,,1,15,,1511550,26,,,1,17,,1511552,26,,,1,71,,1511554,26,,,1,30,,1511553,26,,,1,69,,1511555,26,,,1,30,,1511577,26,,,1,70,,1511562,26,,,1,30,,1511574,26,,,1,71,,1511579,26,,,1,30,,1511561,26,,,1,70,,1511565,26,,,1,30,,1511575,26,,,1,69,,1511576,26,,,1,29,,1511568,26,,,1,54,,1511578,26,,,1,14,,1511571,26,,,1,15,,1511558,26,,,1,15,,1511580,26,,,1,56,,1511559,26,,,1,14,,1511563,26,,,1,17,,1511581,26,,,1,15,,1511560,26,,,1,70,,1511569,26,,,1,30,,1511573,26,,,1,71,,1511564,26,,,1,29,,1511583,26,,,1,69,,1511572,26,,,1,29,,1511566,26,,,1,99,,1511570,26,,,1,99,,1511582,26,,,1,99,,1511567,26,,,1,100,,1511584,26,,,1
1102,'20261008',622,,1511590,26,,,1,16,,1511594,26,,,1,12,,1511599,26,,,1,8,,1511592,26,,,1,50,,1511588,26,,,1,12,,1511591,26,,,1,10,,1511586,26,,,1,11,,1511585,26,,,1,11,,1511587,26,,,1,57,,1511589,26,,,1,13,,1511600,26,,,1,15,,1511593,26,,,1,17,,1511595,26,,,1,71,,1511597,26,,,1,30,,1511596,26,,,1,69,,1511598,26,,,1,30,,1511620,26,,,1,70,,1511605,26,,,1,30,,1511617,26,,,1,71,,1511622,26,,,1,30,,1511604,26,,,1,70,,1511608,26,,,1,30,,1511618,26,,,1,69,,1511619,26,,,1,29,,1511611,26,,,1,54,,1511621,26,,,1,14,,1511614,26,,,1,15,,1511601,26,,,1,15,,1511623,26,,,1,56,,1511602,26,,,1,14,,1511606,26,,,1,17,,1511624,26,,,1,15,,1511603,26,,,1,70,,1511612,26,,,1,30,,1511616,26,,,1,71,,1511607,26,,,1,29,,1511626,26,,,1,69,,1511615,26,,,1,29,,1511609,26,,,1,99,,1511613,26,,,1,99,,1511625,26,,,1,99,,1511610,26,,,1,100,,1511627,26,,,1
1102,'20261009',622,,1511633,26,,,1,16,,1511637,26,,,1,12,,1511642,26,,,1,8,,1511635,26,,,1,50,,1511631,26,,,1,12,,1511634,26,,,1,10,,1511629,26,,,1,11,,1511628,26,,,1,11,,1511630,26,,,1,57,,1511632,26,,,1,13,,1511643,26,,,1,15,,1511636,26,,,1,17,,1511638,26,,,1,71,,1511640,26,,,1,30,,1511639,26,,,1,69,,1511641,26,,,1,30,,1511663,26,,,1,70,,1511648,26,,,1,30,,1511660,26,,,1,71,,1511665,26,,,1,30,,1511647,26,,,1,70,,1511651,26,,,1,30,,1511661,26,,,1,69,,1511662,26,,,1,29,,1511654,26,,,1,54,,1511664,26,,,1,14,,1511657,26,,,1,15,,1511644,26,,,1,15,,1511666,26,,,1,56,,1511645,26,,,1,14,,1511649,26,,,1,17,,1511667,26,,,1,15,,1511646,26,,,1,70,,1511655,26,,,1,30,,1511659,26,,,1,71,,1511650,26,,,1,29,,1511669,26,,,1,69,,1511658,26,,,1,29,,1511652,26,,,1,99,,1511656,26,,,1,99,,1511668,26,,,1,99,,1511653,26,,,1,100,,1511670,26,,,1
1102,'20261010',552,,1542355,26,,,1,100,,1542356,26,,,1,100,,1542357,26,,,1,70,,1542358,26,,,1,30,,1542359,26,,,1,71,,1542360,26,,,1,30,,1542361,26,,,1,70,,1542362,26,,,1,30,,1542363,26,,,1,70,,1542364,26,,,1,30,,1542365,26,,,1,70,,1542366,26,,,1,29,,1542367,26,,,1,72,,1542368,26,,,1,28,,1542369,26,,,1,70,,1542370,26,,,1,29,,1542371,26,,,1,74,,1542372,26,,,1,27,,1542373,26,,,1,72,,1542374,26,,,1,30,,1542375,26,,,1,71,,1542376,26,,,1,30,,1542377,26,,,1,70,,1542383,26,,,1,29,,1542378,26,,,1,70,,1542382,26,,,1,29,,1542379,26,,,1,99,,1542380,26,,,1,100,,1542381,26,,,1,100,,1542354,26,,,1,100,,1542384,26,,,1
1102,'20261011',552,,1542386,26,,,1,100,,1542387,26,,,1,100,,1542388,26,,,1,70,,1542389,26,,,1,30,,1542390,26,,,1,71,,1542391,26,,,1,30,,1542392,26,,,1,70,,1542393,26,,,1,30,,1542394,26,,,1,70,,1542395,26,,,1,30,,1542396,26,,,1,70,,1542397,26,,,1,29,,1542398,26,,,1,72,,1542399,26,,,1,28,,1542400,26,,,1,70,,1542401,26,,,1,29,,1542402,26,,,1,74,,1542403,26,,,1,27,,1542404,26,,,1,72,,1542405,26,,,1,30,,1542406,26,,,1,71,,1542407,26,,,1,30,,1542408,26,,,1,70,,1542409,26,,,1,29,,1542411,26,,,1,70,,1542410,26,,,1,29,,1542412,26,,,1,99,,1542413,26,,,1,100,,1542414,26,,,1,100,,1542415,26,,,1,100,,1542385,26,,,1
1102,'20261012',552,,1542417,26,,,1,100,,1542418,26,,,1,100,,1542419,26,,,1,70,,1542420,26,,,1,30,,1542421,26,,,1,71,,1542422,26,,,1,30,,1542423,26,,,1,70,,1542424,26,,,1,30,,1542425,26,,,1,70,,1542426,26,,,1,30,,1542427,26,,,1,70,,1542428,26,,,1,29,,1542429,26,,,1,72,,1542430,26,,,1,28,,1542431,26,,,1,70,,1542432,26,,,1,29,,1542433,26,,,1,74,,1542434,26,,,1,27,,1542435,26,,,1,72,,1542436,26,,,1,30,,1542437,26,,,1,71,,1542438,26,,,1,30,,1542439,26,,,1,70,,1542440,26,,,1,29,,1542442,26,,,1,70,,1542441,26,,,1,29,,1542443,26,,,1,99,,1542444,26,,,1,100,,1542445,26,,,1,100,,1542446,26,,,1,100,,1542416,26,,,1
1102,'20261013',622,,1564782,26,,,1,16,,1564786,26,,,1,12,,1564791,26,,,1,8,,1564784,26,,,1,50,,1564780,26,,,1,12,,1564783,26,,,1,10,,1564778,26,,,1,11,,1564777,26,,,1,11,,1564779,26,,,1,57,,1564781,26,,,1,13,,1564792,26,,,1,15,,1564785,26,,,1,17,,1564787,26,,,1,71,,1564789,26,,,1,30,,1564788,26,,,1,69,,1564790,26,,,1,30,,1564812,26,,,1,70,,1564797,26,,,1,30,,1564809,26,,,1,71,,1564814,26,,,1,30,,1564796,26,,,1,70,,1564800,26,,,1,30,,1564810,26,,,1,69,,1564811,26,,,1,29,,1564803,26,,,1,54,,1564813,26,,,1,14,,1564806,26,,,1,15,,1564793,26,,,1,15,,1564815,26,,,1,56,,1564794,26,,,1,14,,1564798,26,,,1,17,,1564816,26,,,1,15,,1564795,26,,,1,70,,1564804,26,,,1,30,,1564808,26,,,1,71,,1564799,26,,,1,29,,1564818,26,,,1,69,,1564807,26,,,1,29,,1564801,26,,,1,99,,1564805,26,,,1,99,,1564817,26,,,1,99,,1564802,26,,,1,100,,1564819,26,,,1
1102,'20261014',622,,1564825,26,,,1,16,,1564829,26,,,1,12,,1564834,26,,,1,8,,1564827,26,,,1,50,,1564823,26,,,1,12,,1564826,26,,,1,10,,1564821,26,,,1,11,,1564820,26,,,1,11,,1564822,26,,,1,57,,1564824,26,,,1,13,,1564835,26,,,1,15,,1564828,26,,,1,17,,1564830,26,,,1,71,,1564832,26,,,1,30,,1564831,26,,,1,69,,1564833,26,,,1,30,,1564855,26,,,1,70,,1564840,26,,,1,30,,1564852,26,,,1,71,,1564857,26,,,1,30,,1564839,26,,,1,70,,1564843,26,,,1,30,,1564853,26,,,1,69,,1564854,26,,,1,29,,1564846,26,,,1,54,,1564856,26,,,1,14,,1564849,26,,,1,15,,1564836,26,,,1,15,,1564858,26,,,1,56,,1564837,26,,,1,14,,1564841,26,,,1,17,,1564859,26,,,1,15,,1564838,26,,,1,70,,1564847,26,,,1,30,,1564851,26,,,1,71,,1564842,26,,,1,29,,1564861,26,,,1,69,,1564850,26,,,1,29,,1564844,26,,,1,99,,1564848,26,,,1,99,,1564860,26,,,1,99,,1564845,26,,,1,100,,1564862,26,,,1
1102,'20261015',622,,1564868,26,,,1,16,,1564872,26,,,1,12,,1564877,26,,,1,8,,1564870,26,,,1,50,,1564866,26,,,1,12,,1564869,26,,,1,10,,1564864,26,,,1,11,,1564863,26,,,1,11,,1564865,26,,,1,57,,1564867,26,,,1,13,,1564878,26,,,1,15,,1564871,26,,,1,17,,1564873,26,,,1,71,,1564875,26,,,1,30,,1564874,26,,,1,69,,1564876,26,,,1,30,,1564898,26,,,1,70,,1564883,26,,,1,30,,1564895,26,,,1,71,,1564900,26,,,1,30,,1564882,26,,,1,70,,1564886,26,,,1,30,,1564896,26,,,1,69,,1564897,26,,,1,29,,1564889,26,,,1,54,,1564899,26,,,1,14,,1564892,26,,,1,15,,1564879,26,,,1,15,,1564901,26,,,1,56,,1564880,26,,,1,14,,1564884,26,,,1,17,,1564902,26,,,1,15,,1564881,26,,,1,70,,1564890,26,,,1,30,,1564894,26,,,1,71,,1564885,26,,,1,29,,1564904,26,,,1,69,,1564893,26,,,1,29,,1564887,26,,,1,99,,1564891,26,,,1,99,,1564903,26,,,1,99,,1564888,26,,,1,100,,1564905,26,,,1
1102,'20261016',622,,1564911,26,,,1,16,,1564915,26,,,1,12,,1564920,26,,,1,8,,1564913,26,,,1,50,,1564909,26,,,1,12,,1564912,26,,,1,10,,1564907,26,,,1,11,,1564906,26,,,1,11,,1564908,26,,,1,57,,1564910,26,,,1,13,,1564921,26,,,1,15,,1564914,26,,,1,17,,1564916,26,,,1,71,,1564918,26,,,1,30,,1564917,26,,,1,69,,1564919,26,,,1,30,,1564941,26,,,1,70,,1564926,26,,,1,30,,1564938,26,,,1,71,,1564943,26,,,1,30,,1564925,26,,,1,70,,1564929,26,,,1,30,,1564939,26,,,1,69,,1564940,26,,,1,29,,1564932,26,,,1,54,,1564942,26,,,1,14,,1564935,26,,,1,15,,1564922,26,,,1,15,,1564944,26,,,1,56,,1564923,26,,,1,14,,1564927,26,,,1,17,,1564945,26,,,1,15,,1564924,26,,,1,70,,1564933,26,,,1,30,,1564937,26,,,1,71,,1564928,26,,,1,29,,1564947,26,,,1,69,,1564936,26,,,1,29,,1564930,26,,,1,99,,1564934,26,,,1,99,,1564946,26,,,1,99,,1564931,26,,,1,100,,1564948,26,,,1
7600,'20261002',523,,1574827,6,,,1,77,,1574828,6,,,1,58,,1574829,6,,,1,73,,1574830,6,,,1,83,,1574831,6,,,1,32,,1574832,6,,,1,78,,1574833,6,,,1,97,,1574834,6,,,1,85,,1574835,6,,,1,101,,1574836,6,,,1,33,,1574837,6,,,1,68,,1574838,6,,,1,35,,1574839,6,,,1,99,,1574840,6,,,1,93,,1574841,6,,,1,87,,1574842,6,,,1,35,,1574843,6,,,1,64,,1574844,6,,,1,34,,1574845,6,,,1,63,,1574846,6,,,1,36,,1574847,6,,,1,166,,1574848,6,,,1,100,,1574849,6,,,1,103,,1574850,6,,,1,94,,1574851,6,,,1
7600,'20261003',600,,1574852,6,,,1,29,,1574853,6,,,1,30,,1574854,6,,,1,68,,1574855,6,,,1,32,,1574856,6,,,1,70,,1574857,6,,,1,22,,1574858,6,,,1,103,,1574859,6,,,1,95,,1574860,6,,,1,94,,1574861,6,,,1,74,,1574862,6,,,1,29,,1574863,6,,,1,70,,1574864,6,,,1,33,,1574865,6,,,1,105,,1574866,6,,,1,90,,1574867,6,,,1,73,,1574868,6,,,1,28,,1574869,6,,,1,73,,1574870,6,,,1,31,,1574871,6,,,1,68,,1574872,6,,,1,30,,1574873,6,,,1,100,,1574874,6,,,1,102,,1574875,6,,,1,106,,1574876,6,,,1,99,,1574877,6,,,1
7600,'20261004',600,,1574878,6,,,1,29,,1574879,6,,,1,30,,1574880,6,,,1,68,,1574881,6,,,1,32,,1574882,6,,,1,70,,1574883,6,,,1,22,,1574884,6,,,1,103,,1574885,6,,,1,95,,1574886,6,,,1,94,,1574887,6,,,1,74,,1574888,6,,,1,29,,1574889,6,,,1,70,,1574890,6,,,1,33,,1574891,6,,,1,105,,1574892,6,,,1,90,,1574893,6,,,1,73,,1574894,6,,,1,28,,1574895,6,,,1,73,,1574896,6,,,1,31,,1574897,6,,,1,68,,1574898,6,,,1,30,,1574899,6,,,1,100,,1574900,6,,,1,102,,1574901,6,,,1,106,,1574902,6,,,1,99,,1574903,6,,,1
7600,'20261005',523,,1574904,6,,,1,77,,1574905,6,,,1,58,,1574906,6,,,1,73,,1574907,6,,,1,83,,1574908,6,,,1,32,,1574909,6,,,1,78,,1574910,6,,,1,97,,1574911,6,,,1,85,,1574912,6,,,1,101,,1574913,6,,,1,33,,1574914,6,,,1,68,,1574915,6,,,1,35,,1574916,6,,,1,99,,1574917,6,,,1,93,,1574918,6,,,1,87,,1574919,6,,,1,35,,1574920,6,,,1,64,,1574921,6,,,1,34,,1574922,6,,,1,63,,1574923,6,,,1,36,,1574924,6,,,1,166,,1574925,6,,,1,100,,1574926,6,,,1,103,,1574927,6,,,1,94,,1574928,6,,,1
7600,'20261006',523,,1521654,6,,,1,77,,1521655,6,,,1,58,,1521656,6,,,1,73,,1521657,6,,,1,83,,1521658,6,,,1,32,,1521659,6,,,1,78,,1521660,6,,,1,97,,1521661,6,,,1,85,,1521662,6,,,1,101,,1521663,6,,,1,33,,1521664,6,,,1,68,,1521665,6,,,1,35,,1521666,6,,,1,99,,1521667,6,,,1,93,,1521668,6,,,1,87,,1521669,6,,,1,35,,1521670,6,,,1,64,,1521671,6,,,1,34,,1521672,6,,,1,63,,1521673,6,,,1,36,,1521674,6,,,1,166,,1521675,6,,,1,100,,1521676,6,,,1,103,,1521677,6,,,1,94,,1521678,6,,,1
7600,'20261007',523,,1521679,6,,,1,77,,1521680,6,,,1,58,,1521681,6,,,1,73,,1521682,6,,,1,83,,1521683,6,,,1,32,,1521684,6,,,1,78,,1521685,6,,,1,97,,1521686,6,,,1,85,,1521687,6,,,1,101,,1521688,6,,,1,33,,1521689,6,,,1,68,,1521690,6,,,1,35,,1521691,6,,,1,99,,1521692,6,,,1,93,,1521693,6,,,1,87,,1521694,6,,,1,35,,1521695,6,,,1,64,,1521696,6,,,1,34,,1521697,6,,,1,63,,1521698,6,,,1,36,,1521699,6,,,1,166,,1521700,6,,,1,100,,1521701,6,,,1,103,,1521702,6,,,1,94,,1521703,6,,,1
7600,'20261008',523,,1521704,6,,,1,77,,1521705,6,,,1,58,,1521706,6,,,1,73,,1521707,6,,,1,83,,1521708,6,,,1,32,,1521709,6,,,1,78,,1521710,6,,,1,97,,1521711,6,,,1,85,,1521712,6,,,1,101,,1521713,6,,,1,33,,1521714,6,,,1,68,,1521715,6,,,1,35,,1521716,6,,,1,99,,1521717,6,,,1,93,,1521718,6,,,1,87,,1521719,6,,,1,35,,1521720,6,,,1,64,,1521721,6,,,1,34,,1521722,6,,,1,63,,1521723,6,,,1,36,,1521724,6,,,1,166,,1521725,6,,,1,100,,1521726,6,,,1,103,,1521727,6,,,1,94,,1521728,6,,,1
7600,'20261009',523,,1521729,6,,,1,77,,1521730,6,,,1,58,,1521731,6,,,1,73,,1521732,6,,,1,83,,1521733,6,,,1,32,,1521734,6,,,1,78,,1521735,6,,,1,97,,1521736,6,,,1,85,,1521737,6,,,1,101,,1521738,6,,,1,33,,1521739,6,,,1,68,,1521740,6,,,1,35,,1521741,6,,,1,99,,1521742,6,,,1,93,,1521743,6,,,1,87,,1521744,6,,,1,35,,1521745,6,,,1,64,,1521746,6,,,1,34,,1521747,6,,,1,63,,1521748,6,,,1,36,,1521749,6,,,1,166,,1521750,6,,,1,100,,1521751,6,,,1,103,,1521752,6,,,1,94,,1521753,6,,,1
7600,'20261010',600,,1549296,6,,,1,29,,1549300,6,,,1,30,,1549304,6,,,1,68,,1549299,6,,,1,32,,1549281,6,,,1,70,,1549301,6,,,1,22,,1549282,6,,,1,103,,1549283,6,,,1,95,,1549284,6,,,1,94,,1549285,6,,,1,74,,1549302,6,,,1,29,,1549286,6,,,1,70,,1549303,6,,,1,33,,1549287,6,,,1,105,,1549288,6,,,1,90,,1549289,6,,,1,73,,1549305,6,,,1,28,,1549290,6,,,1,73,,1549306,6,,,1,31,,1549291,6,,,1,68,,1549298,6,,,1,30,,1549292,6,,,1,100,,1549293,6,,,1,102,,1549294,6,,,1,106,,1549295,6,,,1,99,,1549297,6,,,1
7600,'20261011',600,,1549324,6,,,1,29,,1549325,6,,,1,30,,1549307,6,,,1,68,,1549326,6,,,1,32,,1549308,6,,,1,70,,1549327,6,,,1,22,,1549309,6,,,1,103,,1549310,6,,,1,95,,1549311,6,,,1,94,,1549312,6,,,1,74,,1549328,6,,,1,29,,1549313,6,,,1,70,,1549329,6,,,1,33,,1549314,6,,,1,105,,1549315,6,,,1,90,,1549316,6,,,1,73,,1549330,6,,,1,28,,1549317,6,,,1,73,,1549331,6,,,1,31,,1549318,6,,,1,68,,1549332,6,,,1,30,,1549319,6,,,1,100,,1549320,6,,,1,102,,1549321,6,,,1,106,,1549322,6,,,1,99,,1549323,6,,,1
7600,'20261012',600,,1549350,6,,,1,29,,1549351,6,,,1,30,,1549333,6,,,1,68,,1549352,6,,,1,32,,1549334,6,,,1,70,,1549353,6,,,1,22,,1549335,6,,,1,103,,1549336,6,,,1,95,,1549337,6,,,1,94,,1549338,6,,,1,74,,1549354,6,,,1,29,,1549339,6,,,1,70,,1549355,6,,,1,33,,1549340,6,,,1,105,,1549341,6,,,1,90,,1549342,6,,,1,73,,1549356,6,,,1,28,,1549343,6,,,1,73,,1549357,6,,,1,31,,1549344,6,,,1,68,,1549358,6,,,1,30,,1549345,6,,,1,100,,1549346,6,,,1,102,,1549347,6,,,1,106,,1549348,6,,,1,99,,1549349,6,,,1
7600,'20261013',523,,1574929,6,,,1,77,,1574930,6,,,1,58,,1574931,6,,,1,73,,1574932,6,,,1,83,,1574933,6,,,1,32,,1574934,6,,,1,78,,1574935,6,,,1,97,,1574936,6,,,1,85,,1574937,6,,,1,101,,1574938,6,,,1,33,,1574939,6,,,1,68,,1574940,6,,,1,35,,1574941,6,,,1,99,,1574942,6,,,1,93,,1574943,6,,,1,87,,1574944,6,,,1,35,,1574945,6,,,1,64,,1574946,6,,,1,34,,1574947,6,,,1,63,,1574948,6,,,1,36,,1574949,6,,,1,166,,1574950,6,,,1,100,,1574951,6,,,1,103,,1574952,6,,,1,94,,1574953,6,,,1
7600,'20261014',523,,1574954,6,,,1,77,,1574955,6,,,1,58,,1574956,6,,,1,73,,1574957,6,,,1,83,,1574958,6,,,1,32,,1574959,6,,,1,78,,1574960,6,,,1,97,,1574961,6,,,1,85,,1574962,6,,,1,101,,1574963,6,,,1,33,,1574964,6,,,1,68,,1574965,6,,,1,35,,1574966,6,,,1,99,,1574967,6,,,1,93,,1574968,6,,,1,87,,1574969,6,,,1,35,,1574970,6,,,1,64,,1574971,6,,,1,34,,1574972,6,,,1,63,,1574973,6,,,1,36,,1574974,6,,,1,166,,1574975,6,,,1,100,,1574976,6,,,1,103,,1574977,6,,,1,94,,1574978,6,,,1
7600,'20261015',523,,1574979,6,,,1,77,,1574980,6,,,1,58,,1574981,6,,,1,73,,1574982,6,,,1,83,,1574983,6,,,1,32,,1574984,6,,,1,78,,1574985,6,,,1,97,,1574986,6,,,1,85,,1574987,6,,,1,101,,1574988,6,,,1,33,,1574989,6,,,1,68,,1574990,6,,,1,35,,1574991,6,,,1,99,,1574992,6,,,1,93,,1574993,6,,,1,87,,1574994,6,,,1,35,,1574995,6,,,1,64,,1574996,6,,,1,34,,1574997,6,,,1,63,,1574998,6,,,1,36,,1574999,6,,,1,166,,1575000,6,,,1,100,,1575001,6,,,1,103,,1575002,6,,,1,94,,1575003,6,,,1
7600,'20261016',523,,1575004,6,,,1,77,,1575005,6,,,1,58,,1575006,6,,,1,73,,1575007,6,,,1,83,,1575008,6,,,1,32,,1575009,6,,,1,78,,1575010,6,,,1,97,,1575011,6,,,1,85,,1575012,6,,,1,101,,1575013,6,,,1,33,,1575014,6,,,1,68,,1575015,6,,,1,35,,1575016,6,,,1,99,,1575017,6,,,1,93,,1575018,6,,,1,87,,1575019,6,,,1,35,,1575020,6,,,1,64,,1575021,6,,,1,34,,1575022,6,,,1,63,,1575023,6,,,1,36,,1575024,6,,,1,166,,1575025,6,,,1,100,,1575026,6,,,1,103,,1575027,6,,,1,94,,1575028,6,,,1
