9403,'20261002',709,,1579097,19,,,0,100,,1579098,19,,,0,100,,1579099,19,,,0,100,,1579100,19,,,0,100,,1579101,19,,,0,100,,1579102,19,,,0,100,,1579103,19,,,0,99,,1579104,19,,,0,99,,1579105,19,,,0,30,,1579106,19,,,0,67,,1579107,19,,,0,29,,1579108,19,,,0,76,,1579109,19,,,0,29,,1579110,19,,,0,71,,1579111,19,,,0,100,,1579112,19,,,0,101,,1579113,19,,,0,100,,1579114,19,,,0,101,,1579115,19,,,0,99,,1579116,19,,,0
9403,'20261003',711,,1579117,19,,,0,100,,1579118,19,,,0,100,,1579119,19,,,0,101,,1579120,19,,,0,100,,1579121,19,,,0,100,,1579122,19,,,0,100,,1579123,19,,,0,100,,1579124,19,,,0,100,,1579125,19,,,0,100,,1579126,19,,,0,100,,1579127,19,,,0,100,,1579128,19,,,0,99,,1579129,19,,,0,100,,1579130,19,,,0,100,,1579131,19,,,0,100,,1579132,19,,,0,100,,1579133,19,,,0
9403,'20261004',711,,1579134,19,,,0,100,,1579135,19,,,0,100,,1579136,19,,,0,101,,1579137,19,,,0,100,,1579138,19,,,0,100,,1579139,19,,,0,100,,1579140,19,,,0,100,,1579141,19,,,0,100,,1579142,19,,,0,100,,1579143,19,,,0,100,,1579144,19,,,0,100,,1579145,19,,,0,99,,1579146,19,,,0,100,,1579147,19,,,0,100,,1579148,19,,,0,100,,1579149,19,,,0,100,,1579150,19,,,0
9403,'20261005',709,,1579151,19,,,0,100,,1579152,19,,,0,100,,1579153,19,,,0,100,,1579154,19,,,0,100,,1579155,19,,,0,100,,1579156,19,,,0,100,,1579157,19,,,0,99,,1579158,19,,,0,99,,1579159,19,,,0,30,,1579160,19,,,0,67,,1579161,19,,,0,29,,1579162,19,,,0,76,,1579163,19,,,0,29,,1579164,19,,,0,71,,1579165,19,,,0,100,,1579166,19,,,0,101,,1579167,19,,,0,100,,1579168,19,,,0,101,,1579169,19,,,0,99,,1579170,19,,,0
9403,'20261006',709,,1525903,19,,,0,100,,1525904,19,,,0,100,,1525905,19,,,0,100,,1525906,19,,,0,100,,1525907,19,,,0,100,,1525908,19,,,0,100,,1525909,19,,,0,99,,1525910,19,,,0,99,,1525911,19,,,0,30,,1525912,19,,,0,67,,1525913,19,,,0,29,,1525899,19,,,0,76,,1525900,19,,,0,29,,1525918,19,,,0,71,,1525917,19,,,0,100,,1525901,19,,,0,101,,1525902,19,,,0,100,,1525914,19,,,0,101,,1525915,19,,,0,99,,1525916,19,,,0
9403,'20261007',709,,1525923,19,,,0,100,,1525924,19,,,0,100,,1525925,19,,,0,100,,1525926,19,,,0,100,,1525927,19,,,0,100,,1525928,19,,,0,100,,1525929,19,,,0,99,,1525930,19,,,0,99,,1525931,19,,,0,30,,1525932,19,,,0,67,,1525933,19,,,0,29,,1525919,19,,,0,76,,1525920,19,,,0,29,,1525938,19,,,0,71,,1525937,19,,,0,100,,1525921,19,,,0,101,,1525922,19,,,0,100,,1525934,19,,,0,101,,1525935,19,,,0,99,,1525936,19,,,0
9403,'20261008',709,,1525943,19,,,0,100,,1525944,19,,,0,100,,1525945,19,,,0,100,,1525946,19,,,0,100,,1525947,19,,,0,100,,1525948,19,,,0,100,,1525949,19,,,0,99,,1525950,19,,,0,99,,1525951,19,,,0,30,,1525952,19,,,0,67,,1525953,19,,,0,29,,1525939,19,,,0,76,,1525940,19,,,0,29,,1525958,19,,,0,71,,1525957,19,,,0,100,,1525941,19,,,0,101,,1525942,19,,,0,100,,1525954,19,,,0,101,,1525955,19,,,0,99,,1525956,19,,,0
9403,'20261009',709,,1525963,19,,,0,100,,1525964,19,,,0,100,,1525965,19,,,0,100,,1525966,19,,,0,100,,1525967,19,,,0,100,,1525968,19,,,0,100,,1525969,19,,,0,99,,1525970,19,,,0,99,,1525971,19,,,0,30,,1525972,19,,,0,67,,1525973,19,,,0,29,,1525959,19,,,0,76,,1525960,19,,,0,29,,1525978,19,,,0,71,,1525977,19,,,0,100,,1525961,19,,,0,101,,1525962,19,,,0,100,,1525974,19,,,0,101,,1525975,19,,,0,99,,1525976,19,,,0
9403,'20261010',711,,1552295,19,,,0,100,,1552296,19,,,0,100,,1552297,19,,,0,101,,1552298,19,,,0,100,,1552299,19,,,0,100,,1552300,19,,,0,100,,1552301,19,,,0,100,,1552302,19,,,0,100,,1552303,19,,,0,100,,1552304,19,,,0,100,,1552305,19,,,0,100,,1552306,19,,,0,99,,1552307,19,,,0,100,,1552308,19,,,0,100,,1552309,19,,,0,100,,1552310,19,,,0,100,,1552311,19,,,0
9403,'20261011',711,,1552312,19,,,0,100,,1552313,19,,,0,100,,1552314,19,,,0,101,,1552315,19,,,0,100,,1552316,19,,,0,100,,1552317,19,,,0,100,,1552318,19,,,0,100,,1552319,19,,,0,100,,1552320,19,,,0,100,,1552321,19,,,0,100,,1552322,19,,,0,100,,1552323,19,,,0,99,,1552324,19,,,0,100,,1552325,19,,,0,100,,1552326,19,,,0,100,,1552327,19,,,0,100,,1552328,19,,,0
9403,'20261012',711,,1552329,19,,,0,100,,1552330,19,,,0,100,,1552331,19,,,0,101,,1552332,19,,,0,100,,1552333,19,,,0,100,,1552334,19,,,0,100,,1552335,19,,,0,100,,1552336,19,,,0,100,,1552337,19,,,0,100,,1552338,19,,,0,100,,1552339,19,,,0,100,,1552340,19,,,0,99,,1552341,19,,,0,100,,1552342,19,,,0,100,,1552343,19,,,0,100,,1552344,19,,,0,100,,1552345,19,,,0
9403,'20261013',709,,1579175,19,,,0,100,,1579176,19,,,0,100,,1579177,19,,,0,100,,1579178,19,,,0,100,,1579179,19,,,0,100,,1579180,19,,,0,100,,1579181,19,,,0,99,,1579182,19,,,0,99,,1579183,19,,,0,30,,1579184,19,,,0,67,,1579185,19,,,0,29,,1579171,19,,,0,76,,1579172,19,,,0,29,,1579190,19,,,0,71,,1579189,19,,,0,100,,1579173,19,,,0,101,,1579174,19,,,0,100,,1579186,19,,,0,101,,1579187,19,,,0,99,,1579188,19,,,0
9403,'20261014',709,,1579195,19,,,0,100,,1579196,19,,,0,100,,1579197,19,,,0,100,,1579198,19,,,0,100,,1579199,19,,,0,100,,1579200,19,,,0,100,,1579201,19,,,0,99,,1579202,19,,,0,99,,1579203,19,,,0,30,,1579204,19,,,0,67,,1579205,19,,,0,29,,1579191,19,,,0,76,,1579192,19,,,0,29,,1579210,19,,,0,71,,1579209,19,,,0,100,,1579193,19,,,0,101,,1579194,19,,,0,100,,1579206,19,,,0,101,,1579207,19,,,0,99,,1579208,19,,,0
9403,'20261015',709,,1579215,19,,,0,100,,1579216,19,,,0,100,,1579217,19,,,0,100,,1579218,19,,,0,100,,1579219,19,,,0,100,,1579220,19,,,0,100,,1579221,19,,,0,99,,1579222,19,,,0,99,,1579223,19,,,0,30,,1579224,19,,,0,67,,1579225,19,,,0,29,,1579211,19,,,0,76,,1579212,19,,,0,29,,1579230,19,,,0,71,,1579229,19,,,0,100,,1579213,19,,,0,101,,1579214,19,,,0,100,,1579226,19,,,0,101,,1579227,19,,,0,99,,1579228,19,,,0
9403,'20261016',709,,1579235,19,,,0,100,,1579236,19,,,0,100,,1579237,19,,,0,100,,1579238,19,,,0,100,,1579239,19,,,0,100,,1579240,19,,,0,100,,1579241,19,,,0,99,,1579242,19,,,0,99,,1579243,19,,,0,30,,1579244,19,,,0,67,,1579245,19,,,0,29,,1579231,19,,,0,76,,1579232,19,,,0,29,,1579250,19,,,0,71,,1579249,19,,,0,100,,1579233,19,,,0,101,,1579234,19,,,0,100,,1579246,19,,,0,101,,1579247,19,,,0,99,,1579248,19,,,0
9601,'20261002',619,,1579397,25,,,0,99,,1579398,25,,,0,34,,1579399,25,,,0,68,,1579400,25,,,0,100,,1579401,25,,,0,100,,1579402,25,,,0,100,,1579403,25,,,0,99,,1579404,25,,,0,100,,1579405,25,,,0,100,,1579406,25,,,0,100,,1579407,25,,,0,98,,1579408,25,,,0,111,,1579409,25,,,0,92,,1579410,25,,,0,98,,1579411,25,,,0,100,,1579412,25,,,0,100,,1579413,25,,,0,100,,1579414,25,,,0,100,,1579415,25,,,0
9601,'20261003',746,,1579416,25,,,0,100,,1579417,25,,,0,100,,1579418,25,,,0,101,,1579419,25,,,0,100,,1579420,25,,,0,96,,1579421,25,,,0,99,,1579422,25,,,0,108,,1579423,25,,,0,97,,1579424,25,,,0,96,,1579425,25,,,0,108,,1579426,25,,,0,95,,1579427,25,,,0,100,,1579428,25,,,0,100,,1579429,25,,,0,100,,1579430,25,,,0,100,,1579431,25,,,0
9601,'20261004',746,,1579432,25,,,0,100,,1579433,25,,,0,100,,1579434,25,,,0,101,,1579435,25,,,0,100,,1579436,25,,,0,96,,1579437,25,,,0,99,,1579438,25,,,0,108,,1579439,25,,,0,97,,1579440,25,,,0,96,,1579441,25,,,0,108,,1579442,25,,,0,95,,1579443,25,,,0,100,,1579444,25,,,0,100,,1579445,25,,,0,100,,1579446,25,,,0,100,,1579447,25,,,0
9601,'20261005',619,,1579448,25,,,0,99,,1579449,25,,,0,34,,1579450,25,,,0,68,,1579451,25,,,0,100,,1579452,25,,,0,100,,1579453,25,,,0,100,,1579454,25,,,0,99,,1579455,25,,,0,100,,1579456,25,,,0,100,,1579457,25,,,0,100,,1579458,25,,,0,98,,1579459,25,,,0,111,,1579460,25,,,0,92,,1579461,25,,,0,98,,1579462,25,,,0,100,,1579463,25,,,0,100,,1579464,25,,,0,100,,1579465,25,,,0,100,,1579466,25,,,0
9601,'20261006',619,,1526195,25,,,0,99,,1526196,25,,,0,34,,1526197,25,,,0,68,,1526198,25,,,0,100,,1526213,25,,,0,100,,1526199,25,,,0,100,,1526200,25,,,0,99,,1526201,25,,,0,100,,1526202,25,,,0,100,,1526203,25,,,0,100,,1526204,25,,,0,98,,1526205,25,,,0,111,,1526206,25,,,0,92,,1526207,25,,,0,98,,1526208,25,,,0,100,,1526209,25,,,0,100,,1526210,25,,,0,100,,1526211,25,,,0,100,,1526212,25,,,0
9601,'20261007',619,,1526214,25,,,0,99,,1526215,25,,,0,34,,1526216,25,,,0,68,,1526217,25,,,0,100,,1526232,25,,,0,100,,1526218,25,,,0,100,,1526219,25,,,0,99,,1526220,25,,,0,100,,1526221,25,,,0,100,,1526222,25,,,0,100,,1526223,25,,,0,98,,1526224,25,,,0,111,,1526225,25,,,0,92,,1526226,25,,,0,98,,1526227,25,,,0,100,,1526228,25,,,0,100,,1526229,25,,,0,100,,1526230,25,,,0,100,,1526231,25,,,0
9601,'20261008',619,,1526233,25,,,0,99,,1526234,25,,,0,34,,1526235,25,,,0,68,,1526236,25,,,0,100,,1526251,25,,,0,100,,1526237,25,,,0,100,,1526238,25,,,0,99,,1526239,25,,,0,100,,1526240,25,,,0,100,,1526241,25,,,0,100,,1526242,25,,,0,98,,1526243,25,,,0,111,,1526244,25,,,0,92,,1526245,25,,,0,98,,1526246,25,,,0,100,,1526247,25,,,0,100,,1526248,25,,,0,100,,1526249,25,,,0,100,,1526250,25,,,0
9601,'20261009',619,,1526252,25,,,0,99,,1526253,25,,,0,34,,1526254,25,,,0,68,,1526255,25,,,0,100,,1526270,25,,,0,100,,1526256,25,,,0,100,,1526257,25,,,0,99,,1526258,25,,,0,100,,1526259,25,,,0,100,,1526260,25,,,0,100,,1526261,25,,,0,98,,1526262,25,,,0,111,,1526263,25,,,0,92,,1526264,25,,,0,98,,1526265,25,,,0,100,,1526266,25,,,0,100,,1526267,25,,,0,100,,1526268,25,,,0,100,,1526269,25,,,0
9601,'20261010',746,,1552508,25,,,0,100,,1552509,25,,,0,100,,1552510,25,,,0,101,,1552511,25,,,0,100,,1552512,25,,,0,96,,1552513,25,,,0,99,,1552514,25,,,0,108,,1552515,25,,,0,97,,1552516,25,,,0,96,,1552517,25,,,0,108,,1552518,25,,,0,95,,1552519,25,,,0,100,,1552520,25,,,0,100,,1552521,25,,,0,100,,1552522,25,,,0,100,,1552523,25,,,0
9601,'20261011',746,,1552524,25,,,0,100,,1552525,25,,,0,100,,1552526,25,,,0,101,,1552527,25,,,0,100,,1552528,25,,,0,96,,1552529,25,,,0,99,,1552530,25,,,0,108,,1552531,25,,,0,97,,1552532,25,,,0,96,,1552533,25,,,0,108,,1552534,25,,,0,95,,1552535,25,,,0,100,,1552536,25,,,0,100,,1552537,25,,,0,100,,1552538,25,,,0,100,,1552539,25,,,0
9601,'20261012',746,,1552540,25,,,0,100,,1552541,25,,,0,100,,1552542,25,,,0,101,,1552543,25,,,0,100,,1552544,25,,,0,96,,1552545,25,,,0,99,,1552546,25,,,0,108,,1552547,25,,,0,97,,1552548,25,,,0,96,,1552549,25,,,0,108,,1552550,25,,,0,95,,1552551,25,,,0,100,,1552552,25,,,0,100,,1552553,25,,,0,100,,1552554,25,,,0,100,,1552555,25,,,0
9601,'20261013',619,,1579467,25,,,0,99,,1579468,25,,,0,34,,1579469,25,,,0,68,,1579470,25,,,0,100,,1579485,25,,,0,100,,1579471,25,,,0,100,,1579472,25,,,0,99,,1579473,25,,,0,100,,1579474,25,,,0,100,,1579475,25,,,0,100,,1579476,25,,,0,98,,1579477,25,,,0,111,,1579478,25,,,0,92,,1579479,25,,,0,98,,1579480,25,,,0,100,,1579481,25,,,0,100,,1579482,25,,,0,100,,1579483,25,,,0,100,,1579484,25,,,0
9601,'20261014',619,,1579486,25,,,0,99,,1579487,25,,,0,34,,1579488,25,,,0,68,,1579489,25,,,0,100,,1579504,25,,,0,100,,1579490,25,,,0,100,,1579491,25,,,0,99,,1579492,25,,,0,100,,1579493,25,,,0,100,,1579494,25,,,0,100,,1579495,25,,,0,98,,1579496,25,,,0,111,,1579497,25,,,0,92,,1579498,25,,,0,98,,1579499,25,,,0,100,,1579500,25,,,0,100,,1579501,25,,,0,100,,1579502,25,,,0,100,,1579503,25,,,0
9601,'20261015',619,,1579505,25,,,0,99,,1579506,25,,,0,34,,1579507,25,,,0,68,,1579508,25,,,0,100,,1579523,25,,,0,100,,1579509,25,,,0,100,,1579510,25,,,0,99,,1579511,25,,,0,100,,1579512,25,,,0,100,,1579513,25,,,0,100,,1579514,25,,,0,98,,1579515,25,,,0,111,,1579516,25,,,0,92,,1579517,25,,,0,98,,1579518,25,,,0,100,,1579519,25,,,0,100,,1579520,25,,,0,100,,1579521,25,,,0,100,,1579522,25,,,0
9601,'20261016',619,,1579524,25,,,0,99,,1579525,25,,,0,34,,1579526,25,,,0,68,,1579527,25,,,0,100,,1579542,25,,,0,100,,1579528,25,,,0,100,,1579529,25,,,0,99,,1579530,25,,,0,100,,1579531,25,,,0,100,,1579532,25,,,0,100,,1579533,25,,,0,98,,1579534,25,,,0,111,,1579535,25,,,0,92,,1579536,25,,,0,98,,1579537,25,,,0,100,,1579538,25,,,0,100,,1579539,25,,,0,100,,1579540,25,,,0,100,,1579541,25,,,0
29403,'20261002',1618,,1581234,26,4,,0,99,,1581233,26,4,,0,32,,1581235,26,4,,0
29403,'20261005',1618,,1581237,26,4,,0,99,,1581236,26,4,,0,32,,1581238,26,4,,0
29403,'20261006',1618,,1527963,26,4,,0,99,,1527964,26,4,,0,32,,1527965,26,4,,0
29403,'20261007',1618,,1527966,26,4,,0,99,,1527967,26,4,,0,32,,1527968,26,4,,0
29403,'20261008',1618,,1527969,26,4,,0,99,,1527970,26,4,,0,32,,1527971,26,4,,0
29403,'20261009',1618,,1527972,26,4,,0,99,,1527973,26,4,,0,32,,1527974,26,4,,0
29403,'20261013',1618,,1581239,26,4,,0,99,,1581240,26,4,,0,32,,1581241,26,4,,0
29403,'20261014',1618,,1581242,26,4,,0,99,,1581243,26,4,,0,32,,1581244,26,4,,0
29403,'20261015',1618,,1581245,26,4,,0,99,,1581246,26,4,,0,32,,1581247,26,4,,0
29403,'20261016',1618,,1581248,26,4,,0,99,,1581249,26,4,,0,32,,1581250,26,4,,0
99103,'20261002',2617,,1593538,53,,,0,130,,1593539,53,,,0
99103,'20261003',2617,,1593540,53,,,0,130,,1593541,53,,,0
99103,'20261009',2617,,1540255,53,,,0,130,,1540256,53,,,0
99103,'20261010',2617,,1561870,53,,,0,130,,1561871,53,,,0
99103,'20261016',2617,,1593542,53,,,0,130,,1593543,53,,,0
7009003,'20261002',1601,,1593673,22,,,0
7009003,'20261005',1601,,1593675,22,,,0
7009003,'20261006',1601,,1540419,22,,,0
7009003,'20261007',1601,,1540421,22,,,0
7009003,'20261008',1601,,1540423,22,,,0
7009003,'20261009',1601,,1540425,22,,,0
7009003,'20261013',1601,,1593676,22,,,0
7009003,'20261014',1601,,1593678,22,,,0
7009003,'20261015',1601,,1593680,22,,,0
7009003,'20261016',1601,,1593682,22,,,0
