7400,'20261006',627,,1606236,12,,,1,30,,1606237,12,,,1,71,,1606240,45,,,1,30,,1606238,12,,,1,70,,1606241,45,,,1,30,,1606239,12,,,1,70,,1606242,45,,,1,99,,1606243,45,,,1,101,,1606244,45,,,1,100,,1606245,45,,,1,100,,1606246,45,,,1,100,,1606247,45,,,1,101,,1606248,45,,,1,100,,1606249,45,,,1,99,,1606250,45,,,1,100,,1606251,45,,,1,99,,1606252,45,,,1,100,,1606253,45,,,1,100,,1606254,45,,,1,100,,1606255,45,,,1,100,,1606256,45,,,1
7400,'20261007',627,,1606257,12,,,1,30,,1606258,12,,,1,71,,1606261,45,,,1,30,,1606259,12,,,1,70,,1606262,45,,,1,30,,1606260,12,,,1,70,,1606263,45,,,1,99,,1606264,45,,,1,101,,1606265,45,,,1,100,,1606266,45,,,1,100,,1606267,45,,,1,100,,1606268,45,,,1,101,,1606269,45,,,1,100,,1606270,45,,,1,99,,1606271,45,,,1,100,,1606272,45,,,1,99,,1606273,45,,,1,100,,1606274,45,,,1,100,,1606275,45,,,1,100,,1606276,45,,,1,100,,1606277,45,,,1
7400,'20261008',627,,1606278,12,,,1,30,,1606279,12,,,1,71,,1606282,45,,,1,30,,1606280,12,,,1,70,,1606283,45,,,1,30,,1606281,12,,,1,70,,1606284,45,,,1,99,,1606285,45,,,1,101,,1606286,45,,,1,100,,1606287,45,,,1,100,,1606288,45,,,1,100,,1606289,45,,,1,101,,1606290,45,,,1,100,,1606291,45,,,1,99,,1606292,45,,,1,100,,1606293,45,,,1,99,,1606294,45,,,1,100,,1606295,45,,,1,100,,1606296,45,,,1,100,,1606297,45,,,1,100,,1606298,45,,,1
7400,'20261009',627,,1606299,12,,,1,30,,1606300,12,,,1,71,,1606303,45,,,1,30,,1606301,12,,,1,70,,1606304,45,,,1,30,,1606302,12,,,1,70,,1606305,45,,,1,99,,1606306,45,,,1,101,,1606307,45,,,1,100,,1606308,45,,,1,100,,1606309,45,,,1,100,,1606310,45,,,1,101,,1606311,45,,,1,100,,1606312,45,,,1,99,,1606313,45,,,1,100,,1606314,45,,,1,99,,1606315,45,,,1,100,,1606316,45,,,1,100,,1606317,45,,,1,100,,1606318,45,,,1,100,,1606319,45,,,1
7400,'20261010',826,,1549044,45,,,1,101,,1549058,45,,,1,100,,1549059,45,,,1,100,,1549045,45,,,1,100,,1549046,45,,,1,100,,1549047,45,,,1,100,,1549048,45,,,1,101,,1549049,45,,,1,100,,1549050,45,,,1,100,,1549051,45,,,1,100,,1549052,45,,,1,99,,1549053,45,,,1,100,,1549054,45,,,1,100,,1549055,45,,,1,100,,1549056,45,,,1,100,,1549057,45,,,1,129,,1549060,45,,,1
7400,'20261011',826,,1549061,45,,,1,101,,1549075,45,,,1,100,,1549062,45,,,1,100,,1549076,45,,,1,100,,1549069,45,,,1,100,,1549070,45,,,1,100,,1549071,45,,,1,101,,1549072,45,,,1,100,,1549073,45,,,1,100,,1549074,45,,,1,100,,1549063,45,,,1,99,,1549067,45,,,1,100,,1549068,45,,,1,100,,1549064,45,,,1,100,,1549065,45,,,1,100,,1549066,45,,,1,129,,1549077,45,,,1
7400,'20261012',826,,1549078,45,,,1,101,,1549092,45,,,1,100,,1549079,45,,,1,100,,1549093,45,,,1,100,,1549086,45,,,1,100,,1549087,45,,,1,100,,1549088,45,,,1,101,,1549089,45,,,1,100,,1549090,45,,,1,100,,1549091,45,,,1,100,,1549080,45,,,1,99,,1549084,45,,,1,100,,1549085,45,,,1,100,,1549081,45,,,1,100,,1549082,45,,,1,100,,1549083,45,,,1,129,,1549094,45,,,1
7400,'20261013',627,,1574608,12,,,1,30,,1574609,12,,,1,71,,1574602,45,,,1,30,,1574607,12,,,1,70,,1574589,45,,,1,30,,1574606,12,,,1,70,,1574590,45,,,1,99,,1574591,45,,,1,101,,1574592,45,,,1,100,,1574593,45,,,1,100,,1574594,45,,,1,100,,1574595,45,,,1,101,,1574596,45,,,1,100,,1574597,45,,,1,99,,1574598,45,,,1,100,,1574599,45,,,1,99,,1574603,45,,,1,100,,1574604,45,,,1,100,,1574600,45,,,1,100,,1574605,45,,,1,100,,1574601,45,,,1
7400,'20261014',627,,1574629,12,,,1,30,,1574630,12,,,1,71,,1574623,45,,,1,30,,1574628,12,,,1,70,,1574610,45,,,1,30,,1574627,12,,,1,70,,1574611,45,,,1,99,,1574612,45,,,1,101,,1574613,45,,,1,100,,1574614,45,,,1,100,,1574615,45,,,1,100,,1574616,45,,,1,101,,1574617,45,,,1,100,,1574618,45,,,1,99,,1574619,45,,,1,100,,1574620,45,,,1,99,,1574624,45,,,1,100,,1574625,45,,,1,100,,1574621,45,,,1,100,,1574626,45,,,1,100,,1574622,45,,,1
7400,'20261015',627,,1574650,12,,,1,30,,1574651,12,,,1,71,,1574644,45,,,1,30,,1574649,12,,,1,70,,1574631,45,,,1,30,,1574648,12,,,1,70,,1574632,45,,,1,99,,1574633,45,,,1,101,,1574634,45,,,1,100,,1574635,45,,,1,100,,1574636,45,,,1,100,,1574637,45,,,1,101,,1574638,45,,,1,100,,1574639,45,,,1,99,,1574640,45,,,1,100,,1574641,45,,,1,99,,1574645,45,,,1,100,,1574646,45,,,1,100,,1574642,45,,,1,100,,1574647,45,,,1,100,,1574643,45,,,1
7400,'20261016',627,,1574671,12,,,1,30,,1574672,12,,,1,71,,1574665,45,,,1,30,,1574670,12,,,1,70,,1574652,45,,,1,30,,1574669,12,,,1,70,,1574653,45,,,1,99,,1574654,45,,,1,101,,1574655,45,,,1,100,,1574656,45,,,1,100,,1574657,45,,,1,100,,1574658,45,,,1,101,,1574659,45,,,1,100,,1574660,45,,,1,99,,1574661,45,,,1,100,,1574662,45,,,1,99,,1574666,45,,,1,100,,1574667,45,,,1,100,,1574663,45,,,1,100,,1574668,45,,,1,100,,1574664,45,,,1
7400,'20261017',826,,1606320,45,,,1,101,,1606334,45,,,1,100,,1606335,45,,,1,100,,1606321,45,,,1,100,,1606322,45,,,1,100,,1606323,45,,,1,100,,1606324,45,,,1,101,,1606325,45,,,1,100,,1606326,45,,,1,100,,1606327,45,,,1,100,,1606328,45,,,1,99,,1606329,45,,,1,100,,1606330,45,,,1,100,,1606331,45,,,1,100,,1606332,45,,,1,100,,1606333,45,,,1,129,,1606336,45,,,1
7400,'20261018',826,,1606337,45,,,1,101,,1606351,45,,,1,100,,1606338,45,,,1,100,,1606352,45,,,1,100,,1606345,45,,,1,100,,1606346,45,,,1,100,,1606347,45,,,1,101,,1606348,45,,,1,100,,1606349,45,,,1,100,,1606350,45,,,1,100,,1606339,45,,,1,99,,1606343,45,,,1,100,,1606344,45,,,1,100,,1606340,45,,,1,100,,1606341,45,,,1,100,,1606342,45,,,1,129,,1606353,45,,,1
7400,'20261019',627,,1606373,12,,,1,30,,1606374,12,,,1,71,,1606367,45,,,1,30,,1606372,12,,,1,70,,1606354,45,,,1,30,,1606371,12,,,1,70,,1606355,45,,,1,99,,1606356,45,,,1,101,,1606357,45,,,1,100,,1606358,45,,,1,100,,1606359,45,,,1,100,,1606360,45,,,1,101,,1606361,45,,,1,100,,1606362,45,,,1,99,,1606363,45,,,1,100,,1606364,45,,,1,99,,1606368,45,,,1,100,,1606369,45,,,1,100,,1606365,45,,,1,100,,1606370,45,,,1,100,,1606366,45,,,1
7400,'20261020',627,,1606394,12,,,1,30,,1606395,12,,,1,71,,1606388,45,,,1,30,,1606393,12,,,1,70,,1606375,45,,,1,30,,1606392,12,,,1,70,,1606376,45,,,1,99,,1606377,45,,,1,101,,1606378,45,,,1,100,,1606379,45,,,1,100,,1606380,45,,,1,100,,1606381,45,,,1,101,,1606382,45,,,1,100,,1606383,45,,,1,99,,1606384,45,,,1,100,,1606385,45,,,1,99,,1606389,45,,,1,100,,1606390,45,,,1,100,,1606386,45,,,1,100,,1606391,45,,,1,100,,1606387,45,,,1
