5200,'20261006',644,,1601374,21,,,0,71,,1601375,21,,,0,33,,1601376,21,,,0,74,,1601377,21,,,0,28,,1601378,21,,,0,66,,1601379,21,,,0,29,,1601380,21,,,0,99,,1601381,21,,,0,100,,1601382,21,,,0,101,,1601383,21,,,0,100,,1601384,21,,,0,101,,1601385,21,,,0,71,,1601386,21,,,0,31,,1601387,21,,,0,71,,1601388,21,,,0,30,,1601389,21,,,0,72,,1601390,21,,,0,27,,1601391,21,,,0,97,,1601392,21,,,0,98,,1601393,21,,,0,99,,1601394,21,,,0,100,,1601395,21,,,0,100,,1601396,21,,,0,100,,1601397,21,,,0
5200,'20261007',644,,1601398,21,,,0,71,,1601399,21,,,0,33,,1601400,21,,,0,74,,1601401,21,,,0,28,,1601402,21,,,0,66,,1601403,21,,,0,29,,1601404,21,,,0,99,,1601405,21,,,0,100,,1601406,21,,,0,101,,1601407,21,,,0,100,,1601408,21,,,0,101,,1601409,21,,,0,71,,1601410,21,,,0,31,,1601411,21,,,0,71,,1601412,21,,,0,30,,1601413,21,,,0,72,,1601414,21,,,0,27,,1601415,21,,,0,97,,1601416,21,,,0,98,,1601417,21,,,0,99,,1601418,21,,,0,100,,1601419,21,,,0,100,,1601420,21,,,0,100,,1601421,21,,,0
5200,'20261008',644,,1601422,21,,,0,71,,1601423,21,,,0,33,,1601424,21,,,0,74,,1601425,21,,,0,28,,1601426,21,,,0,66,,1601427,21,,,0,29,,1601428,21,,,0,99,,1601429,21,,,0,100,,1601430,21,,,0,101,,1601431,21,,,0,100,,1601432,21,,,0,101,,1601433,21,,,0,71,,1601434,21,,,0,31,,1601435,21,,,0,71,,1601436,21,,,0,30,,1601437,21,,,0,72,,1601438,21,,,0,27,,1601439,21,,,0,97,,1601440,21,,,0,98,,1601441,21,,,0,99,,1601442,21,,,0,100,,1601443,21,,,0,100,,1601444,21,,,0,100,,1601445,21,,,0
5200,'20261009',644,,1601446,21,,,0,71,,1601447,21,,,0,33,,1601448,21,,,0,74,,1601449,21,,,0,28,,1601450,21,,,0,66,,1601451,21,,,0,29,,1601452,21,,,0,99,,1601453,21,,,0,100,,1601454,21,,,0,101,,1601455,21,,,0,100,,1601456,21,,,0,101,,1601457,21,,,0,71,,1601458,21,,,0,31,,1601459,21,,,0,71,,1601460,21,,,0,30,,1601461,21,,,0,72,,1601462,21,,,0,27,,1601463,21,,,0,97,,1601464,21,,,0,98,,1601465,21,,,0,99,,1601466,21,,,0,100,,1601467,21,,,0,100,,1601468,21,,,0,100,,1601469,21,,,0
5200,'20261010',741,,1545681,21,,,0,101,,1545682,21,,,0,100,,1545683,21,,,0,100,,1545684,21,,,0,100,,1545685,21,,,0,101,,1545686,21,,,0,105,,1545687,21,,,0,95,,1545688,21,,,0,105,,1545689,21,,,0,95,,1545690,21,,,0,100,,1545691,21,,,0,99,,1545695,21,,,0,100,,1545692,21,,,0,99,,1545696,21,,,0,100,,1545693,21,,,0,100,,1545697,21,,,0,100,,1545694,21,,,0
5200,'20261011',741,,1545713,21,,,0,101,,1545712,21,,,0,100,,1545711,21,,,0,100,,1545714,21,,,0,100,,1545706,21,,,0,101,,1545705,21,,,0,105,,1545707,21,,,0,95,,1545701,21,,,0,105,,1545702,21,,,0,95,,1545700,21,,,0,100,,1545703,21,,,0,99,,1545709,21,,,0,100,,1545708,21,,,0,99,,1545699,21,,,0,100,,1545698,21,,,0,100,,1545710,21,,,0,100,,1545704,21,,,0
5200,'20261012',741,,1545730,21,,,0,101,,1545729,21,,,0,100,,1545728,21,,,0,100,,1545731,21,,,0,100,,1545723,21,,,0,101,,1545722,21,,,0,105,,1545724,21,,,0,95,,1545718,21,,,0,105,,1545719,21,,,0,95,,1545717,21,,,0,100,,1545720,21,,,0,99,,1545726,21,,,0,100,,1545725,21,,,0,99,,1545716,21,,,0,100,,1545715,21,,,0,100,,1545727,21,,,0,100,,1545721,21,,,0
5200,'20261013',644,,1569741,21,,,0,71,,1569742,21,,,0,33,,1569743,21,,,0,74,,1569744,21,,,0,28,,1569745,21,,,0,66,,1569763,21,,,0,29,,1569746,21,,,0,99,,1569747,21,,,0,100,,1569748,21,,,0,101,,1569749,21,,,0,100,,1569750,21,,,0,101,,1569751,21,,,0,71,,1569764,21,,,0,31,,1569752,21,,,0,71,,1569762,21,,,0,30,,1569753,21,,,0,72,,1569754,21,,,0,27,,1569755,21,,,0,97,,1569756,21,,,0,98,,1569757,21,,,0,99,,1569758,21,,,0,100,,1569759,21,,,0,100,,1569760,21,,,0,100,,1569761,21,,,0
5200,'20261014',644,,1569765,21,,,0,71,,1569766,21,,,0,33,,1569767,21,,,0,74,,1569768,21,,,0,28,,1569769,21,,,0,66,,1569787,21,,,0,29,,1569770,21,,,0,99,,1569771,21,,,0,100,,1569772,21,,,0,101,,1569773,21,,,0,100,,1569774,21,,,0,101,,1569775,21,,,0,71,,1569788,21,,,0,31,,1569776,21,,,0,71,,1569786,21,,,0,30,,1569777,21,,,0,72,,1569778,21,,,0,27,,1569779,21,,,0,97,,1569780,21,,,0,98,,1569781,21,,,0,99,,1569782,21,,,0,100,,1569783,21,,,0,100,,1569784,21,,,0,100,,1569785,21,,,0
5200,'20261015',644,,1569789,21,,,0,71,,1569790,21,,,0,33,,1569791,21,,,0,74,,1569792,21,,,0,28,,1569793,21,,,0,66,,1569811,21,,,0,29,,1569794,21,,,0,99,,1569795,21,,,0,100,,1569796,21,,,0,101,,1569797,21,,,0,100,,1569798,21,,,0,101,,1569799,21,,,0,71,,1569812,21,,,0,31,,1569800,21,,,0,71,,1569810,21,,,0,30,,1569801,21,,,0,72,,1569802,21,,,0,27,,1569803,21,,,0,97,,1569804,21,,,0,98,,1569805,21,,,0,99,,1569806,21,,,0,100,,1569807,21,,,0,100,,1569808,21,,,0,100,,1569809,21,,,0
5200,'20261016',644,,1569813,21,,,0,71,,1569814,21,,,0,33,,1569815,21,,,0,74,,1569816,21,,,0,28,,1569817,21,,,0,66,,1569835,21,,,0,29,,1569818,21,,,0,99,,1569819,21,,,0,100,,1569820,21,,,0,101,,1569821,21,,,0,100,,1569822,21,,,0,101,,1569823,21,,,0,71,,1569836,21,,,0,31,,1569824,21,,,0,71,,1569834,21,,,0,30,,1569825,21,,,0,72,,1569826,21,,,0,27,,1569827,21,,,0,97,,1569828,21,,,0,98,,1569829,21,,,0,99,,1569830,21,,,0,100,,1569831,21,,,0,100,,1569832,21,,,0,100,,1569833,21,,,0
5200,'20261017',741,,1601470,21,,,0,101,,1601471,21,,,0,100,,1601472,21,,,0,100,,1601473,21,,,0,100,,1601474,21,,,0,101,,1601475,21,,,0,105,,1601476,21,,,0,95,,1601477,21,,,0,105,,1601478,21,,,0,95,,1601479,21,,,0,100,,1601480,21,,,0,99,,1601484,21,,,0,100,,1601481,21,,,0,99,,1601485,21,,,0,100,,1601482,21,,,0,100,,1601486,21,,,0,100,,1601483,21,,,0
5200,'20261018',741,,1601502,21,,,0,101,,1601501,21,,,0,100,,1601500,21,,,0,100,,1601503,21,,,0,100,,1601495,21,,,0,101,,1601494,21,,,0,105,,1601496,21,,,0,95,,1601490,21,,,0,105,,1601491,21,,,0,95,,1601489,21,,,0,100,,1601492,21,,,0,99,,1601498,21,,,0,100,,1601497,21,,,0,99,,1601488,21,,,0,100,,1601487,21,,,0,100,,1601499,21,,,0,100,,1601493,21,,,0
5200,'20261019',644,,1601504,21,,,0,71,,1601505,21,,,0,33,,1601506,21,,,0,74,,1601507,21,,,0,28,,1601508,21,,,0,66,,1601526,21,,,0,29,,1601509,21,,,0,99,,1601510,21,,,0,100,,1601511,21,,,0,101,,1601512,21,,,0,100,,1601513,21,,,0,101,,1601514,21,,,0,71,,1601527,21,,,0,31,,1601515,21,,,0,71,,1601525,21,,,0,30,,1601516,21,,,0,72,,1601517,21,,,0,27,,1601518,21,,,0,97,,1601519,21,,,0,98,,1601520,21,,,0,99,,1601521,21,,,0,100,,1601522,21,,,0,100,,1601523,21,,,0,100,,1601524,21,,,0
5200,'20261020',644,,1601528,21,,,0,71,,1601529,21,,,0,33,,1601530,21,,,0,74,,1601531,21,,,0,28,,1601532,21,,,0,66,,1601550,21,,,0,29,,1601533,21,,,0,99,,1601534,21,,,0,100,,1601535,21,,,0,101,,1601536,21,,,0,100,,1601537,21,,,0,101,,1601538,21,,,0,71,,1601551,21,,,0,31,,1601539,21,,,0,71,,1601549,21,,,0,30,,1601540,21,,,0,72,,1601541,21,,,0,27,,1601542,21,,,0,97,,1601543,21,,,0,98,,1601544,21,,,0,99,,1601545,21,,,0,100,,1601546,21,,,0,100,,1601547,21,,,0,100,,1601548,21,,,0
1000301,'20261006',1559,,1625358,3,,,0
1000301,'20261007',1559,,1625359,3,,,0
1000301,'20261008',1559,,1625360,3,,,0
1000301,'20261009',1559,,1625361,3,,,0
1000301,'20261013',1559,,1593558,3,,,0
1000301,'20261014',1559,,1593559,3,,,0
1000301,'20261015',1559,,1593560,3,,,0
1000301,'20261016',1559,,1593561,3,,,0
1000301,'20261019',1559,,1625362,3,,,0
1000301,'20261020',1559,,1625363,3,,,0
