28303,'20261006',1634,,1612680,48,4,,0,67,,1612681,48,4,,0,99,,1612682,48,4,,0,22,,1612683,48,4,,0
28303,'20261007',1634,,1612684,48,4,,0,67,,1612685,48,4,,0,99,,1612686,48,4,,0,22,,1612687,48,4,,0
28303,'20261008',1634,,1612688,48,4,,0,67,,1612689,48,4,,0,99,,1612690,48,4,,0,22,,1612691,48,4,,0
28303,'20261009',1634,,1612692,48,4,,0,67,,1612693,48,4,,0,99,,1612694,48,4,,0,22,,1612695,48,4,,0
28303,'20261013',1634,,1580944,48,4,,0,67,,1580941,48,4,,0,99,,1580942,48,4,,0,22,,1580943,48,4,,0
28303,'20261014',1634,,1580948,48,4,,0,67,,1580945,48,4,,0,99,,1580946,48,4,,0,22,,1580947,48,4,,0
28303,'20261015',1634,,1580952,48,4,,0,67,,1580949,48,4,,0,99,,1580950,48,4,,0,22,,1580951,48,4,,0
28303,'20261016',1634,,1580956,48,4,,0,67,,1580953,48,4,,0,99,,1580954,48,4,,0,22,,1580955,48,4,,0
28303,'20261019',1634,,1612699,48,4,,0,67,,1612696,48,4,,0,99,,1612697,48,4,,0,22,,1612698,48,4,,0
28303,'20261020',1634,,1612703,48,4,,0,67,,1612700,48,4,,0,99,,1612701,48,4,,0,22,,1612702,48,4,,0
99203,'20261009',2607,,1625348,45,,,0,130,,1625349,45,,,0
99203,'20261010',2607,,1561872,45,,,0,130,,1561873,45,,,0
99203,'20261016',2607,,1593548,45,,,0,130,,1593549,45,,,0
99203,'20261017',2607,,1625350,45,,,0,130,,1625351,45,,,0
