9300,'20260929',750,,1551776,23,,,0,168,,1551777,23,,,0,129,,1551778,23,,,0,172,,1551779,23,,,0,129,,1551780,23,,,0,173,,1551781,23,,,0,134,,1551782,23,,,0,166,,1551783,23,,,0,124,,1551784,23,,,0,169,,1551785,23,,,0
9300,'20260930',750,,1551786,23,,,0,168,,1551787,23,,,0,129,,1551788,23,,,0,172,,1551789,23,,,0,129,,1551790,23,,,0,173,,1551791,23,,,0,134,,1551792,23,,,0,166,,1551793,23,,,0,124,,1551794,23,,,0,169,,1551795,23,,,0
9300,'20261001',750,,1551820,23,,,0,168,,1551821,23,,,0,129,,1551822,23,,,0,172,,1551823,23,,,0,129,,1551824,23,,,0,173,,1551825,23,,,0,134,,1551826,23,,,0,166,,1551827,23,,,0,124,,1551828,23,,,0,169,,1551829,23,,,0
9300,'20261002',750,,1474817,23,,,0,168,,1474818,23,,,0,129,,1474819,23,,,0,172,,1474820,23,,,0,129,,1474821,23,,,0,173,,1474822,23,,,0,134,,1474823,23,,,0,166,,1474824,23,,,0,124,,1474825,23,,,0,169,,1474826,23,,,0
9300,'20261003',742,,1497794,23,,,0,171,,1497795,23,,,0,131,,1497796,23,,,0,171,,1497797,23,,,0,130,,1497798,23,,,0,170,,1497799,23,,,0,132,,1497800,23,,,0,168,,1497801,23,,,0,127,,1497802,23,,,0,169,,1497803,23,,,0
9300,'20261004',742,,1497820,23,,,0,171,,1497821,23,,,0,131,,1497822,23,,,0,171,,1497823,23,,,0,130,,1497824,23,,,0,170,,1497825,23,,,0,132,,1497826,23,,,0,168,,1497827,23,,,0,127,,1497828,23,,,0,169,,1497829,23,,,0
9300,'20261005',750,,1497853,23,,,0,168,,1497854,23,,,0,129,,1497855,23,,,0,172,,1497856,23,,,0,129,,1497857,23,,,0,173,,1497858,23,,,0,134,,1497859,23,,,0,166,,1497860,23,,,0,124,,1497861,23,,,0,169,,1497862,23,,,0
9300,'20261006',750,,1525298,23,,,0,168,,1525299,23,,,0,129,,1525300,23,,,0,172,,1525301,23,,,0,129,,1525302,23,,,0,173,,1525303,23,,,0,134,,1525304,23,,,0,166,,1525305,23,,,0,124,,1525306,23,,,0,169,,1525307,23,,,0
9300,'20261007',750,,1525331,23,,,0,168,,1525332,23,,,0,129,,1525333,23,,,0,172,,1525334,23,,,0,129,,1525335,23,,,0,173,,1525336,23,,,0,134,,1525337,23,,,0,166,,1525338,23,,,0,124,,1525339,23,,,0,169,,1525340,23,,,0
9300,'20261008',750,,1525364,23,,,0,168,,1525365,23,,,0,129,,1525366,23,,,0,172,,1525367,23,,,0,129,,1525368,23,,,0,173,,1525369,23,,,0,134,,1525370,23,,,0,166,,1525371,23,,,0,124,,1525372,23,,,0,169,,1525373,23,,,0
9300,'20261009',750,,1525397,23,,,0,168,,1525398,23,,,0,129,,1525399,23,,,0,172,,1525400,23,,,0,129,,1525401,23,,,0,173,,1525402,23,,,0,134,,1525403,23,,,0,166,,1525404,23,,,0,124,,1525405,23,,,0,169,,1525406,23,,,0
9300,'20261010',742,,1551870,23,,,0,171,,1551871,23,,,0,131,,1551872,23,,,0,171,,1551873,23,,,0,130,,1551874,23,,,0,170,,1551875,23,,,0,132,,1551876,23,,,0,168,,1551877,23,,,0,127,,1551878,23,,,0,169,,1551879,23,,,0
9300,'20261011',742,,1551896,23,,,0,171,,1551897,23,,,0,131,,1551898,23,,,0,171,,1551899,23,,,0,130,,1551900,23,,,0,170,,1551901,23,,,0,132,,1551902,23,,,0,168,,1551903,23,,,0,127,,1551904,23,,,0,169,,1551905,23,,,0
9300,'20261012',742,,1551922,23,,,0,171,,1551923,23,,,0,131,,1551924,23,,,0,171,,1551925,23,,,0,130,,1551926,23,,,0,170,,1551927,23,,,0,132,,1551928,23,,,0,168,,1551929,23,,,0,127,,1551930,23,,,0,169,,1551931,23,,,0
