3901,'20261002',627,,1569215,30,,,0,28,,1569216,30,,,0,70,,1569217,30,,,0,28,,1569218,30,,,0,70,,1569219,30,,,0,13,,1569220,30,,,0,89,,1569221,30,,,0,100,,1569222,30,,,0,100,,1569223,30,,,0,100,,1569224,30,,,0,100,,1569225,30,,,0,100,,1569226,30,,,0,100,,1569227,30,,,0,99,,1569228,30,,,0,101,,1569229,30,,,0,100,,1569230,30,,,0,100,,1569231,30,,,0,100,,1569232,30,,,0,101,,1569233,30,,,0,100,,1569234,30,,,0,100,,1569235,30,,,0
3901,'20261003',726,,1569236,30,,,0,100,,1569237,30,,,0,99,,1569238,30,,,0,100,,1569239,30,,,0,100,,1569240,30,,,0,100,,1569241,30,,,0,100,,1569242,30,,,0,100,,1569243,30,,,0,100,,1569244,30,,,0,100,,1569245,30,,,0,100,,1569246,30,,,0,100,,1569247,30,,,0,101,,1569248,30,,,0,100,,1569249,30,,,0,100,,1569250,30,,,0,100,,1569251,30,,,0,100,,1569252,30,,,0
3901,'20261004',726,,1569253,30,,,0,100,,1569254,30,,,0,99,,1569255,30,,,0,100,,1569256,30,,,0,100,,1569257,30,,,0,100,,1569258,30,,,0,100,,1569259,30,,,0,100,,1569260,30,,,0,100,,1569261,30,,,0,100,,1569262,30,,,0,100,,1569263,30,,,0,100,,1569264,30,,,0,101,,1569265,30,,,0,100,,1569266,30,,,0,100,,1569267,30,,,0,100,,1569268,30,,,0,100,,1569269,30,,,0
3901,'20261005',627,,1569270,30,,,0,28,,1569271,30,,,0,70,,1569272,30,,,0,28,,1569273,30,,,0,70,,1569274,30,,,0,13,,1569275,30,,,0,89,,1569276,30,,,0,100,,1569277,30,,,0,100,,1569278,30,,,0,100,,1569279,30,,,0,100,,1569280,30,,,0,100,,1569281,30,,,0,100,,1569282,30,,,0,99,,1569283,30,,,0,101,,1569284,30,,,0,100,,1569285,30,,,0,100,,1569286,30,,,0,100,,1569287,30,,,0,101,,1569288,30,,,0,100,,1569289,30,,,0,100,,1569290,30,,,0
3901,'20261006',627,,1516014,30,,,0,28,,1516015,30,,,0,70,,1516016,30,,,0,28,,1516017,30,,,0,70,,1516018,30,,,0,13,,1516033,30,,,0,89,,1516019,30,,,0,100,,1516020,30,,,0,100,,1516021,30,,,0,100,,1516022,30,,,0,100,,1516023,30,,,0,100,,1516024,30,,,0,100,,1516025,30,,,0,99,,1516032,30,,,0,101,,1516026,30,,,0,100,,1516027,30,,,0,100,,1516028,30,,,0,100,,1516029,30,,,0,101,,1516030,30,,,0,100,,1516034,30,,,0,100,,1516031,30,,,0
3901,'20261007',627,,1516035,30,,,0,28,,1516036,30,,,0,70,,1516037,30,,,0,28,,1516038,30,,,0,70,,1516039,30,,,0,13,,1516054,30,,,0,89,,1516040,30,,,0,100,,1516041,30,,,0,100,,1516042,30,,,0,100,,1516043,30,,,0,100,,1516044,30,,,0,100,,1516045,30,,,0,100,,1516046,30,,,0,99,,1516053,30,,,0,101,,1516047,30,,,0,100,,1516048,30,,,0,100,,1516049,30,,,0,100,,1516050,30,,,0,101,,1516051,30,,,0,100,,1516055,30,,,0,100,,1516052,30,,,0
3901,'20261008',627,,1516056,30,,,0,28,,1516057,30,,,0,70,,1516058,30,,,0,28,,1516059,30,,,0,70,,1516060,30,,,0,13,,1516075,30,,,0,89,,1516061,30,,,0,100,,1516062,30,,,0,100,,1516063,30,,,0,100,,1516064,30,,,0,100,,1516065,30,,,0,100,,1516066,30,,,0,100,,1516067,30,,,0,99,,1516074,30,,,0,101,,1516068,30,,,0,100,,1516069,30,,,0,100,,1516070,30,,,0,100,,1516071,30,,,0,101,,1516072,30,,,0,100,,1516076,30,,,0,100,,1516073,30,,,0
3901,'20261009',627,,1516077,30,,,0,28,,1516078,30,,,0,70,,1516079,30,,,0,28,,1516080,30,,,0,70,,1516081,30,,,0,13,,1516096,30,,,0,89,,1516082,30,,,0,100,,1516083,30,,,0,100,,1516084,30,,,0,100,,1516085,30,,,0,100,,1516086,30,,,0,100,,1516087,30,,,0,100,,1516088,30,,,0,99,,1516095,30,,,0,101,,1516089,30,,,0,100,,1516090,30,,,0,100,,1516091,30,,,0,100,,1516092,30,,,0,101,,1516093,30,,,0,100,,1516097,30,,,0,100,,1516094,30,,,0
3901,'20261010',726,,1545348,30,,,0,100,,1545349,30,,,0,99,,1545350,30,,,0,100,,1545351,30,,,0,100,,1545352,30,,,0,100,,1545353,30,,,0,100,,1545354,30,,,0,100,,1545355,30,,,0,100,,1545356,30,,,0,100,,1545357,30,,,0,100,,1545358,30,,,0,100,,1545359,30,,,0,101,,1545360,30,,,0,100,,1545363,30,,,0,100,,1545361,30,,,0,100,,1545364,30,,,0,100,,1545362,30,,,0
3901,'20261011',726,,1545379,30,,,0,100,,1545365,30,,,0,99,,1545380,30,,,0,100,,1545366,30,,,0,100,,1545367,30,,,0,100,,1545368,30,,,0,100,,1545369,30,,,0,100,,1545370,30,,,0,100,,1545371,30,,,0,100,,1545372,30,,,0,100,,1545373,30,,,0,100,,1545374,30,,,0,101,,1545375,30,,,0,100,,1545378,30,,,0,100,,1545376,30,,,0,100,,1545381,30,,,0,100,,1545377,30,,,0
3901,'20261012',726,,1545396,30,,,0,100,,1545382,30,,,0,99,,1545397,30,,,0,100,,1545383,30,,,0,100,,1545384,30,,,0,100,,1545385,30,,,0,100,,1545386,30,,,0,100,,1545387,30,,,0,100,,1545388,30,,,0,100,,1545389,30,,,0,100,,1545390,30,,,0,100,,1545391,30,,,0,101,,1545392,30,,,0,100,,1545395,30,,,0,100,,1545393,30,,,0,100,,1545398,30,,,0,100,,1545394,30,,,0
3901,'20261013',627,,1569291,30,,,0,28,,1569292,30,,,0,70,,1569293,30,,,0,28,,1569294,30,,,0,70,,1569295,30,,,0,13,,1569310,30,,,0,89,,1569296,30,,,0,100,,1569297,30,,,0,100,,1569298,30,,,0,100,,1569299,30,,,0,100,,1569300,30,,,0,100,,1569301,30,,,0,100,,1569302,30,,,0,99,,1569309,30,,,0,101,,1569303,30,,,0,100,,1569304,30,,,0,100,,1569305,30,,,0,100,,1569306,30,,,0,101,,1569307,30,,,0,100,,1569311,30,,,0,100,,1569308,30,,,0
3901,'20261014',627,,1569312,30,,,0,28,,1569313,30,,,0,70,,1569314,30,,,0,28,,1569315,30,,,0,70,,1569316,30,,,0,13,,1569331,30,,,0,89,,1569317,30,,,0,100,,1569318,30,,,0,100,,1569319,30,,,0,100,,1569320,30,,,0,100,,1569321,30,,,0,100,,1569322,30,,,0,100,,1569323,30,,,0,99,,1569330,30,,,0,101,,1569324,30,,,0,100,,1569325,30,,,0,100,,1569326,30,,,0,100,,1569327,30,,,0,101,,1569328,30,,,0,100,,1569332,30,,,0,100,,1569329,30,,,0
3901,'20261015',627,,1569333,30,,,0,28,,1569334,30,,,0,70,,1569335,30,,,0,28,,1569336,30,,,0,70,,1569337,30,,,0,13,,1569352,30,,,0,89,,1569338,30,,,0,100,,1569339,30,,,0,100,,1569340,30,,,0,100,,1569341,30,,,0,100,,1569342,30,,,0,100,,1569343,30,,,0,100,,1569344,30,,,0,99,,1569351,30,,,0,101,,1569345,30,,,0,100,,1569346,30,,,0,100,,1569347,30,,,0,100,,1569348,30,,,0,101,,1569349,30,,,0,100,,1569353,30,,,0,100,,1569350,30,,,0
3901,'20261016',627,,1569354,30,,,0,28,,1569355,30,,,0,70,,1569356,30,,,0,28,,1569357,30,,,0,70,,1569358,30,,,0,13,,1569373,30,,,0,89,,1569359,30,,,0,100,,1569360,30,,,0,100,,1569361,30,,,0,100,,1569362,30,,,0,100,,1569363,30,,,0,100,,1569364,30,,,0,100,,1569365,30,,,0,99,,1569372,30,,,0,101,,1569366,30,,,0,100,,1569367,30,,,0,100,,1569368,30,,,0,100,,1569369,30,,,0,101,,1569370,30,,,0,100,,1569374,30,,,0,100,,1569371,30,,,0
33001,'20261002',618,,1581288,7,,,0,19,,1581289,7,,,0,7,,1581290,7,,,0,14,,1581291,7,,,0,53,,1581292,7,,,0,15,,1581293,7,,,0,27,,1581294,7,,,0,71,,1581295,7,,,0,20,,1581296,7,,,0,57,,1581287,7,,,0,2,,1581297,7,,,0,100,,1581298,7,,,0,53,,1581299,7,,,0,100,,1581300,7,,,0
33001,'20261005',618,,1581302,7,,,0,19,,1581303,7,,,0,7,,1581304,7,,,0,14,,1581305,7,,,0,53,,1581306,7,,,0,15,,1581307,7,,,0,27,,1581308,7,,,0,71,,1581309,7,,,0,20,,1581310,7,,,0,57,,1581301,7,,,0,2,,1581311,7,,,0,100,,1581312,7,,,0,53,,1581313,7,,,0,100,,1581314,7,,,0
33001,'20261006',618,,1528043,7,,,0,19,,1528039,7,,,0,7,,1528040,7,,,0,14,,1528051,7,,,0,53,,1528044,7,,,0,15,,1528045,7,,,0,27,,1528046,7,,,0,71,,1528047,7,,,0,20,,1528041,7,,,0,59,,1528048,7,,,0,100,,1528049,7,,,0,53,,1528042,7,,,0,100,,1528050,7,,,0
33001,'20261007',618,,1528056,7,,,0,19,,1528052,7,,,0,7,,1528053,7,,,0,14,,1528064,7,,,0,53,,1528057,7,,,0,15,,1528058,7,,,0,27,,1528059,7,,,0,71,,1528060,7,,,0,20,,1528054,7,,,0,59,,1528061,7,,,0,100,,1528062,7,,,0,53,,1528055,7,,,0,100,,1528063,7,,,0
33001,'20261008',618,,1528069,7,,,0,19,,1528065,7,,,0,7,,1528066,7,,,0,14,,1528077,7,,,0,53,,1528070,7,,,0,15,,1528071,7,,,0,27,,1528072,7,,,0,71,,1528073,7,,,0,20,,1528067,7,,,0,59,,1528074,7,,,0,100,,1528075,7,,,0,53,,1528068,7,,,0,100,,1528076,7,,,0
33001,'20261009',618,,1528082,7,,,0,19,,1528078,7,,,0,7,,1528079,7,,,0,14,,1528090,7,,,0,53,,1528083,7,,,0,15,,1528084,7,,,0,27,,1528085,7,,,0,71,,1528086,7,,,0,20,,1528080,7,,,0,59,,1528087,7,,,0,100,,1528088,7,,,0,53,,1528081,7,,,0,100,,1528089,7,,,0
33001,'20261013',618,,1581319,7,,,0,19,,1581315,7,,,0,7,,1581316,7,,,0,14,,1581327,7,,,0,53,,1581320,7,,,0,15,,1581321,7,,,0,27,,1581322,7,,,0,71,,1581323,7,,,0,20,,1581317,7,,,0,59,,1581324,7,,,0,100,,1581325,7,,,0,53,,1581318,7,,,0,100,,1581326,7,,,0
33001,'20261014',618,,1581332,7,,,0,19,,1581328,7,,,0,7,,1581329,7,,,0,14,,1581340,7,,,0,53,,1581333,7,,,0,15,,1581334,7,,,0,27,,1581335,7,,,0,71,,1581336,7,,,0,20,,1581330,7,,,0,59,,1581337,7,,,0,100,,1581338,7,,,0,53,,1581331,7,,,0,100,,1581339,7,,,0
33001,'20261015',618,,1581345,7,,,0,19,,1581341,7,,,0,7,,1581342,7,,,0,14,,1581353,7,,,0,53,,1581346,7,,,0,15,,1581347,7,,,0,27,,1581348,7,,,0,71,,1581349,7,,,0,20,,1581343,7,,,0,59,,1581350,7,,,0,100,,1581351,7,,,0,53,,1581344,7,,,0,100,,1581352,7,,,0
33001,'20261016',618,,1581358,7,,,0,19,,1581354,7,,,0,7,,1581355,7,,,0,14,,1581366,7,,,0,53,,1581359,7,,,0,15,,1581360,7,,,0,27,,1581361,7,,,0,71,,1581362,7,,,0,20,,1581356,7,,,0,59,,1581363,7,,,0,100,,1581364,7,,,0,53,,1581357,7,,,0,100,,1581365,7,,,0
53001,'20261002',624,,1582161,7,,,0,22,,1582162,7,,,0,60,,1582163,7,,,0,13,,1582164,7,,,0,20,,1582160,7,,,0,2,,1582165,7,,,0,96,,1582166,7,,,0,205,,1582167,7,,,0
53001,'20261005',624,,1582169,7,,,0,22,,1582170,7,,,0,60,,1582171,7,,,0,13,,1582172,7,,,0,20,,1582168,7,,,0,2,,1582173,7,,,0,96,,1582174,7,,,0,205,,1582175,7,,,0
53001,'20261006',624,,1528900,7,,,0,22,,1528901,7,,,0,60,,1528904,7,,,0,13,,1528902,7,,,0,22,,1528903,7,,,0,96,,1528905,7,,,0,205,,1528906,7,,,0
53001,'20261007',624,,1528907,7,,,0,22,,1528908,7,,,0,60,,1528911,7,,,0,13,,1528909,7,,,0,22,,1528910,7,,,0,96,,1528912,7,,,0,205,,1528913,7,,,0
53001,'20261008',624,,1528914,7,,,0,22,,1528915,7,,,0,60,,1528918,7,,,0,13,,1528916,7,,,0,22,,1528917,7,,,0,96,,1528919,7,,,0,205,,1528920,7,,,0
53001,'20261009',624,,1528921,7,,,0,22,,1528922,7,,,0,60,,1528925,7,,,0,13,,1528923,7,,,0,22,,1528924,7,,,0,96,,1528926,7,,,0,205,,1528927,7,,,0
53001,'20261013',624,,1582176,7,,,0,22,,1582177,7,,,0,60,,1582180,7,,,0,13,,1582178,7,,,0,22,,1582179,7,,,0,96,,1582181,7,,,0,205,,1582182,7,,,0
53001,'20261014',624,,1582183,7,,,0,22,,1582184,7,,,0,60,,1582187,7,,,0,13,,1582185,7,,,0,22,,1582186,7,,,0,96,,1582188,7,,,0,205,,1582189,7,,,0
53001,'20261015',624,,1582190,7,,,0,22,,1582191,7,,,0,60,,1582194,7,,,0,13,,1582192,7,,,0,22,,1582193,7,,,0,96,,1582195,7,,,0,205,,1582196,7,,,0
53001,'20261016',624,,1582197,7,,,0,22,,1582198,7,,,0,60,,1582201,7,,,0,13,,1582199,7,,,0,22,,1582200,7,,,0,96,,1582202,7,,,0,205,,1582203,7,,,0
