8401,'20261009',622,,1608781,30,,,1,27,,1608782,30,,,1,69,,1608783,30,,,1,29,,1608784,30,,,1,69,,1608785,30,,,1,33,,1608786,30,,,1,72,,1608787,30,,,1,100,,1608788,30,,,1,100,,1608789,30,,,1,98,,1608790,30,,,1,102,,1608791,30,,,1,99,,1608792,30,,,1,97,,1608793,30,,,1,95,,1608794,30,,,1,108,,1608795,30,,,1,103,,1608796,30,,,1,99,,1608797,30,,,1,100,,1608798,30,,,1,102,,1608799,30,,,1,100,,1608800,30,,,1,100,,1608801,30,,,1
8401,'20261010',624,,1635867,30,,,1,99,,1635868,30,,,1,99,,1635869,30,,,1,100,,1635870,30,,,1,100,,1635871,30,,,1,100,,1635872,30,,,1,100,,1635873,30,,,1,99,,1635874,30,,,1,100,,1635875,30,,,1,99,,1635876,30,,,1,102,,1635877,30,,,1,101,,1635878,30,,,1,100,,1635879,30,,,1,100,,1635880,30,,,1,100,,1635881,30,,,1,100,,1635882,30,,,1,102,,1635883,30,,,1,100,,1635884,30,,,1
8401,'20261011',624,,1635885,30,,,1,99,,1635886,30,,,1,99,,1635887,30,,,1,100,,1635888,30,,,1,100,,1635889,30,,,1,100,,1635890,30,,,1,100,,1635891,30,,,1,99,,1635892,30,,,1,100,,1635893,30,,,1,99,,1635894,30,,,1,102,,1635895,30,,,1,101,,1635896,30,,,1,100,,1635897,30,,,1,100,,1635898,30,,,1,100,,1635899,30,,,1,100,,1635900,30,,,1,102,,1635901,30,,,1,100,,1635902,30,,,1
8401,'20261012',624,,1635903,30,,,1,99,,1635904,30,,,1,99,,1635905,30,,,1,100,,1635906,30,,,1,100,,1635907,30,,,1,100,,1635908,30,,,1,100,,1635909,30,,,1,99,,1635910,30,,,1,100,,1635911,30,,,1,99,,1635912,30,,,1,102,,1635913,30,,,1,101,,1635914,30,,,1,100,,1635915,30,,,1,100,,1635916,30,,,1,100,,1635917,30,,,1,100,,1635918,30,,,1,102,,1635919,30,,,1,100,,1635920,30,,,1
8401,'20261013',622,,1577064,30,,,1,27,,1577083,30,,,1,69,,1577065,30,,,1,29,,1577084,30,,,1,69,,1577066,30,,,1,33,,1577081,30,,,1,72,,1577067,30,,,1,100,,1577068,30,,,1,100,,1577069,30,,,1,98,,1577070,30,,,1,102,,1577071,30,,,1,99,,1577072,30,,,1,97,,1577073,30,,,1,95,,1577074,30,,,1,108,,1577075,30,,,1,103,,1577076,30,,,1,99,,1577077,30,,,1,100,,1577078,30,,,1,102,,1577079,30,,,1,100,,1577080,30,,,1,100,,1577082,30,,,1
8401,'20261014',622,,1577085,30,,,1,27,,1577104,30,,,1,69,,1577086,30,,,1,29,,1577105,30,,,1,69,,1577087,30,,,1,33,,1577102,30,,,1,72,,1577088,30,,,1,100,,1577089,30,,,1,100,,1577090,30,,,1,98,,1577091,30,,,1,102,,1577092,30,,,1,99,,1577093,30,,,1,97,,1577094,30,,,1,95,,1577095,30,,,1,108,,1577096,30,,,1,103,,1577097,30,,,1,99,,1577098,30,,,1,100,,1577099,30,,,1,102,,1577100,30,,,1,100,,1577101,30,,,1,100,,1577103,30,,,1
8401,'20261015',622,,1577106,30,,,1,27,,1577125,30,,,1,69,,1577107,30,,,1,29,,1577126,30,,,1,69,,1577108,30,,,1,33,,1577123,30,,,1,72,,1577109,30,,,1,100,,1577110,30,,,1,100,,1577111,30,,,1,98,,1577112,30,,,1,102,,1577113,30,,,1,99,,1577114,30,,,1,97,,1577115,30,,,1,95,,1577116,30,,,1,108,,1577117,30,,,1,103,,1577118,30,,,1,99,,1577119,30,,,1,100,,1577120,30,,,1,102,,1577121,30,,,1,100,,1577122,30,,,1,100,,1577124,30,,,1
8401,'20261016',622,,1577127,30,,,1,27,,1577146,30,,,1,69,,1577128,30,,,1,29,,1577147,30,,,1,69,,1577129,30,,,1,33,,1577144,30,,,1,72,,1577130,30,,,1,100,,1577131,30,,,1,100,,1577132,30,,,1,98,,1577133,30,,,1,102,,1577134,30,,,1,99,,1577135,30,,,1,97,,1577136,30,,,1,95,,1577137,30,,,1,108,,1577138,30,,,1,103,,1577139,30,,,1,99,,1577140,30,,,1,100,,1577141,30,,,1,102,,1577142,30,,,1,100,,1577143,30,,,1,100,,1577145,30,,,1
8401,'20261017',624,,1608802,30,,,1,99,,1608817,30,,,1,99,,1608803,30,,,1,100,,1608816,30,,,1,100,,1608804,30,,,1,100,,1608811,30,,,1,100,,1608812,30,,,1,99,,1608813,30,,,1,100,,1608814,30,,,1,99,,1608815,30,,,1,102,,1608806,30,,,1,101,,1608805,30,,,1,100,,1608807,30,,,1,100,,1608810,30,,,1,100,,1608809,30,,,1,100,,1608808,30,,,1,102,,1608818,30,,,1,100,,1608819,30,,,1
8401,'20261018',624,,1608832,30,,,1,99,,1608836,30,,,1,99,,1608835,30,,,1,100,,1608833,30,,,1,100,,1608820,30,,,1,100,,1608826,30,,,1,100,,1608821,30,,,1,99,,1608827,30,,,1,100,,1608822,30,,,1,99,,1608828,30,,,1,102,,1608823,30,,,1,101,,1608829,30,,,1,100,,1608824,30,,,1,100,,1608830,30,,,1,100,,1608825,30,,,1,100,,1608831,30,,,1,102,,1608834,30,,,1,100,,1608837,30,,,1
8401,'20261019',622,,1608838,30,,,1,27,,1608857,30,,,1,69,,1608839,30,,,1,29,,1608858,30,,,1,69,,1608840,30,,,1,33,,1608855,30,,,1,72,,1608841,30,,,1,100,,1608842,30,,,1,100,,1608843,30,,,1,98,,1608844,30,,,1,102,,1608845,30,,,1,99,,1608846,30,,,1,97,,1608847,30,,,1,95,,1608848,30,,,1,108,,1608849,30,,,1,103,,1608850,30,,,1,99,,1608851,30,,,1,100,,1608852,30,,,1,102,,1608853,30,,,1,100,,1608854,30,,,1,100,,1608856,30,,,1
8401,'20261020',622,,1608859,30,,,1,27,,1608878,30,,,1,69,,1608860,30,,,1,29,,1608879,30,,,1,69,,1608861,30,,,1,33,,1608876,30,,,1,72,,1608862,30,,,1,100,,1608863,30,,,1,100,,1608864,30,,,1,98,,1608865,30,,,1,102,,1608866,30,,,1,99,,1608867,30,,,1,97,,1608868,30,,,1,95,,1608869,30,,,1,108,,1608870,30,,,1,103,,1608871,30,,,1,99,,1608872,30,,,1,100,,1608873,30,,,1,102,,1608874,30,,,1,100,,1608875,30,,,1,100,,1608877,30,,,1
8401,'20261021',622,,1635921,30,,,1,27,,1635940,30,,,1,69,,1635922,30,,,1,29,,1635941,30,,,1,69,,1635923,30,,,1,33,,1635938,30,,,1,72,,1635924,30,,,1,100,,1635925,30,,,1,100,,1635926,30,,,1,98,,1635927,30,,,1,102,,1635928,30,,,1,99,,1635929,30,,,1,97,,1635930,30,,,1,95,,1635931,30,,,1,108,,1635932,30,,,1,103,,1635933,30,,,1,99,,1635934,30,,,1,100,,1635935,30,,,1,102,,1635936,30,,,1,100,,1635937,30,,,1,100,,1635939,30,,,1
8401,'20261022',622,,1635942,30,,,1,27,,1635961,30,,,1,69,,1635943,30,,,1,29,,1635962,30,,,1,69,,1635944,30,,,1,33,,1635959,30,,,1,72,,1635945,30,,,1,100,,1635946,30,,,1,100,,1635947,30,,,1,98,,1635948,30,,,1,102,,1635949,30,,,1,99,,1635950,30,,,1,97,,1635951,30,,,1,95,,1635952,30,,,1,108,,1635953,30,,,1,103,,1635954,30,,,1,99,,1635955,30,,,1,100,,1635956,30,,,1,102,,1635957,30,,,1,100,,1635958,30,,,1,100,,1635960,30,,,1
8401,'20261023',622,,1635963,30,,,1,27,,1635982,30,,,1,69,,1635964,30,,,1,29,,1635983,30,,,1,69,,1635965,30,,,1,33,,1635980,30,,,1,72,,1635966,30,,,1,100,,1635967,30,,,1,100,,1635968,30,,,1,98,,1635969,30,,,1,102,,1635970,30,,,1,99,,1635971,30,,,1,97,,1635972,30,,,1,95,,1635973,30,,,1,108,,1635974,30,,,1,103,,1635975,30,,,1,99,,1635976,30,,,1,100,,1635977,30,,,1,102,,1635978,30,,,1,100,,1635979,30,,,1,100,,1635981,30,,,1
27300,'20261009',1645,,1612320,39,4,,0,70,,1612321,39,4,,0,23,,1612322,39,4,,0,72,,1612323,39,4,,0
27300,'20261013',1645,,1580569,39,4,,0,70,,1580570,39,4,,0,23,,1580571,39,4,,0,72,,1580572,39,4,,0
27300,'20261014',1645,,1580573,39,4,,0,70,,1580574,39,4,,0,23,,1580575,39,4,,0,72,,1580576,39,4,,0
27300,'20261015',1645,,1580577,39,4,,0,70,,1580578,39,4,,0,23,,1580579,39,4,,0,72,,1580580,39,4,,0
27300,'20261016',1645,,1580581,39,4,,0,70,,1580582,39,4,,0,23,,1580583,39,4,,0,72,,1580584,39,4,,0
27300,'20261019',1645,,1612324,39,4,,0,70,,1612325,39,4,,0,23,,1612326,39,4,,0,72,,1612327,39,4,,0
27300,'20261020',1645,,1612328,39,4,,0,70,,1612329,39,4,,0,23,,1612330,39,4,,0,72,,1612331,39,4,,0
27300,'20261021',1645,,1638138,39,4,,0,70,,1638139,39,4,,0,23,,1638140,39,4,,0,72,,1638141,39,4,,0
27300,'20261022',1645,,1638142,39,4,,0,70,,1638143,39,4,,0,23,,1638144,39,4,,0,72,,1638145,39,4,,0
27300,'20261023',1645,,1638146,39,4,,0,70,,1638147,39,4,,0,23,,1638148,39,4,,0,72,,1638149,39,4,,0
29000,'20261009',1632,,1612839,36,4,,0,74,,1612840,36,4,,0,34,,1612841,36,4,,0,73,,1612842,36,4,,0,36,,1612843,36,4,,0
29000,'20261013',1632,,1581087,36,4,,0,74,,1581088,36,4,,0,34,,1581089,36,4,,0,73,,1581090,36,4,,0,36,,1581091,36,4,,0
29000,'20261014',1632,,1581092,36,4,,0,74,,1581093,36,4,,0,34,,1581094,36,4,,0,73,,1581095,36,4,,0,36,,1581096,36,4,,0
29000,'20261015',1632,,1581097,36,4,,0,74,,1581098,36,4,,0,34,,1581099,36,4,,0,73,,1581100,36,4,,0,36,,1581101,36,4,,0
29000,'20261016',1632,,1581102,36,4,,0,74,,1581103,36,4,,0,34,,1581104,36,4,,0,73,,1581105,36,4,,0,36,,1581106,36,4,,0
29000,'20261019',1632,,1612844,36,4,,0,74,,1612845,36,4,,0,34,,1612846,36,4,,0,73,,1612847,36,4,,0,36,,1612848,36,4,,0
29000,'20261020',1632,,1612849,36,4,,0,74,,1612850,36,4,,0,34,,1612851,36,4,,0,73,,1612852,36,4,,0,36,,1612853,36,4,,0
29000,'20261021',1632,,1638396,36,4,,0,74,,1638397,36,4,,0,34,,1638398,36,4,,0,73,,1638399,36,4,,0,36,,1638400,36,4,,0
29000,'20261022',1632,,1638401,36,4,,0,74,,1638402,36,4,,0,34,,1638403,36,4,,0,73,,1638404,36,4,,0,36,,1638405,36,4,,0
29000,'20261023',1632,,1638406,36,4,,0,74,,1638407,36,4,,0,34,,1638408,36,4,,0,73,,1638409,36,4,,0,36,,1638410,36,4,,0
