2800,'20261006',910,,1598951,16,,,0,30,,1598952,16,,,0,70,,1598953,16,,,0,30,,1598954,16,,,0,69,,1598955,16,,,0,30,,1598956,16,,,0,71,,1598957,16,,,0,29,,1598958,16,,,0,71,,1598959,16,,,0,29,,1598960,16,,,0,71,,1598961,16,,,0,28,,1598962,16,,,0,69,,1598963,16,,,0
2800,'20261007',910,,1598994,16,,,0,30,,1598995,16,,,0,70,,1598996,16,,,0,30,,1598997,16,,,0,69,,1598998,16,,,0,30,,1598999,16,,,0,71,,1599000,16,,,0,29,,1599001,16,,,0,71,,1599002,16,,,0,29,,1599003,16,,,0,71,,1599004,16,,,0,28,,1599005,16,,,0,69,,1599006,16,,,0
2800,'20261008',910,,1599037,16,,,0,30,,1599038,16,,,0,70,,1599039,16,,,0,30,,1599040,16,,,0,69,,1599041,16,,,0,30,,1599042,16,,,0,71,,1599043,16,,,0,29,,1599044,16,,,0,71,,1599045,16,,,0,29,,1599046,16,,,0,71,,1599047,16,,,0,28,,1599048,16,,,0,69,,1599049,16,,,0
2800,'20261009',910,,1599080,16,,,0,30,,1599081,16,,,0,70,,1599082,16,,,0,30,,1599083,16,,,0,69,,1599084,16,,,0,30,,1599085,16,,,0,71,,1599086,16,,,0,29,,1599087,16,,,0,71,,1599088,16,,,0,29,,1599089,16,,,0,71,,1599090,16,,,0,28,,1599091,16,,,0,69,,1599092,16,,,0
2800,'20261010',1211,,1544076,16,,,0,31,,1544089,16,,,0,67,,1544077,16,,,0,33,,1544090,16,,,0,69,,1544078,16,,,0,36,,1544091,16,,,0,65,,1544079,16,,,0,32,,1544092,16,,,0,65,,1544080,16,,,0,32,,1544093,16,,,0,73,,1544081,16,,,0,33,,1544094,16,,,0,65,,1544082,16,,,0
2800,'20261011',1211,,1544110,16,,,0,31,,1544123,16,,,0,67,,1544107,16,,,0,33,,1544124,16,,,0,69,,1544111,16,,,0,36,,1544121,16,,,0,65,,1544112,16,,,0,32,,1544125,16,,,0,65,,1544113,16,,,0,32,,1544127,16,,,0,73,,1544114,16,,,0,33,,1544128,16,,,0,65,,1544115,16,,,0
2800,'20261012',1211,,1544143,16,,,0,31,,1544156,16,,,0,67,,1544140,16,,,0,33,,1544157,16,,,0,69,,1544144,16,,,0,36,,1544154,16,,,0,65,,1544145,16,,,0,32,,1544158,16,,,0,65,,1544146,16,,,0,32,,1544160,16,,,0,73,,1544147,16,,,0,33,,1544161,16,,,0,65,,1544148,16,,,0
2800,'20261013',910,,1567386,16,,,0,30,,1567390,16,,,0,70,,1567392,16,,,0,30,,1567393,16,,,0,69,,1567394,16,,,0,30,,1567391,16,,,0,71,,1567395,16,,,0,29,,1567397,16,,,0,71,,1567398,16,,,0,29,,1567399,16,,,0,71,,1567396,16,,,0,28,,1567400,16,,,0,69,,1567402,16,,,0
2800,'20261014',910,,1567429,16,,,0,30,,1567433,16,,,0,70,,1567435,16,,,0,30,,1567436,16,,,0,69,,1567437,16,,,0,30,,1567434,16,,,0,71,,1567438,16,,,0,29,,1567440,16,,,0,71,,1567441,16,,,0,29,,1567442,16,,,0,71,,1567439,16,,,0,28,,1567443,16,,,0,69,,1567445,16,,,0
2800,'20261015',910,,1567472,16,,,0,30,,1567476,16,,,0,70,,1567478,16,,,0,30,,1567479,16,,,0,69,,1567480,16,,,0,30,,1567477,16,,,0,71,,1567481,16,,,0,29,,1567483,16,,,0,71,,1567484,16,,,0,29,,1567485,16,,,0,71,,1567482,16,,,0,28,,1567486,16,,,0,69,,1567488,16,,,0
2800,'20261016',910,,1567515,16,,,0,30,,1567519,16,,,0,70,,1567521,16,,,0,30,,1567522,16,,,0,69,,1567523,16,,,0,30,,1567520,16,,,0,71,,1567524,16,,,0,29,,1567526,16,,,0,71,,1567527,16,,,0,29,,1567528,16,,,0,71,,1567525,16,,,0,28,,1567529,16,,,0,69,,1567531,16,,,0
2800,'20261017',1211,,1599122,16,,,0,31,,1599135,16,,,0,67,,1599123,16,,,0,33,,1599136,16,,,0,69,,1599124,16,,,0,36,,1599137,16,,,0,65,,1599125,16,,,0,32,,1599138,16,,,0,65,,1599126,16,,,0,32,,1599139,16,,,0,73,,1599127,16,,,0,33,,1599140,16,,,0,65,,1599128,16,,,0
2800,'20261018',1211,,1599156,16,,,0,31,,1599169,16,,,0,67,,1599153,16,,,0,33,,1599170,16,,,0,69,,1599157,16,,,0,36,,1599167,16,,,0,65,,1599158,16,,,0,32,,1599171,16,,,0,65,,1599159,16,,,0,32,,1599173,16,,,0,73,,1599160,16,,,0,33,,1599174,16,,,0,65,,1599161,16,,,0
2800,'20261019',910,,1599185,16,,,0,30,,1599189,16,,,0,70,,1599191,16,,,0,30,,1599192,16,,,0,69,,1599193,16,,,0,30,,1599190,16,,,0,71,,1599194,16,,,0,29,,1599196,16,,,0,71,,1599197,16,,,0,29,,1599198,16,,,0,71,,1599195,16,,,0,28,,1599199,16,,,0,69,,1599201,16,,,0
2800,'20261020',910,,1599228,16,,,0,30,,1599232,16,,,0,70,,1599234,16,,,0,30,,1599235,16,,,0,69,,1599236,16,,,0,30,,1599233,16,,,0,71,,1599237,16,,,0,29,,1599239,16,,,0,71,,1599240,16,,,0,29,,1599241,16,,,0,71,,1599238,16,,,0,28,,1599242,16,,,0,69,,1599244,16,,,0
