2200,'20261006',706,,1598828,16,,,0,29,,1598829,16,,,0,68,,1598830,16,,,0,34,,1598831,16,,,0,70,,1598832,16,,,0,694,,1598833,16,,,0,27,,1598834,16,,,0,109,,1598835,16,,,0,101,,1598836,16,,,0
2200,'20261007',706,,1598837,16,,,0,29,,1598838,16,,,0,68,,1598839,16,,,0,34,,1598840,16,,,0,70,,1598841,16,,,0,694,,1598842,16,,,0,27,,1598843,16,,,0,109,,1598844,16,,,0,101,,1598845,16,,,0
2200,'20261008',706,,1598846,16,,,0,29,,1598847,16,,,0,68,,1598848,16,,,0,34,,1598849,16,,,0,70,,1598850,16,,,0,694,,1598851,16,,,0,27,,1598852,16,,,0,109,,1598853,16,,,0,101,,1598854,16,,,0
2200,'20261009',706,,1598855,16,,,0,29,,1598856,16,,,0,68,,1598857,16,,,0,34,,1598858,16,,,0,70,,1598859,16,,,0,694,,1598860,16,,,0,27,,1598861,16,,,0,109,,1598862,16,,,0,101,,1598863,16,,,0
2200,'20261013',706,,1567131,16,,,0,29,,1567132,16,,,0,68,,1567133,16,,,0,34,,1567134,16,,,0,70,,1567135,16,,,0,694,,1567136,16,,,0,27,,1567137,16,,,0,109,,1567138,16,,,0,101,,1567139,16,,,0
2200,'20261014',706,,1567140,16,,,0,29,,1567141,16,,,0,68,,1567142,16,,,0,34,,1567143,16,,,0,70,,1567144,16,,,0,694,,1567145,16,,,0,27,,1567146,16,,,0,109,,1567147,16,,,0,101,,1567148,16,,,0
2200,'20261015',706,,1567149,16,,,0,29,,1567150,16,,,0,68,,1567151,16,,,0,34,,1567152,16,,,0,70,,1567153,16,,,0,694,,1567154,16,,,0,27,,1567155,16,,,0,109,,1567156,16,,,0,101,,1567157,16,,,0
2200,'20261016',706,,1567158,16,,,0,29,,1567159,16,,,0,68,,1567160,16,,,0,34,,1567161,16,,,0,70,,1567162,16,,,0,694,,1567163,16,,,0,27,,1567164,16,,,0,109,,1567165,16,,,0,101,,1567166,16,,,0
2200,'20261019',706,,1598864,16,,,0,29,,1598865,16,,,0,68,,1598866,16,,,0,34,,1598867,16,,,0,70,,1598868,16,,,0,694,,1598869,16,,,0,27,,1598870,16,,,0,109,,1598871,16,,,0,101,,1598872,16,,,0
2200,'20261020',706,,1598873,16,,,0,29,,1598874,16,,,0,68,,1598875,16,,,0,34,,1598876,16,,,0,70,,1598877,16,,,0,694,,1598878,16,,,0,27,,1598879,16,,,0,109,,1598880,16,,,0,101,,1598881,16,,,0
2903,'20261006',608,,1599614,23,,,0,30,,1599615,23,,,0,69,,1599616,23,,,0,28,,1599617,23,,,0,71,,1599618,23,,,0,30,,1599619,23,,,0
2903,'20261007',608,,1599620,23,,,0,30,,1599621,23,,,0,69,,1599622,23,,,0,28,,1599623,23,,,0,71,,1599624,23,,,0,30,,1599625,23,,,0
2903,'20261008',608,,1599626,23,,,0,30,,1599627,23,,,0,69,,1599628,23,,,0,28,,1599629,23,,,0,71,,1599630,23,,,0,30,,1599631,23,,,0
2903,'20261009',608,,1599632,23,,,0,30,,1599633,23,,,0,69,,1599634,23,,,0,28,,1599635,23,,,0,71,,1599636,23,,,0,30,,1599637,23,,,0
2903,'20261013',608,,1567915,23,,,0,30,,1567916,23,,,0,69,,1567913,23,,,0,28,,1567917,23,,,0,71,,1567918,23,,,0,30,,1567914,23,,,0
2903,'20261014',608,,1567921,23,,,0,30,,1567922,23,,,0,69,,1567919,23,,,0,28,,1567923,23,,,0,71,,1567924,23,,,0,30,,1567920,23,,,0
2903,'20261015',608,,1567927,23,,,0,30,,1567928,23,,,0,69,,1567925,23,,,0,28,,1567929,23,,,0,71,,1567930,23,,,0,30,,1567926,23,,,0
2903,'20261016',608,,1567933,23,,,0,30,,1567934,23,,,0,69,,1567931,23,,,0,28,,1567935,23,,,0,71,,1567936,23,,,0,30,,1567932,23,,,0
2903,'20261019',608,,1599640,23,,,0,30,,1599641,23,,,0,69,,1599638,23,,,0,28,,1599642,23,,,0,71,,1599643,23,,,0,30,,1599639,23,,,0
2903,'20261020',608,,1599646,23,,,0,30,,1599647,23,,,0,69,,1599644,23,,,0,28,,1599648,23,,,0,71,,1599649,23,,,0,30,,1599645,23,,,0
