902,'20261006',1549,,1596266,20,,,0,70,,1596267,20,,,0,30,,1596268,20,,,0,98,,1596269,20,,,0,699,,1596270,20,,,0
902,'20261007',1549,,1596271,20,,,0,70,,1596272,20,,,0,30,,1596273,20,,,0,98,,1596274,20,,,0,699,,1596275,20,,,0
902,'20261008',1549,,1596276,20,,,0,70,,1596277,20,,,0,30,,1596278,20,,,0,98,,1596279,20,,,0,699,,1596280,20,,,0
902,'20261009',1549,,1596281,20,,,0,70,,1596282,20,,,0,30,,1596283,20,,,0,98,,1596284,20,,,0,699,,1596285,20,,,0
902,'20261013',1549,,1564579,20,,,0,70,,1564576,20,,,0,30,,1564577,20,,,0,98,,1564578,20,,,0,699,,1564580,20,,,0
902,'20261014',1549,,1564584,20,,,0,70,,1564581,20,,,0,30,,1564582,20,,,0,98,,1564583,20,,,0,699,,1564585,20,,,0
902,'20261015',1549,,1564589,20,,,0,70,,1564586,20,,,0,30,,1564587,20,,,0,98,,1564588,20,,,0,699,,1564590,20,,,0
902,'20261016',1549,,1564594,20,,,0,70,,1564591,20,,,0,30,,1564592,20,,,0,98,,1564593,20,,,0,699,,1564595,20,,,0
902,'20261019',1549,,1596289,20,,,0,70,,1596286,20,,,0,30,,1596287,20,,,0,98,,1596288,20,,,0,699,,1596290,20,,,0
902,'20261020',1549,,1596294,20,,,0,70,,1596291,20,,,0,30,,1596292,20,,,0,98,,1596293,20,,,0,699,,1596295,20,,,0
