5600,'20260929',637,,1546707,16,,,0,69,,1546708,16,,,0,31,,1546709,16,,,0
5600,'20260930',637,,1546710,16,,,0,69,,1546711,16,,,0,31,,1546712,16,,,0
5600,'20261001',637,,1546713,16,,,0,69,,1546714,16,,,0,31,,1546715,16,,,0
5600,'20261002',637,,1469385,16,,,0,69,,1469383,16,,,0,31,,1469384,16,,,0
5600,'20261005',637,,1492424,16,,,0,69,,1492422,16,,,0,31,,1492423,16,,,0
5600,'20261006',637,,1517974,16,,,0,69,,1517972,16,,,0,31,,1517973,16,,,0
5600,'20261007',637,,1517977,16,,,0,69,,1517975,16,,,0,31,,1517976,16,,,0
5600,'20261008',637,,1517980,16,,,0,69,,1517978,16,,,0,31,,1517979,16,,,0
5600,'20261009',637,,1517983,16,,,0,69,,1517981,16,,,0,31,,1517982,16,,,0
5700,'20260929',812,,1546725,16,,,0,98,,1546726,16,,,0,99,,1546727,16,,,0,100,,1546728,16,,,0,101,,1546729,16,,,0,101,,1546730,16,,,0,101,,1546731,16,,,0,101,,1546732,16,,,0,94,,1546733,16,,,0,41,,1546734,16,,,0,74,,1546735,16,,,0,24,,1546736,16,,,0,68,,1546737,16,,,0,33,,1546738,16,,,0,97,,1546739,16,,,0,100,,1546740,16,,,0,101,,1546741,16,,,0,101,,1546742,16,,,0,99,,1546743,16,,,0
5700,'20260930',812,,1546744,16,,,0,98,,1546745,16,,,0,99,,1546746,16,,,0,100,,1546747,16,,,0,101,,1546748,16,,,0,101,,1546749,16,,,0,101,,1546750,16,,,0,101,,1546751,16,,,0,94,,1546752,16,,,0,41,,1546753,16,,,0,74,,1546754,16,,,0,24,,1546755,16,,,0,68,,1546756,16,,,0,33,,1546757,16,,,0,97,,1546758,16,,,0,100,,1546759,16,,,0,101,,1546760,16,,,0,101,,1546761,16,,,0,99,,1546762,16,,,0
5700,'20261001',812,,1546763,16,,,0,98,,1546764,16,,,0,99,,1546765,16,,,0,100,,1546766,16,,,0,101,,1546767,16,,,0,101,,1546768,16,,,0,101,,1546769,16,,,0,101,,1546770,16,,,0,94,,1546771,16,,,0,41,,1546772,16,,,0,74,,1546773,16,,,0,24,,1546774,16,,,0,68,,1546775,16,,,0,33,,1546776,16,,,0,97,,1546777,16,,,0,100,,1546778,16,,,0,101,,1546779,16,,,0,101,,1546780,16,,,0,99,,1546781,16,,,0
5700,'20261002',812,,1469489,16,,,0,98,,1469490,16,,,0,99,,1469491,16,,,0,100,,1469492,16,,,0,101,,1469493,16,,,0,101,,1469494,16,,,0,101,,1469495,16,,,0,101,,1469496,16,,,0,94,,1469497,16,,,0,41,,1469498,16,,,0,74,,1469499,16,,,0,24,,1469500,16,,,0,68,,1469507,16,,,0,33,,1469506,16,,,0,97,,1469501,16,,,0,100,,1469502,16,,,0,101,,1469503,16,,,0,101,,1469504,16,,,0,99,,1469505,16,,,0
5700,'20261003',712,,1492494,16,,,0,100,,1492495,16,,,0,100,,1492496,16,,,0,101,,1492497,16,,,0,101,,1492498,16,,,0,97,,1492499,16,,,0,98,,1492500,16,,,0,98,,1492501,16,,,0,98,,1492502,16,,,0,103,,1492503,16,,,0,108,,1492504,16,,,0,97,,1492505,16,,,0,99,,1492506,16,,,0,100,,1492507,16,,,0,100,,1492508,16,,,0,101,,1492509,16,,,0,100,,1492510,16,,,0
5700,'20261004',712,,1492518,16,,,0,100,,1492520,16,,,0,100,,1492523,16,,,0,101,,1492521,16,,,0,101,,1492524,16,,,0,97,,1492511,16,,,0,98,,1492517,16,,,0,98,,1492525,16,,,0,98,,1492514,16,,,0,103,,1492516,16,,,0,108,,1492513,16,,,0,97,,1492522,16,,,0,99,,1492519,16,,,0,100,,1492512,16,,,0,100,,1492526,16,,,0,101,,1492515,16,,,0,100,,1492527,16,,,0
5700,'20261005',812,,1492528,16,,,0,98,,1492529,16,,,0,99,,1492530,16,,,0,100,,1492531,16,,,0,101,,1492532,16,,,0,101,,1492533,16,,,0,101,,1492534,16,,,0,101,,1492535,16,,,0,94,,1492536,16,,,0,41,,1492537,16,,,0,74,,1492538,16,,,0,24,,1492539,16,,,0,68,,1492546,16,,,0,33,,1492545,16,,,0,97,,1492540,16,,,0,100,,1492541,16,,,0,101,,1492542,16,,,0,101,,1492543,16,,,0,99,,1492544,16,,,0
5700,'20261006',812,,1518074,16,,,0,98,,1518075,16,,,0,99,,1518076,16,,,0,100,,1518077,16,,,0,101,,1518078,16,,,0,101,,1518079,16,,,0,101,,1518080,16,,,0,101,,1518081,16,,,0,94,,1518082,16,,,0,41,,1518083,16,,,0,74,,1518084,16,,,0,24,,1518085,16,,,0,68,,1518092,16,,,0,33,,1518091,16,,,0,97,,1518086,16,,,0,100,,1518087,16,,,0,101,,1518088,16,,,0,101,,1518089,16,,,0,99,,1518090,16,,,0
5700,'20261007',812,,1518093,16,,,0,98,,1518094,16,,,0,99,,1518095,16,,,0,100,,1518096,16,,,0,101,,1518097,16,,,0,101,,1518098,16,,,0,101,,1518099,16,,,0,101,,1518100,16,,,0,94,,1518101,16,,,0,41,,1518102,16,,,0,74,,1518103,16,,,0,24,,1518104,16,,,0,68,,1518111,16,,,0,33,,1518110,16,,,0,97,,1518105,16,,,0,100,,1518106,16,,,0,101,,1518107,16,,,0,101,,1518108,16,,,0,99,,1518109,16,,,0
5700,'20261008',812,,1518112,16,,,0,98,,1518113,16,,,0,99,,1518114,16,,,0,100,,1518115,16,,,0,101,,1518116,16,,,0,101,,1518117,16,,,0,101,,1518118,16,,,0,101,,1518119,16,,,0,94,,1518120,16,,,0,41,,1518121,16,,,0,74,,1518122,16,,,0,24,,1518123,16,,,0,68,,1518130,16,,,0,33,,1518129,16,,,0,97,,1518124,16,,,0,100,,1518125,16,,,0,101,,1518126,16,,,0,101,,1518127,16,,,0,99,,1518128,16,,,0
5700,'20261009',812,,1518131,16,,,0,98,,1518132,16,,,0,99,,1518133,16,,,0,100,,1518134,16,,,0,101,,1518135,16,,,0,101,,1518136,16,,,0,101,,1518137,16,,,0,101,,1518138,16,,,0,94,,1518139,16,,,0,41,,1518140,16,,,0,74,,1518141,16,,,0,24,,1518142,16,,,0,68,,1518149,16,,,0,33,,1518148,16,,,0,97,,1518143,16,,,0,100,,1518144,16,,,0,101,,1518145,16,,,0,101,,1518146,16,,,0,99,,1518147,16,,,0
5700,'20261010',712,,1546782,16,,,0,100,,1546783,16,,,0,100,,1546784,16,,,0,101,,1546785,16,,,0,101,,1546786,16,,,0,97,,1546787,16,,,0,98,,1546788,16,,,0,98,,1546789,16,,,0,98,,1546790,16,,,0,103,,1546791,16,,,0,108,,1546792,16,,,0,97,,1546793,16,,,0,99,,1546794,16,,,0,100,,1546795,16,,,0,100,,1546796,16,,,0,101,,1546797,16,,,0,100,,1546798,16,,,0
5700,'20261011',712,,1546806,16,,,0,100,,1546808,16,,,0,100,,1546811,16,,,0,101,,1546809,16,,,0,101,,1546812,16,,,0,97,,1546799,16,,,0,98,,1546805,16,,,0,98,,1546813,16,,,0,98,,1546802,16,,,0,103,,1546804,16,,,0,108,,1546801,16,,,0,97,,1546810,16,,,0,99,,1546807,16,,,0,100,,1546800,16,,,0,100,,1546814,16,,,0,101,,1546803,16,,,0,100,,1546815,16,,,0
5700,'20261012',712,,1546823,16,,,0,100,,1546825,16,,,0,100,,1546828,16,,,0,101,,1546826,16,,,0,101,,1546829,16,,,0,97,,1546816,16,,,0,98,,1546822,16,,,0,98,,1546830,16,,,0,98,,1546819,16,,,0,103,,1546821,16,,,0,108,,1546818,16,,,0,97,,1546827,16,,,0,99,,1546824,16,,,0,100,,1546817,16,,,0,100,,1546831,16,,,0,101,,1546820,16,,,0,100,,1546832,16,,,0
25700,'20260929',1607,,1552940,17,4,,0,29,,1552941,17,4,,0,69,,1552942,17,4,,0,30,,1552943,17,4,,0
25700,'20260930',1607,,1552944,17,4,,0,29,,1552945,17,4,,0,69,,1552946,17,4,,0,30,,1552947,17,4,,0
25700,'20261001',1607,,1552948,17,4,,0,29,,1552949,17,4,,0,69,,1552950,17,4,,0,30,,1552951,17,4,,0
25700,'20261002',1607,,1475988,17,4,,0,29,,1475989,17,4,,0,69,,1475990,17,4,,0,30,,1475991,17,4,,0
25700,'20261005',1607,,1499025,17,4,,0,29,,1499026,17,4,,0,69,,1499027,17,4,,0,30,,1499028,17,4,,0
25700,'20261006',1607,,1527041,17,4,,0,29,,1527042,17,4,,0,69,,1527043,17,4,,0,30,,1527044,17,4,,0
25700,'20261007',1607,,1527045,17,4,,0,29,,1527046,17,4,,0,69,,1527047,17,4,,0,30,,1527048,17,4,,0
25700,'20261008',1607,,1527049,17,4,,0,29,,1527050,17,4,,0,69,,1527051,17,4,,0,30,,1527052,17,4,,0
25700,'20261009',1607,,1527053,17,4,,0,29,,1527054,17,4,,0,69,,1527055,17,4,,0,30,,1527056,17,4,,0
