5801,'20261002',604,,1571753,7,,,0,30,,1571754,7,,,0,68,,1571755,7,,,0,31,,1571756,7,,,0,71,,1571757,7,,,0,31,,1571758,7,,,0,70,,1571759,7,,,0,106,,1571760,7,,,0,101,,1571761,7,,,0,101,,1571762,7,,,0,100,,1571763,7,,,0,100,,1571764,7,,,0,99,,1571765,7,,,0,104,,1571766,7,,,0,99,,1571767,7,,,0,100,,1571768,7,,,0,98,,1571769,7,,,0,100,,1571770,7,,,0,101,,1571771,7,,,0,99,,1571772,7,,,0,99,,1571773,7,,,0
5801,'20261003',703,,1571774,7,,,0,100,,1571775,7,,,0,100,,1571776,7,,,0,101,,1571777,7,,,0,99,,1571778,7,,,0,98,,1571779,7,,,0,104,,1571780,7,,,0,100,,1571781,7,,,0,104,,1571782,7,,,0,97,,1571783,7,,,0,103,,1571784,7,,,0,105,,1571785,7,,,0,94,,1571786,7,,,0,97,,1571787,7,,,0,98,,1571788,7,,,0,100,,1571789,7,,,0,100,,1571790,7,,,0
5801,'20261004',703,,1571791,7,,,0,100,,1571792,7,,,0,100,,1571793,7,,,0,101,,1571794,7,,,0,99,,1571795,7,,,0,98,,1571796,7,,,0,104,,1571797,7,,,0,100,,1571798,7,,,0,104,,1571799,7,,,0,97,,1571800,7,,,0,103,,1571801,7,,,0,105,,1571802,7,,,0,94,,1571803,7,,,0,97,,1571804,7,,,0,98,,1571805,7,,,0,100,,1571806,7,,,0,100,,1571807,7,,,0
5801,'20261005',604,,1571808,7,,,0,30,,1571809,7,,,0,68,,1571810,7,,,0,31,,1571811,7,,,0,71,,1571812,7,,,0,31,,1571813,7,,,0,70,,1571814,7,,,0,106,,1571815,7,,,0,101,,1571816,7,,,0,101,,1571817,7,,,0,100,,1571818,7,,,0,100,,1571819,7,,,0,99,,1571820,7,,,0,104,,1571821,7,,,0,99,,1571822,7,,,0,100,,1571823,7,,,0,98,,1571824,7,,,0,100,,1571825,7,,,0,101,,1571826,7,,,0,99,,1571827,7,,,0,99,,1571828,7,,,0
5801,'20261006',604,,1518572,7,,,0,30,,1518554,7,,,0,68,,1518555,7,,,0,31,,1518556,7,,,0,71,,1518557,7,,,0,31,,1518573,7,,,0,70,,1518567,7,,,0,106,,1518568,7,,,0,101,,1518558,7,,,0,101,,1518559,7,,,0,100,,1518569,7,,,0,100,,1518562,7,,,0,99,,1518570,7,,,0,104,,1518565,7,,,0,99,,1518560,7,,,0,100,,1518561,7,,,0,98,,1518563,7,,,0,100,,1518571,7,,,0,101,,1518566,7,,,0,99,,1518564,7,,,0,99,,1518574,7,,,0
5801,'20261007',604,,1518593,7,,,0,30,,1518575,7,,,0,68,,1518576,7,,,0,31,,1518577,7,,,0,71,,1518578,7,,,0,31,,1518594,7,,,0,70,,1518588,7,,,0,106,,1518589,7,,,0,101,,1518579,7,,,0,101,,1518580,7,,,0,100,,1518590,7,,,0,100,,1518583,7,,,0,99,,1518591,7,,,0,104,,1518586,7,,,0,99,,1518581,7,,,0,100,,1518582,7,,,0,98,,1518584,7,,,0,100,,1518592,7,,,0,101,,1518587,7,,,0,99,,1518585,7,,,0,99,,1518595,7,,,0
5801,'20261008',604,,1518614,7,,,0,30,,1518596,7,,,0,68,,1518597,7,,,0,31,,1518598,7,,,0,71,,1518599,7,,,0,31,,1518615,7,,,0,70,,1518609,7,,,0,106,,1518610,7,,,0,101,,1518600,7,,,0,101,,1518601,7,,,0,100,,1518611,7,,,0,100,,1518604,7,,,0,99,,1518612,7,,,0,104,,1518607,7,,,0,99,,1518602,7,,,0,100,,1518603,7,,,0,98,,1518605,7,,,0,100,,1518613,7,,,0,101,,1518608,7,,,0,99,,1518606,7,,,0,99,,1518616,7,,,0
5801,'20261009',604,,1518635,7,,,0,30,,1518617,7,,,0,68,,1518618,7,,,0,31,,1518619,7,,,0,71,,1518620,7,,,0,31,,1518636,7,,,0,70,,1518630,7,,,0,106,,1518631,7,,,0,101,,1518621,7,,,0,101,,1518622,7,,,0,100,,1518632,7,,,0,100,,1518625,7,,,0,99,,1518633,7,,,0,104,,1518628,7,,,0,99,,1518623,7,,,0,100,,1518624,7,,,0,98,,1518626,7,,,0,100,,1518634,7,,,0,101,,1518629,7,,,0,99,,1518627,7,,,0,99,,1518637,7,,,0
5801,'20261010',703,,1547130,7,,,0,100,,1547131,7,,,0,100,,1547138,7,,,0,101,,1547136,7,,,0,99,,1547139,7,,,0,98,,1547132,7,,,0,104,,1547133,7,,,0,100,,1547140,7,,,0,104,,1547137,7,,,0,97,,1547141,7,,,0,103,,1547142,7,,,0,105,,1547134,7,,,0,94,,1547135,7,,,0,97,,1547143,7,,,0,98,,1547144,7,,,0,100,,1547145,7,,,0,100,,1547146,7,,,0
5801,'20261011',703,,1547154,7,,,0,100,,1547151,7,,,0,100,,1547156,7,,,0,101,,1547153,7,,,0,99,,1547148,7,,,0,98,,1547152,7,,,0,104,,1547155,7,,,0,100,,1547161,7,,,0,104,,1547147,7,,,0,97,,1547162,7,,,0,103,,1547157,7,,,0,105,,1547150,7,,,0,94,,1547149,7,,,0,97,,1547163,7,,,0,98,,1547160,7,,,0,100,,1547158,7,,,0,100,,1547159,7,,,0
5801,'20261012',703,,1547171,7,,,0,100,,1547168,7,,,0,100,,1547173,7,,,0,101,,1547170,7,,,0,99,,1547165,7,,,0,98,,1547169,7,,,0,104,,1547172,7,,,0,100,,1547178,7,,,0,104,,1547164,7,,,0,97,,1547179,7,,,0,103,,1547174,7,,,0,105,,1547167,7,,,0,94,,1547166,7,,,0,97,,1547180,7,,,0,98,,1547177,7,,,0,100,,1547175,7,,,0,100,,1547176,7,,,0
5801,'20261013',604,,1571847,7,,,0,30,,1571829,7,,,0,68,,1571830,7,,,0,31,,1571831,7,,,0,71,,1571832,7,,,0,31,,1571848,7,,,0,70,,1571842,7,,,0,106,,1571843,7,,,0,101,,1571833,7,,,0,101,,1571834,7,,,0,100,,1571844,7,,,0,100,,1571837,7,,,0,99,,1571845,7,,,0,104,,1571840,7,,,0,99,,1571835,7,,,0,100,,1571836,7,,,0,98,,1571838,7,,,0,100,,1571846,7,,,0,101,,1571841,7,,,0,99,,1571839,7,,,0,99,,1571849,7,,,0
5801,'20261014',604,,1571868,7,,,0,30,,1571850,7,,,0,68,,1571851,7,,,0,31,,1571852,7,,,0,71,,1571853,7,,,0,31,,1571869,7,,,0,70,,1571863,7,,,0,106,,1571864,7,,,0,101,,1571854,7,,,0,101,,1571855,7,,,0,100,,1571865,7,,,0,100,,1571858,7,,,0,99,,1571866,7,,,0,104,,1571861,7,,,0,99,,1571856,7,,,0,100,,1571857,7,,,0,98,,1571859,7,,,0,100,,1571867,7,,,0,101,,1571862,7,,,0,99,,1571860,7,,,0,99,,1571870,7,,,0
5801,'20261015',604,,1571889,7,,,0,30,,1571871,7,,,0,68,,1571872,7,,,0,31,,1571873,7,,,0,71,,1571874,7,,,0,31,,1571890,7,,,0,70,,1571884,7,,,0,106,,1571885,7,,,0,101,,1571875,7,,,0,101,,1571876,7,,,0,100,,1571886,7,,,0,100,,1571879,7,,,0,99,,1571887,7,,,0,104,,1571882,7,,,0,99,,1571877,7,,,0,100,,1571878,7,,,0,98,,1571880,7,,,0,100,,1571888,7,,,0,101,,1571883,7,,,0,99,,1571881,7,,,0,99,,1571891,7,,,0
5801,'20261016',604,,1571910,7,,,0,30,,1571892,7,,,0,68,,1571893,7,,,0,31,,1571894,7,,,0,71,,1571895,7,,,0,31,,1571911,7,,,0,70,,1571905,7,,,0,106,,1571906,7,,,0,101,,1571896,7,,,0,101,,1571897,7,,,0,100,,1571907,7,,,0,100,,1571900,7,,,0,99,,1571908,7,,,0,104,,1571903,7,,,0,99,,1571898,7,,,0,100,,1571899,7,,,0,98,,1571901,7,,,0,100,,1571909,7,,,0,101,,1571904,7,,,0,99,,1571902,7,,,0,99,,1571912,7,,,0
25801,'20261002',635,,1580373,7,,,0,20,,1580374,7,,,0,70,,1580375,7,,,0,81,,1580376,7,,,0
25801,'20261005',635,,1580377,7,,,0,20,,1580378,7,,,0,70,,1580379,7,,,0,81,,1580380,7,,,0
25801,'20261006',635,,1527107,7,,,0,20,,1527108,7,,,0,70,,1527109,7,,,0,81,,1527110,7,,,0
25801,'20261007',635,,1527111,7,,,0,20,,1527112,7,,,0,70,,1527113,7,,,0,81,,1527114,7,,,0
25801,'20261008',635,,1527115,7,,,0,20,,1527116,7,,,0,70,,1527117,7,,,0,81,,1527118,7,,,0
25801,'20261009',635,,1527119,7,,,0,20,,1527120,7,,,0,70,,1527121,7,,,0,81,,1527122,7,,,0
25801,'20261013',635,,1580381,7,,,0,20,,1580382,7,,,0,70,,1580383,7,,,0,81,,1580384,7,,,0
25801,'20261014',635,,1580385,7,,,0,20,,1580386,7,,,0,70,,1580387,7,,,0,81,,1580388,7,,,0
25801,'20261015',635,,1580389,7,,,0,20,,1580390,7,,,0,70,,1580391,7,,,0,81,,1580392,7,,,0
25801,'20261016',635,,1580393,7,,,0,20,,1580394,7,,,0,70,,1580395,7,,,0,81,,1580396,7,,,0
35801,'20261002',645,,1581698,7,,,0,67,,1581699,7,,,0
35801,'20261005',645,,1581700,7,,,0,67,,1581701,7,,,0
35801,'20261006',645,,1528425,7,,,0,67,,1528426,7,,,0
35801,'20261007',645,,1528427,7,,,0,67,,1528428,7,,,0
35801,'20261008',645,,1528429,7,,,0,67,,1528430,7,,,0
35801,'20261009',645,,1528431,7,,,0,67,,1528432,7,,,0
35801,'20261013',645,,1581702,7,,,0,67,,1581703,7,,,0
35801,'20261014',645,,1581704,7,,,0,67,,1581705,7,,,0
35801,'20261015',645,,1581706,7,,,0,67,,1581707,7,,,0
35801,'20261016',645,,1581708,7,,,0,67,,1581709,7,,,0
55801,'20261002',640,,1582480,7,,,0,84,,1582481,7,,,0
55801,'20261005',640,,1582482,7,,,0,84,,1582483,7,,,0
55801,'20261006',640,,1529208,7,,,0,84,,1529209,7,,,0
55801,'20261007',640,,1529210,7,,,0,84,,1529211,7,,,0
55801,'20261008',640,,1529212,7,,,0,84,,1529213,7,,,0
55801,'20261009',640,,1529214,7,,,0,84,,1529215,7,,,0
55801,'20261013',640,,1582484,7,,,0,84,,1582485,7,,,0
55801,'20261014',640,,1582486,7,,,0,84,,1582487,7,,,0
55801,'20261015',640,,1582488,7,,,0,84,,1582489,7,,,0
55801,'20261016',640,,1582490,7,,,0,84,,1582491,7,,,0
