8100,'20261002',653,,1576168,58,,,0,70,,1576169,58,,,0,33,,1576170,58,,,0,71,,1576171,58,,,0,28,,1576172,58,,,0,68,,1576173,58,,,0,100,,1576174,58,,,0,100,,1576175,58,,,0,102,,1576176,58,,,0,100,,1576177,58,,,0,100,,1576178,58,,,0,102,,1576179,58,,,0,73,,1576180,58,,,0,32,,1576181,58,,,0,73,,1576182,58,,,0,25,,1576183,58,,,0,26,,1576184,58,,,0,68,,1576185,58,,,0,100,,1576186,58,,,0,99,,1576187,58,,,0,100,,1576188,58,,,0,99,,1576189,58,,,0,100,,1576190,58,,,0
8100,'20261003',822,,1576191,58,,,0,99,,1576192,58,,,0,101,,1576193,58,,,0,101,,1576194,58,,,0,100,,1576195,58,,,0,101,,1576196,58,,,0,100,,1576197,58,,,0,100,,1576198,58,,,0,101,,1576199,58,,,0,99,,1576200,58,,,0,100,,1576201,58,,,0,99,,1576202,58,,,0,99,,1576203,58,,,0,100,,1576204,58,,,0,100,,1576205,58,,,0,100,,1576206,58,,,0
8100,'20261004',822,,1576207,58,,,0,99,,1576208,58,,,0,101,,1576209,58,,,0,101,,1576210,58,,,0,100,,1576211,58,,,0,101,,1576212,58,,,0,100,,1576213,58,,,0,100,,1576214,58,,,0,101,,1576215,58,,,0,99,,1576216,58,,,0,100,,1576217,58,,,0,99,,1576218,58,,,0,99,,1576219,58,,,0,100,,1576220,58,,,0,100,,1576221,58,,,0,100,,1576222,58,,,0
8100,'20261005',653,,1576223,58,,,0,70,,1576224,58,,,0,33,,1576225,58,,,0,71,,1576226,58,,,0,28,,1576227,58,,,0,68,,1576228,58,,,0,100,,1576229,58,,,0,100,,1576230,58,,,0,102,,1576231,58,,,0,100,,1576232,58,,,0,100,,1576233,58,,,0,102,,1576234,58,,,0,73,,1576235,58,,,0,32,,1576236,58,,,0,73,,1576237,58,,,0,25,,1576238,58,,,0,26,,1576239,58,,,0,68,,1576240,58,,,0,100,,1576241,58,,,0,99,,1576242,58,,,0,100,,1576243,58,,,0,99,,1576244,58,,,0,100,,1576245,58,,,0
8100,'20261006',653,,1522974,58,,,0,70,,1522975,58,,,0,33,,1522976,58,,,0,71,,1522977,58,,,0,28,,1522978,58,,,0,68,,1522979,58,,,0,100,,1522980,58,,,0,100,,1522981,58,,,0,102,,1522982,58,,,0,100,,1522983,58,,,0,100,,1522984,58,,,0,102,,1522985,58,,,0,73,,1522986,58,,,0,32,,1522987,58,,,0,73,,1522988,58,,,0,25,,1522989,58,,,0,26,,1522990,58,,,0,68,,1522991,58,,,0,100,,1522992,58,,,0,99,,1522993,58,,,0,100,,1522994,58,,,0,99,,1522995,58,,,0,100,,1522996,58,,,0
8100,'20261007',653,,1522997,58,,,0,70,,1522998,58,,,0,33,,1522999,58,,,0,71,,1523000,58,,,0,28,,1523001,58,,,0,68,,1523002,58,,,0,100,,1523003,58,,,0,100,,1523004,58,,,0,102,,1523005,58,,,0,100,,1523006,58,,,0,100,,1523007,58,,,0,102,,1523008,58,,,0,73,,1523009,58,,,0,32,,1523010,58,,,0,73,,1523011,58,,,0,25,,1523012,58,,,0,26,,1523013,58,,,0,68,,1523014,58,,,0,100,,1523015,58,,,0,99,,1523016,58,,,0,100,,1523017,58,,,0,99,,1523018,58,,,0,100,,1523019,58,,,0
8100,'20261008',653,,1523020,58,,,0,70,,1523021,58,,,0,33,,1523022,58,,,0,71,,1523023,58,,,0,28,,1523024,58,,,0,68,,1523025,58,,,0,100,,1523026,58,,,0,100,,1523027,58,,,0,102,,1523028,58,,,0,100,,1523029,58,,,0,100,,1523030,58,,,0,102,,1523031,58,,,0,73,,1523032,58,,,0,32,,1523033,58,,,0,73,,1523034,58,,,0,25,,1523035,58,,,0,26,,1523036,58,,,0,68,,1523037,58,,,0,100,,1523038,58,,,0,99,,1523039,58,,,0,100,,1523040,58,,,0,99,,1523041,58,,,0,100,,1523042,58,,,0
8100,'20261009',653,,1523043,58,,,0,70,,1523044,58,,,0,33,,1523045,58,,,0,71,,1523046,58,,,0,28,,1523047,58,,,0,68,,1523048,58,,,0,100,,1523049,58,,,0,100,,1523050,58,,,0,102,,1523051,58,,,0,100,,1523052,58,,,0,100,,1523053,58,,,0,102,,1523054,58,,,0,73,,1523055,58,,,0,32,,1523056,58,,,0,73,,1523057,58,,,0,25,,1523058,58,,,0,26,,1523059,58,,,0,68,,1523060,58,,,0,100,,1523061,58,,,0,99,,1523062,58,,,0,100,,1523063,58,,,0,99,,1523064,58,,,0,100,,1523065,58,,,0
8100,'20261010',822,,1550271,58,,,0,99,,1550272,58,,,0,101,,1550273,58,,,0,101,,1550274,58,,,0,100,,1550275,58,,,0,101,,1550276,58,,,0,100,,1550277,58,,,0,100,,1550278,58,,,0,101,,1550279,58,,,0,99,,1550280,58,,,0,100,,1550281,58,,,0,99,,1550282,58,,,0,99,,1550283,58,,,0,100,,1550284,58,,,0,100,,1550285,58,,,0,100,,1550286,58,,,0
8100,'20261011',822,,1550287,58,,,0,99,,1550288,58,,,0,101,,1550289,58,,,0,101,,1550290,58,,,0,100,,1550291,58,,,0,101,,1550292,58,,,0,100,,1550293,58,,,0,100,,1550294,58,,,0,101,,1550295,58,,,0,99,,1550296,58,,,0,100,,1550297,58,,,0,99,,1550298,58,,,0,99,,1550299,58,,,0,100,,1550300,58,,,0,100,,1550301,58,,,0,100,,1550302,58,,,0
8100,'20261012',822,,1550303,58,,,0,99,,1550304,58,,,0,101,,1550305,58,,,0,101,,1550306,58,,,0,100,,1550307,58,,,0,101,,1550308,58,,,0,100,,1550309,58,,,0,100,,1550310,58,,,0,101,,1550311,58,,,0,99,,1550312,58,,,0,100,,1550313,58,,,0,99,,1550314,58,,,0,99,,1550315,58,,,0,100,,1550316,58,,,0,100,,1550317,58,,,0,100,,1550318,58,,,0
8100,'20261013',653,,1576246,58,,,0,70,,1576247,58,,,0,33,,1576248,58,,,0,71,,1576249,58,,,0,28,,1576250,58,,,0,68,,1576251,58,,,0,100,,1576252,58,,,0,100,,1576253,58,,,0,102,,1576254,58,,,0,100,,1576255,58,,,0,100,,1576256,58,,,0,102,,1576257,58,,,0,73,,1576258,58,,,0,32,,1576259,58,,,0,73,,1576260,58,,,0,25,,1576261,58,,,0,26,,1576262,58,,,0,68,,1576263,58,,,0,100,,1576264,58,,,0,99,,1576265,58,,,0,100,,1576266,58,,,0,99,,1576267,58,,,0,100,,1576268,58,,,0
8100,'20261014',653,,1576269,58,,,0,70,,1576270,58,,,0,33,,1576271,58,,,0,71,,1576272,58,,,0,28,,1576273,58,,,0,68,,1576274,58,,,0,100,,1576275,58,,,0,100,,1576276,58,,,0,102,,1576277,58,,,0,100,,1576278,58,,,0,100,,1576279,58,,,0,102,,1576280,58,,,0,73,,1576281,58,,,0,32,,1576282,58,,,0,73,,1576283,58,,,0,25,,1576284,58,,,0,26,,1576285,58,,,0,68,,1576286,58,,,0,100,,1576287,58,,,0,99,,1576288,58,,,0,100,,1576289,58,,,0,99,,1576290,58,,,0,100,,1576291,58,,,0
8100,'20261015',653,,1576292,58,,,0,70,,1576293,58,,,0,33,,1576294,58,,,0,71,,1576295,58,,,0,28,,1576296,58,,,0,68,,1576297,58,,,0,100,,1576298,58,,,0,100,,1576299,58,,,0,102,,1576300,58,,,0,100,,1576301,58,,,0,100,,1576302,58,,,0,102,,1576303,58,,,0,73,,1576304,58,,,0,32,,1576305,58,,,0,73,,1576306,58,,,0,25,,1576307,58,,,0,26,,1576308,58,,,0,68,,1576309,58,,,0,100,,1576310,58,,,0,99,,1576311,58,,,0,100,,1576312,58,,,0,99,,1576313,58,,,0,100,,1576314,58,,,0
8100,'20261016',653,,1576315,58,,,0,70,,1576316,58,,,0,33,,1576317,58,,,0,71,,1576318,58,,,0,28,,1576319,58,,,0,68,,1576320,58,,,0,100,,1576321,58,,,0,100,,1576322,58,,,0,102,,1576323,58,,,0,100,,1576324,58,,,0,100,,1576325,58,,,0,102,,1576326,58,,,0,73,,1576327,58,,,0,32,,1576328,58,,,0,73,,1576329,58,,,0,25,,1576330,58,,,0,26,,1576331,58,,,0,68,,1576332,58,,,0,100,,1576333,58,,,0,99,,1576334,58,,,0,100,,1576335,58,,,0,99,,1576336,58,,,0,100,,1576337,58,,,0
