9202,'20261006',548,,1609850,26,,,0,97,,1609851,26,,,0,74,,1609852,26,,,0,31,,1609853,26,,,0,70,,1609854,26,,,0,31,,1609855,26,,,0,99,,1609856,26,,,0,100,,1609857,26,,,0,100,,1609858,26,,,0,101,,1609859,26,,,0,100,,1609860,26,,,0,100,,1609861,26,,,0,100,,1609862,26,,,0,103,,1609863,26,,,0,99,,1609864,26,,,0,99,,1609865,26,,,0,98,,1609866,26,,,0,99,,1609867,26,,,0,99,,1609868,26,,,0,99,,1609869,26,,,0
9202,'20261007',548,,1609870,26,,,0,97,,1609871,26,,,0,74,,1609872,26,,,0,31,,1609873,26,,,0,70,,1609874,26,,,0,31,,1609875,26,,,0,99,,1609876,26,,,0,100,,1609877,26,,,0,100,,1609878,26,,,0,101,,1609879,26,,,0,100,,1609880,26,,,0,100,,1609881,26,,,0,100,,1609882,26,,,0,103,,1609883,26,,,0,99,,1609884,26,,,0,99,,1609885,26,,,0,98,,1609886,26,,,0,99,,1609887,26,,,0,99,,1609888,26,,,0,99,,1609889,26,,,0
9202,'20261008',548,,1609890,26,,,0,97,,1609891,26,,,0,74,,1609892,26,,,0,31,,1609893,26,,,0,70,,1609894,26,,,0,31,,1609895,26,,,0,99,,1609896,26,,,0,100,,1609897,26,,,0,100,,1609898,26,,,0,101,,1609899,26,,,0,100,,1609900,26,,,0,100,,1609901,26,,,0,100,,1609902,26,,,0,103,,1609903,26,,,0,99,,1609904,26,,,0,99,,1609905,26,,,0,98,,1609906,26,,,0,99,,1609907,26,,,0,99,,1609908,26,,,0,99,,1609909,26,,,0
9202,'20261009',548,,1609910,26,,,0,97,,1609911,26,,,0,74,,1609912,26,,,0,31,,1609913,26,,,0,70,,1609914,26,,,0,31,,1609915,26,,,0,99,,1609916,26,,,0,100,,1609917,26,,,0,100,,1609918,26,,,0,101,,1609919,26,,,0,100,,1609920,26,,,0,100,,1609921,26,,,0,100,,1609922,26,,,0,103,,1609923,26,,,0,99,,1609924,26,,,0,99,,1609925,26,,,0,98,,1609926,26,,,0,99,,1609927,26,,,0,99,,1609928,26,,,0,99,,1609929,26,,,0
9202,'20261010',608,,1551604,26,,,0,100,,1551603,26,,,0,99,,1551588,26,,,0,100,,1551599,26,,,0,99,,1551598,26,,,0,100,,1551589,26,,,0,97,,1551600,26,,,0,101,,1551592,26,,,0,101,,1551594,26,,,0,102,,1551593,26,,,0,101,,1551601,26,,,0,104,,1551590,26,,,0,98,,1551591,26,,,0,100,,1551602,26,,,0,97,,1551595,26,,,0,101,,1551596,26,,,0,100,,1551597,26,,,0
9202,'20261011',608,,1551621,26,,,0,100,,1551620,26,,,0,99,,1551605,26,,,0,100,,1551615,26,,,0,99,,1551614,26,,,0,100,,1551606,26,,,0,97,,1551616,26,,,0,101,,1551609,26,,,0,101,,1551611,26,,,0,102,,1551610,26,,,0,101,,1551617,26,,,0,104,,1551607,26,,,0,98,,1551608,26,,,0,100,,1551618,26,,,0,97,,1551612,26,,,0,101,,1551613,26,,,0,100,,1551619,26,,,0
9202,'20261012',608,,1551638,26,,,0,100,,1551637,26,,,0,99,,1551622,26,,,0,100,,1551632,26,,,0,99,,1551631,26,,,0,100,,1551623,26,,,0,97,,1551633,26,,,0,101,,1551626,26,,,0,101,,1551628,26,,,0,102,,1551627,26,,,0,101,,1551634,26,,,0,104,,1551624,26,,,0,98,,1551625,26,,,0,100,,1551635,26,,,0,97,,1551629,26,,,0,101,,1551630,26,,,0,100,,1551636,26,,,0
9202,'20261013',548,,1578206,26,,,0,97,,1578205,26,,,0,74,,1578204,26,,,0,31,,1578187,26,,,0,70,,1578203,26,,,0,31,,1578188,26,,,0,99,,1578189,26,,,0,100,,1578190,26,,,0,100,,1578192,26,,,0,101,,1578193,26,,,0,100,,1578191,26,,,0,100,,1578199,26,,,0,100,,1578197,26,,,0,103,,1578198,26,,,0,99,,1578200,26,,,0,99,,1578194,26,,,0,98,,1578195,26,,,0,99,,1578196,26,,,0,99,,1578201,26,,,0,99,,1578202,26,,,0
9202,'20261014',548,,1578226,26,,,0,97,,1578225,26,,,0,74,,1578224,26,,,0,31,,1578207,26,,,0,70,,1578223,26,,,0,31,,1578208,26,,,0,99,,1578209,26,,,0,100,,1578210,26,,,0,100,,1578212,26,,,0,101,,1578213,26,,,0,100,,1578211,26,,,0,100,,1578219,26,,,0,100,,1578217,26,,,0,103,,1578218,26,,,0,99,,1578220,26,,,0,99,,1578214,26,,,0,98,,1578215,26,,,0,99,,1578216,26,,,0,99,,1578221,26,,,0,99,,1578222,26,,,0
9202,'20261015',548,,1578246,26,,,0,97,,1578245,26,,,0,74,,1578244,26,,,0,31,,1578227,26,,,0,70,,1578243,26,,,0,31,,1578228,26,,,0,99,,1578229,26,,,0,100,,1578230,26,,,0,100,,1578232,26,,,0,101,,1578233,26,,,0,100,,1578231,26,,,0,100,,1578239,26,,,0,100,,1578237,26,,,0,103,,1578238,26,,,0,99,,1578240,26,,,0,99,,1578234,26,,,0,98,,1578235,26,,,0,99,,1578236,26,,,0,99,,1578241,26,,,0,99,,1578242,26,,,0
9202,'20261016',548,,1578266,26,,,0,97,,1578265,26,,,0,74,,1578264,26,,,0,31,,1578247,26,,,0,70,,1578263,26,,,0,31,,1578248,26,,,0,99,,1578249,26,,,0,100,,1578250,26,,,0,100,,1578252,26,,,0,101,,1578253,26,,,0,100,,1578251,26,,,0,100,,1578259,26,,,0,100,,1578257,26,,,0,103,,1578258,26,,,0,99,,1578260,26,,,0,99,,1578254,26,,,0,98,,1578255,26,,,0,99,,1578256,26,,,0,99,,1578261,26,,,0,99,,1578262,26,,,0
9202,'20261017',608,,1609946,26,,,0,100,,1609945,26,,,0,99,,1609930,26,,,0,100,,1609941,26,,,0,99,,1609940,26,,,0,100,,1609931,26,,,0,97,,1609942,26,,,0,101,,1609934,26,,,0,101,,1609936,26,,,0,102,,1609935,26,,,0,101,,1609943,26,,,0,104,,1609932,26,,,0,98,,1609933,26,,,0,100,,1609944,26,,,0,97,,1609937,26,,,0,101,,1609938,26,,,0,100,,1609939,26,,,0
9202,'20261018',608,,1609963,26,,,0,100,,1609962,26,,,0,99,,1609947,26,,,0,100,,1609957,26,,,0,99,,1609956,26,,,0,100,,1609948,26,,,0,97,,1609958,26,,,0,101,,1609951,26,,,0,101,,1609953,26,,,0,102,,1609952,26,,,0,101,,1609959,26,,,0,104,,1609949,26,,,0,98,,1609950,26,,,0,100,,1609960,26,,,0,97,,1609954,26,,,0,101,,1609955,26,,,0,100,,1609961,26,,,0
9202,'20261019',548,,1609983,26,,,0,97,,1609982,26,,,0,74,,1609981,26,,,0,31,,1609964,26,,,0,70,,1609980,26,,,0,31,,1609965,26,,,0,99,,1609966,26,,,0,100,,1609967,26,,,0,100,,1609969,26,,,0,101,,1609970,26,,,0,100,,1609968,26,,,0,100,,1609976,26,,,0,100,,1609974,26,,,0,103,,1609975,26,,,0,99,,1609977,26,,,0,99,,1609971,26,,,0,98,,1609972,26,,,0,99,,1609973,26,,,0,99,,1609978,26,,,0,99,,1609979,26,,,0
9202,'20261020',548,,1610003,26,,,0,97,,1610002,26,,,0,74,,1610001,26,,,0,31,,1609984,26,,,0,70,,1610000,26,,,0,31,,1609985,26,,,0,99,,1609986,26,,,0,100,,1609987,26,,,0,100,,1609989,26,,,0,101,,1609990,26,,,0,100,,1609988,26,,,0,100,,1609996,26,,,0,100,,1609994,26,,,0,103,,1609995,26,,,0,99,,1609997,26,,,0,99,,1609991,26,,,0,98,,1609992,26,,,0,99,,1609993,26,,,0,99,,1609998,26,,,0,99,,1609999,26,,,0
