7901,'20261002',716,,1575402,61,,,0,36,,1575403,61,,,0,69,,1575404,61,,,0,27,,1575405,61,,,0,68,,1575406,61,,,0,99,,1575407,61,,,0
7901,'20261005',716,,1575460,61,,,0,36,,1575461,61,,,0,69,,1575462,61,,,0,27,,1575463,61,,,0,68,,1575464,61,,,0,99,,1575465,61,,,0
7901,'20261006',716,,1522207,61,,,0,36,,1522208,61,,,0,69,,1522209,61,,,0,27,,1522210,61,,,0,68,,1522211,61,,,0,99,,1522212,61,,,0
7901,'20261007',716,,1522229,61,,,0,36,,1522230,61,,,0,69,,1522231,61,,,0,27,,1522232,61,,,0,68,,1522233,61,,,0,99,,1522234,61,,,0
7901,'20261008',716,,1522251,61,,,0,36,,1522252,61,,,0,69,,1522253,61,,,0,27,,1522254,61,,,0,68,,1522255,61,,,0,99,,1522256,61,,,0
7901,'20261009',716,,1522273,61,,,0,36,,1522274,61,,,0,69,,1522275,61,,,0,27,,1522276,61,,,0,68,,1522277,61,,,0,99,,1522278,61,,,0
7901,'20261013',716,,1575482,61,,,0,36,,1575483,61,,,0,69,,1575484,61,,,0,27,,1575485,61,,,0,68,,1575486,61,,,0,99,,1575487,61,,,0
7901,'20261014',716,,1575504,61,,,0,36,,1575505,61,,,0,69,,1575506,61,,,0,27,,1575507,61,,,0,68,,1575508,61,,,0,99,,1575509,61,,,0
7901,'20261015',716,,1575526,61,,,0,36,,1575527,61,,,0,69,,1575528,61,,,0,27,,1575529,61,,,0,68,,1575530,61,,,0,99,,1575531,61,,,0
7901,'20261016',716,,1575548,61,,,0,36,,1575549,61,,,0,69,,1575550,61,,,0,27,,1575551,61,,,0,68,,1575552,61,,,0,99,,1575553,61,,,0
18500,'20261002',1526,,1579701,8,,,0,103,,1579699,8,,,0,73,,1579702,8,,,0,25,,1579703,8,,,0
18500,'20261005',1526,,1579706,8,,,0,103,,1579704,8,,,0,73,,1579707,8,,,0,25,,1579708,8,,,0
18500,'20261006',1526,,1526437,8,,,0,103,,1526438,8,,,0,73,,1526439,8,,,0,25,,1526440,8,,,0,99,,1526442,8,,,0
18500,'20261007',1526,,1526443,8,,,0,103,,1526444,8,,,0,73,,1526445,8,,,0,25,,1526446,8,,,0,99,,1526448,8,,,0
18500,'20261008',1526,,1526449,8,,,0,103,,1526450,8,,,0,73,,1526451,8,,,0,25,,1526452,8,,,0,99,,1526454,8,,,0
18500,'20261009',1526,,1526455,8,,,0,103,,1526456,8,,,0,73,,1526457,8,,,0,25,,1526458,8,,,0,99,,1526460,8,,,0
18500,'20261013',1526,,1579709,8,,,0,103,,1579710,8,,,0,73,,1579711,8,,,0,25,,1579712,8,,,0,99,,1579714,8,,,0
18500,'20261014',1526,,1579715,8,,,0,103,,1579716,8,,,0,73,,1579717,8,,,0,25,,1579718,8,,,0,99,,1579720,8,,,0
18500,'20261015',1526,,1579721,8,,,0,103,,1579722,8,,,0,73,,1579723,8,,,0,25,,1579724,8,,,0,99,,1579726,8,,,0
18500,'20261016',1526,,1579727,8,,,0,103,,1579728,8,,,0,73,,1579729,8,,,0,25,,1579730,8,,,0,99,,1579732,8,,,0
80702,'20261002',535,,1592023,25,,,1,15,,1592024,25,,,1,54,,1592025,25,,,1,16,,1592026,25,,,1,17,,1592027,25,,,1,16,,1592028,25,,,1,54,,1592029,25,,,1,6,,1592030,25,,,1,8,,1592031,25,,,1,8,,1592032,25,,,1,11,,1592033,25,,,1,4,,1592034,25,,,1,8,,1592035,25,,,1,3,,1592036,25,,,1,48,,1592037,25,,,1,8,,1592038,25,,,1,4,,1592039,25,,,1,5,,1592040,25,,,1,11,,1592041,25,,,1,7,,1592042,25,,,1,11,,1592043,25,,,1,10,,1592044,25,,,1,51,,1592045,25,,,1,10,,1592046,25,,,1,13,,1592047,25,,,1,14,,1592048,25,,,1,54,,1592049,25,,,1,15,,1592050,25,,,1,15,,1592051,25,,,1,15,,1592052,25,,,1,55,,1592053,25,,,1,14,,1592054,25,,,1,14,,1592055,25,,,1,15,,1592056,25,,,1,14,,1592057,25,,,1,55,,1592058,25,,,1,16,,1592059,25,,,1,12,,1592060,25,,,1,13,,1592061,25,,,1,52,,1592062,25,,,1,12,,1592063,25,,,1,12,,1592064,25,,,1,12,,1592065,25,,,1,12,,1592066,25,,,1,52,,1592067,25,,,1,12,,1592068,25,,,1,11,,1592069,25,,,1,11,,1592070,25,,,1,12,,1592071,25,,,1,54,,1592072,25,,,1,10,,1592073,25,,,1,11,,1592074,25,,,1,10,,1592075,25,,,1,10,,1592076,25,,,1,12,,1592077,25,,,1,49,,1592078,25,,,1,11,,1592079,25,,,1,10,,1592080,25,,,1,11,,1592081,25,,,1,10,,1592082,25,,,1,50,,1592083,25,,,1,10,,1592084,25,,,1,10,,1592085,25,,,1,12,,1592086,25,,,1,11,,1592087,25,,,1,12,,1592088,25,,,1,52,,1592089,25,,,1,13,,1592090,25,,,1,14,,1592091,25,,,1,14,,1592092,25,,,1,55,,1592093,25,,,1,15,,1592094,25,,,1,16,,1592095,25,,,1,14,,1592096,25,,,1,55,,1592097,25,,,1,15,,1592098,25,,,1,15,,1592099,25,,,1,15,,1592100,25,,,1,55,,1592101,25,,,1,15,,1592102,25,,,1,14,,1592103,25,,,1,15,,1592104,25,,,1,55,,1592105,25,,,1,15,,1592106,25,,,1,14,,1592107,25,,,1,15,,1592108,25,,,1,55,,1592109,25,,,1,15,,1592110,25,,,1,15,,1592111,25,,,1,15,,1592112,25,,,1,56,,1592113,25,,,1,16,,1592114,25,,,1,15,,1592115,25,,,1,14,,1592116,25,,,1,54,,1592117,25,,,1,15,,1592118,25,,,1
80702,'20261003',556,,1592119,25,,,1,55,,1592120,25,,,1,14,,1592121,25,,,1,15,,1592122,25,,,1,15,,1592123,25,,,1,55,,1592124,25,,,1,15,,1592125,25,,,1,15,,1592126,25,,,1,15,,1592127,25,,,1,55,,1592128,25,,,1,14,,1592129,25,,,1,14,,1592130,25,,,1,15,,1592131,25,,,1,55,,1592132,25,,,1,15,,1592133,25,,,1,15,,1592134,25,,,1,14,,1592135,25,,,1,55,,1592136,25,,,1,15,,1592137,25,,,1,15,,1592138,25,,,1,15,,1592139,25,,,1,55,,1592140,25,,,1,15,,1592141,25,,,1,15,,1592142,25,,,1,15,,1592143,25,,,1,55,,1592144,25,,,1,16,,1592145,25,,,1,14,,1592146,25,,,1,14,,1592147,25,,,1,55,,1592148,25,,,1,15,,1592149,25,,,1,15,,1592150,25,,,1,15,,1592151,25,,,1,55,,1592152,25,,,1,15,,1592153,25,,,1,15,,1592154,25,,,1,15,,1592155,25,,,1,55,,1592156,25,,,1,15,,1592157,25,,,1,15,,1592158,25,,,1,15,,1592159,25,,,1,55,,1592160,25,,,1,15,,1592161,25,,,1,15,,1592162,25,,,1,15,,1592163,25,,,1,56,,1592164,25,,,1,15,,1592165,25,,,1,15,,1592166,25,,,1,15,,1592167,25,,,1,55,,1592168,25,,,1,14,,1592169,25,,,1,16,,1592170,25,,,1,15,,1592171,25,,,1,55,,1592172,25,,,1,15,,1592173,25,,,1,15,,1592174,25,,,1,15,,1592175,25,,,1,56,,1592176,25,,,1,14,,1592177,25,,,1,16,,1592178,25,,,1,15,,1592179,25,,,1,55,,1592180,25,,,1,15,,1592181,25,,,1,15,,1592182,25,,,1,15,,1592183,25,,,1,55,,1592184,25,,,1,15,,1592185,25,,,1,15,,1592186,25,,,1,15,,1592187,25,,,1,55,,1592188,25,,,1,16,,1592189,25,,,1,16,,1592190,25,,,1,15,,1592191,25,,,1,55,,1592192,25,,,1,15,,1592193,25,,,1,15,,1592194,25,,,1,15,,1592195,25,,,1,55,,1592196,25,,,1
80702,'20261004',556,,1592197,25,,,1,55,,1592198,25,,,1,14,,1592199,25,,,1,15,,1592200,25,,,1,15,,1592201,25,,,1,55,,1592202,25,,,1,15,,1592203,25,,,1,15,,1592204,25,,,1,15,,1592205,25,,,1,55,,1592206,25,,,1,14,,1592207,25,,,1,14,,1592208,25,,,1,15,,1592209,25,,,1,55,,1592210,25,,,1,15,,1592211,25,,,1,15,,1592212,25,,,1,14,,1592213,25,,,1,55,,1592214,25,,,1,15,,1592215,25,,,1,15,,1592216,25,,,1,15,,1592217,25,,,1,55,,1592218,25,,,1,15,,1592219,25,,,1,15,,1592220,25,,,1,15,,1592221,25,,,1,55,,1592222,25,,,1,16,,1592223,25,,,1,14,,1592224,25,,,1,14,,1592225,25,,,1,55,,1592226,25,,,1,15,,1592227,25,,,1,15,,1592228,25,,,1,15,,1592229,25,,,1,55,,1592230,25,,,1,15,,1592231,25,,,1,15,,1592232,25,,,1,15,,1592233,25,,,1,55,,1592234,25,,,1,15,,1592235,25,,,1,15,,1592236,25,,,1,15,,1592237,25,,,1,55,,1592238,25,,,1,15,,1592239,25,,,1,15,,1592240,25,,,1,15,,1592241,25,,,1,56,,1592242,25,,,1,15,,1592243,25,,,1,15,,1592244,25,,,1,15,,1592245,25,,,1,55,,1592246,25,,,1,14,,1592247,25,,,1,16,,1592248,25,,,1,15,,1592249,25,,,1,55,,1592250,25,,,1,15,,1592251,25,,,1,15,,1592252,25,,,1,15,,1592253,25,,,1,56,,1592254,25,,,1,14,,1592255,25,,,1,16,,1592256,25,,,1,15,,1592257,25,,,1,55,,1592258,25,,,1,15,,1592259,25,,,1,15,,1592260,25,,,1,15,,1592261,25,,,1,55,,1592262,25,,,1,15,,1592263,25,,,1,15,,1592264,25,,,1,15,,1592265,25,,,1,55,,1592266,25,,,1,16,,1592267,25,,,1,16,,1592268,25,,,1,15,,1592269,25,,,1,55,,1592270,25,,,1,15,,1592271,25,,,1,15,,1592272,25,,,1,15,,1592273,25,,,1,55,,1592274,25,,,1
80702,'20261005',535,,1592275,25,,,1,15,,1592276,25,,,1,54,,1592277,25,,,1,16,,1592278,25,,,1,17,,1592279,25,,,1,16,,1592280,25,,,1,54,,1592281,25,,,1,6,,1592282,25,,,1,8,,1592283,25,,,1,8,,1592284,25,,,1,11,,1592285,25,,,1,4,,1592286,25,,,1,8,,1592287,25,,,1,3,,1592288,25,,,1,48,,1592289,25,,,1,8,,1592290,25,,,1,4,,1592291,25,,,1,5,,1592292,25,,,1,11,,1592293,25,,,1,7,,1592294,25,,,1,11,,1592295,25,,,1,10,,1592296,25,,,1,51,,1592297,25,,,1,10,,1592298,25,,,1,13,,1592299,25,,,1,14,,1592300,25,,,1,54,,1592301,25,,,1,15,,1592302,25,,,1,15,,1592303,25,,,1,15,,1592304,25,,,1,55,,1592305,25,,,1,14,,1592306,25,,,1,14,,1592307,25,,,1,15,,1592308,25,,,1,14,,1592309,25,,,1,55,,1592310,25,,,1,16,,1592311,25,,,1,12,,1592312,25,,,1,13,,1592313,25,,,1,52,,1592314,25,,,1,12,,1592315,25,,,1,12,,1592316,25,,,1,12,,1592317,25,,,1,12,,1592318,25,,,1,52,,1592319,25,,,1,12,,1592320,25,,,1,11,,1592321,25,,,1,11,,1592322,25,,,1,12,,1592323,25,,,1,54,,1592324,25,,,1,10,,1592325,25,,,1,11,,1592326,25,,,1,10,,1592327,25,,,1,10,,1592328,25,,,1,12,,1592329,25,,,1,49,,1592330,25,,,1,11,,1592331,25,,,1,10,,1592332,25,,,1,11,,1592333,25,,,1,10,,1592334,25,,,1,50,,1592335,25,,,1,10,,1592336,25,,,1,10,,1592337,25,,,1,12,,1592338,25,,,1,11,,1592339,25,,,1,12,,1592340,25,,,1,52,,1592341,25,,,1,13,,1592342,25,,,1,14,,1592343,25,,,1,14,,1592344,25,,,1,55,,1592345,25,,,1,15,,1592346,25,,,1,16,,1592347,25,,,1,14,,1592348,25,,,1,55,,1592349,25,,,1,15,,1592350,25,,,1,15,,1592351,25,,,1,15,,1592352,25,,,1,55,,1592353,25,,,1,15,,1592354,25,,,1,14,,1592355,25,,,1,15,,1592356,25,,,1,55,,1592357,25,,,1,15,,1592358,25,,,1,14,,1592359,25,,,1,15,,1592360,25,,,1,55,,1592361,25,,,1,15,,1592362,25,,,1,15,,1592363,25,,,1,15,,1592364,25,,,1,56,,1592365,25,,,1,16,,1592366,25,,,1,15,,1592367,25,,,1,14,,1592368,25,,,1,54,,1592369,25,,,1,15,,1592370,25,,,1
80702,'20261006',535,,1539176,25,,,1,15,,1539136,25,,,1,54,,1539137,25,,,1,16,,1539138,25,,,1,17,,1539139,25,,,1,16,,1539140,25,,,1,54,,1539141,25,,,1,6,,1539085,25,,,1,8,,1539167,25,,,1,8,,1539168,25,,,1,11,,1539174,25,,,1,4,,1539177,25,,,1,8,,1539169,25,,,1,3,,1539178,25,,,1,48,,1539170,25,,,1,8,,1539171,25,,,1,4,,1539179,25,,,1,5,,1539172,25,,,1,11,,1539173,25,,,1,7,,1539166,25,,,1,11,,1539086,25,,,1,10,,1539087,25,,,1,51,,1539088,25,,,1,10,,1539089,25,,,1,13,,1539090,25,,,1,14,,1539091,25,,,1,54,,1539092,25,,,1,15,,1539093,25,,,1,15,,1539094,25,,,1,15,,1539095,25,,,1,55,,1539096,25,,,1,14,,1539097,25,,,1,14,,1539098,25,,,1,15,,1539099,25,,,1,14,,1539100,25,,,1,55,,1539101,25,,,1,16,,1539102,25,,,1,12,,1539103,25,,,1,13,,1539104,25,,,1,52,,1539105,25,,,1,12,,1539106,25,,,1,12,,1539107,25,,,1,12,,1539108,25,,,1,12,,1539109,25,,,1,52,,1539110,25,,,1,12,,1539111,25,,,1,11,,1539112,25,,,1,11,,1539113,25,,,1,12,,1539114,25,,,1,54,,1539115,25,,,1,10,,1539116,25,,,1,11,,1539117,25,,,1,10,,1539118,25,,,1,10,,1539119,25,,,1,12,,1539120,25,,,1,49,,1539121,25,,,1,11,,1539122,25,,,1,10,,1539123,25,,,1,11,,1539124,25,,,1,10,,1539125,25,,,1,50,,1539126,25,,,1,10,,1539127,25,,,1,10,,1539128,25,,,1,12,,1539129,25,,,1,11,,1539130,25,,,1,12,,1539131,25,,,1,52,,1539132,25,,,1,13,,1539133,25,,,1,14,,1539134,25,,,1,14,,1539135,25,,,1,55,,1539142,25,,,1,15,,1539143,25,,,1,16,,1539144,25,,,1,14,,1539145,25,,,1,55,,1539146,25,,,1,15,,1539147,25,,,1,15,,1539148,25,,,1,15,,1539149,25,,,1,55,,1539150,25,,,1,15,,1539151,25,,,1,14,,1539152,25,,,1,15,,1539153,25,,,1,55,,1539154,25,,,1,15,,1539155,25,,,1,14,,1539156,25,,,1,15,,1539157,25,,,1,55,,1539158,25,,,1,15,,1539159,25,,,1,15,,1539160,25,,,1,15,,1539161,25,,,1,56,,1539162,25,,,1,16,,1539163,25,,,1,15,,1539164,25,,,1,14,,1539165,25,,,1,54,,1539084,25,,,1,15,,1539175,25,,,1
80702,'20261007',535,,1539272,25,,,1,15,,1539232,25,,,1,54,,1539233,25,,,1,16,,1539234,25,,,1,17,,1539235,25,,,1,16,,1539236,25,,,1,54,,1539237,25,,,1,6,,1539181,25,,,1,8,,1539263,25,,,1,8,,1539264,25,,,1,11,,1539270,25,,,1,4,,1539273,25,,,1,8,,1539265,25,,,1,3,,1539274,25,,,1,48,,1539266,25,,,1,8,,1539267,25,,,1,4,,1539275,25,,,1,5,,1539268,25,,,1,11,,1539269,25,,,1,7,,1539262,25,,,1,11,,1539182,25,,,1,10,,1539183,25,,,1,51,,1539184,25,,,1,10,,1539185,25,,,1,13,,1539186,25,,,1,14,,1539187,25,,,1,54,,1539188,25,,,1,15,,1539189,25,,,1,15,,1539190,25,,,1,15,,1539191,25,,,1,55,,1539192,25,,,1,14,,1539193,25,,,1,14,,1539194,25,,,1,15,,1539195,25,,,1,14,,1539196,25,,,1,55,,1539197,25,,,1,16,,1539198,25,,,1,12,,1539199,25,,,1,13,,1539200,25,,,1,52,,1539201,25,,,1,12,,1539202,25,,,1,12,,1539203,25,,,1,12,,1539204,25,,,1,12,,1539205,25,,,1,52,,1539206,25,,,1,12,,1539207,25,,,1,11,,1539208,25,,,1,11,,1539209,25,,,1,12,,1539210,25,,,1,54,,1539211,25,,,1,10,,1539212,25,,,1,11,,1539213,25,,,1,10,,1539214,25,,,1,10,,1539215,25,,,1,12,,1539216,25,,,1,49,,1539217,25,,,1,11,,1539218,25,,,1,10,,1539219,25,,,1,11,,1539220,25,,,1,10,,1539221,25,,,1,50,,1539222,25,,,1,10,,1539223,25,,,1,10,,1539224,25,,,1,12,,1539225,25,,,1,11,,1539226,25,,,1,12,,1539227,25,,,1,52,,1539228,25,,,1,13,,1539229,25,,,1,14,,1539230,25,,,1,14,,1539231,25,,,1,55,,1539238,25,,,1,15,,1539239,25,,,1,16,,1539240,25,,,1,14,,1539241,25,,,1,55,,1539242,25,,,1,15,,1539243,25,,,1,15,,1539244,25,,,1,15,,1539245,25,,,1,55,,1539246,25,,,1,15,,1539247,25,,,1,14,,1539248,25,,,1,15,,1539249,25,,,1,55,,1539250,25,,,1,15,,1539251,25,,,1,14,,1539252,25,,,1,15,,1539253,25,,,1,55,,1539254,25,,,1,15,,1539255,25,,,1,15,,1539256,25,,,1,15,,1539257,25,,,1,56,,1539258,25,,,1,16,,1539259,25,,,1,15,,1539260,25,,,1,14,,1539261,25,,,1,54,,1539180,25,,,1,15,,1539271,25,,,1
80702,'20261008',535,,1539368,25,,,1,15,,1539328,25,,,1,54,,1539329,25,,,1,16,,1539330,25,,,1,17,,1539331,25,,,1,16,,1539332,25,,,1,54,,1539333,25,,,1,6,,1539277,25,,,1,8,,1539359,25,,,1,8,,1539360,25,,,1,11,,1539366,25,,,1,4,,1539369,25,,,1,8,,1539361,25,,,1,3,,1539370,25,,,1,48,,1539362,25,,,1,8,,1539363,25,,,1,4,,1539371,25,,,1,5,,1539364,25,,,1,11,,1539365,25,,,1,7,,1539358,25,,,1,11,,1539278,25,,,1,10,,1539279,25,,,1,51,,1539280,25,,,1,10,,1539281,25,,,1,13,,1539282,25,,,1,14,,1539283,25,,,1,54,,1539284,25,,,1,15,,1539285,25,,,1,15,,1539286,25,,,1,15,,1539287,25,,,1,55,,1539288,25,,,1,14,,1539289,25,,,1,14,,1539290,25,,,1,15,,1539291,25,,,1,14,,1539292,25,,,1,55,,1539293,25,,,1,16,,1539294,25,,,1,12,,1539295,25,,,1,13,,1539296,25,,,1,52,,1539297,25,,,1,12,,1539298,25,,,1,12,,1539299,25,,,1,12,,1539300,25,,,1,12,,1539301,25,,,1,52,,1539302,25,,,1,12,,1539303,25,,,1,11,,1539304,25,,,1,11,,1539305,25,,,1,12,,1539306,25,,,1,54,,1539307,25,,,1,10,,1539308,25,,,1,11,,1539309,25,,,1,10,,1539310,25,,,1,10,,1539311,25,,,1,12,,1539312,25,,,1,49,,1539313,25,,,1,11,,1539314,25,,,1,10,,1539315,25,,,1,11,,1539316,25,,,1,10,,1539317,25,,,1,50,,1539318,25,,,1,10,,1539319,25,,,1,10,,1539320,25,,,1,12,,1539321,25,,,1,11,,1539322,25,,,1,12,,1539323,25,,,1,52,,1539324,25,,,1,13,,1539325,25,,,1,14,,1539326,25,,,1,14,,1539327,25,,,1,55,,1539334,25,,,1,15,,1539335,25,,,1,16,,1539336,25,,,1,14,,1539337,25,,,1,55,,1539338,25,,,1,15,,1539339,25,,,1,15,,1539340,25,,,1,15,,1539341,25,,,1,55,,1539342,25,,,1,15,,1539343,25,,,1,14,,1539344,25,,,1,15,,1539345,25,,,1,55,,1539346,25,,,1,15,,1539347,25,,,1,14,,1539348,25,,,1,15,,1539349,25,,,1,55,,1539350,25,,,1,15,,1539351,25,,,1,15,,1539352,25,,,1,15,,1539353,25,,,1,56,,1539354,25,,,1,16,,1539355,25,,,1,15,,1539356,25,,,1,14,,1539357,25,,,1,54,,1539276,25,,,1,15,,1539367,25,,,1
80702,'20261009',535,,1539464,25,,,1,15,,1539424,25,,,1,54,,1539425,25,,,1,16,,1539426,25,,,1,17,,1539427,25,,,1,16,,1539428,25,,,1,54,,1539429,25,,,1,6,,1539373,25,,,1,8,,1539455,25,,,1,8,,1539456,25,,,1,11,,1539462,25,,,1,4,,1539465,25,,,1,8,,1539457,25,,,1,3,,1539466,25,,,1,48,,1539458,25,,,1,8,,1539459,25,,,1,4,,1539467,25,,,1,5,,1539460,25,,,1,11,,1539461,25,,,1,7,,1539454,25,,,1,11,,1539374,25,,,1,10,,1539375,25,,,1,51,,1539376,25,,,1,10,,1539377,25,,,1,13,,1539378,25,,,1,14,,1539379,25,,,1,54,,1539380,25,,,1,15,,1539381,25,,,1,15,,1539382,25,,,1,15,,1539383,25,,,1,55,,1539384,25,,,1,14,,1539385,25,,,1,14,,1539386,25,,,1,15,,1539387,25,,,1,14,,1539388,25,,,1,55,,1539389,25,,,1,16,,1539390,25,,,1,12,,1539391,25,,,1,13,,1539392,25,,,1,52,,1539393,25,,,1,12,,1539394,25,,,1,12,,1539395,25,,,1,12,,1539396,25,,,1,12,,1539397,25,,,1,52,,1539398,25,,,1,12,,1539399,25,,,1,11,,1539400,25,,,1,11,,1539401,25,,,1,12,,1539402,25,,,1,54,,1539403,25,,,1,10,,1539404,25,,,1,11,,1539405,25,,,1,10,,1539406,25,,,1,10,,1539407,25,,,1,12,,1539408,25,,,1,49,,1539409,25,,,1,11,,1539410,25,,,1,10,,1539411,25,,,1,11,,1539412,25,,,1,10,,1539413,25,,,1,50,,1539414,25,,,1,10,,1539415,25,,,1,10,,1539416,25,,,1,12,,1539417,25,,,1,11,,1539418,25,,,1,12,,1539419,25,,,1,52,,1539420,25,,,1,13,,1539421,25,,,1,14,,1539422,25,,,1,14,,1539423,25,,,1,55,,1539430,25,,,1,15,,1539431,25,,,1,16,,1539432,25,,,1,14,,1539433,25,,,1,55,,1539434,25,,,1,15,,1539435,25,,,1,15,,1539436,25,,,1,15,,1539437,25,,,1,55,,1539438,25,,,1,15,,1539439,25,,,1,14,,1539440,25,,,1,15,,1539441,25,,,1,55,,1539442,25,,,1,15,,1539443,25,,,1,14,,1539444,25,,,1,15,,1539445,25,,,1,55,,1539446,25,,,1,15,,1539447,25,,,1,15,,1539448,25,,,1,15,,1539449,25,,,1,56,,1539450,25,,,1,16,,1539451,25,,,1,15,,1539452,25,,,1,14,,1539453,25,,,1,54,,1539372,25,,,1,15,,1539463,25,,,1
80702,'20261010',556,,1561098,25,,,1,55,,1561099,25,,,1,14,,1561100,25,,,1,15,,1561174,25,,,1,15,,1561101,25,,,1,55,,1561102,25,,,1,15,,1561175,25,,,1,15,,1561103,25,,,1,15,,1561104,25,,,1,55,,1561105,25,,,1,14,,1561106,25,,,1,14,,1561107,25,,,1,15,,1561108,25,,,1,55,,1561109,25,,,1,15,,1561110,25,,,1,15,,1561111,25,,,1,14,,1561112,25,,,1,55,,1561113,25,,,1,15,,1561114,25,,,1,15,,1561115,25,,,1,15,,1561116,25,,,1,55,,1561117,25,,,1,15,,1561118,25,,,1,15,,1561119,25,,,1,15,,1561120,25,,,1,55,,1561121,25,,,1,16,,1561122,25,,,1,14,,1561123,25,,,1,14,,1561124,25,,,1,55,,1561125,25,,,1,15,,1561126,25,,,1,15,,1561127,25,,,1,15,,1561128,25,,,1,55,,1561129,25,,,1,15,,1561130,25,,,1,15,,1561131,25,,,1,15,,1561132,25,,,1,55,,1561133,25,,,1,15,,1561134,25,,,1,15,,1561135,25,,,1,15,,1561136,25,,,1,55,,1561137,25,,,1,15,,1561138,25,,,1,15,,1561139,25,,,1,15,,1561140,25,,,1,56,,1561141,25,,,1,15,,1561142,25,,,1,15,,1561143,25,,,1,15,,1561144,25,,,1,55,,1561145,25,,,1,14,,1561146,25,,,1,16,,1561147,25,,,1,15,,1561148,25,,,1,55,,1561149,25,,,1,15,,1561150,25,,,1,15,,1561151,25,,,1,15,,1561152,25,,,1,56,,1561153,25,,,1,14,,1561154,25,,,1,16,,1561155,25,,,1,15,,1561156,25,,,1,55,,1561157,25,,,1,15,,1561158,25,,,1,15,,1561159,25,,,1,15,,1561160,25,,,1,55,,1561161,25,,,1,15,,1561162,25,,,1,15,,1561163,25,,,1,15,,1561164,25,,,1,55,,1561165,25,,,1,16,,1561166,25,,,1,16,,1561167,25,,,1,15,,1561168,25,,,1,55,,1561169,25,,,1,15,,1561170,25,,,1,15,,1561171,25,,,1,15,,1561172,25,,,1,55,,1561173,25,,,1
80702,'20261011',556,,1561176,25,,,1,55,,1561177,25,,,1,14,,1561178,25,,,1,15,,1561252,25,,,1,15,,1561179,25,,,1,55,,1561180,25,,,1,15,,1561253,25,,,1,15,,1561181,25,,,1,15,,1561182,25,,,1,55,,1561183,25,,,1,14,,1561184,25,,,1,14,,1561185,25,,,1,15,,1561186,25,,,1,55,,1561187,25,,,1,15,,1561188,25,,,1,15,,1561189,25,,,1,14,,1561190,25,,,1,55,,1561191,25,,,1,15,,1561192,25,,,1,15,,1561193,25,,,1,15,,1561194,25,,,1,55,,1561195,25,,,1,15,,1561196,25,,,1,15,,1561197,25,,,1,15,,1561198,25,,,1,55,,1561199,25,,,1,16,,1561200,25,,,1,14,,1561201,25,,,1,14,,1561202,25,,,1,55,,1561203,25,,,1,15,,1561204,25,,,1,15,,1561205,25,,,1,15,,1561206,25,,,1,55,,1561207,25,,,1,15,,1561208,25,,,1,15,,1561209,25,,,1,15,,1561210,25,,,1,55,,1561211,25,,,1,15,,1561212,25,,,1,15,,1561213,25,,,1,15,,1561214,25,,,1,55,,1561215,25,,,1,15,,1561216,25,,,1,15,,1561217,25,,,1,15,,1561218,25,,,1,56,,1561219,25,,,1,15,,1561220,25,,,1,15,,1561221,25,,,1,15,,1561222,25,,,1,55,,1561223,25,,,1,14,,1561224,25,,,1,16,,1561225,25,,,1,15,,1561226,25,,,1,55,,1561227,25,,,1,15,,1561228,25,,,1,15,,1561229,25,,,1,15,,1561230,25,,,1,56,,1561231,25,,,1,14,,1561232,25,,,1,16,,1561233,25,,,1,15,,1561234,25,,,1,55,,1561235,25,,,1,15,,1561237,25,,,1,15,,1561238,25,,,1,15,,1561239,25,,,1,55,,1561236,25,,,1,15,,1561240,25,,,1,15,,1561241,25,,,1,15,,1561242,25,,,1,55,,1561243,25,,,1,16,,1561244,25,,,1,16,,1561245,25,,,1,15,,1561246,25,,,1,55,,1561247,25,,,1,15,,1561248,25,,,1,15,,1561249,25,,,1,15,,1561250,25,,,1,55,,1561251,25,,,1
80702,'20261012',556,,1561254,25,,,1,55,,1561255,25,,,1,14,,1561256,25,,,1,15,,1561330,25,,,1,15,,1561257,25,,,1,55,,1561258,25,,,1,15,,1561331,25,,,1,15,,1561259,25,,,1,15,,1561260,25,,,1,55,,1561261,25,,,1,14,,1561262,25,,,1,14,,1561263,25,,,1,15,,1561264,25,,,1,55,,1561265,25,,,1,15,,1561266,25,,,1,15,,1561267,25,,,1,14,,1561268,25,,,1,55,,1561269,25,,,1,15,,1561270,25,,,1,15,,1561271,25,,,1,15,,1561272,25,,,1,55,,1561273,25,,,1,15,,1561274,25,,,1,15,,1561275,25,,,1,15,,1561276,25,,,1,55,,1561277,25,,,1,16,,1561278,25,,,1,14,,1561279,25,,,1,14,,1561280,25,,,1,55,,1561281,25,,,1,15,,1561282,25,,,1,15,,1561283,25,,,1,15,,1561284,25,,,1,55,,1561285,25,,,1,15,,1561286,25,,,1,15,,1561287,25,,,1,15,,1561288,25,,,1,55,,1561289,25,,,1,15,,1561290,25,,,1,15,,1561291,25,,,1,15,,1561292,25,,,1,55,,1561293,25,,,1,15,,1561294,25,,,1,15,,1561295,25,,,1,15,,1561296,25,,,1,56,,1561297,25,,,1,15,,1561298,25,,,1,15,,1561299,25,,,1,15,,1561300,25,,,1,55,,1561301,25,,,1,14,,1561302,25,,,1,16,,1561303,25,,,1,15,,1561304,25,,,1,55,,1561305,25,,,1,15,,1561306,25,,,1,15,,1561307,25,,,1,15,,1561308,25,,,1,56,,1561309,25,,,1,14,,1561310,25,,,1,16,,1561311,25,,,1,15,,1561312,25,,,1,55,,1561313,25,,,1,15,,1561315,25,,,1,15,,1561316,25,,,1,15,,1561317,25,,,1,55,,1561314,25,,,1,15,,1561318,25,,,1,15,,1561319,25,,,1,15,,1561320,25,,,1,55,,1561321,25,,,1,16,,1561322,25,,,1,16,,1561323,25,,,1,15,,1561324,25,,,1,55,,1561325,25,,,1,15,,1561326,25,,,1,15,,1561327,25,,,1,15,,1561328,25,,,1,55,,1561329,25,,,1
80702,'20261013',535,,1592463,25,,,1,15,,1592423,25,,,1,54,,1592424,25,,,1,16,,1592425,25,,,1,17,,1592426,25,,,1,16,,1592427,25,,,1,54,,1592428,25,,,1,6,,1592372,25,,,1,8,,1592454,25,,,1,8,,1592455,25,,,1,11,,1592461,25,,,1,4,,1592464,25,,,1,8,,1592456,25,,,1,3,,1592465,25,,,1,48,,1592457,25,,,1,8,,1592458,25,,,1,4,,1592466,25,,,1,5,,1592459,25,,,1,11,,1592460,25,,,1,7,,1592453,25,,,1,11,,1592373,25,,,1,10,,1592374,25,,,1,51,,1592375,25,,,1,10,,1592376,25,,,1,13,,1592377,25,,,1,14,,1592378,25,,,1,54,,1592379,25,,,1,15,,1592380,25,,,1,15,,1592381,25,,,1,15,,1592382,25,,,1,55,,1592383,25,,,1,14,,1592384,25,,,1,14,,1592385,25,,,1,15,,1592386,25,,,1,14,,1592387,25,,,1,55,,1592388,25,,,1,16,,1592389,25,,,1,12,,1592390,25,,,1,13,,1592391,25,,,1,52,,1592392,25,,,1,12,,1592393,25,,,1,12,,1592394,25,,,1,12,,1592395,25,,,1,12,,1592396,25,,,1,52,,1592397,25,,,1,12,,1592398,25,,,1,11,,1592399,25,,,1,11,,1592400,25,,,1,12,,1592401,25,,,1,54,,1592402,25,,,1,10,,1592403,25,,,1,11,,1592404,25,,,1,10,,1592405,25,,,1,10,,1592406,25,,,1,12,,1592407,25,,,1,49,,1592408,25,,,1,11,,1592409,25,,,1,10,,1592410,25,,,1,11,,1592411,25,,,1,10,,1592412,25,,,1,50,,1592413,25,,,1,10,,1592414,25,,,1,10,,1592415,25,,,1,12,,1592416,25,,,1,11,,1592417,25,,,1,12,,1592418,25,,,1,52,,1592419,25,,,1,13,,1592420,25,,,1,14,,1592421,25,,,1,14,,1592422,25,,,1,55,,1592429,25,,,1,15,,1592430,25,,,1,16,,1592431,25,,,1,14,,1592432,25,,,1,55,,1592433,25,,,1,15,,1592434,25,,,1,15,,1592435,25,,,1,15,,1592436,25,,,1,55,,1592437,25,,,1,15,,1592438,25,,,1,14,,1592439,25,,,1,15,,1592440,25,,,1,55,,1592441,25,,,1,15,,1592442,25,,,1,14,,1592443,25,,,1,15,,1592444,25,,,1,55,,1592445,25,,,1,15,,1592446,25,,,1,15,,1592447,25,,,1,15,,1592448,25,,,1,56,,1592449,25,,,1,16,,1592450,25,,,1,15,,1592451,25,,,1,14,,1592452,25,,,1,54,,1592371,25,,,1,15,,1592462,25,,,1
80702,'20261014',535,,1592559,25,,,1,15,,1592519,25,,,1,54,,1592520,25,,,1,16,,1592521,25,,,1,17,,1592522,25,,,1,16,,1592523,25,,,1,54,,1592524,25,,,1,6,,1592468,25,,,1,8,,1592550,25,,,1,8,,1592551,25,,,1,11,,1592557,25,,,1,4,,1592560,25,,,1,8,,1592552,25,,,1,3,,1592561,25,,,1,48,,1592553,25,,,1,8,,1592554,25,,,1,4,,1592562,25,,,1,5,,1592555,25,,,1,11,,1592556,25,,,1,7,,1592549,25,,,1,11,,1592469,25,,,1,10,,1592470,25,,,1,51,,1592471,25,,,1,10,,1592472,25,,,1,13,,1592473,25,,,1,14,,1592474,25,,,1,54,,1592475,25,,,1,15,,1592476,25,,,1,15,,1592477,25,,,1,15,,1592478,25,,,1,55,,1592479,25,,,1,14,,1592480,25,,,1,14,,1592481,25,,,1,15,,1592482,25,,,1,14,,1592483,25,,,1,55,,1592484,25,,,1,16,,1592485,25,,,1,12,,1592486,25,,,1,13,,1592487,25,,,1,52,,1592488,25,,,1,12,,1592489,25,,,1,12,,1592490,25,,,1,12,,1592491,25,,,1,12,,1592492,25,,,1,52,,1592493,25,,,1,12,,1592494,25,,,1,11,,1592495,25,,,1,11,,1592496,25,,,1,12,,1592497,25,,,1,54,,1592498,25,,,1,10,,1592499,25,,,1,11,,1592500,25,,,1,10,,1592501,25,,,1,10,,1592502,25,,,1,12,,1592503,25,,,1,49,,1592504,25,,,1,11,,1592505,25,,,1,10,,1592506,25,,,1,11,,1592507,25,,,1,10,,1592508,25,,,1,50,,1592509,25,,,1,10,,1592510,25,,,1,10,,1592511,25,,,1,12,,1592512,25,,,1,11,,1592513,25,,,1,12,,1592514,25,,,1,52,,1592515,25,,,1,13,,1592516,25,,,1,14,,1592517,25,,,1,14,,1592518,25,,,1,55,,1592525,25,,,1,15,,1592526,25,,,1,16,,1592527,25,,,1,14,,1592528,25,,,1,55,,1592529,25,,,1,15,,1592530,25,,,1,15,,1592531,25,,,1,15,,1592532,25,,,1,55,,1592533,25,,,1,15,,1592534,25,,,1,14,,1592535,25,,,1,15,,1592536,25,,,1,55,,1592537,25,,,1,15,,1592538,25,,,1,14,,1592539,25,,,1,15,,1592540,25,,,1,55,,1592541,25,,,1,15,,1592542,25,,,1,15,,1592543,25,,,1,15,,1592544,25,,,1,56,,1592545,25,,,1,16,,1592546,25,,,1,15,,1592547,25,,,1,14,,1592548,25,,,1,54,,1592467,25,,,1,15,,1592558,25,,,1
80702,'20261015',535,,1592655,25,,,1,15,,1592615,25,,,1,54,,1592616,25,,,1,16,,1592617,25,,,1,17,,1592618,25,,,1,16,,1592619,25,,,1,54,,1592620,25,,,1,6,,1592564,25,,,1,8,,1592646,25,,,1,8,,1592647,25,,,1,11,,1592653,25,,,1,4,,1592656,25,,,1,8,,1592648,25,,,1,3,,1592657,25,,,1,48,,1592649,25,,,1,8,,1592650,25,,,1,4,,1592658,25,,,1,5,,1592651,25,,,1,11,,1592652,25,,,1,7,,1592645,25,,,1,11,,1592565,25,,,1,10,,1592566,25,,,1,51,,1592567,25,,,1,10,,1592568,25,,,1,13,,1592569,25,,,1,14,,1592570,25,,,1,54,,1592571,25,,,1,15,,1592572,25,,,1,15,,1592573,25,,,1,15,,1592574,25,,,1,55,,1592575,25,,,1,14,,1592576,25,,,1,14,,1592577,25,,,1,15,,1592578,25,,,1,14,,1592579,25,,,1,55,,1592580,25,,,1,16,,1592581,25,,,1,12,,1592582,25,,,1,13,,1592583,25,,,1,52,,1592584,25,,,1,12,,1592585,25,,,1,12,,1592586,25,,,1,12,,1592587,25,,,1,12,,1592588,25,,,1,52,,1592589,25,,,1,12,,1592590,25,,,1,11,,1592591,25,,,1,11,,1592592,25,,,1,12,,1592593,25,,,1,54,,1592594,25,,,1,10,,1592595,25,,,1,11,,1592596,25,,,1,10,,1592597,25,,,1,10,,1592598,25,,,1,12,,1592599,25,,,1,49,,1592600,25,,,1,11,,1592601,25,,,1,10,,1592602,25,,,1,11,,1592603,25,,,1,10,,1592604,25,,,1,50,,1592605,25,,,1,10,,1592606,25,,,1,10,,1592607,25,,,1,12,,1592608,25,,,1,11,,1592609,25,,,1,12,,1592610,25,,,1,52,,1592611,25,,,1,13,,1592612,25,,,1,14,,1592613,25,,,1,14,,1592614,25,,,1,55,,1592621,25,,,1,15,,1592622,25,,,1,16,,1592623,25,,,1,14,,1592624,25,,,1,55,,1592625,25,,,1,15,,1592626,25,,,1,15,,1592627,25,,,1,15,,1592628,25,,,1,55,,1592629,25,,,1,15,,1592630,25,,,1,14,,1592631,25,,,1,15,,1592632,25,,,1,55,,1592633,25,,,1,15,,1592634,25,,,1,14,,1592635,25,,,1,15,,1592636,25,,,1,55,,1592637,25,,,1,15,,1592638,25,,,1,15,,1592639,25,,,1,15,,1592640,25,,,1,56,,1592641,25,,,1,16,,1592642,25,,,1,15,,1592643,25,,,1,14,,1592644,25,,,1,54,,1592563,25,,,1,15,,1592654,25,,,1
80702,'20261016',535,,1592751,25,,,1,15,,1592711,25,,,1,54,,1592712,25,,,1,16,,1592713,25,,,1,17,,1592714,25,,,1,16,,1592715,25,,,1,54,,1592716,25,,,1,6,,1592660,25,,,1,8,,1592742,25,,,1,8,,1592743,25,,,1,11,,1592749,25,,,1,4,,1592752,25,,,1,8,,1592744,25,,,1,3,,1592753,25,,,1,48,,1592745,25,,,1,8,,1592746,25,,,1,4,,1592754,25,,,1,5,,1592747,25,,,1,11,,1592748,25,,,1,7,,1592741,25,,,1,11,,1592661,25,,,1,10,,1592662,25,,,1,51,,1592663,25,,,1,10,,1592664,25,,,1,13,,1592665,25,,,1,14,,1592666,25,,,1,54,,1592667,25,,,1,15,,1592668,25,,,1,15,,1592669,25,,,1,15,,1592670,25,,,1,55,,1592671,25,,,1,14,,1592672,25,,,1,14,,1592673,25,,,1,15,,1592674,25,,,1,14,,1592675,25,,,1,55,,1592676,25,,,1,16,,1592677,25,,,1,12,,1592678,25,,,1,13,,1592679,25,,,1,52,,1592680,25,,,1,12,,1592681,25,,,1,12,,1592682,25,,,1,12,,1592683,25,,,1,12,,1592684,25,,,1,52,,1592685,25,,,1,12,,1592686,25,,,1,11,,1592687,25,,,1,11,,1592688,25,,,1,12,,1592689,25,,,1,54,,1592690,25,,,1,10,,1592691,25,,,1,11,,1592692,25,,,1,10,,1592693,25,,,1,10,,1592694,25,,,1,12,,1592695,25,,,1,49,,1592696,25,,,1,11,,1592697,25,,,1,10,,1592698,25,,,1,11,,1592699,25,,,1,10,,1592700,25,,,1,50,,1592701,25,,,1,10,,1592702,25,,,1,10,,1592703,25,,,1,12,,1592704,25,,,1,11,,1592705,25,,,1,12,,1592706,25,,,1,52,,1592707,25,,,1,13,,1592708,25,,,1,14,,1592709,25,,,1,14,,1592710,25,,,1,55,,1592717,25,,,1,15,,1592718,25,,,1,16,,1592719,25,,,1,14,,1592720,25,,,1,55,,1592721,25,,,1,15,,1592722,25,,,1,15,,1592723,25,,,1,15,,1592724,25,,,1,55,,1592725,25,,,1,15,,1592726,25,,,1,14,,1592727,25,,,1,15,,1592728,25,,,1,55,,1592729,25,,,1,15,,1592730,25,,,1,14,,1592731,25,,,1,15,,1592732,25,,,1,55,,1592733,25,,,1,15,,1592734,25,,,1,15,,1592735,25,,,1,15,,1592736,25,,,1,56,,1592737,25,,,1,16,,1592738,25,,,1,15,,1592739,25,,,1,14,,1592740,25,,,1,54,,1592659,25,,,1,15,,1592750,25,,,1
90702,'20261002',2548,,1593484,25,,,0,85,,1593485,25,,,0
90702,'20261003',2548,,1593486,25,,,0,85,,1593487,25,,,0
90702,'20261009',2548,,1540201,25,,,0,85,,1540202,25,,,0
90702,'20261010',2548,,1561852,25,,,0,85,,1561853,25,,,0
90702,'20261016',2548,,1593488,25,,,0,85,,1593489,25,,,0
