9002,'20260929',633,,1551256,2,,,0,69,,1551257,2,,,0,35,,1551258,2,,,0,74,,1551259,2,,,0,20,,1551260,2,,,0
9002,'20260930',633,,1551262,2,,,0,69,,1551263,2,,,0,35,,1551264,2,,,0,74,,1551265,2,,,0,20,,1551266,2,,,0
9002,'20261001',633,,1551268,2,,,0,69,,1551269,2,,,0,35,,1551270,2,,,0,74,,1551271,2,,,0,20,,1551272,2,,,0
9002,'20261002',633,,1474141,2,,,0,69,,1474142,2,,,0,35,,1474145,2,,,0,74,,1474143,2,,,0,20,,1474144,2,,,0
9002,'20261005',633,,1497177,2,,,0,69,,1497178,2,,,0,35,,1497181,2,,,0,74,,1497179,2,,,0,20,,1497180,2,,,0
9002,'20261006',633,,1524458,2,,,0,69,,1524459,2,,,0,35,,1524462,2,,,0,74,,1524460,2,,,0,20,,1524461,2,,,0
9002,'20261007',633,,1524464,2,,,0,69,,1524465,2,,,0,35,,1524468,2,,,0,74,,1524466,2,,,0,20,,1524467,2,,,0
9002,'20261008',633,,1524470,2,,,0,69,,1524471,2,,,0,35,,1524474,2,,,0,74,,1524472,2,,,0,20,,1524473,2,,,0
9002,'20261009',633,,1524476,2,,,0,69,,1524477,2,,,0,35,,1524480,2,,,0,74,,1524478,2,,,0,20,,1524479,2,,,0
7009002,'20260929',707,,1561976,2,,,0
7009002,'20260930',707,,1561978,2,,,0
7009002,'20261001',707,,1561980,2,,,0
7009002,'20261002',707,,1485708,2,,,0
7009002,'20261005',707,,1508699,2,,,0
7009002,'20261006',707,,1540407,2,,,0
7009002,'20261007',707,,1540409,2,,,0
7009002,'20261008',707,,1540411,2,,,0
7009002,'20261009',707,,1540413,2,,,0
