401,'20261009',537,,1595379,17,,,0,70,,1595380,17,,,0,28,,1595381,17,,,0,72,,1595382,17,,,0,13,,1595383,17,,,0,14,,1595384,17,,,0,14,,1595385,17,,,0,10,,1595386,17,,,0,46,,1595387,17,,,0,8,,1595377,17,,,0,4,,1595388,17,,,0,9,,1595378,17,4,,0,2,,1595389,17,,,0,13,,1595390,17,,,0,15,,1595391,17,,,0,55,,1595392,17,,,0,17,,1595393,17,,,0,30,,1595394,17,,,0,72,,1595395,17,,,0,29,,1595396,17,,,0,68,,1595397,17,,,0,31,,1595398,17,,,0,69,,1595399,17,,,0,14,,1595400,17,,,0,16,,1595401,17,,,0,71,,1595402,17,,,0,30,,1595403,17,,,0,69,,1595404,17,,,0,27,,1595405,17,,,0,54,,1595406,17,,,0,18,,1595407,17,,,0,17,,1595408,17,,,0,58,,1595409,17,,,0,16,,1595410,17,,,0,10,,1595411,17,,,0,18,,1595412,17,,,0,15,,1595413,17,,,0,57,,1595414,17,,,0,15,,1595415,17,,,0,20,,1595416,17,,,0,64,,1595417,17,,,0,100,,1595418,17,,,0,101,,1595419,17,,,0,101,,1595420,17,,,0,100,,1595421,17,,,0,100,,1595422,17,,,0,97,,1595423,17,,,0
401,'20261010',700,,1626624,17,,,0,59,,1626625,17,,,0,97,,1626626,17,,,0,98,,1626627,17,,,0,101,,1626628,17,,,0,98,,1626629,17,,,0,100,,1626630,17,,,0,100,,1626631,17,,,0,100,,1626632,17,,,0,100,,1626633,17,,,0,102,,1626634,17,,,0,99,,1626635,17,,,0,101,,1626636,17,,,0,99,,1626637,17,,,0,100,,1626638,17,,,0,98,,1626639,17,,,0,99,,1626640,17,,,0,98,,1626641,17,,,0
401,'20261011',700,,1626642,17,,,0,59,,1626643,17,,,0,97,,1626644,17,,,0,98,,1626645,17,,,0,101,,1626646,17,,,0,98,,1626647,17,,,0,100,,1626648,17,,,0,100,,1626649,17,,,0,100,,1626650,17,,,0,100,,1626651,17,,,0,102,,1626652,17,,,0,99,,1626653,17,,,0,101,,1626654,17,,,0,99,,1626655,17,,,0,100,,1626656,17,,,0,98,,1626657,17,,,0,99,,1626658,17,,,0,98,,1626659,17,,,0
401,'20261012',700,,1626660,17,,,0,59,,1626661,17,,,0,97,,1626662,17,,,0,98,,1626663,17,,,0,101,,1626664,17,,,0,98,,1626665,17,,,0,100,,1626666,17,,,0,100,,1626667,17,,,0,100,,1626668,17,,,0,100,,1626669,17,,,0,102,,1626670,17,,,0,99,,1626671,17,,,0,101,,1626672,17,,,0,99,,1626673,17,,,0,100,,1626674,17,,,0,98,,1626675,17,,,0,99,,1626676,17,,,0,98,,1626677,17,,,0
401,'20261013',537,,1563677,17,,,0,70,,1563673,17,,,0,28,,1563670,17,,,0,72,,1563676,17,,,0,13,,1563702,17,,,0,14,,1563671,17,,,0,14,,1563713,17,,,0,10,,1563703,17,,,0,46,,1563714,17,,,0,12,,1563678,17,,,0,11,,1563700,17,,,0,13,,1563679,17,,,0,15,,1563704,17,,,0,55,,1563674,17,,,0,17,,1563705,17,,,0,30,,1563680,17,,,0,72,,1563681,17,,,0,29,,1563672,17,,,0,68,,1563682,17,,,0,31,,1563683,17,,,0,69,,1563684,17,,,0,14,,1563706,17,,,0,16,,1563686,17,,,0,71,,1563685,17,,,0,30,,1563687,17,,,0,69,,1563688,17,,,0,27,,1563675,17,,,0,54,,1563707,17,,,0,18,,1563694,17,,,0,17,,1563708,17,,,0,58,,1563695,17,,,0,16,,1563709,17,,,0,10,,1563696,17,,,0,18,,1563710,17,,,0,15,,1563698,17,,,0,57,,1563711,17,,,0,15,,1563712,17,,,0,20,,1563701,17,,,0,64,,1563689,17,,,0,100,,1563699,17,,,0,101,,1563690,17,,,0,101,,1563691,17,,,0,100,,1563697,17,,,0,100,,1563692,17,,,0,97,,1563693,17,,,0
401,'20261014',537,,1563722,17,,,0,70,,1563718,17,,,0,28,,1563715,17,,,0,72,,1563721,17,,,0,13,,1563747,17,,,0,14,,1563716,17,,,0,14,,1563758,17,,,0,10,,1563748,17,,,0,46,,1563759,17,,,0,12,,1563723,17,,,0,11,,1563745,17,,,0,13,,1563724,17,,,0,15,,1563749,17,,,0,55,,1563719,17,,,0,17,,1563750,17,,,0,30,,1563725,17,,,0,72,,1563726,17,,,0,29,,1563717,17,,,0,68,,1563727,17,,,0,31,,1563728,17,,,0,69,,1563729,17,,,0,14,,1563751,17,,,0,16,,1563731,17,,,0,71,,1563730,17,,,0,30,,1563732,17,,,0,69,,1563733,17,,,0,27,,1563720,17,,,0,54,,1563752,17,,,0,18,,1563739,17,,,0,17,,1563753,17,,,0,58,,1563740,17,,,0,16,,1563754,17,,,0,10,,1563741,17,,,0,18,,1563755,17,,,0,15,,1563743,17,,,0,57,,1563756,17,,,0,15,,1563757,17,,,0,20,,1563746,17,,,0,64,,1563734,17,,,0,100,,1563744,17,,,0,101,,1563735,17,,,0,101,,1563736,17,,,0,100,,1563742,17,,,0,100,,1563737,17,,,0,97,,1563738,17,,,0
401,'20261015',537,,1563767,17,,,0,70,,1563763,17,,,0,28,,1563760,17,,,0,72,,1563766,17,,,0,13,,1563792,17,,,0,14,,1563761,17,,,0,14,,1563803,17,,,0,10,,1563793,17,,,0,46,,1563804,17,,,0,12,,1563768,17,,,0,11,,1563790,17,,,0,13,,1563769,17,,,0,15,,1563794,17,,,0,55,,1563764,17,,,0,17,,1563795,17,,,0,30,,1563770,17,,,0,72,,1563771,17,,,0,29,,1563762,17,,,0,68,,1563772,17,,,0,31,,1563773,17,,,0,69,,1563774,17,,,0,14,,1563796,17,,,0,16,,1563776,17,,,0,71,,1563775,17,,,0,30,,1563777,17,,,0,69,,1563778,17,,,0,27,,1563765,17,,,0,54,,1563797,17,,,0,18,,1563784,17,,,0,17,,1563798,17,,,0,58,,1563785,17,,,0,16,,1563799,17,,,0,10,,1563786,17,,,0,18,,1563800,17,,,0,15,,1563788,17,,,0,57,,1563801,17,,,0,15,,1563802,17,,,0,20,,1563791,17,,,0,64,,1563779,17,,,0,100,,1563789,17,,,0,101,,1563780,17,,,0,101,,1563781,17,,,0,100,,1563787,17,,,0,100,,1563782,17,,,0,97,,1563783,17,,,0
401,'20261016',537,,1563812,17,,,0,70,,1563808,17,,,0,28,,1563805,17,,,0,72,,1563811,17,,,0,13,,1563837,17,,,0,14,,1563806,17,,,0,14,,1563848,17,,,0,10,,1563838,17,,,0,46,,1563849,17,,,0,12,,1563813,17,,,0,11,,1563835,17,,,0,13,,1563814,17,,,0,15,,1563839,17,,,0,55,,1563809,17,,,0,17,,1563840,17,,,0,30,,1563815,17,,,0,72,,1563816,17,,,0,29,,1563807,17,,,0,68,,1563817,17,,,0,31,,1563818,17,,,0,69,,1563819,17,,,0,14,,1563841,17,,,0,16,,1563821,17,,,0,71,,1563820,17,,,0,30,,1563822,17,,,0,69,,1563823,17,,,0,27,,1563810,17,,,0,54,,1563842,17,,,0,18,,1563829,17,,,0,17,,1563843,17,,,0,58,,1563830,17,,,0,16,,1563844,17,,,0,10,,1563831,17,,,0,18,,1563845,17,,,0,15,,1563833,17,,,0,57,,1563846,17,,,0,15,,1563847,17,,,0,20,,1563836,17,,,0,64,,1563824,17,,,0,100,,1563834,17,,,0,101,,1563825,17,,,0,101,,1563826,17,,,0,100,,1563832,17,,,0,100,,1563827,17,,,0,97,,1563828,17,,,0
401,'20261017',700,,1595441,17,,,0,59,,1595424,17,,,0,97,,1595425,17,,,0,98,,1595426,17,,,0,101,,1595427,17,,,0,98,,1595428,17,,,0,100,,1595429,17,,,0,100,,1595430,17,,,0,100,,1595431,17,,,0,100,,1595432,17,,,0,102,,1595433,17,,,0,99,,1595434,17,,,0,101,,1595435,17,,,0,99,,1595436,17,,,0,100,,1595437,17,,,0,98,,1595438,17,,,0,99,,1595439,17,,,0,98,,1595440,17,,,0
401,'20261018',700,,1595459,17,,,0,59,,1595442,17,,,0,97,,1595443,17,,,0,98,,1595444,17,,,0,101,,1595445,17,,,0,98,,1595446,17,,,0,100,,1595447,17,,,0,100,,1595448,17,,,0,100,,1595449,17,,,0,100,,1595450,17,,,0,102,,1595451,17,,,0,99,,1595452,17,,,0,101,,1595453,17,,,0,99,,1595454,17,,,0,100,,1595455,17,,,0,98,,1595456,17,,,0,99,,1595457,17,,,0,98,,1595458,17,,,0
401,'20261019',537,,1595467,17,,,0,70,,1595463,17,,,0,28,,1595460,17,,,0,72,,1595466,17,,,0,13,,1595492,17,,,0,14,,1595461,17,,,0,14,,1595503,17,,,0,10,,1595493,17,,,0,46,,1595504,17,,,0,12,,1595468,17,,,0,11,,1595490,17,,,0,13,,1595469,17,,,0,15,,1595494,17,,,0,55,,1595464,17,,,0,17,,1595495,17,,,0,30,,1595470,17,,,0,72,,1595471,17,,,0,29,,1595462,17,,,0,68,,1595472,17,,,0,31,,1595473,17,,,0,69,,1595474,17,,,0,14,,1595496,17,,,0,16,,1595476,17,,,0,71,,1595475,17,,,0,30,,1595477,17,,,0,69,,1595478,17,,,0,27,,1595465,17,,,0,54,,1595497,17,,,0,18,,1595484,17,,,0,17,,1595498,17,,,0,58,,1595485,17,,,0,16,,1595499,17,,,0,10,,1595486,17,,,0,18,,1595500,17,,,0,15,,1595488,17,,,0,57,,1595501,17,,,0,15,,1595502,17,,,0,20,,1595491,17,,,0,64,,1595479,17,,,0,100,,1595489,17,,,0,101,,1595480,17,,,0,101,,1595481,17,,,0,100,,1595487,17,,,0,100,,1595482,17,,,0,97,,1595483,17,,,0
401,'20261020',537,,1595512,17,,,0,70,,1595508,17,,,0,28,,1595505,17,,,0,72,,1595511,17,,,0,13,,1595537,17,,,0,14,,1595506,17,,,0,14,,1595548,17,,,0,10,,1595538,17,,,0,46,,1595549,17,,,0,12,,1595513,17,,,0,11,,1595535,17,,,0,13,,1595514,17,,,0,15,,1595539,17,,,0,55,,1595509,17,,,0,17,,1595540,17,,,0,30,,1595515,17,,,0,72,,1595516,17,,,0,29,,1595507,17,,,0,68,,1595517,17,,,0,31,,1595518,17,,,0,69,,1595519,17,,,0,14,,1595541,17,,,0,16,,1595521,17,,,0,71,,1595520,17,,,0,30,,1595522,17,,,0,69,,1595523,17,,,0,27,,1595510,17,,,0,54,,1595542,17,,,0,18,,1595529,17,,,0,17,,1595543,17,,,0,58,,1595530,17,,,0,16,,1595544,17,,,0,10,,1595531,17,,,0,18,,1595545,17,,,0,15,,1595533,17,,,0,57,,1595546,17,,,0,15,,1595547,17,,,0,20,,1595536,17,,,0,64,,1595524,17,,,0,100,,1595534,17,,,0,101,,1595525,17,,,0,101,,1595526,17,,,0,100,,1595532,17,,,0,100,,1595527,17,,,0,97,,1595528,17,,,0
401,'20261021',537,,1626685,17,,,0,70,,1626681,17,,,0,28,,1626678,17,,,0,72,,1626684,17,,,0,13,,1626710,17,,,0,14,,1626679,17,,,0,14,,1626721,17,,,0,10,,1626711,17,,,0,46,,1626722,17,,,0,12,,1626686,17,,,0,11,,1626708,17,,,0,13,,1626687,17,,,0,15,,1626712,17,,,0,55,,1626682,17,,,0,17,,1626713,17,,,0,30,,1626688,17,,,0,72,,1626689,17,,,0,29,,1626680,17,,,0,68,,1626690,17,,,0,31,,1626691,17,,,0,69,,1626692,17,,,0,14,,1626714,17,,,0,16,,1626694,17,,,0,71,,1626693,17,,,0,30,,1626695,17,,,0,69,,1626696,17,,,0,27,,1626683,17,,,0,54,,1626715,17,,,0,18,,1626702,17,,,0,17,,1626716,17,,,0,58,,1626703,17,,,0,16,,1626717,17,,,0,10,,1626704,17,,,0,18,,1626718,17,,,0,15,,1626706,17,,,0,57,,1626719,17,,,0,15,,1626720,17,,,0,20,,1626709,17,,,0,64,,1626697,17,,,0,100,,1626707,17,,,0,101,,1626698,17,,,0,101,,1626699,17,,,0,100,,1626705,17,,,0,100,,1626700,17,,,0,97,,1626701,17,,,0
401,'20261022',537,,1626730,17,,,0,70,,1626726,17,,,0,28,,1626723,17,,,0,72,,1626729,17,,,0,13,,1626755,17,,,0,14,,1626724,17,,,0,14,,1626766,17,,,0,10,,1626756,17,,,0,46,,1626767,17,,,0,12,,1626731,17,,,0,11,,1626753,17,,,0,13,,1626732,17,,,0,15,,1626757,17,,,0,55,,1626727,17,,,0,17,,1626758,17,,,0,30,,1626733,17,,,0,72,,1626734,17,,,0,29,,1626725,17,,,0,68,,1626735,17,,,0,31,,1626736,17,,,0,69,,1626737,17,,,0,14,,1626759,17,,,0,16,,1626739,17,,,0,71,,1626738,17,,,0,30,,1626740,17,,,0,69,,1626741,17,,,0,27,,1626728,17,,,0,54,,1626760,17,,,0,18,,1626747,17,,,0,17,,1626761,17,,,0,58,,1626748,17,,,0,16,,1626762,17,,,0,10,,1626749,17,,,0,18,,1626763,17,,,0,15,,1626751,17,,,0,57,,1626764,17,,,0,15,,1626765,17,,,0,20,,1626754,17,,,0,64,,1626742,17,,,0,100,,1626752,17,,,0,101,,1626743,17,,,0,101,,1626744,17,,,0,100,,1626750,17,,,0,100,,1626745,17,,,0,97,,1626746,17,,,0
401,'20261023',537,,1626775,17,,,0,70,,1626771,17,,,0,28,,1626768,17,,,0,72,,1626774,17,,,0,13,,1626800,17,,,0,14,,1626769,17,,,0,14,,1626811,17,,,0,10,,1626801,17,,,0,46,,1626812,17,,,0,12,,1626776,17,,,0,11,,1626798,17,,,0,13,,1626777,17,,,0,15,,1626802,17,,,0,55,,1626772,17,,,0,17,,1626803,17,,,0,30,,1626778,17,,,0,72,,1626779,17,,,0,29,,1626770,17,,,0,68,,1626780,17,,,0,31,,1626781,17,,,0,69,,1626782,17,,,0,14,,1626804,17,,,0,16,,1626784,17,,,0,71,,1626783,17,,,0,30,,1626785,17,,,0,69,,1626786,17,,,0,27,,1626773,17,,,0,54,,1626805,17,,,0,18,,1626792,17,,,0,17,,1626806,17,,,0,58,,1626793,17,,,0,16,,1626807,17,,,0,10,,1626794,17,,,0,18,,1626808,17,,,0,15,,1626796,17,,,0,57,,1626809,17,,,0,15,,1626810,17,,,0,20,,1626799,17,,,0,64,,1626787,17,,,0,100,,1626797,17,,,0,101,,1626788,17,,,0,101,,1626789,17,,,0,100,,1626795,17,,,0,100,,1626790,17,,,0,97,,1626791,17,,,0
45001,'20261010',1520,,1638909,2,,,0
45001,'20261011',1420,,1638910,2,,,0
80203,'20261009',539,,1618647,11,,,1,14,,1618648,11,,,1,52,,1618649,11,,,1,10,,1618650,11,,,1,10,,1618651,11,,,1,10,,1618652,11,,,1,9,,1618653,11,,,1,11,,1618654,11,,,1,51,,1618655,11,,,1,9,,1618656,11,,,1,9,,1618657,11,,,1,11,,1618658,11,,,1,9,,1618659,11,,,1,10,,1618660,11,,,1,50,,1618661,11,,,1,10,,1618662,11,,,1,10,,1618663,11,,,1,11,,1618664,11,,,1,10,,1618665,11,,,1,10,,1618666,11,,,1,53,,1618667,11,,,1,15,,1618668,11,,,1,16,,1618669,11,,,1,14,,1618670,11,,,1,55,,1618671,11,,,1,15,,1618672,11,,,1,15,,1618673,11,,,1,15,,1618674,11,,,1,55,,1618675,11,,,1,15,,1618676,11,,,1,15,,1618677,11,,,1,15,,1618678,11,,,1,55,,1618679,11,,,1,15,,1618680,11,,,1,15,,1618681,11,,,1,15,,1618682,11,,,1,56,,1618683,11,,,1,13,,1618684,11,,,1,15,,1618685,11,,,1,15,,1618686,11,,,1,55,,1618687,11,,,1,15,,1618688,11,,,1,15,,1618689,11,,,1,15,,1618690,11,,,1,53,,1618691,11,,,1,10,,1618692,11,,,1,10,,1618693,11,,,1,10,,1618694,11,,,1,10,,1618695,11,,,1,8,,1618696,11,,,1,51,,1618697,11,,,1,10,,1618698,11,,,1,11,,1618699,11,,,1,10,,1618700,11,,,1,10,,1618701,11,,,1,10,,1618702,11,,,1,50,,1618703,11,,,1,10,,1618704,11,,,1,11,,1618705,11,,,1,11,,1618706,11,,,1,9,,1618707,11,,,1,10,,1618708,11,,,1,50,,1618709,11,,,1,13,,1618710,11,,,1,15,,1618711,11,,,1,15,,1618712,11,,,1,55,,1618713,11,,,1,16,,1618714,11,,,1,14,,1618715,11,,,1,16,,1618716,11,,,1,55,,1618717,11,,,1,15,,1618718,11,,,1,15,,1618719,11,,,1,15,,1618720,11,,,1,55,,1618721,11,,,1,15,,1618722,11,,,1,15,,1618723,11,,,1,15,,1618724,11,,,1,55,,1618725,11,,,1,15,,1618726,11,,,1,15,,1618727,11,,,1,15,,1618728,11,,,1,55,,1618729,11,,,1,15,,1618730,11,,,1,16,,1618731,11,,,1,15,,1618732,11,,,1,55,,1618733,11,,,1,15,,1618734,11,,,1,15,,1618735,11,,,1
80203,'20261010',537,,1641902,11,,,1,15,,1641903,11,,,1,54,,1641904,11,,,1,15,,1641905,11,,,1,14,,1641906,11,,,1,14,,1641907,11,,,1,56,,1641908,11,,,1,15,,1641909,11,,,1,15,,1641910,11,,,1,15,,1641911,11,,,1,55,,1641912,11,,,1,14,,1641913,11,,,1,15,,1641914,11,,,1,14,,1641915,11,,,1,55,,1641916,11,,,1,14,,1641917,11,,,1,15,,1641918,11,,,1,14,,1641919,11,,,1,55,,1641920,11,,,1,15,,1641921,11,,,1,15,,1641922,11,,,1,14,,1641923,11,,,1,55,,1641924,11,,,1,14,,1641925,11,,,1,15,,1641926,11,,,1,15,,1641927,11,,,1,14,,1641928,11,,,1,56,,1641929,11,,,1,13,,1641930,11,,,1,18,,1641931,11,,,1,13,,1641932,11,,,1,56,,1641933,11,,,1,14,,1641934,11,,,1,14,,1641935,11,,,1,16,,1641936,11,,,1,56,,1641937,11,,,1,15,,1641938,11,,,1,16,,1641939,11,,,1,55,,1641940,11,,,1,14,,1641941,11,,,1,13,,1641942,11,,,1,16,,1641943,11,,,1,14,,1641944,11,,,1,57,,1641945,11,,,1,16,,1641946,11,,,1,16,,1641947,11,,,1,54,,1641948,11,,,1,13,,1641949,11,,,1,17,,1641950,11,,,1,15,,1641951,11,,,1,14,,1641952,11,,,1,54,,1641953,11,,,1,16,,1641954,11,,,1,15,,1641955,11,,,1,15,,1641956,11,,,1,56,,1641957,11,,,1,14,,1641958,11,,,1,15,,1641959,11,,,1,56,,1641960,11,,,1,15,,1641961,11,,,1,16,,1641962,11,,,1,15,,1641963,11,,,1,55,,1641964,11,,,1,16,,1641965,11,,,1,15,,1641966,11,,,1,15,,1641967,11,,,1,54,,1641968,11,,,1,15,,1641969,11,,,1,16,,1641970,11,,,1,15,,1641971,11,,,1,57,,1641972,11,,,1,15,,1641973,11,,,1,16,,1641974,11,,,1,16,,1641975,11,,,1,55,,1641976,11,,,1,15,,1641977,11,,,1,14,,1641978,11,,,1
80203,'20261011',537,,1641979,11,,,1,15,,1641980,11,,,1,54,,1641981,11,,,1,15,,1641982,11,,,1,14,,1641983,11,,,1,14,,1641984,11,,,1,56,,1641985,11,,,1,15,,1641986,11,,,1,15,,1641987,11,,,1,15,,1641988,11,,,1,55,,1641989,11,,,1,14,,1641990,11,,,1,15,,1641991,11,,,1,14,,1641992,11,,,1,55,,1641993,11,,,1,14,,1641994,11,,,1,15,,1641995,11,,,1,14,,1641996,11,,,1,55,,1641997,11,,,1,15,,1641998,11,,,1,15,,1641999,11,,,1,14,,1642000,11,,,1,55,,1642001,11,,,1,14,,1642002,11,,,1,15,,1642003,11,,,1,15,,1642004,11,,,1,14,,1642005,11,,,1,56,,1642006,11,,,1,13,,1642007,11,,,1,18,,1642008,11,,,1,13,,1642009,11,,,1,56,,1642010,11,,,1,14,,1642011,11,,,1,14,,1642012,11,,,1,16,,1642013,11,,,1,56,,1642014,11,,,1,15,,1642015,11,,,1,16,,1642016,11,,,1,55,,1642017,11,,,1,14,,1642018,11,,,1,13,,1642019,11,,,1,16,,1642020,11,,,1,14,,1642021,11,,,1,57,,1642022,11,,,1,16,,1642023,11,,,1,16,,1642024,11,,,1,54,,1642025,11,,,1,13,,1642026,11,,,1,17,,1642027,11,,,1,15,,1642028,11,,,1,14,,1642029,11,,,1,54,,1642030,11,,,1,16,,1642031,11,,,1,15,,1642032,11,,,1,15,,1642033,11,,,1,56,,1642034,11,,,1,14,,1642035,11,,,1,15,,1642036,11,,,1,56,,1642037,11,,,1,15,,1642038,11,,,1,16,,1642039,11,,,1,15,,1642040,11,,,1,55,,1642041,11,,,1,16,,1642042,11,,,1,15,,1642043,11,,,1,15,,1642044,11,,,1,54,,1642045,11,,,1,15,,1642046,11,,,1,16,,1642047,11,,,1,15,,1642048,11,,,1,57,,1642049,11,,,1,15,,1642050,11,,,1,16,,1642051,11,,,1,16,,1642052,11,,,1,55,,1642053,11,,,1,15,,1642054,11,,,1,14,,1642055,11,,,1
80203,'20261012',537,,1642056,11,,,1,15,,1642057,11,,,1,54,,1642058,11,,,1,15,,1642059,11,,,1,14,,1642060,11,,,1,14,,1642061,11,,,1,56,,1642062,11,,,1,15,,1642063,11,,,1,15,,1642064,11,,,1,15,,1642065,11,,,1,55,,1642066,11,,,1,14,,1642067,11,,,1,15,,1642068,11,,,1,14,,1642069,11,,,1,55,,1642070,11,,,1,14,,1642071,11,,,1,15,,1642072,11,,,1,14,,1642073,11,,,1,55,,1642074,11,,,1,15,,1642075,11,,,1,15,,1642076,11,,,1,14,,1642077,11,,,1,55,,1642078,11,,,1,14,,1642079,11,,,1,15,,1642080,11,,,1,15,,1642081,11,,,1,14,,1642082,11,,,1,56,,1642083,11,,,1,13,,1642084,11,,,1,18,,1642085,11,,,1,13,,1642086,11,,,1,56,,1642087,11,,,1,14,,1642088,11,,,1,14,,1642089,11,,,1,16,,1642090,11,,,1,56,,1642091,11,,,1,15,,1642092,11,,,1,16,,1642093,11,,,1,55,,1642094,11,,,1,14,,1642095,11,,,1,13,,1642096,11,,,1,16,,1642097,11,,,1,14,,1642098,11,,,1,57,,1642099,11,,,1,16,,1642100,11,,,1,16,,1642101,11,,,1,54,,1642102,11,,,1,13,,1642103,11,,,1,17,,1642104,11,,,1,15,,1642105,11,,,1,14,,1642106,11,,,1,54,,1642107,11,,,1,16,,1642108,11,,,1,15,,1642109,11,,,1,15,,1642110,11,,,1,56,,1642111,11,,,1,14,,1642112,11,,,1,15,,1642113,11,,,1,56,,1642114,11,,,1,15,,1642115,11,,,1,16,,1642116,11,,,1,15,,1642117,11,,,1,55,,1642118,11,,,1,16,,1642119,11,,,1,15,,1642120,11,,,1,15,,1642121,11,,,1,54,,1642122,11,,,1,15,,1642123,11,,,1,16,,1642124,11,,,1,15,,1642125,11,,,1,57,,1642126,11,,,1,15,,1642127,11,,,1,16,,1642128,11,,,1,16,,1642129,11,,,1,55,,1642130,11,,,1,15,,1642131,11,,,1,14,,1642132,11,,,1
80203,'20261013',539,,1586895,11,,,1,14,,1586916,11,,,1,52,,1586906,11,,,1,10,,1586967,11,,,1,10,,1586981,11,,,1,10,,1586896,11,,,1,9,,1586917,11,,,1,11,,1586932,11,,,1,51,,1586907,11,,,1,9,,1586954,11,,,1,9,,1586968,11,,,1,11,,1586975,11,,,1,9,,1586922,11,,,1,10,,1586897,11,,,1,50,,1586944,11,,,1,10,,1586976,11,,,1,10,,1586961,11,,,1,11,,1586908,11,,,1,10,,1586955,11,,,1,10,,1586980,11,,,1,53,,1586969,11,,,1,15,,1586923,11,,,1,16,,1586962,11,,,1,14,,1586933,11,,,1,55,,1586909,11,,,1,15,,1586956,11,,,1,15,,1586924,11,,,1,15,,1586898,11,,,1,55,,1586963,11,,,1,15,,1586957,11,,,1,15,,1586970,11,,,1,15,,1586899,11,,,1,55,,1586964,11,,,1,15,,1586934,11,,,1,15,,1586958,11,,,1,15,,1586925,11,,,1,56,,1586900,11,,,1,13,,1586945,11,,,1,15,,1586935,11,,,1,15,,1586959,11,,,1,55,,1586926,11,,,1,15,,1586901,11,,,1,15,,1586946,11,,,1,15,,1586936,11,,,1,53,,1586960,11,,,1,10,,1586971,11,,,1,10,,1586927,11,,,1,10,,1586982,11,,,1,10,,1586947,11,,,1,8,,1586950,11,,,1,51,,1586978,11,,,1,10,,1586965,11,,,1,11,,1586937,11,,,1,10,,1586910,11,,,1,10,,1586972,11,,,1,10,,1586928,11,,,1,50,,1586977,11,,,1,10,,1586902,11,,,1,11,,1586948,11,,,1,11,,1586966,11,,,1,9,,1586938,11,,,1,10,,1586983,11,,,1,50,,1586974,11,,,1,13,,1586973,11,,,1,15,,1586929,11,,,1,15,,1586979,11,,,1,55,,1586903,11,,,1,16,,1586949,11,,,1,14,,1586939,11,,,1,16,,1586911,11,,,1,55,,1586918,11,,,1,15,,1586930,11,,,1,15,,1586951,11,,,1,15,,1586940,11,,,1,55,,1586912,11,,,1,15,,1586919,11,,,1,15,,1586931,11,,,1,15,,1586952,11,,,1,55,,1586941,11,,,1,15,,1586913,11,,,1,15,,1586920,11,,,1,15,,1586904,11,,,1,55,,1586942,11,,,1,15,,1586914,11,,,1,16,,1586921,11,,,1,15,,1586905,11,,,1,55,,1586953,11,,,1,15,,1586943,11,,,1,15,,1586915,11,,,1
80203,'20261014',539,,1586984,11,,,1,14,,1587005,11,,,1,52,,1586995,11,,,1,10,,1587056,11,,,1,10,,1587070,11,,,1,10,,1586985,11,,,1,9,,1587006,11,,,1,11,,1587021,11,,,1,51,,1586996,11,,,1,9,,1587043,11,,,1,9,,1587057,11,,,1,11,,1587064,11,,,1,9,,1587011,11,,,1,10,,1586986,11,,,1,50,,1587033,11,,,1,10,,1587065,11,,,1,10,,1587050,11,,,1,11,,1586997,11,,,1,10,,1587044,11,,,1,10,,1587069,11,,,1,53,,1587058,11,,,1,15,,1587012,11,,,1,16,,1587051,11,,,1,14,,1587022,11,,,1,55,,1586998,11,,,1,15,,1587045,11,,,1,15,,1587013,11,,,1,15,,1586987,11,,,1,55,,1587052,11,,,1,15,,1587046,11,,,1,15,,1587059,11,,,1,15,,1586988,11,,,1,55,,1587053,11,,,1,15,,1587023,11,,,1,15,,1587047,11,,,1,15,,1587014,11,,,1,56,,1586989,11,,,1,13,,1587034,11,,,1,15,,1587024,11,,,1,15,,1587048,11,,,1,55,,1587015,11,,,1,15,,1586990,11,,,1,15,,1587035,11,,,1,15,,1587025,11,,,1,53,,1587049,11,,,1,10,,1587060,11,,,1,10,,1587016,11,,,1,10,,1587071,11,,,1,10,,1587036,11,,,1,8,,1587039,11,,,1,51,,1587067,11,,,1,10,,1587054,11,,,1,11,,1587026,11,,,1,10,,1586999,11,,,1,10,,1587061,11,,,1,10,,1587017,11,,,1,50,,1587066,11,,,1,10,,1586991,11,,,1,11,,1587037,11,,,1,11,,1587055,11,,,1,9,,1587027,11,,,1,10,,1587072,11,,,1,50,,1587063,11,,,1,13,,1587062,11,,,1,15,,1587018,11,,,1,15,,1587068,11,,,1,55,,1586992,11,,,1,16,,1587038,11,,,1,14,,1587028,11,,,1,16,,1587000,11,,,1,55,,1587007,11,,,1,15,,1587019,11,,,1,15,,1587040,11,,,1,15,,1587029,11,,,1,55,,1587001,11,,,1,15,,1587008,11,,,1,15,,1587020,11,,,1,15,,1587041,11,,,1,55,,1587030,11,,,1,15,,1587002,11,,,1,15,,1587009,11,,,1,15,,1586993,11,,,1,55,,1587031,11,,,1,15,,1587003,11,,,1,16,,1587010,11,,,1,15,,1586994,11,,,1,55,,1587042,11,,,1,15,,1587032,11,,,1,15,,1587004,11,,,1
80203,'20261015',539,,1587073,11,,,1,14,,1587094,11,,,1,52,,1587084,11,,,1,10,,1587145,11,,,1,10,,1587159,11,,,1,10,,1587074,11,,,1,9,,1587095,11,,,1,11,,1587110,11,,,1,51,,1587085,11,,,1,9,,1587132,11,,,1,9,,1587146,11,,,1,11,,1587153,11,,,1,9,,1587100,11,,,1,10,,1587075,11,,,1,50,,1587122,11,,,1,10,,1587154,11,,,1,10,,1587139,11,,,1,11,,1587086,11,,,1,10,,1587133,11,,,1,10,,1587158,11,,,1,53,,1587147,11,,,1,15,,1587101,11,,,1,16,,1587140,11,,,1,14,,1587111,11,,,1,55,,1587087,11,,,1,15,,1587134,11,,,1,15,,1587102,11,,,1,15,,1587076,11,,,1,55,,1587141,11,,,1,15,,1587135,11,,,1,15,,1587148,11,,,1,15,,1587077,11,,,1,55,,1587142,11,,,1,15,,1587112,11,,,1,15,,1587136,11,,,1,15,,1587103,11,,,1,56,,1587078,11,,,1,13,,1587123,11,,,1,15,,1587113,11,,,1,15,,1587137,11,,,1,55,,1587104,11,,,1,15,,1587079,11,,,1,15,,1587124,11,,,1,15,,1587114,11,,,1,53,,1587138,11,,,1,10,,1587149,11,,,1,10,,1587105,11,,,1,10,,1587160,11,,,1,10,,1587125,11,,,1,8,,1587128,11,,,1,51,,1587156,11,,,1,10,,1587143,11,,,1,11,,1587115,11,,,1,10,,1587088,11,,,1,10,,1587150,11,,,1,10,,1587106,11,,,1,50,,1587155,11,,,1,10,,1587080,11,,,1,11,,1587126,11,,,1,11,,1587144,11,,,1,9,,1587116,11,,,1,10,,1587161,11,,,1,50,,1587152,11,,,1,13,,1587151,11,,,1,15,,1587107,11,,,1,15,,1587157,11,,,1,55,,1587081,11,,,1,16,,1587127,11,,,1,14,,1587117,11,,,1,16,,1587089,11,,,1,55,,1587096,11,,,1,15,,1587108,11,,,1,15,,1587129,11,,,1,15,,1587118,11,,,1,55,,1587090,11,,,1,15,,1587097,11,,,1,15,,1587109,11,,,1,15,,1587130,11,,,1,55,,1587119,11,,,1,15,,1587091,11,,,1,15,,1587098,11,,,1,15,,1587082,11,,,1,55,,1587120,11,,,1,15,,1587092,11,,,1,16,,1587099,11,,,1,15,,1587083,11,,,1,55,,1587131,11,,,1,15,,1587121,11,,,1,15,,1587093,11,,,1
80203,'20261016',539,,1587162,11,,,1,14,,1587183,11,,,1,52,,1587173,11,,,1,10,,1587234,11,,,1,10,,1587248,11,,,1,10,,1587163,11,,,1,9,,1587184,11,,,1,11,,1587199,11,,,1,51,,1587174,11,,,1,9,,1587221,11,,,1,9,,1587235,11,,,1,11,,1587242,11,,,1,9,,1587189,11,,,1,10,,1587164,11,,,1,50,,1587211,11,,,1,10,,1587243,11,,,1,10,,1587228,11,,,1,11,,1587175,11,,,1,10,,1587222,11,,,1,10,,1587247,11,,,1,53,,1587236,11,,,1,15,,1587190,11,,,1,16,,1587229,11,,,1,14,,1587200,11,,,1,55,,1587176,11,,,1,15,,1587223,11,,,1,15,,1587191,11,,,1,15,,1587165,11,,,1,55,,1587230,11,,,1,15,,1587224,11,,,1,15,,1587237,11,,,1,15,,1587166,11,,,1,55,,1587231,11,,,1,15,,1587201,11,,,1,15,,1587225,11,,,1,15,,1587192,11,,,1,56,,1587167,11,,,1,13,,1587212,11,,,1,15,,1587202,11,,,1,15,,1587226,11,,,1,55,,1587193,11,,,1,15,,1587168,11,,,1,15,,1587213,11,,,1,15,,1587203,11,,,1,53,,1587227,11,,,1,10,,1587238,11,,,1,10,,1587194,11,,,1,10,,1587249,11,,,1,10,,1587214,11,,,1,8,,1587217,11,,,1,51,,1587245,11,,,1,10,,1587232,11,,,1,11,,1587204,11,,,1,10,,1587177,11,,,1,10,,1587239,11,,,1,10,,1587195,11,,,1,50,,1587244,11,,,1,10,,1587169,11,,,1,11,,1587215,11,,,1,11,,1587233,11,,,1,9,,1587205,11,,,1,10,,1587250,11,,,1,50,,1587241,11,,,1,13,,1587240,11,,,1,15,,1587196,11,,,1,15,,1587246,11,,,1,55,,1587170,11,,,1,16,,1587216,11,,,1,14,,1587206,11,,,1,16,,1587178,11,,,1,55,,1587185,11,,,1,15,,1587197,11,,,1,15,,1587218,11,,,1,15,,1587207,11,,,1,55,,1587179,11,,,1,15,,1587186,11,,,1,15,,1587198,11,,,1,15,,1587219,11,,,1,55,,1587208,11,,,1,15,,1587180,11,,,1,15,,1587187,11,,,1,15,,1587171,11,,,1,55,,1587209,11,,,1,15,,1587181,11,,,1,16,,1587188,11,,,1,15,,1587172,11,,,1,55,,1587220,11,,,1,15,,1587210,11,,,1,15,,1587182,11,,,1
80203,'20261017',537,,1618801,11,,,1,15,,1618792,11,,,1,54,,1618786,11,,,1,15,,1618788,11,,,1,14,,1618793,11,,,1,14,,1618794,11,,,1,56,,1618799,11,,,1,15,,1618789,11,,,1,15,,1618800,11,,,1,15,,1618795,11,,,1,55,,1618787,11,,,1,14,,1618796,11,,,1,15,,1618791,11,,,1,14,,1618802,11,,,1,55,,1618797,11,,,1,14,,1618790,11,,,1,15,,1618798,11,,,1,14,,1618803,11,,,1,55,,1618804,11,,,1,15,,1618808,11,,,1,15,,1618809,11,,,1,14,,1618805,11,,,1,55,,1618806,11,,,1,14,,1618810,11,,,1,15,,1618807,11,,,1,15,,1618811,11,,,1,14,,1618812,11,,,1,56,,1618745,11,,,1,13,,1618736,11,,,1,18,,1618743,11,,,1,13,,1618748,11,,,1,56,,1618750,11,,,1,14,,1618746,11,,,1,14,,1618737,11,,,1,16,,1618741,11,,,1,56,,1618749,11,,,1,15,,1618738,11,,,1,16,,1618739,11,,,1,55,,1618751,11,,,1,14,,1618783,11,,,1,13,,1618742,11,,,1,16,,1618782,11,,,1,14,,1618744,11,,,1,57,,1618752,11,,,1,16,,1618753,11,,,1,16,,1618771,11,,,1,54,,1618785,11,,,1,13,,1618754,11,,,1,17,,1618755,11,,,1,15,,1618784,11,,,1,14,,1618740,11,,,1,54,,1618756,11,,,1,16,,1618757,11,,,1,15,,1618758,11,,,1,15,,1618759,11,,,1,56,,1618762,11,,,1,14,,1618760,11,,,1,15,,1618761,11,,,1,56,,1618766,11,,,1,15,,1618764,11,,,1,16,,1618763,11,,,1,15,,1618765,11,,,1,55,,1618770,11,,,1,16,,1618780,11,,,1,15,,1618779,11,,,1,15,,1618781,11,,,1,54,,1618777,11,,,1,15,,1618776,11,,,1,16,,1618772,11,,,1,15,,1618775,11,,,1,57,,1618747,11,,,1,15,,1618778,11,,,1,16,,1618769,11,,,1,16,,1618767,11,,,1,55,,1618768,11,,,1,15,,1618774,11,,,1,14,,1618773,11,,,1
80203,'20261018',537,,1618868,11,,,1,15,,1618882,11,,,1,54,,1618881,11,,,1,15,,1618883,11,,,1,14,,1618884,11,,,1,14,,1618878,11,,,1,56,,1618873,11,,,1,15,,1618887,11,,,1,15,,1618871,11,,,1,15,,1618876,11,,,1,55,,1618880,11,,,1,14,,1618889,11,,,1,15,,1618886,11,,,1,14,,1618869,11,,,1,55,,1618867,11,,,1,14,,1618885,11,,,1,15,,1618870,11,,,1,14,,1618872,11,,,1,55,,1618875,11,,,1,15,,1618861,11,,,1,15,,1618864,11,,,1,14,,1618866,11,,,1,55,,1618874,11,,,1,14,,1618865,11,,,1,15,,1618860,11,,,1,15,,1618863,11,,,1,14,,1618862,11,,,1,56,,1618847,11,,,1,13,,1618858,11,,,1,18,,1618857,11,,,1,13,,1618854,11,,,1,56,,1618839,11,,,1,14,,1618846,11,,,1,14,,1618853,11,,,1,16,,1618851,11,,,1,56,,1618838,11,,,1,15,,1618855,11,,,1,16,,1618852,11,,,1,55,,1618841,11,,,1,14,,1618888,11,,,1,13,,1618856,11,,,1,16,,1618814,11,,,1,14,,1618850,11,,,1,57,,1618848,11,,,1,16,,1618837,11,,,1,16,,1618830,11,,,1,54,,1618879,11,,,1,13,,1618840,11,,,1,17,,1618845,11,,,1,15,,1618877,11,,,1,14,,1618859,11,,,1,54,,1618844,11,,,1,16,,1618843,11,,,1,15,,1618842,11,,,1,15,,1618836,11,,,1,56,,1618834,11,,,1,14,,1618832,11,,,1,15,,1618835,11,,,1,56,,1618828,11,,,1,15,,1618831,11,,,1,16,,1618833,11,,,1,15,,1618821,11,,,1,55,,1618825,11,,,1,16,,1618818,11,,,1,15,,1618816,11,,,1,15,,1618815,11,,,1,54,,1618819,11,,,1,15,,1618813,11,,,1,16,,1618824,11,,,1,15,,1618829,11,,,1,57,,1618849,11,,,1,15,,1618817,11,,,1,16,,1618826,11,,,1,16,,1618820,11,,,1,55,,1618827,11,,,1,15,,1618822,11,,,1,14,,1618823,11,,,1
80203,'20261019',539,,1618890,11,,,1,14,,1618911,11,,,1,52,,1618901,11,,,1,10,,1618962,11,,,1,10,,1618976,11,,,1,10,,1618891,11,,,1,9,,1618912,11,,,1,11,,1618927,11,,,1,51,,1618902,11,,,1,9,,1618949,11,,,1,9,,1618963,11,,,1,11,,1618970,11,,,1,9,,1618917,11,,,1,10,,1618892,11,,,1,50,,1618939,11,,,1,10,,1618971,11,,,1,10,,1618956,11,,,1,11,,1618903,11,,,1,10,,1618950,11,,,1,10,,1618975,11,,,1,53,,1618964,11,,,1,15,,1618918,11,,,1,16,,1618957,11,,,1,14,,1618928,11,,,1,55,,1618904,11,,,1,15,,1618951,11,,,1,15,,1618919,11,,,1,15,,1618893,11,,,1,55,,1618958,11,,,1,15,,1618952,11,,,1,15,,1618965,11,,,1,15,,1618894,11,,,1,55,,1618959,11,,,1,15,,1618929,11,,,1,15,,1618953,11,,,1,15,,1618920,11,,,1,56,,1618895,11,,,1,13,,1618940,11,,,1,15,,1618930,11,,,1,15,,1618954,11,,,1,55,,1618921,11,,,1,15,,1618896,11,,,1,15,,1618941,11,,,1,15,,1618931,11,,,1,53,,1618955,11,,,1,10,,1618966,11,,,1,10,,1618922,11,,,1,10,,1618977,11,,,1,10,,1618942,11,,,1,8,,1618945,11,,,1,51,,1618973,11,,,1,10,,1618960,11,,,1,11,,1618932,11,,,1,10,,1618905,11,,,1,10,,1618967,11,,,1,10,,1618923,11,,,1,50,,1618972,11,,,1,10,,1618897,11,,,1,11,,1618943,11,,,1,11,,1618961,11,,,1,9,,1618933,11,,,1,10,,1618978,11,,,1,50,,1618969,11,,,1,13,,1618968,11,,,1,15,,1618924,11,,,1,15,,1618974,11,,,1,55,,1618898,11,,,1,16,,1618944,11,,,1,14,,1618934,11,,,1,16,,1618906,11,,,1,55,,1618913,11,,,1,15,,1618925,11,,,1,15,,1618946,11,,,1,15,,1618935,11,,,1,55,,1618907,11,,,1,15,,1618914,11,,,1,15,,1618926,11,,,1,15,,1618947,11,,,1,55,,1618936,11,,,1,15,,1618908,11,,,1,15,,1618915,11,,,1,15,,1618899,11,,,1,55,,1618937,11,,,1,15,,1618909,11,,,1,16,,1618916,11,,,1,15,,1618900,11,,,1,55,,1618948,11,,,1,15,,1618938,11,,,1,15,,1618910,11,,,1
80203,'20261020',539,,1618979,11,,,1,14,,1619000,11,,,1,52,,1618990,11,,,1,10,,1619051,11,,,1,10,,1619065,11,,,1,10,,1618980,11,,,1,9,,1619001,11,,,1,11,,1619016,11,,,1,51,,1618991,11,,,1,9,,1619038,11,,,1,9,,1619052,11,,,1,11,,1619059,11,,,1,9,,1619006,11,,,1,10,,1618981,11,,,1,50,,1619028,11,,,1,10,,1619060,11,,,1,10,,1619045,11,,,1,11,,1618992,11,,,1,10,,1619039,11,,,1,10,,1619064,11,,,1,53,,1619053,11,,,1,15,,1619007,11,,,1,16,,1619046,11,,,1,14,,1619017,11,,,1,55,,1618993,11,,,1,15,,1619040,11,,,1,15,,1619008,11,,,1,15,,1618982,11,,,1,55,,1619047,11,,,1,15,,1619041,11,,,1,15,,1619054,11,,,1,15,,1618983,11,,,1,55,,1619048,11,,,1,15,,1619018,11,,,1,15,,1619042,11,,,1,15,,1619009,11,,,1,56,,1618984,11,,,1,13,,1619029,11,,,1,15,,1619019,11,,,1,15,,1619043,11,,,1,55,,1619010,11,,,1,15,,1618985,11,,,1,15,,1619030,11,,,1,15,,1619020,11,,,1,53,,1619044,11,,,1,10,,1619055,11,,,1,10,,1619011,11,,,1,10,,1619066,11,,,1,10,,1619031,11,,,1,8,,1619034,11,,,1,51,,1619062,11,,,1,10,,1619049,11,,,1,11,,1619021,11,,,1,10,,1618994,11,,,1,10,,1619056,11,,,1,10,,1619012,11,,,1,50,,1619061,11,,,1,10,,1618986,11,,,1,11,,1619032,11,,,1,11,,1619050,11,,,1,9,,1619022,11,,,1,10,,1619067,11,,,1,50,,1619058,11,,,1,13,,1619057,11,,,1,15,,1619013,11,,,1,15,,1619063,11,,,1,55,,1618987,11,,,1,16,,1619033,11,,,1,14,,1619023,11,,,1,16,,1618995,11,,,1,55,,1619002,11,,,1,15,,1619014,11,,,1,15,,1619035,11,,,1,15,,1619024,11,,,1,55,,1618996,11,,,1,15,,1619003,11,,,1,15,,1619015,11,,,1,15,,1619036,11,,,1,55,,1619025,11,,,1,15,,1618997,11,,,1,15,,1619004,11,,,1,15,,1618988,11,,,1,55,,1619026,11,,,1,15,,1618998,11,,,1,16,,1619005,11,,,1,15,,1618989,11,,,1,55,,1619037,11,,,1,15,,1619027,11,,,1,15,,1618999,11,,,1
80203,'20261021',539,,1642133,11,,,1,14,,1642154,11,,,1,52,,1642144,11,,,1,10,,1642205,11,,,1,10,,1642219,11,,,1,10,,1642134,11,,,1,9,,1642155,11,,,1,11,,1642170,11,,,1,51,,1642145,11,,,1,9,,1642192,11,,,1,9,,1642206,11,,,1,11,,1642213,11,,,1,9,,1642160,11,,,1,10,,1642135,11,,,1,50,,1642182,11,,,1,10,,1642214,11,,,1,10,,1642199,11,,,1,11,,1642146,11,,,1,10,,1642193,11,,,1,10,,1642218,11,,,1,53,,1642207,11,,,1,15,,1642161,11,,,1,16,,1642200,11,,,1,14,,1642171,11,,,1,55,,1642147,11,,,1,15,,1642194,11,,,1,15,,1642162,11,,,1,15,,1642136,11,,,1,55,,1642201,11,,,1,15,,1642195,11,,,1,15,,1642208,11,,,1,15,,1642137,11,,,1,55,,1642202,11,,,1,15,,1642172,11,,,1,15,,1642196,11,,,1,15,,1642163,11,,,1,56,,1642138,11,,,1,13,,1642183,11,,,1,15,,1642173,11,,,1,15,,1642197,11,,,1,55,,1642164,11,,,1,15,,1642139,11,,,1,15,,1642184,11,,,1,15,,1642174,11,,,1,53,,1642198,11,,,1,10,,1642209,11,,,1,10,,1642165,11,,,1,10,,1642220,11,,,1,10,,1642185,11,,,1,8,,1642188,11,,,1,51,,1642216,11,,,1,10,,1642203,11,,,1,11,,1642175,11,,,1,10,,1642148,11,,,1,10,,1642210,11,,,1,10,,1642166,11,,,1,50,,1642215,11,,,1,10,,1642140,11,,,1,11,,1642186,11,,,1,11,,1642204,11,,,1,9,,1642176,11,,,1,10,,1642221,11,,,1,50,,1642212,11,,,1,13,,1642211,11,,,1,15,,1642167,11,,,1,15,,1642217,11,,,1,55,,1642141,11,,,1,16,,1642187,11,,,1,14,,1642177,11,,,1,16,,1642149,11,,,1,55,,1642156,11,,,1,15,,1642168,11,,,1,15,,1642189,11,,,1,15,,1642178,11,,,1,55,,1642150,11,,,1,15,,1642157,11,,,1,15,,1642169,11,,,1,15,,1642190,11,,,1,55,,1642179,11,,,1,15,,1642151,11,,,1,15,,1642158,11,,,1,15,,1642142,11,,,1,55,,1642180,11,,,1,15,,1642152,11,,,1,16,,1642159,11,,,1,15,,1642143,11,,,1,55,,1642191,11,,,1,15,,1642181,11,,,1,15,,1642153,11,,,1
80203,'20261022',539,,1642222,11,,,1,14,,1642243,11,,,1,52,,1642233,11,,,1,10,,1642294,11,,,1,10,,1642308,11,,,1,10,,1642223,11,,,1,9,,1642244,11,,,1,11,,1642259,11,,,1,51,,1642234,11,,,1,9,,1642281,11,,,1,9,,1642295,11,,,1,11,,1642302,11,,,1,9,,1642249,11,,,1,10,,1642224,11,,,1,50,,1642271,11,,,1,10,,1642303,11,,,1,10,,1642288,11,,,1,11,,1642235,11,,,1,10,,1642282,11,,,1,10,,1642307,11,,,1,53,,1642296,11,,,1,15,,1642250,11,,,1,16,,1642289,11,,,1,14,,1642260,11,,,1,55,,1642236,11,,,1,15,,1642283,11,,,1,15,,1642251,11,,,1,15,,1642225,11,,,1,55,,1642290,11,,,1,15,,1642284,11,,,1,15,,1642297,11,,,1,15,,1642226,11,,,1,55,,1642291,11,,,1,15,,1642261,11,,,1,15,,1642285,11,,,1,15,,1642252,11,,,1,56,,1642227,11,,,1,13,,1642272,11,,,1,15,,1642262,11,,,1,15,,1642286,11,,,1,55,,1642253,11,,,1,15,,1642228,11,,,1,15,,1642273,11,,,1,15,,1642263,11,,,1,53,,1642287,11,,,1,10,,1642298,11,,,1,10,,1642254,11,,,1,10,,1642309,11,,,1,10,,1642274,11,,,1,8,,1642277,11,,,1,51,,1642305,11,,,1,10,,1642292,11,,,1,11,,1642264,11,,,1,10,,1642237,11,,,1,10,,1642299,11,,,1,10,,1642255,11,,,1,50,,1642304,11,,,1,10,,1642229,11,,,1,11,,1642275,11,,,1,11,,1642293,11,,,1,9,,1642265,11,,,1,10,,1642310,11,,,1,50,,1642301,11,,,1,13,,1642300,11,,,1,15,,1642256,11,,,1,15,,1642306,11,,,1,55,,1642230,11,,,1,16,,1642276,11,,,1,14,,1642266,11,,,1,16,,1642238,11,,,1,55,,1642245,11,,,1,15,,1642257,11,,,1,15,,1642278,11,,,1,15,,1642267,11,,,1,55,,1642239,11,,,1,15,,1642246,11,,,1,15,,1642258,11,,,1,15,,1642279,11,,,1,55,,1642268,11,,,1,15,,1642240,11,,,1,15,,1642247,11,,,1,15,,1642231,11,,,1,55,,1642269,11,,,1,15,,1642241,11,,,1,16,,1642248,11,,,1,15,,1642232,11,,,1,55,,1642280,11,,,1,15,,1642270,11,,,1,15,,1642242,11,,,1
80203,'20261023',539,,1642311,11,,,1,14,,1642332,11,,,1,52,,1642322,11,,,1,10,,1642383,11,,,1,10,,1642397,11,,,1,10,,1642312,11,,,1,9,,1642333,11,,,1,11,,1642348,11,,,1,51,,1642323,11,,,1,9,,1642370,11,,,1,9,,1642384,11,,,1,11,,1642391,11,,,1,9,,1642338,11,,,1,10,,1642313,11,,,1,50,,1642360,11,,,1,10,,1642392,11,,,1,10,,1642377,11,,,1,11,,1642324,11,,,1,10,,1642371,11,,,1,10,,1642396,11,,,1,53,,1642385,11,,,1,15,,1642339,11,,,1,16,,1642378,11,,,1,14,,1642349,11,,,1,55,,1642325,11,,,1,15,,1642372,11,,,1,15,,1642340,11,,,1,15,,1642314,11,,,1,55,,1642379,11,,,1,15,,1642373,11,,,1,15,,1642386,11,,,1,15,,1642315,11,,,1,55,,1642380,11,,,1,15,,1642350,11,,,1,15,,1642374,11,,,1,15,,1642341,11,,,1,56,,1642316,11,,,1,13,,1642361,11,,,1,15,,1642351,11,,,1,15,,1642375,11,,,1,55,,1642342,11,,,1,15,,1642317,11,,,1,15,,1642362,11,,,1,15,,1642352,11,,,1,53,,1642376,11,,,1,10,,1642387,11,,,1,10,,1642343,11,,,1,10,,1642398,11,,,1,10,,1642363,11,,,1,8,,1642366,11,,,1,51,,1642394,11,,,1,10,,1642381,11,,,1,11,,1642353,11,,,1,10,,1642326,11,,,1,10,,1642388,11,,,1,10,,1642344,11,,,1,50,,1642393,11,,,1,10,,1642318,11,,,1,11,,1642364,11,,,1,11,,1642382,11,,,1,9,,1642354,11,,,1,10,,1642399,11,,,1,50,,1642390,11,,,1,13,,1642389,11,,,1,15,,1642345,11,,,1,15,,1642395,11,,,1,55,,1642319,11,,,1,16,,1642365,11,,,1,14,,1642355,11,,,1,16,,1642327,11,,,1,55,,1642334,11,,,1,15,,1642346,11,,,1,15,,1642367,11,,,1,15,,1642356,11,,,1,55,,1642328,11,,,1,15,,1642335,11,,,1,15,,1642347,11,,,1,15,,1642368,11,,,1,55,,1642357,11,,,1,15,,1642329,11,,,1,15,,1642336,11,,,1,15,,1642320,11,,,1,55,,1642358,11,,,1,15,,1642330,11,,,1,16,,1642337,11,,,1,15,,1642321,11,,,1,55,,1642369,11,,,1,15,,1642359,11,,,1,15,,1642331,11,,,1
