1102,'20261002',631,,1564627,48,,,1,18,,1564628,48,,,1,52,,1564629,48,,,1,9,,1564630,48,,,1,11,,1564631,48,,,1,12,,1564632,48,,,1,8,,1564626,48,,,1,3,,1564633,48,,,1,56,,1564634,48,,,1,12,,1564635,48,,,1,12,,1564636,48,,,1,10,,1564637,48,,,1,15,,1564638,48,,,1,56,,1564639,48,,,1,31,,1564640,48,,,1,70,,1564641,48,,,1,29,,1564642,48,,,1,70,,1564643,48,,,1,31,,1564644,48,,,1,70,,1564645,48,,,1,30,,1564646,48,,,1,70,,1564647,48,,,1,30,,1564648,48,,,1,70,,1564649,48,,,1,29,,1564650,48,,,1,69,,1564651,48,,,1,15,,1564652,48,,,1,16,,1564653,48,,,1,15,,1564654,48,,,1,54,,1564655,48,,,1,16,,1564656,48,,,1,14,,1564657,48,,,1,17,,1564658,48,,,1,55,,1564659,48,,,1,29,,1564660,48,,,1,68,,1564661,48,,,1,31,,1564662,48,,,1,68,,1564663,48,,,1,29,,1564664,48,,,1,69,,1564665,48,,,1,59,,1564666,48,,,1,99,,1564667,48,,,1,99,,1564668,48,,,1,100,,1564669,48,,,1
1102,'20261003',601,,1564670,48,,,1,100,,1564671,48,,,1,100,,1564672,48,,,1,30,,1564673,48,,,1,71,,1564674,48,,,1,31,,1564675,48,,,1,70,,1564676,48,,,1,30,,1564677,48,,,1,70,,1564678,48,,,1,30,,1564679,48,,,1,70,,1564680,48,,,1,30,,1564681,48,,,1,69,,1564682,48,,,1,32,,1564683,48,,,1,68,,1564684,48,,,1,30,,1564685,48,,,1,69,,1564686,48,,,1,34,,1564687,48,,,1,67,,1564688,48,,,1,32,,1564689,48,,,1,69,,1564690,48,,,1,31,,1564691,48,,,1,70,,1564692,48,,,1,30,,1564693,48,,,1,69,,1564694,48,,,1,30,,1564695,48,,,1,69,,1564696,48,,,1,99,,1564697,48,,,1,100,,1564698,48,,,1,100,,1564699,48,,,1,100,,1564700,48,,,1
1102,'20261004',601,,1564701,48,,,1,100,,1564702,48,,,1,100,,1564703,48,,,1,30,,1564704,48,,,1,71,,1564705,48,,,1,31,,1564706,48,,,1,70,,1564707,48,,,1,30,,1564708,48,,,1,70,,1564709,48,,,1,30,,1564710,48,,,1,70,,1564711,48,,,1,30,,1564712,48,,,1,69,,1564713,48,,,1,32,,1564714,48,,,1,68,,1564715,48,,,1,30,,1564716,48,,,1,69,,1564717,48,,,1,34,,1564718,48,,,1,67,,1564719,48,,,1,32,,1564720,48,,,1,69,,1564721,48,,,1,31,,1564722,48,,,1,70,,1564723,48,,,1,30,,1564724,48,,,1,69,,1564725,48,,,1,30,,1564726,48,,,1,69,,1564727,48,,,1,99,,1564728,48,,,1,100,,1564729,48,,,1,100,,1564730,48,,,1,100,,1564731,48,,,1
1102,'20261005',631,,1564732,48,,,1,18,,1564733,48,,,1,52,,1564734,48,,,1,9,,1564735,48,,,1,11,,1564736,48,,,1,12,,1564737,48,,,1,8,,1564775,48,,,1,3,,1564738,48,,,1,12,,1564776,48,,,1,44,,1564739,48,,,1,12,,1564740,48,,,1,12,,1564741,48,,,1,10,,1564742,48,,,1,15,,1564743,48,,,1,56,,1564744,48,,,1,31,,1564745,48,,,1,70,,1564746,48,,,1,29,,1564747,48,,,1,70,,1564748,48,,,1,31,,1564749,48,,,1,70,,1564750,48,,,1,30,,1564751,48,,,1,70,,1564752,48,,,1,30,,1564753,48,,,1,70,,1564754,48,,,1,29,,1564755,48,,,1,69,,1564756,48,,,1,15,,1564757,48,,,1,16,,1564758,48,,,1,15,,1564759,48,,,1,54,,1564760,48,,,1,16,,1564761,48,,,1,14,,1564762,48,,,1,17,,1564763,48,,,1,55,,1564764,48,,,1,29,,1564765,48,,,1,68,,1564766,48,,,1,31,,1564767,48,,,1,68,,1564768,48,,,1,29,,1564769,48,,,1,69,,1564770,48,,,1,59,,1564771,48,,,1,99,,1564772,48,,,1,99,,1564773,48,,,1,100,,1564774,48,,,1
1102,'20261006',631,,1511504,48,,,1,18,,1511508,48,,,1,52,,1511513,48,,,1,9,,1511506,48,,,1,11,,1511502,48,,,1,12,,1511505,48,,,1,11,,1511500,48,,,1,56,,1511499,48,,,1,12,,1511501,48,,,1,12,,1511503,48,,,1,10,,1511514,48,,,1,15,,1511507,48,,,1,56,,1511509,48,,,1,31,,1511511,48,,,1,70,,1511510,48,,,1,29,,1511512,48,,,1,70,,1511534,48,,,1,31,,1511519,48,,,1,70,,1511531,48,,,1,30,,1511536,48,,,1,70,,1511518,48,,,1,30,,1511522,48,,,1,70,,1511532,48,,,1,29,,1511533,48,,,1,69,,1511525,48,,,1,15,,1511535,48,,,1,16,,1511528,48,,,1,15,,1511515,48,,,1,54,,1511537,48,,,1,16,,1511516,48,,,1,14,,1511520,48,,,1,17,,1511538,48,,,1,55,,1511517,48,,,1,29,,1511526,48,,,1,68,,1511530,48,,,1,31,,1511521,48,,,1,68,,1511540,48,,,1,29,,1511529,48,,,1,69,,1511523,48,,,1,59,,1511527,48,,,1,99,,1511539,48,,,1,99,,1511524,48,,,1,100,,1511541,48,,,1
1102,'20261007',631,,1511547,48,,,1,18,,1511551,48,,,1,52,,1511556,48,,,1,9,,1511549,48,,,1,11,,1511545,48,,,1,12,,1511548,48,,,1,11,,1511543,48,,,1,56,,1511542,48,,,1,12,,1511544,48,,,1,12,,1511546,48,,,1,10,,1511557,48,,,1,15,,1511550,48,,,1,56,,1511552,48,,,1,31,,1511554,48,,,1,70,,1511553,48,,,1,29,,1511555,48,,,1,70,,1511577,48,,,1,31,,1511562,48,,,1,70,,1511574,48,,,1,30,,1511579,48,,,1,70,,1511561,48,,,1,30,,1511565,48,,,1,70,,1511575,48,,,1,29,,1511576,48,,,1,69,,1511568,48,,,1,15,,1511578,48,,,1,16,,1511571,48,,,1,15,,1511558,48,,,1,54,,1511580,48,,,1,16,,1511559,48,,,1,14,,1511563,48,,,1,17,,1511581,48,,,1,55,,1511560,48,,,1,29,,1511569,48,,,1,68,,1511573,48,,,1,31,,1511564,48,,,1,68,,1511583,48,,,1,29,,1511572,48,,,1,69,,1511566,48,,,1,59,,1511570,48,,,1,99,,1511582,48,,,1,99,,1511567,48,,,1,100,,1511584,48,,,1
1102,'20261008',631,,1511590,48,,,1,18,,1511594,48,,,1,52,,1511599,48,,,1,9,,1511592,48,,,1,11,,1511588,48,,,1,12,,1511591,48,,,1,11,,1511586,48,,,1,56,,1511585,48,,,1,12,,1511587,48,,,1,12,,1511589,48,,,1,10,,1511600,48,,,1,15,,1511593,48,,,1,56,,1511595,48,,,1,31,,1511597,48,,,1,70,,1511596,48,,,1,29,,1511598,48,,,1,70,,1511620,48,,,1,31,,1511605,48,,,1,70,,1511617,48,,,1,30,,1511622,48,,,1,70,,1511604,48,,,1,30,,1511608,48,,,1,70,,1511618,48,,,1,29,,1511619,48,,,1,69,,1511611,48,,,1,15,,1511621,48,,,1,16,,1511614,48,,,1,15,,1511601,48,,,1,54,,1511623,48,,,1,16,,1511602,48,,,1,14,,1511606,48,,,1,17,,1511624,48,,,1,55,,1511603,48,,,1,29,,1511612,48,,,1,68,,1511616,48,,,1,31,,1511607,48,,,1,68,,1511626,48,,,1,29,,1511615,48,,,1,69,,1511609,48,,,1,59,,1511613,48,,,1,99,,1511625,48,,,1,99,,1511610,48,,,1,100,,1511627,48,,,1
1102,'20261009',631,,1511633,48,,,1,18,,1511637,48,,,1,52,,1511642,48,,,1,9,,1511635,48,,,1,11,,1511631,48,,,1,12,,1511634,48,,,1,11,,1511629,48,,,1,56,,1511628,48,,,1,12,,1511630,48,,,1,12,,1511632,48,,,1,10,,1511643,48,,,1,15,,1511636,48,,,1,56,,1511638,48,,,1,31,,1511640,48,,,1,70,,1511639,48,,,1,29,,1511641,48,,,1,70,,1511663,48,,,1,31,,1511648,48,,,1,70,,1511660,48,,,1,30,,1511665,48,,,1,70,,1511647,48,,,1,30,,1511651,48,,,1,70,,1511661,48,,,1,29,,1511662,48,,,1,69,,1511654,48,,,1,15,,1511664,48,,,1,16,,1511657,48,,,1,15,,1511644,48,,,1,54,,1511666,48,,,1,16,,1511645,48,,,1,14,,1511649,48,,,1,17,,1511667,48,,,1,55,,1511646,48,,,1,29,,1511655,48,,,1,68,,1511659,48,,,1,31,,1511650,48,,,1,68,,1511669,48,,,1,29,,1511658,48,,,1,69,,1511652,48,,,1,59,,1511656,48,,,1,99,,1511668,48,,,1,99,,1511653,48,,,1,100,,1511670,48,,,1
1102,'20261010',601,,1542355,48,,,1,100,,1542356,48,,,1,100,,1542357,48,,,1,30,,1542358,48,,,1,71,,1542359,48,,,1,31,,1542360,48,,,1,70,,1542361,48,,,1,30,,1542362,48,,,1,70,,1542363,48,,,1,30,,1542364,48,,,1,70,,1542365,48,,,1,30,,1542366,48,,,1,69,,1542367,48,,,1,32,,1542368,48,,,1,68,,1542369,48,,,1,30,,1542370,48,,,1,69,,1542371,48,,,1,34,,1542372,48,,,1,67,,1542373,48,,,1,32,,1542374,48,,,1,69,,1542375,48,,,1,31,,1542376,48,,,1,70,,1542377,48,,,1,30,,1542383,48,,,1,69,,1542378,48,,,1,30,,1542382,48,,,1,69,,1542379,48,,,1,99,,1542380,48,,,1,100,,1542381,48,,,1,100,,1542354,48,,,1,100,,1542384,48,,,1
1102,'20261011',601,,1542386,48,,,1,100,,1542387,48,,,1,100,,1542388,48,,,1,30,,1542389,48,,,1,71,,1542390,48,,,1,31,,1542391,48,,,1,70,,1542392,48,,,1,30,,1542393,48,,,1,70,,1542394,48,,,1,30,,1542395,48,,,1,70,,1542396,48,,,1,30,,1542397,48,,,1,69,,1542398,48,,,1,32,,1542399,48,,,1,68,,1542400,48,,,1,30,,1542401,48,,,1,69,,1542402,48,,,1,34,,1542403,48,,,1,67,,1542404,48,,,1,32,,1542405,48,,,1,69,,1542406,48,,,1,31,,1542407,48,,,1,70,,1542408,48,,,1,30,,1542409,48,,,1,69,,1542411,48,,,1,30,,1542410,48,,,1,69,,1542412,48,,,1,99,,1542413,48,,,1,100,,1542414,48,,,1,100,,1542415,48,,,1,100,,1542385,48,,,1
1102,'20261012',601,,1542417,48,,,1,100,,1542418,48,,,1,100,,1542419,48,,,1,30,,1542420,48,,,1,71,,1542421,48,,,1,31,,1542422,48,,,1,70,,1542423,48,,,1,30,,1542424,48,,,1,70,,1542425,48,,,1,30,,1542426,48,,,1,70,,1542427,48,,,1,30,,1542428,48,,,1,69,,1542429,48,,,1,32,,1542430,48,,,1,68,,1542431,48,,,1,30,,1542432,48,,,1,69,,1542433,48,,,1,34,,1542434,48,,,1,67,,1542435,48,,,1,32,,1542436,48,,,1,69,,1542437,48,,,1,31,,1542438,48,,,1,70,,1542439,48,,,1,30,,1542440,48,,,1,69,,1542442,48,,,1,30,,1542441,48,,,1,69,,1542443,48,,,1,99,,1542444,48,,,1,100,,1542445,48,,,1,100,,1542446,48,,,1,100,,1542416,48,,,1
1102,'20261013',631,,1564782,48,,,1,18,,1564786,48,,,1,52,,1564791,48,,,1,9,,1564784,48,,,1,11,,1564780,48,,,1,12,,1564783,48,,,1,11,,1564778,48,,,1,56,,1564777,48,,,1,12,,1564779,48,,,1,12,,1564781,48,,,1,10,,1564792,48,,,1,15,,1564785,48,,,1,56,,1564787,48,,,1,31,,1564789,48,,,1,70,,1564788,48,,,1,29,,1564790,48,,,1,70,,1564812,48,,,1,31,,1564797,48,,,1,70,,1564809,48,,,1,30,,1564814,48,,,1,70,,1564796,48,,,1,30,,1564800,48,,,1,70,,1564810,48,,,1,29,,1564811,48,,,1,69,,1564803,48,,,1,15,,1564813,48,,,1,16,,1564806,48,,,1,15,,1564793,48,,,1,54,,1564815,48,,,1,16,,1564794,48,,,1,14,,1564798,48,,,1,17,,1564816,48,,,1,55,,1564795,48,,,1,29,,1564804,48,,,1,68,,1564808,48,,,1,31,,1564799,48,,,1,68,,1564818,48,,,1,29,,1564807,48,,,1,69,,1564801,48,,,1,59,,1564805,48,,,1,99,,1564817,48,,,1,99,,1564802,48,,,1,100,,1564819,48,,,1
1102,'20261014',631,,1564825,48,,,1,18,,1564829,48,,,1,52,,1564834,48,,,1,9,,1564827,48,,,1,11,,1564823,48,,,1,12,,1564826,48,,,1,11,,1564821,48,,,1,56,,1564820,48,,,1,12,,1564822,48,,,1,12,,1564824,48,,,1,10,,1564835,48,,,1,15,,1564828,48,,,1,56,,1564830,48,,,1,31,,1564832,48,,,1,70,,1564831,48,,,1,29,,1564833,48,,,1,70,,1564855,48,,,1,31,,1564840,48,,,1,70,,1564852,48,,,1,30,,1564857,48,,,1,70,,1564839,48,,,1,30,,1564843,48,,,1,70,,1564853,48,,,1,29,,1564854,48,,,1,69,,1564846,48,,,1,15,,1564856,48,,,1,16,,1564849,48,,,1,15,,1564836,48,,,1,54,,1564858,48,,,1,16,,1564837,48,,,1,14,,1564841,48,,,1,17,,1564859,48,,,1,55,,1564838,48,,,1,29,,1564847,48,,,1,68,,1564851,48,,,1,31,,1564842,48,,,1,68,,1564861,48,,,1,29,,1564850,48,,,1,69,,1564844,48,,,1,59,,1564848,48,,,1,99,,1564860,48,,,1,99,,1564845,48,,,1,100,,1564862,48,,,1
1102,'20261015',631,,1564868,48,,,1,18,,1564872,48,,,1,52,,1564877,48,,,1,9,,1564870,48,,,1,11,,1564866,48,,,1,12,,1564869,48,,,1,11,,1564864,48,,,1,56,,1564863,48,,,1,12,,1564865,48,,,1,12,,1564867,48,,,1,10,,1564878,48,,,1,15,,1564871,48,,,1,56,,1564873,48,,,1,31,,1564875,48,,,1,70,,1564874,48,,,1,29,,1564876,48,,,1,70,,1564898,48,,,1,31,,1564883,48,,,1,70,,1564895,48,,,1,30,,1564900,48,,,1,70,,1564882,48,,,1,30,,1564886,48,,,1,70,,1564896,48,,,1,29,,1564897,48,,,1,69,,1564889,48,,,1,15,,1564899,48,,,1,16,,1564892,48,,,1,15,,1564879,48,,,1,54,,1564901,48,,,1,16,,1564880,48,,,1,14,,1564884,48,,,1,17,,1564902,48,,,1,55,,1564881,48,,,1,29,,1564890,48,,,1,68,,1564894,48,,,1,31,,1564885,48,,,1,68,,1564904,48,,,1,29,,1564893,48,,,1,69,,1564887,48,,,1,59,,1564891,48,,,1,99,,1564903,48,,,1,99,,1564888,48,,,1,100,,1564905,48,,,1
1102,'20261016',631,,1564911,48,,,1,18,,1564915,48,,,1,52,,1564920,48,,,1,9,,1564913,48,,,1,11,,1564909,48,,,1,12,,1564912,48,,,1,11,,1564907,48,,,1,56,,1564906,48,,,1,12,,1564908,48,,,1,12,,1564910,48,,,1,10,,1564921,48,,,1,15,,1564914,48,,,1,56,,1564916,48,,,1,31,,1564918,48,,,1,70,,1564917,48,,,1,29,,1564919,48,,,1,70,,1564941,48,,,1,31,,1564926,48,,,1,70,,1564938,48,,,1,30,,1564943,48,,,1,70,,1564925,48,,,1,30,,1564929,48,,,1,70,,1564939,48,,,1,29,,1564940,48,,,1,69,,1564932,48,,,1,15,,1564942,48,,,1,16,,1564935,48,,,1,15,,1564922,48,,,1,54,,1564944,48,,,1,16,,1564923,48,,,1,14,,1564927,48,,,1,17,,1564945,48,,,1,55,,1564924,48,,,1,29,,1564933,48,,,1,68,,1564937,48,,,1,31,,1564928,48,,,1,68,,1564947,48,,,1,29,,1564936,48,,,1,69,,1564930,48,,,1,59,,1564934,48,,,1,99,,1564946,48,,,1,99,,1564931,48,,,1,100,,1564948,48,,,1
