1203,'20261002',637,,1565404,19,,,0,69,,1565405,19,,,0,38,,1565406,19,,,0,66,,1565407,19,,,0,31,,1565408,19,,,0,70,,1565409,19,,,0,98,,1565410,19,,,0,98,,1565411,19,,,0,98,,1565412,19,,,0,101,,1565413,19,,,0,100,,1565414,19,,,0,98,,1565415,19,,,0,99,,1565416,19,,,0,110,,1565417,19,,,0,97,,1565418,19,,,0,100,,1565419,19,,,0,99,,1565420,19,,,0,100,,1565421,19,,,0,100,,1565422,19,,,0,99,,1565423,19,,,0
1203,'20261003',746,,1565424,19,,,0,100,,1565425,19,,,0,98,,1565426,19,,,0,98,,1565427,19,,,0,102,,1565428,19,,,0,105,,1565429,19,,,0,95,,1565430,19,,,0,105,,1565431,19,,,0,94,,1565432,19,,,0,101,,1565433,19,,,0,102,,1565434,19,,,0,101,,1565435,19,,,0,100,,1565436,19,,,0,100,,1565437,19,,,0,100,,1565438,19,,,0,100,,1565439,19,,,0
1203,'20261004',746,,1565440,19,,,0,100,,1565441,19,,,0,98,,1565442,19,,,0,98,,1565443,19,,,0,102,,1565444,19,,,0,105,,1565445,19,,,0,95,,1565446,19,,,0,105,,1565447,19,,,0,94,,1565448,19,,,0,101,,1565449,19,,,0,102,,1565450,19,,,0,101,,1565451,19,,,0,100,,1565452,19,,,0,100,,1565453,19,,,0,100,,1565454,19,,,0,100,,1565455,19,,,0
1203,'20261005',637,,1565456,19,,,0,69,,1565457,19,,,0,38,,1565458,19,,,0,66,,1565459,19,,,0,31,,1565460,19,,,0,70,,1565461,19,,,0,98,,1565462,19,,,0,98,,1565463,19,,,0,98,,1565464,19,,,0,101,,1565465,19,,,0,100,,1565466,19,,,0,98,,1565467,19,,,0,99,,1565468,19,,,0,110,,1565469,19,,,0,97,,1565470,19,,,0,100,,1565471,19,,,0,99,,1565472,19,,,0,100,,1565473,19,,,0,100,,1565474,19,,,0,99,,1565475,19,,,0
1203,'20261006',637,,1512198,19,,,0,69,,1512216,19,,,0,38,,1512199,19,,,0,66,,1512200,19,,,0,31,,1512217,19,,,0,70,,1512201,19,,,0,98,,1512202,19,,,0,98,,1512203,19,,,0,98,,1512204,19,,,0,101,,1512205,19,,,0,100,,1512206,19,,,0,98,,1512207,19,,,0,99,,1512208,19,,,0,110,,1512209,19,,,0,97,,1512210,19,,,0,100,,1512211,19,,,0,99,,1512212,19,,,0,100,,1512213,19,,,0,100,,1512214,19,,,0,99,,1512215,19,,,0
1203,'20261007',637,,1512218,19,,,0,69,,1512236,19,,,0,38,,1512219,19,,,0,66,,1512220,19,,,0,31,,1512237,19,,,0,70,,1512221,19,,,0,98,,1512222,19,,,0,98,,1512223,19,,,0,98,,1512224,19,,,0,101,,1512225,19,,,0,100,,1512226,19,,,0,98,,1512227,19,,,0,99,,1512228,19,,,0,110,,1512229,19,,,0,97,,1512230,19,,,0,100,,1512231,19,,,0,99,,1512232,19,,,0,100,,1512233,19,,,0,100,,1512234,19,,,0,99,,1512235,19,,,0
1203,'20261008',637,,1512238,19,,,0,69,,1512256,19,,,0,38,,1512239,19,,,0,66,,1512240,19,,,0,31,,1512257,19,,,0,70,,1512241,19,,,0,98,,1512242,19,,,0,98,,1512243,19,,,0,98,,1512244,19,,,0,101,,1512245,19,,,0,100,,1512246,19,,,0,98,,1512247,19,,,0,99,,1512248,19,,,0,110,,1512249,19,,,0,97,,1512250,19,,,0,100,,1512251,19,,,0,99,,1512252,19,,,0,100,,1512253,19,,,0,100,,1512254,19,,,0,99,,1512255,19,,,0
1203,'20261009',637,,1512258,19,,,0,69,,1512276,19,,,0,38,,1512259,19,,,0,66,,1512260,19,,,0,31,,1512277,19,,,0,70,,1512261,19,,,0,98,,1512262,19,,,0,98,,1512263,19,,,0,98,,1512264,19,,,0,101,,1512265,19,,,0,100,,1512266,19,,,0,98,,1512267,19,,,0,99,,1512268,19,,,0,110,,1512269,19,,,0,97,,1512270,19,,,0,100,,1512271,19,,,0,99,,1512272,19,,,0,100,,1512273,19,,,0,100,,1512274,19,,,0,99,,1512275,19,,,0
1203,'20261010',746,,1542831,19,,,0,100,,1542832,19,,,0,98,,1542833,19,,,0,98,,1542834,19,,,0,102,,1542835,19,,,0,105,,1542836,19,,,0,95,,1542837,19,,,0,105,,1542838,19,,,0,94,,1542839,19,,,0,101,,1542840,19,,,0,102,,1542841,19,,,0,101,,1542842,19,,,0,100,,1542843,19,,,0,100,,1542844,19,,,0,100,,1542845,19,,,0,100,,1542846,19,,,0
1203,'20261011',746,,1542847,19,,,0,100,,1542848,19,,,0,98,,1542849,19,,,0,98,,1542850,19,,,0,102,,1542851,19,,,0,105,,1542852,19,,,0,95,,1542853,19,,,0,105,,1542854,19,,,0,94,,1542855,19,,,0,101,,1542856,19,,,0,102,,1542857,19,,,0,101,,1542858,19,,,0,100,,1542859,19,,,0,100,,1542860,19,,,0,100,,1542862,19,,,0,100,,1542861,19,,,0
1203,'20261012',746,,1542863,19,,,0,100,,1542864,19,,,0,98,,1542865,19,,,0,98,,1542866,19,,,0,102,,1542867,19,,,0,105,,1542868,19,,,0,95,,1542869,19,,,0,105,,1542870,19,,,0,94,,1542871,19,,,0,101,,1542872,19,,,0,102,,1542873,19,,,0,101,,1542874,19,,,0,100,,1542875,19,,,0,100,,1542876,19,,,0,100,,1542878,19,,,0,100,,1542877,19,,,0
1203,'20261013',637,,1565476,19,,,0,69,,1565494,19,,,0,38,,1565477,19,,,0,66,,1565478,19,,,0,31,,1565495,19,,,0,70,,1565479,19,,,0,98,,1565480,19,,,0,98,,1565481,19,,,0,98,,1565482,19,,,0,101,,1565483,19,,,0,100,,1565484,19,,,0,98,,1565485,19,,,0,99,,1565486,19,,,0,110,,1565487,19,,,0,97,,1565488,19,,,0,100,,1565489,19,,,0,99,,1565490,19,,,0,100,,1565491,19,,,0,100,,1565492,19,,,0,99,,1565493,19,,,0
1203,'20261014',637,,1565496,19,,,0,69,,1565514,19,,,0,38,,1565497,19,,,0,66,,1565498,19,,,0,31,,1565515,19,,,0,70,,1565499,19,,,0,98,,1565500,19,,,0,98,,1565501,19,,,0,98,,1565502,19,,,0,101,,1565503,19,,,0,100,,1565504,19,,,0,98,,1565505,19,,,0,99,,1565506,19,,,0,110,,1565507,19,,,0,97,,1565508,19,,,0,100,,1565509,19,,,0,99,,1565510,19,,,0,100,,1565511,19,,,0,100,,1565512,19,,,0,99,,1565513,19,,,0
1203,'20261015',637,,1565516,19,,,0,69,,1565534,19,,,0,38,,1565517,19,,,0,66,,1565518,19,,,0,31,,1565535,19,,,0,70,,1565519,19,,,0,98,,1565520,19,,,0,98,,1565521,19,,,0,98,,1565522,19,,,0,101,,1565523,19,,,0,100,,1565524,19,,,0,98,,1565525,19,,,0,99,,1565526,19,,,0,110,,1565527,19,,,0,97,,1565528,19,,,0,100,,1565529,19,,,0,99,,1565530,19,,,0,100,,1565531,19,,,0,100,,1565532,19,,,0,99,,1565533,19,,,0
1203,'20261016',637,,1565536,19,,,0,69,,1565554,19,,,0,38,,1565537,19,,,0,66,,1565538,19,,,0,31,,1565555,19,,,0,70,,1565539,19,,,0,98,,1565540,19,,,0,98,,1565541,19,,,0,98,,1565542,19,,,0,101,,1565543,19,,,0,100,,1565544,19,,,0,98,,1565545,19,,,0,99,,1565546,19,,,0,110,,1565547,19,,,0,97,,1565548,19,,,0,100,,1565549,19,,,0,99,,1565550,19,,,0,100,,1565551,19,,,0,100,,1565552,19,,,0,99,,1565553,19,,,0
