28401,'20261006',640,,1612734,43,,,0,65,,1612735,43,,,0,23,,1612736,43,,,0,15,,1612737,43,,,0,67,,1612738,43,,,0
28401,'20261007',640,,1612739,43,,,0,65,,1612740,43,,,0,23,,1612741,43,,,0,15,,1612742,43,,,0,67,,1612743,43,,,0
28401,'20261008',640,,1612744,43,,,0,65,,1612745,43,,,0,23,,1612746,43,,,0,15,,1612747,43,,,0,67,,1612748,43,,,0
28401,'20261009',640,,1612749,43,,,0,65,,1612750,43,,,0,23,,1612751,43,,,0,15,,1612752,43,,,0,67,,1612753,43,,,0
28401,'20261013',640,,1581000,43,,,0,65,,1580997,43,,,0,23,,1581001,43,,,0,15,,1580998,43,,,0,67,,1580999,43,,,0
28401,'20261014',640,,1581005,43,,,0,65,,1581002,43,,,0,23,,1581006,43,,,0,15,,1581003,43,,,0,67,,1581004,43,,,0
28401,'20261015',640,,1581010,43,,,0,65,,1581007,43,,,0,23,,1581011,43,,,0,15,,1581008,43,,,0,67,,1581009,43,,,0
28401,'20261016',640,,1581015,43,,,0,65,,1581012,43,,,0,23,,1581016,43,,,0,15,,1581013,43,,,0,67,,1581014,43,,,0
28401,'20261019',640,,1612757,43,,,0,65,,1612754,43,,,0,23,,1612758,43,,,0,15,,1612755,43,,,0,67,,1612756,43,,,0
28401,'20261020',640,,1612762,43,,,0,65,,1612759,43,,,0,23,,1612763,43,,,0,15,,1612760,43,,,0,67,,1612761,43,,,0
