902,'20261006',1549,,1596266,19,,,0,70,,1596267,19,,,0,30,,1596268,19,,,0,97,,1596269,19,,,0,699,,1596270,19,,,0
902,'20261007',1549,,1596271,19,,,0,70,,1596272,19,,,0,30,,1596273,19,,,0,97,,1596274,19,,,0,699,,1596275,19,,,0
902,'20261008',1549,,1596276,19,,,0,70,,1596277,19,,,0,30,,1596278,19,,,0,97,,1596279,19,,,0,699,,1596280,19,,,0
902,'20261009',1549,,1596281,19,,,0,70,,1596282,19,,,0,30,,1596283,19,,,0,97,,1596284,19,,,0,699,,1596285,19,,,0
902,'20261013',1549,,1564579,19,,,0,70,,1564576,19,,,0,30,,1564577,19,,,0,97,,1564578,19,,,0,699,,1564580,19,,,0
902,'20261014',1549,,1564584,19,,,0,70,,1564581,19,,,0,30,,1564582,19,,,0,97,,1564583,19,,,0,699,,1564585,19,,,0
902,'20261015',1549,,1564589,19,,,0,70,,1564586,19,,,0,30,,1564587,19,,,0,97,,1564588,19,,,0,699,,1564590,19,,,0
902,'20261016',1549,,1564594,19,,,0,70,,1564591,19,,,0,30,,1564592,19,,,0,97,,1564593,19,,,0,699,,1564595,19,,,0
902,'20261019',1549,,1596289,19,,,0,70,,1596286,19,,,0,30,,1596287,19,,,0,97,,1596288,19,,,0,699,,1596290,19,,,0
902,'20261020',1549,,1596294,19,,,0,70,,1596291,19,,,0,30,,1596292,19,,,0,97,,1596293,19,,,0,699,,1596295,19,,,0
