5801,'20261002',602,,1571753,1,,,0,30,,1571754,1,,,0,27,,1571755,1,,,0,71,,1571756,1,,,0,72,,1571757,1,,,0,31,,1571758,1,,,0,70,,1571759,1,,,0,106,,1571760,1,,,0,101,,1571761,1,,,0,101,,1571762,1,,,0,100,,1571763,1,,,0,100,,1571764,1,,,0,99,,1571765,1,,,0,104,,1571766,1,,,0,99,,1571767,1,,,0,100,,1571768,1,,,0,98,,1571769,1,,,0,100,,1571770,1,,,0,101,,1571771,1,,,0,99,,1571772,1,,,0,99,,1571773,1,,,0
5801,'20261003',701,,1571774,1,,,0,100,,1571775,1,,,0,100,,1571776,1,,,0,101,,1571777,1,,,0,99,,1571778,1,,,0,58,,1571779,1,,,0,144,,1571780,1,,,0,100,,1571781,1,,,0,104,,1571782,1,,,0,97,,1571783,1,,,0,103,,1571784,1,,,0,105,,1571785,1,,,0,94,,1571786,1,,,0,97,,1571787,1,,,0,98,,1571788,1,,,0,100,,1571789,1,,,0,100,,1571790,1,,,0
5801,'20261004',701,,1571791,1,,,0,100,,1571792,1,,,0,100,,1571793,1,,,0,101,,1571794,1,,,0,99,,1571795,1,,,0,58,,1571796,1,,,0,144,,1571797,1,,,0,100,,1571798,1,,,0,104,,1571799,1,,,0,97,,1571800,1,,,0,103,,1571801,1,,,0,105,,1571802,1,,,0,94,,1571803,1,,,0,97,,1571804,1,,,0,98,,1571805,1,,,0,100,,1571806,1,,,0,100,,1571807,1,,,0
5801,'20261005',602,,1571808,1,,,0,30,,1571809,1,,,0,27,,1571810,1,,,0,71,,1571811,1,,,0,72,,1571812,1,,,0,31,,1571813,1,,,0,70,,1571814,1,,,0,106,,1571815,1,,,0,101,,1571816,1,,,0,101,,1571817,1,,,0,100,,1571818,1,,,0,100,,1571819,1,,,0,99,,1571820,1,,,0,104,,1571821,1,,,0,99,,1571822,1,,,0,100,,1571823,1,,,0,98,,1571824,1,,,0,100,,1571825,1,,,0,101,,1571826,1,,,0,99,,1571827,1,,,0,99,,1571828,1,,,0
5801,'20261006',602,,1518572,1,,,0,30,,1518554,1,,,0,27,,1518555,1,,,0,71,,1518556,1,,,0,72,,1518557,1,,,0,31,,1518573,1,,,0,70,,1518567,1,,,0,106,,1518568,1,,,0,101,,1518558,1,,,0,101,,1518559,1,,,0,100,,1518569,1,,,0,100,,1518562,1,,,0,99,,1518570,1,,,0,104,,1518565,1,,,0,99,,1518560,1,,,0,100,,1518561,1,,,0,98,,1518563,1,,,0,100,,1518571,1,,,0,101,,1518566,1,,,0,99,,1518564,1,,,0,99,,1518574,1,,,0
5801,'20261007',602,,1518593,1,,,0,30,,1518575,1,,,0,27,,1518576,1,,,0,71,,1518577,1,,,0,72,,1518578,1,,,0,31,,1518594,1,,,0,70,,1518588,1,,,0,106,,1518589,1,,,0,101,,1518579,1,,,0,101,,1518580,1,,,0,100,,1518590,1,,,0,100,,1518583,1,,,0,99,,1518591,1,,,0,104,,1518586,1,,,0,99,,1518581,1,,,0,100,,1518582,1,,,0,98,,1518584,1,,,0,100,,1518592,1,,,0,101,,1518587,1,,,0,99,,1518585,1,,,0,99,,1518595,1,,,0
5801,'20261008',602,,1518614,1,,,0,30,,1518596,1,,,0,27,,1518597,1,,,0,71,,1518598,1,,,0,72,,1518599,1,,,0,31,,1518615,1,,,0,70,,1518609,1,,,0,106,,1518610,1,,,0,101,,1518600,1,,,0,101,,1518601,1,,,0,100,,1518611,1,,,0,100,,1518604,1,,,0,99,,1518612,1,,,0,104,,1518607,1,,,0,99,,1518602,1,,,0,100,,1518603,1,,,0,98,,1518605,1,,,0,100,,1518613,1,,,0,101,,1518608,1,,,0,99,,1518606,1,,,0,99,,1518616,1,,,0
5801,'20261009',602,,1518635,1,,,0,30,,1518617,1,,,0,27,,1518618,1,,,0,71,,1518619,1,,,0,72,,1518620,1,,,0,31,,1518636,1,,,0,70,,1518630,1,,,0,106,,1518631,1,,,0,101,,1518621,1,,,0,101,,1518622,1,,,0,100,,1518632,1,,,0,100,,1518625,1,,,0,99,,1518633,1,,,0,104,,1518628,1,,,0,99,,1518623,1,,,0,100,,1518624,1,,,0,98,,1518626,1,,,0,100,,1518634,1,,,0,101,,1518629,1,,,0,99,,1518627,1,,,0,99,,1518637,1,,,0
5801,'20261010',701,,1547130,1,,,0,100,,1547131,1,,,0,100,,1547138,1,,,0,101,,1547136,1,,,0,99,,1547139,1,,,0,58,,1547132,1,,,0,144,,1547133,1,,,0,100,,1547140,1,,,0,104,,1547137,1,,,0,97,,1547141,1,,,0,103,,1547142,1,,,0,105,,1547134,1,,,0,94,,1547135,1,,,0,97,,1547143,1,,,0,98,,1547144,1,,,0,100,,1547145,1,,,0,100,,1547146,1,,,0
5801,'20261011',701,,1547154,1,,,0,100,,1547151,1,,,0,100,,1547156,1,,,0,101,,1547153,1,,,0,99,,1547148,1,,,0,58,,1547152,1,,,0,144,,1547155,1,,,0,100,,1547161,1,,,0,104,,1547147,1,,,0,97,,1547162,1,,,0,103,,1547157,1,,,0,105,,1547150,1,,,0,94,,1547149,1,,,0,97,,1547163,1,,,0,98,,1547160,1,,,0,100,,1547158,1,,,0,100,,1547159,1,,,0
5801,'20261012',701,,1547171,1,,,0,100,,1547168,1,,,0,100,,1547173,1,,,0,101,,1547170,1,,,0,99,,1547165,1,,,0,58,,1547169,1,,,0,144,,1547172,1,,,0,100,,1547178,1,,,0,104,,1547164,1,,,0,97,,1547179,1,,,0,103,,1547174,1,,,0,105,,1547167,1,,,0,94,,1547166,1,,,0,97,,1547180,1,,,0,98,,1547177,1,,,0,100,,1547175,1,,,0,100,,1547176,1,,,0
5801,'20261013',602,,1571847,1,,,0,30,,1571829,1,,,0,27,,1571830,1,,,0,71,,1571831,1,,,0,72,,1571832,1,,,0,31,,1571848,1,,,0,70,,1571842,1,,,0,106,,1571843,1,,,0,101,,1571833,1,,,0,101,,1571834,1,,,0,100,,1571844,1,,,0,100,,1571837,1,,,0,99,,1571845,1,,,0,104,,1571840,1,,,0,99,,1571835,1,,,0,100,,1571836,1,,,0,98,,1571838,1,,,0,100,,1571846,1,,,0,101,,1571841,1,,,0,99,,1571839,1,,,0,99,,1571849,1,,,0
5801,'20261014',602,,1571868,1,,,0,30,,1571850,1,,,0,27,,1571851,1,,,0,71,,1571852,1,,,0,72,,1571853,1,,,0,31,,1571869,1,,,0,70,,1571863,1,,,0,106,,1571864,1,,,0,101,,1571854,1,,,0,101,,1571855,1,,,0,100,,1571865,1,,,0,100,,1571858,1,,,0,99,,1571866,1,,,0,104,,1571861,1,,,0,99,,1571856,1,,,0,100,,1571857,1,,,0,98,,1571859,1,,,0,100,,1571867,1,,,0,101,,1571862,1,,,0,99,,1571860,1,,,0,99,,1571870,1,,,0
5801,'20261015',602,,1571889,1,,,0,30,,1571871,1,,,0,27,,1571872,1,,,0,71,,1571873,1,,,0,72,,1571874,1,,,0,31,,1571890,1,,,0,70,,1571884,1,,,0,106,,1571885,1,,,0,101,,1571875,1,,,0,101,,1571876,1,,,0,100,,1571886,1,,,0,100,,1571879,1,,,0,99,,1571887,1,,,0,104,,1571882,1,,,0,99,,1571877,1,,,0,100,,1571878,1,,,0,98,,1571880,1,,,0,100,,1571888,1,,,0,101,,1571883,1,,,0,99,,1571881,1,,,0,99,,1571891,1,,,0
5801,'20261016',602,,1571910,1,,,0,30,,1571892,1,,,0,27,,1571893,1,,,0,71,,1571894,1,,,0,72,,1571895,1,,,0,31,,1571911,1,,,0,70,,1571905,1,,,0,106,,1571906,1,,,0,101,,1571896,1,,,0,101,,1571897,1,,,0,100,,1571907,1,,,0,100,,1571900,1,,,0,99,,1571908,1,,,0,104,,1571903,1,,,0,99,,1571898,1,,,0,100,,1571899,1,,,0,98,,1571901,1,,,0,100,,1571909,1,,,0,101,,1571904,1,,,0,99,,1571902,1,,,0,99,,1571912,1,,,0
25801,'20261002',632,,1580373,1,,,0,20,,1580374,1,,,0,70,,1580375,1,,,0,81,,1580376,1,,,0
25801,'20261005',632,,1580377,1,,,0,20,,1580378,1,,,0,70,,1580379,1,,,0,81,,1580380,1,,,0
25801,'20261006',632,,1527107,1,,,0,20,,1527108,1,,,0,70,,1527109,1,,,0,81,,1527110,1,,,0
25801,'20261007',632,,1527111,1,,,0,20,,1527112,1,,,0,70,,1527113,1,,,0,81,,1527114,1,,,0
25801,'20261008',632,,1527115,1,,,0,20,,1527116,1,,,0,70,,1527117,1,,,0,81,,1527118,1,,,0
25801,'20261009',632,,1527119,1,,,0,20,,1527120,1,,,0,70,,1527121,1,,,0,81,,1527122,1,,,0
25801,'20261013',632,,1580381,1,,,0,20,,1580382,1,,,0,70,,1580383,1,,,0,81,,1580384,1,,,0
25801,'20261014',632,,1580385,1,,,0,20,,1580386,1,,,0,70,,1580387,1,,,0,81,,1580388,1,,,0
25801,'20261015',632,,1580389,1,,,0,20,,1580390,1,,,0,70,,1580391,1,,,0,81,,1580392,1,,,0
25801,'20261016',632,,1580393,1,,,0,20,,1580394,1,,,0,70,,1580395,1,,,0,81,,1580396,1,,,0
35801,'20261002',642,,1581698,1,,,0,67,,1581699,1,,,0
35801,'20261005',642,,1581700,1,,,0,67,,1581701,1,,,0
35801,'20261006',642,,1528425,1,,,0,67,,1528426,1,,,0
35801,'20261007',642,,1528427,1,,,0,67,,1528428,1,,,0
35801,'20261008',642,,1528429,1,,,0,67,,1528430,1,,,0
35801,'20261009',642,,1528431,1,,,0,67,,1528432,1,,,0
35801,'20261013',642,,1581702,1,,,0,67,,1581703,1,,,0
35801,'20261014',642,,1581704,1,,,0,67,,1581705,1,,,0
35801,'20261015',642,,1581706,1,,,0,67,,1581707,1,,,0
35801,'20261016',642,,1581708,1,,,0,67,,1581709,1,,,0
55801,'20261002',637,,1582480,1,,,0,84,,1582481,1,,,0
55801,'20261005',637,,1582482,1,,,0,84,,1582483,1,,,0
55801,'20261006',637,,1529208,1,,,0,84,,1529209,1,,,0
55801,'20261007',637,,1529210,1,,,0,84,,1529211,1,,,0
55801,'20261008',637,,1529212,1,,,0,84,,1529213,1,,,0
55801,'20261009',637,,1529214,1,,,0,84,,1529215,1,,,0
55801,'20261013',637,,1582484,1,,,0,84,,1582485,1,,,0
55801,'20261014',637,,1582486,1,,,0,84,,1582487,1,,,0
55801,'20261015',637,,1582488,1,,,0,84,,1582489,1,,,0
55801,'20261016',637,,1582490,1,,,0,84,,1582491,1,,,0
