9600,'20261006',651,,1610994,40,,,0,101,,1610995,40,,,0,101,,1610996,40,,,0,100,,1610997,40,,,0,100,,1610998,40,,,0,99,,1610999,40,,,0,100,,1611000,40,,,0,100,,1611001,40,,,0,99,,1611002,40,,,0,99,,1611003,40,,,0,68,,1611004,40,,,0,40,,1611005,40,,,0,65,,1611006,40,,,0,30,,1611007,40,,,0,99,,1611008,40,,,0,100,,1611009,40,,,0,100,,1611010,40,,,0,101,,1611011,40,,,0,100,,1611012,40,,,0
9600,'20261007',651,,1611013,40,,,0,101,,1611014,40,,,0,101,,1611015,40,,,0,100,,1611016,40,,,0,100,,1611017,40,,,0,99,,1611018,40,,,0,100,,1611019,40,,,0,100,,1611020,40,,,0,99,,1611021,40,,,0,99,,1611022,40,,,0,68,,1611023,40,,,0,40,,1611024,40,,,0,65,,1611025,40,,,0,30,,1611026,40,,,0,99,,1611027,40,,,0,100,,1611028,40,,,0,100,,1611029,40,,,0,101,,1611030,40,,,0,100,,1611031,40,,,0
9600,'20261008',651,,1611032,40,,,0,101,,1611033,40,,,0,101,,1611034,40,,,0,100,,1611035,40,,,0,100,,1611036,40,,,0,99,,1611037,40,,,0,100,,1611038,40,,,0,100,,1611039,40,,,0,99,,1611040,40,,,0,99,,1611041,40,,,0,68,,1611042,40,,,0,40,,1611043,40,,,0,65,,1611044,40,,,0,30,,1611045,40,,,0,99,,1611046,40,,,0,100,,1611047,40,,,0,100,,1611048,40,,,0,101,,1611049,40,,,0,100,,1611050,40,,,0
9600,'20261009',651,,1611051,40,,,0,101,,1611052,40,,,0,101,,1611053,40,,,0,100,,1611054,40,,,0,100,,1611055,40,,,0,99,,1611056,40,,,0,100,,1611057,40,,,0,100,,1611058,40,,,0,99,,1611059,40,,,0,99,,1611060,40,,,0,68,,1611061,40,,,0,40,,1611062,40,,,0,65,,1611063,40,,,0,30,,1611064,40,,,0,99,,1611065,40,,,0,100,,1611066,40,,,0,100,,1611067,40,,,0,101,,1611068,40,,,0,100,,1611069,40,,,0
9600,'20261010',720,,1552418,40,,,0,100,,1552403,40,,,0,100,,1552404,40,,,0,100,,1552405,40,,,0,100,,1552406,40,,,0,96,,1552407,40,,,0,100,,1552408,40,,,0,108,,1552409,40,,,0,96,,1552410,40,,,0,96,,1552411,40,,,0,109,,1552412,40,,,0,95,,1552413,40,,,0,100,,1552414,40,,,0,100,,1552415,40,,,0,100,,1552416,40,,,0,100,,1552417,40,,,0
9600,'20261011',720,,1552419,40,,,0,100,,1552420,40,,,0,100,,1552421,40,,,0,100,,1552422,40,,,0,100,,1552423,40,,,0,96,,1552424,40,,,0,100,,1552425,40,,,0,108,,1552426,40,,,0,96,,1552427,40,,,0,96,,1552428,40,,,0,109,,1552429,40,,,0,95,,1552430,40,,,0,100,,1552431,40,,,0,100,,1552432,40,,,0,100,,1552433,40,,,0,100,,1552434,40,,,0
9600,'20261012',720,,1552435,40,,,0,100,,1552436,40,,,0,100,,1552437,40,,,0,100,,1552438,40,,,0,100,,1552439,40,,,0,96,,1552440,40,,,0,100,,1552441,40,,,0,108,,1552442,40,,,0,96,,1552443,40,,,0,96,,1552444,40,,,0,109,,1552445,40,,,0,95,,1552446,40,,,0,100,,1552447,40,,,0,100,,1552448,40,,,0,100,,1552449,40,,,0,100,,1552450,40,,,0
9600,'20261013',651,,1579321,40,,,0,101,,1579322,40,,,0,101,,1579323,40,,,0,100,,1579324,40,,,0,100,,1579325,40,,,0,99,,1579326,40,,,0,100,,1579327,40,,,0,100,,1579328,40,,,0,99,,1579329,40,,,0,99,,1579330,40,,,0,68,,1579331,40,,,0,40,,1579332,40,,,0,65,,1579333,40,,,0,30,,1579339,40,,,0,99,,1579334,40,,,0,100,,1579335,40,,,0,100,,1579336,40,,,0,101,,1579337,40,,,0,100,,1579338,40,,,0
9600,'20261014',651,,1579340,40,,,0,101,,1579341,40,,,0,101,,1579342,40,,,0,100,,1579343,40,,,0,100,,1579344,40,,,0,99,,1579345,40,,,0,100,,1579346,40,,,0,100,,1579347,40,,,0,99,,1579348,40,,,0,99,,1579349,40,,,0,68,,1579350,40,,,0,40,,1579351,40,,,0,65,,1579352,40,,,0,30,,1579358,40,,,0,99,,1579353,40,,,0,100,,1579354,40,,,0,100,,1579355,40,,,0,101,,1579356,40,,,0,100,,1579357,40,,,0
9600,'20261015',651,,1579359,40,,,0,101,,1579360,40,,,0,101,,1579361,40,,,0,100,,1579362,40,,,0,100,,1579363,40,,,0,99,,1579364,40,,,0,100,,1579365,40,,,0,100,,1579366,40,,,0,99,,1579367,40,,,0,99,,1579368,40,,,0,68,,1579369,40,,,0,40,,1579370,40,,,0,65,,1579371,40,,,0,30,,1579377,40,,,0,99,,1579372,40,,,0,100,,1579373,40,,,0,100,,1579374,40,,,0,101,,1579375,40,,,0,100,,1579376,40,,,0
9600,'20261016',651,,1579378,40,,,0,101,,1579379,40,,,0,101,,1579380,40,,,0,100,,1579381,40,,,0,100,,1579382,40,,,0,99,,1579383,40,,,0,100,,1579384,40,,,0,100,,1579385,40,,,0,99,,1579386,40,,,0,99,,1579387,40,,,0,68,,1579388,40,,,0,40,,1579389,40,,,0,65,,1579390,40,,,0,30,,1579396,40,,,0,99,,1579391,40,,,0,100,,1579392,40,,,0,100,,1579393,40,,,0,101,,1579394,40,,,0,100,,1579395,40,,,0
9600,'20261017',720,,1611085,40,,,0,100,,1611070,40,,,0,100,,1611071,40,,,0,100,,1611072,40,,,0,100,,1611073,40,,,0,96,,1611074,40,,,0,100,,1611075,40,,,0,108,,1611076,40,,,0,96,,1611077,40,,,0,96,,1611078,40,,,0,109,,1611079,40,,,0,95,,1611080,40,,,0,100,,1611081,40,,,0,100,,1611082,40,,,0,100,,1611083,40,,,0,100,,1611084,40,,,0
9600,'20261018',720,,1611086,40,,,0,100,,1611087,40,,,0,100,,1611088,40,,,0,100,,1611089,40,,,0,100,,1611090,40,,,0,96,,1611091,40,,,0,100,,1611092,40,,,0,108,,1611093,40,,,0,96,,1611094,40,,,0,96,,1611095,40,,,0,109,,1611096,40,,,0,95,,1611097,40,,,0,100,,1611098,40,,,0,100,,1611099,40,,,0,100,,1611100,40,,,0,100,,1611101,40,,,0
9600,'20261019',651,,1611102,40,,,0,101,,1611103,40,,,0,101,,1611104,40,,,0,100,,1611105,40,,,0,100,,1611106,40,,,0,99,,1611107,40,,,0,100,,1611108,40,,,0,100,,1611109,40,,,0,99,,1611110,40,,,0,99,,1611111,40,,,0,68,,1611112,40,,,0,40,,1611113,40,,,0,65,,1611114,40,,,0,30,,1611120,40,,,0,99,,1611115,40,,,0,100,,1611116,40,,,0,100,,1611117,40,,,0,101,,1611118,40,,,0,100,,1611119,40,,,0
9600,'20261020',651,,1611121,40,,,0,101,,1611122,40,,,0,101,,1611123,40,,,0,100,,1611124,40,,,0,100,,1611125,40,,,0,99,,1611126,40,,,0,100,,1611127,40,,,0,100,,1611128,40,,,0,99,,1611129,40,,,0,99,,1611130,40,,,0,68,,1611131,40,,,0,40,,1611132,40,,,0,65,,1611133,40,,,0,30,,1611139,40,,,0,99,,1611134,40,,,0,100,,1611135,40,,,0,100,,1611136,40,,,0,101,,1611137,40,,,0,100,,1611138,40,,,0
28302,'20261006',638,,1612662,30,,,0,65,,1612663,30,,,0,30,,1612664,30,,,0
28302,'20261007',638,,1612665,30,,,0,65,,1612666,30,,,0,30,,1612667,30,,,0
28302,'20261008',638,,1612668,30,,,0,65,,1612669,30,,,0,30,,1612670,30,,,0
28302,'20261009',638,,1612671,30,,,0,65,,1612672,30,,,0,30,,1612673,30,,,0
28302,'20261013',638,,1580923,30,,,0,65,,1580921,30,,,0,30,,1580922,30,,,0
28302,'20261014',638,,1580926,30,,,0,65,,1580924,30,,,0,30,,1580925,30,,,0
28302,'20261015',638,,1580929,30,,,0,65,,1580927,30,,,0,30,,1580928,30,,,0
28302,'20261016',638,,1580932,30,,,0,65,,1580930,30,,,0,30,,1580931,30,,,0
28302,'20261019',638,,1612676,30,,,0,65,,1612674,30,,,0,30,,1612675,30,,,0
28302,'20261020',638,,1612679,30,,,0,65,,1612677,30,,,0,30,,1612678,30,,,0
