9301,'20261002',546,,1578691,4,0,31 10 1 32 13,0,10,,1578679,4,0,36 13,0,87,,1578692,4,0,31 10 1 32 13,0,15,,1578693,4,0,31 10 1 32 13,0,55,,1578694,4,0,31 10 1 32 13,0,13,,1578680,4,0,36 13,0,20,,1578695,4,0,31 10 1 32 13,0,69,,1578696,4,0,31 10 1 32 13,0,31,,1578697,4,0,31 10 1 32 13,0,10,,1578681,4,0,36 13,0,62,,1578698,4,0,31 10 1 32 13,0,99,,1578699,4,0,31 10 1 32 13,0,9,,1578682,4,0,36 13,0,89,,1578700,4,0,31 10 1 32 13,0,41,,1578683,4,0,36 13,0,59,,1578701,4,0,31 10 1 32 13,0,100,,1578702,4,0,31 10 1 32 13,0,11,,1578684,4,0,36 13,0,88,,1578703,4,0,31 10 1 32 13,0,42,,1578685,4,0,36 13,0,53,,1578704,4,0,31 10 1 32 13,0,24,,1578705,4,0,31 10 1 32 13,0,69,,1578706,4,0,31 10 1 32 13,0,24,,1578686,4,0,36 13,0,13,,1578707,4,0,31 10 1 32 13,0,77,,1578708,4,0,31 10 1 32 13,0,40,,1578687,4,0,36 13,0,59,,1578709,4,0,31 10 1 32 13,0,101,,1578710,4,0,31 10 1 32 13,0,10,,1578688,4,0,36 13,0,91,,1578711,4,0,31 10 1 32 13,0,39,,1578689,4,0,36 13,0,61,,1578712,4,0,31 10 1 32 13,0,100,,1578713,4,0,31 10 1 32 13,0
9301,'20261003',556,,1578714,4,0,36 13,0,60,,1578725,4,0,31 10 1 32 13,0,98,,1578726,4,0,31 10 1 32 13,0,12,,1578715,4,0,36 13,0,88,,1578727,4,0,31 10 1 32 13,0,42,,1578716,4,0,36 13,0,58,,1578728,4,0,31 10 1 32 13,0,100,,1578729,4,0,31 10 1 32 13,0,12,,1578717,4,0,36 13,0,88,,1578730,4,0,31 10 1 32 13,0,42,,1578718,4,0,36 13,0,58,,1578731,4,0,31 10 1 32 13,0,100,,1578732,4,0,31 10 1 32 13,0,12,,1578719,4,0,36 13,0,88,,1578733,4,0,31 10 1 32 13,0,42,,1578720,4,0,36 13,0,58,,1578734,4,0,31 10 1 32 13,0,100,,1578735,4,0,31 10 1 32 13,0,12,,1578721,4,0,36 13,0,89,,1578736,4,0,31 10 1 32 13,0,41,,1578722,4,0,36 13,0,59,,1578737,4,0,31 10 1 32 13,0,100,,1578738,4,0,31 10 1 32 13,0,11,,1578723,4,0,36 13,0,89,,1578739,4,0,31 10 1 32 13,0,41,,1578724,4,0,36 13,0,159,,1578740,4,0,31 10 1 32 13,0
9301,'20261004',556,,1578741,4,0,36 13,0,60,,1578752,4,0,31 10 1 32 13,0,98,,1578753,4,0,31 10 1 32 13,0,12,,1578742,4,0,36 13,0,88,,1578754,4,0,31 10 1 32 13,0,42,,1578743,4,0,36 13,0,58,,1578755,4,0,31 10 1 32 13,0,100,,1578756,4,0,31 10 1 32 13,0,12,,1578744,4,0,36 13,0,88,,1578757,4,0,31 10 1 32 13,0,42,,1578745,4,0,36 13,0,58,,1578758,4,0,31 10 1 32 13,0,100,,1578759,4,0,31 10 1 32 13,0,12,,1578746,4,0,36 13,0,88,,1578760,4,0,31 10 1 32 13,0,42,,1578747,4,0,36 13,0,58,,1578761,4,0,31 10 1 32 13,0,100,,1578762,4,0,31 10 1 32 13,0,12,,1578748,4,0,36 13,0,89,,1578763,4,0,31 10 1 32 13,0,41,,1578749,4,0,36 13,0,59,,1578764,4,0,31 10 1 32 13,0,100,,1578765,4,0,31 10 1 32 13,0,11,,1578750,4,0,36 13,0,89,,1578766,4,0,31 10 1 32 13,0,41,,1578751,4,0,36 13,0,159,,1578767,4,0,31 10 1 32 13,0
9301,'20261005',546,,1578780,4,0,31 10 1 32 13,0,10,,1578768,4,0,36 13,0,87,,1578781,4,0,31 10 1 32 13,0,15,,1578782,4,0,31 10 1 32 13,0,55,,1578783,4,0,31 10 1 32 13,0,13,,1578769,4,0,36 13,0,20,,1578784,4,0,31 10 1 32 13,0,69,,1578785,4,0,31 10 1 32 13,0,31,,1578786,4,0,31 10 1 32 13,0,10,,1578770,4,0,36 13,0,62,,1578787,4,0,31 10 1 32 13,0,99,,1578788,4,0,31 10 1 32 13,0,9,,1578771,4,0,36 13,0,89,,1578789,4,0,31 10 1 32 13,0,41,,1578772,4,0,36 13,0,59,,1578790,4,0,31 10 1 32 13,0,100,,1578791,4,0,31 10 1 32 13,0,11,,1578773,4,0,36 13,0,88,,1578792,4,0,31 10 1 32 13,0,42,,1578774,4,0,36 13,0,53,,1578793,4,0,31 10 1 32 13,0,24,,1578794,4,0,31 10 1 32 13,0,69,,1578795,4,0,31 10 1 32 13,0,24,,1578775,4,0,36 13,0,13,,1578796,4,0,31 10 1 32 13,0,77,,1578797,4,0,31 10 1 32 13,0,40,,1578776,4,0,36 13,0,59,,1578798,4,0,31 10 1 32 13,0,101,,1578799,4,0,31 10 1 32 13,0,10,,1578777,4,0,36 13,0,91,,1578800,4,0,31 10 1 32 13,0,39,,1578778,4,0,36 13,0,61,,1578801,4,0,31 10 1 32 13,0,100,,1578802,4,0,31 10 1 32 13,0
9301,'20261006',546,,1525546,4,0,31 10 1 32 13,0,10,,1525554,4,0,36 13,0,87,,1525531,4,0,31 10 1 32 13,0,15,,1525553,4,0,31 10 1 32 13,0,55,,1525532,4,0,31 10 1 32 13,0,13,,1525555,4,0,36 13,0,20,,1525533,4,0,31 10 1 32 13,0,69,,1525534,4,0,31 10 1 32 13,0,31,,1525535,4,0,31 10 1 32 13,0,10,,1525556,4,0,36 13,0,62,,1525544,4,0,31 10 1 32 13,0,99,,1525536,4,0,31 10 1 32 13,0,9,,1525557,4,0,36 13,0,89,,1525549,4,0,31 10 1 32 13,0,41,,1525558,4,0,36 13,0,59,,1525537,4,0,31 10 1 32 13,0,100,,1525550,4,0,31 10 1 32 13,0,11,,1525559,4,0,36 13,0,88,,1525538,4,0,31 10 1 32 13,0,42,,1525560,4,0,36 13,0,53,,1525542,4,0,31 10 1 32 13,0,24,,1525551,4,0,31 10 1 32 13,0,69,,1525539,4,0,31 10 1 32 13,0,24,,1525561,4,0,36 13,0,13,,1525552,4,0,31 10 1 32 13,0,77,,1525545,4,0,31 10 1 32 13,0,40,,1525562,4,0,36 13,0,59,,1525543,4,0,31 10 1 32 13,0,101,,1525547,4,0,31 10 1 32 13,0,10,,1525563,4,0,36 13,0,91,,1525540,4,0,31 10 1 32 13,0,39,,1525564,4,0,36 13,0,61,,1525548,4,0,31 10 1 32 13,0,100,,1525541,4,0,31 10 1 32 13,0
9301,'20261007',546,,1525580,4,0,31 10 1 32 13,0,10,,1525588,4,0,36 13,0,87,,1525565,4,0,31 10 1 32 13,0,15,,1525587,4,0,31 10 1 32 13,0,55,,1525566,4,0,31 10 1 32 13,0,13,,1525589,4,0,36 13,0,20,,1525567,4,0,31 10 1 32 13,0,69,,1525568,4,0,31 10 1 32 13,0,31,,1525569,4,0,31 10 1 32 13,0,10,,1525590,4,0,36 13,0,62,,1525578,4,0,31 10 1 32 13,0,99,,1525570,4,0,31 10 1 32 13,0,9,,1525591,4,0,36 13,0,89,,1525583,4,0,31 10 1 32 13,0,41,,1525592,4,0,36 13,0,59,,1525571,4,0,31 10 1 32 13,0,100,,1525584,4,0,31 10 1 32 13,0,11,,1525593,4,0,36 13,0,88,,1525572,4,0,31 10 1 32 13,0,42,,1525594,4,0,36 13,0,53,,1525576,4,0,31 10 1 32 13,0,24,,1525585,4,0,31 10 1 32 13,0,69,,1525573,4,0,31 10 1 32 13,0,24,,1525595,4,0,36 13,0,13,,1525586,4,0,31 10 1 32 13,0,77,,1525579,4,0,31 10 1 32 13,0,40,,1525596,4,0,36 13,0,59,,1525577,4,0,31 10 1 32 13,0,101,,1525581,4,0,31 10 1 32 13,0,10,,1525597,4,0,36 13,0,91,,1525574,4,0,31 10 1 32 13,0,39,,1525598,4,0,36 13,0,61,,1525582,4,0,31 10 1 32 13,0,100,,1525575,4,0,31 10 1 32 13,0
9301,'20261008',546,,1525614,4,0,31 10 1 32 13,0,10,,1525622,4,0,36 13,0,87,,1525599,4,0,31 10 1 32 13,0,15,,1525621,4,0,31 10 1 32 13,0,55,,1525600,4,0,31 10 1 32 13,0,13,,1525623,4,0,36 13,0,20,,1525601,4,0,31 10 1 32 13,0,69,,1525602,4,0,31 10 1 32 13,0,31,,1525603,4,0,31 10 1 32 13,0,10,,1525624,4,0,36 13,0,62,,1525612,4,0,31 10 1 32 13,0,99,,1525604,4,0,31 10 1 32 13,0,9,,1525625,4,0,36 13,0,89,,1525617,4,0,31 10 1 32 13,0,41,,1525626,4,0,36 13,0,59,,1525605,4,0,31 10 1 32 13,0,100,,1525618,4,0,31 10 1 32 13,0,11,,1525627,4,0,36 13,0,88,,1525606,4,0,31 10 1 32 13,0,42,,1525628,4,0,36 13,0,53,,1525610,4,0,31 10 1 32 13,0,24,,1525619,4,0,31 10 1 32 13,0,69,,1525607,4,0,31 10 1 32 13,0,24,,1525629,4,0,36 13,0,13,,1525620,4,0,31 10 1 32 13,0,77,,1525613,4,0,31 10 1 32 13,0,40,,1525630,4,0,36 13,0,59,,1525611,4,0,31 10 1 32 13,0,101,,1525615,4,0,31 10 1 32 13,0,10,,1525631,4,0,36 13,0,91,,1525608,4,0,31 10 1 32 13,0,39,,1525632,4,0,36 13,0,61,,1525616,4,0,31 10 1 32 13,0,100,,1525609,4,0,31 10 1 32 13,0
9301,'20261009',546,,1525648,4,0,31 10 1 32 13,0,10,,1525656,4,0,36 13,0,87,,1525633,4,0,31 10 1 32 13,0,15,,1525655,4,0,31 10 1 32 13,0,55,,1525634,4,0,31 10 1 32 13,0,13,,1525657,4,0,36 13,0,20,,1525635,4,0,31 10 1 32 13,0,69,,1525636,4,0,31 10 1 32 13,0,31,,1525637,4,0,31 10 1 32 13,0,10,,1525658,4,0,36 13,0,62,,1525646,4,0,31 10 1 32 13,0,99,,1525638,4,0,31 10 1 32 13,0,9,,1525659,4,0,36 13,0,89,,1525651,4,0,31 10 1 32 13,0,41,,1525660,4,0,36 13,0,59,,1525639,4,0,31 10 1 32 13,0,100,,1525652,4,0,31 10 1 32 13,0,11,,1525661,4,0,36 13,0,88,,1525640,4,0,31 10 1 32 13,0,42,,1525662,4,0,36 13,0,53,,1525644,4,0,31 10 1 32 13,0,24,,1525653,4,0,31 10 1 32 13,0,69,,1525641,4,0,31 10 1 32 13,0,24,,1525663,4,0,36 13,0,13,,1525654,4,0,31 10 1 32 13,0,77,,1525647,4,0,31 10 1 32 13,0,40,,1525664,4,0,36 13,0,59,,1525645,4,0,31 10 1 32 13,0,101,,1525649,4,0,31 10 1 32 13,0,10,,1525665,4,0,36 13,0,91,,1525642,4,0,31 10 1 32 13,0,39,,1525666,4,0,36 13,0,61,,1525650,4,0,31 10 1 32 13,0,100,,1525643,4,0,31 10 1 32 13,0
9301,'20261010',556,,1552053,4,0,36 13,0,60,,1552052,4,0,31 10 1 32 13,0,98,,1552042,4,0,31 10 1 32 13,0,12,,1552054,4,0,36 13,0,88,,1552037,4,0,31 10 1 32 13,0,42,,1552055,4,0,36 13,0,58,,1552051,4,0,31 10 1 32 13,0,100,,1552044,4,0,31 10 1 32 13,0,12,,1552056,4,0,36 13,0,88,,1552046,4,0,31 10 1 32 13,0,42,,1552057,4,0,36 13,0,58,,1552038,4,0,31 10 1 32 13,0,100,,1552047,4,0,31 10 1 32 13,0,12,,1552058,4,0,36 13,0,88,,1552045,4,0,31 10 1 32 13,0,42,,1552059,4,0,36 13,0,58,,1552048,4,0,31 10 1 32 13,0,100,,1552039,4,0,31 10 1 32 13,0,12,,1552060,4,0,36 13,0,89,,1552049,4,0,31 10 1 32 13,0,41,,1552061,4,0,36 13,0,59,,1552043,4,0,31 10 1 32 13,0,100,,1552050,4,0,31 10 1 32 13,0,11,,1552062,4,0,36 13,0,89,,1552040,4,0,31 10 1 32 13,0,41,,1552063,4,0,36 13,0,159,,1552041,4,0,31 10 1 32 13,0
9301,'20261011',556,,1552080,4,0,36 13,0,60,,1552079,4,0,31 10 1 32 13,0,98,,1552076,4,0,31 10 1 32 13,0,12,,1552081,4,0,36 13,0,88,,1552069,4,0,31 10 1 32 13,0,42,,1552082,4,0,36 13,0,58,,1552077,4,0,31 10 1 32 13,0,100,,1552064,4,0,31 10 1 32 13,0,12,,1552083,4,0,36 13,0,88,,1552072,4,0,31 10 1 32 13,0,42,,1552084,4,0,36 13,0,58,,1552065,4,0,31 10 1 32 13,0,100,,1552073,4,0,31 10 1 32 13,0,12,,1552085,4,0,36 13,0,88,,1552070,4,0,31 10 1 32 13,0,42,,1552086,4,0,36 13,0,58,,1552074,4,0,31 10 1 32 13,0,100,,1552066,4,0,31 10 1 32 13,0,12,,1552087,4,0,36 13,0,89,,1552075,4,0,31 10 1 32 13,0,41,,1552088,4,0,36 13,0,59,,1552071,4,0,31 10 1 32 13,0,100,,1552078,4,0,31 10 1 32 13,0,11,,1552089,4,0,36 13,0,89,,1552067,4,0,31 10 1 32 13,0,41,,1552090,4,0,36 13,0,159,,1552068,4,0,31 10 1 32 13,0
9301,'20261012',556,,1552107,4,0,36 13,0,60,,1552106,4,0,31 10 1 32 13,0,98,,1552103,4,0,31 10 1 32 13,0,12,,1552108,4,0,36 13,0,88,,1552096,4,0,31 10 1 32 13,0,42,,1552109,4,0,36 13,0,58,,1552104,4,0,31 10 1 32 13,0,100,,1552091,4,0,31 10 1 32 13,0,12,,1552110,4,0,36 13,0,88,,1552099,4,0,31 10 1 32 13,0,42,,1552111,4,0,36 13,0,58,,1552092,4,0,31 10 1 32 13,0,100,,1552100,4,0,31 10 1 32 13,0,12,,1552112,4,0,36 13,0,88,,1552097,4,0,31 10 1 32 13,0,42,,1552113,4,0,36 13,0,58,,1552101,4,0,31 10 1 32 13,0,100,,1552093,4,0,31 10 1 32 13,0,12,,1552114,4,0,36 13,0,89,,1552102,4,0,31 10 1 32 13,0,41,,1552115,4,0,36 13,0,59,,1552098,4,0,31 10 1 32 13,0,100,,1552105,4,0,31 10 1 32 13,0,11,,1552116,4,0,36 13,0,89,,1552094,4,0,31 10 1 32 13,0,41,,1552117,4,0,36 13,0,159,,1552095,4,0,31 10 1 32 13,0
9301,'20261013',546,,1578818,4,0,31 10 1 32 13,0,10,,1578826,4,0,36 13,0,87,,1578803,4,0,31 10 1 32 13,0,15,,1578825,4,0,31 10 1 32 13,0,55,,1578804,4,0,31 10 1 32 13,0,13,,1578827,4,0,36 13,0,20,,1578805,4,0,31 10 1 32 13,0,69,,1578806,4,0,31 10 1 32 13,0,31,,1578807,4,0,31 10 1 32 13,0,10,,1578828,4,0,36 13,0,62,,1578816,4,0,31 10 1 32 13,0,99,,1578808,4,0,31 10 1 32 13,0,9,,1578829,4,0,36 13,0,89,,1578821,4,0,31 10 1 32 13,0,41,,1578830,4,0,36 13,0,59,,1578809,4,0,31 10 1 32 13,0,100,,1578822,4,0,31 10 1 32 13,0,11,,1578831,4,0,36 13,0,88,,1578810,4,0,31 10 1 32 13,0,42,,1578832,4,0,36 13,0,53,,1578814,4,0,31 10 1 32 13,0,24,,1578823,4,0,31 10 1 32 13,0,69,,1578811,4,0,31 10 1 32 13,0,24,,1578833,4,0,36 13,0,13,,1578824,4,0,31 10 1 32 13,0,77,,1578817,4,0,31 10 1 32 13,0,40,,1578834,4,0,36 13,0,59,,1578815,4,0,31 10 1 32 13,0,101,,1578819,4,0,31 10 1 32 13,0,10,,1578835,4,0,36 13,0,91,,1578812,4,0,31 10 1 32 13,0,39,,1578836,4,0,36 13,0,61,,1578820,4,0,31 10 1 32 13,0,100,,1578813,4,0,31 10 1 32 13,0
9301,'20261014',546,,1578852,4,0,31 10 1 32 13,0,10,,1578860,4,0,36 13,0,87,,1578837,4,0,31 10 1 32 13,0,15,,1578859,4,0,31 10 1 32 13,0,55,,1578838,4,0,31 10 1 32 13,0,13,,1578861,4,0,36 13,0,20,,1578839,4,0,31 10 1 32 13,0,69,,1578840,4,0,31 10 1 32 13,0,31,,1578841,4,0,31 10 1 32 13,0,10,,1578862,4,0,36 13,0,62,,1578850,4,0,31 10 1 32 13,0,99,,1578842,4,0,31 10 1 32 13,0,9,,1578863,4,0,36 13,0,89,,1578855,4,0,31 10 1 32 13,0,41,,1578864,4,0,36 13,0,59,,1578843,4,0,31 10 1 32 13,0,100,,1578856,4,0,31 10 1 32 13,0,11,,1578865,4,0,36 13,0,88,,1578844,4,0,31 10 1 32 13,0,42,,1578866,4,0,36 13,0,53,,1578848,4,0,31 10 1 32 13,0,24,,1578857,4,0,31 10 1 32 13,0,69,,1578845,4,0,31 10 1 32 13,0,24,,1578867,4,0,36 13,0,13,,1578858,4,0,31 10 1 32 13,0,77,,1578851,4,0,31 10 1 32 13,0,40,,1578868,4,0,36 13,0,59,,1578849,4,0,31 10 1 32 13,0,101,,1578853,4,0,31 10 1 32 13,0,10,,1578869,4,0,36 13,0,91,,1578846,4,0,31 10 1 32 13,0,39,,1578870,4,0,36 13,0,61,,1578854,4,0,31 10 1 32 13,0,100,,1578847,4,0,31 10 1 32 13,0
9301,'20261015',546,,1578886,4,0,31 10 1 32 13,0,10,,1578894,4,0,36 13,0,87,,1578871,4,0,31 10 1 32 13,0,15,,1578893,4,0,31 10 1 32 13,0,55,,1578872,4,0,31 10 1 32 13,0,13,,1578895,4,0,36 13,0,20,,1578873,4,0,31 10 1 32 13,0,69,,1578874,4,0,31 10 1 32 13,0,31,,1578875,4,0,31 10 1 32 13,0,10,,1578896,4,0,36 13,0,62,,1578884,4,0,31 10 1 32 13,0,99,,1578876,4,0,31 10 1 32 13,0,9,,1578897,4,0,36 13,0,89,,1578889,4,0,31 10 1 32 13,0,41,,1578898,4,0,36 13,0,59,,1578877,4,0,31 10 1 32 13,0,100,,1578890,4,0,31 10 1 32 13,0,11,,1578899,4,0,36 13,0,88,,1578878,4,0,31 10 1 32 13,0,42,,1578900,4,0,36 13,0,53,,1578882,4,0,31 10 1 32 13,0,24,,1578891,4,0,31 10 1 32 13,0,69,,1578879,4,0,31 10 1 32 13,0,24,,1578901,4,0,36 13,0,13,,1578892,4,0,31 10 1 32 13,0,77,,1578885,4,0,31 10 1 32 13,0,40,,1578902,4,0,36 13,0,59,,1578883,4,0,31 10 1 32 13,0,101,,1578887,4,0,31 10 1 32 13,0,10,,1578903,4,0,36 13,0,91,,1578880,4,0,31 10 1 32 13,0,39,,1578904,4,0,36 13,0,61,,1578888,4,0,31 10 1 32 13,0,100,,1578881,4,0,31 10 1 32 13,0
9301,'20261016',546,,1578920,4,0,31 10 1 32 13,0,10,,1578928,4,0,36 13,0,87,,1578905,4,0,31 10 1 32 13,0,15,,1578927,4,0,31 10 1 32 13,0,55,,1578906,4,0,31 10 1 32 13,0,13,,1578929,4,0,36 13,0,20,,1578907,4,0,31 10 1 32 13,0,69,,1578908,4,0,31 10 1 32 13,0,31,,1578909,4,0,31 10 1 32 13,0,10,,1578930,4,0,36 13,0,62,,1578918,4,0,31 10 1 32 13,0,99,,1578910,4,0,31 10 1 32 13,0,9,,1578931,4,0,36 13,0,89,,1578923,4,0,31 10 1 32 13,0,41,,1578932,4,0,36 13,0,59,,1578911,4,0,31 10 1 32 13,0,100,,1578924,4,0,31 10 1 32 13,0,11,,1578933,4,0,36 13,0,88,,1578912,4,0,31 10 1 32 13,0,42,,1578934,4,0,36 13,0,53,,1578916,4,0,31 10 1 32 13,0,24,,1578925,4,0,31 10 1 32 13,0,69,,1578913,4,0,31 10 1 32 13,0,24,,1578935,4,0,36 13,0,13,,1578926,4,0,31 10 1 32 13,0,77,,1578919,4,0,31 10 1 32 13,0,40,,1578936,4,0,36 13,0,59,,1578917,4,0,31 10 1 32 13,0,101,,1578921,4,0,31 10 1 32 13,0,10,,1578937,4,0,36 13,0,91,,1578914,4,0,31 10 1 32 13,0,39,,1578938,4,0,36 13,0,61,,1578922,4,0,31 10 1 32 13,0,100,,1578915,4,0,31 10 1 32 13,0
