7000,'20260929',712,,1547713,60,,,0,17,,1547714,60,,,0,22,,1547715,60,,,0,63,,1547716,60,,,0,20,,1547717,60,,,0,21,,1547718,60,,,0,59,,1547719,60,,,0,21,,1547720,60,,,0,20,,1547721,60,,,0,60,,1547722,60,,,0,20,,1547723,60,,,0,20,,1547724,60,,,0,58,,1547725,60,,,0,20,,1547726,60,,,0,20,,1547727,60,,,0,60,,1547728,60,,,0,21,,1547729,60,,,0,17,,1547730,60,,,0,61,,1547731,60,,,0,18,,1547732,60,,,0,23,,1547733,60,,,0,59,,1547734,60,,,0,20,,1547735,60,,,0,21,,1547736,60,,,0,59,,1547737,60,,,0,18,,1547738,60,,,0,26,,1547739,60,,,0,62,,1547740,60,,,0,25,,1547741,60,,,0,63,,1547742,60,,,0,22,,1547743,60,,,0,20,,1547744,60,,,0,57,,1547745,60,,,0,20,,1547746,60,,,0,15,,1547712,56,,,0,2,,1547747,60,,,0,58,,1547748,60,,,0,20,,1547749,60,,,0,22,,1547750,60,,,0,69,,1547751,60,,,0,30,,1547752,60,,,0,70,,1547753,60,,,0,30,,1547754,60,,,0,69,,1547755,60,,,0,30,,1547756,60,,,0,68,,1547757,60,,,0,30,,1547758,60,,,0,70,,1547759,60,,,0
7000,'20260930',712,,1547761,60,,,0,17,,1547762,60,,,0,22,,1547763,60,,,0,63,,1547764,60,,,0,20,,1547765,60,,,0,21,,1547766,60,,,0,59,,1547767,60,,,0,21,,1547768,60,,,0,20,,1547769,60,,,0,60,,1547770,60,,,0,20,,1547771,60,,,0,20,,1547772,60,,,0,58,,1547773,60,,,0,20,,1547774,60,,,0,20,,1547775,60,,,0,60,,1547776,60,,,0,21,,1547777,60,,,0,17,,1547778,60,,,0,61,,1547779,60,,,0,18,,1547780,60,,,0,23,,1547781,60,,,0,59,,1547782,60,,,0,20,,1547783,60,,,0,21,,1547784,60,,,0,59,,1547785,60,,,0,18,,1547786,60,,,0,26,,1547787,60,,,0,62,,1547788,60,,,0,25,,1547789,60,,,0,63,,1547790,60,,,0,22,,1547791,60,,,0,20,,1547792,60,,,0,57,,1547793,60,,,0,20,,1547794,60,,,0,15,,1547760,56,,,0,2,,1547795,60,,,0,58,,1547796,60,,,0,20,,1547797,60,,,0,22,,1547798,60,,,0,69,,1547799,60,,,0,30,,1547800,60,,,0,70,,1547801,60,,,0,30,,1547802,60,,,0,69,,1547803,60,,,0,30,,1547804,60,,,0,68,,1547805,60,,,0,30,,1547806,60,,,0,70,,1547807,60,,,0
7000,'20261001',712,,1547809,60,,,0,17,,1547810,60,,,0,22,,1547811,60,,,0,63,,1547812,60,,,0,20,,1547813,60,,,0,21,,1547814,60,,,0,59,,1547815,60,,,0,21,,1547816,60,,,0,20,,1547817,60,,,0,60,,1547818,60,,,0,20,,1547819,60,,,0,20,,1547820,60,,,0,58,,1547821,60,,,0,20,,1547822,60,,,0,20,,1547823,60,,,0,60,,1547824,60,,,0,21,,1547825,60,,,0,17,,1547826,60,,,0,61,,1547827,60,,,0,18,,1547828,60,,,0,23,,1547829,60,,,0,59,,1547830,60,,,0,20,,1547831,60,,,0,21,,1547832,60,,,0,59,,1547833,60,,,0,18,,1547834,60,,,0,26,,1547835,60,,,0,62,,1547836,60,,,0,25,,1547837,60,,,0,63,,1547838,60,,,0,22,,1547839,60,,,0,20,,1547840,60,,,0,57,,1547841,60,,,0,20,,1547842,60,,,0,15,,1547808,56,,,0,2,,1547843,60,,,0,58,,1547844,60,,,0,20,,1547845,60,,,0,22,,1547846,60,,,0,69,,1547847,60,,,0,30,,1547848,60,,,0,70,,1547849,60,,,0,30,,1547850,60,,,0,69,,1547851,60,,,0,30,,1547852,60,,,0,68,,1547853,60,,,0,30,,1547854,60,,,0,70,,1547855,60,,,0
7000,'20261002',712,,1470628,60,,,0,17,,1470641,60,,,0,22,,1470642,60,,,0,63,,1470629,60,,,0,20,,1470643,60,,,0,21,,1470644,60,,,0,59,,1470630,60,,,0,21,,1470645,60,,,0,20,,1470646,60,,,0,60,,1470631,60,,,0,20,,1470647,60,,,0,20,,1470648,60,,,0,58,,1470632,60,,,0,20,,1470649,60,,,0,20,,1470650,60,,,0,60,,1470633,60,,,0,21,,1470651,60,,,0,17,,1470652,60,,,0,61,,1470634,60,,,0,18,,1470653,60,,,0,23,,1470654,60,,,0,59,,1470635,60,,,0,20,,1470655,60,,,0,21,,1470656,60,,,0,59,,1470636,60,,,0,18,,1470657,60,,,0,26,,1470658,60,,,0,62,,1470637,60,,,0,25,,1470659,60,,,0,63,,1470660,60,,,0,22,,1470638,60,,,0,20,,1470661,60,,,0,57,,1470662,60,,,0,20,,1470639,60,,,0,17,,1470663,60,,,0,58,,1470664,60,,,0,20,,1470640,60,,,0,22,,1470665,60,,,0,69,,1470666,60,,,0,30,,1470667,60,,,0,70,,1470668,60,,,0,30,,1470669,60,,,0,69,,1470670,60,,,0,30,,1470671,60,,,0,68,,1470672,60,,,0,30,,1470673,60,,,0,70,,1470674,60,,,0
7000,'20261003',708,,1493605,60,,,0,30,,1493623,60,,,0,71,,1493606,60,,,0,30,,1493624,60,,,0,71,,1493607,60,,,0,30,,1493625,60,,,0,70,,1493608,60,,,0,31,,1493626,60,,,0,70,,1493609,60,,,0,30,,1493627,60,,,0,70,,1493610,60,,,0,32,,1493628,60,,,0,70,,1493611,60,,,0,30,,1493629,60,,,0,70,,1493612,60,,,0,32,,1493630,60,,,0,70,,1493613,60,,,0,30,,1493631,60,,,0,70,,1493614,60,,,0,30,,1493632,60,,,0,70,,1493615,60,,,0,30,,1493633,60,,,0,70,,1493616,60,,,0,28,,1493634,60,,,0,67,,1493617,60,,,0,30,,1493638,60,,,0,69,,1493635,60,,,0,30,,1493618,60,,,0,70,,1493636,60,,,0,30,,1493619,60,,,0,69,,1493622,60,,,0,30,,1493620,60,,,0,70,,1493637,60,,,0,30,,1493621,60,,,0
7000,'20261004',708,,1493639,60,,,0,30,,1493656,60,,,0,71,,1493640,60,,,0,30,,1493657,60,,,0,71,,1493641,60,,,0,30,,1493658,60,,,0,70,,1493642,60,,,0,31,,1493659,60,,,0,70,,1493643,60,,,0,30,,1493660,60,,,0,70,,1493644,60,,,0,32,,1493661,60,,,0,70,,1493645,60,,,0,30,,1493662,60,,,0,70,,1493646,60,,,0,32,,1493663,60,,,0,70,,1493647,60,,,0,30,,1493664,60,,,0,70,,1493648,60,,,0,30,,1493665,60,,,0,70,,1493649,60,,,0,30,,1493666,60,,,0,70,,1493650,60,,,0,28,,1493667,60,,,0,67,,1493651,60,,,0,30,,1493668,60,,,0,69,,1493652,60,,,0,30,,1493669,60,,,0,70,,1493653,60,,,0,30,,1493671,60,,,0,69,,1493654,60,,,0,30,,1493670,60,,,0,70,,1493655,60,,,0,30,,1493672,60,,,0
7000,'20261005',712,,1493673,60,,,0,17,,1493686,60,,,0,22,,1493687,60,,,0,63,,1493674,60,,,0,20,,1493688,60,,,0,21,,1493689,60,,,0,59,,1493675,60,,,0,21,,1493690,60,,,0,20,,1493691,60,,,0,60,,1493676,60,,,0,20,,1493692,60,,,0,20,,1493693,60,,,0,58,,1493677,60,,,0,20,,1493694,60,,,0,20,,1493695,60,,,0,60,,1493678,60,,,0,21,,1493696,60,,,0,17,,1493697,60,,,0,61,,1493679,60,,,0,18,,1493698,60,,,0,23,,1493699,60,,,0,59,,1493680,60,,,0,20,,1493700,60,,,0,21,,1493701,60,,,0,59,,1493681,60,,,0,18,,1493702,60,,,0,26,,1493703,60,,,0,62,,1493682,60,,,0,25,,1493704,60,,,0,63,,1493705,60,,,0,22,,1493683,60,,,0,20,,1493706,60,,,0,57,,1493707,60,,,0,20,,1493684,60,,,0,17,,1493708,60,,,0,58,,1493709,60,,,0,20,,1493685,60,,,0,22,,1493710,60,,,0,69,,1493711,60,,,0,30,,1493712,60,,,0,70,,1493713,60,,,0,30,,1493714,60,,,0,69,,1493715,60,,,0,30,,1493716,60,,,0,68,,1493717,60,,,0,30,,1493718,60,,,0,70,,1493719,60,,,0
7000,'20261006',712,,1519552,60,,,0,17,,1519565,60,,,0,22,,1519566,60,,,0,63,,1519553,60,,,0,20,,1519567,60,,,0,21,,1519568,60,,,0,59,,1519554,60,,,0,21,,1519569,60,,,0,20,,1519570,60,,,0,60,,1519555,60,,,0,20,,1519571,60,,,0,20,,1519572,60,,,0,58,,1519556,60,,,0,20,,1519573,60,,,0,20,,1519574,60,,,0,60,,1519557,60,,,0,21,,1519575,60,,,0,17,,1519576,60,,,0,61,,1519558,60,,,0,18,,1519577,60,,,0,23,,1519578,60,,,0,59,,1519559,60,,,0,20,,1519579,60,,,0,21,,1519580,60,,,0,59,,1519560,60,,,0,18,,1519581,60,,,0,26,,1519582,60,,,0,62,,1519561,60,,,0,25,,1519583,60,,,0,63,,1519584,60,,,0,22,,1519562,60,,,0,20,,1519585,60,,,0,57,,1519586,60,,,0,20,,1519563,60,,,0,17,,1519587,60,,,0,58,,1519588,60,,,0,20,,1519564,60,,,0,22,,1519589,60,,,0,69,,1519590,60,,,0,30,,1519591,60,,,0,70,,1519592,60,,,0,30,,1519593,60,,,0,69,,1519594,60,,,0,30,,1519595,60,,,0,68,,1519596,60,,,0,30,,1519597,60,,,0,70,,1519598,60,,,0
7000,'20261007',712,,1519599,60,,,0,17,,1519612,60,,,0,22,,1519613,60,,,0,63,,1519600,60,,,0,20,,1519614,60,,,0,21,,1519615,60,,,0,59,,1519601,60,,,0,21,,1519616,60,,,0,20,,1519617,60,,,0,60,,1519602,60,,,0,20,,1519618,60,,,0,20,,1519619,60,,,0,58,,1519603,60,,,0,20,,1519620,60,,,0,20,,1519621,60,,,0,60,,1519604,60,,,0,21,,1519622,60,,,0,17,,1519623,60,,,0,61,,1519605,60,,,0,18,,1519624,60,,,0,23,,1519625,60,,,0,59,,1519606,60,,,0,20,,1519626,60,,,0,21,,1519627,60,,,0,59,,1519607,60,,,0,18,,1519628,60,,,0,26,,1519629,60,,,0,62,,1519608,60,,,0,25,,1519630,60,,,0,63,,1519631,60,,,0,22,,1519609,60,,,0,20,,1519632,60,,,0,57,,1519633,60,,,0,20,,1519610,60,,,0,17,,1519634,60,,,0,58,,1519635,60,,,0,20,,1519611,60,,,0,22,,1519636,60,,,0,69,,1519637,60,,,0,30,,1519638,60,,,0,70,,1519639,60,,,0,30,,1519640,60,,,0,69,,1519641,60,,,0,30,,1519642,60,,,0,68,,1519643,60,,,0,30,,1519644,60,,,0,70,,1519645,60,,,0
7000,'20261008',712,,1519646,60,,,0,17,,1519659,60,,,0,22,,1519660,60,,,0,63,,1519647,60,,,0,20,,1519661,60,,,0,21,,1519662,60,,,0,59,,1519648,60,,,0,21,,1519663,60,,,0,20,,1519664,60,,,0,60,,1519649,60,,,0,20,,1519665,60,,,0,20,,1519666,60,,,0,58,,1519650,60,,,0,20,,1519667,60,,,0,20,,1519668,60,,,0,60,,1519651,60,,,0,21,,1519669,60,,,0,17,,1519670,60,,,0,61,,1519652,60,,,0,18,,1519671,60,,,0,23,,1519672,60,,,0,59,,1519653,60,,,0,20,,1519673,60,,,0,21,,1519674,60,,,0,59,,1519654,60,,,0,18,,1519675,60,,,0,26,,1519676,60,,,0,62,,1519655,60,,,0,25,,1519677,60,,,0,63,,1519678,60,,,0,22,,1519656,60,,,0,20,,1519679,60,,,0,57,,1519680,60,,,0,20,,1519657,60,,,0,17,,1519681,60,,,0,58,,1519682,60,,,0,20,,1519658,60,,,0,22,,1519683,60,,,0,69,,1519684,60,,,0,30,,1519685,60,,,0,70,,1519686,60,,,0,30,,1519687,60,,,0,69,,1519688,60,,,0,30,,1519689,60,,,0,68,,1519690,60,,,0,30,,1519691,60,,,0,70,,1519692,60,,,0
7000,'20261009',712,,1519693,60,,,0,17,,1519706,60,,,0,22,,1519707,60,,,0,63,,1519694,60,,,0,20,,1519708,60,,,0,21,,1519709,60,,,0,59,,1519695,60,,,0,21,,1519710,60,,,0,20,,1519711,60,,,0,60,,1519696,60,,,0,20,,1519712,60,,,0,20,,1519713,60,,,0,58,,1519697,60,,,0,20,,1519714,60,,,0,20,,1519715,60,,,0,60,,1519698,60,,,0,21,,1519716,60,,,0,17,,1519717,60,,,0,61,,1519699,60,,,0,18,,1519718,60,,,0,23,,1519719,60,,,0,59,,1519700,60,,,0,20,,1519720,60,,,0,21,,1519721,60,,,0,59,,1519701,60,,,0,18,,1519722,60,,,0,26,,1519723,60,,,0,62,,1519702,60,,,0,25,,1519724,60,,,0,63,,1519725,60,,,0,22,,1519703,60,,,0,20,,1519726,60,,,0,57,,1519727,60,,,0,20,,1519704,60,,,0,17,,1519728,60,,,0,58,,1519729,60,,,0,20,,1519705,60,,,0,22,,1519730,60,,,0,69,,1519731,60,,,0,30,,1519732,60,,,0,70,,1519733,60,,,0,30,,1519734,60,,,0,69,,1519735,60,,,0,30,,1519736,60,,,0,68,,1519737,60,,,0,30,,1519738,60,,,0,70,,1519739,60,,,0
7000,'20261010',708,,1547856,60,,,0,30,,1547874,60,,,0,71,,1547857,60,,,0,30,,1547875,60,,,0,71,,1547858,60,,,0,30,,1547876,60,,,0,70,,1547859,60,,,0,31,,1547877,60,,,0,70,,1547860,60,,,0,30,,1547878,60,,,0,70,,1547861,60,,,0,32,,1547879,60,,,0,70,,1547862,60,,,0,30,,1547880,60,,,0,70,,1547863,60,,,0,32,,1547881,60,,,0,70,,1547864,60,,,0,30,,1547882,60,,,0,70,,1547865,60,,,0,30,,1547883,60,,,0,70,,1547866,60,,,0,30,,1547884,60,,,0,70,,1547867,60,,,0,28,,1547885,60,,,0,67,,1547868,60,,,0,30,,1547889,60,,,0,69,,1547886,60,,,0,30,,1547869,60,,,0,70,,1547887,60,,,0,30,,1547870,60,,,0,69,,1547873,60,,,0,30,,1547871,60,,,0,70,,1547888,60,,,0,30,,1547872,60,,,0
7000,'20261011',708,,1547890,60,,,0,30,,1547907,60,,,0,71,,1547891,60,,,0,30,,1547908,60,,,0,71,,1547892,60,,,0,30,,1547909,60,,,0,70,,1547893,60,,,0,31,,1547910,60,,,0,70,,1547894,60,,,0,30,,1547911,60,,,0,70,,1547895,60,,,0,32,,1547912,60,,,0,70,,1547896,60,,,0,30,,1547913,60,,,0,70,,1547897,60,,,0,32,,1547914,60,,,0,70,,1547898,60,,,0,30,,1547915,60,,,0,70,,1547899,60,,,0,30,,1547916,60,,,0,70,,1547900,60,,,0,30,,1547917,60,,,0,70,,1547901,60,,,0,28,,1547918,60,,,0,67,,1547902,60,,,0,30,,1547919,60,,,0,69,,1547903,60,,,0,30,,1547920,60,,,0,70,,1547904,60,,,0,30,,1547922,60,,,0,69,,1547905,60,,,0,30,,1547921,60,,,0,70,,1547906,60,,,0,30,,1547923,60,,,0
7000,'20261012',708,,1547924,60,,,0,30,,1547941,60,,,0,71,,1547925,60,,,0,30,,1547942,60,,,0,71,,1547926,60,,,0,30,,1547943,60,,,0,70,,1547927,60,,,0,31,,1547944,60,,,0,70,,1547928,60,,,0,30,,1547945,60,,,0,70,,1547929,60,,,0,32,,1547946,60,,,0,70,,1547930,60,,,0,30,,1547947,60,,,0,70,,1547931,60,,,0,32,,1547948,60,,,0,70,,1547932,60,,,0,30,,1547949,60,,,0,70,,1547933,60,,,0,30,,1547950,60,,,0,70,,1547934,60,,,0,30,,1547951,60,,,0,70,,1547935,60,,,0,28,,1547952,60,,,0,67,,1547936,60,,,0,30,,1547953,60,,,0,69,,1547937,60,,,0,30,,1547954,60,,,0,70,,1547938,60,,,0,30,,1547956,60,,,0,69,,1547939,60,,,0,30,,1547955,60,,,0,70,,1547940,60,,,0,30,,1547957,60,,,0
27000,'20260929',1615,,1552985,20,4,,0,23,,1552986,20,4,,0,2,,1552987,20,4,,0,12,,1552988,20,4,,0,62,,1552989,20,4,,0,26,,1552990,20,4,,0,66,,1552991,20,4,,0,27,,1552992,20,4,,0
27000,'20260930',1615,,1552993,20,4,,0,23,,1552994,20,4,,0,2,,1552995,20,4,,0,12,,1552996,20,4,,0,62,,1552997,20,4,,0,26,,1552998,20,4,,0,66,,1552999,20,4,,0,27,,1553000,20,4,,0
27000,'20261001',1615,,1553001,20,4,,0,23,,1553002,20,4,,0,2,,1553003,20,4,,0,12,,1553004,20,4,,0,62,,1553005,20,4,,0,26,,1553006,20,4,,0,66,,1553007,20,4,,0,27,,1553008,20,4,,0
27000,'20261002',1615,,1476060,20,4,,0,23,,1476067,20,4,,0,2,,1476061,20,4,,0,12,,1476062,20,4,,0,62,,1476063,20,4,,0,26,,1476064,20,4,,0,66,,1476065,20,4,,0,27,,1476066,20,4,,0
27000,'20261005',1615,,1499097,20,4,,0,23,,1499104,20,4,,0,2,,1499098,20,4,,0,12,,1499099,20,4,,0,62,,1499100,20,4,,0,26,,1499101,20,4,,0,66,,1499102,20,4,,0,27,,1499103,20,4,,0
27000,'20261006',1615,,1527139,20,4,,0,23,,1527146,20,4,,0,2,,1527140,20,4,,0,12,,1527141,20,4,,0,62,,1527142,20,4,,0,26,,1527143,20,4,,0,66,,1527144,20,4,,0,27,,1527145,20,4,,0
27000,'20261007',1615,,1527147,20,4,,0,23,,1527154,20,4,,0,2,,1527148,20,4,,0,12,,1527149,20,4,,0,62,,1527150,20,4,,0,26,,1527151,20,4,,0,66,,1527152,20,4,,0,27,,1527153,20,4,,0
27000,'20261008',1615,,1527155,20,4,,0,23,,1527162,20,4,,0,2,,1527156,20,4,,0,12,,1527157,20,4,,0,62,,1527158,20,4,,0,26,,1527159,20,4,,0,66,,1527160,20,4,,0,27,,1527161,20,4,,0
27000,'20261009',1615,,1527163,20,4,,0,23,,1527170,20,4,,0,2,,1527164,20,4,,0,12,,1527165,20,4,,0,62,,1527166,20,4,,0,26,,1527167,20,4,,0,66,,1527168,20,4,,0,27,,1527169,20,4,,0
37000,'20260929',1246,,1553643,25,4,,0,367,,1553644,25,4,,0,87,,1553645,25,4,,0,102,,1553646,25,4,,0,57,,1553642,21,4,,0,42,,1553647,25,4,,0
37000,'20260930',1246,,1553649,25,4,,0,367,,1553650,25,4,,0,87,,1553651,25,4,,0,102,,1553652,25,4,,0,57,,1553648,21,4,,0,42,,1553653,25,4,,0
37000,'20261001',1246,,1553655,25,4,,0,367,,1553656,25,4,,0,87,,1553657,25,4,,0,102,,1553658,25,4,,0,57,,1553654,21,4,,0,42,,1553659,25,4,,0
37000,'20261002',1246,,1476925,25,4,,0,367,,1476926,25,4,,0,87,,1476927,25,4,,0,102,,1476928,25,4,,0,99,,1476929,25,4,,0
37000,'20261005',1246,,1499966,25,4,,0,367,,1499967,25,4,,0,87,,1499968,25,4,,0,102,,1499969,25,4,,0,99,,1499970,25,4,,0
37000,'20261006',1246,,1528445,25,4,,0,367,,1528446,25,4,,0,87,,1528447,25,4,,0,102,,1528448,25,4,,0,99,,1528449,25,4,,0
37000,'20261007',1246,,1528450,25,4,,0,367,,1528451,25,4,,0,87,,1528452,25,4,,0,102,,1528453,25,4,,0,99,,1528454,25,4,,0
37000,'20261008',1246,,1528455,25,4,,0,367,,1528456,25,4,,0,87,,1528457,25,4,,0,102,,1528458,25,4,,0,99,,1528459,25,4,,0
37000,'20261009',1246,,1528460,25,4,,0,367,,1528461,25,4,,0,87,,1528462,25,4,,0,102,,1528463,25,4,,0,99,,1528464,25,4,,0
57000,'20260929',1627,,1554042,23,4,,0,9,,1554043,23,4,,0,79,,1554044,23,4,,0,19,,1554045,23,4,,0,67,,1554046,23,4,,0
57000,'20260930',1627,,1554047,23,4,,0,9,,1554048,23,4,,0,79,,1554049,23,4,,0,19,,1554050,23,4,,0,67,,1554051,23,4,,0
57000,'20261001',1627,,1554052,23,4,,0,9,,1554053,23,4,,0,79,,1554054,23,4,,0,19,,1554055,23,4,,0,67,,1554056,23,4,,0
57000,'20261002',1627,,1477514,23,4,,0,9,,1477515,23,4,,0,79,,1477516,23,4,,0,19,,1477517,23,4,,0,67,,1477518,23,4,,0
57000,'20261005',1627,,1500487,23,4,,0,9,,1500488,23,4,,0,79,,1500489,23,4,,0,19,,1500490,23,4,,0,67,,1500491,23,4,,0
57000,'20261006',1627,,1529226,23,4,,0,9,,1529227,23,4,,0,79,,1529228,23,4,,0,19,,1529229,23,4,,0,67,,1529230,23,4,,0
57000,'20261007',1627,,1529231,23,4,,0,9,,1529232,23,4,,0,79,,1529233,23,4,,0,19,,1529234,23,4,,0,67,,1529235,23,4,,0
57000,'20261008',1627,,1529236,23,4,,0,9,,1529237,23,4,,0,79,,1529238,23,4,,0,19,,1529239,23,4,,0,67,,1529240,23,4,,0
57000,'20261009',1627,,1529241,23,4,,0,9,,1529242,23,4,,0,79,,1529243,23,4,,0,19,,1529244,23,4,,0,67,,1529245,23,4,,0
