40500,'20260807',1840,,1102785,2,4,,0,15,,1102786,2,4,,0,55,,1102787,2,4,,0,15,,1102788,2,4,,0,15,,1102789,2,4,,0,15,,1102790,2,4,,0,55,,1102791,2,4,,0,15,,1102792,2,4,,0,15,,1102793,2,4,,0,15,,1102794,2,4,,0,55,,1102795,2,4,,0,15,,1102796,2,4,,0,15,,1102797,2,4,,0,15,,1102798,2,4,,0,55,,1102799,2,4,,0
40500,'20260808',1455,,1133308,2,4,,0,55,,1133309,2,4,,0,15,,1133310,2,4,,0,15,,1133311,2,4,,0,15,,1133312,2,4,,0,55,,1133313,2,4,,0,15,,1133314,2,4,,0,15,,1133315,2,4,,0,15,,1133316,2,4,,0,55,,1133317,2,4,,0,15,,1133318,2,4,,0,15,,1133319,2,4,,0,15,,1133320,2,4,,0,55,,1133321,2,4,,0,15,,1133322,2,4,,0,15,,1133323,2,4,,0,15,,1133324,2,4,,0,55,,1133325,2,4,,0,15,,1133326,2,4,,0,15,,1133327,2,4,,0,15,,1133328,2,4,,0,55,,1133329,2,4,,0,15,,1133330,2,4,,0,15,,1133331,2,4,,0,15,,1133332,2,4,,0,55,,1133333,2,4,,0,15,,1133334,2,4,,0,15,,1133335,2,4,,0,15,,1133336,2,4,,0,55,,1133337,2,4,,0
40500,'20260809',1455,,1133338,2,4,,0,55,,1133339,2,4,,0,15,,1133340,2,4,,0,15,,1133341,2,4,,0,15,,1133342,2,4,,0,55,,1133343,2,4,,0,15,,1133344,2,4,,0,15,,1133345,2,4,,0,15,,1133346,2,4,,0,55,,1133347,2,4,,0,15,,1133348,2,4,,0,15,,1133349,2,4,,0,15,,1133350,2,4,,0,55,,1133351,2,4,,0,15,,1133352,2,4,,0,15,,1133353,2,4,,0,15,,1133354,2,4,,0,55,,1133355,2,4,,0,15,,1133356,2,4,,0,15,,1133357,2,4,,0,15,,1133358,2,4,,0,55,,1133359,2,4,,0,15,,1133360,2,4,,0,15,,1133361,2,4,,0,15,,1133362,2,4,,0,55,,1133363,2,4,,0,15,,1133364,2,4,,0,15,,1133365,2,4,,0,15,,1133366,2,4,,0,55,,1133367,2,4,,0
40501,'20260807',1845,,1102800,1,,,0,55,,1102801,1,,,0,15,,1102802,1,,,0,15,,1102803,1,,,0,15,,1102804,1,,,0,55,,1102805,1,,,0,15,,1102806,1,,,0,15,,1102807,1,,,0,15,,1102808,1,,,0,55,,1102809,1,,,0,15,,1102810,1,,,0,15,,1102811,1,,,0,15,,1102812,1,,,0,55,,1102813,1,,,0,15,,1102814,1,,,0,15,,1102815,1,,,0,15,,1102816,1,,,0,55,,1102817,1,,,0,15,,1102818,1,,,0,15,,1102819,1,,,0,15,,1102820,1,,,0,55,,1102821,1,,,0,15,,1102822,1,,,0,15,,1102823,1,,,0
40501,'20260808',1500,,1133369,1,,,0,15,,1133370,1,,,0,15,,1133371,1,,,0,15,,1133372,1,,,0,55,,1133373,1,,,0,15,,1133374,1,,,0,15,,1133375,1,,,0,15,,1133376,1,,,0,55,,1133377,1,,,0,15,,1133378,1,,,0,15,,1133379,1,,,0,15,,1133380,1,,,0,55,,1133381,1,,,0,15,,1133382,1,,,0,15,,1133383,1,,,0,15,,1133384,1,,,0,55,,1133385,1,,,0,15,,1133386,1,,,0,15,,1133387,1,,,0,15,,1133388,1,,,0,55,,1133389,1,,,0,15,,1133390,1,,,0,15,,1133391,1,,,0,15,,1133392,1,,,0,55,,1133393,1,,,0,15,,1133394,1,,,0,15,,1133395,1,,,0,15,,1133396,1,,,0,55,,1133397,1,,,0,15,,1133398,1,,,0,15,,1133399,1,,,0,15,,1133400,1,,,0,55,,1133401,1,,,0,15,,1133402,1,,,0,15,,1133403,1,,,0,15,,1133404,1,,,0,55,,1133405,1,,,0,15,,1133406,1,,,0,15,,1133407,1,,,0
40501,'20260809',1500,,1133408,1,,,0,15,,1133409,1,,,0,15,,1133410,1,,,0,15,,1133411,1,,,0,55,,1133412,1,,,0,15,,1133413,1,,,0,15,,1133414,1,,,0,15,,1133415,1,,,0,55,,1133416,1,,,0,15,,1133417,1,,,0,15,,1133418,1,,,0,15,,1133419,1,,,0,55,,1133420,1,,,0,15,,1133421,1,,,0,15,,1133422,1,,,0,15,,1133423,1,,,0,55,,1133424,1,,,0,15,,1133425,1,,,0,15,,1133426,1,,,0,15,,1133427,1,,,0,55,,1133428,1,,,0,15,,1133429,1,,,0,15,,1133430,1,,,0,15,,1133431,1,,,0,55,,1133432,1,,,0,15,,1133433,1,,,0,15,,1133434,1,,,0,15,,1133435,1,,,0,55,,1133436,1,,,0,15,,1133437,1,,,0,15,,1133438,1,,,0,15,,1133439,1,,,0,55,,1133440,1,,,0,15,,1133441,1,,,0,15,,1133442,1,,,0,15,,1133443,1,,,0,55,,1133444,1,,,0,15,,1133445,1,,,0,15,,1133446,1,,,0
43000,'20260807',1835,,1102824,3,4,,0,20,,1102825,3,4,,0,60,,1102826,3,4,,0,20,,1102827,3,4,,0,20,,1102828,3,4,,0,60,,1102829,3,4,,0,20,,1102830,3,4,,0,20,,1102831,3,4,,0,60,,1102832,3,4,,0,20,,1102833,3,4,,0,20,,1102834,3,4,,0,60,,1102835,3,4,,0
43000,'20260808',1505,,1133448,3,4,,0,20,,1133449,3,4,,0,20,,1133450,3,4,,0,60,,1133451,3,4,,0,20,,1133452,3,4,,0,20,,1133453,3,4,,0,60,,1133454,3,4,,0,20,,1133455,3,4,,0,20,,1133456,3,4,,0,60,,1133457,3,4,,0,20,,1133458,3,4,,0,20,,1133459,3,4,,0,60,,1133460,3,4,,0,20,,1133461,3,4,,0,20,,1133462,3,4,,0,60,,1133463,3,4,,0,20,,1133464,3,4,,0,20,,1133465,3,4,,0,60,,1133466,3,4,,0,20,,1133467,3,4,,0,20,,1133468,3,4,,0,60,,1133469,3,4,,0
43000,'20260809',1505,,1133470,3,4,,0,20,,1133471,3,4,,0,20,,1133472,3,4,,0,60,,1133473,3,4,,0,20,,1133474,3,4,,0,20,,1133475,3,4,,0,60,,1133476,3,4,,0,20,,1133477,3,4,,0,20,,1133478,3,4,,0,60,,1133479,3,4,,0,20,,1133480,3,4,,0,20,,1133481,3,4,,0,60,,1133482,3,4,,0,20,,1133483,3,4,,0,20,,1133484,3,4,,0,60,,1133485,3,4,,0,20,,1133486,3,4,,0,20,,1133487,3,4,,0,60,,1133488,3,4,,0,20,,1133489,3,4,,0,20,,1133490,3,4,,0,60,,1133491,3,4,,0
43001,'20260807',1840,,1102836,1,,,0,60,,1102837,1,,,0,20,,1102838,1,,,0,20,,1102839,1,,,0,60,,1102840,1,,,0,20,,1102841,1,,,0,20,,1102842,1,,,0,60,,1102843,1,,,0,20,,1102844,1,,,0,20,,1102845,1,,,0,60,,1102846,1,,,0,20,,1102847,1,,,0,20,,1102848,1,,,0,60,,1102849,1,,,0,20,,1102850,1,,,0,20,,1102851,1,,,0,60,,1102852,1,,,0,20,,1102853,1,,,0,20,,1102854,1,,,0
43001,'20260808',1510,,1133492,1,,,0,20,,1133493,1,,,0,20,,1133494,1,,,0,60,,1133495,1,,,0,20,,1133496,1,,,0,20,,1133497,1,,,0,60,,1133498,1,,,0,20,,1133499,1,,,0,20,,1133500,1,,,0,60,,1133501,1,,,0,20,,1133502,1,,,0,20,,1133503,1,,,0,60,,1133504,1,,,0,20,,1133505,1,,,0,20,,1133506,1,,,0,60,,1133507,1,,,0,20,,1133508,1,,,0,20,,1133509,1,,,0,60,,1133510,1,,,0,20,,1133511,1,,,0,20,,1133512,1,,,0,60,,1133513,1,,,0,20,,1133514,1,,,0,20,,1133515,1,,,0,60,,1133516,1,,,0,20,,1133517,1,,,0,20,,1133518,1,,,0,60,,1133519,1,,,0,20,,1133520,1,,,0
43001,'20260809',1510,,1133521,1,,,0,20,,1133522,1,,,0,20,,1133523,1,,,0,60,,1133524,1,,,0,20,,1133525,1,,,0,20,,1133526,1,,,0,60,,1133527,1,,,0,20,,1133528,1,,,0,20,,1133529,1,,,0,60,,1133530,1,,,0,20,,1133531,1,,,0,20,,1133532,1,,,0,60,,1133533,1,,,0,20,,1133534,1,,,0,20,,1133535,1,,,0,60,,1133536,1,,,0,20,,1133537,1,,,0,20,,1133538,1,,,0,60,,1133539,1,,,0,20,,1133540,1,,,0,20,,1133541,1,,,0,60,,1133542,1,,,0,20,,1133543,1,,,0,20,,1133544,1,,,0,60,,1133545,1,,,0,20,,1133546,1,,,0,20,,1133547,1,,,0,60,,1133548,1,,,0,20,,1133549,1,,,0
45000,'20260807',1845,,1102855,1,,,0,55,,1102856,1,,,0,15,,1102857,1,,,0,15,,1102858,1,,,0,15,,1102859,1,,,0,55,,1102860,1,,,0,15,,1102861,1,,,0,15,,1102862,1,,,0,15,,1102863,1,,,0,55,,1102864,1,,,0,15,,1102865,1,,,0,15,,1102866,1,,,0,15,,1102867,1,,,0,55,,1102868,1,,,0,15,,1102869,1,,,0,15,,1102870,1,,,0,15,,1102871,1,,,0,55,,1102872,1,,,0,15,,1102873,1,,,0,15,,1102874,1,,,0,15,,1102875,1,,,0,55,,1102876,1,,,0,15,,1102877,1,,,0,15,,1102878,1,,,0
45000,'20260808',1500,,1133551,1,,,0,15,,1133552,1,,,0,15,,1133553,1,,,0,15,,1133554,1,,,0,55,,1133555,1,,,0,15,,1133556,1,,,0,15,,1133557,1,,,0,15,,1133558,1,,,0,55,,1133559,1,,,0,15,,1133560,1,,,0,15,,1133561,1,,,0,15,,1133562,1,,,0,55,,1133563,1,,,0,15,,1133564,1,,,0,15,,1133565,1,,,0,15,,1133566,1,,,0,55,,1133567,1,,,0,15,,1133568,1,,,0,15,,1133569,1,,,0,15,,1133570,1,,,0,55,,1133571,1,,,0,15,,1133572,1,,,0,15,,1133573,1,,,0,15,,1133574,1,,,0,55,,1133575,1,,,0,15,,1133576,1,,,0,15,,1133577,1,,,0,15,,1133578,1,,,0,55,,1133579,1,,,0,15,,1133580,1,,,0,15,,1133581,1,,,0,15,,1133582,1,,,0,55,,1133583,1,,,0,15,,1133584,1,,,0,15,,1133585,1,,,0,15,,1133586,1,,,0,55,,1133587,1,,,0,15,,1133588,1,,,0,15,,1133589,1,,,0
45000,'20260809',1500,,1133590,1,,,0,15,,1133591,1,,,0,15,,1133592,1,,,0,15,,1133593,1,,,0,55,,1133594,1,,,0,15,,1133595,1,,,0,15,,1133596,1,,,0,15,,1133597,1,,,0,55,,1133598,1,,,0,15,,1133599,1,,,0,15,,1133600,1,,,0,15,,1133601,1,,,0,55,,1133602,1,,,0,15,,1133603,1,,,0,15,,1133604,1,,,0,15,,1133605,1,,,0,55,,1133606,1,,,0,15,,1133607,1,,,0,15,,1133608,1,,,0,15,,1133609,1,,,0,55,,1133610,1,,,0,15,,1133611,1,,,0,15,,1133612,1,,,0,15,,1133613,1,,,0,55,,1133614,1,,,0,15,,1133615,1,,,0,15,,1133616,1,,,0,15,,1133617,1,,,0,55,,1133618,1,,,0,15,,1133619,1,,,0,15,,1133620,1,,,0,15,,1133621,1,,,0,55,,1133622,1,,,0,15,,1133623,1,,,0,15,,1133624,1,,,0,15,,1133625,1,,,0,55,,1133626,1,,,0,15,,1133627,1,,,0,15,,1133628,1,,,0
45001,'20260807',1840,,1102879,2,4,,0,15,,1102880,2,4,,0,55,,1102881,2,4,,0,15,,1102882,2,4,,0,15,,1102883,2,4,,0,15,,1102884,2,4,,0,55,,1102885,2,4,,0,15,,1102886,2,4,,0,15,,1102887,2,4,,0,15,,1102888,2,4,,0,55,,1102889,2,4,,0,15,,1102890,2,4,,0,15,,1102891,2,4,,0,15,,1102892,2,4,,0,55,,1102893,2,4,,0
45001,'20260808',1455,,1133629,2,4,,0,55,,1133630,2,4,,0,15,,1133631,2,4,,0,15,,1133632,2,4,,0,15,,1133633,2,4,,0,55,,1133634,2,4,,0,15,,1133635,2,4,,0,15,,1133636,2,4,,0,15,,1133637,2,4,,0,55,,1133638,2,4,,0,15,,1133639,2,4,,0,15,,1133640,2,4,,0,15,,1133641,2,4,,0,55,,1133642,2,4,,0,15,,1133643,2,4,,0,15,,1133644,2,4,,0,15,,1133645,2,4,,0,55,,1133646,2,4,,0,15,,1133647,2,4,,0,15,,1133648,2,4,,0,15,,1133649,2,4,,0,55,,1133650,2,4,,0,15,,1133651,2,4,,0,15,,1133652,2,4,,0,15,,1133653,2,4,,0,55,,1133654,2,4,,0,15,,1133655,2,4,,0,15,,1133656,2,4,,0,15,,1133657,2,4,,0,55,,1133658,2,4,,0
45001,'20260809',1455,,1133659,2,4,,0,55,,1133660,2,4,,0,15,,1133661,2,4,,0,15,,1133662,2,4,,0,15,,1133663,2,4,,0,55,,1133664,2,4,,0,15,,1133665,2,4,,0,15,,1133666,2,4,,0,15,,1133667,2,4,,0,55,,1133668,2,4,,0,15,,1133669,2,4,,0,15,,1133670,2,4,,0,15,,1133671,2,4,,0,55,,1133672,2,4,,0,15,,1133673,2,4,,0,15,,1133674,2,4,,0,15,,1133675,2,4,,0,55,,1133676,2,4,,0,15,,1133677,2,4,,0,15,,1133678,2,4,,0,15,,1133679,2,4,,0,55,,1133680,2,4,,0,15,,1133681,2,4,,0,15,,1133682,2,4,,0,15,,1133683,2,4,,0,55,,1133684,2,4,,0,15,,1133685,2,4,,0,15,,1133686,2,4,,0,15,,1133687,2,4,,0,55,,1133688,2,4,,0
