7005400,'20260929',1625,,1561935,1,,,0
7005400,'20260930',1625,,1561937,1,,,0
7005400,'20261001',1625,,1561939,1,,,0
7005400,'20261002',1625,,1485668,1,,,0
7005400,'20261005',1625,,1508649,1,,,0
7005400,'20261006',1625,,1540347,1,,,0
7005400,'20261007',1625,,1540348,1,,,0
7005400,'20261008',1625,,1540349,1,,,0
7005400,'20261009',1625,,1540350,1,,,0
7005401,'20260929',900,,1561940,19,4,,0
7005401,'20260930',900,,1561942,19,4,,0
7005401,'20261001',900,,1561944,19,4,,0
7005401,'20261002',900,,1485673,19,4,,0
7005401,'20261005',900,,1508656,19,4,,0
7005401,'20261006',900,,1540355,19,4,,0
7005401,'20261007',900,,1540356,19,4,,0
7005401,'20261008',900,,1540357,19,4,,0
7005401,'20261009',900,,1540358,19,4,,0
7005500,'20260929',1625,,1561947,1,,,0
7005500,'20260930',1625,,1561949,1,,,0
7005500,'20261001',1625,,1561951,1,,,0
7005500,'20261002',1625,,1485678,1,,,0
7005500,'20261005',1625,,1508663,1,,,0
7005500,'20261006',1625,,1540363,1,,,0
7005500,'20261007',1625,,1540364,1,,,0
7005500,'20261008',1625,,1540365,1,,,0
7005500,'20261009',1625,,1540366,1,,,0
7005501,'20260929',859,,1561953,30,4,,0
7005501,'20260930',859,,1561955,30,4,,0
7005501,'20261001',859,,1561957,30,4,,0
7005501,'20261002',859,,1485683,30,4,,0
7005501,'20261005',859,,1508670,30,4,,0
7005501,'20261006',859,,1540371,30,4,,0
7005501,'20261007',859,,1540372,30,4,,0
7005501,'20261008',859,,1540373,30,4,,0
7005501,'20261009',859,,1540374,30,4,,0
