3900,'20261006',750,,1600762,51,,,0,100,,1600763,51,,,0,68,,1600764,51,,,0,30,,1600765,51,,,0,100,,1600766,51,,,0,101,,1600767,51,,,0,100,,1600768,51,,,0,100,,1600769,51,,,0,100,,1600770,51,,,0,101,,1600771,51,,,0,71,,1600772,51,,,0,31,,1600773,51,,,0,68,,1600774,51,,,0,30,,1600775,51,,,0,69,,1600776,51,,,0,30,,1600777,51,,,0,99,,1600778,51,,,0,100,,1600779,51,,,0,100,,1600780,51,,,0,100,,1600781,51,,,0,99,,1600782,51,,,0,100,,1600783,51,,,0
3900,'20261007',750,,1600784,51,,,0,100,,1600785,51,,,0,68,,1600786,51,,,0,30,,1600787,51,,,0,100,,1600788,51,,,0,101,,1600789,51,,,0,100,,1600790,51,,,0,100,,1600791,51,,,0,100,,1600792,51,,,0,101,,1600793,51,,,0,71,,1600794,51,,,0,31,,1600795,51,,,0,68,,1600796,51,,,0,30,,1600797,51,,,0,69,,1600798,51,,,0,30,,1600799,51,,,0,99,,1600800,51,,,0,100,,1600801,51,,,0,100,,1600802,51,,,0,100,,1600803,51,,,0,99,,1600804,51,,,0,100,,1600805,51,,,0
3900,'20261008',750,,1600806,51,,,0,100,,1600807,51,,,0,68,,1600808,51,,,0,30,,1600809,51,,,0,100,,1600810,51,,,0,101,,1600811,51,,,0,100,,1600812,51,,,0,100,,1600813,51,,,0,100,,1600814,51,,,0,101,,1600815,51,,,0,71,,1600816,51,,,0,31,,1600817,51,,,0,68,,1600818,51,,,0,30,,1600819,51,,,0,69,,1600820,51,,,0,30,,1600821,51,,,0,99,,1600822,51,,,0,100,,1600823,51,,,0,100,,1600824,51,,,0,100,,1600825,51,,,0,99,,1600826,51,,,0,100,,1600827,51,,,0
3900,'20261009',750,,1600828,51,,,0,100,,1600829,51,,,0,68,,1600830,51,,,0,30,,1600831,51,,,0,100,,1600832,51,,,0,101,,1600833,51,,,0,100,,1600834,51,,,0,100,,1600835,51,,,0,100,,1600836,51,,,0,101,,1600837,51,,,0,71,,1600838,51,,,0,31,,1600839,51,,,0,68,,1600840,51,,,0,30,,1600841,51,,,0,69,,1600842,51,,,0,30,,1600843,51,,,0,99,,1600844,51,,,0,100,,1600845,51,,,0,100,,1600846,51,,,0,100,,1600847,51,,,0,99,,1600848,51,,,0,100,,1600849,51,,,0
3900,'20261010',747,,1545242,51,,,0,100,,1545245,51,,,0,100,,1545231,51,,,0,101,,1545246,51,,,0,100,,1545232,51,,,0,100,,1545233,51,,,0,101,,1545234,51,,,0,100,,1545235,51,,,0,100,,1545236,51,,,0,100,,1545237,51,,,0,99,,1545238,51,,,0,100,,1545239,51,,,0,99,,1545243,51,,,0,100,,1545240,51,,,0,100,,1545244,51,,,0,100,,1545241,51,,,0,99,,1545248,51,,,0,100,,1545247,51,,,0
3900,'20261011',747,,1545261,51,,,0,100,,1545263,51,,,0,100,,1545262,51,,,0,101,,1545264,51,,,0,100,,1545258,51,,,0,100,,1545249,51,,,0,101,,1545250,51,,,0,100,,1545251,51,,,0,100,,1545252,51,,,0,100,,1545253,51,,,0,99,,1545254,51,,,0,100,,1545255,51,,,0,99,,1545259,51,,,0,100,,1545256,51,,,0,100,,1545260,51,,,0,100,,1545257,51,,,0,99,,1545266,51,,,0,100,,1545265,51,,,0
3900,'20261012',747,,1545279,51,,,0,100,,1545281,51,,,0,100,,1545280,51,,,0,101,,1545282,51,,,0,100,,1545276,51,,,0,100,,1545267,51,,,0,101,,1545268,51,,,0,100,,1545269,51,,,0,100,,1545270,51,,,0,100,,1545271,51,,,0,99,,1545272,51,,,0,100,,1545273,51,,,0,99,,1545277,51,,,0,100,,1545274,51,,,0,100,,1545278,51,,,0,100,,1545275,51,,,0,99,,1545284,51,,,0,100,,1545283,51,,,0
3900,'20261013',750,,1569146,51,,,0,100,,1569127,51,,,0,68,,1569148,51,,,0,30,,1569128,51,,,0,100,,1569129,51,,,0,101,,1569130,51,,,0,100,,1569131,51,,,0,100,,1569132,51,,,0,100,,1569133,51,,,0,101,,1569134,51,,,0,71,,1569135,51,,,0,31,,1569136,51,,,0,68,,1569137,51,,,0,30,,1569138,51,,,0,69,,1569139,51,,,0,30,,1569140,51,,,0,99,,1569141,51,,,0,100,,1569142,51,,,0,100,,1569143,51,,,0,100,,1569147,51,,,0,99,,1569144,51,,,0,100,,1569145,51,,,0
3900,'20261014',750,,1569168,51,,,0,100,,1569149,51,,,0,68,,1569170,51,,,0,30,,1569150,51,,,0,100,,1569151,51,,,0,101,,1569152,51,,,0,100,,1569153,51,,,0,100,,1569154,51,,,0,100,,1569155,51,,,0,101,,1569156,51,,,0,71,,1569157,51,,,0,31,,1569158,51,,,0,68,,1569159,51,,,0,30,,1569160,51,,,0,69,,1569161,51,,,0,30,,1569162,51,,,0,99,,1569163,51,,,0,100,,1569164,51,,,0,100,,1569165,51,,,0,100,,1569169,51,,,0,99,,1569166,51,,,0,100,,1569167,51,,,0
3900,'20261015',750,,1569190,51,,,0,100,,1569171,51,,,0,68,,1569192,51,,,0,30,,1569172,51,,,0,100,,1569173,51,,,0,101,,1569174,51,,,0,100,,1569175,51,,,0,100,,1569176,51,,,0,100,,1569177,51,,,0,101,,1569178,51,,,0,71,,1569179,51,,,0,31,,1569180,51,,,0,68,,1569181,51,,,0,30,,1569182,51,,,0,69,,1569183,51,,,0,30,,1569184,51,,,0,99,,1569185,51,,,0,100,,1569186,51,,,0,100,,1569187,51,,,0,100,,1569191,51,,,0,99,,1569188,51,,,0,100,,1569189,51,,,0
3900,'20261016',750,,1569212,51,,,0,100,,1569193,51,,,0,68,,1569214,51,,,0,30,,1569194,51,,,0,100,,1569195,51,,,0,101,,1569196,51,,,0,100,,1569197,51,,,0,100,,1569198,51,,,0,100,,1569199,51,,,0,101,,1569200,51,,,0,71,,1569201,51,,,0,31,,1569202,51,,,0,68,,1569203,51,,,0,30,,1569204,51,,,0,69,,1569205,51,,,0,30,,1569206,51,,,0,99,,1569207,51,,,0,100,,1569208,51,,,0,100,,1569209,51,,,0,100,,1569213,51,,,0,99,,1569210,51,,,0,100,,1569211,51,,,0
3900,'20261017',747,,1600861,51,,,0,100,,1600864,51,,,0,100,,1600850,51,,,0,101,,1600865,51,,,0,100,,1600851,51,,,0,100,,1600852,51,,,0,101,,1600853,51,,,0,100,,1600854,51,,,0,100,,1600855,51,,,0,100,,1600856,51,,,0,99,,1600857,51,,,0,100,,1600858,51,,,0,99,,1600862,51,,,0,100,,1600859,51,,,0,100,,1600863,51,,,0,100,,1600860,51,,,0,99,,1600867,51,,,0,100,,1600866,51,,,0
3900,'20261018',747,,1600880,51,,,0,100,,1600882,51,,,0,100,,1600881,51,,,0,101,,1600883,51,,,0,100,,1600877,51,,,0,100,,1600868,51,,,0,101,,1600869,51,,,0,100,,1600870,51,,,0,100,,1600871,51,,,0,100,,1600872,51,,,0,99,,1600873,51,,,0,100,,1600874,51,,,0,99,,1600878,51,,,0,100,,1600875,51,,,0,100,,1600879,51,,,0,100,,1600876,51,,,0,99,,1600885,51,,,0,100,,1600884,51,,,0
3900,'20261019',750,,1600905,51,,,0,100,,1600886,51,,,0,68,,1600907,51,,,0,30,,1600887,51,,,0,100,,1600888,51,,,0,101,,1600889,51,,,0,100,,1600890,51,,,0,100,,1600891,51,,,0,100,,1600892,51,,,0,101,,1600893,51,,,0,71,,1600894,51,,,0,31,,1600895,51,,,0,68,,1600896,51,,,0,30,,1600897,51,,,0,69,,1600898,51,,,0,30,,1600899,51,,,0,99,,1600900,51,,,0,100,,1600901,51,,,0,100,,1600902,51,,,0,100,,1600906,51,,,0,99,,1600903,51,,,0,100,,1600904,51,,,0
3900,'20261020',750,,1600927,51,,,0,100,,1600908,51,,,0,68,,1600929,51,,,0,30,,1600909,51,,,0,100,,1600910,51,,,0,101,,1600911,51,,,0,100,,1600912,51,,,0,100,,1600913,51,,,0,100,,1600914,51,,,0,101,,1600915,51,,,0,71,,1600916,51,,,0,31,,1600917,51,,,0,68,,1600918,51,,,0,30,,1600919,51,,,0,69,,1600920,51,,,0,30,,1600921,51,,,0,99,,1600922,51,,,0,100,,1600923,51,,,0,100,,1600924,51,,,0,100,,1600928,51,,,0,99,,1600925,51,,,0,100,,1600926,51,,,0
13600,'20261006',1623,,1611286,34,,,0,7,,1611287,34,,,0,12,,1611288,34,,,0,10,,1611289,34,,,0,53,,1611290,34,,,0,11,,1611291,34,,,0,9,,1611292,34,,,0,10,,1611293,34,,,0,9,,1611294,34,,,0,11,,1611295,34,,,0,52,,1611296,34,,,0,11,,1611297,34,,,0
13600,'20261007',1623,,1611298,34,,,0,7,,1611299,34,,,0,12,,1611300,34,,,0,10,,1611301,34,,,0,53,,1611302,34,,,0,11,,1611303,34,,,0,9,,1611304,34,,,0,10,,1611305,34,,,0,9,,1611306,34,,,0,11,,1611307,34,,,0,52,,1611308,34,,,0,11,,1611309,34,,,0
13600,'20261008',1623,,1611310,34,,,0,7,,1611311,34,,,0,12,,1611312,34,,,0,10,,1611313,34,,,0,53,,1611314,34,,,0,11,,1611315,34,,,0,9,,1611316,34,,,0,10,,1611317,34,,,0,9,,1611318,34,,,0,11,,1611319,34,,,0,52,,1611320,34,,,0,11,,1611321,34,,,0
13600,'20261009',1623,,1611322,34,,,0,7,,1611323,34,,,0,12,,1611324,34,,,0,10,,1611325,34,,,0,53,,1611326,34,,,0,11,,1611327,34,,,0,9,,1611328,34,,,0,10,,1611329,34,,,0,9,,1611330,34,,,0,11,,1611331,34,,,0,52,,1611332,34,,,0,11,,1611333,34,,,0
13600,'20261013',1623,,1579567,34,,,0,7,,1579573,34,,,0,12,,1579574,34,,,0,10,,1579568,34,,,0,53,,1579575,34,,,0,11,,1579569,34,,,0,9,,1579570,34,,,0,10,,1579576,34,,,0,9,,1579577,34,,,0,11,,1579571,34,,,0,52,,1579578,34,,,0,11,,1579572,34,,,0
13600,'20261014',1623,,1579579,34,,,0,7,,1579585,34,,,0,12,,1579586,34,,,0,10,,1579580,34,,,0,53,,1579587,34,,,0,11,,1579581,34,,,0,9,,1579582,34,,,0,10,,1579588,34,,,0,9,,1579589,34,,,0,11,,1579583,34,,,0,52,,1579590,34,,,0,11,,1579584,34,,,0
13600,'20261015',1623,,1579591,34,,,0,7,,1579597,34,,,0,12,,1579598,34,,,0,10,,1579592,34,,,0,53,,1579599,34,,,0,11,,1579593,34,,,0,9,,1579594,34,,,0,10,,1579600,34,,,0,9,,1579601,34,,,0,11,,1579595,34,,,0,52,,1579602,34,,,0,11,,1579596,34,,,0
13600,'20261016',1623,,1579603,34,,,0,7,,1579609,34,,,0,12,,1579610,34,,,0,10,,1579604,34,,,0,53,,1579611,34,,,0,11,,1579605,34,,,0,9,,1579606,34,,,0,10,,1579612,34,,,0,9,,1579613,34,,,0,11,,1579607,34,,,0,52,,1579614,34,,,0,11,,1579608,34,,,0
13600,'20261019',1623,,1611334,34,,,0,7,,1611340,34,,,0,12,,1611341,34,,,0,10,,1611335,34,,,0,53,,1611342,34,,,0,11,,1611336,34,,,0,9,,1611337,34,,,0,10,,1611343,34,,,0,9,,1611344,34,,,0,11,,1611338,34,,,0,52,,1611345,34,,,0,11,,1611339,34,,,0
13600,'20261020',1623,,1611346,34,,,0,7,,1611352,34,,,0,12,,1611353,34,,,0,10,,1611347,34,,,0,53,,1611354,34,,,0,11,,1611348,34,,,0,9,,1611349,34,,,0,10,,1611355,34,,,0,9,,1611356,34,,,0,11,,1611350,34,,,0,52,,1611357,34,,,0,11,,1611351,34,,,0
