8001,'20260929',645,,1549981,76,,,0,71,,1549982,76,,,0,32,,1549983,76,,,0,70,,1549984,76,,,0,28,,1549985,76,,,0,69,,1549986,76,,,0,29,,1549987,76,,,0,70,,1549988,76,,,0,30,,1549989,76,,,0,70,,1549990,76,,,0,30,,1549991,76,,,0,71,,1549992,76,,,0,30,,1549993,76,,,0,71,,1549994,76,,,0,29,,1549995,76,,,0,70,,1549996,76,,,0,31,,1549997,76,,,0,72,,1549998,76,,,0,31,,1549999,76,,,0,68,,1549980,39,,,0,2,,1550000,76,,,0,32,,1550001,76,,,0,70,,1550002,76,,,0,26,,1550003,76,,,0,68,,1550004,76,,,0,29,,1550005,76,,,0,70,,1550006,76,,,0,30,,1550007,76,,,0,69,,1550014,39,,,0,29,,1550008,76,,,0,70,,1550015,39,,,0,30,,1550009,76,,,0,70,,1550016,39,,,0,30,,1550010,76,,,0,70,,1550017,39,,,0,30,,1550011,76,,,0,70,,1550012,76,,,0
8001,'20260930',645,,1550019,76,,,0,71,,1550020,76,,,0,32,,1550021,76,,,0,70,,1550022,76,,,0,28,,1550023,76,,,0,69,,1550024,76,,,0,29,,1550025,76,,,0,70,,1550026,76,,,0,30,,1550027,76,,,0,70,,1550028,76,,,0,30,,1550029,76,,,0,71,,1550030,76,,,0,30,,1550031,76,,,0,71,,1550032,76,,,0,29,,1550033,76,,,0,70,,1550034,76,,,0,31,,1550035,76,,,0,72,,1550036,76,,,0,31,,1550037,76,,,0,68,,1550018,39,,,0,2,,1550038,76,,,0,32,,1550039,76,,,0,70,,1550040,76,,,0,26,,1550041,76,,,0,68,,1550042,76,,,0,29,,1550043,76,,,0,70,,1550044,76,,,0,30,,1550045,76,,,0,69,,1550052,39,,,0,29,,1550046,76,,,0,70,,1550053,39,,,0,30,,1550047,76,,,0,70,,1550054,39,,,0,30,,1550048,76,,,0,70,,1550055,39,,,0,30,,1550049,76,,,0,70,,1550050,76,,,0
8001,'20261001',645,,1550057,76,,,0,71,,1550058,76,,,0,32,,1550059,76,,,0,70,,1550060,76,,,0,28,,1550061,76,,,0,69,,1550062,76,,,0,29,,1550063,76,,,0,70,,1550064,76,,,0,30,,1550065,76,,,0,70,,1550066,76,,,0,30,,1550067,76,,,0,71,,1550068,76,,,0,30,,1550069,76,,,0,71,,1550070,76,,,0,29,,1550071,76,,,0,70,,1550072,76,,,0,31,,1550073,76,,,0,72,,1550074,76,,,0,31,,1550075,76,,,0,68,,1550056,39,,,0,2,,1550076,76,,,0,32,,1550077,76,,,0,70,,1550078,76,,,0,26,,1550079,76,,,0,68,,1550080,76,,,0,29,,1550081,76,,,0,70,,1550082,76,,,0,30,,1550083,76,,,0,69,,1550090,39,,,0,29,,1550084,76,,,0,70,,1550091,39,,,0,30,,1550085,76,,,0,70,,1550092,39,,,0,30,,1550086,76,,,0,70,,1550093,39,,,0,30,,1550087,76,,,0,70,,1550088,76,,,0
8001,'20261002',645,,1472960,76,,,0,71,,1472961,76,,,0,32,,1472962,76,,,0,70,,1472963,76,,,0,28,,1472964,76,,,0,69,,1472965,76,,,0,29,,1472966,76,,,0,70,,1472967,76,,,0,30,,1472968,76,,,0,70,,1472969,76,,,0,30,,1472970,76,,,0,71,,1472971,76,,,0,30,,1472972,76,,,0,71,,1472973,76,,,0,29,,1472974,76,,,0,70,,1472975,76,,,0,31,,1472976,76,,,0,72,,1472977,76,,,0,31,,1472978,76,,,0,70,,1472979,76,,,0,32,,1472980,76,,,0,70,,1472981,76,,,0,26,,1472982,76,,,0,68,,1472983,76,,,0,29,,1472984,76,,,0,70,,1472985,76,,,0,30,,1472991,76,,,0,69,,1472986,39,,,0,29,,1472992,76,,,0,70,,1472987,39,,,0,30,,1472993,76,,,0,70,,1472988,39,,,0,30,,1472994,76,,,0,70,,1472989,39,,,0,30,,1472995,76,,,0,70,,1472990,76,,,0
8001,'20261003',642,,1495955,76,,,0,70,,1495924,76,,,0,30,,1495942,76,,,0,70,,1495925,76,,,0,30,,1495943,76,,,0,70,,1495926,76,,,0,30,,1495944,76,,,0,71,,1495927,76,,,0,30,,1495945,76,,,0,70,,1495928,76,,,0,30,,1495946,76,,,0,70,,1495929,76,,,0,30,,1495947,76,,,0,71,,1495930,76,,,0,30,,1495948,76,,,0,70,,1495931,76,,,0,30,,1495949,76,,,0,70,,1495932,76,,,0,30,,1495950,76,,,0,70,,1495933,76,,,0,30,,1495951,76,,,0,70,,1495934,76,,,0,29,,1495952,76,,,0,70,,1495935,76,,,0,29,,1495953,76,,,0,70,,1495936,76,,,0,30,,1495954,76,,,0,70,,1495937,76,,,0,30,,1495959,39,,,0,70,,1495938,76,,,0,30,,1495958,39,,,0,70,,1495939,76,,,0,29,,1495957,39,,,0,70,,1495940,76,,,0,30,,1495956,39,,,0,70,,1495941,76,,,0
8001,'20261004',642,,1495991,76,,,0,70,,1495960,76,,,0,30,,1495978,76,,,0,70,,1495961,76,,,0,30,,1495979,76,,,0,70,,1495962,76,,,0,30,,1495980,76,,,0,71,,1495963,76,,,0,30,,1495981,76,,,0,70,,1495964,76,,,0,30,,1495982,76,,,0,70,,1495965,76,,,0,30,,1495983,76,,,0,71,,1495966,76,,,0,30,,1495984,76,,,0,70,,1495967,76,,,0,30,,1495985,76,,,0,70,,1495968,76,,,0,30,,1495986,76,,,0,70,,1495969,76,,,0,30,,1495987,76,,,0,70,,1495970,76,,,0,29,,1495988,76,,,0,70,,1495971,76,,,0,29,,1495989,76,,,0,70,,1495972,76,,,0,30,,1495990,76,,,0,70,,1495973,76,,,0,30,,1495992,39,,,0,70,,1495974,76,,,0,30,,1495993,39,,,0,70,,1495975,76,,,0,29,,1495994,39,,,0,70,,1495976,76,,,0,30,,1495995,39,,,0,70,,1495977,76,,,0
8001,'20261005',645,,1495996,76,,,0,71,,1495997,76,,,0,32,,1495998,76,,,0,70,,1495999,76,,,0,28,,1496000,76,,,0,69,,1496001,76,,,0,29,,1496002,76,,,0,70,,1496003,76,,,0,30,,1496004,76,,,0,70,,1496005,76,,,0,30,,1496006,76,,,0,71,,1496007,76,,,0,30,,1496008,76,,,0,71,,1496009,76,,,0,29,,1496010,76,,,0,70,,1496011,76,,,0,31,,1496012,76,,,0,72,,1496013,76,,,0,31,,1496014,76,,,0,70,,1496015,76,,,0,32,,1496016,76,,,0,70,,1496017,76,,,0,26,,1496018,76,,,0,68,,1496019,76,,,0,29,,1496020,76,,,0,70,,1496021,76,,,0,30,,1496027,76,,,0,69,,1496022,39,,,0,29,,1496028,76,,,0,70,,1496023,39,,,0,30,,1496029,76,,,0,70,,1496024,39,,,0,30,,1496030,76,,,0,70,,1496025,39,,,0,30,,1496031,76,,,0,70,,1496026,76,,,0
8001,'20261006',645,,1522748,76,,,0,71,,1522749,76,,,0,32,,1522750,76,,,0,70,,1522751,76,,,0,28,,1522752,76,,,0,69,,1522753,76,,,0,29,,1522754,76,,,0,70,,1522755,76,,,0,30,,1522756,76,,,0,70,,1522757,76,,,0,30,,1522758,76,,,0,71,,1522759,76,,,0,30,,1522760,76,,,0,71,,1522761,76,,,0,29,,1522762,76,,,0,70,,1522763,76,,,0,31,,1522764,76,,,0,72,,1522765,76,,,0,31,,1522766,76,,,0,70,,1522767,76,,,0,32,,1522768,76,,,0,70,,1522769,76,,,0,26,,1522770,76,,,0,68,,1522771,76,,,0,29,,1522772,76,,,0,70,,1522773,76,,,0,30,,1522779,76,,,0,69,,1522774,39,,,0,29,,1522780,76,,,0,70,,1522775,39,,,0,30,,1522781,76,,,0,70,,1522776,39,,,0,30,,1522782,76,,,0,70,,1522777,39,,,0,30,,1522783,76,,,0,70,,1522778,76,,,0
8001,'20261007',645,,1522785,76,,,0,71,,1522786,76,,,0,32,,1522787,76,,,0,70,,1522788,76,,,0,28,,1522789,76,,,0,69,,1522790,76,,,0,29,,1522791,76,,,0,70,,1522792,76,,,0,30,,1522793,76,,,0,70,,1522794,76,,,0,30,,1522795,76,,,0,71,,1522796,76,,,0,30,,1522797,76,,,0,71,,1522798,76,,,0,29,,1522799,76,,,0,70,,1522800,76,,,0,31,,1522801,76,,,0,72,,1522802,76,,,0,31,,1522803,76,,,0,70,,1522804,76,,,0,32,,1522805,76,,,0,70,,1522806,76,,,0,26,,1522807,76,,,0,68,,1522808,76,,,0,29,,1522809,76,,,0,70,,1522810,76,,,0,30,,1522816,76,,,0,69,,1522811,39,,,0,29,,1522817,76,,,0,70,,1522812,39,,,0,30,,1522818,76,,,0,70,,1522813,39,,,0,30,,1522819,76,,,0,70,,1522814,39,,,0,30,,1522820,76,,,0,70,,1522815,76,,,0
8001,'20261008',645,,1522822,76,,,0,71,,1522823,76,,,0,32,,1522824,76,,,0,70,,1522825,76,,,0,28,,1522826,76,,,0,69,,1522827,76,,,0,29,,1522828,76,,,0,70,,1522829,76,,,0,30,,1522830,76,,,0,70,,1522831,76,,,0,30,,1522832,76,,,0,71,,1522833,76,,,0,30,,1522834,76,,,0,71,,1522835,76,,,0,29,,1522836,76,,,0,70,,1522837,76,,,0,31,,1522838,76,,,0,72,,1522839,76,,,0,31,,1522840,76,,,0,70,,1522841,76,,,0,32,,1522842,76,,,0,70,,1522843,76,,,0,26,,1522844,76,,,0,68,,1522845,76,,,0,29,,1522846,76,,,0,70,,1522847,76,,,0,30,,1522853,76,,,0,69,,1522848,39,,,0,29,,1522854,76,,,0,70,,1522849,39,,,0,30,,1522855,76,,,0,70,,1522850,39,,,0,30,,1522856,76,,,0,70,,1522851,39,,,0,30,,1522857,76,,,0,70,,1522852,76,,,0
8001,'20261009',645,,1522859,76,,,0,71,,1522860,76,,,0,32,,1522861,76,,,0,70,,1522862,76,,,0,28,,1522863,76,,,0,69,,1522864,76,,,0,29,,1522865,76,,,0,70,,1522866,76,,,0,30,,1522867,76,,,0,70,,1522868,76,,,0,30,,1522869,76,,,0,71,,1522870,76,,,0,30,,1522871,76,,,0,71,,1522872,76,,,0,29,,1522873,76,,,0,70,,1522874,76,,,0,31,,1522875,76,,,0,72,,1522876,76,,,0,31,,1522877,76,,,0,70,,1522878,76,,,0,32,,1522879,76,,,0,70,,1522880,76,,,0,26,,1522881,76,,,0,68,,1522882,76,,,0,29,,1522883,76,,,0,70,,1522884,76,,,0,30,,1522890,76,,,0,69,,1522885,39,,,0,29,,1522891,76,,,0,70,,1522886,39,,,0,30,,1522892,76,,,0,70,,1522887,39,,,0,30,,1522893,76,,,0,70,,1522888,39,,,0,30,,1522894,76,,,0,70,,1522889,76,,,0
8001,'20261010',642,,1550125,76,,,0,70,,1550094,76,,,0,30,,1550112,76,,,0,70,,1550095,76,,,0,30,,1550113,76,,,0,70,,1550096,76,,,0,30,,1550114,76,,,0,71,,1550097,76,,,0,30,,1550115,76,,,0,70,,1550098,76,,,0,30,,1550116,76,,,0,70,,1550099,76,,,0,30,,1550117,76,,,0,71,,1550100,76,,,0,30,,1550118,76,,,0,70,,1550101,76,,,0,30,,1550119,76,,,0,70,,1550102,76,,,0,30,,1550120,76,,,0,70,,1550103,76,,,0,30,,1550121,76,,,0,70,,1550104,76,,,0,29,,1550122,76,,,0,70,,1550105,76,,,0,29,,1550123,76,,,0,70,,1550106,76,,,0,30,,1550124,76,,,0,70,,1550107,76,,,0,30,,1550129,39,,,0,70,,1550108,76,,,0,30,,1550128,39,,,0,70,,1550109,76,,,0,29,,1550127,39,,,0,70,,1550110,76,,,0,30,,1550126,39,,,0,70,,1550111,76,,,0
8001,'20261011',642,,1550161,76,,,0,70,,1550130,76,,,0,30,,1550148,76,,,0,70,,1550131,76,,,0,30,,1550149,76,,,0,70,,1550132,76,,,0,30,,1550150,76,,,0,71,,1550133,76,,,0,30,,1550151,76,,,0,70,,1550134,76,,,0,30,,1550152,76,,,0,70,,1550135,76,,,0,30,,1550153,76,,,0,71,,1550136,76,,,0,30,,1550154,76,,,0,70,,1550137,76,,,0,30,,1550155,76,,,0,70,,1550138,76,,,0,30,,1550156,76,,,0,70,,1550139,76,,,0,30,,1550157,76,,,0,70,,1550140,76,,,0,29,,1550158,76,,,0,70,,1550141,76,,,0,29,,1550159,76,,,0,70,,1550142,76,,,0,30,,1550160,76,,,0,70,,1550143,76,,,0,30,,1550162,39,,,0,70,,1550144,76,,,0,30,,1550163,39,,,0,70,,1550145,76,,,0,29,,1550164,39,,,0,70,,1550146,76,,,0,30,,1550165,39,,,0,70,,1550147,76,,,0
8001,'20261012',642,,1550197,76,,,0,70,,1550166,76,,,0,30,,1550184,76,,,0,70,,1550167,76,,,0,30,,1550185,76,,,0,70,,1550168,76,,,0,30,,1550186,76,,,0,71,,1550169,76,,,0,30,,1550187,76,,,0,70,,1550170,76,,,0,30,,1550188,76,,,0,70,,1550171,76,,,0,30,,1550189,76,,,0,71,,1550172,76,,,0,30,,1550190,76,,,0,70,,1550173,76,,,0,30,,1550191,76,,,0,70,,1550174,76,,,0,30,,1550192,76,,,0,70,,1550175,76,,,0,30,,1550193,76,,,0,70,,1550176,76,,,0,29,,1550194,76,,,0,70,,1550177,76,,,0,29,,1550195,76,,,0,70,,1550178,76,,,0,30,,1550196,76,,,0,70,,1550179,76,,,0,30,,1550198,39,,,0,70,,1550180,76,,,0,30,,1550199,39,,,0,70,,1550181,76,,,0,29,,1550200,39,,,0,70,,1550182,76,,,0,30,,1550201,39,,,0,70,,1550183,76,,,0
