301,'20261009',606,,1594763,15,,,0,30,,1594764,15,,,0,71,,1594765,15,,,0,29,,1594766,15,,,0,71,,1594767,15,,,0,29,,1594768,15,,,0,70,,1594769,15,,,0,100,,1594770,15,,,0,100,,1594771,15,,,0,100,,1594772,15,,,0,100,,1594773,15,,,0,100,,1594774,15,,,0,101,,1594775,15,,,0,100,,1594776,15,,,0,100,,1594777,15,,,0,99,,1594778,15,,,0,100,,1594779,15,,,0,100,,1594780,15,,,0,100,,1594781,15,,,0,100,,1594782,15,,,0,100,,1594783,15,,,0
301,'20261010',706,,1626219,15,,,0,100,,1626220,15,,,0,100,,1626221,15,,,0,100,,1626222,15,,,0,100,,1626223,15,,,0,100,,1626224,15,,,0,100,,1626225,15,,,0,100,,1626226,15,,,0,100,,1626227,15,,,0,100,,1626228,15,,,0,100,,1626229,15,,,0,100,,1626230,15,,,0,100,,1626231,15,,,0,100,,1626232,15,,,0,100,,1626233,15,,,0,100,,1626234,15,,,0,100,,1626235,15,,,0,100,,1626236,15,,,0
301,'20261011',706,,1626258,15,,,0,100,,1626259,15,,,0,100,,1626260,15,,,0,100,,1626261,15,,,0,100,,1626262,15,,,0,100,,1626263,15,,,0,100,,1626264,15,,,0,100,,1626265,15,,,0,100,,1626266,15,,,0,100,,1626267,15,,,0,100,,1626268,15,,,0,100,,1626269,15,,,0,100,,1626270,15,,,0,100,,1626271,15,,,0,100,,1626272,15,,,0,100,,1626273,15,,,0,100,,1626274,15,,,0,100,,1626275,15,,,0
301,'20261012',706,,1626297,15,,,0,100,,1626298,15,,,0,100,,1626299,15,,,0,100,,1626300,15,,,0,100,,1626301,15,,,0,100,,1626302,15,,,0,100,,1626303,15,,,0,100,,1626304,15,,,0,100,,1626305,15,,,0,100,,1626306,15,,,0,100,,1626307,15,,,0,100,,1626308,15,,,0,100,,1626309,15,,,0,100,,1626310,15,,,0,100,,1626311,15,,,0,100,,1626312,15,,,0,100,,1626313,15,,,0,100,,1626314,15,,,0
301,'20261013',606,,1563078,15,,,0,30,,1563079,15,,,0,71,,1563080,15,,,0,29,,1563081,15,,,0,71,,1563082,15,,,0,29,,1563083,15,,,0,70,,1563084,15,,,0,100,,1563085,15,,,0,100,,1563086,15,,,0,100,,1563087,15,,,0,100,,1563088,15,,,0,100,,1563089,15,,,0,101,,1563090,15,,,0,100,,1563091,15,,,0,100,,1563092,15,,,0,99,,1563093,15,,,0,100,,1563094,15,,,0,100,,1563095,15,,,0,100,,1563096,15,,,0,100,,1563097,15,,,0,100,,1563098,15,,,0
301,'20261014',606,,1563122,15,,,0,30,,1563123,15,,,0,71,,1563124,15,,,0,29,,1563125,15,,,0,71,,1563126,15,,,0,29,,1563127,15,,,0,70,,1563128,15,,,0,100,,1563129,15,,,0,100,,1563130,15,,,0,100,,1563131,15,,,0,100,,1563132,15,,,0,100,,1563133,15,,,0,101,,1563134,15,,,0,100,,1563135,15,,,0,100,,1563136,15,,,0,99,,1563137,15,,,0,100,,1563138,15,,,0,100,,1563139,15,,,0,100,,1563140,15,,,0,100,,1563141,15,,,0,100,,1563142,15,,,0
301,'20261015',606,,1563166,15,,,0,30,,1563167,15,,,0,71,,1563168,15,,,0,29,,1563169,15,,,0,71,,1563170,15,,,0,29,,1563171,15,,,0,70,,1563172,15,,,0,100,,1563173,15,,,0,100,,1563174,15,,,0,100,,1563175,15,,,0,100,,1563176,15,,,0,100,,1563177,15,,,0,101,,1563178,15,,,0,100,,1563179,15,,,0,100,,1563180,15,,,0,99,,1563181,15,,,0,100,,1563182,15,,,0,100,,1563183,15,,,0,100,,1563184,15,,,0,100,,1563185,15,,,0,100,,1563186,15,,,0
301,'20261016',606,,1563210,15,,,0,30,,1563211,15,,,0,71,,1563212,15,,,0,29,,1563213,15,,,0,71,,1563214,15,,,0,29,,1563215,15,,,0,70,,1563216,15,,,0,100,,1563217,15,,,0,100,,1563218,15,,,0,100,,1563219,15,,,0,100,,1563220,15,,,0,100,,1563221,15,,,0,101,,1563222,15,,,0,100,,1563223,15,,,0,100,,1563224,15,,,0,99,,1563225,15,,,0,100,,1563226,15,,,0,100,,1563227,15,,,0,100,,1563228,15,,,0,100,,1563229,15,,,0,100,,1563230,15,,,0
301,'20261017',706,,1594784,15,,,0,100,,1594785,15,,,0,100,,1594786,15,,,0,100,,1594787,15,,,0,100,,1594788,15,,,0,100,,1594789,15,,,0,100,,1594790,15,,,0,100,,1594791,15,,,0,100,,1594792,15,,,0,100,,1594793,15,,,0,100,,1594794,15,,,0,100,,1594795,15,,,0,100,,1594796,15,,,0,100,,1594797,15,,,0,100,,1594798,15,,,0,100,,1594799,15,,,0,100,,1594800,15,,,0,100,,1594801,15,,,0
301,'20261018',706,,1594823,15,,,0,100,,1594824,15,,,0,100,,1594825,15,,,0,100,,1594826,15,,,0,100,,1594827,15,,,0,100,,1594828,15,,,0,100,,1594829,15,,,0,100,,1594830,15,,,0,100,,1594831,15,,,0,100,,1594832,15,,,0,100,,1594833,15,,,0,100,,1594834,15,,,0,100,,1594835,15,,,0,100,,1594836,15,,,0,100,,1594837,15,,,0,100,,1594838,15,,,0,100,,1594839,15,,,0,100,,1594840,15,,,0
301,'20261019',606,,1594862,15,,,0,30,,1594863,15,,,0,71,,1594864,15,,,0,29,,1594865,15,,,0,71,,1594866,15,,,0,29,,1594867,15,,,0,70,,1594868,15,,,0,100,,1594869,15,,,0,100,,1594870,15,,,0,100,,1594871,15,,,0,100,,1594872,15,,,0,100,,1594873,15,,,0,101,,1594874,15,,,0,100,,1594875,15,,,0,100,,1594876,15,,,0,99,,1594877,15,,,0,100,,1594878,15,,,0,100,,1594879,15,,,0,100,,1594880,15,,,0,100,,1594881,15,,,0,100,,1594882,15,,,0
301,'20261020',606,,1594906,15,,,0,30,,1594907,15,,,0,71,,1594908,15,,,0,29,,1594909,15,,,0,71,,1594910,15,,,0,29,,1594911,15,,,0,70,,1594912,15,,,0,100,,1594913,15,,,0,100,,1594914,15,,,0,100,,1594915,15,,,0,100,,1594916,15,,,0,100,,1594917,15,,,0,101,,1594918,15,,,0,100,,1594919,15,,,0,100,,1594920,15,,,0,99,,1594921,15,,,0,100,,1594922,15,,,0,100,,1594923,15,,,0,100,,1594924,15,,,0,100,,1594925,15,,,0,100,,1594926,15,,,0
301,'20261021',606,,1626315,15,,,0,30,,1626316,15,,,0,71,,1626317,15,,,0,29,,1626318,15,,,0,71,,1626319,15,,,0,29,,1626320,15,,,0,70,,1626321,15,,,0,100,,1626322,15,,,0,100,,1626323,15,,,0,100,,1626324,15,,,0,100,,1626325,15,,,0,100,,1626326,15,,,0,101,,1626327,15,,,0,100,,1626328,15,,,0,100,,1626329,15,,,0,99,,1626330,15,,,0,100,,1626331,15,,,0,100,,1626332,15,,,0,100,,1626333,15,,,0,100,,1626334,15,,,0,100,,1626335,15,,,0
301,'20261022',606,,1626359,15,,,0,30,,1626360,15,,,0,71,,1626361,15,,,0,29,,1626362,15,,,0,71,,1626363,15,,,0,29,,1626364,15,,,0,70,,1626365,15,,,0,100,,1626366,15,,,0,100,,1626367,15,,,0,100,,1626368,15,,,0,100,,1626369,15,,,0,100,,1626370,15,,,0,101,,1626371,15,,,0,100,,1626372,15,,,0,100,,1626373,15,,,0,99,,1626374,15,,,0,100,,1626375,15,,,0,100,,1626376,15,,,0,100,,1626377,15,,,0,100,,1626378,15,,,0,100,,1626379,15,,,0
301,'20261023',606,,1626403,15,,,0,30,,1626404,15,,,0,71,,1626405,15,,,0,29,,1626406,15,,,0,71,,1626407,15,,,0,29,,1626408,15,,,0,70,,1626409,15,,,0,100,,1626410,15,,,0,100,,1626411,15,,,0,100,,1626412,15,,,0,100,,1626413,15,,,0,100,,1626414,15,,,0,101,,1626415,15,,,0,100,,1626416,15,,,0,100,,1626417,15,,,0,99,,1626418,15,,,0,100,,1626419,15,,,0,100,,1626420,15,,,0,100,,1626421,15,,,0,100,,1626422,15,,,0,100,,1626423,15,,,0
1008201,'20261009',1621,,1625373,30,,,0
1008201,'20261013',1621,,1593570,30,,,0
1008201,'20261014',1621,,1593571,30,,,0
1008201,'20261015',1621,,1593572,30,,,0
1008201,'20261016',1621,,1593573,30,,,0
1008201,'20261019',1621,,1625374,30,,,0
1008201,'20261020',1621,,1625375,30,,,0
1008201,'20261021',1621,,1646922,30,,,0
1008201,'20261022',1621,,1646923,30,,,0
1008201,'20261023',1621,,1646924,30,,,0
