8100,'20260929',645,,1550202,43,,,0,70,,1550203,43,,,0,32,,1550204,43,,,0,71,,1550205,43,,,0,29,,1550206,43,,,0,68,,1550207,43,,,0,100,,1550208,43,,,0,100,,1550209,43,,,0,102,,1550210,43,,,0,100,,1550211,43,,,0,100,,1550212,43,,,0,101,,1550213,43,,,0,32,,1550214,43,,,0,72,,1550215,43,,,0,33,,1550216,43,,,0,66,,1550217,43,,,0,27,,1550218,43,,,0,68,,1550219,43,,,0,100,,1550220,43,,,0,99,,1550221,43,,,0,100,,1550222,43,,,0,99,,1550223,43,,,0,100,,1550224,43,,,0
8100,'20260930',645,,1550225,43,,,0,70,,1550226,43,,,0,32,,1550227,43,,,0,71,,1550228,43,,,0,29,,1550229,43,,,0,68,,1550230,43,,,0,100,,1550231,43,,,0,100,,1550232,43,,,0,102,,1550233,43,,,0,100,,1550234,43,,,0,100,,1550235,43,,,0,101,,1550236,43,,,0,32,,1550237,43,,,0,72,,1550238,43,,,0,33,,1550239,43,,,0,66,,1550240,43,,,0,27,,1550241,43,,,0,68,,1550242,43,,,0,100,,1550243,43,,,0,99,,1550244,43,,,0,100,,1550245,43,,,0,99,,1550246,43,,,0,100,,1550247,43,,,0
8100,'20261001',645,,1550248,43,,,0,70,,1550249,43,,,0,32,,1550250,43,,,0,71,,1550251,43,,,0,29,,1550252,43,,,0,68,,1550253,43,,,0,100,,1550254,43,,,0,100,,1550255,43,,,0,102,,1550256,43,,,0,100,,1550257,43,,,0,100,,1550258,43,,,0,101,,1550259,43,,,0,32,,1550260,43,,,0,72,,1550261,43,,,0,33,,1550262,43,,,0,66,,1550263,43,,,0,27,,1550264,43,,,0,68,,1550265,43,,,0,100,,1550266,43,,,0,99,,1550267,43,,,0,100,,1550268,43,,,0,99,,1550269,43,,,0,100,,1550270,43,,,0
8100,'20261002',645,,1473098,43,,,0,70,,1473099,43,,,0,32,,1473100,43,,,0,71,,1473101,43,,,0,29,,1473102,43,,,0,68,,1473103,43,,,0,100,,1473104,43,,,0,100,,1473105,43,,,0,102,,1473106,43,,,0,100,,1473107,43,,,0,100,,1473108,43,,,0,101,,1473109,43,,,0,32,,1473110,43,,,0,72,,1473111,43,,,0,33,,1473112,43,,,0,66,,1473113,43,,,0,27,,1473114,43,,,0,68,,1473115,43,,,0,100,,1473116,43,,,0,99,,1473117,43,,,0,100,,1473118,43,,,0,99,,1473119,43,,,0,100,,1473120,43,,,0
8100,'20261003',814,,1496102,43,,,0,100,,1496103,43,,,0,100,,1496104,43,,,0,101,,1496105,43,,,0,100,,1496106,43,,,0,101,,1496107,43,,,0,100,,1496108,43,,,0,100,,1496109,43,,,0,100,,1496110,43,,,0,100,,1496111,43,,,0,100,,1496112,43,,,0,99,,1496113,43,,,0,99,,1496114,43,,,0,100,,1496115,43,,,0,100,,1496116,43,,,0,100,,1496117,43,,,0
8100,'20261004',814,,1496118,43,,,0,100,,1496119,43,,,0,100,,1496120,43,,,0,101,,1496121,43,,,0,100,,1496122,43,,,0,101,,1496123,43,,,0,100,,1496124,43,,,0,100,,1496125,43,,,0,100,,1496126,43,,,0,100,,1496127,43,,,0,100,,1496128,43,,,0,99,,1496129,43,,,0,99,,1496130,43,,,0,100,,1496131,43,,,0,100,,1496132,43,,,0,100,,1496133,43,,,0
8100,'20261005',645,,1496134,43,,,0,70,,1496135,43,,,0,32,,1496136,43,,,0,71,,1496137,43,,,0,29,,1496138,43,,,0,68,,1496139,43,,,0,100,,1496140,43,,,0,100,,1496141,43,,,0,102,,1496142,43,,,0,100,,1496143,43,,,0,100,,1496144,43,,,0,101,,1496145,43,,,0,32,,1496146,43,,,0,72,,1496147,43,,,0,33,,1496148,43,,,0,66,,1496149,43,,,0,27,,1496150,43,,,0,68,,1496151,43,,,0,100,,1496152,43,,,0,99,,1496153,43,,,0,100,,1496154,43,,,0,99,,1496155,43,,,0,100,,1496156,43,,,0
8100,'20261006',645,,1522974,43,,,0,70,,1522975,43,,,0,32,,1522976,43,,,0,71,,1522977,43,,,0,29,,1522978,43,,,0,68,,1522979,43,,,0,100,,1522980,43,,,0,100,,1522981,43,,,0,102,,1522982,43,,,0,100,,1522983,43,,,0,100,,1522984,43,,,0,101,,1522985,43,,,0,32,,1522986,43,,,0,72,,1522987,43,,,0,33,,1522988,43,,,0,66,,1522989,43,,,0,27,,1522990,43,,,0,68,,1522991,43,,,0,100,,1522992,43,,,0,99,,1522993,43,,,0,100,,1522994,43,,,0,99,,1522995,43,,,0,100,,1522996,43,,,0
8100,'20261007',645,,1522997,43,,,0,70,,1522998,43,,,0,32,,1522999,43,,,0,71,,1523000,43,,,0,29,,1523001,43,,,0,68,,1523002,43,,,0,100,,1523003,43,,,0,100,,1523004,43,,,0,102,,1523005,43,,,0,100,,1523006,43,,,0,100,,1523007,43,,,0,101,,1523008,43,,,0,32,,1523009,43,,,0,72,,1523010,43,,,0,33,,1523011,43,,,0,66,,1523012,43,,,0,27,,1523013,43,,,0,68,,1523014,43,,,0,100,,1523015,43,,,0,99,,1523016,43,,,0,100,,1523017,43,,,0,99,,1523018,43,,,0,100,,1523019,43,,,0
8100,'20261008',645,,1523020,43,,,0,70,,1523021,43,,,0,32,,1523022,43,,,0,71,,1523023,43,,,0,29,,1523024,43,,,0,68,,1523025,43,,,0,100,,1523026,43,,,0,100,,1523027,43,,,0,102,,1523028,43,,,0,100,,1523029,43,,,0,100,,1523030,43,,,0,101,,1523031,43,,,0,32,,1523032,43,,,0,72,,1523033,43,,,0,33,,1523034,43,,,0,66,,1523035,43,,,0,27,,1523036,43,,,0,68,,1523037,43,,,0,100,,1523038,43,,,0,99,,1523039,43,,,0,100,,1523040,43,,,0,99,,1523041,43,,,0,100,,1523042,43,,,0
8100,'20261009',645,,1523043,43,,,0,70,,1523044,43,,,0,32,,1523045,43,,,0,71,,1523046,43,,,0,29,,1523047,43,,,0,68,,1523048,43,,,0,100,,1523049,43,,,0,100,,1523050,43,,,0,102,,1523051,43,,,0,100,,1523052,43,,,0,100,,1523053,43,,,0,101,,1523054,43,,,0,32,,1523055,43,,,0,72,,1523056,43,,,0,33,,1523057,43,,,0,66,,1523058,43,,,0,27,,1523059,43,,,0,68,,1523060,43,,,0,100,,1523061,43,,,0,99,,1523062,43,,,0,100,,1523063,43,,,0,99,,1523064,43,,,0,100,,1523065,43,,,0
8100,'20261010',814,,1550271,43,,,0,100,,1550272,43,,,0,100,,1550273,43,,,0,101,,1550274,43,,,0,100,,1550275,43,,,0,101,,1550276,43,,,0,100,,1550277,43,,,0,100,,1550278,43,,,0,100,,1550279,43,,,0,100,,1550280,43,,,0,100,,1550281,43,,,0,99,,1550282,43,,,0,99,,1550283,43,,,0,100,,1550284,43,,,0,100,,1550285,43,,,0,100,,1550286,43,,,0
8100,'20261011',814,,1550287,43,,,0,100,,1550288,43,,,0,100,,1550289,43,,,0,101,,1550290,43,,,0,100,,1550291,43,,,0,101,,1550292,43,,,0,100,,1550293,43,,,0,100,,1550294,43,,,0,100,,1550295,43,,,0,100,,1550296,43,,,0,100,,1550297,43,,,0,99,,1550298,43,,,0,99,,1550299,43,,,0,100,,1550300,43,,,0,100,,1550301,43,,,0,100,,1550302,43,,,0
8100,'20261012',814,,1550303,43,,,0,100,,1550304,43,,,0,100,,1550305,43,,,0,101,,1550306,43,,,0,100,,1550307,43,,,0,101,,1550308,43,,,0,100,,1550309,43,,,0,100,,1550310,43,,,0,100,,1550311,43,,,0,100,,1550312,43,,,0,100,,1550313,43,,,0,99,,1550314,43,,,0,99,,1550315,43,,,0,100,,1550316,43,,,0,100,,1550317,43,,,0,100,,1550318,43,,,0
