5800,'20261009',707,,1603367,12,,,0,103,,1603368,12,,,0,30,,1603369,12,,,0,70,,1603366,12,,,0,2,,1603370,12,,,0,34,,1603371,12,,,0,101,,1603372,12,,,0,100,,1603373,12,,,0,100,,1603374,12,,,0,100,,1603375,12,,,0,99,,1603376,12,,,0,71,,1603377,12,,,0,30,,1603378,12,,,0,68,,1603379,12,,,0,29,,1603380,12,,,0,76,,1603381,12,,,0,30,,1603382,12,,,0,68,,1603383,12,,,0,30,,1603384,12,,,0,100,,1603385,12,,,0,101,,1603386,12,,,0,99,,1603387,12,,,0,99,,1603388,12,,,0,98,,1603389,12,,,0
5800,'20261010',739,,1632045,12,,,0,99,,1632046,12,,,0,101,,1632047,12,,,0,99,,1632048,12,,,0,98,,1632049,12,,,0,104,,1632050,12,,,0,100,,1632051,12,,,0,103,,1632052,12,,,0,97,,1632053,12,,,0,103,,1632054,12,,,0,105,,1632055,12,,,0,94,,1632056,12,,,0,98,,1632057,12,,,0,98,,1632058,12,,,0,100,,1632059,12,,,0,100,,1632060,12,,,0,100,,1632061,12,,,0
5800,'20261011',739,,1632062,12,,,0,99,,1632063,12,,,0,101,,1632064,12,,,0,99,,1632065,12,,,0,98,,1632066,12,,,0,104,,1632067,12,,,0,100,,1632068,12,,,0,103,,1632069,12,,,0,97,,1632070,12,,,0,103,,1632071,12,,,0,105,,1632072,12,,,0,94,,1632073,12,,,0,98,,1632074,12,,,0,98,,1632075,12,,,0,100,,1632076,12,,,0,100,,1632077,12,,,0,100,,1632078,12,,,0
5800,'20261012',739,,1632079,12,,,0,99,,1632080,12,,,0,101,,1632081,12,,,0,99,,1632082,12,,,0,98,,1632083,12,,,0,104,,1632084,12,,,0,100,,1632085,12,,,0,103,,1632086,12,,,0,97,,1632087,12,,,0,103,,1632088,12,,,0,105,,1632089,12,,,0,94,,1632090,12,,,0,98,,1632091,12,,,0,98,,1632092,12,,,0,100,,1632093,12,,,0,100,,1632094,12,,,0,100,,1632095,12,,,0
5800,'20261013',707,,1571675,12,,,0,103,,1571676,12,,,0,30,,1571660,12,,,0,72,,1571677,12,,,0,34,,1571672,12,,,0,101,,1571678,12,,,0,100,,1571661,12,,,0,100,,1571662,12,,,0,100,,1571679,12,,,0,99,,1571671,12,,,0,71,,1571663,12,,,0,30,,1571664,12,,,0,68,,1571665,12,,,0,29,,1571666,12,,,0,76,,1571667,12,,,0,30,,1571668,12,,,0,68,,1571681,12,,,0,30,,1571670,12,,,0,100,,1571680,12,,,0,101,,1571673,12,,,0,99,,1571674,12,,,0,99,,1571669,12,,,0,98,,1571682,12,,,0
5800,'20261014',707,,1571698,12,,,0,103,,1571699,12,,,0,30,,1571683,12,,,0,72,,1571700,12,,,0,34,,1571695,12,,,0,101,,1571701,12,,,0,100,,1571684,12,,,0,100,,1571685,12,,,0,100,,1571702,12,,,0,99,,1571694,12,,,0,71,,1571686,12,,,0,30,,1571687,12,,,0,68,,1571688,12,,,0,29,,1571689,12,,,0,76,,1571690,12,,,0,30,,1571691,12,,,0,68,,1571704,12,,,0,30,,1571693,12,,,0,100,,1571703,12,,,0,101,,1571696,12,,,0,99,,1571697,12,,,0,99,,1571692,12,,,0,98,,1571705,12,,,0
5800,'20261015',707,,1571721,12,,,0,103,,1571722,12,,,0,30,,1571706,12,,,0,72,,1571723,12,,,0,34,,1571718,12,,,0,101,,1571724,12,,,0,100,,1571707,12,,,0,100,,1571708,12,,,0,100,,1571725,12,,,0,99,,1571717,12,,,0,71,,1571709,12,,,0,30,,1571710,12,,,0,68,,1571711,12,,,0,29,,1571712,12,,,0,76,,1571713,12,,,0,30,,1571714,12,,,0,68,,1571727,12,,,0,30,,1571716,12,,,0,100,,1571726,12,,,0,101,,1571719,12,,,0,99,,1571720,12,,,0,99,,1571715,12,,,0,98,,1571728,12,,,0
5800,'20261016',707,,1571744,12,,,0,103,,1571745,12,,,0,30,,1571729,12,,,0,72,,1571746,12,,,0,34,,1571741,12,,,0,101,,1571747,12,,,0,100,,1571730,12,,,0,100,,1571731,12,,,0,100,,1571748,12,,,0,99,,1571740,12,,,0,71,,1571732,12,,,0,30,,1571733,12,,,0,68,,1571734,12,,,0,29,,1571735,12,,,0,76,,1571736,12,,,0,30,,1571737,12,,,0,68,,1571750,12,,,0,30,,1571739,12,,,0,100,,1571749,12,,,0,101,,1571742,12,,,0,99,,1571743,12,,,0,99,,1571738,12,,,0,98,,1571751,12,,,0
5800,'20261017',739,,1603399,12,,,0,99,,1603390,12,,,0,101,,1603400,12,,,0,99,,1603397,12,,,0,98,,1603401,12,,,0,104,,1603391,12,,,0,100,,1603392,12,,,0,103,,1603402,12,,,0,97,,1603403,12,,,0,103,,1603398,12,,,0,105,,1603393,12,,,0,94,,1603394,12,,,0,98,,1603404,12,,,0,98,,1603405,12,,,0,100,,1603406,12,,,0,100,,1603395,12,,,0,100,,1603396,12,,,0
5800,'20261018',739,,1603419,12,,,0,99,,1603409,12,,,0,101,,1603418,12,,,0,99,,1603414,12,,,0,98,,1603422,12,,,0,104,,1603407,12,,,0,100,,1603410,12,,,0,103,,1603420,12,,,0,97,,1603417,12,,,0,103,,1603415,12,,,0,105,,1603411,12,,,0,94,,1603408,12,,,0,98,,1603421,12,,,0,98,,1603423,12,,,0,100,,1603416,12,,,0,100,,1603412,12,,,0,100,,1603413,12,,,0
5800,'20261019',707,,1603439,12,,,0,103,,1603440,12,,,0,30,,1603424,12,,,0,72,,1603441,12,,,0,34,,1603436,12,,,0,101,,1603442,12,,,0,100,,1603425,12,,,0,100,,1603426,12,,,0,100,,1603443,12,,,0,99,,1603435,12,,,0,71,,1603427,12,,,0,30,,1603428,12,,,0,68,,1603429,12,,,0,29,,1603430,12,,,0,76,,1603431,12,,,0,30,,1603432,12,,,0,68,,1603445,12,,,0,30,,1603434,12,,,0,100,,1603444,12,,,0,101,,1603437,12,,,0,99,,1603438,12,,,0,99,,1603433,12,,,0,98,,1603446,12,,,0
5800,'20261020',707,,1603462,12,,,0,103,,1603463,12,,,0,30,,1603447,12,,,0,72,,1603464,12,,,0,34,,1603459,12,,,0,101,,1603465,12,,,0,100,,1603448,12,,,0,100,,1603449,12,,,0,100,,1603466,12,,,0,99,,1603458,12,,,0,71,,1603450,12,,,0,30,,1603451,12,,,0,68,,1603452,12,,,0,29,,1603453,12,,,0,76,,1603454,12,,,0,30,,1603455,12,,,0,68,,1603468,12,,,0,30,,1603457,12,,,0,100,,1603467,12,,,0,101,,1603460,12,,,0,99,,1603461,12,,,0,99,,1603456,12,,,0,98,,1603469,12,,,0
5800,'20261021',707,,1632111,12,,,0,103,,1632112,12,,,0,30,,1632096,12,,,0,72,,1632113,12,,,0,34,,1632108,12,,,0,101,,1632114,12,,,0,100,,1632097,12,,,0,100,,1632098,12,,,0,100,,1632115,12,,,0,99,,1632107,12,,,0,71,,1632099,12,,,0,30,,1632100,12,,,0,68,,1632101,12,,,0,29,,1632102,12,,,0,76,,1632103,12,,,0,30,,1632104,12,,,0,68,,1632117,12,,,0,30,,1632106,12,,,0,100,,1632116,12,,,0,101,,1632109,12,,,0,99,,1632110,12,,,0,99,,1632105,12,,,0,98,,1632118,12,,,0
5800,'20261022',707,,1632134,12,,,0,103,,1632135,12,,,0,30,,1632119,12,,,0,72,,1632136,12,,,0,34,,1632131,12,,,0,101,,1632137,12,,,0,100,,1632120,12,,,0,100,,1632121,12,,,0,100,,1632138,12,,,0,99,,1632130,12,,,0,71,,1632122,12,,,0,30,,1632123,12,,,0,68,,1632124,12,,,0,29,,1632125,12,,,0,76,,1632126,12,,,0,30,,1632127,12,,,0,68,,1632140,12,,,0,30,,1632129,12,,,0,100,,1632139,12,,,0,101,,1632132,12,,,0,99,,1632133,12,,,0,99,,1632128,12,,,0,98,,1632141,12,,,0
5800,'20261023',707,,1632157,12,,,0,103,,1632158,12,,,0,30,,1632142,12,,,0,72,,1632159,12,,,0,34,,1632154,12,,,0,101,,1632160,12,,,0,100,,1632143,12,,,0,100,,1632144,12,,,0,100,,1632161,12,,,0,99,,1632153,12,,,0,71,,1632145,12,,,0,30,,1632146,12,,,0,68,,1632147,12,,,0,29,,1632148,12,,,0,76,,1632149,12,,,0,30,,1632150,12,,,0,68,,1632163,12,,,0,30,,1632152,12,,,0,100,,1632162,12,,,0,101,,1632155,12,,,0,99,,1632156,12,,,0,99,,1632151,12,,,0,98,,1632164,12,,,0
25800,'20261009',1612,,1612106,18,4,,0,34,,1612107,18,4,,0,66,,1612108,18,4,,0,29,,1612109,18,4,,0
25800,'20261013',1612,,1580357,18,4,,0,34,,1580358,18,4,,0,66,,1580359,18,4,,0,29,,1580360,18,4,,0
25800,'20261014',1612,,1580361,18,4,,0,34,,1580362,18,4,,0,66,,1580363,18,4,,0,29,,1580364,18,4,,0
25800,'20261015',1612,,1580365,18,4,,0,34,,1580366,18,4,,0,66,,1580367,18,4,,0,29,,1580368,18,4,,0
25800,'20261016',1612,,1580369,18,4,,0,34,,1580370,18,4,,0,66,,1580371,18,4,,0,29,,1580372,18,4,,0
25800,'20261019',1612,,1612110,18,4,,0,34,,1612111,18,4,,0,66,,1612112,18,4,,0,29,,1612113,18,4,,0
25800,'20261020',1612,,1612114,18,4,,0,34,,1612115,18,4,,0,66,,1612116,18,4,,0,29,,1612117,18,4,,0
25800,'20261021',1612,,1638033,18,4,,0,34,,1638034,18,4,,0,66,,1638035,18,4,,0,29,,1638036,18,4,,0
25800,'20261022',1612,,1638037,18,4,,0,34,,1638038,18,4,,0,66,,1638039,18,4,,0,29,,1638040,18,4,,0
25800,'20261023',1612,,1638041,18,4,,0,34,,1638042,18,4,,0,66,,1638043,18,4,,0,29,,1638044,18,4,,0
35800,'20261009',1651,,1613445,15,4,,0,98,,1613446,15,4,,0,92,,1613447,15,4,,0
35800,'20261013',1651,,1581686,15,4,,0,98,,1581687,15,4,,0,92,,1581688,15,4,,0
35800,'20261014',1651,,1581689,15,4,,0,98,,1581690,15,4,,0,92,,1581691,15,4,,0
35800,'20261015',1651,,1581692,15,4,,0,98,,1581693,15,4,,0,92,,1581694,15,4,,0
35800,'20261016',1651,,1581695,15,4,,0,98,,1581696,15,4,,0,92,,1581697,15,4,,0
35800,'20261019',1651,,1613448,15,4,,0,98,,1613449,15,4,,0,92,,1613450,15,4,,0
35800,'20261020',1651,,1613451,15,4,,0,98,,1613452,15,4,,0,92,,1613453,15,4,,0
35800,'20261021',1651,,1638696,15,4,,0,98,,1638697,15,4,,0,92,,1638698,15,4,,0
35800,'20261022',1651,,1638699,15,4,,0,98,,1638700,15,4,,0,92,,1638701,15,4,,0
35800,'20261023',1651,,1638702,15,4,,0,98,,1638703,15,4,,0,92,,1638704,15,4,,0
55800,'20261009',1705,,1614229,13,4,,0,19,,1614230,13,4,,0,77,,1614231,13,4,,0
55800,'20261013',1705,,1582468,13,4,,0,19,,1582469,13,4,,0,77,,1582470,13,4,,0
55800,'20261014',1705,,1582471,13,4,,0,19,,1582472,13,4,,0,77,,1582473,13,4,,0
55800,'20261015',1705,,1582474,13,4,,0,19,,1582475,13,4,,0,77,,1582476,13,4,,0
55800,'20261016',1705,,1582477,13,4,,0,19,,1582478,13,4,,0,77,,1582479,13,4,,0
55800,'20261019',1705,,1614232,13,4,,0,19,,1614233,13,4,,0,77,,1614234,13,4,,0
55800,'20261020',1705,,1614235,13,4,,0,19,,1614236,13,4,,0,77,,1614237,13,4,,0
55800,'20261021',1705,,1639088,13,4,,0,19,,1639089,13,4,,0,77,,1639090,13,4,,0
55800,'20261022',1705,,1639091,13,4,,0,19,,1639092,13,4,,0,77,,1639093,13,4,,0
55800,'20261023',1705,,1639094,13,4,,0,19,,1639095,13,4,,0,77,,1639096,13,4,,0
