8501,'20261009',1223,,1608942,17,,,0,321,,1608943,17,,,0,73,,1608944,17,,,0,28,,1608945,17,,,0,74,,1608946,17,,,0,24,,1608947,17,,,0
8501,'20261010',1726,,1636008,17,,,0
8501,'20261011',1726,,1636009,17,,,0
8501,'20261012',1726,,1636010,17,,,0
8501,'20261013',1223,,1577206,17,,,0,321,,1577211,17,,,0,73,,1577207,17,,,0,28,,1577210,17,,,0,74,,1577208,17,,,0,24,,1577209,17,,,0
8501,'20261014',1223,,1577212,17,,,0,321,,1577217,17,,,0,73,,1577213,17,,,0,28,,1577216,17,,,0,74,,1577214,17,,,0,24,,1577215,17,,,0
8501,'20261015',1223,,1577218,17,,,0,321,,1577223,17,,,0,73,,1577219,17,,,0,28,,1577222,17,,,0,74,,1577220,17,,,0,24,,1577221,17,,,0
8501,'20261016',1223,,1577224,17,,,0,321,,1577229,17,,,0,73,,1577225,17,,,0,28,,1577228,17,,,0,74,,1577226,17,,,0,24,,1577227,17,,,0
8501,'20261017',1726,,1608948,17,,,0
8501,'20261018',1726,,1608949,17,,,0
8501,'20261019',1223,,1608950,17,,,0,321,,1608955,17,,,0,73,,1608951,17,,,0,28,,1608954,17,,,0,74,,1608952,17,,,0,24,,1608953,17,,,0
8501,'20261020',1223,,1608956,17,,,0,321,,1608961,17,,,0,73,,1608957,17,,,0,28,,1608960,17,,,0,74,,1608958,17,,,0,24,,1608959,17,,,0
8501,'20261021',1223,,1636011,17,,,0,321,,1636016,17,,,0,73,,1636012,17,,,0,28,,1636015,17,,,0,74,,1636013,17,,,0,24,,1636014,17,,,0
8501,'20261022',1223,,1636017,17,,,0,321,,1636022,17,,,0,73,,1636018,17,,,0,28,,1636021,17,,,0,74,,1636019,17,,,0,24,,1636020,17,,,0
8501,'20261023',1223,,1636023,17,,,0,321,,1636028,17,,,0,73,,1636024,17,,,0,28,,1636027,17,,,0,74,,1636025,17,,,0,24,,1636026,17,,,0
