18500,'20261002',1601,,1579701,32,,,0,104,,1579699,32,,,0,29,,1579702,32,,,0,23,,1579703,32,,,0
18500,'20261005',1601,,1579706,32,,,0,104,,1579704,32,,,0,29,,1579707,32,,,0,23,,1579708,32,,,0
18500,'20261006',1601,,1526437,32,,,0,104,,1526438,32,,,0,29,,1526439,32,,,0,23,,1526440,32,,,0,97,,1526442,32,,,0
18500,'20261007',1601,,1526443,32,,,0,104,,1526444,32,,,0,29,,1526445,32,,,0,23,,1526446,32,,,0,97,,1526448,32,,,0
18500,'20261008',1601,,1526449,32,,,0,104,,1526450,32,,,0,29,,1526451,32,,,0,23,,1526452,32,,,0,97,,1526454,32,,,0
18500,'20261009',1601,,1526455,32,,,0,104,,1526456,32,,,0,29,,1526457,32,,,0,23,,1526458,32,,,0,97,,1526460,32,,,0
18500,'20261013',1601,,1579709,32,,,0,104,,1579710,32,,,0,29,,1579711,32,,,0,23,,1579712,32,,,0,97,,1579714,32,,,0
18500,'20261014',1601,,1579715,32,,,0,104,,1579716,32,,,0,29,,1579717,32,,,0,23,,1579718,32,,,0,97,,1579720,32,,,0
18500,'20261015',1601,,1579721,32,,,0,104,,1579722,32,,,0,29,,1579723,32,,,0,23,,1579724,32,,,0,97,,1579726,32,,,0
18500,'20261016',1601,,1579727,32,,,0,104,,1579728,32,,,0,29,,1579729,32,,,0,23,,1579730,32,,,0,97,,1579732,32,,,0
27200,'20261002',1616,,1580501,9,4,,0,33,,1580502,9,4,,0,82,,1580503,9,4,,0,22,,1580504,9,4,,0,63,,1580505,9,4,,0
27200,'20261005',1616,,1580506,9,4,,0,33,,1580507,9,4,,0,82,,1580508,9,4,,0,22,,1580509,9,4,,0,63,,1580510,9,4,,0
27200,'20261006',1616,,1527236,9,4,,0,33,,1527237,9,4,,0,82,,1527238,9,4,,0,22,,1527239,9,4,,0,63,,1527235,9,4,,0
27200,'20261007',1616,,1527241,9,4,,0,33,,1527242,9,4,,0,82,,1527243,9,4,,0,22,,1527244,9,4,,0,63,,1527240,9,4,,0
27200,'20261008',1616,,1527246,9,4,,0,33,,1527247,9,4,,0,82,,1527248,9,4,,0,22,,1527249,9,4,,0,63,,1527245,9,4,,0
27200,'20261009',1616,,1527251,9,4,,0,33,,1527252,9,4,,0,82,,1527253,9,4,,0,22,,1527254,9,4,,0,63,,1527250,9,4,,0
27200,'20261013',1616,,1580512,9,4,,0,33,,1580513,9,4,,0,82,,1580514,9,4,,0,22,,1580515,9,4,,0,63,,1580511,9,4,,0
27200,'20261014',1616,,1580517,9,4,,0,33,,1580518,9,4,,0,82,,1580519,9,4,,0,22,,1580520,9,4,,0,63,,1580516,9,4,,0
27200,'20261015',1616,,1580522,9,4,,0,33,,1580523,9,4,,0,82,,1580524,9,4,,0,22,,1580525,9,4,,0,63,,1580521,9,4,,0
27200,'20261016',1616,,1580527,9,4,,0,33,,1580528,9,4,,0,82,,1580529,9,4,,0,22,,1580530,9,4,,0,63,,1580526,9,4,,0
38200,'20261002',1236,,1581983,11,4,,0,408,,1581984,11,4,,0,99,,1581985,11,4,,0,97,,1581986,11,4,,0
38200,'20261005',1236,,1581987,11,4,,0,408,,1581988,11,4,,0,99,,1581989,11,4,,0,97,,1581990,11,4,,0
38200,'20261006',1236,,1528715,11,4,,0,408,,1528716,11,4,,0,99,,1528717,11,4,,0,97,,1528718,11,4,,0
38200,'20261007',1236,,1528719,11,4,,0,408,,1528720,11,4,,0,99,,1528721,11,4,,0,97,,1528722,11,4,,0
38200,'20261008',1236,,1528723,11,4,,0,408,,1528724,11,4,,0,99,,1528725,11,4,,0,97,,1528726,11,4,,0
38200,'20261009',1236,,1528727,11,4,,0,408,,1528728,11,4,,0,99,,1528729,11,4,,0,97,,1528730,11,4,,0
38200,'20261013',1236,,1581991,11,4,,0,408,,1581992,11,4,,0,99,,1581993,11,4,,0,97,,1581994,11,4,,0
38200,'20261014',1236,,1581995,11,4,,0,408,,1581996,11,4,,0,99,,1581997,11,4,,0,97,,1581998,11,4,,0
38200,'20261015',1236,,1581999,11,4,,0,408,,1582000,11,4,,0,99,,1582001,11,4,,0,97,,1582002,11,4,,0
38200,'20261016',1236,,1582003,11,4,,0,408,,1582004,11,4,,0,99,,1582005,11,4,,0,97,,1582006,11,4,,0
58200,'20261002',1606,,1582702,9,4,,0,23,,1582703,9,4,,0,27,,1582704,9,4,,0,76,,1582705,9,4,,0,68,,1582706,9,4,,0
58200,'20261005',1606,,1582707,9,4,,0,23,,1582708,9,4,,0,27,,1582709,9,4,,0,76,,1582710,9,4,,0,68,,1582711,9,4,,0
58200,'20261006',1606,,1529439,9,4,,0,23,,1529440,9,4,,0,27,,1529437,9,4,,0,76,,1529438,9,4,,0,68,,1529436,9,4,,0
58200,'20261007',1606,,1529444,9,4,,0,23,,1529445,9,4,,0,27,,1529442,9,4,,0,76,,1529443,9,4,,0,68,,1529441,9,4,,0
58200,'20261008',1606,,1529449,9,4,,0,23,,1529450,9,4,,0,27,,1529447,9,4,,0,76,,1529448,9,4,,0,68,,1529446,9,4,,0
58200,'20261009',1606,,1529454,9,4,,0,23,,1529455,9,4,,0,27,,1529452,9,4,,0,76,,1529453,9,4,,0,68,,1529451,9,4,,0
58200,'20261013',1606,,1582715,9,4,,0,23,,1582716,9,4,,0,27,,1582713,9,4,,0,76,,1582714,9,4,,0,68,,1582712,9,4,,0
58200,'20261014',1606,,1582720,9,4,,0,23,,1582721,9,4,,0,27,,1582718,9,4,,0,76,,1582719,9,4,,0,68,,1582717,9,4,,0
58200,'20261015',1606,,1582725,9,4,,0,23,,1582726,9,4,,0,27,,1582723,9,4,,0,76,,1582724,9,4,,0,68,,1582722,9,4,,0
58200,'20261016',1606,,1582730,9,4,,0,23,,1582731,9,4,,0,27,,1582728,9,4,,0,76,,1582729,9,4,,0,68,,1582727,9,4,,0
