5401,'20260929',530,,1546275,16,,,1,26,,1546276,16,,,1,60,,1546277,16,,,1,12,,1546278,16,,,1,17,,1546279,16,,,1,60,,1546280,16,,,1,17,,1546281,16,,,1,18,,1546282,16,,,1,16,,1546283,16,,,1,57,,1546284,16,,,1,28,,1546285,16,,,1,70,,1546286,16,,,1,26,,1546287,16,,,1,69,,1546288,16,,,1,31,,1546289,16,,,1,71,,1546290,16,,,1,30,,1546291,16,,,1,71,,1546292,16,,,1,30,,1546293,16,,,1,70,,1546294,16,,,1,31,,1546295,16,,,1,68,,1546296,16,,,1,30,,1546297,16,,,1,69,,1546298,16,,,1,32,,1546299,16,,,1,64,,1546300,16,,,1,37,,1546301,16,,,1,72,,1546302,16,,,1,27,,1546303,16,,,1,95,,1546304,16,,,1,100,,1546305,16,,,1,105,,1546306,16,,,1,105,,1546307,16,,,1,99,,1546308,16,,,1,104,,1546309,16,,,1
5401,'20260930',530,,1546310,16,,,1,26,,1546311,16,,,1,60,,1546312,16,,,1,12,,1546313,16,,,1,17,,1546314,16,,,1,60,,1546315,16,,,1,17,,1546316,16,,,1,18,,1546317,16,,,1,16,,1546318,16,,,1,57,,1546319,16,,,1,28,,1546320,16,,,1,70,,1546321,16,,,1,26,,1546322,16,,,1,69,,1546323,16,,,1,31,,1546324,16,,,1,71,,1546325,16,,,1,30,,1546326,16,,,1,71,,1546327,16,,,1,30,,1546328,16,,,1,70,,1546329,16,,,1,31,,1546330,16,,,1,68,,1546331,16,,,1,30,,1546332,16,,,1,69,,1546333,16,,,1,32,,1546334,16,,,1,64,,1546335,16,,,1,37,,1546336,16,,,1,72,,1546337,16,,,1,27,,1546338,16,,,1,95,,1546339,16,,,1,100,,1546340,16,,,1,105,,1546341,16,,,1,105,,1546342,16,,,1,99,,1546343,16,,,1,104,,1546344,16,,,1
5401,'20261001',530,,1546345,16,,,1,26,,1546346,16,,,1,60,,1546347,16,,,1,12,,1546348,16,,,1,17,,1546349,16,,,1,60,,1546350,16,,,1,17,,1546351,16,,,1,18,,1546352,16,,,1,16,,1546353,16,,,1,57,,1546354,16,,,1,28,,1546355,16,,,1,70,,1546356,16,,,1,26,,1546357,16,,,1,69,,1546358,16,,,1,31,,1546359,16,,,1,71,,1546360,16,,,1,30,,1546361,16,,,1,71,,1546362,16,,,1,30,,1546363,16,,,1,70,,1546364,16,,,1,31,,1546365,16,,,1,68,,1546366,16,,,1,30,,1546367,16,,,1,69,,1546368,16,,,1,32,,1546369,16,,,1,64,,1546370,16,,,1,37,,1546371,16,,,1,72,,1546372,16,,,1,27,,1546373,16,,,1,95,,1546374,16,,,1,100,,1546375,16,,,1,105,,1546376,16,,,1,105,,1546377,16,,,1,99,,1546378,16,,,1,104,,1546379,16,,,1
5401,'20261002',530,,1469073,16,,,1,26,,1469074,16,,,1,60,,1469075,16,,,1,12,,1469076,16,,,1,17,,1469077,16,,,1,60,,1469078,16,,,1,17,,1469079,16,,,1,18,,1469080,16,,,1,16,,1469081,16,,,1,57,,1469082,16,,,1,28,,1469083,16,,,1,70,,1469084,16,,,1,26,,1469085,16,,,1,69,,1469086,16,,,1,31,,1469087,16,,,1,71,,1469088,16,,,1,30,,1469089,16,,,1,71,,1469090,16,,,1,30,,1469091,16,,,1,70,,1469092,16,,,1,31,,1469093,16,,,1,68,,1469094,16,,,1,30,,1469095,16,,,1,69,,1469096,16,,,1,32,,1469097,16,,,1,64,,1469098,16,,,1,37,,1469099,16,,,1,72,,1469100,16,,,1,27,,1469101,16,,,1,95,,1469102,16,,,1,100,,1469103,16,,,1,105,,1469104,16,,,1,105,,1469105,16,,,1,99,,1469106,16,,,1,104,,1469107,16,,,1
5401,'20261003',635,,1492062,16,,,1,106,,1492063,16,,,1,100,,1492064,16,,,1,101,,1492065,16,,,1,99,,1492066,16,,,1,67,,1492085,16,,,1,33,,1492067,16,,,1,66,,1492078,16,,,1,35,,1492068,16,,,1,71,,1492079,16,,,1,29,,1492069,16,,,1,70,,1492080,16,,,1,31,,1492070,16,,,1,64,,1492081,16,,,1,35,,1492071,16,,,1,67,,1492082,16,,,1,32,,1492072,16,,,1,72,,1492083,16,,,1,40,,1492086,16,,,1,92,,1492084,16,,,1,99,,1492073,16,,,1,99,,1492074,16,,,1,100,,1492075,16,,,1,100,,1492076,16,,,1,98,,1492077,16,,,1
5401,'20261004',635,,1492096,16,,,1,106,,1492093,16,,,1,100,,1492089,16,,,1,101,,1492097,16,,,1,99,,1492087,16,,,1,67,,1492106,16,,,1,33,,1492088,16,,,1,66,,1492108,16,,,1,35,,1492091,16,,,1,71,,1492107,16,,,1,29,,1492101,16,,,1,70,,1492104,16,,,1,31,,1492090,16,,,1,64,,1492105,16,,,1,35,,1492092,16,,,1,67,,1492109,16,,,1,32,,1492094,16,,,1,72,,1492103,16,,,1,40,,1492111,16,,,1,92,,1492110,16,,,1,99,,1492095,16,,,1,99,,1492098,16,,,1,100,,1492099,16,,,1,100,,1492100,16,,,1,98,,1492102,16,,,1
5401,'20261005',530,,1492112,16,,,1,26,,1492113,16,,,1,60,,1492114,16,,,1,12,,1492115,16,,,1,17,,1492116,16,,,1,60,,1492117,16,,,1,17,,1492118,16,,,1,18,,1492119,16,,,1,16,,1492120,16,,,1,57,,1492121,16,,,1,28,,1492122,16,,,1,70,,1492123,16,,,1,26,,1492124,16,,,1,69,,1492125,16,,,1,31,,1492126,16,,,1,71,,1492127,16,,,1,30,,1492128,16,,,1,71,,1492129,16,,,1,30,,1492130,16,,,1,70,,1492131,16,,,1,31,,1492132,16,,,1,68,,1492133,16,,,1,30,,1492134,16,,,1,69,,1492135,16,,,1,32,,1492136,16,,,1,64,,1492137,16,,,1,37,,1492138,16,,,1,72,,1492139,16,,,1,27,,1492140,16,,,1,95,,1492141,16,,,1,100,,1492142,16,,,1,105,,1492143,16,,,1,105,,1492144,16,,,1,99,,1492145,16,,,1,104,,1492146,16,,,1
5401,'20261006',530,,1517462,16,,,1,26,,1517463,16,,,1,60,,1517464,16,,,1,12,,1517465,16,,,1,17,,1517466,16,,,1,60,,1517467,16,,,1,17,,1517468,16,,,1,18,,1517469,16,,,1,16,,1517470,16,,,1,57,,1517471,16,,,1,28,,1517472,16,,,1,70,,1517473,16,,,1,26,,1517474,16,,,1,69,,1517475,16,,,1,31,,1517476,16,,,1,71,,1517477,16,,,1,30,,1517478,16,,,1,71,,1517479,16,,,1,30,,1517480,16,,,1,70,,1517481,16,,,1,31,,1517482,16,,,1,68,,1517483,16,,,1,30,,1517484,16,,,1,69,,1517485,16,,,1,32,,1517486,16,,,1,64,,1517487,16,,,1,37,,1517488,16,,,1,72,,1517489,16,,,1,27,,1517490,16,,,1,95,,1517491,16,,,1,100,,1517492,16,,,1,105,,1517493,16,,,1,105,,1517494,16,,,1,99,,1517495,16,,,1,104,,1517496,16,,,1
5401,'20261007',530,,1517497,16,,,1,26,,1517498,16,,,1,60,,1517499,16,,,1,12,,1517500,16,,,1,17,,1517501,16,,,1,60,,1517502,16,,,1,17,,1517503,16,,,1,18,,1517504,16,,,1,16,,1517505,16,,,1,57,,1517506,16,,,1,28,,1517507,16,,,1,70,,1517508,16,,,1,26,,1517509,16,,,1,69,,1517510,16,,,1,31,,1517511,16,,,1,71,,1517512,16,,,1,30,,1517513,16,,,1,71,,1517514,16,,,1,30,,1517515,16,,,1,70,,1517516,16,,,1,31,,1517517,16,,,1,68,,1517518,16,,,1,30,,1517519,16,,,1,69,,1517520,16,,,1,32,,1517521,16,,,1,64,,1517522,16,,,1,37,,1517523,16,,,1,72,,1517524,16,,,1,27,,1517525,16,,,1,95,,1517526,16,,,1,100,,1517527,16,,,1,105,,1517528,16,,,1,105,,1517529,16,,,1,99,,1517530,16,,,1,104,,1517531,16,,,1
5401,'20261008',530,,1517532,16,,,1,26,,1517533,16,,,1,60,,1517534,16,,,1,12,,1517535,16,,,1,17,,1517536,16,,,1,60,,1517537,16,,,1,17,,1517538,16,,,1,18,,1517539,16,,,1,16,,1517540,16,,,1,57,,1517541,16,,,1,28,,1517542,16,,,1,70,,1517543,16,,,1,26,,1517544,16,,,1,69,,1517545,16,,,1,31,,1517546,16,,,1,71,,1517547,16,,,1,30,,1517548,16,,,1,71,,1517549,16,,,1,30,,1517550,16,,,1,70,,1517551,16,,,1,31,,1517552,16,,,1,68,,1517553,16,,,1,30,,1517554,16,,,1,69,,1517555,16,,,1,32,,1517556,16,,,1,64,,1517557,16,,,1,37,,1517558,16,,,1,72,,1517559,16,,,1,27,,1517560,16,,,1,95,,1517561,16,,,1,100,,1517562,16,,,1,105,,1517563,16,,,1,105,,1517564,16,,,1,99,,1517565,16,,,1,104,,1517566,16,,,1
5401,'20261009',530,,1517567,16,,,1,26,,1517568,16,,,1,60,,1517569,16,,,1,12,,1517570,16,,,1,17,,1517571,16,,,1,60,,1517572,16,,,1,17,,1517573,16,,,1,18,,1517574,16,,,1,16,,1517575,16,,,1,57,,1517576,16,,,1,28,,1517577,16,,,1,70,,1517578,16,,,1,26,,1517579,16,,,1,69,,1517580,16,,,1,31,,1517581,16,,,1,71,,1517582,16,,,1,30,,1517583,16,,,1,71,,1517584,16,,,1,30,,1517585,16,,,1,70,,1517586,16,,,1,31,,1517587,16,,,1,68,,1517588,16,,,1,30,,1517589,16,,,1,69,,1517590,16,,,1,32,,1517591,16,,,1,64,,1517592,16,,,1,37,,1517593,16,,,1,72,,1517594,16,,,1,27,,1517595,16,,,1,95,,1517596,16,,,1,100,,1517597,16,,,1,105,,1517598,16,,,1,105,,1517599,16,,,1,99,,1517600,16,,,1,104,,1517601,16,,,1
5401,'20261010',635,,1546380,16,,,1,106,,1546381,16,,,1,100,,1546382,16,,,1,101,,1546383,16,,,1,99,,1546384,16,,,1,67,,1546403,16,,,1,33,,1546385,16,,,1,66,,1546396,16,,,1,35,,1546386,16,,,1,71,,1546397,16,,,1,29,,1546387,16,,,1,70,,1546398,16,,,1,31,,1546388,16,,,1,64,,1546399,16,,,1,35,,1546389,16,,,1,67,,1546400,16,,,1,32,,1546390,16,,,1,72,,1546401,16,,,1,40,,1546404,16,,,1,92,,1546402,16,,,1,99,,1546391,16,,,1,99,,1546392,16,,,1,100,,1546393,16,,,1,100,,1546394,16,,,1,98,,1546395,16,,,1
5401,'20261011',635,,1546414,16,,,1,106,,1546411,16,,,1,100,,1546407,16,,,1,101,,1546415,16,,,1,99,,1546405,16,,,1,67,,1546424,16,,,1,33,,1546406,16,,,1,66,,1546426,16,,,1,35,,1546409,16,,,1,71,,1546425,16,,,1,29,,1546419,16,,,1,70,,1546422,16,,,1,31,,1546408,16,,,1,64,,1546423,16,,,1,35,,1546410,16,,,1,67,,1546427,16,,,1,32,,1546412,16,,,1,72,,1546421,16,,,1,40,,1546429,16,,,1,92,,1546428,16,,,1,99,,1546413,16,,,1,99,,1546416,16,,,1,100,,1546417,16,,,1,100,,1546418,16,,,1,98,,1546420,16,,,1
5401,'20261012',635,,1546439,16,,,1,106,,1546436,16,,,1,100,,1546432,16,,,1,101,,1546440,16,,,1,99,,1546430,16,,,1,67,,1546449,16,,,1,33,,1546431,16,,,1,66,,1546451,16,,,1,35,,1546434,16,,,1,71,,1546450,16,,,1,29,,1546444,16,,,1,70,,1546447,16,,,1,31,,1546433,16,,,1,64,,1546448,16,,,1,35,,1546435,16,,,1,67,,1546452,16,,,1,32,,1546437,16,,,1,72,,1546446,16,,,1,40,,1546454,16,,,1,92,,1546453,16,,,1,99,,1546438,16,,,1,99,,1546441,16,,,1,100,,1546442,16,,,1,100,,1546443,16,,,1,98,,1546445,16,,,1
5903,'20260929',643,,1547280,19,,,0,92,,1547281,19,,,0,91,,1547282,19,,,0,14,,1547283,19,,,0,101,,1547284,19,,,0,100,,1547285,19,,,0,99,,1547286,19,,,0,100,,1547287,19,,,0,102,,1547288,19,,,0,100,,1547289,19,,,0,95,,1547290,19,,,0,99,,1547291,19,,,0,72,,1547292,19,,,0,31,,1547293,19,,,0,102,,1547294,19,,,0,100,,1547295,19,,,0,102,,1547296,19,,,0,101,,1547297,19,,,0,100,,1547298,19,,,0
5903,'20260930',643,,1547299,19,,,0,92,,1547300,19,,,0,91,,1547301,19,,,0,14,,1547302,19,,,0,101,,1547303,19,,,0,100,,1547304,19,,,0,99,,1547305,19,,,0,100,,1547306,19,,,0,102,,1547307,19,,,0,100,,1547308,19,,,0,95,,1547309,19,,,0,99,,1547310,19,,,0,72,,1547311,19,,,0,31,,1547312,19,,,0,102,,1547313,19,,,0,100,,1547314,19,,,0,102,,1547315,19,,,0,101,,1547316,19,,,0,100,,1547317,19,,,0
5903,'20261001',643,,1547318,19,,,0,92,,1547319,19,,,0,91,,1547320,19,,,0,14,,1547321,19,,,0,101,,1547322,19,,,0,100,,1547323,19,,,0,99,,1547324,19,,,0,100,,1547325,19,,,0,102,,1547326,19,,,0,100,,1547327,19,,,0,95,,1547328,19,,,0,99,,1547329,19,,,0,72,,1547330,19,,,0,31,,1547331,19,,,0,102,,1547332,19,,,0,100,,1547333,19,,,0,102,,1547334,19,,,0,101,,1547335,19,,,0,100,,1547336,19,,,0
5903,'20261002',643,,1470055,19,,,0,92,,1470056,19,,,0,91,,1470072,19,,,0,14,,1470057,19,,,0,101,,1470058,19,,,0,100,,1470059,19,,,0,99,,1470060,19,,,0,100,,1470061,19,,,0,102,,1470062,19,,,0,100,,1470063,19,,,0,95,,1470064,19,,,0,99,,1470065,19,,,0,72,,1470073,19,,,0,31,,1470066,19,,,0,102,,1470067,19,,,0,100,,1470068,19,,,0,102,,1470069,19,,,0,101,,1470070,19,,,0,100,,1470071,19,,,0
5903,'20261003',743,,1493068,19,,,0,99,,1493069,19,,,0,100,,1493070,19,,,0,100,,1493071,19,,,0,99,,1493072,19,,,0,100,,1493073,19,,,0,100,,1493074,19,,,0,100,,1493075,19,,,0,100,,1493076,19,,,0,101,,1493077,19,,,0,100,,1493078,19,,,0,101,,1493079,19,,,0,100,,1493080,19,,,0,101,,1493081,19,,,0,100,,1493082,19,,,0
5903,'20261004',743,,1493097,19,,,0,99,,1493083,19,,,0,100,,1493084,19,,,0,100,,1493085,19,,,0,99,,1493086,19,,,0,100,,1493087,19,,,0,100,,1493088,19,,,0,100,,1493089,19,,,0,100,,1493090,19,,,0,101,,1493091,19,,,0,100,,1493092,19,,,0,101,,1493093,19,,,0,100,,1493094,19,,,0,101,,1493095,19,,,0,100,,1493096,19,,,0
5903,'20261005',643,,1493098,19,,,0,92,,1493099,19,,,0,91,,1493115,19,,,0,14,,1493100,19,,,0,101,,1493101,19,,,0,100,,1493102,19,,,0,99,,1493103,19,,,0,100,,1493104,19,,,0,102,,1493105,19,,,0,100,,1493106,19,,,0,95,,1493107,19,,,0,99,,1493108,19,,,0,72,,1493116,19,,,0,31,,1493109,19,,,0,102,,1493110,19,,,0,100,,1493111,19,,,0,102,,1493112,19,,,0,101,,1493113,19,,,0,100,,1493114,19,,,0
5903,'20261006',643,,1518844,19,,,0,92,,1518845,19,,,0,91,,1518861,19,,,0,14,,1518846,19,,,0,101,,1518847,19,,,0,100,,1518848,19,,,0,99,,1518849,19,,,0,100,,1518850,19,,,0,102,,1518851,19,,,0,100,,1518852,19,,,0,95,,1518853,19,,,0,99,,1518854,19,,,0,72,,1518862,19,,,0,31,,1518855,19,,,0,102,,1518856,19,,,0,100,,1518857,19,,,0,102,,1518858,19,,,0,101,,1518859,19,,,0,100,,1518860,19,,,0
5903,'20261007',643,,1518863,19,,,0,92,,1518864,19,,,0,91,,1518880,19,,,0,14,,1518865,19,,,0,101,,1518866,19,,,0,100,,1518867,19,,,0,99,,1518868,19,,,0,100,,1518869,19,,,0,102,,1518870,19,,,0,100,,1518871,19,,,0,95,,1518872,19,,,0,99,,1518873,19,,,0,72,,1518881,19,,,0,31,,1518874,19,,,0,102,,1518875,19,,,0,100,,1518876,19,,,0,102,,1518877,19,,,0,101,,1518878,19,,,0,100,,1518879,19,,,0
5903,'20261008',643,,1518882,19,,,0,92,,1518883,19,,,0,91,,1518899,19,,,0,14,,1518884,19,,,0,101,,1518885,19,,,0,100,,1518886,19,,,0,99,,1518887,19,,,0,100,,1518888,19,,,0,102,,1518889,19,,,0,100,,1518890,19,,,0,95,,1518891,19,,,0,99,,1518892,19,,,0,72,,1518900,19,,,0,31,,1518893,19,,,0,102,,1518894,19,,,0,100,,1518895,19,,,0,102,,1518896,19,,,0,101,,1518897,19,,,0,100,,1518898,19,,,0
5903,'20261009',643,,1518901,19,,,0,92,,1518902,19,,,0,91,,1518918,19,,,0,14,,1518903,19,,,0,101,,1518904,19,,,0,100,,1518905,19,,,0,99,,1518906,19,,,0,100,,1518907,19,,,0,102,,1518908,19,,,0,100,,1518909,19,,,0,95,,1518910,19,,,0,99,,1518911,19,,,0,72,,1518919,19,,,0,31,,1518912,19,,,0,102,,1518913,19,,,0,100,,1518914,19,,,0,102,,1518915,19,,,0,101,,1518916,19,,,0,100,,1518917,19,,,0
5903,'20261010',743,,1547337,19,,,0,99,,1547338,19,,,0,100,,1547339,19,,,0,100,,1547340,19,,,0,99,,1547341,19,,,0,100,,1547342,19,,,0,100,,1547343,19,,,0,100,,1547344,19,,,0,100,,1547345,19,,,0,101,,1547346,19,,,0,100,,1547347,19,,,0,101,,1547348,19,,,0,100,,1547349,19,,,0,101,,1547350,19,,,0,100,,1547351,19,,,0
5903,'20261011',743,,1547366,19,,,0,99,,1547352,19,,,0,100,,1547353,19,,,0,100,,1547354,19,,,0,99,,1547355,19,,,0,100,,1547356,19,,,0,100,,1547357,19,,,0,100,,1547358,19,,,0,100,,1547359,19,,,0,101,,1547360,19,,,0,100,,1547361,19,,,0,101,,1547362,19,,,0,100,,1547363,19,,,0,101,,1547364,19,,,0,100,,1547365,19,,,0
5903,'20261012',743,,1547381,19,,,0,99,,1547367,19,,,0,100,,1547368,19,,,0,100,,1547369,19,,,0,99,,1547370,19,,,0,100,,1547371,19,,,0,100,,1547372,19,,,0,100,,1547373,19,,,0,100,,1547374,19,,,0,101,,1547375,19,,,0,100,,1547376,19,,,0,101,,1547377,19,,,0,100,,1547378,19,,,0,101,,1547379,19,,,0,100,,1547380,19,,,0
25401,'20260929',616,,1552898,16,,,0,27,,1552899,16,,,0,62,,1552900,16,,,0,17,,1552901,16,,,0,11,,1552902,16,,,0,80,,1552903,16,,,0
25401,'20260930',616,,1552904,16,,,0,27,,1552905,16,,,0,62,,1552906,16,,,0,17,,1552907,16,,,0,11,,1552908,16,,,0,80,,1552909,16,,,0
25401,'20261001',616,,1552910,16,,,0,27,,1552911,16,,,0,62,,1552912,16,,,0,17,,1552913,16,,,0,11,,1552914,16,,,0,80,,1552915,16,,,0
25401,'20261002',616,,1475938,16,,,0,27,,1475939,16,,,0,62,,1475940,16,,,0,17,,1475941,16,,,0,11,,1475942,16,,,0,80,,1475943,16,,,0
25401,'20261005',616,,1498975,16,,,0,27,,1498976,16,,,0,62,,1498977,16,,,0,17,,1498978,16,,,0,11,,1498979,16,,,0,80,,1498980,16,,,0
25401,'20261006',616,,1526961,16,,,0,27,,1526962,16,,,0,62,,1526963,16,,,0,17,,1526964,16,,,0,11,,1526965,16,,,0,80,,1526966,16,,,0
25401,'20261007',616,,1526967,16,,,0,27,,1526968,16,,,0,62,,1526969,16,,,0,17,,1526970,16,,,0,11,,1526971,16,,,0,80,,1526972,16,,,0
25401,'20261008',616,,1526973,16,,,0,27,,1526974,16,,,0,62,,1526975,16,,,0,17,,1526976,16,,,0,11,,1526977,16,,,0,80,,1526978,16,,,0
25401,'20261009',616,,1526979,16,,,0,27,,1526980,16,,,0,62,,1526981,16,,,0,17,,1526982,16,,,0,11,,1526983,16,,,0,80,,1526984,16,,,0
35401,'20260929',651,,1553606,16,,,0,458,,1553607,16,,,0
35401,'20260930',651,,1553608,16,,,0,458,,1553609,16,,,0
35401,'20261001',651,,1553610,16,,,0,458,,1553611,16,,,0
35401,'20261002',651,,1476867,16,,,0,458,,1476868,16,,,0
35401,'20261005',651,,1499906,16,,,0,458,,1499907,16,,,0
35401,'20261006',651,,1528365,16,,,0,458,,1528366,16,,,0
35401,'20261007',651,,1528367,16,,,0,458,,1528368,16,,,0
35401,'20261008',651,,1528369,16,,,0,458,,1528370,16,,,0
35401,'20261009',651,,1528371,16,,,0,458,,1528372,16,,,0
55401,'20260929',649,,1554006,16,,,0,73,,1554007,16,,,0
55401,'20260930',649,,1554008,16,,,0,73,,1554009,16,,,0
55401,'20261001',649,,1554010,16,,,0,73,,1554011,16,,,0
55401,'20261002',649,,1477458,16,,,0,73,,1477457,16,,,0
55401,'20261005',649,,1500431,16,,,0,73,,1500430,16,,,0
55401,'20261006',649,,1529149,16,,,0,73,,1529148,16,,,0
55401,'20261007',649,,1529151,16,,,0,73,,1529150,16,,,0
55401,'20261008',649,,1529153,16,,,0,73,,1529152,16,,,0
55401,'20261009',649,,1529155,16,,,0,73,,1529154,16,,,0
7005401,'20260929',848,,1561940,8,,,0
7005401,'20260930',848,,1561942,8,,,0
7005401,'20261001',848,,1561944,8,,,0
7005401,'20261002',848,,1485673,8,,,0
7005401,'20261005',848,,1508656,8,,,0
7005401,'20261006',848,,1540355,8,,,0
7005401,'20261007',848,,1540356,8,,,0
7005401,'20261008',848,,1540357,8,,,0
7005401,'20261009',848,,1540358,8,,,0
