3600,'20261009',800,,1600504,84,,,0,30,,1600505,84,,,0,70,,1600506,84,,,0,59,,1600507,84,,,0,100,,1600508,84,,,0,100,,1600509,84,,,0,100,,1600510,84,,,0,100,,1600511,84,,,0,141,,1600512,84,,,0,103,,1600513,84,,,0,33,,1600514,84,,,0,69,,1600515,84,,,0,26,,1600503,84,,,0,69,,1600517,84,,,0,29,,1600518,84,,,0,30,,1600519,84,,,0,98,,1600520,84,,,0,100,,1600521,84,,,0,100,,1600522,84,,,0,98,,1600523,84,,,0,100,,1600524,84,,,0,99,,1600525,84,,,0
3600,'20261010',756,,1630035,84,,,0,101,,1630036,84,,,0,100,,1630037,84,,,0,101,,1630038,84,,,0,100,,1630039,84,,,0,100,,1630040,84,,,0,100,,1630041,84,,,0,101,,1630042,84,,,0,100,,1630043,84,,,0,100,,1630044,84,,,0,99,,1630045,84,,,0,99,,1630046,84,,,0,100,,1630047,84,,,0,100,,1630048,84,,,0,99,,1630049,84,,,0,100,,1630050,84,,,0,100,,1630051,84,,,0,99,,1630052,84,,,0
3600,'20261011',756,,1630053,84,,,0,101,,1630054,84,,,0,100,,1630055,84,,,0,101,,1630056,84,,,0,100,,1630057,84,,,0,100,,1630058,84,,,0,100,,1630059,84,,,0,101,,1630060,84,,,0,100,,1630061,84,,,0,100,,1630062,84,,,0,99,,1630063,84,,,0,99,,1630064,84,,,0,100,,1630065,84,,,0,100,,1630066,84,,,0,99,,1630067,84,,,0,100,,1630068,84,,,0,100,,1630069,84,,,0,99,,1630070,84,,,0
3600,'20261012',756,,1630071,84,,,0,101,,1630072,84,,,0,100,,1630073,84,,,0,101,,1630074,84,,,0,100,,1630075,84,,,0,100,,1630076,84,,,0,100,,1630077,84,,,0,101,,1630078,84,,,0,100,,1630079,84,,,0,100,,1630080,84,,,0,99,,1630081,84,,,0,99,,1630082,84,,,0,100,,1630083,84,,,0,100,,1630084,84,,,0,99,,1630085,84,,,0,100,,1630086,84,,,0,100,,1630087,84,,,0,99,,1630088,84,,,0
3600,'20261013',800,,1568803,84,,,0,30,,1568824,84,,,0,70,,1568804,84,,,0,59,,1568805,84,,,0,100,,1568806,84,,,0,100,,1568807,84,,,0,100,,1568808,84,,,0,100,,1568809,84,,,0,141,,1568810,84,,,0,103,,1568811,84,,,0,33,,1568812,84,,,0,69,,1568813,84,,,0,26,,1568814,84,,,0,69,,1568815,84,,,0,29,,1568816,84,,,0,30,,1568818,84,,,0,98,,1568819,84,,,0,100,,1568820,84,,,0,100,,1568821,84,,,0,98,,1568822,84,,,0,100,,1568823,84,,,0,99,,1568817,84,,,0
3600,'20261014',800,,1568825,84,,,0,30,,1568846,84,,,0,70,,1568826,84,,,0,59,,1568827,84,,,0,100,,1568828,84,,,0,100,,1568829,84,,,0,100,,1568830,84,,,0,100,,1568831,84,,,0,141,,1568832,84,,,0,103,,1568833,84,,,0,33,,1568834,84,,,0,69,,1568835,84,,,0,26,,1568836,84,,,0,69,,1568837,84,,,0,29,,1568838,84,,,0,30,,1568840,84,,,0,98,,1568841,84,,,0,100,,1568842,84,,,0,100,,1568843,84,,,0,98,,1568844,84,,,0,100,,1568845,84,,,0,99,,1568839,84,,,0
3600,'20261015',800,,1568847,84,,,0,30,,1568868,84,,,0,70,,1568848,84,,,0,59,,1568849,84,,,0,100,,1568850,84,,,0,100,,1568851,84,,,0,100,,1568852,84,,,0,100,,1568853,84,,,0,141,,1568854,84,,,0,103,,1568855,84,,,0,33,,1568856,84,,,0,69,,1568857,84,,,0,26,,1568858,84,,,0,69,,1568859,84,,,0,29,,1568860,84,,,0,30,,1568862,84,,,0,98,,1568863,84,,,0,100,,1568864,84,,,0,100,,1568865,84,,,0,98,,1568866,84,,,0,100,,1568867,84,,,0,99,,1568861,84,,,0
3600,'20261016',800,,1568869,84,,,0,30,,1568890,84,,,0,70,,1568870,84,,,0,59,,1568871,84,,,0,100,,1568872,84,,,0,100,,1568873,84,,,0,100,,1568874,84,,,0,100,,1568875,84,,,0,141,,1568876,84,,,0,103,,1568877,84,,,0,33,,1568878,84,,,0,69,,1568879,84,,,0,26,,1568880,84,,,0,69,,1568881,84,,,0,29,,1568882,84,,,0,30,,1568884,84,,,0,98,,1568885,84,,,0,100,,1568886,84,,,0,100,,1568887,84,,,0,98,,1568888,84,,,0,100,,1568889,84,,,0,99,,1568883,84,,,0
3600,'20261017',756,,1600528,84,,,0,101,,1600529,84,,,0,100,,1600530,84,,,0,101,,1600531,84,,,0,100,,1600532,84,,,0,100,,1600533,84,,,0,100,,1600534,84,,,0,101,,1600535,84,,,0,100,,1600536,84,,,0,100,,1600537,84,,,0,99,,1600538,84,,,0,99,,1600539,84,,,0,100,,1600541,84,,,0,100,,1600526,84,,,0,99,,1600542,84,,,0,100,,1600527,84,,,0,100,,1600540,84,,,0,99,,1600543,84,,,0
3600,'20261018',756,,1600561,84,,,0,101,,1600559,84,,,0,100,,1600553,84,,,0,101,,1600556,84,,,0,100,,1600545,84,,,0,100,,1600544,84,,,0,100,,1600552,84,,,0,101,,1600551,84,,,0,100,,1600550,84,,,0,100,,1600549,84,,,0,99,,1600548,84,,,0,99,,1600547,84,,,0,100,,1600557,84,,,0,100,,1600546,84,,,0,99,,1600558,84,,,0,100,,1600555,84,,,0,100,,1600554,84,,,0,99,,1600560,84,,,0
3600,'20261019',800,,1600562,84,,,0,30,,1600583,84,,,0,70,,1600563,84,,,0,59,,1600564,84,,,0,100,,1600565,84,,,0,100,,1600566,84,,,0,100,,1600567,84,,,0,100,,1600568,84,,,0,141,,1600569,84,,,0,103,,1600570,84,,,0,33,,1600571,84,,,0,69,,1600572,84,,,0,26,,1600573,84,,,0,69,,1600574,84,,,0,29,,1600575,84,,,0,30,,1600577,84,,,0,98,,1600578,84,,,0,100,,1600579,84,,,0,100,,1600580,84,,,0,98,,1600581,84,,,0,100,,1600582,84,,,0,99,,1600576,84,,,0
3600,'20261020',800,,1600584,84,,,0,30,,1600605,84,,,0,70,,1600585,84,,,0,59,,1600586,84,,,0,100,,1600587,84,,,0,100,,1600588,84,,,0,100,,1600589,84,,,0,100,,1600590,84,,,0,141,,1600591,84,,,0,103,,1600592,84,,,0,33,,1600593,84,,,0,69,,1600594,84,,,0,26,,1600595,84,,,0,69,,1600596,84,,,0,29,,1600597,84,,,0,30,,1600599,84,,,0,98,,1600600,84,,,0,100,,1600601,84,,,0,100,,1600602,84,,,0,98,,1600603,84,,,0,100,,1600604,84,,,0,99,,1600598,84,,,0
3600,'20261021',800,,1630089,84,,,0,30,,1630110,84,,,0,70,,1630090,84,,,0,59,,1630091,84,,,0,100,,1630092,84,,,0,100,,1630093,84,,,0,100,,1630094,84,,,0,100,,1630095,84,,,0,141,,1630096,84,,,0,103,,1630097,84,,,0,33,,1630098,84,,,0,69,,1630099,84,,,0,26,,1630100,84,,,0,69,,1630101,84,,,0,29,,1630102,84,,,0,30,,1630104,84,,,0,98,,1630105,84,,,0,100,,1630106,84,,,0,100,,1630107,84,,,0,98,,1630108,84,,,0,100,,1630109,84,,,0,99,,1630103,84,,,0
3600,'20261022',800,,1630111,84,,,0,30,,1630132,84,,,0,70,,1630112,84,,,0,59,,1630113,84,,,0,100,,1630114,84,,,0,100,,1630115,84,,,0,100,,1630116,84,,,0,100,,1630117,84,,,0,141,,1630118,84,,,0,103,,1630119,84,,,0,33,,1630120,84,,,0,69,,1630121,84,,,0,26,,1630122,84,,,0,69,,1630123,84,,,0,29,,1630124,84,,,0,30,,1630126,84,,,0,98,,1630127,84,,,0,100,,1630128,84,,,0,100,,1630129,84,,,0,98,,1630130,84,,,0,100,,1630131,84,,,0,99,,1630125,84,,,0
3600,'20261023',800,,1630133,84,,,0,30,,1630154,84,,,0,70,,1630134,84,,,0,59,,1630135,84,,,0,100,,1630136,84,,,0,100,,1630137,84,,,0,100,,1630138,84,,,0,100,,1630139,84,,,0,141,,1630140,84,,,0,103,,1630141,84,,,0,33,,1630142,84,,,0,69,,1630143,84,,,0,26,,1630144,84,,,0,69,,1630145,84,,,0,29,,1630146,84,,,0,30,,1630148,84,,,0,98,,1630149,84,,,0,100,,1630150,84,,,0,100,,1630151,84,,,0,98,,1630152,84,,,0,100,,1630153,84,,,0,99,,1630147,84,,,0
3900,'20261009',746,,1600828,44,,,0,100,,1600829,44,,,0,68,,1600830,44,,,0,30,,1600831,44,,,0,100,,1600832,44,,,0,101,,1600833,44,,,0,100,,1600834,44,,,0,100,,1600835,44,,,0,100,,1600836,44,,,0,101,,1600837,44,,,0,71,,1600838,44,,,0,30,,1600839,44,,,0,69,,1600840,44,,,0,30,,1600841,44,,,0,69,,1600842,44,,,0,30,,1600843,44,,,0,99,,1600844,44,,,0,100,,1600845,44,,,0,100,,1600846,44,,,0,100,,1600847,44,,,0,99,,1600848,44,,,0,100,,1600849,44,,,0
3900,'20261010',744,,1630269,44,,,0,100,,1630270,44,,,0,100,,1630271,44,,,0,100,,1630272,44,,,0,100,,1630273,44,,,0,100,,1630274,44,,,0,101,,1630275,44,,,0,100,,1630276,44,,,0,100,,1630277,44,,,0,100,,1630278,44,,,0,99,,1630279,44,,,0,100,,1630280,44,,,0,100,,1630281,44,,,0,100,,1630282,44,,,0,100,,1630283,44,,,0,100,,1630284,44,,,0,99,,1630285,44,,,0,100,,1630286,44,,,0
3900,'20261011',744,,1630287,44,,,0,100,,1630288,44,,,0,100,,1630289,44,,,0,100,,1630290,44,,,0,100,,1630291,44,,,0,100,,1630292,44,,,0,101,,1630293,44,,,0,100,,1630294,44,,,0,100,,1630295,44,,,0,100,,1630296,44,,,0,99,,1630297,44,,,0,100,,1630298,44,,,0,100,,1630299,44,,,0,100,,1630300,44,,,0,100,,1630301,44,,,0,100,,1630302,44,,,0,99,,1630303,44,,,0,100,,1630304,44,,,0
3900,'20261012',744,,1630305,44,,,0,100,,1630306,44,,,0,100,,1630307,44,,,0,100,,1630308,44,,,0,100,,1630309,44,,,0,100,,1630310,44,,,0,101,,1630311,44,,,0,100,,1630312,44,,,0,100,,1630313,44,,,0,100,,1630314,44,,,0,99,,1630315,44,,,0,100,,1630316,44,,,0,100,,1630317,44,,,0,100,,1630318,44,,,0,100,,1630319,44,,,0,100,,1630320,44,,,0,99,,1630321,44,,,0,100,,1630322,44,,,0
3900,'20261013',746,,1569146,44,,,0,100,,1569127,44,,,0,68,,1569148,44,,,0,30,,1569128,44,,,0,100,,1569129,44,,,0,101,,1569130,44,,,0,100,,1569131,44,,,0,100,,1569132,44,,,0,100,,1569133,44,,,0,101,,1569134,44,,,0,71,,1569135,44,,,0,30,,1569136,44,,,0,69,,1569137,44,,,0,30,,1569138,44,,,0,69,,1569139,44,,,0,30,,1569140,44,,,0,99,,1569141,44,,,0,100,,1569142,44,,,0,100,,1569143,44,,,0,100,,1569147,44,,,0,99,,1569144,44,,,0,100,,1569145,44,,,0
3900,'20261014',746,,1569168,44,,,0,100,,1569149,44,,,0,68,,1569170,44,,,0,30,,1569150,44,,,0,100,,1569151,44,,,0,101,,1569152,44,,,0,100,,1569153,44,,,0,100,,1569154,44,,,0,100,,1569155,44,,,0,101,,1569156,44,,,0,71,,1569157,44,,,0,30,,1569158,44,,,0,69,,1569159,44,,,0,30,,1569160,44,,,0,69,,1569161,44,,,0,30,,1569162,44,,,0,99,,1569163,44,,,0,100,,1569164,44,,,0,100,,1569165,44,,,0,100,,1569169,44,,,0,99,,1569166,44,,,0,100,,1569167,44,,,0
3900,'20261015',746,,1569190,44,,,0,100,,1569171,44,,,0,68,,1569192,44,,,0,30,,1569172,44,,,0,100,,1569173,44,,,0,101,,1569174,44,,,0,100,,1569175,44,,,0,100,,1569176,44,,,0,100,,1569177,44,,,0,101,,1569178,44,,,0,71,,1569179,44,,,0,30,,1569180,44,,,0,69,,1569181,44,,,0,30,,1569182,44,,,0,69,,1569183,44,,,0,30,,1569184,44,,,0,99,,1569185,44,,,0,100,,1569186,44,,,0,100,,1569187,44,,,0,100,,1569191,44,,,0,99,,1569188,44,,,0,100,,1569189,44,,,0
3900,'20261016',746,,1569212,44,,,0,100,,1569193,44,,,0,68,,1569214,44,,,0,30,,1569194,44,,,0,100,,1569195,44,,,0,101,,1569196,44,,,0,100,,1569197,44,,,0,100,,1569198,44,,,0,100,,1569199,44,,,0,101,,1569200,44,,,0,71,,1569201,44,,,0,30,,1569202,44,,,0,69,,1569203,44,,,0,30,,1569204,44,,,0,69,,1569205,44,,,0,30,,1569206,44,,,0,99,,1569207,44,,,0,100,,1569208,44,,,0,100,,1569209,44,,,0,100,,1569213,44,,,0,99,,1569210,44,,,0,100,,1569211,44,,,0
3900,'20261017',744,,1600861,44,,,0,100,,1600864,44,,,0,100,,1600850,44,,,0,100,,1600865,44,,,0,100,,1600851,44,,,0,100,,1600852,44,,,0,101,,1600853,44,,,0,100,,1600854,44,,,0,100,,1600855,44,,,0,100,,1600856,44,,,0,99,,1600857,44,,,0,100,,1600858,44,,,0,100,,1600862,44,,,0,100,,1600859,44,,,0,100,,1600863,44,,,0,100,,1600860,44,,,0,99,,1600867,44,,,0,100,,1600866,44,,,0
3900,'20261018',744,,1600880,44,,,0,100,,1600882,44,,,0,100,,1600881,44,,,0,100,,1600883,44,,,0,100,,1600877,44,,,0,100,,1600868,44,,,0,101,,1600869,44,,,0,100,,1600870,44,,,0,100,,1600871,44,,,0,100,,1600872,44,,,0,99,,1600873,44,,,0,100,,1600874,44,,,0,100,,1600878,44,,,0,100,,1600875,44,,,0,100,,1600879,44,,,0,100,,1600876,44,,,0,99,,1600885,44,,,0,100,,1600884,44,,,0
3900,'20261019',746,,1600905,44,,,0,100,,1600886,44,,,0,68,,1600907,44,,,0,30,,1600887,44,,,0,100,,1600888,44,,,0,101,,1600889,44,,,0,100,,1600890,44,,,0,100,,1600891,44,,,0,100,,1600892,44,,,0,101,,1600893,44,,,0,71,,1600894,44,,,0,30,,1600895,44,,,0,69,,1600896,44,,,0,30,,1600897,44,,,0,69,,1600898,44,,,0,30,,1600899,44,,,0,99,,1600900,44,,,0,100,,1600901,44,,,0,100,,1600902,44,,,0,100,,1600906,44,,,0,99,,1600903,44,,,0,100,,1600904,44,,,0
3900,'20261020',746,,1600927,44,,,0,100,,1600908,44,,,0,68,,1600929,44,,,0,30,,1600909,44,,,0,100,,1600910,44,,,0,101,,1600911,44,,,0,100,,1600912,44,,,0,100,,1600913,44,,,0,100,,1600914,44,,,0,101,,1600915,44,,,0,71,,1600916,44,,,0,30,,1600917,44,,,0,69,,1600918,44,,,0,30,,1600919,44,,,0,69,,1600920,44,,,0,30,,1600921,44,,,0,99,,1600922,44,,,0,100,,1600923,44,,,0,100,,1600924,44,,,0,100,,1600928,44,,,0,99,,1600925,44,,,0,100,,1600926,44,,,0
3900,'20261021',746,,1630342,44,,,0,100,,1630323,44,,,0,68,,1630344,44,,,0,30,,1630324,44,,,0,100,,1630325,44,,,0,101,,1630326,44,,,0,100,,1630327,44,,,0,100,,1630328,44,,,0,100,,1630329,44,,,0,101,,1630330,44,,,0,71,,1630331,44,,,0,30,,1630332,44,,,0,69,,1630333,44,,,0,30,,1630334,44,,,0,69,,1630335,44,,,0,30,,1630336,44,,,0,99,,1630337,44,,,0,100,,1630338,44,,,0,100,,1630339,44,,,0,100,,1630343,44,,,0,99,,1630340,44,,,0,100,,1630341,44,,,0
3900,'20261022',746,,1630364,44,,,0,100,,1630345,44,,,0,68,,1630366,44,,,0,30,,1630346,44,,,0,100,,1630347,44,,,0,101,,1630348,44,,,0,100,,1630349,44,,,0,100,,1630350,44,,,0,100,,1630351,44,,,0,101,,1630352,44,,,0,71,,1630353,44,,,0,30,,1630354,44,,,0,69,,1630355,44,,,0,30,,1630356,44,,,0,69,,1630357,44,,,0,30,,1630358,44,,,0,99,,1630359,44,,,0,100,,1630360,44,,,0,100,,1630361,44,,,0,100,,1630365,44,,,0,99,,1630362,44,,,0,100,,1630363,44,,,0
3900,'20261023',746,,1630386,44,,,0,100,,1630367,44,,,0,68,,1630388,44,,,0,30,,1630368,44,,,0,100,,1630369,44,,,0,101,,1630370,44,,,0,100,,1630371,44,,,0,100,,1630372,44,,,0,100,,1630373,44,,,0,101,,1630374,44,,,0,71,,1630375,44,,,0,30,,1630376,44,,,0,69,,1630377,44,,,0,30,,1630378,44,,,0,69,,1630379,44,,,0,30,,1630380,44,,,0,99,,1630381,44,,,0,100,,1630382,44,,,0,100,,1630383,44,,,0,100,,1630387,44,,,0,99,,1630384,44,,,0,100,,1630385,44,,,0
23600,'20261009',1626,,1611570,53,4,,0,74,,1611571,53,4,,0,14,,1611572,53,4,,0,11,,1611573,53,4,,0,27,,1611574,53,4,,0,66,,1611575,53,4,,0
23600,'20261013',1626,,1579823,53,4,,0,74,,1579824,53,4,,0,14,,1579825,53,4,,0,11,,1579826,53,4,,0,27,,1579827,53,4,,0,66,,1579828,53,4,,0
23600,'20261014',1626,,1579829,53,4,,0,74,,1579830,53,4,,0,14,,1579831,53,4,,0,11,,1579832,53,4,,0,27,,1579833,53,4,,0,66,,1579834,53,4,,0
23600,'20261015',1626,,1579835,53,4,,0,74,,1579836,53,4,,0,14,,1579837,53,4,,0,11,,1579838,53,4,,0,27,,1579839,53,4,,0,66,,1579840,53,4,,0
23600,'20261016',1626,,1579841,53,4,,0,74,,1579842,53,4,,0,14,,1579843,53,4,,0,11,,1579844,53,4,,0,27,,1579845,53,4,,0,66,,1579846,53,4,,0
23600,'20261019',1626,,1611576,53,4,,0,74,,1611577,53,4,,0,14,,1611578,53,4,,0,11,,1611579,53,4,,0,27,,1611580,53,4,,0,66,,1611581,53,4,,0
23600,'20261020',1626,,1611582,53,4,,0,74,,1611583,53,4,,0,14,,1611584,53,4,,0,11,,1611585,53,4,,0,27,,1611586,53,4,,0,66,,1611587,53,4,,0
23600,'20261021',1626,,1637766,53,4,,0,74,,1637767,53,4,,0,14,,1637768,53,4,,0,11,,1637769,53,4,,0,27,,1637770,53,4,,0,66,,1637771,53,4,,0
23600,'20261022',1626,,1637772,53,4,,0,74,,1637773,53,4,,0,14,,1637774,53,4,,0,11,,1637775,53,4,,0,27,,1637776,53,4,,0,66,,1637777,53,4,,0
23600,'20261023',1626,,1637778,53,4,,0,74,,1637779,53,4,,0,14,,1637780,53,4,,0,11,,1637781,53,4,,0,27,,1637782,53,4,,0,66,,1637783,53,4,,0
23800,'20261009',1617,,1611714,40,4,,0,33,,1611715,40,4,,0,85,,1611716,40,4,,0,74,,1611717,40,4,,0
23800,'20261013',1617,,1579969,40,4,,0,33,,1579970,40,4,,0,85,,1579972,40,4,,0,74,,1579971,40,4,,0
23800,'20261014',1617,,1579973,40,4,,0,33,,1579974,40,4,,0,85,,1579976,40,4,,0,74,,1579975,40,4,,0
23800,'20261015',1617,,1579977,40,4,,0,33,,1579978,40,4,,0,85,,1579980,40,4,,0,74,,1579979,40,4,,0
23800,'20261016',1617,,1579981,40,4,,0,33,,1579982,40,4,,0,85,,1579984,40,4,,0,74,,1579983,40,4,,0
23800,'20261019',1617,,1611718,40,4,,0,33,,1611719,40,4,,0,85,,1611721,40,4,,0,74,,1611720,40,4,,0
23800,'20261020',1617,,1611722,40,4,,0,33,,1611723,40,4,,0,85,,1611725,40,4,,0,74,,1611724,40,4,,0
23800,'20261021',1617,,1637841,40,4,,0,33,,1637842,40,4,,0,85,,1637844,40,4,,0,74,,1637843,40,4,,0
23800,'20261022',1617,,1637845,40,4,,0,33,,1637846,40,4,,0,85,,1637848,40,4,,0,74,,1637847,40,4,,0
23800,'20261023',1617,,1637849,40,4,,0,33,,1637850,40,4,,0,85,,1637852,40,4,,0,74,,1637851,40,4,,0
33600,'20261009',1707,,1613165,51,4,,0,52,,1613166,51,4,,0,141,,1613167,51,4,,0
33600,'20261013',1707,,1581409,51,4,,0,52,,1581410,51,4,,0,141,,1581411,51,4,,0
33600,'20261014',1707,,1581412,51,4,,0,52,,1581413,51,4,,0,141,,1581414,51,4,,0
33600,'20261015',1707,,1581415,51,4,,0,52,,1581416,51,4,,0,141,,1581417,51,4,,0
33600,'20261016',1707,,1581418,51,4,,0,52,,1581419,51,4,,0,141,,1581420,51,4,,0
33600,'20261019',1707,,1613168,51,4,,0,52,,1613169,51,4,,0,141,,1613170,51,4,,0
33600,'20261020',1707,,1613171,51,4,,0,52,,1613172,51,4,,0,141,,1613173,51,4,,0
33600,'20261021',1707,,1638558,51,4,,0,52,,1638559,51,4,,0,141,,1638560,51,4,,0
33600,'20261022',1707,,1638561,51,4,,0,52,,1638562,51,4,,0,141,,1638563,51,4,,0
33600,'20261023',1707,,1638564,51,4,,0,52,,1638565,51,4,,0,141,,1638566,51,4,,0
33800,'20261009',1252,,1613270,41,4,,0,452,,1613271,41,4,,0,97,,1613272,41,4,,0,99,,1613273,41,4,,0
33800,'20261013',1252,,1581516,41,4,,0,452,,1581513,41,4,,0,97,,1581515,41,4,,0,99,,1581514,41,4,,0
33800,'20261014',1252,,1581520,41,4,,0,452,,1581517,41,4,,0,97,,1581519,41,4,,0,99,,1581518,41,4,,0
33800,'20261015',1252,,1581524,41,4,,0,452,,1581521,41,4,,0,97,,1581523,41,4,,0,99,,1581522,41,4,,0
33800,'20261016',1252,,1581528,41,4,,0,452,,1581525,41,4,,0,97,,1581527,41,4,,0,99,,1581526,41,4,,0
33800,'20261019',1252,,1613277,41,4,,0,452,,1613274,41,4,,0,97,,1613276,41,4,,0,99,,1613275,41,4,,0
33800,'20261020',1252,,1613281,41,4,,0,452,,1613278,41,4,,0,97,,1613280,41,4,,0,99,,1613279,41,4,,0
33800,'20261021',1252,,1638612,41,4,,0,452,,1638609,41,4,,0,97,,1638611,41,4,,0,99,,1638610,41,4,,0
33800,'20261022',1252,,1638616,41,4,,0,452,,1638613,41,4,,0,97,,1638615,41,4,,0,99,,1638614,41,4,,0
33800,'20261023',1252,,1638620,41,4,,0,452,,1638617,41,4,,0,97,,1638619,41,4,,0,99,,1638618,41,4,,0
53600,'20261009',1716,,1614007,49,4,,0,35,,1614008,49,4,,0,64,,1614009,49,4,,0
53600,'20261013',1716,,1582246,49,4,,0,35,,1582247,49,4,,0,64,,1582248,49,4,,0
53600,'20261014',1716,,1582249,49,4,,0,35,,1582250,49,4,,0,64,,1582251,49,4,,0
53600,'20261015',1716,,1582252,49,4,,0,35,,1582253,49,4,,0,64,,1582254,49,4,,0
53600,'20261016',1716,,1582255,49,4,,0,35,,1582256,49,4,,0,64,,1582257,49,4,,0
53600,'20261019',1716,,1614010,49,4,,0,35,,1614011,49,4,,0,64,,1614012,49,4,,0
53600,'20261020',1716,,1614013,49,4,,0,35,,1614014,49,4,,0,64,,1614015,49,4,,0
53600,'20261021',1716,,1638977,49,4,,0,35,,1638978,49,4,,0,64,,1638979,49,4,,0
53600,'20261022',1716,,1638980,49,4,,0,35,,1638981,49,4,,0,64,,1638982,49,4,,0
53600,'20261023',1716,,1638983,49,4,,0,35,,1638984,49,4,,0,64,,1638985,49,4,,0
53800,'20261009',1712,,1614073,39,4,,0,33,,1614074,39,4,,0,68,,1614075,39,4,,0
53800,'20261013',1712,,1582313,39,4,,0,33,,1582312,39,4,,0,68,,1582314,39,4,,0
53800,'20261014',1712,,1582316,39,4,,0,33,,1582315,39,4,,0,68,,1582317,39,4,,0
53800,'20261015',1712,,1582319,39,4,,0,33,,1582318,39,4,,0,68,,1582320,39,4,,0
53800,'20261016',1712,,1582322,39,4,,0,33,,1582321,39,4,,0,68,,1582323,39,4,,0
53800,'20261019',1712,,1614077,39,4,,0,33,,1614076,39,4,,0,68,,1614078,39,4,,0
53800,'20261020',1712,,1614080,39,4,,0,33,,1614079,39,4,,0,68,,1614081,39,4,,0
53800,'20261021',1712,,1639011,39,4,,0,33,,1639010,39,4,,0,68,,1639012,39,4,,0
53800,'20261022',1712,,1639014,39,4,,0,33,,1639013,39,4,,0,68,,1639015,39,4,,0
53800,'20261023',1712,,1639017,39,4,,0,33,,1639016,39,4,,0,68,,1639018,39,4,,0
93600,'20261009',2619,,1625326,88,,,0
93600,'20261010',2619,,1646887,88,,,0
93600,'20261016',2619,,1593513,88,,,0
93600,'20261017',2619,,1625327,88,,,0
93600,'20261023',2619,,1646888,88,,,0
