9102,'20260929',510,,1551291,7,,,0,99,,1551292,7,,,0,29,,1551293,7,,,0,67,,1551294,7,,,0,29,,1551295,7,,,0,73,,1551296,7,,,0,32,,1551297,7,,,0,99,,1551298,7,,,0,100,,1551299,7,,,0,100,,1551300,7,,,0,100,,1551301,7,,,0,100,,1551302,7,,,0,100,,1551303,7,,,0,90,,1551304,7,,,0,105,,1551305,7,,,0,106,,1551306,7,,,0,100,,1551307,7,,,0,101,,1551308,7,,,0,99,,1551309,7,,,0,101,,1551310,7,,,0,100,,1551311,7,,,0
9102,'20260930',510,,1551312,7,,,0,99,,1551313,7,,,0,29,,1551314,7,,,0,67,,1551315,7,,,0,29,,1551316,7,,,0,73,,1551317,7,,,0,32,,1551318,7,,,0,99,,1551319,7,,,0,100,,1551320,7,,,0,100,,1551321,7,,,0,100,,1551322,7,,,0,100,,1551323,7,,,0,100,,1551324,7,,,0,90,,1551325,7,,,0,105,,1551326,7,,,0,106,,1551327,7,,,0,100,,1551328,7,,,0,101,,1551329,7,,,0,99,,1551330,7,,,0,101,,1551331,7,,,0,100,,1551332,7,,,0
9102,'20261001',510,,1551333,7,,,0,99,,1551334,7,,,0,29,,1551335,7,,,0,67,,1551336,7,,,0,29,,1551337,7,,,0,73,,1551338,7,,,0,32,,1551339,7,,,0,99,,1551340,7,,,0,100,,1551341,7,,,0,100,,1551342,7,,,0,100,,1551343,7,,,0,100,,1551344,7,,,0,100,,1551345,7,,,0,90,,1551346,7,,,0,105,,1551347,7,,,0,106,,1551348,7,,,0,100,,1551349,7,,,0,101,,1551350,7,,,0,99,,1551351,7,,,0,101,,1551352,7,,,0,100,,1551353,7,,,0
9102,'20261002',510,,1474270,7,,,0,99,,1474271,7,,,0,29,,1474272,7,,,0,67,,1474273,7,,,0,29,,1474274,7,,,0,73,,1474275,7,,,0,32,,1474276,7,,,0,99,,1474277,7,,,0,100,,1474278,7,,,0,100,,1474279,7,,,0,100,,1474280,7,,,0,100,,1474281,7,,,0,100,,1474282,7,,,0,90,,1474283,7,,,0,105,,1474284,7,,,0,106,,1474285,7,,,0,100,,1474286,7,,,0,101,,1474287,7,,,0,99,,1474288,7,,,0,101,,1474289,7,,,0,100,,1474290,7,,,0
9102,'20261003',539,,1497270,7,,,0,100,,1497271,7,,,0,99,,1497272,7,,,0,100,,1497273,7,,,0,100,,1497274,7,,,0,100,,1497275,7,,,0,100,,1497276,7,,,0,100,,1497277,7,,,0,100,,1497278,7,,,0,100,,1497279,7,,,0,100,,1497280,7,,,0,100,,1497281,7,,,0,100,,1497282,7,,,0,100,,1497283,7,,,0,101,,1497284,7,,,0,100,,1497285,7,,,0,100,,1497286,7,,,0,100,,1497287,7,,,0
9102,'20261004',539,,1497288,7,,,0,100,,1497289,7,,,0,99,,1497290,7,,,0,100,,1497291,7,,,0,100,,1497292,7,,,0,100,,1497293,7,,,0,100,,1497294,7,,,0,100,,1497295,7,,,0,100,,1497296,7,,,0,100,,1497297,7,,,0,100,,1497298,7,,,0,100,,1497299,7,,,0,100,,1497300,7,,,0,100,,1497301,7,,,0,101,,1497302,7,,,0,100,,1497303,7,,,0,100,,1497304,7,,,0,100,,1497305,7,,,0
9102,'20261005',510,,1497306,7,,,0,99,,1497307,7,,,0,29,,1497308,7,,,0,67,,1497309,7,,,0,29,,1497310,7,,,0,73,,1497311,7,,,0,32,,1497312,7,,,0,99,,1497313,7,,,0,100,,1497314,7,,,0,100,,1497315,7,,,0,100,,1497316,7,,,0,100,,1497317,7,,,0,100,,1497318,7,,,0,90,,1497319,7,,,0,105,,1497320,7,,,0,106,,1497321,7,,,0,100,,1497322,7,,,0,101,,1497323,7,,,0,99,,1497324,7,,,0,101,,1497325,7,,,0,100,,1497326,7,,,0
9102,'20261006',510,,1524596,7,,,0,99,,1524597,7,,,0,29,,1524598,7,,,0,67,,1524599,7,,,0,29,,1524600,7,,,0,73,,1524601,7,,,0,32,,1524602,7,,,0,99,,1524603,7,,,0,100,,1524604,7,,,0,100,,1524605,7,,,0,100,,1524606,7,,,0,100,,1524607,7,,,0,100,,1524608,7,,,0,90,,1524609,7,,,0,105,,1524610,7,,,0,106,,1524611,7,,,0,100,,1524612,7,,,0,101,,1524613,7,,,0,99,,1524614,7,,,0,101,,1524615,7,,,0,100,,1524616,7,,,0
9102,'20261007',510,,1524617,7,,,0,99,,1524618,7,,,0,29,,1524619,7,,,0,67,,1524620,7,,,0,29,,1524621,7,,,0,73,,1524622,7,,,0,32,,1524623,7,,,0,99,,1524624,7,,,0,100,,1524625,7,,,0,100,,1524626,7,,,0,100,,1524627,7,,,0,100,,1524628,7,,,0,100,,1524629,7,,,0,90,,1524630,7,,,0,105,,1524631,7,,,0,106,,1524632,7,,,0,100,,1524633,7,,,0,101,,1524634,7,,,0,99,,1524635,7,,,0,101,,1524636,7,,,0,100,,1524637,7,,,0
9102,'20261008',510,,1524638,7,,,0,99,,1524639,7,,,0,29,,1524640,7,,,0,67,,1524641,7,,,0,29,,1524642,7,,,0,73,,1524643,7,,,0,32,,1524644,7,,,0,99,,1524645,7,,,0,100,,1524646,7,,,0,100,,1524647,7,,,0,100,,1524648,7,,,0,100,,1524649,7,,,0,100,,1524650,7,,,0,90,,1524651,7,,,0,105,,1524652,7,,,0,106,,1524653,7,,,0,100,,1524654,7,,,0,101,,1524655,7,,,0,99,,1524656,7,,,0,101,,1524657,7,,,0,100,,1524658,7,,,0
9102,'20261009',510,,1524659,7,,,0,99,,1524660,7,,,0,29,,1524661,7,,,0,67,,1524662,7,,,0,29,,1524663,7,,,0,73,,1524664,7,,,0,32,,1524665,7,,,0,99,,1524666,7,,,0,100,,1524667,7,,,0,100,,1524668,7,,,0,100,,1524669,7,,,0,100,,1524670,7,,,0,100,,1524671,7,,,0,90,,1524672,7,,,0,105,,1524673,7,,,0,106,,1524674,7,,,0,100,,1524675,7,,,0,101,,1524676,7,,,0,99,,1524677,7,,,0,101,,1524678,7,,,0,100,,1524679,7,,,0
9102,'20261010',539,,1551354,7,,,0,100,,1551355,7,,,0,99,,1551356,7,,,0,100,,1551357,7,,,0,100,,1551358,7,,,0,100,,1551359,7,,,0,100,,1551360,7,,,0,100,,1551361,7,,,0,100,,1551362,7,,,0,100,,1551363,7,,,0,100,,1551364,7,,,0,100,,1551365,7,,,0,100,,1551366,7,,,0,100,,1551367,7,,,0,101,,1551368,7,,,0,100,,1551369,7,,,0,100,,1551370,7,,,0,100,,1551371,7,,,0
9102,'20261011',539,,1551372,7,,,0,100,,1551373,7,,,0,99,,1551374,7,,,0,100,,1551375,7,,,0,100,,1551376,7,,,0,100,,1551377,7,,,0,100,,1551378,7,,,0,100,,1551379,7,,,0,100,,1551380,7,,,0,100,,1551381,7,,,0,100,,1551382,7,,,0,100,,1551383,7,,,0,100,,1551384,7,,,0,100,,1551385,7,,,0,101,,1551386,7,,,0,100,,1551387,7,,,0,100,,1551388,7,,,0,100,,1551389,7,,,0
9102,'20261012',539,,1551390,7,,,0,100,,1551391,7,,,0,99,,1551392,7,,,0,100,,1551393,7,,,0,100,,1551394,7,,,0,100,,1551395,7,,,0,100,,1551396,7,,,0,100,,1551397,7,,,0,100,,1551398,7,,,0,100,,1551399,7,,,0,100,,1551400,7,,,0,100,,1551401,7,,,0,100,,1551402,7,,,0,100,,1551403,7,,,0,101,,1551404,7,,,0,100,,1551405,7,,,0,100,,1551406,7,,,0,100,,1551407,7,,,0
29102,'20260929',606,,1553351,7,,,0,23,,1553352,7,,,0,20,,1553353,7,,,0,69,,1553354,7,,,0
29102,'20260930',606,,1553355,7,,,0,23,,1553356,7,,,0,20,,1553357,7,,,0,69,,1553358,7,,,0
29102,'20261001',606,,1553359,7,,,0,23,,1553360,7,,,0,20,,1553361,7,,,0,69,,1553362,7,,,0
29102,'20261002',606,,1476536,7,,,0,23,,1476539,7,,,0,20,,1476537,7,,,0,69,,1476538,7,,,0
29102,'20261005',606,,1499573,7,,,0,23,,1499576,7,,,0,20,,1499574,7,,,0,69,,1499575,7,,,0
29102,'20261006',606,,1527863,7,,,0,23,,1527866,7,,,0,20,,1527864,7,,,0,69,,1527865,7,,,0
29102,'20261007',606,,1527867,7,,,0,23,,1527870,7,,,0,20,,1527868,7,,,0,69,,1527869,7,,,0
29102,'20261008',606,,1527871,7,,,0,23,,1527874,7,,,0,20,,1527872,7,,,0,69,,1527873,7,,,0
29102,'20261009',606,,1527875,7,,,0,23,,1527878,7,,,0,20,,1527876,7,,,0,69,,1527877,7,,,0
