7400,'20260929',747,,1548985,65,,,1,98,,1548986,65,,,1,98,,1548987,65,,,1,99,,1548988,65,,,1,101,,1548989,65,,,1,100,,1548990,65,,,1,100,,1548991,65,,,1,102,,1548992,65,,,1,101,,1548993,65,,,1,100,,1548994,65,,,1,99,,1548995,65,,,1,99,,1548996,65,,,1,97,,1548997,65,,,1,100,,1548998,65,,,1,100,,1548999,65,,,1,100,,1549000,65,,,1,100,,1549001,65,,,1
7400,'20260930',747,,1549006,65,,,1,98,,1549007,65,,,1,98,,1549008,65,,,1,99,,1549009,65,,,1,101,,1549010,65,,,1,100,,1549011,65,,,1,100,,1549012,65,,,1,102,,1549013,65,,,1,101,,1549014,65,,,1,100,,1549015,65,,,1,99,,1549016,65,,,1,99,,1549017,65,,,1,97,,1549018,65,,,1,100,,1549019,65,,,1,100,,1549020,65,,,1,100,,1549021,65,,,1,100,,1549022,65,,,1
7400,'20261001',747,,1549027,65,,,1,98,,1549028,65,,,1,98,,1549029,65,,,1,99,,1549030,65,,,1,101,,1549031,65,,,1,100,,1549032,65,,,1,100,,1549033,65,,,1,102,,1549034,65,,,1,101,,1549035,65,,,1,100,,1549036,65,,,1,99,,1549037,65,,,1,99,,1549038,65,,,1,97,,1549039,65,,,1,100,,1549040,65,,,1,100,,1549041,65,,,1,100,,1549042,65,,,1,100,,1549043,65,,,1
7400,'20261002',747,,1471875,65,,,1,98,,1471862,65,,,1,98,,1471863,65,,,1,99,,1471864,65,,,1,101,,1471865,65,,,1,100,,1471866,65,,,1,100,,1471867,65,,,1,102,,1471868,65,,,1,101,,1471869,65,,,1,100,,1471870,65,,,1,99,,1471871,65,,,1,99,,1471872,65,,,1,97,,1471876,65,,,1,100,,1471877,65,,,1,100,,1471873,65,,,1,100,,1471878,65,,,1,100,,1471874,65,,,1
7400,'20261003',841,,1494873,65,,,1,101,,1494887,65,,,1,100,,1494888,65,,,1,100,,1494874,65,,,1,100,,1494875,65,,,1,100,,1494876,65,,,1,100,,1494877,65,,,1,101,,1494878,65,,,1,100,,1494879,65,,,1,101,,1494880,65,,,1,100,,1494881,65,,,1,98,,1494882,65,,,1,99,,1494883,65,,,1,100,,1494884,65,,,1,100,,1494885,65,,,1,100,,1494886,65,,,1,169,,1494889,65,,,1
7400,'20261004',841,,1494890,65,,,1,101,,1494904,65,,,1,100,,1494891,65,,,1,100,,1494905,65,,,1,100,,1494898,65,,,1,100,,1494899,65,,,1,100,,1494900,65,,,1,101,,1494901,65,,,1,100,,1494902,65,,,1,101,,1494903,65,,,1,100,,1494892,65,,,1,98,,1494896,65,,,1,99,,1494897,65,,,1,100,,1494893,65,,,1,100,,1494894,65,,,1,100,,1494895,65,,,1,169,,1494906,65,,,1
7400,'20261005',747,,1494920,65,,,1,98,,1494907,65,,,1,98,,1494908,65,,,1,99,,1494909,65,,,1,101,,1494910,65,,,1,100,,1494911,65,,,1,100,,1494912,65,,,1,102,,1494913,65,,,1,101,,1494914,65,,,1,100,,1494915,65,,,1,99,,1494916,65,,,1,99,,1494917,65,,,1,97,,1494921,65,,,1,100,,1494922,65,,,1,100,,1494918,65,,,1,100,,1494923,65,,,1,100,,1494919,65,,,1
7400,'20261006',747,,1521327,65,,,1,98,,1521314,65,,,1,98,,1521315,65,,,1,99,,1521316,65,,,1,101,,1521317,65,,,1,100,,1521318,65,,,1,100,,1521319,65,,,1,102,,1521320,65,,,1,101,,1521321,65,,,1,100,,1521322,65,,,1,99,,1521323,65,,,1,99,,1521324,65,,,1,97,,1521328,65,,,1,100,,1521329,65,,,1,100,,1521325,65,,,1,100,,1521330,65,,,1,100,,1521326,65,,,1
7400,'20261007',747,,1521348,65,,,1,98,,1521335,65,,,1,98,,1521336,65,,,1,99,,1521337,65,,,1,101,,1521338,65,,,1,100,,1521339,65,,,1,100,,1521340,65,,,1,102,,1521341,65,,,1,101,,1521342,65,,,1,100,,1521343,65,,,1,99,,1521344,65,,,1,99,,1521345,65,,,1,97,,1521349,65,,,1,100,,1521350,65,,,1,100,,1521346,65,,,1,100,,1521351,65,,,1,100,,1521347,65,,,1
7400,'20261008',747,,1521369,65,,,1,98,,1521356,65,,,1,98,,1521357,65,,,1,99,,1521358,65,,,1,101,,1521359,65,,,1,100,,1521360,65,,,1,100,,1521361,65,,,1,102,,1521362,65,,,1,101,,1521363,65,,,1,100,,1521364,65,,,1,99,,1521365,65,,,1,99,,1521366,65,,,1,97,,1521370,65,,,1,100,,1521371,65,,,1,100,,1521367,65,,,1,100,,1521372,65,,,1,100,,1521368,65,,,1
7400,'20261009',747,,1521390,65,,,1,98,,1521377,65,,,1,98,,1521378,65,,,1,99,,1521379,65,,,1,101,,1521380,65,,,1,100,,1521381,65,,,1,100,,1521382,65,,,1,102,,1521383,65,,,1,101,,1521384,65,,,1,100,,1521385,65,,,1,99,,1521386,65,,,1,99,,1521387,65,,,1,97,,1521391,65,,,1,100,,1521392,65,,,1,100,,1521388,65,,,1,100,,1521393,65,,,1,100,,1521389,65,,,1
7400,'20261010',841,,1549044,65,,,1,101,,1549058,65,,,1,100,,1549059,65,,,1,100,,1549045,65,,,1,100,,1549046,65,,,1,100,,1549047,65,,,1,100,,1549048,65,,,1,101,,1549049,65,,,1,100,,1549050,65,,,1,101,,1549051,65,,,1,100,,1549052,65,,,1,98,,1549053,65,,,1,99,,1549054,65,,,1,100,,1549055,65,,,1,100,,1549056,65,,,1,100,,1549057,65,,,1,169,,1549060,65,,,1
7400,'20261011',841,,1549061,65,,,1,101,,1549075,65,,,1,100,,1549062,65,,,1,100,,1549076,65,,,1,100,,1549069,65,,,1,100,,1549070,65,,,1,100,,1549071,65,,,1,101,,1549072,65,,,1,100,,1549073,65,,,1,101,,1549074,65,,,1,100,,1549063,65,,,1,98,,1549067,65,,,1,99,,1549068,65,,,1,100,,1549064,65,,,1,100,,1549065,65,,,1,100,,1549066,65,,,1,169,,1549077,65,,,1
7400,'20261012',841,,1549078,65,,,1,101,,1549092,65,,,1,100,,1549079,65,,,1,100,,1549093,65,,,1,100,,1549086,65,,,1,100,,1549087,65,,,1,100,,1549088,65,,,1,101,,1549089,65,,,1,100,,1549090,65,,,1,101,,1549091,65,,,1,100,,1549080,65,,,1,98,,1549084,65,,,1,99,,1549085,65,,,1,100,,1549081,65,,,1,100,,1549082,65,,,1,100,,1549083,65,,,1,169,,1549094,65,,,1
98400,'20261002',2618,,1485613,81,,,0
98400,'20261003',2618,,1508568,81,,,0
98400,'20261009',2618,,1540250,81,,,0
98400,'20261010',2618,,1561869,81,,,0
