3900,'20260929',747,,1545165,46,,,0,100,,1545166,46,,,0,68,,1545167,46,,,0,30,,1545168,46,,,0,100,,1545169,46,,,0,101,,1545170,46,,,0,100,,1545171,46,,,0,100,,1545172,46,,,0,100,,1545173,46,,,0,101,,1545174,46,,,0,71,,1545175,46,,,0,31,,1545176,46,,,0,68,,1545177,46,,,0,30,,1545178,46,,,0,69,,1545179,46,,,0,30,,1545180,46,,,0,99,,1545181,46,,,0,100,,1545182,46,,,0,100,,1545183,46,,,0,100,,1545184,46,,,0,99,,1545185,46,,,0,100,,1545186,46,,,0
3900,'20260930',747,,1545187,46,,,0,100,,1545188,46,,,0,68,,1545189,46,,,0,30,,1545190,46,,,0,100,,1545191,46,,,0,101,,1545192,46,,,0,100,,1545193,46,,,0,100,,1545194,46,,,0,100,,1545195,46,,,0,101,,1545196,46,,,0,71,,1545197,46,,,0,31,,1545198,46,,,0,68,,1545199,46,,,0,30,,1545200,46,,,0,69,,1545201,46,,,0,30,,1545202,46,,,0,99,,1545203,46,,,0,100,,1545204,46,,,0,100,,1545205,46,,,0,100,,1545206,46,,,0,99,,1545207,46,,,0,100,,1545208,46,,,0
3900,'20261001',747,,1545209,46,,,0,100,,1545210,46,,,0,68,,1545211,46,,,0,30,,1545212,46,,,0,100,,1545213,46,,,0,101,,1545214,46,,,0,100,,1545215,46,,,0,100,,1545216,46,,,0,100,,1545217,46,,,0,101,,1545218,46,,,0,71,,1545219,46,,,0,31,,1545220,46,,,0,68,,1545221,46,,,0,30,,1545222,46,,,0,69,,1545223,46,,,0,30,,1545224,46,,,0,99,,1545225,46,,,0,100,,1545226,46,,,0,100,,1545227,46,,,0,100,,1545228,46,,,0,99,,1545229,46,,,0,100,,1545230,46,,,0
3900,'20261002',747,,1467883,46,,,0,100,,1467864,46,,,0,68,,1467885,46,,,0,30,,1467865,46,,,0,100,,1467866,46,,,0,101,,1467867,46,,,0,100,,1467868,46,,,0,100,,1467869,46,,,0,100,,1467870,46,,,0,101,,1467871,46,,,0,71,,1467872,46,,,0,31,,1467873,46,,,0,68,,1467874,46,,,0,30,,1467875,46,,,0,69,,1467876,46,,,0,30,,1467877,46,,,0,99,,1467878,46,,,0,100,,1467879,46,,,0,100,,1467880,46,,,0,100,,1467884,46,,,0,99,,1467881,46,,,0,100,,1467882,46,,,0
3900,'20261003',745,,1490881,46,,,0,100,,1490884,46,,,0,100,,1490870,46,,,0,100,,1490885,46,,,0,100,,1490871,46,,,0,100,,1490872,46,,,0,101,,1490873,46,,,0,100,,1490874,46,,,0,100,,1490875,46,,,0,100,,1490876,46,,,0,99,,1490877,46,,,0,100,,1490878,46,,,0,100,,1490882,46,,,0,100,,1490879,46,,,0,100,,1490883,46,,,0,100,,1490880,46,,,0,99,,1490887,46,,,0,100,,1490886,46,,,0
3900,'20261004',745,,1490900,46,,,0,100,,1490902,46,,,0,100,,1490901,46,,,0,100,,1490903,46,,,0,100,,1490897,46,,,0,100,,1490888,46,,,0,101,,1490889,46,,,0,100,,1490890,46,,,0,100,,1490891,46,,,0,100,,1490892,46,,,0,99,,1490893,46,,,0,100,,1490894,46,,,0,100,,1490898,46,,,0,100,,1490895,46,,,0,100,,1490899,46,,,0,100,,1490896,46,,,0,99,,1490905,46,,,0,100,,1490904,46,,,0
3900,'20261005',747,,1490925,46,,,0,100,,1490906,46,,,0,68,,1490927,46,,,0,30,,1490907,46,,,0,100,,1490908,46,,,0,101,,1490909,46,,,0,100,,1490910,46,,,0,100,,1490911,46,,,0,100,,1490912,46,,,0,101,,1490913,46,,,0,71,,1490914,46,,,0,31,,1490915,46,,,0,68,,1490916,46,,,0,30,,1490917,46,,,0,69,,1490918,46,,,0,30,,1490919,46,,,0,99,,1490920,46,,,0,100,,1490921,46,,,0,100,,1490922,46,,,0,100,,1490926,46,,,0,99,,1490923,46,,,0,100,,1490924,46,,,0
3900,'20261006',747,,1515869,46,,,0,100,,1515850,46,,,0,68,,1515871,46,,,0,30,,1515851,46,,,0,100,,1515852,46,,,0,101,,1515853,46,,,0,100,,1515854,46,,,0,100,,1515855,46,,,0,100,,1515856,46,,,0,101,,1515857,46,,,0,71,,1515858,46,,,0,31,,1515859,46,,,0,68,,1515860,46,,,0,30,,1515861,46,,,0,69,,1515862,46,,,0,30,,1515863,46,,,0,99,,1515864,46,,,0,100,,1515865,46,,,0,100,,1515866,46,,,0,100,,1515870,46,,,0,99,,1515867,46,,,0,100,,1515868,46,,,0
3900,'20261007',747,,1515891,46,,,0,100,,1515872,46,,,0,68,,1515893,46,,,0,30,,1515873,46,,,0,100,,1515874,46,,,0,101,,1515875,46,,,0,100,,1515876,46,,,0,100,,1515877,46,,,0,100,,1515878,46,,,0,101,,1515879,46,,,0,71,,1515880,46,,,0,31,,1515881,46,,,0,68,,1515882,46,,,0,30,,1515883,46,,,0,69,,1515884,46,,,0,30,,1515885,46,,,0,99,,1515886,46,,,0,100,,1515887,46,,,0,100,,1515888,46,,,0,100,,1515892,46,,,0,99,,1515889,46,,,0,100,,1515890,46,,,0
3900,'20261008',747,,1515913,46,,,0,100,,1515894,46,,,0,68,,1515915,46,,,0,30,,1515895,46,,,0,100,,1515896,46,,,0,101,,1515897,46,,,0,100,,1515898,46,,,0,100,,1515899,46,,,0,100,,1515900,46,,,0,101,,1515901,46,,,0,71,,1515902,46,,,0,31,,1515903,46,,,0,68,,1515904,46,,,0,30,,1515905,46,,,0,69,,1515906,46,,,0,30,,1515907,46,,,0,99,,1515908,46,,,0,100,,1515909,46,,,0,100,,1515910,46,,,0,100,,1515914,46,,,0,99,,1515911,46,,,0,100,,1515912,46,,,0
3900,'20261009',747,,1515935,46,,,0,100,,1515916,46,,,0,68,,1515937,46,,,0,30,,1515917,46,,,0,100,,1515918,46,,,0,101,,1515919,46,,,0,100,,1515920,46,,,0,100,,1515921,46,,,0,100,,1515922,46,,,0,101,,1515923,46,,,0,71,,1515924,46,,,0,31,,1515925,46,,,0,68,,1515926,46,,,0,30,,1515927,46,,,0,69,,1515928,46,,,0,30,,1515929,46,,,0,99,,1515930,46,,,0,100,,1515931,46,,,0,100,,1515932,46,,,0,100,,1515936,46,,,0,99,,1515933,46,,,0,100,,1515934,46,,,0
3900,'20261010',745,,1545242,46,,,0,100,,1545245,46,,,0,100,,1545231,46,,,0,100,,1545246,46,,,0,100,,1545232,46,,,0,100,,1545233,46,,,0,101,,1545234,46,,,0,100,,1545235,46,,,0,100,,1545236,46,,,0,100,,1545237,46,,,0,99,,1545238,46,,,0,100,,1545239,46,,,0,100,,1545243,46,,,0,100,,1545240,46,,,0,100,,1545244,46,,,0,100,,1545241,46,,,0,99,,1545248,46,,,0,100,,1545247,46,,,0
3900,'20261011',745,,1545261,46,,,0,100,,1545263,46,,,0,100,,1545262,46,,,0,100,,1545264,46,,,0,100,,1545258,46,,,0,100,,1545249,46,,,0,101,,1545250,46,,,0,100,,1545251,46,,,0,100,,1545252,46,,,0,100,,1545253,46,,,0,99,,1545254,46,,,0,100,,1545255,46,,,0,100,,1545259,46,,,0,100,,1545256,46,,,0,100,,1545260,46,,,0,100,,1545257,46,,,0,99,,1545266,46,,,0,100,,1545265,46,,,0
3900,'20261012',745,,1545279,46,,,0,100,,1545281,46,,,0,100,,1545280,46,,,0,100,,1545282,46,,,0,100,,1545276,46,,,0,100,,1545267,46,,,0,101,,1545268,46,,,0,100,,1545269,46,,,0,100,,1545270,46,,,0,100,,1545271,46,,,0,99,,1545272,46,,,0,100,,1545273,46,,,0,100,,1545277,46,,,0,100,,1545274,46,,,0,100,,1545278,46,,,0,100,,1545275,46,,,0,99,,1545284,46,,,0,100,,1545283,46,,,0
13600,'20260929',1620,,1552556,31,,,0,7,,1552557,31,,,0,12,,1552558,31,,,0,10,,1552559,31,,,0,53,,1552560,31,,,0,11,,1552561,31,,,0,9,,1552562,31,,,0,10,,1552563,31,,,0,9,,1552564,31,,,0,11,,1552565,31,,,0,52,,1552566,31,,,0,11,,1552567,31,,,0
13600,'20260930',1620,,1552568,31,,,0,7,,1552569,31,,,0,12,,1552570,31,,,0,10,,1552571,31,,,0,53,,1552572,31,,,0,11,,1552573,31,,,0,9,,1552574,31,,,0,10,,1552575,31,,,0,9,,1552576,31,,,0,11,,1552577,31,,,0,52,,1552578,31,,,0,11,,1552579,31,,,0
13600,'20261001',1620,,1552580,31,,,0,7,,1552581,31,,,0,12,,1552582,31,,,0,10,,1552583,31,,,0,53,,1552584,31,,,0,11,,1552585,31,,,0,9,,1552586,31,,,0,10,,1552587,31,,,0,9,,1552588,31,,,0,11,,1552589,31,,,0,52,,1552590,31,,,0,11,,1552591,31,,,0
13600,'20261002',1620,,1475504,31,,,0,7,,1475510,31,,,0,12,,1475511,31,,,0,10,,1475505,31,,,0,53,,1475512,31,,,0,11,,1475506,31,,,0,9,,1475507,31,,,0,10,,1475513,31,,,0,9,,1475514,31,,,0,11,,1475508,31,,,0,52,,1475515,31,,,0,11,,1475509,31,,,0
13600,'20261005',1620,,1498541,31,,,0,7,,1498547,31,,,0,12,,1498548,31,,,0,10,,1498542,31,,,0,53,,1498549,31,,,0,11,,1498543,31,,,0,9,,1498544,31,,,0,10,,1498550,31,,,0,9,,1498551,31,,,0,11,,1498545,31,,,0,52,,1498552,31,,,0,11,,1498546,31,,,0
13600,'20261006',1620,,1526295,31,,,0,7,,1526301,31,,,0,12,,1526302,31,,,0,10,,1526296,31,,,0,53,,1526303,31,,,0,11,,1526297,31,,,0,9,,1526298,31,,,0,10,,1526304,31,,,0,9,,1526305,31,,,0,11,,1526299,31,,,0,52,,1526306,31,,,0,11,,1526300,31,,,0
13600,'20261007',1620,,1526307,31,,,0,7,,1526313,31,,,0,12,,1526314,31,,,0,10,,1526308,31,,,0,53,,1526315,31,,,0,11,,1526309,31,,,0,9,,1526310,31,,,0,10,,1526316,31,,,0,9,,1526317,31,,,0,11,,1526311,31,,,0,52,,1526318,31,,,0,11,,1526312,31,,,0
13600,'20261008',1620,,1526319,31,,,0,7,,1526325,31,,,0,12,,1526326,31,,,0,10,,1526320,31,,,0,53,,1526327,31,,,0,11,,1526321,31,,,0,9,,1526322,31,,,0,10,,1526328,31,,,0,9,,1526329,31,,,0,11,,1526323,31,,,0,52,,1526330,31,,,0,11,,1526324,31,,,0
13600,'20261009',1620,,1526331,31,,,0,7,,1526337,31,,,0,12,,1526338,31,,,0,10,,1526332,31,,,0,53,,1526339,31,,,0,11,,1526333,31,,,0,9,,1526334,31,,,0,10,,1526340,31,,,0,9,,1526341,31,,,0,11,,1526335,31,,,0,52,,1526342,31,,,0,11,,1526336,31,,,0
