37201,'20261002',625,,1581815,34,,,0,23,,1581816,34,,,0,73,,1581817,34,,,0,179,,1581818,34,,,0,200,,1581819,34,,,0
37201,'20261005',625,,1581820,34,,,0,23,,1581821,34,,,0,73,,1581822,34,,,0,179,,1581823,34,,,0,200,,1581824,34,,,0
37201,'20261006',625,,1528550,34,,,0,23,,1528549,34,,,0,73,,1528553,34,,,0,179,,1528551,34,,,0,200,,1528552,34,,,0
37201,'20261007',625,,1528555,34,,,0,23,,1528554,34,,,0,73,,1528558,34,,,0,179,,1528556,34,,,0,200,,1528557,34,,,0
37201,'20261008',625,,1528560,34,,,0,23,,1528559,34,,,0,73,,1528563,34,,,0,179,,1528561,34,,,0,200,,1528562,34,,,0
37201,'20261009',625,,1528565,34,,,0,23,,1528564,34,,,0,73,,1528568,34,,,0,179,,1528566,34,,,0,200,,1528567,34,,,0
37201,'20261013',625,,1581826,34,,,0,23,,1581825,34,,,0,73,,1581829,34,,,0,179,,1581827,34,,,0,200,,1581828,34,,,0
37201,'20261014',625,,1581831,34,,,0,23,,1581830,34,,,0,73,,1581834,34,,,0,179,,1581832,34,,,0,200,,1581833,34,,,0
37201,'20261015',625,,1581836,34,,,0,23,,1581835,34,,,0,73,,1581839,34,,,0,179,,1581837,34,,,0,200,,1581838,34,,,0
37201,'20261016',625,,1581841,34,,,0,23,,1581840,34,,,0,73,,1581844,34,,,0,179,,1581842,34,,,0,200,,1581843,34,,,0
57201,'20261002',627,,1582564,34,,,0,18,,1582565,34,,,0,74,,1582566,34,,,0
57201,'20261005',627,,1582567,34,,,0,18,,1582568,34,,,0,74,,1582569,34,,,0
57201,'20261006',627,,1529294,34,,,0,18,,1529295,34,,,0,74,,1529296,34,,,0
57201,'20261007',627,,1529297,34,,,0,18,,1529298,34,,,0,74,,1529299,34,,,0
57201,'20261008',627,,1529300,34,,,0,18,,1529301,34,,,0,74,,1529302,34,,,0
57201,'20261009',627,,1529303,34,,,0,18,,1529304,34,,,0,74,,1529305,34,,,0
57201,'20261013',627,,1582570,34,,,0,18,,1582571,34,,,0,74,,1582572,34,,,0
57201,'20261014',627,,1582573,34,,,0,18,,1582574,34,,,0,74,,1582575,34,,,0
57201,'20261015',627,,1582576,34,,,0,18,,1582577,34,,,0,74,,1582578,34,,,0
57201,'20261016',627,,1582579,34,,,0,18,,1582580,34,,,0,74,,1582581,34,,,0
