8200,'20261002',1941,,1576529,39,,,0,100,,1576530,39,,,0,100,,1576531,39,,,0,100,,1576532,39,,,0,100,,1576533,39,,,0
8200,'20261003',710,,1576534,39,,,0,100,,1576535,39,,,0,100,,1576536,39,,,0,101,,1576537,39,,,0,100,,1576538,39,,,0,101,,1576539,39,,,0,100,,1576540,39,,,0,100,,1576541,39,,,0,100,,1576542,39,,,0,100,,1576543,39,,,0,100,,1576544,39,,,0,100,,1576545,39,,,0,99,,1576546,39,,,0,100,,1576547,39,,,0,100,,1576548,39,,,0,100,,1576549,39,,,0,130,,1576550,39,,,0
8200,'20261004',710,,1576551,39,,,0,100,,1576552,39,,,0,100,,1576553,39,,,0,101,,1576554,39,,,0,100,,1576555,39,,,0,101,,1576556,39,,,0,100,,1576557,39,,,0,100,,1576558,39,,,0,100,,1576559,39,,,0,100,,1576560,39,,,0,100,,1576561,39,,,0,100,,1576562,39,,,0,99,,1576563,39,,,0,100,,1576564,39,,,0,100,,1576565,39,,,0,100,,1576566,39,,,0,130,,1576567,39,,,0
8200,'20261005',1941,,1576585,39,,,0,100,,1576586,39,,,0,100,,1576587,39,,,0,100,,1576588,39,,,0,100,,1576589,39,,,0
8200,'20261006',1941,,1523331,39,,,0,100,,1523337,39,,,0,100,,1523336,39,,,0,100,,1523338,39,,,0,100,,1523324,39,,,0
8200,'20261007',1941,,1523353,39,,,0,100,,1523359,39,,,0,100,,1523358,39,,,0,100,,1523360,39,,,0,100,,1523346,39,,,0
8200,'20261008',1941,,1523375,39,,,0,100,,1523381,39,,,0,100,,1523380,39,,,0,100,,1523382,39,,,0,100,,1523368,39,,,0
8200,'20261009',1941,,1523397,39,,,0,100,,1523403,39,,,0,100,,1523402,39,,,0,100,,1523404,39,,,0,100,,1523390,39,,,0
8200,'20261010',710,,1550522,39,,,0,100,,1550508,39,,,0,100,,1550512,39,,,0,101,,1550513,39,,,0,100,,1550520,39,,,0,101,,1550514,39,,,0,100,,1550509,39,,,0,100,,1550515,39,,,0,100,,1550521,39,,,0,100,,1550516,39,,,0,100,,1550524,39,,,0,100,,1550510,39,,,0,99,,1550517,39,,,0,100,,1550519,39,,,0,100,,1550523,39,,,0,100,,1550518,39,,,0,130,,1550511,39,,,0
8200,'20261011',710,,1550537,39,,,0,100,,1550538,39,,,0,100,,1550534,39,,,0,101,,1550539,39,,,0,100,,1550533,39,,,0,101,,1550535,39,,,0,100,,1550528,39,,,0,100,,1550525,39,,,0,100,,1550531,39,,,0,100,,1550532,39,,,0,100,,1550541,39,,,0,100,,1550529,39,,,0,99,,1550526,39,,,0,100,,1550536,39,,,0,100,,1550540,39,,,0,100,,1550527,39,,,0,130,,1550530,39,,,0
8200,'20261012',710,,1550554,39,,,0,100,,1550555,39,,,0,100,,1550551,39,,,0,101,,1550556,39,,,0,100,,1550550,39,,,0,101,,1550552,39,,,0,100,,1550545,39,,,0,100,,1550542,39,,,0,100,,1550548,39,,,0,100,,1550549,39,,,0,100,,1550558,39,,,0,100,,1550546,39,,,0,99,,1550543,39,,,0,100,,1550553,39,,,0,100,,1550557,39,,,0,100,,1550544,39,,,0,130,,1550547,39,,,0
8200,'20261013',1941,,1576603,39,,,0,100,,1576609,39,,,0,100,,1576608,39,,,0,100,,1576610,39,,,0,100,,1576596,39,,,0
8200,'20261014',1941,,1576625,39,,,0,100,,1576631,39,,,0,100,,1576630,39,,,0,100,,1576632,39,,,0,100,,1576618,39,,,0
8200,'20261015',1941,,1576647,39,,,0,100,,1576653,39,,,0,100,,1576652,39,,,0,100,,1576654,39,,,0,100,,1576640,39,,,0
8200,'20261016',1941,,1576669,39,,,0,100,,1576675,39,,,0,100,,1576674,39,,,0,100,,1576676,39,,,0,100,,1576662,39,,,0
27200,'20261002',1616,,1580501,10,4,,0,33,,1580502,10,4,,0,83,,1580503,10,4,,0,22,,1580504,10,4,,0,63,,1580505,10,4,,0
27200,'20261005',1616,,1580506,10,4,,0,33,,1580507,10,4,,0,83,,1580508,10,4,,0,22,,1580509,10,4,,0,63,,1580510,10,4,,0
27200,'20261006',1616,,1527236,10,4,,0,33,,1527237,10,4,,0,83,,1527238,10,4,,0,22,,1527239,10,4,,0,63,,1527235,10,4,,0
27200,'20261007',1616,,1527241,10,4,,0,33,,1527242,10,4,,0,83,,1527243,10,4,,0,22,,1527244,10,4,,0,63,,1527240,10,4,,0
27200,'20261008',1616,,1527246,10,4,,0,33,,1527247,10,4,,0,83,,1527248,10,4,,0,22,,1527249,10,4,,0,63,,1527245,10,4,,0
27200,'20261009',1616,,1527251,10,4,,0,33,,1527252,10,4,,0,83,,1527253,10,4,,0,22,,1527254,10,4,,0,63,,1527250,10,4,,0
27200,'20261013',1616,,1580512,10,4,,0,33,,1580513,10,4,,0,83,,1580514,10,4,,0,22,,1580515,10,4,,0,63,,1580511,10,4,,0
27200,'20261014',1616,,1580517,10,4,,0,33,,1580518,10,4,,0,83,,1580519,10,4,,0,22,,1580520,10,4,,0,63,,1580516,10,4,,0
27200,'20261015',1616,,1580522,10,4,,0,33,,1580523,10,4,,0,83,,1580524,10,4,,0,22,,1580525,10,4,,0,63,,1580521,10,4,,0
27200,'20261016',1616,,1580527,10,4,,0,33,,1580528,10,4,,0,83,,1580529,10,4,,0,22,,1580530,10,4,,0,63,,1580526,10,4,,0
38200,'20261002',1237,,1581983,12,4,,0,408,,1581984,12,4,,0,99,,1581985,12,4,,0,96,,1581986,12,4,,0
38200,'20261005',1237,,1581987,12,4,,0,408,,1581988,12,4,,0,99,,1581989,12,4,,0,96,,1581990,12,4,,0
38200,'20261006',1237,,1528715,12,4,,0,408,,1528716,12,4,,0,99,,1528717,12,4,,0,96,,1528718,12,4,,0
38200,'20261007',1237,,1528719,12,4,,0,408,,1528720,12,4,,0,99,,1528721,12,4,,0,96,,1528722,12,4,,0
38200,'20261008',1237,,1528723,12,4,,0,408,,1528724,12,4,,0,99,,1528725,12,4,,0,96,,1528726,12,4,,0
38200,'20261009',1237,,1528727,12,4,,0,408,,1528728,12,4,,0,99,,1528729,12,4,,0,96,,1528730,12,4,,0
38200,'20261013',1237,,1581991,12,4,,0,408,,1581992,12,4,,0,99,,1581993,12,4,,0,96,,1581994,12,4,,0
38200,'20261014',1237,,1581995,12,4,,0,408,,1581996,12,4,,0,99,,1581997,12,4,,0,96,,1581998,12,4,,0
38200,'20261015',1237,,1581999,12,4,,0,408,,1582000,12,4,,0,99,,1582001,12,4,,0,96,,1582002,12,4,,0
38200,'20261016',1237,,1582003,12,4,,0,408,,1582004,12,4,,0,99,,1582005,12,4,,0,96,,1582006,12,4,,0
58200,'20261002',1606,,1582702,10,4,,0,23,,1582703,10,4,,0,27,,1582704,10,4,,0,76,,1582705,10,4,,0,68,,1582706,10,4,,0
58200,'20261005',1606,,1582707,10,4,,0,23,,1582708,10,4,,0,27,,1582709,10,4,,0,76,,1582710,10,4,,0,68,,1582711,10,4,,0
58200,'20261006',1606,,1529439,10,4,,0,23,,1529440,10,4,,0,27,,1529437,10,4,,0,76,,1529438,10,4,,0,68,,1529436,10,4,,0
58200,'20261007',1606,,1529444,10,4,,0,23,,1529445,10,4,,0,27,,1529442,10,4,,0,76,,1529443,10,4,,0,68,,1529441,10,4,,0
58200,'20261008',1606,,1529449,10,4,,0,23,,1529450,10,4,,0,27,,1529447,10,4,,0,76,,1529448,10,4,,0,68,,1529446,10,4,,0
58200,'20261009',1606,,1529454,10,4,,0,23,,1529455,10,4,,0,27,,1529452,10,4,,0,76,,1529453,10,4,,0,68,,1529451,10,4,,0
58200,'20261013',1606,,1582715,10,4,,0,23,,1582716,10,4,,0,27,,1582713,10,4,,0,76,,1582714,10,4,,0,68,,1582712,10,4,,0
58200,'20261014',1606,,1582720,10,4,,0,23,,1582721,10,4,,0,27,,1582718,10,4,,0,76,,1582719,10,4,,0,68,,1582717,10,4,,0
58200,'20261015',1606,,1582725,10,4,,0,23,,1582726,10,4,,0,27,,1582723,10,4,,0,76,,1582724,10,4,,0,68,,1582722,10,4,,0
58200,'20261016',1606,,1582730,10,4,,0,23,,1582731,10,4,,0,27,,1582728,10,4,,0,76,,1582729,10,4,,0,68,,1582727,10,4,,0
