301,'20261009',524,,1594740,14,,,0,30,,1594741,14,,,0,75,,1594763,46,,,0,30,,1594764,46,,,0,46,,1594742,14,,,0,5,,1594743,14,,,0,12,,1594744,14,,,0,10,,1594765,46,,,0,13,,1594745,14,,,0,56,,1594766,46,,,0,12,,1594746,14,,,0,19,,1594767,46,,,0,10,,1594747,14,,,0,58,,1594768,46,,,0,30,,1594769,46,,,0,26,,1594748,14,,,0,74,,1594770,46,,,0,26,,1594749,14,,,0,74,,1594771,46,,,0,28,,1594750,14,,,0,72,,1594772,46,,,0,28,,1594751,14,,,0,73,,1594773,46,,,0,26,,1594752,14,,,0,74,,1594774,46,,,0,25,,1594753,14,,,0,76,,1594775,46,,,0,70,,1594754,14,,,0,31,,1594776,46,,,0,72,,1594755,14,,,0,28,,1594777,46,,,0,26,,1594756,14,,,0,71,,1594778,46,,,0,26,,1594757,14,,,0,73,,1594779,46,,,0,26,,1594758,14,,,0,72,,1594780,46,,,0,28,,1594759,14,,,0,72,,1594781,46,,,0,28,,1594760,14,,,0,72,,1594782,46,,,0,29,,1594761,14,,,0,70,,1594783,46,,,0,30,,1594762,14,,,0
301,'20261010',524,,1626198,14,,,0,31,,1626199,14,,,0,70,,1626200,14,,,0,32,,1626201,14,,,0,71,,1626219,46,,,0,29,,1626202,14,,,0,72,,1626220,46,,,0,28,,1626203,14,,,0,72,,1626221,46,,,0,29,,1626204,14,,,0,71,,1626222,46,,,0,29,,1626205,14,,,0,71,,1626223,46,,,0,29,,1626206,14,,,0,71,,1626224,46,,,0,72,,1626207,14,,,0,29,,1626225,46,,,0,70,,1626208,14,,,0,30,,1626226,46,,,0,27,,1626209,14,,,0,73,,1626227,46,,,0,72,,1626210,14,,,0,28,,1626228,46,,,0,70,,1626211,14,,,0,30,,1626229,46,,,0,70,,1626212,14,,,0,30,,1626230,46,,,0,29,,1626213,14,,,0,70,,1626231,46,,,0,30,,1626214,14,,,0,69,,1626232,46,,,0,31,,1626215,14,,,0,68,,1626233,46,,,0,32,,1626216,14,,,0,68,,1626234,46,,,0,73,,1626217,14,,,0,27,,1626235,46,,,0,31,,1626218,14,,,0,67,,1626236,46,,,0
301,'20261011',524,,1626237,14,,,0,31,,1626238,14,,,0,70,,1626239,14,,,0,32,,1626240,14,,,0,71,,1626258,46,,,0,29,,1626241,14,,,0,72,,1626259,46,,,0,28,,1626242,14,,,0,72,,1626260,46,,,0,29,,1626243,14,,,0,71,,1626261,46,,,0,29,,1626244,14,,,0,71,,1626262,46,,,0,29,,1626245,14,,,0,71,,1626263,46,,,0,72,,1626246,14,,,0,29,,1626264,46,,,0,70,,1626247,14,,,0,30,,1626265,46,,,0,27,,1626248,14,,,0,73,,1626266,46,,,0,72,,1626249,14,,,0,28,,1626267,46,,,0,70,,1626250,14,,,0,30,,1626268,46,,,0,70,,1626251,14,,,0,30,,1626269,46,,,0,29,,1626252,14,,,0,70,,1626270,46,,,0,30,,1626253,14,,,0,69,,1626271,46,,,0,31,,1626254,14,,,0,68,,1626272,46,,,0,32,,1626255,14,,,0,68,,1626273,46,,,0,73,,1626256,14,,,0,27,,1626274,46,,,0,31,,1626257,14,,,0,67,,1626275,46,,,0
301,'20261012',524,,1626276,14,,,0,31,,1626277,14,,,0,70,,1626278,14,,,0,32,,1626279,14,,,0,71,,1626297,46,,,0,29,,1626280,14,,,0,72,,1626298,46,,,0,28,,1626281,14,,,0,72,,1626299,46,,,0,29,,1626282,14,,,0,71,,1626300,46,,,0,29,,1626283,14,,,0,71,,1626301,46,,,0,29,,1626284,14,,,0,71,,1626302,46,,,0,72,,1626285,14,,,0,29,,1626303,46,,,0,70,,1626286,14,,,0,30,,1626304,46,,,0,27,,1626287,14,,,0,73,,1626305,46,,,0,72,,1626288,14,,,0,28,,1626306,46,,,0,70,,1626289,14,,,0,30,,1626307,46,,,0,70,,1626290,14,,,0,30,,1626308,46,,,0,29,,1626291,14,,,0,70,,1626309,46,,,0,30,,1626292,14,,,0,69,,1626310,46,,,0,31,,1626293,14,,,0,68,,1626311,46,,,0,32,,1626294,14,,,0,68,,1626312,46,,,0,73,,1626295,14,,,0,27,,1626313,46,,,0,31,,1626296,14,,,0,67,,1626314,46,,,0
301,'20261013',524,,1563099,14,,,0,30,,1563100,14,,,0,75,,1563078,46,,,0,30,,1563079,46,,,0,46,,1563101,14,,,0,5,,1563121,14,,,0,12,,1563120,14,,,0,10,,1563080,46,,,0,13,,1563102,14,,,0,56,,1563081,46,,,0,12,,1563103,14,,,0,19,,1563082,46,,,0,10,,1563104,14,,,0,58,,1563083,46,,,0,30,,1563084,46,,,0,26,,1563105,14,,,0,74,,1563085,46,,,0,26,,1563106,14,,,0,74,,1563086,46,,,0,28,,1563107,14,,,0,72,,1563087,46,,,0,28,,1563108,14,,,0,73,,1563088,46,,,0,26,,1563109,14,,,0,74,,1563089,46,,,0,25,,1563110,14,,,0,76,,1563090,46,,,0,70,,1563111,14,,,0,31,,1563091,46,,,0,72,,1563112,14,,,0,28,,1563092,46,,,0,26,,1563113,14,,,0,71,,1563093,46,,,0,26,,1563114,14,,,0,73,,1563094,46,,,0,26,,1563115,14,,,0,72,,1563095,46,,,0,28,,1563116,14,,,0,72,,1563096,46,,,0,28,,1563117,14,,,0,72,,1563097,46,,,0,29,,1563118,14,,,0,70,,1563098,46,,,0,30,,1563119,14,,,0
301,'20261014',524,,1563143,14,,,0,30,,1563144,14,,,0,75,,1563122,46,,,0,30,,1563123,46,,,0,46,,1563145,14,,,0,5,,1563165,14,,,0,12,,1563164,14,,,0,10,,1563124,46,,,0,13,,1563146,14,,,0,56,,1563125,46,,,0,12,,1563147,14,,,0,19,,1563126,46,,,0,10,,1563148,14,,,0,58,,1563127,46,,,0,30,,1563128,46,,,0,26,,1563149,14,,,0,74,,1563129,46,,,0,26,,1563150,14,,,0,74,,1563130,46,,,0,28,,1563151,14,,,0,72,,1563131,46,,,0,28,,1563152,14,,,0,73,,1563132,46,,,0,26,,1563153,14,,,0,74,,1563133,46,,,0,25,,1563154,14,,,0,76,,1563134,46,,,0,70,,1563155,14,,,0,31,,1563135,46,,,0,72,,1563156,14,,,0,28,,1563136,46,,,0,26,,1563157,14,,,0,71,,1563137,46,,,0,26,,1563158,14,,,0,73,,1563138,46,,,0,26,,1563159,14,,,0,72,,1563139,46,,,0,28,,1563160,14,,,0,72,,1563140,46,,,0,28,,1563161,14,,,0,72,,1563141,46,,,0,29,,1563162,14,,,0,70,,1563142,46,,,0,30,,1563163,14,,,0
301,'20261015',524,,1563187,14,,,0,30,,1563188,14,,,0,75,,1563166,46,,,0,30,,1563167,46,,,0,46,,1563189,14,,,0,5,,1563209,14,,,0,12,,1563208,14,,,0,10,,1563168,46,,,0,13,,1563190,14,,,0,56,,1563169,46,,,0,12,,1563191,14,,,0,19,,1563170,46,,,0,10,,1563192,14,,,0,58,,1563171,46,,,0,30,,1563172,46,,,0,26,,1563193,14,,,0,74,,1563173,46,,,0,26,,1563194,14,,,0,74,,1563174,46,,,0,28,,1563195,14,,,0,72,,1563175,46,,,0,28,,1563196,14,,,0,73,,1563176,46,,,0,26,,1563197,14,,,0,74,,1563177,46,,,0,25,,1563198,14,,,0,76,,1563178,46,,,0,70,,1563199,14,,,0,31,,1563179,46,,,0,72,,1563200,14,,,0,28,,1563180,46,,,0,26,,1563201,14,,,0,71,,1563181,46,,,0,26,,1563202,14,,,0,73,,1563182,46,,,0,26,,1563203,14,,,0,72,,1563183,46,,,0,28,,1563204,14,,,0,72,,1563184,46,,,0,28,,1563205,14,,,0,72,,1563185,46,,,0,29,,1563206,14,,,0,70,,1563186,46,,,0,30,,1563207,14,,,0
301,'20261016',524,,1563231,14,,,0,30,,1563232,14,,,0,75,,1563210,46,,,0,30,,1563211,46,,,0,46,,1563233,14,,,0,5,,1563253,14,,,0,12,,1563252,14,,,0,10,,1563212,46,,,0,13,,1563234,14,,,0,56,,1563213,46,,,0,12,,1563235,14,,,0,19,,1563214,46,,,0,10,,1563236,14,,,0,58,,1563215,46,,,0,30,,1563216,46,,,0,26,,1563237,14,,,0,74,,1563217,46,,,0,26,,1563238,14,,,0,74,,1563218,46,,,0,28,,1563239,14,,,0,72,,1563219,46,,,0,28,,1563240,14,,,0,73,,1563220,46,,,0,26,,1563241,14,,,0,74,,1563221,46,,,0,25,,1563242,14,,,0,76,,1563222,46,,,0,70,,1563243,14,,,0,31,,1563223,46,,,0,72,,1563244,14,,,0,28,,1563224,46,,,0,26,,1563245,14,,,0,71,,1563225,46,,,0,26,,1563246,14,,,0,73,,1563226,46,,,0,26,,1563247,14,,,0,72,,1563227,46,,,0,28,,1563248,14,,,0,72,,1563228,46,,,0,28,,1563249,14,,,0,72,,1563229,46,,,0,29,,1563250,14,,,0,70,,1563230,46,,,0,30,,1563251,14,,,0
301,'20261017',524,,1594816,14,,,0,31,,1594817,14,,,0,70,,1594802,14,,,0,32,,1594803,14,,,0,71,,1594784,46,,,0,29,,1594804,14,,,0,72,,1594785,46,,,0,28,,1594805,14,,,0,72,,1594786,46,,,0,29,,1594806,14,,,0,71,,1594787,46,,,0,29,,1594807,14,,,0,71,,1594788,46,,,0,29,,1594808,14,,,0,71,,1594789,46,,,0,72,,1594809,14,,,0,29,,1594790,46,,,0,70,,1594810,14,,,0,30,,1594791,46,,,0,27,,1594811,14,,,0,73,,1594792,46,,,0,72,,1594812,14,,,0,28,,1594793,46,,,0,70,,1594813,14,,,0,30,,1594794,46,,,0,70,,1594814,14,,,0,30,,1594795,46,,,0,29,,1594815,14,,,0,70,,1594796,46,,,0,30,,1594818,14,,,0,69,,1594797,46,,,0,31,,1594819,14,,,0,68,,1594798,46,,,0,32,,1594820,14,,,0,68,,1594799,46,,,0,73,,1594821,14,,,0,27,,1594800,46,,,0,31,,1594822,14,,,0,67,,1594801,46,,,0
301,'20261018',524,,1594855,14,,,0,31,,1594856,14,,,0,70,,1594841,14,,,0,32,,1594842,14,,,0,71,,1594823,46,,,0,29,,1594843,14,,,0,72,,1594824,46,,,0,28,,1594844,14,,,0,72,,1594825,46,,,0,29,,1594845,14,,,0,71,,1594826,46,,,0,29,,1594846,14,,,0,71,,1594827,46,,,0,29,,1594847,14,,,0,71,,1594828,46,,,0,72,,1594848,14,,,0,29,,1594829,46,,,0,70,,1594849,14,,,0,30,,1594830,46,,,0,27,,1594850,14,,,0,73,,1594831,46,,,0,72,,1594851,14,,,0,28,,1594832,46,,,0,70,,1594852,14,,,0,30,,1594833,46,,,0,70,,1594853,14,,,0,30,,1594834,46,,,0,29,,1594854,14,,,0,70,,1594835,46,,,0,30,,1594857,14,,,0,69,,1594836,46,,,0,31,,1594858,14,,,0,68,,1594837,46,,,0,32,,1594859,14,,,0,68,,1594838,46,,,0,73,,1594860,14,,,0,27,,1594839,46,,,0,31,,1594861,14,,,0,67,,1594840,46,,,0
301,'20261019',524,,1594883,14,,,0,30,,1594884,14,,,0,75,,1594862,46,,,0,30,,1594863,46,,,0,46,,1594885,14,,,0,5,,1594905,14,,,0,12,,1594904,14,,,0,10,,1594864,46,,,0,13,,1594886,14,,,0,56,,1594865,46,,,0,12,,1594887,14,,,0,19,,1594866,46,,,0,10,,1594888,14,,,0,58,,1594867,46,,,0,30,,1594868,46,,,0,26,,1594889,14,,,0,74,,1594869,46,,,0,26,,1594890,14,,,0,74,,1594870,46,,,0,28,,1594891,14,,,0,72,,1594871,46,,,0,28,,1594892,14,,,0,73,,1594872,46,,,0,26,,1594893,14,,,0,74,,1594873,46,,,0,25,,1594894,14,,,0,76,,1594874,46,,,0,70,,1594895,14,,,0,31,,1594875,46,,,0,72,,1594896,14,,,0,28,,1594876,46,,,0,26,,1594897,14,,,0,71,,1594877,46,,,0,26,,1594898,14,,,0,73,,1594878,46,,,0,26,,1594899,14,,,0,72,,1594879,46,,,0,28,,1594900,14,,,0,72,,1594880,46,,,0,28,,1594901,14,,,0,72,,1594881,46,,,0,29,,1594902,14,,,0,70,,1594882,46,,,0,30,,1594903,14,,,0
301,'20261020',524,,1594927,14,,,0,30,,1594928,14,,,0,75,,1594906,46,,,0,30,,1594907,46,,,0,46,,1594929,14,,,0,5,,1594949,14,,,0,12,,1594948,14,,,0,10,,1594908,46,,,0,13,,1594930,14,,,0,56,,1594909,46,,,0,12,,1594931,14,,,0,19,,1594910,46,,,0,10,,1594932,14,,,0,58,,1594911,46,,,0,30,,1594912,46,,,0,26,,1594933,14,,,0,74,,1594913,46,,,0,26,,1594934,14,,,0,74,,1594914,46,,,0,28,,1594935,14,,,0,72,,1594915,46,,,0,28,,1594936,14,,,0,73,,1594916,46,,,0,26,,1594937,14,,,0,74,,1594917,46,,,0,25,,1594938,14,,,0,76,,1594918,46,,,0,70,,1594939,14,,,0,31,,1594919,46,,,0,72,,1594940,14,,,0,28,,1594920,46,,,0,26,,1594941,14,,,0,71,,1594921,46,,,0,26,,1594942,14,,,0,73,,1594922,46,,,0,26,,1594943,14,,,0,72,,1594923,46,,,0,28,,1594944,14,,,0,72,,1594924,46,,,0,28,,1594945,14,,,0,72,,1594925,46,,,0,29,,1594946,14,,,0,70,,1594926,46,,,0,30,,1594947,14,,,0
301,'20261021',524,,1626336,14,,,0,30,,1626337,14,,,0,75,,1626315,46,,,0,30,,1626316,46,,,0,46,,1626338,14,,,0,5,,1626358,14,,,0,12,,1626357,14,,,0,10,,1626317,46,,,0,13,,1626339,14,,,0,56,,1626318,46,,,0,12,,1626340,14,,,0,19,,1626319,46,,,0,10,,1626341,14,,,0,58,,1626320,46,,,0,30,,1626321,46,,,0,26,,1626342,14,,,0,74,,1626322,46,,,0,26,,1626343,14,,,0,74,,1626323,46,,,0,28,,1626344,14,,,0,72,,1626324,46,,,0,28,,1626345,14,,,0,73,,1626325,46,,,0,26,,1626346,14,,,0,74,,1626326,46,,,0,25,,1626347,14,,,0,76,,1626327,46,,,0,70,,1626348,14,,,0,31,,1626328,46,,,0,72,,1626349,14,,,0,28,,1626329,46,,,0,26,,1626350,14,,,0,71,,1626330,46,,,0,26,,1626351,14,,,0,73,,1626331,46,,,0,26,,1626352,14,,,0,72,,1626332,46,,,0,28,,1626353,14,,,0,72,,1626333,46,,,0,28,,1626354,14,,,0,72,,1626334,46,,,0,29,,1626355,14,,,0,70,,1626335,46,,,0,30,,1626356,14,,,0
301,'20261022',524,,1626380,14,,,0,30,,1626381,14,,,0,75,,1626359,46,,,0,30,,1626360,46,,,0,46,,1626382,14,,,0,5,,1626402,14,,,0,12,,1626401,14,,,0,10,,1626361,46,,,0,13,,1626383,14,,,0,56,,1626362,46,,,0,12,,1626384,14,,,0,19,,1626363,46,,,0,10,,1626385,14,,,0,58,,1626364,46,,,0,30,,1626365,46,,,0,26,,1626386,14,,,0,74,,1626366,46,,,0,26,,1626387,14,,,0,74,,1626367,46,,,0,28,,1626388,14,,,0,72,,1626368,46,,,0,28,,1626389,14,,,0,73,,1626369,46,,,0,26,,1626390,14,,,0,74,,1626370,46,,,0,25,,1626391,14,,,0,76,,1626371,46,,,0,70,,1626392,14,,,0,31,,1626372,46,,,0,72,,1626393,14,,,0,28,,1626373,46,,,0,26,,1626394,14,,,0,71,,1626374,46,,,0,26,,1626395,14,,,0,73,,1626375,46,,,0,26,,1626396,14,,,0,72,,1626376,46,,,0,28,,1626397,14,,,0,72,,1626377,46,,,0,28,,1626398,14,,,0,72,,1626378,46,,,0,29,,1626399,14,,,0,70,,1626379,46,,,0,30,,1626400,14,,,0
301,'20261023',524,,1626424,14,,,0,30,,1626425,14,,,0,75,,1626403,46,,,0,30,,1626404,46,,,0,46,,1626426,14,,,0,5,,1626446,14,,,0,12,,1626445,14,,,0,10,,1626405,46,,,0,13,,1626427,14,,,0,56,,1626406,46,,,0,12,,1626428,14,,,0,19,,1626407,46,,,0,10,,1626429,14,,,0,58,,1626408,46,,,0,30,,1626409,46,,,0,26,,1626430,14,,,0,74,,1626410,46,,,0,26,,1626431,14,,,0,74,,1626411,46,,,0,28,,1626432,14,,,0,72,,1626412,46,,,0,28,,1626433,14,,,0,73,,1626413,46,,,0,26,,1626434,14,,,0,74,,1626414,46,,,0,25,,1626435,14,,,0,76,,1626415,46,,,0,70,,1626436,14,,,0,31,,1626416,46,,,0,72,,1626437,14,,,0,28,,1626417,46,,,0,26,,1626438,14,,,0,71,,1626418,46,,,0,26,,1626439,14,,,0,73,,1626419,46,,,0,26,,1626440,14,,,0,72,,1626420,46,,,0,28,,1626441,14,,,0,72,,1626421,46,,,0,28,,1626442,14,,,0,72,,1626422,46,,,0,29,,1626443,14,,,0,70,,1626423,46,,,0,30,,1626444,14,,,0
1000300,'20261009',802,,1625355,11,,,0
1000300,'20261013',802,,1593552,11,,,0
1000300,'20261014',802,,1593553,11,,,0
1000300,'20261015',802,,1593554,11,,,0
1000300,'20261016',802,,1593555,11,,,0
1000300,'20261019',802,,1625356,11,,,0
1000300,'20261020',802,,1625357,11,,,0
1000300,'20261021',802,,1646913,11,,,0
1000300,'20261022',802,,1646914,11,,,0
1000300,'20261023',802,,1646915,11,,,0
