33001,'20261002',623,,1581288,15,,,0,19,,1581289,15,,,0,7,,1581290,15,,,0,54,,1581291,15,,,0,14,,1581292,15,,,0,17,,1581293,15,,,0,66,,1581294,15,,,0,31,,1581295,15,,,0,19,,1581296,15,,,0,57,,1581287,15,,,0,2,,1581297,15,,,0,100,,1581298,15,,,0,93,,1581299,15,,,0,100,,1581300,15,,,0
33001,'20261005',623,,1581302,15,,,0,19,,1581303,15,,,0,7,,1581304,15,,,0,54,,1581305,15,,,0,14,,1581306,15,,,0,17,,1581307,15,,,0,66,,1581308,15,,,0,31,,1581309,15,,,0,19,,1581310,15,,,0,57,,1581301,15,,,0,2,,1581311,15,,,0,100,,1581312,15,,,0,93,,1581313,15,,,0,100,,1581314,15,,,0
33001,'20261006',623,,1528043,15,,,0,19,,1528039,15,,,0,7,,1528040,15,,,0,54,,1528051,15,,,0,14,,1528044,15,,,0,17,,1528045,15,,,0,66,,1528046,15,,,0,31,,1528047,15,,,0,19,,1528041,15,,,0,59,,1528048,15,,,0,100,,1528049,15,,,0,93,,1528042,15,,,0,100,,1528050,15,,,0
33001,'20261007',623,,1528056,15,,,0,19,,1528052,15,,,0,7,,1528053,15,,,0,54,,1528064,15,,,0,14,,1528057,15,,,0,17,,1528058,15,,,0,66,,1528059,15,,,0,31,,1528060,15,,,0,19,,1528054,15,,,0,59,,1528061,15,,,0,100,,1528062,15,,,0,93,,1528055,15,,,0,100,,1528063,15,,,0
33001,'20261008',623,,1528069,15,,,0,19,,1528065,15,,,0,7,,1528066,15,,,0,54,,1528077,15,,,0,14,,1528070,15,,,0,17,,1528071,15,,,0,66,,1528072,15,,,0,31,,1528073,15,,,0,19,,1528067,15,,,0,59,,1528074,15,,,0,100,,1528075,15,,,0,93,,1528068,15,,,0,100,,1528076,15,,,0
33001,'20261009',623,,1528082,15,,,0,19,,1528078,15,,,0,7,,1528079,15,,,0,54,,1528090,15,,,0,14,,1528083,15,,,0,17,,1528084,15,,,0,66,,1528085,15,,,0,31,,1528086,15,,,0,19,,1528080,15,,,0,59,,1528087,15,,,0,100,,1528088,15,,,0,93,,1528081,15,,,0,100,,1528089,15,,,0
33001,'20261013',623,,1581319,15,,,0,19,,1581315,15,,,0,7,,1581316,15,,,0,54,,1581327,15,,,0,14,,1581320,15,,,0,17,,1581321,15,,,0,66,,1581322,15,,,0,31,,1581323,15,,,0,19,,1581317,15,,,0,59,,1581324,15,,,0,100,,1581325,15,,,0,93,,1581318,15,,,0,100,,1581326,15,,,0
33001,'20261014',623,,1581332,15,,,0,19,,1581328,15,,,0,7,,1581329,15,,,0,54,,1581340,15,,,0,14,,1581333,15,,,0,17,,1581334,15,,,0,66,,1581335,15,,,0,31,,1581336,15,,,0,19,,1581330,15,,,0,59,,1581337,15,,,0,100,,1581338,15,,,0,93,,1581331,15,,,0,100,,1581339,15,,,0
33001,'20261015',623,,1581345,15,,,0,19,,1581341,15,,,0,7,,1581342,15,,,0,54,,1581353,15,,,0,14,,1581346,15,,,0,17,,1581347,15,,,0,66,,1581348,15,,,0,31,,1581349,15,,,0,19,,1581343,15,,,0,59,,1581350,15,,,0,100,,1581351,15,,,0,93,,1581344,15,,,0,100,,1581352,15,,,0
33001,'20261016',623,,1581358,15,,,0,19,,1581354,15,,,0,7,,1581355,15,,,0,54,,1581366,15,,,0,14,,1581359,15,,,0,17,,1581360,15,,,0,66,,1581361,15,,,0,31,,1581362,15,,,0,19,,1581356,15,,,0,59,,1581363,15,,,0,100,,1581364,15,,,0,93,,1581357,15,,,0,100,,1581365,15,,,0
53001,'20261002',629,,1582161,15,,,0,22,,1582162,15,,,0,60,,1582163,15,,,0,16,,1582164,15,,,0,20,,1582160,15,,,0,2,,1582165,15,,,0,94,,1582166,15,,,0,205,,1582167,15,,,0
53001,'20261005',629,,1582169,15,,,0,22,,1582170,15,,,0,60,,1582171,15,,,0,16,,1582172,15,,,0,20,,1582168,15,,,0,2,,1582173,15,,,0,94,,1582174,15,,,0,205,,1582175,15,,,0
53001,'20261006',629,,1528900,15,,,0,22,,1528901,15,,,0,60,,1528904,15,,,0,16,,1528902,15,,,0,22,,1528903,15,,,0,94,,1528905,15,,,0,205,,1528906,15,,,0
53001,'20261007',629,,1528907,15,,,0,22,,1528908,15,,,0,60,,1528911,15,,,0,16,,1528909,15,,,0,22,,1528910,15,,,0,94,,1528912,15,,,0,205,,1528913,15,,,0
53001,'20261008',629,,1528914,15,,,0,22,,1528915,15,,,0,60,,1528918,15,,,0,16,,1528916,15,,,0,22,,1528917,15,,,0,94,,1528919,15,,,0,205,,1528920,15,,,0
53001,'20261009',629,,1528921,15,,,0,22,,1528922,15,,,0,60,,1528925,15,,,0,16,,1528923,15,,,0,22,,1528924,15,,,0,94,,1528926,15,,,0,205,,1528927,15,,,0
53001,'20261013',629,,1582176,15,,,0,22,,1582177,15,,,0,60,,1582180,15,,,0,16,,1582178,15,,,0,22,,1582179,15,,,0,94,,1582181,15,,,0,205,,1582182,15,,,0
53001,'20261014',629,,1582183,15,,,0,22,,1582184,15,,,0,60,,1582187,15,,,0,16,,1582185,15,,,0,22,,1582186,15,,,0,94,,1582188,15,,,0,205,,1582189,15,,,0
53001,'20261015',629,,1582190,15,,,0,22,,1582191,15,,,0,60,,1582194,15,,,0,16,,1582192,15,,,0,22,,1582193,15,,,0,94,,1582195,15,,,0,205,,1582196,15,,,0
53001,'20261016',629,,1582197,15,,,0,22,,1582198,15,,,0,60,,1582201,15,,,0,16,,1582199,15,,,0,22,,1582200,15,,,0,94,,1582202,15,,,0,205,,1582203,15,,,0
80103,'20261002',457,,1585132,16,,,1,56,,1585133,16,,,1,15,,1585134,16,,,1,14,,1585135,16,,,1,11,,1585136,16,,,1,49,,1585137,16,,,1,10,,1585138,16,,,1,9,,1585139,16,,,1,10,,1585140,16,,,1,10,,1585141,16,,,1,11,,1585142,16,,,1,50,,1585143,16,,,1,10,,1585144,16,,,1,9,,1585145,16,,,1,8,,1585146,16,,,1,8,,1585147,16,,,1,11,,1585148,16,,,1,9,,1585149,16,,,1,51,,1585150,16,,,1,12,,1585151,16,,,1,8,,1585152,16,,,1,8,,1585153,16,,,1,9,,1585154,16,,,1,11,,1585155,16,,,1,53,,1585156,16,,,1,15,,1585157,16,,,1,16,,1585158,16,,,1,16,,1585159,16,,,1,54,,1585160,16,,,1,14,,1585161,16,,,1,15,,1585162,16,,,1,15,,1585163,16,,,1,55,,1585164,16,,,1,15,,1585165,16,,,1,15,,1585166,16,,,1,15,,1585167,16,,,1,55,,1585168,16,,,1,15,,1585169,16,,,1,16,,1585170,16,,,1,14,,1585171,16,,,1,55,,1585172,16,,,1,13,,1585173,16,,,1,15,,1585174,16,,,1,15,,1585175,16,,,1,55,,1585176,16,,,1,14,,1585177,16,,,1,14,,1585178,16,,,1,12,,1585179,16,,,1,12,,1585180,16,,,1,48,,1585181,16,,,1,8,,1585182,16,,,1,8,,1585183,16,,,1,8,,1585184,16,,,1,9,,1585185,16,,,1,10,,1585186,16,,,1,8,,1585187,16,,,1,49,,1585188,16,,,1,10,,1585189,16,,,1,9,,1585190,16,,,1,9,,1585191,16,,,1,9,,1585192,16,,,1,9,,1585193,16,,,1,50,,1585194,16,,,1,11,,1585195,16,,,1,10,,1585196,16,,,1,10,,1585197,16,,,1,10,,1585198,16,,,1,13,,1585199,16,,,1,54,,1585200,16,,,1,14,,1585201,16,,,1,15,,1585202,16,,,1,15,,1585203,16,,,1,55,,1585204,16,,,1,15,,1585205,16,,,1,16,,1585206,16,,,1,15,,1585207,16,,,1,55,,1585208,16,,,1,15,,1585209,16,,,1,15,,1585210,16,,,1,15,,1585211,16,,,1,55,,1585212,16,,,1,15,,1585213,16,,,1,15,,1585214,16,,,1,15,,1585215,16,,,1,55,,1585216,16,,,1,15,,1585217,16,,,1,15,,1585218,16,,,1,16,,1585219,16,,,1,55,,1585220,16,,,1,15,,1585221,16,,,1,15,,1585222,16,,,1,15,,1585223,16,,,1,55,,1585224,16,,,1,15,,1585225,16,,,1,15,,1585226,16,,,1,15,,1585227,16,,,1
80103,'20261003',543,,1585228,16,,,1,58,,1585229,16,,,1,14,,1585230,16,,,1,15,,1585231,16,,,1,14,,1585232,16,,,1,14,,1585233,16,,,1,55,,1585234,16,,,1,15,,1585235,16,,,1,15,,1585236,16,,,1,14,,1585237,16,,,1,55,,1585238,16,,,1,15,,1585239,16,,,1,15,,1585240,16,,,1,15,,1585241,16,,,1,55,,1585242,16,,,1,16,,1585243,16,,,1,17,,1585244,16,,,1,55,,1585245,16,,,1,15,,1585246,16,,,1,16,,1585247,16,,,1,15,,1585248,16,,,1,55,,1585249,16,,,1,16,,1585250,16,,,1,15,,1585251,16,,,1,15,,1585252,16,,,1,56,,1585253,16,,,1,15,,1585254,16,,,1,16,,1585255,16,,,1,16,,1585256,16,,,1,56,,1585257,16,,,1,16,,1585258,16,,,1,15,,1585259,16,,,1,15,,1585260,16,,,1,55,,1585261,16,,,1,15,,1585262,16,,,1,16,,1585263,16,,,1,16,,1585264,16,,,1,54,,1585265,16,,,1,15,,1585266,16,,,1,16,,1585267,16,,,1,15,,1585268,16,,,1,55,,1585269,16,,,1,16,,1585270,16,,,1,15,,1585271,16,,,1,15,,1585272,16,,,1,55,,1585273,16,,,1,15,,1585274,16,,,1,15,,1585275,16,,,1,15,,1585276,16,,,1,57,,1585277,16,,,1,16,,1585278,16,,,1,16,,1585279,16,,,1,14,,1585280,16,,,1,55,,1585281,16,,,1,14,,1585282,16,,,1,16,,1585283,16,,,1,14,,1585284,16,,,1,55,,1585285,16,,,1,15,,1585286,16,,,1,17,,1585287,16,,,1,15,,1585288,16,,,1,55,,1585289,16,,,1,15,,1585290,16,,,1,13,,1585291,16,,,1,15,,1585292,16,,,1,55,,1585293,16,,,1,15,,1585294,16,,,1,16,,1585295,16,,,1,16,,1585296,16,,,1,54,,1585297,16,,,1,15,,1585298,16,,,1,15,,1585299,16,,,1,15,,1585300,16,,,1,55,,1585301,16,,,1,15,,1585302,16,,,1,15,,1585303,16,,,1,14,,1585304,16,,,1
80103,'20261004',543,,1585305,16,,,1,58,,1585306,16,,,1,14,,1585307,16,,,1,15,,1585308,16,,,1,14,,1585309,16,,,1,14,,1585310,16,,,1,55,,1585311,16,,,1,15,,1585312,16,,,1,15,,1585313,16,,,1,14,,1585314,16,,,1,55,,1585315,16,,,1,15,,1585316,16,,,1,15,,1585317,16,,,1,15,,1585318,16,,,1,55,,1585319,16,,,1,16,,1585320,16,,,1,17,,1585321,16,,,1,55,,1585322,16,,,1,15,,1585323,16,,,1,16,,1585324,16,,,1,15,,1585325,16,,,1,55,,1585326,16,,,1,16,,1585327,16,,,1,15,,1585328,16,,,1,15,,1585329,16,,,1,56,,1585330,16,,,1,15,,1585331,16,,,1,16,,1585332,16,,,1,16,,1585333,16,,,1,56,,1585334,16,,,1,16,,1585335,16,,,1,15,,1585336,16,,,1,15,,1585337,16,,,1,55,,1585338,16,,,1,15,,1585339,16,,,1,16,,1585340,16,,,1,16,,1585341,16,,,1,54,,1585342,16,,,1,15,,1585343,16,,,1,16,,1585344,16,,,1,15,,1585345,16,,,1,55,,1585346,16,,,1,16,,1585347,16,,,1,15,,1585348,16,,,1,15,,1585349,16,,,1,55,,1585350,16,,,1,15,,1585351,16,,,1,15,,1585352,16,,,1,15,,1585353,16,,,1,57,,1585354,16,,,1,16,,1585355,16,,,1,16,,1585356,16,,,1,14,,1585357,16,,,1,55,,1585358,16,,,1,14,,1585359,16,,,1,16,,1585360,16,,,1,14,,1585361,16,,,1,55,,1585362,16,,,1,15,,1585363,16,,,1,17,,1585364,16,,,1,15,,1585365,16,,,1,55,,1585366,16,,,1,15,,1585367,16,,,1,13,,1585368,16,,,1,15,,1585369,16,,,1,55,,1585370,16,,,1,15,,1585371,16,,,1,16,,1585372,16,,,1,16,,1585373,16,,,1,54,,1585374,16,,,1,15,,1585375,16,,,1,15,,1585376,16,,,1,15,,1585377,16,,,1,55,,1585378,16,,,1,15,,1585379,16,,,1,15,,1585380,16,,,1,14,,1585381,16,,,1
80103,'20261005',457,,1585393,16,,,1,56,,1585394,16,,,1,15,,1585395,16,,,1,14,,1585396,16,,,1,11,,1585397,16,,,1,49,,1585398,16,,,1,10,,1585399,16,,,1,9,,1585400,16,,,1,10,,1585401,16,,,1,10,,1585402,16,,,1,11,,1585403,16,,,1,50,,1585404,16,,,1,10,,1585405,16,,,1,9,,1585406,16,,,1,8,,1585407,16,,,1,8,,1585408,16,,,1,11,,1585409,16,,,1,9,,1585410,16,,,1,51,,1585411,16,,,1,12,,1585412,16,,,1,8,,1585413,16,,,1,8,,1585414,16,,,1,9,,1585415,16,,,1,11,,1585416,16,,,1,53,,1585417,16,,,1,15,,1585418,16,,,1,16,,1585419,16,,,1,16,,1585420,16,,,1,54,,1585421,16,,,1,14,,1585422,16,,,1,15,,1585423,16,,,1,15,,1585424,16,,,1,55,,1585425,16,,,1,15,,1585426,16,,,1,15,,1585427,16,,,1,15,,1585428,16,,,1,55,,1585429,16,,,1,15,,1585430,16,,,1,16,,1585431,16,,,1,14,,1585432,16,,,1,55,,1585433,16,,,1,13,,1585434,16,,,1,15,,1585435,16,,,1,15,,1585436,16,,,1,55,,1585437,16,,,1,14,,1585438,16,,,1,14,,1585439,16,,,1,12,,1585440,16,,,1,12,,1585441,16,,,1,48,,1585442,16,,,1,8,,1585443,16,,,1,8,,1585444,16,,,1,8,,1585445,16,,,1,9,,1585446,16,,,1,10,,1585447,16,,,1,8,,1585448,16,,,1,49,,1585449,16,,,1,10,,1585450,16,,,1,9,,1585451,16,,,1,9,,1585452,16,,,1,9,,1585453,16,,,1,9,,1585454,16,,,1,50,,1585455,16,,,1,11,,1585456,16,,,1,10,,1585457,16,,,1,10,,1585458,16,,,1,10,,1585459,16,,,1,13,,1585460,16,,,1,54,,1585461,16,,,1,14,,1585462,16,,,1,15,,1585463,16,,,1,15,,1585464,16,,,1,55,,1585465,16,,,1,15,,1585466,16,,,1,16,,1585467,16,,,1,15,,1585468,16,,,1,55,,1585469,16,,,1,15,,1585470,16,,,1,15,,1585471,16,,,1,15,,1585472,16,,,1,55,,1585473,16,,,1,15,,1585474,16,,,1,15,,1585475,16,,,1,15,,1585476,16,,,1,55,,1585477,16,,,1,15,,1585478,16,,,1,15,,1585479,16,,,1,16,,1585480,16,,,1,55,,1585481,16,,,1,15,,1585482,16,,,1,15,,1585483,16,,,1,15,,1585484,16,,,1,55,,1585485,16,,,1,15,,1585486,16,,,1,15,,1585487,16,,,1,15,,1585488,16,,,1
80103,'20261006',457,,1532297,16,,,1,56,,1532290,16,,,1,15,,1532203,16,,,1,14,,1532204,16,,,1,11,,1532202,16,,,1,49,,1532206,16,,,1,10,,1532207,16,,,1,9,,1532208,16,,,1,10,,1532205,16,,,1,10,,1532210,16,,,1,11,,1532296,16,,,1,50,,1532211,16,,,1,10,,1532212,16,,,1,9,,1532209,16,,,1,8,,1532213,16,,,1,8,,1532214,16,,,1,11,,1532215,16,,,1,9,,1532216,16,,,1,51,,1532217,16,,,1,12,,1532218,16,,,1,8,,1532219,16,,,1,8,,1532220,16,,,1,9,,1532221,16,,,1,11,,1532222,16,,,1,53,,1532223,16,,,1,15,,1532224,16,,,1,16,,1532225,16,,,1,16,,1532226,16,,,1,54,,1532227,16,,,1,14,,1532228,16,,,1,15,,1532231,16,,,1,15,,1532232,16,,,1,55,,1532233,16,,,1,15,,1532229,16,,,1,15,,1532230,16,,,1,15,,1532234,16,,,1,55,,1532236,16,,,1,15,,1532237,16,,,1,16,,1532235,16,,,1,14,,1532239,16,,,1,55,,1532240,16,,,1,13,,1532238,16,,,1,15,,1532241,16,,,1,15,,1532295,16,,,1,55,,1532242,16,,,1,14,,1532243,16,,,1,14,,1532244,16,,,1,12,,1532245,16,,,1,12,,1532293,16,,,1,48,,1532246,16,,,1,8,,1532247,16,,,1,8,,1532248,16,,,1,8,,1532249,16,,,1,9,,1532250,16,,,1,10,,1532251,16,,,1,8,,1532252,16,,,1,49,,1532254,16,,,1,10,,1532255,16,,,1,9,,1532256,16,,,1,9,,1532253,16,,,1,9,,1532294,16,,,1,9,,1532257,16,,,1,50,,1532258,16,,,1,11,,1532260,16,,,1,10,,1532261,16,,,1,10,,1532262,16,,,1,10,,1532291,16,,,1,13,,1532259,16,,,1,54,,1532263,16,,,1,14,,1532265,16,,,1,15,,1532267,16,,,1,15,,1532264,16,,,1,55,,1532268,16,,,1,15,,1532266,16,,,1,16,,1532269,16,,,1,15,,1532270,16,,,1,55,,1532271,16,,,1,15,,1532272,16,,,1,15,,1532273,16,,,1,15,,1532274,16,,,1,55,,1532275,16,,,1,15,,1532276,16,,,1,15,,1532277,16,,,1,15,,1532278,16,,,1,55,,1532279,16,,,1,15,,1532281,16,,,1,15,,1532282,16,,,1,16,,1532283,16,,,1,55,,1532280,16,,,1,15,,1532284,16,,,1,15,,1532285,16,,,1,15,,1532286,16,,,1,55,,1532287,16,,,1,15,,1532288,16,,,1,15,,1532289,16,,,1,15,,1532292,16,,,1
80103,'20261007',457,,1532393,16,,,1,56,,1532386,16,,,1,15,,1532299,16,,,1,14,,1532300,16,,,1,11,,1532298,16,,,1,49,,1532302,16,,,1,10,,1532303,16,,,1,9,,1532304,16,,,1,10,,1532301,16,,,1,10,,1532306,16,,,1,11,,1532392,16,,,1,50,,1532307,16,,,1,10,,1532308,16,,,1,9,,1532305,16,,,1,8,,1532309,16,,,1,8,,1532310,16,,,1,11,,1532311,16,,,1,9,,1532312,16,,,1,51,,1532313,16,,,1,12,,1532314,16,,,1,8,,1532315,16,,,1,8,,1532316,16,,,1,9,,1532317,16,,,1,11,,1532318,16,,,1,53,,1532319,16,,,1,15,,1532320,16,,,1,16,,1532321,16,,,1,16,,1532322,16,,,1,54,,1532323,16,,,1,14,,1532324,16,,,1,15,,1532327,16,,,1,15,,1532328,16,,,1,55,,1532329,16,,,1,15,,1532325,16,,,1,15,,1532326,16,,,1,15,,1532330,16,,,1,55,,1532332,16,,,1,15,,1532333,16,,,1,16,,1532331,16,,,1,14,,1532335,16,,,1,55,,1532336,16,,,1,13,,1532334,16,,,1,15,,1532337,16,,,1,15,,1532391,16,,,1,55,,1532338,16,,,1,14,,1532339,16,,,1,14,,1532340,16,,,1,12,,1532341,16,,,1,12,,1532389,16,,,1,48,,1532342,16,,,1,8,,1532343,16,,,1,8,,1532344,16,,,1,8,,1532345,16,,,1,9,,1532346,16,,,1,10,,1532347,16,,,1,8,,1532348,16,,,1,49,,1532350,16,,,1,10,,1532351,16,,,1,9,,1532352,16,,,1,9,,1532349,16,,,1,9,,1532390,16,,,1,9,,1532353,16,,,1,50,,1532354,16,,,1,11,,1532356,16,,,1,10,,1532357,16,,,1,10,,1532358,16,,,1,10,,1532387,16,,,1,13,,1532355,16,,,1,54,,1532359,16,,,1,14,,1532361,16,,,1,15,,1532363,16,,,1,15,,1532360,16,,,1,55,,1532364,16,,,1,15,,1532362,16,,,1,16,,1532365,16,,,1,15,,1532366,16,,,1,55,,1532367,16,,,1,15,,1532368,16,,,1,15,,1532369,16,,,1,15,,1532370,16,,,1,55,,1532371,16,,,1,15,,1532372,16,,,1,15,,1532373,16,,,1,15,,1532374,16,,,1,55,,1532375,16,,,1,15,,1532377,16,,,1,15,,1532378,16,,,1,16,,1532379,16,,,1,55,,1532376,16,,,1,15,,1532380,16,,,1,15,,1532381,16,,,1,15,,1532382,16,,,1,55,,1532383,16,,,1,15,,1532384,16,,,1,15,,1532385,16,,,1,15,,1532388,16,,,1
80103,'20261008',457,,1532489,16,,,1,56,,1532482,16,,,1,15,,1532395,16,,,1,14,,1532396,16,,,1,11,,1532394,16,,,1,49,,1532398,16,,,1,10,,1532399,16,,,1,9,,1532400,16,,,1,10,,1532397,16,,,1,10,,1532402,16,,,1,11,,1532488,16,,,1,50,,1532403,16,,,1,10,,1532404,16,,,1,9,,1532401,16,,,1,8,,1532405,16,,,1,8,,1532406,16,,,1,11,,1532407,16,,,1,9,,1532408,16,,,1,51,,1532409,16,,,1,12,,1532410,16,,,1,8,,1532411,16,,,1,8,,1532412,16,,,1,9,,1532413,16,,,1,11,,1532414,16,,,1,53,,1532415,16,,,1,15,,1532416,16,,,1,16,,1532417,16,,,1,16,,1532418,16,,,1,54,,1532419,16,,,1,14,,1532420,16,,,1,15,,1532423,16,,,1,15,,1532424,16,,,1,55,,1532425,16,,,1,15,,1532421,16,,,1,15,,1532422,16,,,1,15,,1532426,16,,,1,55,,1532428,16,,,1,15,,1532429,16,,,1,16,,1532427,16,,,1,14,,1532431,16,,,1,55,,1532432,16,,,1,13,,1532430,16,,,1,15,,1532433,16,,,1,15,,1532487,16,,,1,55,,1532434,16,,,1,14,,1532435,16,,,1,14,,1532436,16,,,1,12,,1532437,16,,,1,12,,1532485,16,,,1,48,,1532438,16,,,1,8,,1532439,16,,,1,8,,1532440,16,,,1,8,,1532441,16,,,1,9,,1532442,16,,,1,10,,1532443,16,,,1,8,,1532444,16,,,1,49,,1532446,16,,,1,10,,1532447,16,,,1,9,,1532448,16,,,1,9,,1532445,16,,,1,9,,1532486,16,,,1,9,,1532449,16,,,1,50,,1532450,16,,,1,11,,1532452,16,,,1,10,,1532453,16,,,1,10,,1532454,16,,,1,10,,1532483,16,,,1,13,,1532451,16,,,1,54,,1532455,16,,,1,14,,1532457,16,,,1,15,,1532459,16,,,1,15,,1532456,16,,,1,55,,1532460,16,,,1,15,,1532458,16,,,1,16,,1532461,16,,,1,15,,1532462,16,,,1,55,,1532463,16,,,1,15,,1532464,16,,,1,15,,1532465,16,,,1,15,,1532466,16,,,1,55,,1532467,16,,,1,15,,1532468,16,,,1,15,,1532469,16,,,1,15,,1532470,16,,,1,55,,1532471,16,,,1,15,,1532473,16,,,1,15,,1532474,16,,,1,16,,1532475,16,,,1,55,,1532472,16,,,1,15,,1532476,16,,,1,15,,1532477,16,,,1,15,,1532478,16,,,1,55,,1532479,16,,,1,15,,1532480,16,,,1,15,,1532481,16,,,1,15,,1532484,16,,,1
80103,'20261009',457,,1532585,16,,,1,56,,1532578,16,,,1,15,,1532491,16,,,1,14,,1532492,16,,,1,11,,1532490,16,,,1,49,,1532494,16,,,1,10,,1532495,16,,,1,9,,1532496,16,,,1,10,,1532493,16,,,1,10,,1532498,16,,,1,11,,1532584,16,,,1,50,,1532499,16,,,1,10,,1532500,16,,,1,9,,1532497,16,,,1,8,,1532501,16,,,1,8,,1532502,16,,,1,11,,1532503,16,,,1,9,,1532504,16,,,1,51,,1532505,16,,,1,12,,1532506,16,,,1,8,,1532507,16,,,1,8,,1532508,16,,,1,9,,1532509,16,,,1,11,,1532510,16,,,1,53,,1532511,16,,,1,15,,1532512,16,,,1,16,,1532513,16,,,1,16,,1532514,16,,,1,54,,1532515,16,,,1,14,,1532516,16,,,1,15,,1532519,16,,,1,15,,1532520,16,,,1,55,,1532521,16,,,1,15,,1532517,16,,,1,15,,1532518,16,,,1,15,,1532522,16,,,1,55,,1532524,16,,,1,15,,1532525,16,,,1,16,,1532523,16,,,1,14,,1532527,16,,,1,55,,1532528,16,,,1,13,,1532526,16,,,1,15,,1532529,16,,,1,15,,1532583,16,,,1,55,,1532530,16,,,1,14,,1532531,16,,,1,14,,1532532,16,,,1,12,,1532533,16,,,1,12,,1532581,16,,,1,48,,1532534,16,,,1,8,,1532535,16,,,1,8,,1532536,16,,,1,8,,1532537,16,,,1,9,,1532538,16,,,1,10,,1532539,16,,,1,8,,1532540,16,,,1,49,,1532542,16,,,1,10,,1532543,16,,,1,9,,1532544,16,,,1,9,,1532541,16,,,1,9,,1532582,16,,,1,9,,1532545,16,,,1,50,,1532546,16,,,1,11,,1532548,16,,,1,10,,1532549,16,,,1,10,,1532550,16,,,1,10,,1532579,16,,,1,13,,1532547,16,,,1,54,,1532551,16,,,1,14,,1532553,16,,,1,15,,1532555,16,,,1,15,,1532552,16,,,1,55,,1532556,16,,,1,15,,1532554,16,,,1,16,,1532557,16,,,1,15,,1532558,16,,,1,55,,1532559,16,,,1,15,,1532560,16,,,1,15,,1532561,16,,,1,15,,1532562,16,,,1,55,,1532563,16,,,1,15,,1532564,16,,,1,15,,1532565,16,,,1,15,,1532566,16,,,1,55,,1532567,16,,,1,15,,1532569,16,,,1,15,,1532570,16,,,1,16,,1532571,16,,,1,55,,1532568,16,,,1,15,,1532572,16,,,1,15,,1532573,16,,,1,15,,1532574,16,,,1,55,,1532575,16,,,1,15,,1532576,16,,,1,15,,1532577,16,,,1,15,,1532580,16,,,1
80103,'20261010',543,,1556148,16,,,1,58,,1556149,16,,,1,14,,1556150,16,,,1,15,,1556151,16,,,1,14,,1556152,16,,,1,14,,1556153,16,,,1,55,,1556154,16,,,1,15,,1556155,16,,,1,15,,1556156,16,,,1,14,,1556157,16,,,1,55,,1556158,16,,,1,15,,1556159,16,,,1,15,,1556160,16,,,1,15,,1556161,16,,,1,55,,1556162,16,,,1,16,,1556163,16,,,1,17,,1556164,16,,,1,55,,1556165,16,,,1,15,,1556166,16,,,1,16,,1556167,16,,,1,15,,1556168,16,,,1,55,,1556169,16,,,1,16,,1556171,16,,,1,15,,1556172,16,,,1,15,,1556173,16,,,1,56,,1556170,16,,,1,15,,1556174,16,,,1,16,,1556175,16,,,1,16,,1556176,16,,,1,56,,1556177,16,,,1,16,,1556178,16,,,1,15,,1556179,16,,,1,15,,1556180,16,,,1,55,,1556181,16,,,1,15,,1556182,16,,,1,16,,1556183,16,,,1,16,,1556184,16,,,1,54,,1556185,16,,,1,15,,1556186,16,,,1,16,,1556187,16,,,1,15,,1556188,16,,,1,55,,1556189,16,,,1,16,,1556190,16,,,1,15,,1556191,16,,,1,15,,1556192,16,,,1,55,,1556193,16,,,1,15,,1556194,16,,,1,15,,1556195,16,,,1,15,,1556196,16,,,1,57,,1556197,16,,,1,16,,1556198,16,,,1,16,,1556199,16,,,1,14,,1556201,16,,,1,55,,1556202,16,,,1,14,,1556203,16,,,1,16,,1556200,16,,,1,14,,1556204,16,,,1,55,,1556205,16,,,1,15,,1556206,16,,,1,17,,1556207,16,,,1,15,,1556208,16,,,1,55,,1556209,16,,,1,15,,1556210,16,,,1,13,,1556211,16,,,1,15,,1556212,16,,,1,55,,1556213,16,,,1,15,,1556214,16,,,1,16,,1556215,16,,,1,16,,1556216,16,,,1,54,,1556217,16,,,1,15,,1556218,16,,,1,15,,1556219,16,,,1,15,,1556220,16,,,1,55,,1556221,16,,,1,15,,1556222,16,,,1,15,,1556223,16,,,1,14,,1556224,16,,,1
80103,'20261011',543,,1556232,16,,,1,58,,1556225,16,,,1,14,,1556233,16,,,1,15,,1556226,16,,,1,14,,1556228,16,,,1,14,,1556227,16,,,1,55,,1556229,16,,,1,15,,1556230,16,,,1,15,,1556231,16,,,1,14,,1556239,16,,,1,55,,1556234,16,,,1,15,,1556242,16,,,1,15,,1556243,16,,,1,15,,1556240,16,,,1,55,,1556235,16,,,1,16,,1556237,16,,,1,17,,1556241,16,,,1,55,,1556236,16,,,1,15,,1556238,16,,,1,16,,1556253,16,,,1,15,,1556259,16,,,1,55,,1556258,16,,,1,16,,1556256,16,,,1,15,,1556246,16,,,1,15,,1556251,16,,,1,56,,1556255,16,,,1,15,,1556261,16,,,1,16,,1556262,16,,,1,16,,1556245,16,,,1,56,,1556263,16,,,1,16,,1556250,16,,,1,15,,1556260,16,,,1,15,,1556252,16,,,1,55,,1556244,16,,,1,15,,1556254,16,,,1,16,,1556247,16,,,1,16,,1556264,16,,,1,54,,1556257,16,,,1,15,,1556248,16,,,1,16,,1556249,16,,,1,15,,1556274,16,,,1,55,,1556275,16,,,1,16,,1556281,16,,,1,15,,1556279,16,,,1,15,,1556283,16,,,1,55,,1556282,16,,,1,15,,1556276,16,,,1,15,,1556277,16,,,1,15,,1556269,16,,,1,57,,1556278,16,,,1,16,,1556280,16,,,1,16,,1556284,16,,,1,14,,1556268,16,,,1,55,,1556265,16,,,1,14,,1556285,16,,,1,16,,1556272,16,,,1,14,,1556266,16,,,1,55,,1556270,16,,,1,15,,1556267,16,,,1,17,,1556271,16,,,1,15,,1556273,16,,,1,55,,1556286,16,,,1,15,,1556293,16,,,1,13,,1556299,16,,,1,15,,1556300,16,,,1,55,,1556287,16,,,1,15,,1556288,16,,,1,16,,1556294,16,,,1,16,,1556301,16,,,1,54,,1556289,16,,,1,15,,1556296,16,,,1,15,,1556290,16,,,1,15,,1556297,16,,,1,55,,1556291,16,,,1,15,,1556292,16,,,1,15,,1556298,16,,,1,14,,1556295,16,,,1
80103,'20261012',543,,1556309,16,,,1,58,,1556302,16,,,1,14,,1556310,16,,,1,15,,1556303,16,,,1,14,,1556305,16,,,1,14,,1556304,16,,,1,55,,1556306,16,,,1,15,,1556307,16,,,1,15,,1556308,16,,,1,14,,1556316,16,,,1,55,,1556311,16,,,1,15,,1556319,16,,,1,15,,1556320,16,,,1,15,,1556317,16,,,1,55,,1556312,16,,,1,16,,1556314,16,,,1,17,,1556318,16,,,1,55,,1556313,16,,,1,15,,1556315,16,,,1,16,,1556330,16,,,1,15,,1556336,16,,,1,55,,1556335,16,,,1,16,,1556333,16,,,1,15,,1556323,16,,,1,15,,1556328,16,,,1,56,,1556332,16,,,1,15,,1556338,16,,,1,16,,1556339,16,,,1,16,,1556322,16,,,1,56,,1556340,16,,,1,16,,1556327,16,,,1,15,,1556337,16,,,1,15,,1556329,16,,,1,55,,1556321,16,,,1,15,,1556331,16,,,1,16,,1556324,16,,,1,16,,1556341,16,,,1,54,,1556334,16,,,1,15,,1556325,16,,,1,16,,1556326,16,,,1,15,,1556351,16,,,1,55,,1556352,16,,,1,16,,1556358,16,,,1,15,,1556356,16,,,1,15,,1556360,16,,,1,55,,1556359,16,,,1,15,,1556353,16,,,1,15,,1556354,16,,,1,15,,1556346,16,,,1,57,,1556355,16,,,1,16,,1556357,16,,,1,16,,1556361,16,,,1,14,,1556345,16,,,1,55,,1556342,16,,,1,14,,1556362,16,,,1,16,,1556349,16,,,1,14,,1556343,16,,,1,55,,1556347,16,,,1,15,,1556344,16,,,1,17,,1556348,16,,,1,15,,1556350,16,,,1,55,,1556363,16,,,1,15,,1556370,16,,,1,13,,1556376,16,,,1,15,,1556377,16,,,1,55,,1556364,16,,,1,15,,1556365,16,,,1,16,,1556371,16,,,1,16,,1556378,16,,,1,54,,1556366,16,,,1,15,,1556373,16,,,1,15,,1556367,16,,,1,15,,1556374,16,,,1,55,,1556368,16,,,1,15,,1556369,16,,,1,15,,1556375,16,,,1,14,,1556372,16,,,1
80103,'20261013',457,,1585584,16,,,1,56,,1585577,16,,,1,15,,1585490,16,,,1,14,,1585491,16,,,1,11,,1585489,16,,,1,49,,1585493,16,,,1,10,,1585494,16,,,1,9,,1585495,16,,,1,10,,1585492,16,,,1,10,,1585497,16,,,1,11,,1585583,16,,,1,50,,1585498,16,,,1,10,,1585499,16,,,1,9,,1585496,16,,,1,8,,1585500,16,,,1,8,,1585501,16,,,1,11,,1585502,16,,,1,9,,1585503,16,,,1,51,,1585504,16,,,1,12,,1585505,16,,,1,8,,1585506,16,,,1,8,,1585507,16,,,1,9,,1585508,16,,,1,11,,1585509,16,,,1,53,,1585510,16,,,1,15,,1585511,16,,,1,16,,1585512,16,,,1,16,,1585513,16,,,1,54,,1585514,16,,,1,14,,1585515,16,,,1,15,,1585518,16,,,1,15,,1585519,16,,,1,55,,1585520,16,,,1,15,,1585516,16,,,1,15,,1585517,16,,,1,15,,1585521,16,,,1,55,,1585523,16,,,1,15,,1585524,16,,,1,16,,1585522,16,,,1,14,,1585526,16,,,1,55,,1585527,16,,,1,13,,1585525,16,,,1,15,,1585528,16,,,1,15,,1585582,16,,,1,55,,1585529,16,,,1,14,,1585530,16,,,1,14,,1585531,16,,,1,12,,1585532,16,,,1,12,,1585580,16,,,1,48,,1585533,16,,,1,8,,1585534,16,,,1,8,,1585535,16,,,1,8,,1585536,16,,,1,9,,1585537,16,,,1,10,,1585538,16,,,1,8,,1585539,16,,,1,49,,1585541,16,,,1,10,,1585542,16,,,1,9,,1585543,16,,,1,9,,1585540,16,,,1,9,,1585581,16,,,1,9,,1585544,16,,,1,50,,1585545,16,,,1,11,,1585547,16,,,1,10,,1585548,16,,,1,10,,1585549,16,,,1,10,,1585578,16,,,1,13,,1585546,16,,,1,54,,1585550,16,,,1,14,,1585552,16,,,1,15,,1585554,16,,,1,15,,1585551,16,,,1,55,,1585555,16,,,1,15,,1585553,16,,,1,16,,1585556,16,,,1,15,,1585557,16,,,1,55,,1585558,16,,,1,15,,1585559,16,,,1,15,,1585560,16,,,1,15,,1585561,16,,,1,55,,1585562,16,,,1,15,,1585563,16,,,1,15,,1585564,16,,,1,15,,1585565,16,,,1,55,,1585566,16,,,1,15,,1585568,16,,,1,15,,1585569,16,,,1,16,,1585570,16,,,1,55,,1585567,16,,,1,15,,1585571,16,,,1,15,,1585572,16,,,1,15,,1585573,16,,,1,55,,1585574,16,,,1,15,,1585575,16,,,1,15,,1585576,16,,,1,15,,1585579,16,,,1
80103,'20261014',457,,1585680,16,,,1,56,,1585673,16,,,1,15,,1585586,16,,,1,14,,1585587,16,,,1,11,,1585585,16,,,1,49,,1585589,16,,,1,10,,1585590,16,,,1,9,,1585591,16,,,1,10,,1585588,16,,,1,10,,1585593,16,,,1,11,,1585679,16,,,1,50,,1585594,16,,,1,10,,1585595,16,,,1,9,,1585592,16,,,1,8,,1585596,16,,,1,8,,1585597,16,,,1,11,,1585598,16,,,1,9,,1585599,16,,,1,51,,1585600,16,,,1,12,,1585601,16,,,1,8,,1585602,16,,,1,8,,1585603,16,,,1,9,,1585604,16,,,1,11,,1585605,16,,,1,53,,1585606,16,,,1,15,,1585607,16,,,1,16,,1585608,16,,,1,16,,1585609,16,,,1,54,,1585610,16,,,1,14,,1585611,16,,,1,15,,1585614,16,,,1,15,,1585615,16,,,1,55,,1585616,16,,,1,15,,1585612,16,,,1,15,,1585613,16,,,1,15,,1585617,16,,,1,55,,1585619,16,,,1,15,,1585620,16,,,1,16,,1585618,16,,,1,14,,1585622,16,,,1,55,,1585623,16,,,1,13,,1585621,16,,,1,15,,1585624,16,,,1,15,,1585678,16,,,1,55,,1585625,16,,,1,14,,1585626,16,,,1,14,,1585627,16,,,1,12,,1585628,16,,,1,12,,1585676,16,,,1,48,,1585629,16,,,1,8,,1585630,16,,,1,8,,1585631,16,,,1,8,,1585632,16,,,1,9,,1585633,16,,,1,10,,1585634,16,,,1,8,,1585635,16,,,1,49,,1585637,16,,,1,10,,1585638,16,,,1,9,,1585639,16,,,1,9,,1585636,16,,,1,9,,1585677,16,,,1,9,,1585640,16,,,1,50,,1585641,16,,,1,11,,1585643,16,,,1,10,,1585644,16,,,1,10,,1585645,16,,,1,10,,1585674,16,,,1,13,,1585642,16,,,1,54,,1585646,16,,,1,14,,1585648,16,,,1,15,,1585650,16,,,1,15,,1585647,16,,,1,55,,1585651,16,,,1,15,,1585649,16,,,1,16,,1585652,16,,,1,15,,1585653,16,,,1,55,,1585654,16,,,1,15,,1585655,16,,,1,15,,1585656,16,,,1,15,,1585657,16,,,1,55,,1585658,16,,,1,15,,1585659,16,,,1,15,,1585660,16,,,1,15,,1585661,16,,,1,55,,1585662,16,,,1,15,,1585664,16,,,1,15,,1585665,16,,,1,16,,1585666,16,,,1,55,,1585663,16,,,1,15,,1585667,16,,,1,15,,1585668,16,,,1,15,,1585669,16,,,1,55,,1585670,16,,,1,15,,1585671,16,,,1,15,,1585672,16,,,1,15,,1585675,16,,,1
80103,'20261015',457,,1585776,16,,,1,56,,1585769,16,,,1,15,,1585682,16,,,1,14,,1585683,16,,,1,11,,1585681,16,,,1,49,,1585685,16,,,1,10,,1585686,16,,,1,9,,1585687,16,,,1,10,,1585684,16,,,1,10,,1585689,16,,,1,11,,1585775,16,,,1,50,,1585690,16,,,1,10,,1585691,16,,,1,9,,1585688,16,,,1,8,,1585692,16,,,1,8,,1585693,16,,,1,11,,1585694,16,,,1,9,,1585695,16,,,1,51,,1585696,16,,,1,12,,1585697,16,,,1,8,,1585698,16,,,1,8,,1585699,16,,,1,9,,1585700,16,,,1,11,,1585701,16,,,1,53,,1585702,16,,,1,15,,1585703,16,,,1,16,,1585704,16,,,1,16,,1585705,16,,,1,54,,1585706,16,,,1,14,,1585707,16,,,1,15,,1585710,16,,,1,15,,1585711,16,,,1,55,,1585712,16,,,1,15,,1585708,16,,,1,15,,1585709,16,,,1,15,,1585713,16,,,1,55,,1585715,16,,,1,15,,1585716,16,,,1,16,,1585714,16,,,1,14,,1585718,16,,,1,55,,1585719,16,,,1,13,,1585717,16,,,1,15,,1585720,16,,,1,15,,1585774,16,,,1,55,,1585721,16,,,1,14,,1585722,16,,,1,14,,1585723,16,,,1,12,,1585724,16,,,1,12,,1585772,16,,,1,48,,1585725,16,,,1,8,,1585726,16,,,1,8,,1585727,16,,,1,8,,1585728,16,,,1,9,,1585729,16,,,1,10,,1585730,16,,,1,8,,1585731,16,,,1,49,,1585733,16,,,1,10,,1585734,16,,,1,9,,1585735,16,,,1,9,,1585732,16,,,1,9,,1585773,16,,,1,9,,1585736,16,,,1,50,,1585737,16,,,1,11,,1585739,16,,,1,10,,1585740,16,,,1,10,,1585741,16,,,1,10,,1585770,16,,,1,13,,1585738,16,,,1,54,,1585742,16,,,1,14,,1585744,16,,,1,15,,1585746,16,,,1,15,,1585743,16,,,1,55,,1585747,16,,,1,15,,1585745,16,,,1,16,,1585748,16,,,1,15,,1585749,16,,,1,55,,1585750,16,,,1,15,,1585751,16,,,1,15,,1585752,16,,,1,15,,1585753,16,,,1,55,,1585754,16,,,1,15,,1585755,16,,,1,15,,1585756,16,,,1,15,,1585757,16,,,1,55,,1585758,16,,,1,15,,1585760,16,,,1,15,,1585761,16,,,1,16,,1585762,16,,,1,55,,1585759,16,,,1,15,,1585763,16,,,1,15,,1585764,16,,,1,15,,1585765,16,,,1,55,,1585766,16,,,1,15,,1585767,16,,,1,15,,1585768,16,,,1,15,,1585771,16,,,1
80103,'20261016',457,,1585872,16,,,1,56,,1585865,16,,,1,15,,1585778,16,,,1,14,,1585779,16,,,1,11,,1585777,16,,,1,49,,1585781,16,,,1,10,,1585782,16,,,1,9,,1585783,16,,,1,10,,1585780,16,,,1,10,,1585785,16,,,1,11,,1585871,16,,,1,50,,1585786,16,,,1,10,,1585787,16,,,1,9,,1585784,16,,,1,8,,1585788,16,,,1,8,,1585789,16,,,1,11,,1585790,16,,,1,9,,1585791,16,,,1,51,,1585792,16,,,1,12,,1585793,16,,,1,8,,1585794,16,,,1,8,,1585795,16,,,1,9,,1585796,16,,,1,11,,1585797,16,,,1,53,,1585798,16,,,1,15,,1585799,16,,,1,16,,1585800,16,,,1,16,,1585801,16,,,1,54,,1585802,16,,,1,14,,1585803,16,,,1,15,,1585806,16,,,1,15,,1585807,16,,,1,55,,1585808,16,,,1,15,,1585804,16,,,1,15,,1585805,16,,,1,15,,1585809,16,,,1,55,,1585811,16,,,1,15,,1585812,16,,,1,16,,1585810,16,,,1,14,,1585814,16,,,1,55,,1585815,16,,,1,13,,1585813,16,,,1,15,,1585816,16,,,1,15,,1585870,16,,,1,55,,1585817,16,,,1,14,,1585818,16,,,1,14,,1585819,16,,,1,12,,1585820,16,,,1,12,,1585868,16,,,1,48,,1585821,16,,,1,8,,1585822,16,,,1,8,,1585823,16,,,1,8,,1585824,16,,,1,9,,1585825,16,,,1,10,,1585826,16,,,1,8,,1585827,16,,,1,49,,1585829,16,,,1,10,,1585830,16,,,1,9,,1585831,16,,,1,9,,1585828,16,,,1,9,,1585869,16,,,1,9,,1585832,16,,,1,50,,1585833,16,,,1,11,,1585835,16,,,1,10,,1585836,16,,,1,10,,1585837,16,,,1,10,,1585866,16,,,1,13,,1585834,16,,,1,54,,1585838,16,,,1,14,,1585840,16,,,1,15,,1585842,16,,,1,15,,1585839,16,,,1,55,,1585843,16,,,1,15,,1585841,16,,,1,16,,1585844,16,,,1,15,,1585845,16,,,1,55,,1585846,16,,,1,15,,1585847,16,,,1,15,,1585848,16,,,1,15,,1585849,16,,,1,55,,1585850,16,,,1,15,,1585851,16,,,1,15,,1585852,16,,,1,15,,1585853,16,,,1,55,,1585854,16,,,1,15,,1585856,16,,,1,15,,1585857,16,,,1,16,,1585858,16,,,1,55,,1585855,16,,,1,15,,1585859,16,,,1,15,,1585860,16,,,1,15,,1585861,16,,,1,55,,1585862,16,,,1,15,,1585863,16,,,1,15,,1585864,16,,,1,15,,1585867,16,,,1
93101,'20261002',2632,,1593508,16,,,0
93101,'20261003',2632,,1593509,16,,,0
93101,'20261009',2632,,1540223,16,,,0
93101,'20261010',2632,,1561860,16,,,0
93101,'20261016',2632,,1593510,16,,,0
