8601,'20260929',649,,1551071,48,,,0,72,,1551072,48,,,0,29,,1551069,27,,,0,7,,1551073,48,,,0,66,,1551074,48,,,0,28,,1551075,48,,,0,69,,1551076,48,,,0,100,,1551077,48,,,0,100,,1551078,48,,,0,101,,1551079,48,,,0,100,,1551080,48,,,0,99,,1551081,48,,,0,103,,1551082,48,,,0,102,,1551083,48,,,0,28,,1551070,44,,,0,2,,1551084,48,,,0,70,,1551085,48,,,0,27,,1551086,48,,,0,69,,1551087,48,,,0,98,,1551088,48,,,0,99,,1551089,48,,,0,100,,1551090,48,,,0,100,,1551091,48,,,0,99,,1551092,48,,,0
8601,'20260930',649,,1551095,48,,,0,72,,1551096,48,,,0,29,,1551093,27,,,0,7,,1551097,48,,,0,66,,1551098,48,,,0,28,,1551099,48,,,0,69,,1551100,48,,,0,100,,1551101,48,,,0,100,,1551102,48,,,0,101,,1551103,48,,,0,100,,1551104,48,,,0,99,,1551105,48,,,0,103,,1551106,48,,,0,102,,1551107,48,,,0,28,,1551094,44,,,0,2,,1551108,48,,,0,70,,1551109,48,,,0,27,,1551110,48,,,0,69,,1551111,48,,,0,98,,1551112,48,,,0,99,,1551113,48,,,0,100,,1551114,48,,,0,100,,1551115,48,,,0,99,,1551116,48,,,0
8601,'20261001',649,,1551119,48,,,0,72,,1551120,48,,,0,29,,1551117,27,,,0,7,,1551121,48,,,0,66,,1551122,48,,,0,28,,1551123,48,,,0,69,,1551124,48,,,0,100,,1551125,48,,,0,100,,1551126,48,,,0,101,,1551127,48,,,0,100,,1551128,48,,,0,99,,1551129,48,,,0,103,,1551130,48,,,0,102,,1551131,48,,,0,28,,1551118,44,,,0,2,,1551132,48,,,0,70,,1551133,48,,,0,27,,1551134,48,,,0,69,,1551135,48,,,0,98,,1551136,48,,,0,99,,1551137,48,,,0,100,,1551138,48,,,0,100,,1551139,48,,,0,99,,1551140,48,,,0
8601,'20261002',649,,1474021,48,,,0,72,,1474011,48,,,0,29,,1474033,27,,,0,7,,1474012,48,,,0,66,,1474013,48,,,0,28,,1474024,48,,,0,69,,1474027,48,,,0,100,,1474025,48,,,0,100,,1474028,48,,,0,101,,1474023,48,,,0,100,,1474029,48,,,0,99,,1474022,48,,,0,103,,1474030,48,,,0,102,,1474017,48,,,0,28,,1474034,44,,,0,2,,1474020,48,,,0,70,,1474016,48,,,0,27,,1474019,48,,,0,69,,1474014,48,,,0,98,,1474031,48,,,0,99,,1474018,48,,,0,100,,1474032,48,,,0,100,,1474015,48,,,0,99,,1474026,48,,,0
8601,'20261003',818,,1497015,48,,,0,100,,1497023,48,,,0,100,,1497019,48,,,0,101,,1497024,48,,,0,100,,1497016,48,,,0,100,,1497025,48,,,0,100,,1497020,48,,,0,100,,1497026,48,,,0,101,,1497021,48,,,0,100,,1497027,48,,,0,99,,1497017,48,,,0,99,,1497028,48,,,0,100,,1497022,48,,,0,100,,1497029,48,,,0,100,,1497018,48,,,0,99,,1497030,48,,,0
8601,'20261004',818,,1497034,48,,,0,100,,1497039,48,,,0,100,,1497035,48,,,0,101,,1497040,48,,,0,100,,1497031,48,,,0,100,,1497041,48,,,0,100,,1497036,48,,,0,100,,1497042,48,,,0,101,,1497037,48,,,0,100,,1497043,48,,,0,99,,1497032,48,,,0,99,,1497044,48,,,0,100,,1497038,48,,,0,100,,1497045,48,,,0,100,,1497033,48,,,0,99,,1497046,48,,,0
8601,'20261005',649,,1497057,48,,,0,72,,1497047,48,,,0,29,,1497069,27,,,0,7,,1497048,48,,,0,66,,1497049,48,,,0,28,,1497060,48,,,0,69,,1497063,48,,,0,100,,1497061,48,,,0,100,,1497064,48,,,0,101,,1497059,48,,,0,100,,1497065,48,,,0,99,,1497058,48,,,0,103,,1497066,48,,,0,102,,1497053,48,,,0,28,,1497070,44,,,0,2,,1497056,48,,,0,70,,1497052,48,,,0,27,,1497055,48,,,0,69,,1497050,48,,,0,98,,1497067,48,,,0,99,,1497054,48,,,0,100,,1497068,48,,,0,100,,1497051,48,,,0,99,,1497062,48,,,0
8601,'20261006',649,,1524228,48,,,0,72,,1524218,48,,,0,29,,1524240,27,,,0,7,,1524219,48,,,0,66,,1524220,48,,,0,28,,1524231,48,,,0,69,,1524234,48,,,0,100,,1524232,48,,,0,100,,1524235,48,,,0,101,,1524230,48,,,0,100,,1524236,48,,,0,99,,1524229,48,,,0,103,,1524237,48,,,0,102,,1524224,48,,,0,28,,1524241,44,,,0,2,,1524227,48,,,0,70,,1524223,48,,,0,27,,1524226,48,,,0,69,,1524221,48,,,0,98,,1524238,48,,,0,99,,1524225,48,,,0,100,,1524239,48,,,0,100,,1524222,48,,,0,99,,1524233,48,,,0
8601,'20261007',649,,1524252,48,,,0,72,,1524242,48,,,0,29,,1524264,27,,,0,7,,1524243,48,,,0,66,,1524244,48,,,0,28,,1524255,48,,,0,69,,1524258,48,,,0,100,,1524256,48,,,0,100,,1524259,48,,,0,101,,1524254,48,,,0,100,,1524260,48,,,0,99,,1524253,48,,,0,103,,1524261,48,,,0,102,,1524248,48,,,0,28,,1524265,44,,,0,2,,1524251,48,,,0,70,,1524247,48,,,0,27,,1524250,48,,,0,69,,1524245,48,,,0,98,,1524262,48,,,0,99,,1524249,48,,,0,100,,1524263,48,,,0,100,,1524246,48,,,0,99,,1524257,48,,,0
8601,'20261008',649,,1524276,48,,,0,72,,1524266,48,,,0,29,,1524288,27,,,0,7,,1524267,48,,,0,66,,1524268,48,,,0,28,,1524279,48,,,0,69,,1524282,48,,,0,100,,1524280,48,,,0,100,,1524283,48,,,0,101,,1524278,48,,,0,100,,1524284,48,,,0,99,,1524277,48,,,0,103,,1524285,48,,,0,102,,1524272,48,,,0,28,,1524289,44,,,0,2,,1524275,48,,,0,70,,1524271,48,,,0,27,,1524274,48,,,0,69,,1524269,48,,,0,98,,1524286,48,,,0,99,,1524273,48,,,0,100,,1524287,48,,,0,100,,1524270,48,,,0,99,,1524281,48,,,0
8601,'20261009',649,,1524300,48,,,0,72,,1524290,48,,,0,29,,1524312,27,,,0,7,,1524291,48,,,0,66,,1524292,48,,,0,28,,1524303,48,,,0,69,,1524306,48,,,0,100,,1524304,48,,,0,100,,1524307,48,,,0,101,,1524302,48,,,0,100,,1524308,48,,,0,99,,1524301,48,,,0,103,,1524309,48,,,0,102,,1524296,48,,,0,28,,1524313,44,,,0,2,,1524299,48,,,0,70,,1524295,48,,,0,27,,1524298,48,,,0,69,,1524293,48,,,0,98,,1524310,48,,,0,99,,1524297,48,,,0,100,,1524311,48,,,0,100,,1524294,48,,,0,99,,1524305,48,,,0
8601,'20261010',818,,1551141,48,,,0,100,,1551149,48,,,0,100,,1551145,48,,,0,101,,1551150,48,,,0,100,,1551142,48,,,0,100,,1551151,48,,,0,100,,1551146,48,,,0,100,,1551152,48,,,0,101,,1551147,48,,,0,100,,1551153,48,,,0,99,,1551143,48,,,0,99,,1551154,48,,,0,100,,1551148,48,,,0,100,,1551155,48,,,0,100,,1551144,48,,,0,99,,1551156,48,,,0
8601,'20261011',818,,1551160,48,,,0,100,,1551165,48,,,0,100,,1551161,48,,,0,101,,1551166,48,,,0,100,,1551157,48,,,0,100,,1551167,48,,,0,100,,1551162,48,,,0,100,,1551168,48,,,0,101,,1551163,48,,,0,100,,1551169,48,,,0,99,,1551158,48,,,0,99,,1551170,48,,,0,100,,1551164,48,,,0,100,,1551171,48,,,0,100,,1551159,48,,,0,99,,1551172,48,,,0
8601,'20261012',818,,1551176,48,,,0,100,,1551181,48,,,0,100,,1551177,48,,,0,101,,1551182,48,,,0,100,,1551173,48,,,0,100,,1551183,48,,,0,100,,1551178,48,,,0,100,,1551184,48,,,0,101,,1551179,48,,,0,100,,1551185,48,,,0,99,,1551174,48,,,0,99,,1551186,48,,,0,100,,1551180,48,,,0,100,,1551187,48,,,0,100,,1551175,48,,,0,99,,1551188,48,,,0
