8400,'20261009',801,,1608629,50,,,1,99,,1608630,50,,,1,100,,1608631,50,,,1,100,,1608632,50,,,1,100,,1608633,50,,,1,100,,1608634,50,,,1,100,,1608635,50,,,1,100,,1608636,50,,,1,102,,1608637,50,,,1,30,,1608627,17,,,1,70,,1608638,50,,,1,29,,1608628,17,,,1,69,,1608639,50,,,1,100,,1608640,50,,,1,59,,1608641,50,,,1,100,,1608642,50,,,1,100,,1608643,50,,,1,99,,1608644,50,,,1,100,,1608645,50,,,1
8400,'20261010',758,,1635759,50,,,1,100,,1635760,50,,,1,101,,1635761,50,,,1,100,,1635762,50,,,1,100,,1635763,50,,,1,100,,1635764,50,,,1,100,,1635765,50,,,1,100,,1635766,50,,,1,100,,1635767,50,,,1,100,,1635768,50,,,1,100,,1635769,50,,,1,100,,1635770,50,,,1,100,,1635771,50,,,1,99,,1635772,50,,,1,100,,1635773,50,,,1,100,,1635774,50,,,1,100,,1635775,50,,,1
8400,'20261011',758,,1635776,50,,,1,100,,1635777,50,,,1,101,,1635778,50,,,1,100,,1635779,50,,,1,100,,1635780,50,,,1,100,,1635781,50,,,1,100,,1635782,50,,,1,100,,1635783,50,,,1,100,,1635784,50,,,1,100,,1635785,50,,,1,100,,1635786,50,,,1,100,,1635787,50,,,1,100,,1635788,50,,,1,99,,1635789,50,,,1,100,,1635790,50,,,1,100,,1635791,50,,,1,100,,1635792,50,,,1
8400,'20261012',758,,1635793,50,,,1,100,,1635794,50,,,1,101,,1635795,50,,,1,100,,1635796,50,,,1,100,,1635797,50,,,1,100,,1635798,50,,,1,100,,1635799,50,,,1,100,,1635800,50,,,1,100,,1635801,50,,,1,100,,1635802,50,,,1,100,,1635803,50,,,1,100,,1635804,50,,,1,100,,1635805,50,,,1,99,,1635806,50,,,1,100,,1635807,50,,,1,100,,1635808,50,,,1,100,,1635809,50,,,1
8400,'20261013',801,,1576910,50,,,1,99,,1576911,50,,,1,100,,1576912,50,,,1,100,,1576913,50,,,1,100,,1576914,50,,,1,100,,1576915,50,,,1,100,,1576916,50,,,1,100,,1576917,50,,,1,102,,1576918,50,,,1,30,,1576927,17,,,1,70,,1576919,50,,,1,29,,1576928,17,,,1,69,,1576920,50,,,1,100,,1576921,50,,,1,59,,1576922,50,,,1,100,,1576923,50,,,1,100,,1576924,50,,,1,99,,1576925,50,,,1,100,,1576926,50,,,1
8400,'20261014',801,,1576929,50,,,1,99,,1576930,50,,,1,100,,1576931,50,,,1,100,,1576932,50,,,1,100,,1576933,50,,,1,100,,1576934,50,,,1,100,,1576935,50,,,1,100,,1576936,50,,,1,102,,1576937,50,,,1,30,,1576946,17,,,1,70,,1576938,50,,,1,29,,1576947,17,,,1,69,,1576939,50,,,1,100,,1576940,50,,,1,59,,1576941,50,,,1,100,,1576942,50,,,1,100,,1576943,50,,,1,99,,1576944,50,,,1,100,,1576945,50,,,1
8400,'20261015',801,,1576948,50,,,1,99,,1576949,50,,,1,100,,1576950,50,,,1,100,,1576951,50,,,1,100,,1576952,50,,,1,100,,1576953,50,,,1,100,,1576954,50,,,1,100,,1576955,50,,,1,102,,1576956,50,,,1,30,,1576965,17,,,1,70,,1576957,50,,,1,29,,1576966,17,,,1,69,,1576958,50,,,1,100,,1576959,50,,,1,59,,1576960,50,,,1,100,,1576961,50,,,1,100,,1576962,50,,,1,99,,1576963,50,,,1,100,,1576964,50,,,1
8400,'20261016',801,,1576967,50,,,1,99,,1576968,50,,,1,100,,1576969,50,,,1,100,,1576970,50,,,1,100,,1576971,50,,,1,100,,1576972,50,,,1,100,,1576973,50,,,1,100,,1576974,50,,,1,102,,1576975,50,,,1,30,,1576984,17,,,1,70,,1576976,50,,,1,29,,1576985,17,,,1,69,,1576977,50,,,1,100,,1576978,50,,,1,59,,1576979,50,,,1,100,,1576980,50,,,1,100,,1576981,50,,,1,99,,1576982,50,,,1,100,,1576983,50,,,1
8400,'20261017',758,,1608646,50,,,1,100,,1608661,50,,,1,101,,1608647,50,,,1,100,,1608662,50,,,1,100,,1608648,50,,,1,100,,1608650,50,,,1,100,,1608651,50,,,1,100,,1608652,50,,,1,100,,1608653,50,,,1,100,,1608654,50,,,1,100,,1608655,50,,,1,100,,1608656,50,,,1,100,,1608657,50,,,1,99,,1608658,50,,,1,100,,1608659,50,,,1,100,,1608660,50,,,1,100,,1608649,50,,,1
8400,'20261018',758,,1608663,50,,,1,100,,1608678,50,,,1,101,,1608664,50,,,1,100,,1608679,50,,,1,100,,1608665,50,,,1,100,,1608672,50,,,1,100,,1608666,50,,,1,100,,1608673,50,,,1,100,,1608667,50,,,1,100,,1608674,50,,,1,100,,1608668,50,,,1,100,,1608675,50,,,1,100,,1608669,50,,,1,99,,1608676,50,,,1,100,,1608670,50,,,1,100,,1608677,50,,,1,100,,1608671,50,,,1
8400,'20261019',801,,1608680,50,,,1,99,,1608681,50,,,1,100,,1608682,50,,,1,100,,1608683,50,,,1,100,,1608684,50,,,1,100,,1608685,50,,,1,100,,1608686,50,,,1,100,,1608687,50,,,1,102,,1608688,50,,,1,30,,1608697,17,,,1,70,,1608689,50,,,1,29,,1608698,17,,,1,69,,1608690,50,,,1,100,,1608691,50,,,1,59,,1608692,50,,,1,100,,1608693,50,,,1,100,,1608694,50,,,1,99,,1608695,50,,,1,100,,1608696,50,,,1
8400,'20261020',801,,1608699,50,,,1,99,,1608700,50,,,1,100,,1608701,50,,,1,100,,1608702,50,,,1,100,,1608703,50,,,1,100,,1608704,50,,,1,100,,1608705,50,,,1,100,,1608706,50,,,1,102,,1608707,50,,,1,30,,1608716,17,,,1,70,,1608708,50,,,1,29,,1608717,17,,,1,69,,1608709,50,,,1,100,,1608710,50,,,1,59,,1608711,50,,,1,100,,1608712,50,,,1,100,,1608713,50,,,1,99,,1608714,50,,,1,100,,1608715,50,,,1
8400,'20261021',801,,1635810,50,,,1,99,,1635811,50,,,1,100,,1635812,50,,,1,100,,1635813,50,,,1,100,,1635814,50,,,1,100,,1635815,50,,,1,100,,1635816,50,,,1,100,,1635817,50,,,1,102,,1635818,50,,,1,30,,1635827,17,,,1,70,,1635819,50,,,1,29,,1635828,17,,,1,69,,1635820,50,,,1,100,,1635821,50,,,1,59,,1635822,50,,,1,100,,1635823,50,,,1,100,,1635824,50,,,1,99,,1635825,50,,,1,100,,1635826,50,,,1
8400,'20261022',801,,1635829,50,,,1,99,,1635830,50,,,1,100,,1635831,50,,,1,100,,1635832,50,,,1,100,,1635833,50,,,1,100,,1635834,50,,,1,100,,1635835,50,,,1,100,,1635836,50,,,1,102,,1635837,50,,,1,30,,1635846,17,,,1,70,,1635838,50,,,1,29,,1635847,17,,,1,69,,1635839,50,,,1,100,,1635840,50,,,1,59,,1635841,50,,,1,100,,1635842,50,,,1,100,,1635843,50,,,1,99,,1635844,50,,,1,100,,1635845,50,,,1
8400,'20261023',801,,1635848,50,,,1,99,,1635849,50,,,1,100,,1635850,50,,,1,100,,1635851,50,,,1,100,,1635852,50,,,1,100,,1635853,50,,,1,100,,1635854,50,,,1,100,,1635855,50,,,1,102,,1635856,50,,,1,30,,1635865,17,,,1,70,,1635857,50,,,1,29,,1635866,17,,,1,69,,1635858,50,,,1,100,,1635859,50,,,1,59,,1635860,50,,,1,100,,1635861,50,,,1,100,,1635862,50,,,1,99,,1635863,50,,,1,100,,1635864,50,,,1
98400,'20261009',2606,,1625342,55,,,0
98400,'20261010',2606,,1646903,55,,,0
98400,'20261016',2606,,1593537,55,,,0
98400,'20261017',2606,,1625343,55,,,0
98400,'20261023',2606,,1646904,55,,,0
