9203,'20261002',608,,1578267,26,,,0,103,,1578268,26,,,0,105,,1578269,26,,,0,96,,1578270,26,,,0,100,,1578271,26,,,0,100,,1578272,26,,,0,102,,1578273,26,,,0,100,,1578274,26,,,0,99,,1578275,26,,,0,98,,1578276,26,,,0,31,,1578277,26,,,0,71,,1578278,26,,,0,31,,1578279,26,,,0,69,,1578280,26,,,0,35,,1578281,26,,,0,70,,1578282,26,,,0,94,,1578283,26,,,0,99,,1578284,26,,,0,100,,1578285,26,,,0,100,,1578286,26,,,0,100,,1578287,26,,,0
9203,'20261003',728,,1578288,26,,,0,100,,1578289,26,,,0,100,,1578290,26,,,0,102,,1578291,26,,,0,97,,1578292,26,,,0,100,,1578293,26,,,0,101,,1578294,26,,,0,102,,1578295,26,,,0,101,,1578296,26,,,0,104,,1578297,26,,,0,99,,1578298,26,,,0,101,,1578299,26,,,0,93,,1578300,26,,,0,99,,1578301,26,,,0,100,,1578302,26,,,0,100,,1578303,26,,,0,100,,1578304,26,,,0
9203,'20261004',728,,1578305,26,,,0,100,,1578306,26,,,0,100,,1578307,26,,,0,102,,1578308,26,,,0,97,,1578309,26,,,0,100,,1578310,26,,,0,101,,1578311,26,,,0,102,,1578312,26,,,0,101,,1578313,26,,,0,104,,1578314,26,,,0,99,,1578315,26,,,0,101,,1578316,26,,,0,93,,1578317,26,,,0,99,,1578318,26,,,0,100,,1578319,26,,,0,100,,1578320,26,,,0,100,,1578321,26,,,0
9203,'20261005',608,,1578322,26,,,0,103,,1578323,26,,,0,105,,1578324,26,,,0,96,,1578325,26,,,0,100,,1578326,26,,,0,100,,1578327,26,,,0,102,,1578328,26,,,0,100,,1578329,26,,,0,99,,1578330,26,,,0,98,,1578331,26,,,0,31,,1578332,26,,,0,71,,1578333,26,,,0,31,,1578334,26,,,0,69,,1578335,26,,,0,35,,1578336,26,,,0,70,,1578337,26,,,0,94,,1578338,26,,,0,99,,1578339,26,,,0,100,,1578340,26,,,0,100,,1578341,26,,,0,100,,1578342,26,,,0
9203,'20261006',608,,1525089,26,,,0,103,,1525073,26,,,0,105,,1525074,26,,,0,96,,1525075,26,,,0,100,,1525076,26,,,0,100,,1525077,26,,,0,102,,1525078,26,,,0,100,,1525079,26,,,0,99,,1525082,26,,,0,98,,1525092,26,,,0,31,,1525084,26,,,0,71,,1525090,26,,,0,31,,1525085,26,,,0,69,,1525093,26,,,0,35,,1525091,26,,,0,70,,1525086,26,,,0,94,,1525083,26,,,0,99,,1525087,26,,,0,100,,1525080,26,,,0,100,,1525081,26,,,0,100,,1525088,26,,,0
9203,'20261007',608,,1525110,26,,,0,103,,1525094,26,,,0,105,,1525095,26,,,0,96,,1525096,26,,,0,100,,1525097,26,,,0,100,,1525098,26,,,0,102,,1525099,26,,,0,100,,1525100,26,,,0,99,,1525103,26,,,0,98,,1525113,26,,,0,31,,1525105,26,,,0,71,,1525111,26,,,0,31,,1525106,26,,,0,69,,1525114,26,,,0,35,,1525112,26,,,0,70,,1525107,26,,,0,94,,1525104,26,,,0,99,,1525108,26,,,0,100,,1525101,26,,,0,100,,1525102,26,,,0,100,,1525109,26,,,0
9203,'20261008',608,,1525131,26,,,0,103,,1525115,26,,,0,105,,1525116,26,,,0,96,,1525117,26,,,0,100,,1525118,26,,,0,100,,1525119,26,,,0,102,,1525120,26,,,0,100,,1525121,26,,,0,99,,1525124,26,,,0,98,,1525134,26,,,0,31,,1525126,26,,,0,71,,1525132,26,,,0,31,,1525127,26,,,0,69,,1525135,26,,,0,35,,1525133,26,,,0,70,,1525128,26,,,0,94,,1525125,26,,,0,99,,1525129,26,,,0,100,,1525122,26,,,0,100,,1525123,26,,,0,100,,1525130,26,,,0
9203,'20261009',608,,1525152,26,,,0,103,,1525136,26,,,0,105,,1525137,26,,,0,96,,1525138,26,,,0,100,,1525139,26,,,0,100,,1525140,26,,,0,102,,1525141,26,,,0,100,,1525142,26,,,0,99,,1525145,26,,,0,98,,1525155,26,,,0,31,,1525147,26,,,0,71,,1525153,26,,,0,31,,1525148,26,,,0,69,,1525156,26,,,0,35,,1525154,26,,,0,70,,1525149,26,,,0,94,,1525146,26,,,0,99,,1525150,26,,,0,100,,1525143,26,,,0,100,,1525144,26,,,0,100,,1525151,26,,,0
9203,'20261010',728,,1551718,26,,,0,100,,1551712,26,,,0,100,,1551702,26,,,0,102,,1551711,26,,,0,97,,1551713,26,,,0,100,,1551703,26,,,0,101,,1551704,26,,,0,102,,1551705,26,,,0,101,,1551706,26,,,0,104,,1551714,26,,,0,99,,1551707,26,,,0,101,,1551708,26,,,0,93,,1551709,26,,,0,99,,1551710,26,,,0,100,,1551715,26,,,0,100,,1551717,26,,,0,100,,1551716,26,,,0
9203,'20261011',728,,1551735,26,,,0,100,,1551730,26,,,0,100,,1551719,26,,,0,102,,1551729,26,,,0,97,,1551731,26,,,0,100,,1551720,26,,,0,101,,1551721,26,,,0,102,,1551732,26,,,0,101,,1551722,26,,,0,104,,1551723,26,,,0,99,,1551733,26,,,0,101,,1551724,26,,,0,93,,1551725,26,,,0,99,,1551726,26,,,0,100,,1551734,26,,,0,100,,1551727,26,,,0,100,,1551728,26,,,0
9203,'20261012',728,,1551752,26,,,0,100,,1551747,26,,,0,100,,1551736,26,,,0,102,,1551746,26,,,0,97,,1551748,26,,,0,100,,1551737,26,,,0,101,,1551738,26,,,0,102,,1551749,26,,,0,101,,1551739,26,,,0,104,,1551740,26,,,0,99,,1551750,26,,,0,101,,1551741,26,,,0,93,,1551742,26,,,0,99,,1551743,26,,,0,100,,1551751,26,,,0,100,,1551744,26,,,0,100,,1551745,26,,,0
9203,'20261013',608,,1578359,26,,,0,103,,1578343,26,,,0,105,,1578344,26,,,0,96,,1578345,26,,,0,100,,1578346,26,,,0,100,,1578347,26,,,0,102,,1578348,26,,,0,100,,1578349,26,,,0,99,,1578352,26,,,0,98,,1578362,26,,,0,31,,1578354,26,,,0,71,,1578360,26,,,0,31,,1578355,26,,,0,69,,1578363,26,,,0,35,,1578361,26,,,0,70,,1578356,26,,,0,94,,1578353,26,,,0,99,,1578357,26,,,0,100,,1578350,26,,,0,100,,1578351,26,,,0,100,,1578358,26,,,0
9203,'20261014',608,,1578380,26,,,0,103,,1578364,26,,,0,105,,1578365,26,,,0,96,,1578366,26,,,0,100,,1578367,26,,,0,100,,1578368,26,,,0,102,,1578369,26,,,0,100,,1578370,26,,,0,99,,1578373,26,,,0,98,,1578383,26,,,0,31,,1578375,26,,,0,71,,1578381,26,,,0,31,,1578376,26,,,0,69,,1578384,26,,,0,35,,1578382,26,,,0,70,,1578377,26,,,0,94,,1578374,26,,,0,99,,1578378,26,,,0,100,,1578371,26,,,0,100,,1578372,26,,,0,100,,1578379,26,,,0
9203,'20261015',608,,1578401,26,,,0,103,,1578385,26,,,0,105,,1578386,26,,,0,96,,1578387,26,,,0,100,,1578388,26,,,0,100,,1578389,26,,,0,102,,1578390,26,,,0,100,,1578391,26,,,0,99,,1578394,26,,,0,98,,1578404,26,,,0,31,,1578396,26,,,0,71,,1578402,26,,,0,31,,1578397,26,,,0,69,,1578405,26,,,0,35,,1578403,26,,,0,70,,1578398,26,,,0,94,,1578395,26,,,0,99,,1578399,26,,,0,100,,1578392,26,,,0,100,,1578393,26,,,0,100,,1578400,26,,,0
9203,'20261016',608,,1578422,26,,,0,103,,1578406,26,,,0,105,,1578407,26,,,0,96,,1578408,26,,,0,100,,1578409,26,,,0,100,,1578410,26,,,0,102,,1578411,26,,,0,100,,1578412,26,,,0,99,,1578415,26,,,0,98,,1578425,26,,,0,31,,1578417,26,,,0,71,,1578423,26,,,0,31,,1578418,26,,,0,69,,1578426,26,,,0,35,,1578424,26,,,0,70,,1578419,26,,,0,94,,1578416,26,,,0,99,,1578420,26,,,0,100,,1578413,26,,,0,100,,1578414,26,,,0,100,,1578421,26,,,0
99203,'20261002',2618,,1593544,59,,,0,130,,1593545,59,,,0
99203,'20261003',2618,,1593546,59,,,0,130,,1593547,59,,,0
99203,'20261009',2618,,1540261,59,,,0,130,,1540262,59,,,0
99203,'20261010',2618,,1561872,59,,,0,130,,1561873,59,,,0
99203,'20261016',2618,,1593548,59,,,0,130,,1593549,59,,,0
