28400,'20260929',1648,,1553264,45,4,,0,67,,1553265,45,4,,0,29,,1553266,45,4,,0,62,,1553267,45,4,,0,33,,1553268,45,4,,0
28400,'20260930',1648,,1553269,45,4,,0,67,,1553270,45,4,,0,29,,1553271,45,4,,0,62,,1553272,45,4,,0,33,,1553273,45,4,,0
28400,'20261001',1648,,1553274,45,4,,0,67,,1553275,45,4,,0,29,,1553276,45,4,,0,62,,1553277,45,4,,0,33,,1553278,45,4,,0
28400,'20261002',1648,,1476423,45,4,,0,67,,1476424,45,4,,0,29,,1476425,45,4,,0,62,,1476426,45,4,,0,33,,1476427,45,4,,0
28400,'20261005',1648,,1499460,45,4,,0,67,,1499461,45,4,,0,29,,1499462,45,4,,0,62,,1499463,45,4,,0,33,,1499464,45,4,,0
28400,'20261006',1648,,1527691,45,4,,0,67,,1527692,45,4,,0,29,,1527693,45,4,,0,62,,1527694,45,4,,0,33,,1527695,45,4,,0
28400,'20261007',1648,,1527696,45,4,,0,67,,1527697,45,4,,0,29,,1527698,45,4,,0,62,,1527699,45,4,,0,33,,1527700,45,4,,0
28400,'20261008',1648,,1527701,45,4,,0,67,,1527702,45,4,,0,29,,1527703,45,4,,0,62,,1527704,45,4,,0,33,,1527705,45,4,,0
28400,'20261009',1648,,1527706,45,4,,0,67,,1527707,45,4,,0,29,,1527708,45,4,,0,62,,1527709,45,4,,0,33,,1527710,45,4,,0
38400,'20260929',1627,,1553819,41,4,,0,74,,1553820,41,4,,0,54,,1553821,41,4,,0,150,,1553822,41,4,,0
38400,'20260930',1627,,1553823,41,4,,0,74,,1553824,41,4,,0,54,,1553825,41,4,,0,150,,1553826,41,4,,0
38400,'20261001',1627,,1553827,41,4,,0,74,,1553828,41,4,,0,54,,1553829,41,4,,0,150,,1553830,41,4,,0
38400,'20261002',1627,,1477151,41,4,,0,74,,1477148,41,4,,0,54,,1477149,41,4,,0,150,,1477150,41,4,,0
38400,'20261005',1627,,1500196,41,4,,0,74,,1500193,41,4,,0,54,,1500194,41,4,,0,150,,1500195,41,4,,0
38400,'20261006',1627,,1528786,41,4,,0,74,,1528783,41,4,,0,54,,1528784,41,4,,0,150,,1528785,41,4,,0
38400,'20261007',1627,,1528790,41,4,,0,74,,1528787,41,4,,0,54,,1528788,41,4,,0,150,,1528789,41,4,,0
38400,'20261008',1627,,1528794,41,4,,0,74,,1528791,41,4,,0,54,,1528792,41,4,,0,150,,1528793,41,4,,0
38400,'20261009',1627,,1528798,41,4,,0,74,,1528795,41,4,,0,54,,1528796,41,4,,0,150,,1528797,41,4,,0
58400,'20260929',1632,,1554177,39,4,,0,84,,1554178,39,4,,0,24,,1554179,39,4,,0,70,,1554180,39,4,,0
58400,'20260930',1632,,1554181,39,4,,0,84,,1554182,39,4,,0,24,,1554183,39,4,,0,70,,1554184,39,4,,0
58400,'20261001',1632,,1554185,39,4,,0,84,,1554186,39,4,,0,24,,1554187,39,4,,0,70,,1554188,39,4,,0
58400,'20261002',1632,,1477693,39,4,,0,84,,1477691,39,4,,0,24,,1477692,39,4,,0,70,,1477694,39,4,,0
58400,'20261005',1632,,1500666,39,4,,0,84,,1500664,39,4,,0,24,,1500665,39,4,,0,70,,1500667,39,4,,0
58400,'20261006',1632,,1529496,39,4,,0,84,,1529494,39,4,,0,24,,1529495,39,4,,0,70,,1529497,39,4,,0
58400,'20261007',1632,,1529500,39,4,,0,84,,1529498,39,4,,0,24,,1529499,39,4,,0,70,,1529501,39,4,,0
58400,'20261008',1632,,1529504,39,4,,0,84,,1529502,39,4,,0,24,,1529503,39,4,,0,70,,1529505,39,4,,0
58400,'20261009',1632,,1529508,39,4,,0,84,,1529506,39,4,,0,24,,1529507,39,4,,0,70,,1529509,39,4,,0
