9003,'20261002',1545,,1577751,10,,,0,70,,1577752,10,,,0,29,,1577753,10,,,0,2,,1577754,10,,,0,69,,1577755,10,,,0,30,,1577756,10,,,0
9003,'20261005',1545,,1577757,10,,,0,70,,1577758,10,,,0,29,,1577759,10,,,0,2,,1577760,10,,,0,69,,1577761,10,,,0,30,,1577762,10,,,0
9003,'20261006',1545,,1524494,10,,,0,70,,1524495,10,,,0,29,,1524499,10,,,0,2,,1524496,10,,,0,69,,1524497,10,,,0,30,,1524498,10,,,0
9003,'20261007',1545,,1524500,10,,,0,70,,1524501,10,,,0,29,,1524505,10,,,0,2,,1524502,10,,,0,69,,1524503,10,,,0,30,,1524504,10,,,0
9003,'20261008',1545,,1524506,10,,,0,70,,1524507,10,,,0,29,,1524511,10,,,0,2,,1524508,10,,,0,69,,1524509,10,,,0,30,,1524510,10,,,0
9003,'20261009',1545,,1524512,10,,,0,70,,1524513,10,,,0,29,,1524517,10,,,0,2,,1524514,10,,,0,69,,1524515,10,,,0,30,,1524516,10,,,0
9003,'20261013',1545,,1577763,10,,,0,70,,1577764,10,,,0,29,,1577768,10,,,0,2,,1577765,10,,,0,69,,1577766,10,,,0,30,,1577767,10,,,0
9003,'20261014',1545,,1577769,10,,,0,70,,1577770,10,,,0,29,,1577774,10,,,0,2,,1577771,10,,,0,69,,1577772,10,,,0,30,,1577773,10,,,0
9003,'20261015',1545,,1577775,10,,,0,70,,1577776,10,,,0,29,,1577780,10,,,0,2,,1577777,10,,,0,69,,1577778,10,,,0,30,,1577779,10,,,0
9003,'20261016',1545,,1577781,10,,,0,70,,1577782,10,,,0,29,,1577786,10,,,0,2,,1577783,10,,,0,69,,1577784,10,,,0,30,,1577785,10,,,0
9103,'20261002',629,,1577950,32,,,0,100,,1577951,32,,,0,101,,1577952,32,,,0,101,,1577953,32,,,0,100,,1577954,32,,,0,100,,1577955,32,,,0,100,,1577956,32,,,0,100,,1577957,32,,,0,99,,1577958,32,,,0,98,,1577959,32,,,0,29,,1577960,32,,,0,70,,1577961,32,,,0,32,,1577962,32,,,0,75,,1577963,32,,,0,70,,1577964,32,,,0,26,,1577965,32,,,0,100,,1577966,32,,,0,100,,1577967,32,,,0,99,,1577968,32,,,0,100,,1577969,32,,,0,98,,1577970,32,,,0
9103,'20261003',624,,1577971,32,,,0,100,,1577972,32,,,0,100,,1577973,32,,,0,101,,1577974,32,,,0,100,,1577975,32,,,0,100,,1577976,32,,,0,100,,1577977,32,,,0,99,,1577978,32,,,0,100,,1577979,32,,,0,100,,1577980,32,,,0,100,,1577981,32,,,0,100,,1577982,32,,,0,100,,1577983,32,,,0,98,,1577984,32,,,0,101,,1577985,32,,,0,100,,1577986,32,,,0,101,,1577987,32,,,0,100,,1577988,32,,,0
9103,'20261004',624,,1577989,32,,,0,100,,1577990,32,,,0,100,,1577991,32,,,0,101,,1577992,32,,,0,100,,1577993,32,,,0,100,,1577994,32,,,0,100,,1577995,32,,,0,99,,1577996,32,,,0,100,,1577997,32,,,0,100,,1577998,32,,,0,100,,1577999,32,,,0,100,,1578000,32,,,0,100,,1578001,32,,,0,98,,1578002,32,,,0,101,,1578003,32,,,0,100,,1578004,32,,,0,101,,1578005,32,,,0,100,,1578006,32,,,0
9103,'20261005',629,,1578008,32,,,0,100,,1578009,32,,,0,101,,1578010,32,,,0,101,,1578011,32,,,0,100,,1578012,32,,,0,100,,1578013,32,,,0,100,,1578014,32,,,0,100,,1578015,32,,,0,99,,1578016,32,,,0,98,,1578017,32,,,0,29,,1578018,32,,,0,70,,1578019,32,,,0,32,,1578020,32,,,0,75,,1578021,32,,,0,70,,1578022,32,,,0,26,,1578023,32,,,0,100,,1578024,32,,,0,100,,1578025,32,,,0,99,,1578026,32,,,0,100,,1578027,32,,,0,98,,1578028,32,,,0
9103,'20261006',629,,1524759,32,,,0,100,,1524760,32,,,0,101,,1524761,32,,,0,101,,1524762,32,,,0,100,,1524763,32,,,0,100,,1524764,32,,,0,100,,1524765,32,,,0,100,,1524766,32,,,0,99,,1524767,32,,,0,98,,1524768,32,,,0,29,,1524769,32,,,0,70,,1524770,32,,,0,32,,1524771,32,,,0,75,,1524772,32,,,0,70,,1524773,32,,,0,26,,1524774,32,,,0,100,,1524775,32,,,0,100,,1524776,32,,,0,99,,1524777,32,,,0,100,,1524778,32,,,0,98,,1524779,32,,,0
9103,'20261007',629,,1524780,32,,,0,100,,1524781,32,,,0,101,,1524782,32,,,0,101,,1524783,32,,,0,100,,1524784,32,,,0,100,,1524785,32,,,0,100,,1524786,32,,,0,100,,1524787,32,,,0,99,,1524788,32,,,0,98,,1524789,32,,,0,29,,1524790,32,,,0,70,,1524791,32,,,0,32,,1524792,32,,,0,75,,1524793,32,,,0,70,,1524794,32,,,0,26,,1524795,32,,,0,100,,1524796,32,,,0,100,,1524797,32,,,0,99,,1524798,32,,,0,100,,1524799,32,,,0,98,,1524800,32,,,0
9103,'20261008',629,,1524801,32,,,0,100,,1524802,32,,,0,101,,1524803,32,,,0,101,,1524804,32,,,0,100,,1524805,32,,,0,100,,1524806,32,,,0,100,,1524807,32,,,0,100,,1524808,32,,,0,99,,1524809,32,,,0,98,,1524810,32,,,0,29,,1524811,32,,,0,70,,1524812,32,,,0,32,,1524813,32,,,0,75,,1524814,32,,,0,70,,1524815,32,,,0,26,,1524816,32,,,0,100,,1524817,32,,,0,100,,1524818,32,,,0,99,,1524819,32,,,0,100,,1524820,32,,,0,98,,1524821,32,,,0
9103,'20261009',629,,1524822,32,,,0,100,,1524823,32,,,0,101,,1524824,32,,,0,101,,1524825,32,,,0,100,,1524826,32,,,0,100,,1524827,32,,,0,100,,1524828,32,,,0,100,,1524829,32,,,0,99,,1524830,32,,,0,98,,1524831,32,,,0,29,,1524832,32,,,0,70,,1524833,32,,,0,32,,1524834,32,,,0,75,,1524835,32,,,0,70,,1524836,32,,,0,26,,1524837,32,,,0,100,,1524838,32,,,0,100,,1524839,32,,,0,99,,1524840,32,,,0,100,,1524841,32,,,0,98,,1524842,32,,,0
9103,'20261010',624,,1551474,32,,,0,100,,1551475,32,,,0,100,,1551476,32,,,0,101,,1551477,32,,,0,100,,1551478,32,,,0,100,,1551479,32,,,0,100,,1551480,32,,,0,99,,1551481,32,,,0,100,,1551482,32,,,0,100,,1551483,32,,,0,100,,1551484,32,,,0,100,,1551485,32,,,0,100,,1551486,32,,,0,98,,1551487,32,,,0,101,,1551488,32,,,0,100,,1551489,32,,,0,101,,1551490,32,,,0,100,,1551491,32,,,0
9103,'20261011',624,,1551492,32,,,0,100,,1551493,32,,,0,100,,1551494,32,,,0,101,,1551495,32,,,0,100,,1551496,32,,,0,100,,1551497,32,,,0,100,,1551498,32,,,0,99,,1551499,32,,,0,100,,1551500,32,,,0,100,,1551501,32,,,0,100,,1551502,32,,,0,100,,1551503,32,,,0,100,,1551504,32,,,0,98,,1551505,32,,,0,101,,1551506,32,,,0,100,,1551507,32,,,0,101,,1551508,32,,,0,100,,1551509,32,,,0
9103,'20261012',624,,1551510,32,,,0,100,,1551511,32,,,0,100,,1551512,32,,,0,101,,1551513,32,,,0,100,,1551514,32,,,0,100,,1551515,32,,,0,100,,1551516,32,,,0,99,,1551517,32,,,0,100,,1551518,32,,,0,100,,1551519,32,,,0,100,,1551520,32,,,0,100,,1551521,32,,,0,100,,1551522,32,,,0,98,,1551523,32,,,0,101,,1551524,32,,,0,100,,1551525,32,,,0,101,,1551526,32,,,0,100,,1551527,32,,,0
9103,'20261013',629,,1578029,32,,,0,100,,1578030,32,,,0,101,,1578031,32,,,0,101,,1578032,32,,,0,100,,1578033,32,,,0,100,,1578034,32,,,0,100,,1578035,32,,,0,100,,1578036,32,,,0,99,,1578037,32,,,0,98,,1578038,32,,,0,29,,1578039,32,,,0,70,,1578040,32,,,0,32,,1578041,32,,,0,75,,1578042,32,,,0,70,,1578043,32,,,0,26,,1578044,32,,,0,100,,1578045,32,,,0,100,,1578046,32,,,0,99,,1578047,32,,,0,100,,1578048,32,,,0,98,,1578049,32,,,0
9103,'20261014',629,,1578050,32,,,0,100,,1578051,32,,,0,101,,1578052,32,,,0,101,,1578053,32,,,0,100,,1578054,32,,,0,100,,1578055,32,,,0,100,,1578056,32,,,0,100,,1578057,32,,,0,99,,1578058,32,,,0,98,,1578059,32,,,0,29,,1578060,32,,,0,70,,1578061,32,,,0,32,,1578062,32,,,0,75,,1578063,32,,,0,70,,1578064,32,,,0,26,,1578065,32,,,0,100,,1578066,32,,,0,100,,1578067,32,,,0,99,,1578068,32,,,0,100,,1578069,32,,,0,98,,1578070,32,,,0
9103,'20261015',629,,1578071,32,,,0,100,,1578072,32,,,0,101,,1578073,32,,,0,101,,1578074,32,,,0,100,,1578075,32,,,0,100,,1578076,32,,,0,100,,1578077,32,,,0,100,,1578078,32,,,0,99,,1578079,32,,,0,98,,1578080,32,,,0,29,,1578081,32,,,0,70,,1578082,32,,,0,32,,1578083,32,,,0,75,,1578084,32,,,0,70,,1578085,32,,,0,26,,1578086,32,,,0,100,,1578087,32,,,0,100,,1578088,32,,,0,99,,1578089,32,,,0,100,,1578090,32,,,0,98,,1578091,32,,,0
9103,'20261016',629,,1578092,32,,,0,100,,1578093,32,,,0,101,,1578094,32,,,0,101,,1578095,32,,,0,100,,1578096,32,,,0,100,,1578097,32,,,0,100,,1578098,32,,,0,100,,1578099,32,,,0,99,,1578100,32,,,0,98,,1578101,32,,,0,29,,1578102,32,,,0,70,,1578103,32,,,0,32,,1578104,32,,,0,75,,1578105,32,,,0,70,,1578106,32,,,0,26,,1578107,32,,,0,100,,1578108,32,,,0,100,,1578109,32,,,0,99,,1578110,32,,,0,100,,1578111,32,,,0,98,,1578112,32,,,0
29103,'20261002',1600,,1581155,39,4,,0,32,,1581156,39,4,,0,71,,1581157,39,4,,0,32,,1581158,39,4,,0
29103,'20261005',1600,,1581159,39,4,,0,32,,1581160,39,4,,0,71,,1581161,39,4,,0,32,,1581162,39,4,,0
29103,'20261006',1600,,1527890,39,4,,0,32,,1527887,39,4,,0,71,,1527889,39,4,,0,32,,1527888,39,4,,0
29103,'20261007',1600,,1527894,39,4,,0,32,,1527891,39,4,,0,71,,1527893,39,4,,0,32,,1527892,39,4,,0
29103,'20261008',1600,,1527898,39,4,,0,32,,1527895,39,4,,0,71,,1527897,39,4,,0,32,,1527896,39,4,,0
29103,'20261009',1600,,1527902,39,4,,0,32,,1527899,39,4,,0,71,,1527901,39,4,,0,32,,1527900,39,4,,0
29103,'20261013',1600,,1581166,39,4,,0,32,,1581163,39,4,,0,71,,1581165,39,4,,0,32,,1581164,39,4,,0
29103,'20261014',1600,,1581170,39,4,,0,32,,1581167,39,4,,0,71,,1581169,39,4,,0,32,,1581168,39,4,,0
29103,'20261015',1600,,1581174,39,4,,0,32,,1581171,39,4,,0,71,,1581173,39,4,,0,32,,1581172,39,4,,0
29103,'20261016',1600,,1581178,39,4,,0,32,,1581175,39,4,,0,71,,1581177,39,4,,0,32,,1581176,39,4,,0
