28400,'20261002',1641,,1580957,34,4,,0,67,,1580958,34,4,,0,29,,1580959,34,4,,0,22,,1580960,34,4,,0,73,,1580961,34,4,,0
28400,'20261005',1641,,1580962,34,4,,0,67,,1580963,34,4,,0,29,,1580964,34,4,,0,22,,1580965,34,4,,0,73,,1580966,34,4,,0
28400,'20261006',1641,,1527691,34,4,,0,67,,1527692,34,4,,0,29,,1527693,34,4,,0,22,,1527694,34,4,,0,73,,1527695,34,4,,0
28400,'20261007',1641,,1527696,34,4,,0,67,,1527697,34,4,,0,29,,1527698,34,4,,0,22,,1527699,34,4,,0,73,,1527700,34,4,,0
28400,'20261008',1641,,1527701,34,4,,0,67,,1527702,34,4,,0,29,,1527703,34,4,,0,22,,1527704,34,4,,0,73,,1527705,34,4,,0
28400,'20261009',1641,,1527706,34,4,,0,67,,1527707,34,4,,0,29,,1527708,34,4,,0,22,,1527709,34,4,,0,73,,1527710,34,4,,0
28400,'20261013',1641,,1580967,34,4,,0,67,,1580968,34,4,,0,29,,1580969,34,4,,0,22,,1580970,34,4,,0,73,,1580971,34,4,,0
28400,'20261014',1641,,1580972,34,4,,0,67,,1580973,34,4,,0,29,,1580974,34,4,,0,22,,1580975,34,4,,0,73,,1580976,34,4,,0
28400,'20261015',1641,,1580977,34,4,,0,67,,1580978,34,4,,0,29,,1580979,34,4,,0,22,,1580980,34,4,,0,73,,1580981,34,4,,0
28400,'20261016',1641,,1580982,34,4,,0,67,,1580983,34,4,,0,29,,1580984,34,4,,0,22,,1580985,34,4,,0,73,,1580986,34,4,,0
38400,'20261002',1619,,1582051,30,4,,0,34,,1582052,30,4,,0,94,,1582053,30,4,,0,111,,1582054,30,4,,0
38400,'20261005',1619,,1582055,30,4,,0,34,,1582056,30,4,,0,94,,1582057,30,4,,0,111,,1582058,30,4,,0
38400,'20261006',1619,,1528786,30,4,,0,34,,1528783,30,4,,0,94,,1528784,30,4,,0,111,,1528785,30,4,,0
38400,'20261007',1619,,1528790,30,4,,0,34,,1528787,30,4,,0,94,,1528788,30,4,,0,111,,1528789,30,4,,0
38400,'20261008',1619,,1528794,30,4,,0,34,,1528791,30,4,,0,94,,1528792,30,4,,0,111,,1528793,30,4,,0
38400,'20261009',1619,,1528798,30,4,,0,34,,1528795,30,4,,0,94,,1528796,30,4,,0,111,,1528797,30,4,,0
38400,'20261013',1619,,1582062,30,4,,0,34,,1582059,30,4,,0,94,,1582060,30,4,,0,111,,1582061,30,4,,0
38400,'20261014',1619,,1582066,30,4,,0,34,,1582063,30,4,,0,94,,1582064,30,4,,0,111,,1582065,30,4,,0
38400,'20261015',1619,,1582070,30,4,,0,34,,1582067,30,4,,0,94,,1582068,30,4,,0,111,,1582069,30,4,,0
38400,'20261016',1619,,1582074,30,4,,0,34,,1582071,30,4,,0,94,,1582072,30,4,,0,111,,1582073,30,4,,0
58400,'20261002',1624,,1582762,28,4,,0,84,,1582763,28,4,,0,24,,1582764,28,4,,0,72,,1582765,28,4,,0
58400,'20261005',1624,,1582766,28,4,,0,84,,1582767,28,4,,0,24,,1582768,28,4,,0,72,,1582769,28,4,,0
58400,'20261006',1624,,1529496,28,4,,0,84,,1529494,28,4,,0,24,,1529495,28,4,,0,72,,1529497,28,4,,0
58400,'20261007',1624,,1529500,28,4,,0,84,,1529498,28,4,,0,24,,1529499,28,4,,0,72,,1529501,28,4,,0
58400,'20261008',1624,,1529504,28,4,,0,84,,1529502,28,4,,0,24,,1529503,28,4,,0,72,,1529505,28,4,,0
58400,'20261009',1624,,1529508,28,4,,0,84,,1529506,28,4,,0,24,,1529507,28,4,,0,72,,1529509,28,4,,0
58400,'20261013',1624,,1582772,28,4,,0,84,,1582770,28,4,,0,24,,1582771,28,4,,0,72,,1582773,28,4,,0
58400,'20261014',1624,,1582776,28,4,,0,84,,1582774,28,4,,0,24,,1582775,28,4,,0,72,,1582777,28,4,,0
58400,'20261015',1624,,1582780,28,4,,0,84,,1582778,28,4,,0,24,,1582779,28,4,,0,72,,1582781,28,4,,0
58400,'20261016',1624,,1582784,28,4,,0,84,,1582782,28,4,,0,24,,1582783,28,4,,0,72,,1582785,28,4,,0
97203,'20261002',2623,,1593526,72,,,0
97203,'20261003',2623,,1593527,72,,,0
97203,'20261009',2623,,1540241,72,,,0
97203,'20261010',2623,,1561866,72,,,0
97203,'20261016',2623,,1593528,72,,,0
