9300,'20261009',653,,1610277,39,,,0,102,,1610278,39,,,0,49,,1610266,45,,,0,51,,1610279,39,,,0,76,,1610267,45,,,0,24,,1610280,39,,,0,100,,1610281,39,,,0,4,,1610268,45,,,0,96,,1610282,39,,,0,77,,1610269,45,,,0,23,,1610283,39,,,0,99,,1610284,39,,,0,47,,1610270,45,,,0,48,,1610285,39,,,0,69,,1610286,39,,,0,17,,1610271,45,,,0,11,,1610287,39,,,0,70,,1610288,39,,,0,33,,1610276,35,,,0,2,,1610289,39,,,0,60,,1610272,45,,,0,6,,1610290,39,,,0,31,,1610291,39,,,0,72,,1610292,39,,,0,14,,1610273,45,,,0,12,,1610293,39,,,0,69,,1610294,39,,,0,42,,1610274,45,,,0,1,,1610295,39,,,0,100,,1610296,39,,,0,68,,1610275,45,,,0,32,,1610297,39,,,0,99,,1610298,39,,,0,100,,1610299,39,,,0
9300,'20261010',652,,1636846,39,,,0,102,,1636847,39,,,0,100,,1636848,39,,,0,71,,1636837,45,,,0,28,,1636849,39,,,0,100,,1636850,39,,,0,3,,1636838,45,,,0,96,,1636851,39,,,0,76,,1636839,45,,,0,25,,1636852,39,,,0,101,,1636853,39,,,0,4,,1636840,45,,,0,96,,1636854,39,,,0,74,,1636841,45,,,0,26,,1636855,39,,,0,101,,1636856,39,,,0,45,,1636842,45,,,0,54,,1636857,39,,,0,74,,1636843,45,,,0,25,,1636858,39,,,0,99,,1636859,39,,,0,2,,1636844,45,,,0,168,,1636845,45,,,0,30,,1636860,39,,,0,200,,1636861,39,,,0
9300,'20261011',652,,1636872,39,,,0,102,,1636873,39,,,0,100,,1636874,39,,,0,71,,1636863,45,,,0,28,,1636875,39,,,0,100,,1636876,39,,,0,3,,1636864,45,,,0,96,,1636877,39,,,0,76,,1636865,45,,,0,25,,1636878,39,,,0,101,,1636879,39,,,0,4,,1636866,45,,,0,96,,1636880,39,,,0,74,,1636867,45,,,0,26,,1636881,39,,,0,101,,1636882,39,,,0,45,,1636868,45,,,0,54,,1636883,39,,,0,74,,1636869,45,,,0,25,,1636884,39,,,0,99,,1636885,39,,,0,2,,1636870,45,,,0,168,,1636871,45,,,0,30,,1636886,39,,,0,200,,1636887,39,,,0
9300,'20261012',652,,1636898,39,,,0,102,,1636899,39,,,0,100,,1636900,39,,,0,71,,1636889,45,,,0,28,,1636901,39,,,0,100,,1636902,39,,,0,3,,1636890,45,,,0,96,,1636903,39,,,0,76,,1636891,45,,,0,25,,1636904,39,,,0,101,,1636905,39,,,0,4,,1636892,45,,,0,96,,1636906,39,,,0,74,,1636893,45,,,0,26,,1636907,39,,,0,101,,1636908,39,,,0,45,,1636894,45,,,0,54,,1636909,39,,,0,74,,1636895,45,,,0,25,,1636910,39,,,0,99,,1636911,39,,,0,2,,1636896,45,,,0,168,,1636897,45,,,0,30,,1636912,39,,,0,200,,1636913,39,,,0
9300,'20261013',653,,1578567,39,,,0,102,,1578547,39,,,0,49,,1578570,45,,,0,51,,1578559,39,,,0,76,,1578571,45,,,0,24,,1578563,39,,,0,100,,1578564,39,,,0,4,,1578572,45,,,0,96,,1578565,39,,,0,77,,1578573,45,,,0,23,,1578548,39,,,0,99,,1578549,39,,,0,47,,1578574,45,,,0,48,,1578566,39,,,0,69,,1578556,39,,,0,17,,1578575,45,,,0,11,,1578568,39,,,0,70,,1578560,39,,,0,35,,1578550,39,,,0,60,,1578576,45,,,0,6,,1578551,39,,,0,31,,1578552,39,,,0,72,,1578553,39,,,0,14,,1578577,45,,,0,12,,1578554,39,,,0,69,,1578561,39,,,0,42,,1578578,45,,,0,1,,1578555,39,,,0,100,,1578557,39,,,0,68,,1578579,45,,,0,32,,1578562,39,,,0,99,,1578558,39,,,0,100,,1578569,39,,,0
9300,'20261014',653,,1578600,39,,,0,102,,1578580,39,,,0,49,,1578603,45,,,0,51,,1578592,39,,,0,76,,1578604,45,,,0,24,,1578596,39,,,0,100,,1578597,39,,,0,4,,1578605,45,,,0,96,,1578598,39,,,0,77,,1578606,45,,,0,23,,1578581,39,,,0,99,,1578582,39,,,0,47,,1578607,45,,,0,48,,1578599,39,,,0,69,,1578589,39,,,0,17,,1578608,45,,,0,11,,1578601,39,,,0,70,,1578593,39,,,0,35,,1578583,39,,,0,60,,1578609,45,,,0,6,,1578584,39,,,0,31,,1578585,39,,,0,72,,1578586,39,,,0,14,,1578610,45,,,0,12,,1578587,39,,,0,69,,1578594,39,,,0,42,,1578611,45,,,0,1,,1578588,39,,,0,100,,1578590,39,,,0,68,,1578612,45,,,0,32,,1578595,39,,,0,99,,1578591,39,,,0,100,,1578602,39,,,0
9300,'20261015',653,,1578633,39,,,0,102,,1578613,39,,,0,49,,1578636,45,,,0,51,,1578625,39,,,0,76,,1578637,45,,,0,24,,1578629,39,,,0,100,,1578630,39,,,0,4,,1578638,45,,,0,96,,1578631,39,,,0,77,,1578639,45,,,0,23,,1578614,39,,,0,99,,1578615,39,,,0,47,,1578640,45,,,0,48,,1578632,39,,,0,69,,1578622,39,,,0,17,,1578641,45,,,0,11,,1578634,39,,,0,70,,1578626,39,,,0,35,,1578616,39,,,0,60,,1578642,45,,,0,6,,1578617,39,,,0,31,,1578618,39,,,0,72,,1578619,39,,,0,14,,1578643,45,,,0,12,,1578620,39,,,0,69,,1578627,39,,,0,42,,1578644,45,,,0,1,,1578621,39,,,0,100,,1578623,39,,,0,68,,1578645,45,,,0,32,,1578628,39,,,0,99,,1578624,39,,,0,100,,1578635,39,,,0
9300,'20261016',653,,1578666,39,,,0,102,,1578646,39,,,0,49,,1578669,45,,,0,51,,1578658,39,,,0,76,,1578670,45,,,0,24,,1578662,39,,,0,100,,1578663,39,,,0,4,,1578671,45,,,0,96,,1578664,39,,,0,77,,1578672,45,,,0,23,,1578647,39,,,0,99,,1578648,39,,,0,47,,1578673,45,,,0,48,,1578665,39,,,0,69,,1578655,39,,,0,17,,1578674,45,,,0,11,,1578667,39,,,0,70,,1578659,39,,,0,35,,1578649,39,,,0,60,,1578675,45,,,0,6,,1578650,39,,,0,31,,1578651,39,,,0,72,,1578652,39,,,0,14,,1578676,45,,,0,12,,1578653,39,,,0,69,,1578660,39,,,0,42,,1578677,45,,,0,1,,1578654,39,,,0,100,,1578656,39,,,0,68,,1578678,45,,,0,32,,1578661,39,,,0,99,,1578657,39,,,0,100,,1578668,39,,,0
9300,'20261017',652,,1610315,39,,,0,102,,1610306,39,,,0,100,,1610307,39,,,0,71,,1610317,45,,,0,28,,1610314,39,,,0,100,,1610300,39,,,0,3,,1610318,45,,,0,96,,1610311,39,,,0,76,,1610319,45,,,0,25,,1610308,39,,,0,101,,1610309,39,,,0,4,,1610320,45,,,0,96,,1610301,39,,,0,74,,1610321,45,,,0,26,,1610310,39,,,0,101,,1610312,39,,,0,45,,1610322,45,,,0,54,,1610302,39,,,0,74,,1610323,45,,,0,25,,1610313,39,,,0,99,,1610305,39,,,0,2,,1610324,45,,,0,168,,1610325,45,,,0,30,,1610303,39,,,0,200,,1610304,39,,,0
9300,'20261018',652,,1610341,39,,,0,102,,1610331,39,,,0,100,,1610339,39,,,0,71,,1610343,45,,,0,28,,1610340,39,,,0,100,,1610332,39,,,0,3,,1610344,45,,,0,96,,1610336,39,,,0,76,,1610345,45,,,0,25,,1610326,39,,,0,101,,1610334,39,,,0,4,,1610346,45,,,0,96,,1610333,39,,,0,74,,1610347,45,,,0,26,,1610335,39,,,0,101,,1610337,39,,,0,45,,1610348,45,,,0,54,,1610327,39,,,0,74,,1610349,45,,,0,25,,1610338,39,,,0,99,,1610330,39,,,0,2,,1610350,45,,,0,168,,1610351,45,,,0,30,,1610328,39,,,0,200,,1610329,39,,,0
9300,'20261019',653,,1610372,39,,,0,102,,1610352,39,,,0,49,,1610375,45,,,0,51,,1610364,39,,,0,76,,1610376,45,,,0,24,,1610368,39,,,0,100,,1610369,39,,,0,4,,1610377,45,,,0,96,,1610370,39,,,0,77,,1610378,45,,,0,23,,1610353,39,,,0,99,,1610354,39,,,0,47,,1610379,45,,,0,48,,1610371,39,,,0,69,,1610361,39,,,0,17,,1610380,45,,,0,11,,1610373,39,,,0,70,,1610365,39,,,0,35,,1610355,39,,,0,60,,1610381,45,,,0,6,,1610356,39,,,0,31,,1610357,39,,,0,72,,1610358,39,,,0,14,,1610382,45,,,0,12,,1610359,39,,,0,69,,1610366,39,,,0,42,,1610383,45,,,0,1,,1610360,39,,,0,100,,1610362,39,,,0,68,,1610384,45,,,0,32,,1610367,39,,,0,99,,1610363,39,,,0,100,,1610374,39,,,0
9300,'20261020',653,,1610405,39,,,0,102,,1610385,39,,,0,49,,1610408,45,,,0,51,,1610397,39,,,0,76,,1610409,45,,,0,24,,1610401,39,,,0,100,,1610402,39,,,0,4,,1610410,45,,,0,96,,1610403,39,,,0,77,,1610411,45,,,0,23,,1610386,39,,,0,99,,1610387,39,,,0,47,,1610412,45,,,0,48,,1610404,39,,,0,69,,1610394,39,,,0,17,,1610413,45,,,0,11,,1610406,39,,,0,70,,1610398,39,,,0,35,,1610388,39,,,0,60,,1610414,45,,,0,6,,1610389,39,,,0,31,,1610390,39,,,0,72,,1610391,39,,,0,14,,1610415,45,,,0,12,,1610392,39,,,0,69,,1610399,39,,,0,42,,1610416,45,,,0,1,,1610393,39,,,0,100,,1610395,39,,,0,68,,1610417,45,,,0,32,,1610400,39,,,0,99,,1610396,39,,,0,100,,1610407,39,,,0
9300,'20261021',653,,1636934,39,,,0,102,,1636914,39,,,0,49,,1636937,45,,,0,51,,1636926,39,,,0,76,,1636938,45,,,0,24,,1636930,39,,,0,100,,1636931,39,,,0,4,,1636939,45,,,0,96,,1636932,39,,,0,77,,1636940,45,,,0,23,,1636915,39,,,0,99,,1636916,39,,,0,47,,1636941,45,,,0,48,,1636933,39,,,0,69,,1636923,39,,,0,17,,1636942,45,,,0,11,,1636935,39,,,0,70,,1636927,39,,,0,35,,1636917,39,,,0,60,,1636943,45,,,0,6,,1636918,39,,,0,31,,1636919,39,,,0,72,,1636920,39,,,0,14,,1636944,45,,,0,12,,1636921,39,,,0,69,,1636928,39,,,0,42,,1636945,45,,,0,1,,1636922,39,,,0,100,,1636924,39,,,0,68,,1636946,45,,,0,32,,1636929,39,,,0,99,,1636925,39,,,0,100,,1636936,39,,,0
9300,'20261022',653,,1636967,39,,,0,102,,1636947,39,,,0,49,,1636970,45,,,0,51,,1636959,39,,,0,76,,1636971,45,,,0,24,,1636963,39,,,0,100,,1636964,39,,,0,4,,1636972,45,,,0,96,,1636965,39,,,0,77,,1636973,45,,,0,23,,1636948,39,,,0,99,,1636949,39,,,0,47,,1636974,45,,,0,48,,1636966,39,,,0,69,,1636956,39,,,0,17,,1636975,45,,,0,11,,1636968,39,,,0,70,,1636960,39,,,0,35,,1636950,39,,,0,60,,1636976,45,,,0,6,,1636951,39,,,0,31,,1636952,39,,,0,72,,1636953,39,,,0,14,,1636977,45,,,0,12,,1636954,39,,,0,69,,1636961,39,,,0,42,,1636978,45,,,0,1,,1636955,39,,,0,100,,1636957,39,,,0,68,,1636979,45,,,0,32,,1636962,39,,,0,99,,1636958,39,,,0,100,,1636969,39,,,0
9300,'20261023',653,,1637000,39,,,0,102,,1636980,39,,,0,49,,1637003,45,,,0,51,,1636992,39,,,0,76,,1637004,45,,,0,24,,1636996,39,,,0,100,,1636997,39,,,0,4,,1637005,45,,,0,96,,1636998,39,,,0,77,,1637006,45,,,0,23,,1636981,39,,,0,99,,1636982,39,,,0,47,,1637007,45,,,0,48,,1636999,39,,,0,69,,1636989,39,,,0,17,,1637008,45,,,0,11,,1637001,39,,,0,70,,1636993,39,,,0,35,,1636983,39,,,0,60,,1637009,45,,,0,6,,1636984,39,,,0,31,,1636985,39,,,0,72,,1636986,39,,,0,14,,1637010,45,,,0,12,,1636987,39,,,0,69,,1636994,39,,,0,42,,1637011,45,,,0,1,,1636988,39,,,0,100,,1636990,39,,,0,68,,1637012,45,,,0,32,,1636995,39,,,0,99,,1636991,39,,,0,100,,1637002,39,,,0
9601,'20261009',613,,1611197,13,,,0,99,,1611198,13,,,0,33,,1611199,13,,,0,69,,1611200,13,,,0,100,,1611201,13,,,0,100,,1611202,13,,,0,100,,1611203,13,,,0,99,,1611204,13,,,0,100,,1611205,13,,,0,100,,1611206,13,,,0,100,,1611207,13,,,0,97,,1611208,13,,,0,112,,1611209,13,,,0,92,,1611210,13,,,0,98,,1611211,13,,,0,100,,1611212,13,,,0,100,,1611213,13,,,0,100,,1611214,13,,,0,100,,1611215,13,,,0
9601,'20261010',740,,1637526,13,,,0,100,,1637527,13,,,0,100,,1637528,13,,,0,101,,1637529,13,,,0,100,,1637530,13,,,0,96,,1637531,13,,,0,99,,1637532,13,,,0,108,,1637533,13,,,0,96,,1637534,13,,,0,97,,1637535,13,,,0,108,,1637536,13,,,0,95,,1637537,13,,,0,100,,1637538,13,,,0,100,,1637539,13,,,0,100,,1637540,13,,,0,100,,1637541,13,,,0
9601,'20261011',740,,1637542,13,,,0,100,,1637543,13,,,0,100,,1637544,13,,,0,101,,1637545,13,,,0,100,,1637546,13,,,0,96,,1637547,13,,,0,99,,1637548,13,,,0,108,,1637549,13,,,0,96,,1637550,13,,,0,97,,1637551,13,,,0,108,,1637552,13,,,0,95,,1637553,13,,,0,100,,1637554,13,,,0,100,,1637555,13,,,0,100,,1637556,13,,,0,100,,1637557,13,,,0
9601,'20261012',740,,1637558,13,,,0,100,,1637559,13,,,0,100,,1637560,13,,,0,101,,1637561,13,,,0,100,,1637562,13,,,0,96,,1637563,13,,,0,99,,1637564,13,,,0,108,,1637565,13,,,0,96,,1637566,13,,,0,97,,1637567,13,,,0,108,,1637568,13,,,0,95,,1637569,13,,,0,100,,1637570,13,,,0,100,,1637571,13,,,0,100,,1637572,13,,,0,100,,1637573,13,,,0
9601,'20261013',613,,1579467,13,,,0,99,,1579468,13,,,0,33,,1579469,13,,,0,69,,1579470,13,,,0,100,,1579485,13,,,0,100,,1579471,13,,,0,100,,1579472,13,,,0,99,,1579473,13,,,0,100,,1579474,13,,,0,100,,1579475,13,,,0,100,,1579476,13,,,0,97,,1579477,13,,,0,112,,1579478,13,,,0,92,,1579479,13,,,0,98,,1579480,13,,,0,100,,1579481,13,,,0,100,,1579482,13,,,0,100,,1579483,13,,,0,100,,1579484,13,,,0
9601,'20261014',613,,1579486,13,,,0,99,,1579487,13,,,0,33,,1579488,13,,,0,69,,1579489,13,,,0,100,,1579504,13,,,0,100,,1579490,13,,,0,100,,1579491,13,,,0,99,,1579492,13,,,0,100,,1579493,13,,,0,100,,1579494,13,,,0,100,,1579495,13,,,0,97,,1579496,13,,,0,112,,1579497,13,,,0,92,,1579498,13,,,0,98,,1579499,13,,,0,100,,1579500,13,,,0,100,,1579501,13,,,0,100,,1579502,13,,,0,100,,1579503,13,,,0
9601,'20261015',613,,1579505,13,,,0,99,,1579506,13,,,0,33,,1579507,13,,,0,69,,1579508,13,,,0,100,,1579523,13,,,0,100,,1579509,13,,,0,100,,1579510,13,,,0,99,,1579511,13,,,0,100,,1579512,13,,,0,100,,1579513,13,,,0,100,,1579514,13,,,0,97,,1579515,13,,,0,112,,1579516,13,,,0,92,,1579517,13,,,0,98,,1579518,13,,,0,100,,1579519,13,,,0,100,,1579520,13,,,0,100,,1579521,13,,,0,100,,1579522,13,,,0
9601,'20261016',613,,1579524,13,,,0,99,,1579525,13,,,0,33,,1579526,13,,,0,69,,1579527,13,,,0,100,,1579542,13,,,0,100,,1579528,13,,,0,100,,1579529,13,,,0,99,,1579530,13,,,0,100,,1579531,13,,,0,100,,1579532,13,,,0,100,,1579533,13,,,0,97,,1579534,13,,,0,112,,1579535,13,,,0,92,,1579536,13,,,0,98,,1579537,13,,,0,100,,1579538,13,,,0,100,,1579539,13,,,0,100,,1579540,13,,,0,100,,1579541,13,,,0
9601,'20261017',740,,1611216,13,,,0,100,,1611217,13,,,0,100,,1611218,13,,,0,101,,1611219,13,,,0,100,,1611220,13,,,0,96,,1611221,13,,,0,99,,1611222,13,,,0,108,,1611223,13,,,0,96,,1611224,13,,,0,97,,1611225,13,,,0,108,,1611226,13,,,0,95,,1611227,13,,,0,100,,1611228,13,,,0,100,,1611229,13,,,0,100,,1611230,13,,,0,100,,1611231,13,,,0
9601,'20261018',740,,1611232,13,,,0,100,,1611233,13,,,0,100,,1611234,13,,,0,101,,1611235,13,,,0,100,,1611236,13,,,0,96,,1611237,13,,,0,99,,1611238,13,,,0,108,,1611239,13,,,0,96,,1611240,13,,,0,97,,1611241,13,,,0,108,,1611242,13,,,0,95,,1611243,13,,,0,100,,1611244,13,,,0,100,,1611245,13,,,0,100,,1611246,13,,,0,100,,1611247,13,,,0
9601,'20261019',613,,1611248,13,,,0,99,,1611249,13,,,0,33,,1611250,13,,,0,69,,1611251,13,,,0,100,,1611266,13,,,0,100,,1611252,13,,,0,100,,1611253,13,,,0,99,,1611254,13,,,0,100,,1611255,13,,,0,100,,1611256,13,,,0,100,,1611257,13,,,0,97,,1611258,13,,,0,112,,1611259,13,,,0,92,,1611260,13,,,0,98,,1611261,13,,,0,100,,1611262,13,,,0,100,,1611263,13,,,0,100,,1611264,13,,,0,100,,1611265,13,,,0
9601,'20261020',613,,1611267,13,,,0,99,,1611268,13,,,0,33,,1611269,13,,,0,69,,1611270,13,,,0,100,,1611285,13,,,0,100,,1611271,13,,,0,100,,1611272,13,,,0,99,,1611273,13,,,0,100,,1611274,13,,,0,100,,1611275,13,,,0,100,,1611276,13,,,0,97,,1611277,13,,,0,112,,1611278,13,,,0,92,,1611279,13,,,0,98,,1611280,13,,,0,100,,1611281,13,,,0,100,,1611282,13,,,0,100,,1611283,13,,,0,100,,1611284,13,,,0
9601,'20261021',613,,1637574,13,,,0,99,,1637575,13,,,0,33,,1637576,13,,,0,69,,1637577,13,,,0,100,,1637592,13,,,0,100,,1637578,13,,,0,100,,1637579,13,,,0,99,,1637580,13,,,0,100,,1637581,13,,,0,100,,1637582,13,,,0,100,,1637583,13,,,0,97,,1637584,13,,,0,112,,1637585,13,,,0,92,,1637586,13,,,0,98,,1637587,13,,,0,100,,1637588,13,,,0,100,,1637589,13,,,0,100,,1637590,13,,,0,100,,1637591,13,,,0
9601,'20261022',613,,1637593,13,,,0,99,,1637594,13,,,0,33,,1637595,13,,,0,69,,1637596,13,,,0,100,,1637611,13,,,0,100,,1637597,13,,,0,100,,1637598,13,,,0,99,,1637599,13,,,0,100,,1637600,13,,,0,100,,1637601,13,,,0,100,,1637602,13,,,0,97,,1637603,13,,,0,112,,1637604,13,,,0,92,,1637605,13,,,0,98,,1637606,13,,,0,100,,1637607,13,,,0,100,,1637608,13,,,0,100,,1637609,13,,,0,100,,1637610,13,,,0
9601,'20261023',613,,1637612,13,,,0,99,,1637613,13,,,0,33,,1637614,13,,,0,69,,1637615,13,,,0,100,,1637630,13,,,0,100,,1637616,13,,,0,100,,1637617,13,,,0,99,,1637618,13,,,0,100,,1637619,13,,,0,100,,1637620,13,,,0,100,,1637621,13,,,0,97,,1637622,13,,,0,112,,1637623,13,,,0,92,,1637624,13,,,0,98,,1637625,13,,,0,100,,1637626,13,,,0,100,,1637627,13,,,0,100,,1637628,13,,,0,100,,1637629,13,,,0
99203,'20261009',2605,,1625348,41,,,0,130,,1625349,41,,,0
99203,'20261010',2605,,1646909,41,,,0,130,,1646910,41,,,0
99203,'20261016',2605,,1593548,41,,,0,130,,1593549,41,,,0
99203,'20261017',2605,,1625350,41,,,0,130,,1625351,41,,,0
99203,'20261023',2605,,1646911,41,,,0,130,,1646912,41,,,0
