3401,'20260728',626,,1019614,14,,,0,33,,1019615,14,,,0,76,,1019616,14,,,0,73,,1019617,14,,,0,30,,1019618,14,,,0,213,,1019619,14,,,0,200,,1019620,14,,,0,200,,1019621,14,,,0,206,,1019622,14,,,0,68,,1019623,14,,,0,30,,1019624,14,,,0,72,,1019625,14,,,0,30,,1019626,14,,,0,93,,1019627,14,,,0,199,,1019628,14,,,0,200,,1019629,14,,,0
3401,'20260729',626,,1019630,14,,,0,33,,1019631,14,,,0,76,,1019632,14,,,0,73,,1019633,14,,,0,30,,1019634,14,,,0,213,,1019635,14,,,0,200,,1019636,14,,,0,200,,1019637,14,,,0,206,,1019638,14,,,0,68,,1019639,14,,,0,30,,1019640,14,,,0,72,,1019641,14,,,0,30,,1019642,14,,,0,93,,1019643,14,,,0,199,,1019644,14,,,0,200,,1019645,14,,,0
3401,'20260730',626,,1019646,14,,,0,33,,1019647,14,,,0,76,,1019648,14,,,0,73,,1019649,14,,,0,30,,1019650,14,,,0,213,,1019651,14,,,0,200,,1019652,14,,,0,200,,1019653,14,,,0,206,,1019654,14,,,0,68,,1019655,14,,,0,30,,1019656,14,,,0,72,,1019657,14,,,0,30,,1019658,14,,,0,93,,1019659,14,,,0,199,,1019660,14,,,0,200,,1019661,14,,,0
3401,'20260731',626,,1051475,14,,,0,33,,1051476,14,,,0,76,,1051477,14,,,0,73,,1051478,14,,,0,30,,1051479,14,,,0,213,,1051480,14,,,0,200,,1051481,14,,,0,200,,1051482,14,,,0,206,,1051483,14,,,0,68,,1051484,14,,,0,30,,1051485,14,,,0,72,,1051486,14,,,0,30,,1051487,14,,,0,93,,1051488,14,,,0,199,,1051489,14,,,0,200,,1051490,14,,,0
3401,'20260801',700,,1002218,14,,,0,200,,1002221,14,,,0,200,,1002219,14,,,0,200,,1002223,14,,,0,200,,1002220,14,,,0,200,,1002224,14,,,0,200,,1002225,14,,,0,200,,1002226,14,,,0,200,,1002222,14,,,0
3401,'20260802',700,,1002227,14,,,0,200,,1002228,14,,,0,200,,1002229,14,,,0,200,,1002230,14,,,0,200,,1002231,14,,,0,200,,1002232,14,,,0,200,,1002233,14,,,0,200,,1002234,14,,,0,200,,1002235,14,,,0
3401,'20260803',626,,1002243,14,,,0,33,,1002236,14,,,0,76,,1002237,14,,,0,73,,1002238,14,,,0,30,,1002251,14,,,0,213,,1002244,14,,,0,200,,1002239,14,,,0,200,,1002245,14,,,0,206,,1002249,14,,,0,68,,1002242,14,,,0,30,,1002240,14,,,0,72,,1002241,14,,,0,30,,1002250,14,,,0,93,,1002246,14,,,0,199,,1002247,14,,,0,200,,1002248,14,,,0
3401,'20260804',626,,1019669,14,,,0,33,,1019662,14,,,0,76,,1019663,14,,,0,73,,1019664,14,,,0,30,,1019677,14,,,0,213,,1019670,14,,,0,200,,1019665,14,,,0,200,,1019671,14,,,0,206,,1019675,14,,,0,68,,1019668,14,,,0,30,,1019666,14,,,0,72,,1019667,14,,,0,30,,1019676,14,,,0,93,,1019672,14,,,0,199,,1019673,14,,,0,200,,1019674,14,,,0
3401,'20260805',626,,1019685,14,,,0,33,,1019678,14,,,0,76,,1019679,14,,,0,73,,1019680,14,,,0,30,,1019693,14,,,0,213,,1019686,14,,,0,200,,1019681,14,,,0,200,,1019687,14,,,0,206,,1019691,14,,,0,68,,1019684,14,,,0,30,,1019682,14,,,0,72,,1019683,14,,,0,30,,1019692,14,,,0,93,,1019688,14,,,0,199,,1019689,14,,,0,200,,1019690,14,,,0
3401,'20260806',626,,1019701,14,,,0,33,,1019694,14,,,0,76,,1019695,14,,,0,73,,1019696,14,,,0,30,,1019709,14,,,0,213,,1019702,14,,,0,200,,1019697,14,,,0,200,,1019703,14,,,0,206,,1019707,14,,,0,68,,1019700,14,,,0,30,,1019698,14,,,0,72,,1019699,14,,,0,30,,1019708,14,,,0,93,,1019704,14,,,0,199,,1019705,14,,,0,200,,1019706,14,,,0
3401,'20260807',626,,1019717,14,,,0,33,,1019710,14,,,0,76,,1019711,14,,,0,73,,1019712,14,,,0,30,,1019725,14,,,0,213,,1019718,14,,,0,200,,1019713,14,,,0,200,,1019719,14,,,0,206,,1019723,14,,,0,68,,1019716,14,,,0,30,,1019714,14,,,0,72,,1019715,14,,,0,30,,1019724,14,,,0,93,,1019720,14,,,0,199,,1019721,14,,,0,200,,1019722,14,,,0
3401,'20260808',700,,1051491,14,,,0,200,,1051494,14,,,0,200,,1051492,14,,,0,200,,1051496,14,,,0,200,,1051493,14,,,0,200,,1051497,14,,,0,200,,1051498,14,,,0,200,,1051499,14,,,0,200,,1051495,14,,,0
3401,'20260809',700,,1051500,14,,,0,200,,1051501,14,,,0,200,,1051502,14,,,0,200,,1051503,14,,,0,200,,1051504,14,,,0,200,,1051505,14,,,0,200,,1051506,14,,,0,200,,1051507,14,,,0,200,,1051508,14,,,0
3401,'20260810',626,,1051516,14,,,0,33,,1051509,14,,,0,76,,1051510,14,,,0,73,,1051511,14,,,0,30,,1051524,14,,,0,213,,1051517,14,,,0,200,,1051512,14,,,0,200,,1051518,14,,,0,206,,1051522,14,,,0,68,,1051515,14,,,0,30,,1051513,14,,,0,72,,1051514,14,,,0,30,,1051523,14,,,0,93,,1051519,14,,,0,199,,1051520,14,,,0,200,,1051521,14,,,0
3401,'20260811',626,,1051532,14,,,0,33,,1051525,14,,,0,76,,1051526,14,,,0,73,,1051527,14,,,0,30,,1051540,14,,,0,213,,1051533,14,,,0,200,,1051528,14,,,0,200,,1051534,14,,,0,206,,1051538,14,,,0,68,,1051531,14,,,0,30,,1051529,14,,,0,72,,1051530,14,,,0,30,,1051539,14,,,0,93,,1051535,14,,,0,199,,1051536,14,,,0,200,,1051537,14,,,0
