7401,'20261006',551,,1606398,17,,,1,95,,1606399,17,,,1,99,,1606400,17,,,1,104,,1606401,17,,,1,101,,1606402,17,,,1,100,,1606403,17,,,1,99,,1606404,17,,,1,101,,1606405,17,,,1,100,,1606406,17,,,1,99,,1606407,17,,,1,97,,1606408,17,,,1,100,,1606409,17,,,1,102,,1606410,17,,,1,104,,1606411,17,,,1,100,,1606412,17,,,1,100,,1606413,17,,,1,100,,1606414,17,,,1,170,,1606415,17,,,1
7401,'20261007',551,,1606418,17,,,1,95,,1606419,17,,,1,99,,1606420,17,,,1,104,,1606421,17,,,1,101,,1606422,17,,,1,100,,1606423,17,,,1,99,,1606424,17,,,1,101,,1606425,17,,,1,100,,1606426,17,,,1,99,,1606427,17,,,1,97,,1606428,17,,,1,100,,1606429,17,,,1,102,,1606430,17,,,1,104,,1606431,17,,,1,100,,1606432,17,,,1,100,,1606433,17,,,1,100,,1606434,17,,,1,170,,1606435,17,,,1
7401,'20261008',551,,1606438,17,,,1,95,,1606439,17,,,1,99,,1606440,17,,,1,104,,1606441,17,,,1,101,,1606442,17,,,1,100,,1606443,17,,,1,99,,1606444,17,,,1,101,,1606445,17,,,1,100,,1606446,17,,,1,99,,1606447,17,,,1,97,,1606448,17,,,1,100,,1606449,17,,,1,102,,1606450,17,,,1,104,,1606451,17,,,1,100,,1606452,17,,,1,100,,1606453,17,,,1,100,,1606454,17,,,1,170,,1606455,17,,,1
7401,'20261009',551,,1606458,17,,,1,95,,1606459,17,,,1,99,,1606460,17,,,1,104,,1606461,17,,,1,101,,1606462,17,,,1,100,,1606463,17,,,1,99,,1606464,17,,,1,101,,1606465,17,,,1,100,,1606466,17,,,1,99,,1606467,17,,,1,97,,1606468,17,,,1,100,,1606469,17,,,1,102,,1606470,17,,,1,104,,1606471,17,,,1,100,,1606472,17,,,1,100,,1606473,17,,,1,100,,1606474,17,,,1,170,,1606475,17,,,1
7401,'20261010',652,,1549169,17,,,1,99,,1549155,17,,,1,100,,1549156,17,,,1,100,,1549170,17,,,1,99,,1549163,17,,,1,101,,1549164,17,,,1,99,,1549165,17,,,1,100,,1549166,17,,,1,100,,1549167,17,,,1,98,,1549168,17,,,1,100,,1549157,17,,,1,103,,1549161,17,,,1,100,,1549162,17,,,1,100,,1549158,17,,,1,99,,1549159,17,,,1,104,,1549160,17,,,1,170,,1549171,17,,,1
7401,'20261011',652,,1549172,17,,,1,99,,1549187,17,,,1,100,,1549173,17,,,1,100,,1549188,17,,,1,99,,1549175,17,,,1,101,,1549176,17,,,1,99,,1549177,17,,,1,100,,1549178,17,,,1,100,,1549179,17,,,1,98,,1549180,17,,,1,100,,1549181,17,,,1,103,,1549182,17,,,1,100,,1549183,17,,,1,100,,1549184,17,,,1,99,,1549185,17,,,1,104,,1549186,17,,,1,170,,1549174,17,,,1
7401,'20261012',652,,1549189,17,,,1,99,,1549204,17,,,1,100,,1549190,17,,,1,100,,1549205,17,,,1,99,,1549192,17,,,1,101,,1549193,17,,,1,99,,1549194,17,,,1,100,,1549195,17,,,1,100,,1549196,17,,,1,98,,1549197,17,,,1,100,,1549198,17,,,1,103,,1549199,17,,,1,100,,1549200,17,,,1,100,,1549201,17,,,1,99,,1549202,17,,,1,104,,1549203,17,,,1,170,,1549191,17,,,1
7401,'20261013',551,,1574747,17,,,1,95,,1574748,17,,,1,99,,1574749,17,,,1,104,,1574750,17,,,1,101,,1574751,17,,,1,100,,1574752,17,,,1,99,,1574753,17,,,1,101,,1574754,17,,,1,100,,1574755,17,,,1,99,,1574756,17,,,1,97,,1574762,17,,,1,100,,1574757,17,,,1,102,,1574758,17,,,1,104,,1574764,17,,,1,100,,1574759,17,,,1,100,,1574763,17,,,1,100,,1574760,17,,,1,170,,1574761,17,,,1
7401,'20261014',551,,1574767,17,,,1,95,,1574768,17,,,1,99,,1574769,17,,,1,104,,1574770,17,,,1,101,,1574771,17,,,1,100,,1574772,17,,,1,99,,1574773,17,,,1,101,,1574774,17,,,1,100,,1574775,17,,,1,99,,1574776,17,,,1,97,,1574782,17,,,1,100,,1574777,17,,,1,102,,1574778,17,,,1,104,,1574784,17,,,1,100,,1574779,17,,,1,100,,1574783,17,,,1,100,,1574780,17,,,1,170,,1574781,17,,,1
7401,'20261015',551,,1574787,17,,,1,95,,1574788,17,,,1,99,,1574789,17,,,1,104,,1574790,17,,,1,101,,1574791,17,,,1,100,,1574792,17,,,1,99,,1574793,17,,,1,101,,1574794,17,,,1,100,,1574795,17,,,1,99,,1574796,17,,,1,97,,1574802,17,,,1,100,,1574797,17,,,1,102,,1574798,17,,,1,104,,1574804,17,,,1,100,,1574799,17,,,1,100,,1574803,17,,,1,100,,1574800,17,,,1,170,,1574801,17,,,1
7401,'20261016',551,,1574807,17,,,1,95,,1574808,17,,,1,99,,1574809,17,,,1,104,,1574810,17,,,1,101,,1574811,17,,,1,100,,1574812,17,,,1,99,,1574813,17,,,1,101,,1574814,17,,,1,100,,1574815,17,,,1,99,,1574816,17,,,1,97,,1574822,17,,,1,100,,1574817,17,,,1,102,,1574818,17,,,1,104,,1574824,17,,,1,100,,1574819,17,,,1,100,,1574823,17,,,1,100,,1574820,17,,,1,170,,1574821,17,,,1
7401,'20261017',652,,1606490,17,,,1,99,,1606476,17,,,1,100,,1606477,17,,,1,100,,1606491,17,,,1,99,,1606484,17,,,1,101,,1606485,17,,,1,99,,1606486,17,,,1,100,,1606487,17,,,1,100,,1606488,17,,,1,98,,1606489,17,,,1,100,,1606478,17,,,1,103,,1606482,17,,,1,100,,1606483,17,,,1,100,,1606479,17,,,1,99,,1606480,17,,,1,104,,1606481,17,,,1,170,,1606492,17,,,1
7401,'20261018',652,,1606493,17,,,1,99,,1606508,17,,,1,100,,1606494,17,,,1,100,,1606509,17,,,1,99,,1606496,17,,,1,101,,1606497,17,,,1,99,,1606498,17,,,1,100,,1606499,17,,,1,100,,1606500,17,,,1,98,,1606501,17,,,1,100,,1606502,17,,,1,103,,1606503,17,,,1,100,,1606504,17,,,1,100,,1606505,17,,,1,99,,1606506,17,,,1,104,,1606507,17,,,1,170,,1606495,17,,,1
7401,'20261019',551,,1606510,17,,,1,95,,1606511,17,,,1,99,,1606512,17,,,1,104,,1606513,17,,,1,101,,1606514,17,,,1,100,,1606515,17,,,1,99,,1606516,17,,,1,101,,1606517,17,,,1,100,,1606518,17,,,1,99,,1606519,17,,,1,97,,1606525,17,,,1,100,,1606520,17,,,1,102,,1606521,17,,,1,104,,1606527,17,,,1,100,,1606522,17,,,1,100,,1606526,17,,,1,100,,1606523,17,,,1,170,,1606524,17,,,1
7401,'20261020',551,,1606530,17,,,1,95,,1606531,17,,,1,99,,1606532,17,,,1,104,,1606533,17,,,1,101,,1606534,17,,,1,100,,1606535,17,,,1,99,,1606536,17,,,1,101,,1606537,17,,,1,100,,1606538,17,,,1,99,,1606539,17,,,1,97,,1606545,17,,,1,100,,1606540,17,,,1,102,,1606541,17,,,1,104,,1606547,17,,,1,100,,1606542,17,,,1,100,,1606546,17,,,1,100,,1606543,17,,,1,170,,1606544,17,,,1
28400,'20261006',1646,,1612704,42,4,,0,67,,1612705,42,4,,0,29,,1612706,42,4,,0,62,,1612707,42,4,,0,33,,1612708,42,4,,0
28400,'20261007',1646,,1612709,42,4,,0,67,,1612710,42,4,,0,29,,1612711,42,4,,0,62,,1612712,42,4,,0,33,,1612713,42,4,,0
28400,'20261008',1646,,1612714,42,4,,0,67,,1612715,42,4,,0,29,,1612716,42,4,,0,62,,1612717,42,4,,0,33,,1612718,42,4,,0
28400,'20261009',1646,,1612719,42,4,,0,67,,1612720,42,4,,0,29,,1612721,42,4,,0,62,,1612722,42,4,,0,33,,1612723,42,4,,0
28400,'20261013',1646,,1580967,42,4,,0,67,,1580968,42,4,,0,29,,1580969,42,4,,0,62,,1580970,42,4,,0,33,,1580971,42,4,,0
28400,'20261014',1646,,1580972,42,4,,0,67,,1580973,42,4,,0,29,,1580974,42,4,,0,62,,1580975,42,4,,0,33,,1580976,42,4,,0
28400,'20261015',1646,,1580977,42,4,,0,67,,1580978,42,4,,0,29,,1580979,42,4,,0,62,,1580980,42,4,,0,33,,1580981,42,4,,0
28400,'20261016',1646,,1580982,42,4,,0,67,,1580983,42,4,,0,29,,1580984,42,4,,0,62,,1580985,42,4,,0,33,,1580986,42,4,,0
28400,'20261019',1646,,1612724,42,4,,0,67,,1612725,42,4,,0,29,,1612726,42,4,,0,62,,1612727,42,4,,0,33,,1612728,42,4,,0
28400,'20261020',1646,,1612729,42,4,,0,67,,1612730,42,4,,0,29,,1612731,42,4,,0,62,,1612732,42,4,,0,33,,1612733,42,4,,0
38400,'20261006',1625,,1613814,38,4,,0,34,,1613815,38,4,,0,94,,1613816,38,4,,0,150,,1613817,38,4,,0
38400,'20261007',1625,,1613818,38,4,,0,34,,1613819,38,4,,0,94,,1613820,38,4,,0,150,,1613821,38,4,,0
38400,'20261008',1625,,1613822,38,4,,0,34,,1613823,38,4,,0,94,,1613824,38,4,,0,150,,1613825,38,4,,0
38400,'20261009',1625,,1613826,38,4,,0,34,,1613827,38,4,,0,94,,1613828,38,4,,0,150,,1613829,38,4,,0
38400,'20261013',1625,,1582062,38,4,,0,34,,1582059,38,4,,0,94,,1582060,38,4,,0,150,,1582061,38,4,,0
38400,'20261014',1625,,1582066,38,4,,0,34,,1582063,38,4,,0,94,,1582064,38,4,,0,150,,1582065,38,4,,0
38400,'20261015',1625,,1582070,38,4,,0,34,,1582067,38,4,,0,94,,1582068,38,4,,0,150,,1582069,38,4,,0
38400,'20261016',1625,,1582074,38,4,,0,34,,1582071,38,4,,0,94,,1582072,38,4,,0,150,,1582073,38,4,,0
38400,'20261019',1625,,1613833,38,4,,0,34,,1613830,38,4,,0,94,,1613831,38,4,,0,150,,1613832,38,4,,0
38400,'20261020',1625,,1613837,38,4,,0,34,,1613834,38,4,,0,94,,1613835,38,4,,0,150,,1613836,38,4,,0
58400,'20261006',1630,,1614520,36,4,,0,84,,1614521,36,4,,0,24,,1614522,36,4,,0,71,,1614523,36,4,,0
58400,'20261007',1630,,1614524,36,4,,0,84,,1614525,36,4,,0,24,,1614526,36,4,,0,71,,1614527,36,4,,0
58400,'20261008',1630,,1614528,36,4,,0,84,,1614529,36,4,,0,24,,1614530,36,4,,0,71,,1614531,36,4,,0
58400,'20261009',1630,,1614532,36,4,,0,84,,1614533,36,4,,0,24,,1614534,36,4,,0,71,,1614535,36,4,,0
58400,'20261013',1630,,1582772,36,4,,0,84,,1582770,36,4,,0,24,,1582771,36,4,,0,71,,1582773,36,4,,0
58400,'20261014',1630,,1582776,36,4,,0,84,,1582774,36,4,,0,24,,1582775,36,4,,0,71,,1582777,36,4,,0
58400,'20261015',1630,,1582780,36,4,,0,84,,1582778,36,4,,0,24,,1582779,36,4,,0,71,,1582781,36,4,,0
58400,'20261016',1630,,1582784,36,4,,0,84,,1582782,36,4,,0,24,,1582783,36,4,,0,71,,1582785,36,4,,0
58400,'20261019',1630,,1614538,36,4,,0,84,,1614536,36,4,,0,24,,1614537,36,4,,0,71,,1614539,36,4,,0
58400,'20261020',1630,,1614542,36,4,,0,84,,1614540,36,4,,0,24,,1614541,36,4,,0,71,,1614543,36,4,,0
