2801,'20261002',927,,1567567,9,,,0,30,,1567568,9,,,0,70,,1567569,9,,,0,30,,1567570,9,,,0,70,,1567571,9,,,0,31,,1567572,9,,,0,71,,1567573,9,,,0,29,,1567574,9,,,0,71,,1567575,9,,,0,29,,1567576,9,,,0,71,,1567577,9,,,0,29,,1567578,9,,,0
2801,'20261003',1200,,1567608,9,,,0,31,,1567609,9,,,0,69,,1567610,9,,,0,27,,1567611,9,,,0,31,,1567612,9,,,0,74,,1567613,9,,,0,76,,1567614,9,,,0,25,,1567615,9,,,0,72,,1567616,9,,,0,25,,1567617,9,,,0,72,,1567618,9,,,0,33,,1567619,9,,,0,68,,1567620,9,,,0
2801,'20261004',1200,,1567640,9,,,0,31,,1567641,9,,,0,69,,1567642,9,,,0,27,,1567643,9,,,0,31,,1567644,9,,,0,74,,1567645,9,,,0,76,,1567646,9,,,0,25,,1567647,9,,,0,72,,1567648,9,,,0,25,,1567649,9,,,0,72,,1567650,9,,,0,33,,1567651,9,,,0,68,,1567652,9,,,0
2801,'20261005',927,,1567673,9,,,0,30,,1567674,9,,,0,70,,1567675,9,,,0,30,,1567676,9,,,0,70,,1567677,9,,,0,31,,1567678,9,,,0,71,,1567679,9,,,0,29,,1567680,9,,,0,71,,1567681,9,,,0,29,,1567682,9,,,0,71,,1567683,9,,,0,29,,1567684,9,,,0
2801,'20261006',927,,1514438,9,,,0,30,,1514435,9,,,0,70,,1514439,9,,,0,30,,1514441,9,,,0,70,,1514442,9,,,0,31,,1514443,9,,,0,71,,1514440,9,,,0,29,,1514444,9,,,0,71,,1514445,9,,,0,29,,1514446,9,,,0,71,,1514447,9,,,0,29,,1514448,9,,,0
2801,'20261007',927,,1514480,9,,,0,30,,1514477,9,,,0,70,,1514481,9,,,0,30,,1514483,9,,,0,70,,1514484,9,,,0,31,,1514485,9,,,0,71,,1514482,9,,,0,29,,1514486,9,,,0,71,,1514487,9,,,0,29,,1514488,9,,,0,71,,1514489,9,,,0,29,,1514490,9,,,0
2801,'20261008',927,,1514522,9,,,0,30,,1514519,9,,,0,70,,1514523,9,,,0,30,,1514525,9,,,0,70,,1514526,9,,,0,31,,1514527,9,,,0,71,,1514524,9,,,0,29,,1514528,9,,,0,71,,1514529,9,,,0,29,,1514530,9,,,0,71,,1514531,9,,,0,29,,1514532,9,,,0
2801,'20261009',927,,1514564,9,,,0,30,,1514561,9,,,0,70,,1514565,9,,,0,30,,1514567,9,,,0,70,,1514568,9,,,0,31,,1514569,9,,,0,71,,1514566,9,,,0,29,,1514570,9,,,0,71,,1514571,9,,,0,29,,1514572,9,,,0,71,,1514573,9,,,0,29,,1514574,9,,,0
2801,'20261010',1200,,1544314,9,,,0,31,,1544303,9,,,0,69,,1544315,9,,,0,27,,1544304,9,,,0,31,,1544316,9,,,0,74,,1544305,9,,,0,76,,1544317,9,,,0,25,,1544306,9,,,0,72,,1544318,9,,,0,25,,1544307,9,,,0,72,,1544319,9,,,0,33,,1544308,9,,,0,68,,1544321,9,,,0
2801,'20261011',1200,,1544346,9,,,0,31,,1544336,9,,,0,69,,1544349,9,,,0,27,,1544337,9,,,0,31,,1544350,9,,,0,74,,1544338,9,,,0,76,,1544347,9,,,0,25,,1544335,9,,,0,72,,1544348,9,,,0,25,,1544339,9,,,0,72,,1544351,9,,,0,33,,1544340,9,,,0,68,,1544352,9,,,0
2801,'20261012',1200,,1544378,9,,,0,31,,1544368,9,,,0,69,,1544381,9,,,0,27,,1544369,9,,,0,31,,1544382,9,,,0,74,,1544370,9,,,0,76,,1544379,9,,,0,25,,1544367,9,,,0,72,,1544380,9,,,0,25,,1544371,9,,,0,72,,1544383,9,,,0,33,,1544372,9,,,0,68,,1544384,9,,,0
2801,'20261013',927,,1567715,9,,,0,30,,1567712,9,,,0,70,,1567716,9,,,0,30,,1567718,9,,,0,70,,1567719,9,,,0,31,,1567720,9,,,0,71,,1567717,9,,,0,29,,1567721,9,,,0,71,,1567722,9,,,0,29,,1567723,9,,,0,71,,1567724,9,,,0,29,,1567725,9,,,0
2801,'20261014',927,,1567757,9,,,0,30,,1567754,9,,,0,70,,1567758,9,,,0,30,,1567760,9,,,0,70,,1567761,9,,,0,31,,1567762,9,,,0,71,,1567759,9,,,0,29,,1567763,9,,,0,71,,1567764,9,,,0,29,,1567765,9,,,0,71,,1567766,9,,,0,29,,1567767,9,,,0
2801,'20261015',927,,1567799,9,,,0,30,,1567796,9,,,0,70,,1567800,9,,,0,30,,1567802,9,,,0,70,,1567803,9,,,0,31,,1567804,9,,,0,71,,1567801,9,,,0,29,,1567805,9,,,0,71,,1567806,9,,,0,29,,1567807,9,,,0,71,,1567808,9,,,0,29,,1567809,9,,,0
2801,'20261016',927,,1567841,9,,,0,30,,1567838,9,,,0,70,,1567842,9,,,0,30,,1567844,9,,,0,70,,1567845,9,,,0,31,,1567846,9,,,0,71,,1567843,9,,,0,29,,1567847,9,,,0,71,,1567848,9,,,0,29,,1567849,9,,,0,71,,1567850,9,,,0,29,,1567851,9,,,0
