8401,'20261006',623,,1608718,31,,,1,27,,1608719,31,,,1,69,,1608720,31,,,1,29,,1608721,31,,,1,70,,1608722,31,,,1,32,,1608723,31,,,1,72,,1608724,31,,,1,100,,1608725,31,,,1,100,,1608726,31,,,1,98,,1608727,31,,,1,102,,1608728,31,,,1,99,,1608729,31,,,1,97,,1608730,31,,,1,96,,1608731,31,,,1,107,,1608732,31,,,1,103,,1608733,31,,,1,99,,1608734,31,,,1,100,,1608735,31,,,1,102,,1608736,31,,,1,100,,1608737,31,,,1,100,,1608738,31,,,1
8401,'20261007',623,,1608739,31,,,1,27,,1608740,31,,,1,69,,1608741,31,,,1,29,,1608742,31,,,1,70,,1608743,31,,,1,32,,1608744,31,,,1,72,,1608745,31,,,1,100,,1608746,31,,,1,100,,1608747,31,,,1,98,,1608748,31,,,1,102,,1608749,31,,,1,99,,1608750,31,,,1,97,,1608751,31,,,1,96,,1608752,31,,,1,107,,1608753,31,,,1,103,,1608754,31,,,1,99,,1608755,31,,,1,100,,1608756,31,,,1,102,,1608757,31,,,1,100,,1608758,31,,,1,100,,1608759,31,,,1
8401,'20261008',623,,1608760,31,,,1,27,,1608761,31,,,1,69,,1608762,31,,,1,29,,1608763,31,,,1,70,,1608764,31,,,1,32,,1608765,31,,,1,72,,1608766,31,,,1,100,,1608767,31,,,1,100,,1608768,31,,,1,98,,1608769,31,,,1,102,,1608770,31,,,1,99,,1608771,31,,,1,97,,1608772,31,,,1,96,,1608773,31,,,1,107,,1608774,31,,,1,103,,1608775,31,,,1,99,,1608776,31,,,1,100,,1608777,31,,,1,102,,1608778,31,,,1,100,,1608779,31,,,1,100,,1608780,31,,,1
8401,'20261009',623,,1608781,31,,,1,27,,1608782,31,,,1,69,,1608783,31,,,1,29,,1608784,31,,,1,70,,1608785,31,,,1,32,,1608786,31,,,1,72,,1608787,31,,,1,100,,1608788,31,,,1,100,,1608789,31,,,1,98,,1608790,31,,,1,102,,1608791,31,,,1,99,,1608792,31,,,1,97,,1608793,31,,,1,96,,1608794,31,,,1,107,,1608795,31,,,1,103,,1608796,31,,,1,99,,1608797,31,,,1,100,,1608798,31,,,1,102,,1608799,31,,,1,100,,1608800,31,,,1,100,,1608801,31,,,1
8401,'20261010',625,,1550844,31,,,1,99,,1550859,31,,,1,99,,1550845,31,,,1,100,,1550858,31,,,1,100,,1550846,31,,,1,100,,1550853,31,,,1,100,,1550854,31,,,1,99,,1550855,31,,,1,100,,1550856,31,,,1,99,,1550857,31,,,1,102,,1550848,31,,,1,101,,1550847,31,,,1,100,,1550849,31,,,1,100,,1550852,31,,,1,100,,1550851,31,,,1,100,,1550850,31,,,1,102,,1550860,31,,,1,100,,1550861,31,,,1
8401,'20261011',625,,1550874,31,,,1,99,,1550878,31,,,1,99,,1550877,31,,,1,100,,1550875,31,,,1,100,,1550862,31,,,1,100,,1550868,31,,,1,100,,1550863,31,,,1,99,,1550869,31,,,1,100,,1550864,31,,,1,99,,1550870,31,,,1,102,,1550865,31,,,1,101,,1550871,31,,,1,100,,1550866,31,,,1,100,,1550872,31,,,1,100,,1550867,31,,,1,100,,1550873,31,,,1,102,,1550876,31,,,1,100,,1550879,31,,,1
8401,'20261012',625,,1550892,31,,,1,99,,1550896,31,,,1,99,,1550895,31,,,1,100,,1550893,31,,,1,100,,1550880,31,,,1,100,,1550886,31,,,1,100,,1550881,31,,,1,99,,1550887,31,,,1,100,,1550882,31,,,1,99,,1550888,31,,,1,102,,1550883,31,,,1,101,,1550889,31,,,1,100,,1550884,31,,,1,100,,1550890,31,,,1,100,,1550885,31,,,1,100,,1550891,31,,,1,102,,1550894,31,,,1,100,,1550897,31,,,1
8401,'20261013',623,,1577064,31,,,1,27,,1577083,31,,,1,69,,1577065,31,,,1,29,,1577084,31,,,1,70,,1577066,31,,,1,32,,1577081,31,,,1,72,,1577067,31,,,1,100,,1577068,31,,,1,100,,1577069,31,,,1,98,,1577070,31,,,1,102,,1577071,31,,,1,99,,1577072,31,,,1,97,,1577073,31,,,1,96,,1577074,31,,,1,107,,1577075,31,,,1,103,,1577076,31,,,1,99,,1577077,31,,,1,100,,1577078,31,,,1,102,,1577079,31,,,1,100,,1577080,31,,,1,100,,1577082,31,,,1
8401,'20261014',623,,1577085,31,,,1,27,,1577104,31,,,1,69,,1577086,31,,,1,29,,1577105,31,,,1,70,,1577087,31,,,1,32,,1577102,31,,,1,72,,1577088,31,,,1,100,,1577089,31,,,1,100,,1577090,31,,,1,98,,1577091,31,,,1,102,,1577092,31,,,1,99,,1577093,31,,,1,97,,1577094,31,,,1,96,,1577095,31,,,1,107,,1577096,31,,,1,103,,1577097,31,,,1,99,,1577098,31,,,1,100,,1577099,31,,,1,102,,1577100,31,,,1,100,,1577101,31,,,1,100,,1577103,31,,,1
8401,'20261015',623,,1577106,31,,,1,27,,1577125,31,,,1,69,,1577107,31,,,1,29,,1577126,31,,,1,70,,1577108,31,,,1,32,,1577123,31,,,1,72,,1577109,31,,,1,100,,1577110,31,,,1,100,,1577111,31,,,1,98,,1577112,31,,,1,102,,1577113,31,,,1,99,,1577114,31,,,1,97,,1577115,31,,,1,96,,1577116,31,,,1,107,,1577117,31,,,1,103,,1577118,31,,,1,99,,1577119,31,,,1,100,,1577120,31,,,1,102,,1577121,31,,,1,100,,1577122,31,,,1,100,,1577124,31,,,1
8401,'20261016',623,,1577127,31,,,1,27,,1577146,31,,,1,69,,1577128,31,,,1,29,,1577147,31,,,1,70,,1577129,31,,,1,32,,1577144,31,,,1,72,,1577130,31,,,1,100,,1577131,31,,,1,100,,1577132,31,,,1,98,,1577133,31,,,1,102,,1577134,31,,,1,99,,1577135,31,,,1,97,,1577136,31,,,1,96,,1577137,31,,,1,107,,1577138,31,,,1,103,,1577139,31,,,1,99,,1577140,31,,,1,100,,1577141,31,,,1,102,,1577142,31,,,1,100,,1577143,31,,,1,100,,1577145,31,,,1
8401,'20261017',625,,1608802,31,,,1,99,,1608817,31,,,1,99,,1608803,31,,,1,100,,1608816,31,,,1,100,,1608804,31,,,1,100,,1608811,31,,,1,100,,1608812,31,,,1,99,,1608813,31,,,1,100,,1608814,31,,,1,99,,1608815,31,,,1,102,,1608806,31,,,1,101,,1608805,31,,,1,100,,1608807,31,,,1,100,,1608810,31,,,1,100,,1608809,31,,,1,100,,1608808,31,,,1,102,,1608818,31,,,1,100,,1608819,31,,,1
8401,'20261018',625,,1608832,31,,,1,99,,1608836,31,,,1,99,,1608835,31,,,1,100,,1608833,31,,,1,100,,1608820,31,,,1,100,,1608826,31,,,1,100,,1608821,31,,,1,99,,1608827,31,,,1,100,,1608822,31,,,1,99,,1608828,31,,,1,102,,1608823,31,,,1,101,,1608829,31,,,1,100,,1608824,31,,,1,100,,1608830,31,,,1,100,,1608825,31,,,1,100,,1608831,31,,,1,102,,1608834,31,,,1,100,,1608837,31,,,1
8401,'20261019',623,,1608838,31,,,1,27,,1608857,31,,,1,69,,1608839,31,,,1,29,,1608858,31,,,1,70,,1608840,31,,,1,32,,1608855,31,,,1,72,,1608841,31,,,1,100,,1608842,31,,,1,100,,1608843,31,,,1,98,,1608844,31,,,1,102,,1608845,31,,,1,99,,1608846,31,,,1,97,,1608847,31,,,1,96,,1608848,31,,,1,107,,1608849,31,,,1,103,,1608850,31,,,1,99,,1608851,31,,,1,100,,1608852,31,,,1,102,,1608853,31,,,1,100,,1608854,31,,,1,100,,1608856,31,,,1
8401,'20261020',623,,1608859,31,,,1,27,,1608878,31,,,1,69,,1608860,31,,,1,29,,1608879,31,,,1,70,,1608861,31,,,1,32,,1608876,31,,,1,72,,1608862,31,,,1,100,,1608863,31,,,1,100,,1608864,31,,,1,98,,1608865,31,,,1,102,,1608866,31,,,1,99,,1608867,31,,,1,97,,1608868,31,,,1,96,,1608869,31,,,1,107,,1608870,31,,,1,103,,1608871,31,,,1,99,,1608872,31,,,1,100,,1608873,31,,,1,102,,1608874,31,,,1,100,,1608875,31,,,1,100,,1608877,31,,,1
