7100,'20261006',614,,1605088,18,,,0,20,,1605089,18,,,0,19,,1605090,18,,,0,56,,1605091,18,,,0,19,,1605092,18,,,0,20,,1605093,18,,,0,63,,1605094,18,,,0,19,,1605095,18,,,0,21,,1605096,18,,,0,65,,1605097,18,,,0,19,,1605098,18,,,0,17,,1605099,18,,,0,60,,1605100,18,,,0,17,,1605101,18,,,0,19,,1605102,18,,,0,65,,1605103,18,,,0,21,,1605104,18,,,0,20,,1605105,18,,,0,60,,1605106,18,,,0,17,,1605107,18,,,0,19,,1605108,18,,,0,62,,1605109,18,,,0,21,,1605110,18,,,0,20,,1605111,18,,,0,60,,1605112,18,,,0,19,,1605113,18,,,0,22,,1605114,18,,,0,58,,1605115,18,,,0,19,,1605116,18,,,0,16,,1605117,18,,,0,60,,1605118,18,,,0,21,,1605119,18,,,0,22,,1605120,18,,,0,65,,1605121,18,,,0,24,,1605122,18,,,0,62,,1605123,18,,,0,21,,1605124,18,,,0,20,,1605125,18,,,0,62,,1605126,18,,,0,30,,1605127,18,,,0,70,,1605128,18,,,0,30,,1605129,18,,,0,70,,1605130,18,,,0,30,,1605131,18,,,0,70,,1605132,18,,,0,30,,1605133,18,,,0,71,,1605134,18,,,0
7100,'20261007',614,,1605135,18,,,0,20,,1605136,18,,,0,19,,1605137,18,,,0,56,,1605138,18,,,0,19,,1605139,18,,,0,20,,1605140,18,,,0,63,,1605141,18,,,0,19,,1605142,18,,,0,21,,1605143,18,,,0,65,,1605144,18,,,0,19,,1605145,18,,,0,17,,1605146,18,,,0,60,,1605147,18,,,0,17,,1605148,18,,,0,19,,1605149,18,,,0,65,,1605150,18,,,0,21,,1605151,18,,,0,20,,1605152,18,,,0,60,,1605153,18,,,0,17,,1605154,18,,,0,19,,1605155,18,,,0,62,,1605156,18,,,0,21,,1605157,18,,,0,20,,1605158,18,,,0,60,,1605159,18,,,0,19,,1605160,18,,,0,22,,1605161,18,,,0,58,,1605162,18,,,0,19,,1605163,18,,,0,16,,1605164,18,,,0,60,,1605165,18,,,0,21,,1605166,18,,,0,22,,1605167,18,,,0,65,,1605168,18,,,0,24,,1605169,18,,,0,62,,1605170,18,,,0,21,,1605171,18,,,0,20,,1605172,18,,,0,62,,1605173,18,,,0,30,,1605174,18,,,0,70,,1605175,18,,,0,30,,1605176,18,,,0,70,,1605177,18,,,0,30,,1605178,18,,,0,70,,1605179,18,,,0,30,,1605180,18,,,0,71,,1605181,18,,,0
7100,'20261008',614,,1605182,18,,,0,20,,1605183,18,,,0,19,,1605184,18,,,0,56,,1605185,18,,,0,19,,1605186,18,,,0,20,,1605187,18,,,0,63,,1605188,18,,,0,19,,1605189,18,,,0,21,,1605190,18,,,0,65,,1605191,18,,,0,19,,1605192,18,,,0,17,,1605193,18,,,0,60,,1605194,18,,,0,17,,1605195,18,,,0,19,,1605196,18,,,0,65,,1605197,18,,,0,21,,1605198,18,,,0,20,,1605199,18,,,0,60,,1605200,18,,,0,17,,1605201,18,,,0,19,,1605202,18,,,0,62,,1605203,18,,,0,21,,1605204,18,,,0,20,,1605205,18,,,0,60,,1605206,18,,,0,19,,1605207,18,,,0,22,,1605208,18,,,0,58,,1605209,18,,,0,19,,1605210,18,,,0,16,,1605211,18,,,0,60,,1605212,18,,,0,21,,1605213,18,,,0,22,,1605214,18,,,0,65,,1605215,18,,,0,24,,1605216,18,,,0,62,,1605217,18,,,0,21,,1605218,18,,,0,20,,1605219,18,,,0,62,,1605220,18,,,0,30,,1605221,18,,,0,70,,1605222,18,,,0,30,,1605223,18,,,0,70,,1605224,18,,,0,30,,1605225,18,,,0,70,,1605226,18,,,0,30,,1605227,18,,,0,71,,1605228,18,,,0
7100,'20261009',614,,1605229,18,,,0,20,,1605230,18,,,0,19,,1605231,18,,,0,56,,1605232,18,,,0,19,,1605233,18,,,0,20,,1605234,18,,,0,63,,1605235,18,,,0,19,,1605236,18,,,0,21,,1605237,18,,,0,65,,1605238,18,,,0,19,,1605239,18,,,0,17,,1605240,18,,,0,60,,1605241,18,,,0,17,,1605242,18,,,0,19,,1605243,18,,,0,65,,1605244,18,,,0,21,,1605245,18,,,0,20,,1605246,18,,,0,60,,1605247,18,,,0,17,,1605248,18,,,0,19,,1605249,18,,,0,62,,1605250,18,,,0,21,,1605251,18,,,0,20,,1605252,18,,,0,60,,1605253,18,,,0,19,,1605254,18,,,0,22,,1605255,18,,,0,58,,1605256,18,,,0,19,,1605257,18,,,0,16,,1605258,18,,,0,60,,1605259,18,,,0,21,,1605260,18,,,0,22,,1605261,18,,,0,65,,1605262,18,,,0,24,,1605263,18,,,0,62,,1605264,18,,,0,21,,1605265,18,,,0,20,,1605266,18,,,0,62,,1605267,18,,,0,30,,1605268,18,,,0,70,,1605269,18,,,0,30,,1605270,18,,,0,70,,1605271,18,,,0,30,,1605272,18,,,0,70,,1605273,18,,,0,30,,1605274,18,,,0,71,,1605275,18,,,0
7100,'20261010',708,,1548342,18,,,0,30,,1548343,18,,,0,70,,1548344,18,,,0,30,,1548345,18,,,0,70,,1548346,18,,,0,28,,1548347,18,,,0,70,,1548348,18,,,0,30,,1548349,18,,,0,69,,1548350,18,,,0,29,,1548351,18,,,0,71,,1548352,18,,,0,30,,1548354,18,,,0,70,,1548355,18,,,0,29,,1548356,18,,,0,73,,1548353,18,,,0,28,,1548357,18,,,0,70,,1548358,18,,,0,28,,1548359,18,,,0,72,,1548360,18,,,0,29,,1548361,18,,,0,71,,1548362,18,,,0,30,,1548363,18,,,0,71,,1548364,18,,,0,30,,1548365,18,,,0,70,,1548366,18,,,0,30,,1548367,18,,,0,70,,1548368,18,,,0,32,,1548369,18,,,0,70,,1548370,18,,,0,29,,1548371,18,,,0,71,,1548372,18,,,0,30,,1548373,18,,,0,70,,1548374,18,,,0
7100,'20261011',708,,1548375,18,,,0,30,,1548376,18,,,0,70,,1548377,18,,,0,30,,1548378,18,,,0,70,,1548379,18,,,0,28,,1548380,18,,,0,70,,1548381,18,,,0,30,,1548383,18,,,0,69,,1548384,18,,,0,29,,1548385,18,,,0,71,,1548382,18,,,0,30,,1548386,18,,,0,70,,1548387,18,,,0,29,,1548388,18,,,0,73,,1548389,18,,,0,28,,1548390,18,,,0,70,,1548391,18,,,0,28,,1548392,18,,,0,72,,1548393,18,,,0,29,,1548394,18,,,0,71,,1548395,18,,,0,30,,1548396,18,,,0,71,,1548397,18,,,0,30,,1548398,18,,,0,70,,1548399,18,,,0,30,,1548400,18,,,0,70,,1548401,18,,,0,32,,1548402,18,,,0,70,,1548403,18,,,0,29,,1548404,18,,,0,71,,1548405,18,,,0,30,,1548406,18,,,0,70,,1548407,18,,,0
7100,'20261012',708,,1548408,18,,,0,30,,1548409,18,,,0,70,,1548410,18,,,0,30,,1548411,18,,,0,70,,1548412,18,,,0,28,,1548413,18,,,0,70,,1548414,18,,,0,30,,1548416,18,,,0,69,,1548417,18,,,0,29,,1548418,18,,,0,71,,1548415,18,,,0,30,,1548419,18,,,0,70,,1548420,18,,,0,29,,1548421,18,,,0,73,,1548422,18,,,0,28,,1548423,18,,,0,70,,1548424,18,,,0,28,,1548425,18,,,0,72,,1548426,18,,,0,29,,1548427,18,,,0,71,,1548428,18,,,0,30,,1548429,18,,,0,71,,1548430,18,,,0,30,,1548431,18,,,0,70,,1548432,18,,,0,30,,1548433,18,,,0,70,,1548434,18,,,0,32,,1548435,18,,,0,70,,1548436,18,,,0,29,,1548437,18,,,0,71,,1548438,18,,,0,30,,1548439,18,,,0,70,,1548440,18,,,0
7100,'20261013',614,,1573571,18,,,0,20,,1573570,18,,,0,19,,1573525,18,,,0,56,,1573526,18,,,0,19,,1573527,18,,,0,20,,1573528,18,,,0,63,,1573529,18,,,0,19,,1573530,18,,,0,21,,1573531,18,,,0,65,,1573532,18,,,0,19,,1573533,18,,,0,17,,1573534,18,,,0,60,,1573535,18,,,0,17,,1573536,18,,,0,19,,1573537,18,,,0,65,,1573538,18,,,0,21,,1573539,18,,,0,20,,1573540,18,,,0,60,,1573541,18,,,0,17,,1573542,18,,,0,19,,1573543,18,,,0,62,,1573544,18,,,0,21,,1573545,18,,,0,20,,1573546,18,,,0,60,,1573547,18,,,0,19,,1573548,18,,,0,22,,1573549,18,,,0,58,,1573550,18,,,0,19,,1573551,18,,,0,16,,1573553,18,,,0,60,,1573554,18,,,0,21,,1573555,18,,,0,22,,1573552,18,,,0,65,,1573556,18,,,0,24,,1573557,18,,,0,62,,1573558,18,,,0,21,,1573559,18,,,0,20,,1573560,18,,,0,62,,1573561,18,,,0,30,,1573562,18,,,0,70,,1573563,18,,,0,30,,1573564,18,,,0,70,,1573565,18,,,0,30,,1573566,18,,,0,70,,1573567,18,,,0,30,,1573568,18,,,0,71,,1573569,18,,,0
7100,'20261014',614,,1573618,18,,,0,20,,1573617,18,,,0,19,,1573572,18,,,0,56,,1573573,18,,,0,19,,1573574,18,,,0,20,,1573575,18,,,0,63,,1573576,18,,,0,19,,1573577,18,,,0,21,,1573578,18,,,0,65,,1573579,18,,,0,19,,1573580,18,,,0,17,,1573581,18,,,0,60,,1573582,18,,,0,17,,1573583,18,,,0,19,,1573584,18,,,0,65,,1573585,18,,,0,21,,1573586,18,,,0,20,,1573587,18,,,0,60,,1573588,18,,,0,17,,1573589,18,,,0,19,,1573590,18,,,0,62,,1573591,18,,,0,21,,1573592,18,,,0,20,,1573593,18,,,0,60,,1573594,18,,,0,19,,1573595,18,,,0,22,,1573596,18,,,0,58,,1573597,18,,,0,19,,1573598,18,,,0,16,,1573600,18,,,0,60,,1573601,18,,,0,21,,1573602,18,,,0,22,,1573599,18,,,0,65,,1573603,18,,,0,24,,1573604,18,,,0,62,,1573605,18,,,0,21,,1573606,18,,,0,20,,1573607,18,,,0,62,,1573608,18,,,0,30,,1573609,18,,,0,70,,1573610,18,,,0,30,,1573611,18,,,0,70,,1573612,18,,,0,30,,1573613,18,,,0,70,,1573614,18,,,0,30,,1573615,18,,,0,71,,1573616,18,,,0
7100,'20261015',614,,1573665,18,,,0,20,,1573664,18,,,0,19,,1573619,18,,,0,56,,1573620,18,,,0,19,,1573621,18,,,0,20,,1573622,18,,,0,63,,1573623,18,,,0,19,,1573624,18,,,0,21,,1573625,18,,,0,65,,1573626,18,,,0,19,,1573627,18,,,0,17,,1573628,18,,,0,60,,1573629,18,,,0,17,,1573630,18,,,0,19,,1573631,18,,,0,65,,1573632,18,,,0,21,,1573633,18,,,0,20,,1573634,18,,,0,60,,1573635,18,,,0,17,,1573636,18,,,0,19,,1573637,18,,,0,62,,1573638,18,,,0,21,,1573639,18,,,0,20,,1573640,18,,,0,60,,1573641,18,,,0,19,,1573642,18,,,0,22,,1573643,18,,,0,58,,1573644,18,,,0,19,,1573645,18,,,0,16,,1573647,18,,,0,60,,1573648,18,,,0,21,,1573649,18,,,0,22,,1573646,18,,,0,65,,1573650,18,,,0,24,,1573651,18,,,0,62,,1573652,18,,,0,21,,1573653,18,,,0,20,,1573654,18,,,0,62,,1573655,18,,,0,30,,1573656,18,,,0,70,,1573657,18,,,0,30,,1573658,18,,,0,70,,1573659,18,,,0,30,,1573660,18,,,0,70,,1573661,18,,,0,30,,1573662,18,,,0,71,,1573663,18,,,0
7100,'20261016',614,,1573712,18,,,0,20,,1573711,18,,,0,19,,1573666,18,,,0,56,,1573667,18,,,0,19,,1573668,18,,,0,20,,1573669,18,,,0,63,,1573670,18,,,0,19,,1573671,18,,,0,21,,1573672,18,,,0,65,,1573673,18,,,0,19,,1573674,18,,,0,17,,1573675,18,,,0,60,,1573676,18,,,0,17,,1573677,18,,,0,19,,1573678,18,,,0,65,,1573679,18,,,0,21,,1573680,18,,,0,20,,1573681,18,,,0,60,,1573682,18,,,0,17,,1573683,18,,,0,19,,1573684,18,,,0,62,,1573685,18,,,0,21,,1573686,18,,,0,20,,1573687,18,,,0,60,,1573688,18,,,0,19,,1573689,18,,,0,22,,1573690,18,,,0,58,,1573691,18,,,0,19,,1573692,18,,,0,16,,1573694,18,,,0,60,,1573695,18,,,0,21,,1573696,18,,,0,22,,1573693,18,,,0,65,,1573697,18,,,0,24,,1573698,18,,,0,62,,1573699,18,,,0,21,,1573700,18,,,0,20,,1573701,18,,,0,62,,1573702,18,,,0,30,,1573703,18,,,0,70,,1573704,18,,,0,30,,1573705,18,,,0,70,,1573706,18,,,0,30,,1573707,18,,,0,70,,1573708,18,,,0,30,,1573709,18,,,0,71,,1573710,18,,,0
7100,'20261017',708,,1605276,18,,,0,30,,1605277,18,,,0,70,,1605278,18,,,0,30,,1605279,18,,,0,70,,1605280,18,,,0,28,,1605281,18,,,0,70,,1605282,18,,,0,30,,1605283,18,,,0,69,,1605284,18,,,0,29,,1605285,18,,,0,71,,1605286,18,,,0,30,,1605288,18,,,0,70,,1605289,18,,,0,29,,1605290,18,,,0,73,,1605287,18,,,0,28,,1605291,18,,,0,70,,1605292,18,,,0,28,,1605293,18,,,0,72,,1605294,18,,,0,29,,1605295,18,,,0,71,,1605296,18,,,0,30,,1605297,18,,,0,71,,1605298,18,,,0,30,,1605299,18,,,0,70,,1605300,18,,,0,30,,1605301,18,,,0,70,,1605302,18,,,0,32,,1605303,18,,,0,70,,1605304,18,,,0,29,,1605305,18,,,0,71,,1605306,18,,,0,30,,1605307,18,,,0,70,,1605308,18,,,0
7100,'20261018',708,,1605309,18,,,0,30,,1605310,18,,,0,70,,1605311,18,,,0,30,,1605312,18,,,0,70,,1605313,18,,,0,28,,1605314,18,,,0,70,,1605315,18,,,0,30,,1605317,18,,,0,69,,1605318,18,,,0,29,,1605319,18,,,0,71,,1605316,18,,,0,30,,1605320,18,,,0,70,,1605321,18,,,0,29,,1605322,18,,,0,73,,1605323,18,,,0,28,,1605324,18,,,0,70,,1605325,18,,,0,28,,1605326,18,,,0,72,,1605327,18,,,0,29,,1605328,18,,,0,71,,1605329,18,,,0,30,,1605330,18,,,0,71,,1605331,18,,,0,30,,1605332,18,,,0,70,,1605333,18,,,0,30,,1605334,18,,,0,70,,1605335,18,,,0,32,,1605336,18,,,0,70,,1605337,18,,,0,29,,1605338,18,,,0,71,,1605339,18,,,0,30,,1605340,18,,,0,70,,1605341,18,,,0
7100,'20261019',614,,1605388,18,,,0,20,,1605387,18,,,0,19,,1605342,18,,,0,56,,1605343,18,,,0,19,,1605344,18,,,0,20,,1605345,18,,,0,63,,1605346,18,,,0,19,,1605347,18,,,0,21,,1605348,18,,,0,65,,1605349,18,,,0,19,,1605350,18,,,0,17,,1605351,18,,,0,60,,1605352,18,,,0,17,,1605353,18,,,0,19,,1605354,18,,,0,65,,1605355,18,,,0,21,,1605356,18,,,0,20,,1605357,18,,,0,60,,1605358,18,,,0,17,,1605359,18,,,0,19,,1605360,18,,,0,62,,1605361,18,,,0,21,,1605362,18,,,0,20,,1605363,18,,,0,60,,1605364,18,,,0,19,,1605365,18,,,0,22,,1605366,18,,,0,58,,1605367,18,,,0,19,,1605368,18,,,0,16,,1605370,18,,,0,60,,1605371,18,,,0,21,,1605372,18,,,0,22,,1605369,18,,,0,65,,1605373,18,,,0,24,,1605374,18,,,0,62,,1605375,18,,,0,21,,1605376,18,,,0,20,,1605377,18,,,0,62,,1605378,18,,,0,30,,1605379,18,,,0,70,,1605380,18,,,0,30,,1605381,18,,,0,70,,1605382,18,,,0,30,,1605383,18,,,0,70,,1605384,18,,,0,30,,1605385,18,,,0,71,,1605386,18,,,0
7100,'20261020',614,,1605435,18,,,0,20,,1605434,18,,,0,19,,1605389,18,,,0,56,,1605390,18,,,0,19,,1605391,18,,,0,20,,1605392,18,,,0,63,,1605393,18,,,0,19,,1605394,18,,,0,21,,1605395,18,,,0,65,,1605396,18,,,0,19,,1605397,18,,,0,17,,1605398,18,,,0,60,,1605399,18,,,0,17,,1605400,18,,,0,19,,1605401,18,,,0,65,,1605402,18,,,0,21,,1605403,18,,,0,20,,1605404,18,,,0,60,,1605405,18,,,0,17,,1605406,18,,,0,19,,1605407,18,,,0,62,,1605408,18,,,0,21,,1605409,18,,,0,20,,1605410,18,,,0,60,,1605411,18,,,0,19,,1605412,18,,,0,22,,1605413,18,,,0,58,,1605414,18,,,0,19,,1605415,18,,,0,16,,1605417,18,,,0,60,,1605418,18,,,0,21,,1605419,18,,,0,22,,1605416,18,,,0,65,,1605420,18,,,0,24,,1605421,18,,,0,62,,1605422,18,,,0,21,,1605423,18,,,0,20,,1605424,18,,,0,62,,1605425,18,,,0,30,,1605426,18,,,0,70,,1605427,18,,,0,30,,1605428,18,,,0,70,,1605429,18,,,0,30,,1605430,18,,,0,70,,1605431,18,,,0,30,,1605432,18,,,0,71,,1605433,18,,,0
8500,'20261006',608,,1608880,14,,,0,30,,1608881,14,,,0,68,,1608882,14,,,0,29,,1608883,14,,,0,71,,1608884,14,,,0,33,,1608885,14,,,0,369,,1608886,14,,,0
8500,'20261007',608,,1608887,14,,,0,30,,1608888,14,,,0,68,,1608889,14,,,0,29,,1608890,14,,,0,71,,1608891,14,,,0,33,,1608892,14,,,0,369,,1608893,14,,,0
8500,'20261008',608,,1608894,14,,,0,30,,1608895,14,,,0,68,,1608896,14,,,0,29,,1608897,14,,,0,71,,1608898,14,,,0,33,,1608899,14,,,0,369,,1608900,14,,,0
8500,'20261009',608,,1608901,14,,,0,30,,1608902,14,,,0,68,,1608903,14,,,0,29,,1608904,14,,,0,71,,1608905,14,,,0,33,,1608906,14,,,0,369,,1608907,14,,,0
8500,'20261010',813,,1550919,14,,,0
8500,'20261011',813,,1550920,14,,,0
8500,'20261012',813,,1550921,14,,,0
8500,'20261013',608,,1577170,14,,,0,30,,1577164,14,,,0,68,,1577165,14,,,0,29,,1577166,14,,,0,71,,1577167,14,,,0,33,,1577168,14,,,0,369,,1577169,14,,,0
8500,'20261014',608,,1577177,14,,,0,30,,1577171,14,,,0,68,,1577172,14,,,0,29,,1577173,14,,,0,71,,1577174,14,,,0,33,,1577175,14,,,0,369,,1577176,14,,,0
8500,'20261015',608,,1577184,14,,,0,30,,1577178,14,,,0,68,,1577179,14,,,0,29,,1577180,14,,,0,71,,1577181,14,,,0,33,,1577182,14,,,0,369,,1577183,14,,,0
8500,'20261016',608,,1577191,14,,,0,30,,1577185,14,,,0,68,,1577186,14,,,0,29,,1577187,14,,,0,71,,1577188,14,,,0,33,,1577189,14,,,0,369,,1577190,14,,,0
8500,'20261017',813,,1608908,14,,,0
8500,'20261018',813,,1608909,14,,,0
8500,'20261019',608,,1608916,14,,,0,30,,1608910,14,,,0,68,,1608911,14,,,0,29,,1608912,14,,,0,71,,1608913,14,,,0,33,,1608914,14,,,0,369,,1608915,14,,,0
8500,'20261020',608,,1608923,14,,,0,30,,1608917,14,,,0,68,,1608918,14,,,0,29,,1608919,14,,,0,71,,1608920,14,,,0,33,,1608921,14,,,0,369,,1608922,14,,,0
18500,'20261006',910,,1611443,7,,,0,630,,1611444,15,,,0,103,,1611442,15,,,0,71,,1611445,15,,,0,24,,1611446,15,,,0
18500,'20261007',910,,1611448,7,,,0,630,,1611449,15,,,0,103,,1611447,15,,,0,71,,1611450,15,,,0,24,,1611451,15,,,0
18500,'20261008',910,,1611453,7,,,0,630,,1611454,15,,,0,103,,1611452,15,,,0,71,,1611455,15,,,0,24,,1611456,15,,,0
18500,'20261009',910,,1611458,7,,,0,630,,1611459,15,,,0,103,,1611457,15,,,0,71,,1611460,15,,,0,24,,1611461,15,,,0
18500,'20261013',910,,1579713,7,,,0,630,,1579709,15,,,0,103,,1579710,15,,,0,71,,1579711,15,,,0,24,,1579712,15,,,0,97,,1579714,15,,,0
18500,'20261014',910,,1579719,7,,,0,630,,1579715,15,,,0,103,,1579716,15,,,0,71,,1579717,15,,,0,24,,1579718,15,,,0,97,,1579720,15,,,0
18500,'20261015',910,,1579725,7,,,0,630,,1579721,15,,,0,103,,1579722,15,,,0,71,,1579723,15,,,0,24,,1579724,15,,,0,97,,1579726,15,,,0
18500,'20261016',910,,1579731,7,,,0,630,,1579727,15,,,0,103,,1579728,15,,,0,71,,1579729,15,,,0,24,,1579730,15,,,0,97,,1579732,15,,,0
18500,'20261019',910,,1611466,7,,,0,630,,1611462,15,,,0,103,,1611463,15,,,0,71,,1611464,15,,,0,24,,1611465,15,,,0,97,,1611467,15,,,0
18500,'20261020',910,,1611472,7,,,0,630,,1611468,15,,,0,103,,1611469,15,,,0,71,,1611470,15,,,0,24,,1611471,15,,,0,97,,1611473,15,,,0
80202,'20261006',541,,1617690,9,,,1,15,,1617691,9,,,1,53,,1617692,9,,,1,10,,1617693,9,,,1,10,,1617694,9,,,1,10,,1617695,9,,,1,10,,1617696,9,,,1,9,,1617697,9,,,1,50,,1617698,9,,,1,11,,1617699,9,,,1,9,,1617700,9,,,1,10,,1617701,9,,,1,10,,1617702,9,,,1,10,,1617703,9,,,1,50,,1617704,9,,,1,11,,1617705,9,,,1,10,,1617706,9,,,1,9,,1617707,9,,,1,11,,1617708,9,,,1,10,,1617709,9,,,1,53,,1617710,9,,,1,15,,1617711,9,,,1,15,,1617712,9,,,1,14,,1617713,9,,,1,55,,1617714,9,,,1,15,,1617715,9,,,1,15,,1617716,9,,,1,15,,1617717,9,,,1,55,,1617718,9,,,1,15,,1617719,9,,,1,15,,1617720,9,,,1,14,,1617721,9,,,1,55,,1617722,9,,,1,15,,1617723,9,,,1,16,,1617724,9,,,1,15,,1617725,9,,,1,55,,1617726,9,,,1,15,,1617727,9,,,1,15,,1617728,9,,,1,15,,1617729,9,,,1,55,,1617730,9,,,1,15,,1617731,9,,,1,14,,1617732,9,,,1,16,,1617733,9,,,1,53,,1617734,9,,,1,9,,1617735,9,,,1,10,,1617736,9,,,1,10,,1617737,9,,,1,10,,1617738,9,,,1,10,,1617739,9,,,1,50,,1617740,9,,,1,10,,1617741,9,,,1,10,,1617742,9,,,1,10,,1617743,9,,,1,9,,1617744,9,,,1,11,,1617745,9,,,1,50,,1617746,9,,,1,11,,1617747,9,,,1,10,,1617748,9,,,1,11,,1617749,9,,,1,10,,1617750,9,,,1,9,,1617751,9,,,1,50,,1617752,9,,,1,13,,1617753,9,,,1,15,,1617754,9,,,1,15,,1617755,9,,,1,55,,1617756,9,,,1,15,,1617757,9,,,1,16,,1617758,9,,,1,15,,1617759,9,,,1,56,,1617760,9,,,1,15,,1617761,9,,,1,15,,1617762,9,,,1,15,,1617763,9,,,1,55,,1617764,9,,,1,14,,1617765,9,,,1,15,,1617766,9,,,1,15,,1617767,9,,,1,55,,1617768,9,,,1,15,,1617769,9,,,1,15,,1617770,9,,,1,15,,1617771,9,,,1,55,,1617772,9,,,1,15,,1617773,9,,,1,15,,1617774,9,,,1,15,,1617775,9,,,1,55,,1617776,9,,,1,15,,1617777,9,,,1,15,,1617778,9,,,1
80202,'20261007',541,,1617779,9,,,1,15,,1617780,9,,,1,53,,1617781,9,,,1,10,,1617782,9,,,1,10,,1617783,9,,,1,10,,1617784,9,,,1,10,,1617785,9,,,1,9,,1617786,9,,,1,50,,1617787,9,,,1,11,,1617788,9,,,1,9,,1617789,9,,,1,10,,1617790,9,,,1,10,,1617791,9,,,1,10,,1617792,9,,,1,50,,1617793,9,,,1,11,,1617794,9,,,1,10,,1617795,9,,,1,9,,1617796,9,,,1,11,,1617797,9,,,1,10,,1617798,9,,,1,53,,1617799,9,,,1,15,,1617800,9,,,1,15,,1617801,9,,,1,14,,1617802,9,,,1,55,,1617803,9,,,1,15,,1617804,9,,,1,15,,1617805,9,,,1,15,,1617806,9,,,1,55,,1617807,9,,,1,15,,1617808,9,,,1,15,,1617809,9,,,1,14,,1617810,9,,,1,55,,1617811,9,,,1,15,,1617812,9,,,1,16,,1617813,9,,,1,15,,1617814,9,,,1,55,,1617815,9,,,1,15,,1617816,9,,,1,15,,1617817,9,,,1,15,,1617818,9,,,1,55,,1617819,9,,,1,15,,1617820,9,,,1,14,,1617821,9,,,1,16,,1617822,9,,,1,53,,1617823,9,,,1,9,,1617824,9,,,1,10,,1617825,9,,,1,10,,1617826,9,,,1,10,,1617827,9,,,1,10,,1617828,9,,,1,50,,1617829,9,,,1,10,,1617830,9,,,1,10,,1617831,9,,,1,10,,1617832,9,,,1,9,,1617833,9,,,1,11,,1617834,9,,,1,50,,1617835,9,,,1,11,,1617836,9,,,1,10,,1617837,9,,,1,11,,1617838,9,,,1,10,,1617839,9,,,1,9,,1617840,9,,,1,50,,1617841,9,,,1,13,,1617842,9,,,1,15,,1617843,9,,,1,15,,1617844,9,,,1,55,,1617845,9,,,1,15,,1617846,9,,,1,16,,1617847,9,,,1,15,,1617848,9,,,1,56,,1617849,9,,,1,15,,1617850,9,,,1,15,,1617851,9,,,1,15,,1617852,9,,,1,55,,1617853,9,,,1,14,,1617854,9,,,1,15,,1617855,9,,,1,15,,1617856,9,,,1,55,,1617857,9,,,1,15,,1617858,9,,,1,15,,1617859,9,,,1,15,,1617860,9,,,1,55,,1617861,9,,,1,15,,1617862,9,,,1,15,,1617863,9,,,1,15,,1617864,9,,,1,55,,1617865,9,,,1,15,,1617866,9,,,1,15,,1617867,9,,,1
80202,'20261008',541,,1617868,9,,,1,15,,1617869,9,,,1,53,,1617870,9,,,1,10,,1617871,9,,,1,10,,1617872,9,,,1,10,,1617873,9,,,1,10,,1617874,9,,,1,9,,1617875,9,,,1,50,,1617876,9,,,1,11,,1617877,9,,,1,9,,1617878,9,,,1,10,,1617879,9,,,1,10,,1617880,9,,,1,10,,1617881,9,,,1,50,,1617882,9,,,1,11,,1617883,9,,,1,10,,1617884,9,,,1,9,,1617885,9,,,1,11,,1617886,9,,,1,10,,1617887,9,,,1,53,,1617888,9,,,1,15,,1617889,9,,,1,15,,1617890,9,,,1,14,,1617891,9,,,1,55,,1617892,9,,,1,15,,1617893,9,,,1,15,,1617894,9,,,1,15,,1617895,9,,,1,55,,1617896,9,,,1,15,,1617897,9,,,1,15,,1617898,9,,,1,14,,1617899,9,,,1,55,,1617900,9,,,1,15,,1617901,9,,,1,16,,1617902,9,,,1,15,,1617903,9,,,1,55,,1617904,9,,,1,15,,1617905,9,,,1,15,,1617906,9,,,1,15,,1617907,9,,,1,55,,1617908,9,,,1,15,,1617909,9,,,1,14,,1617910,9,,,1,16,,1617911,9,,,1,53,,1617912,9,,,1,9,,1617913,9,,,1,10,,1617914,9,,,1,10,,1617915,9,,,1,10,,1617916,9,,,1,10,,1617917,9,,,1,50,,1617918,9,,,1,10,,1617919,9,,,1,10,,1617920,9,,,1,10,,1617921,9,,,1,9,,1617922,9,,,1,11,,1617923,9,,,1,50,,1617924,9,,,1,11,,1617925,9,,,1,10,,1617926,9,,,1,11,,1617927,9,,,1,10,,1617928,9,,,1,9,,1617929,9,,,1,50,,1617930,9,,,1,13,,1617931,9,,,1,15,,1617932,9,,,1,15,,1617933,9,,,1,55,,1617934,9,,,1,15,,1617935,9,,,1,16,,1617936,9,,,1,15,,1617937,9,,,1,56,,1617938,9,,,1,15,,1617939,9,,,1,15,,1617940,9,,,1,15,,1617941,9,,,1,55,,1617942,9,,,1,14,,1617943,9,,,1,15,,1617944,9,,,1,15,,1617945,9,,,1,55,,1617946,9,,,1,15,,1617947,9,,,1,15,,1617948,9,,,1,15,,1617949,9,,,1,55,,1617950,9,,,1,15,,1617951,9,,,1,15,,1617952,9,,,1,15,,1617953,9,,,1,55,,1617954,9,,,1,15,,1617955,9,,,1,15,,1617956,9,,,1
80202,'20261009',541,,1617957,9,,,1,15,,1617958,9,,,1,53,,1617959,9,,,1,10,,1617960,9,,,1,10,,1617961,9,,,1,10,,1617962,9,,,1,10,,1617963,9,,,1,9,,1617964,9,,,1,50,,1617965,9,,,1,11,,1617966,9,,,1,9,,1617967,9,,,1,10,,1617968,9,,,1,10,,1617969,9,,,1,10,,1617970,9,,,1,50,,1617971,9,,,1,11,,1617972,9,,,1,10,,1617973,9,,,1,9,,1617974,9,,,1,11,,1617975,9,,,1,10,,1617976,9,,,1,53,,1617977,9,,,1,15,,1617978,9,,,1,15,,1617979,9,,,1,14,,1617980,9,,,1,55,,1617981,9,,,1,15,,1617982,9,,,1,15,,1617983,9,,,1,15,,1617984,9,,,1,55,,1617985,9,,,1,15,,1617986,9,,,1,15,,1617987,9,,,1,14,,1617988,9,,,1,55,,1617989,9,,,1,15,,1617990,9,,,1,16,,1617991,9,,,1,15,,1617992,9,,,1,55,,1617993,9,,,1,15,,1617994,9,,,1,15,,1617995,9,,,1,15,,1617996,9,,,1,55,,1617997,9,,,1,15,,1617998,9,,,1,14,,1617999,9,,,1,16,,1618000,9,,,1,53,,1618001,9,,,1,9,,1618002,9,,,1,10,,1618003,9,,,1,10,,1618004,9,,,1,10,,1618005,9,,,1,10,,1618006,9,,,1,50,,1618007,9,,,1,10,,1618008,9,,,1,10,,1618009,9,,,1,10,,1618010,9,,,1,9,,1618011,9,,,1,11,,1618012,9,,,1,50,,1618013,9,,,1,11,,1618014,9,,,1,10,,1618015,9,,,1,11,,1618016,9,,,1,10,,1618017,9,,,1,9,,1618018,9,,,1,50,,1618019,9,,,1,13,,1618020,9,,,1,15,,1618021,9,,,1,15,,1618022,9,,,1,55,,1618023,9,,,1,15,,1618024,9,,,1,16,,1618025,9,,,1,15,,1618026,9,,,1,56,,1618027,9,,,1,15,,1618028,9,,,1,15,,1618029,9,,,1,15,,1618030,9,,,1,55,,1618031,9,,,1,14,,1618032,9,,,1,15,,1618033,9,,,1,15,,1618034,9,,,1,55,,1618035,9,,,1,15,,1618036,9,,,1,15,,1618037,9,,,1,15,,1618038,9,,,1,55,,1618039,9,,,1,15,,1618040,9,,,1,15,,1618041,9,,,1,15,,1618042,9,,,1,55,,1618043,9,,,1,15,,1618044,9,,,1,15,,1618045,9,,,1
80202,'20261010',533,,1556707,9,,,1,15,,1556699,9,,,1,54,,1556705,9,,,1,16,,1556698,9,,,1,15,,1556708,9,,,1,15,,1556706,9,,,1,55,,1556702,9,,,1,15,,1556700,9,,,1,16,,1556704,9,,,1,15,,1556709,9,,,1,56,,1556703,9,,,1,16,,1556710,9,,,1,15,,1556711,9,,,1,14,,1556712,9,,,1,55,,1556713,9,,,1,15,,1556714,9,,,1,16,,1556715,9,,,1,15,,1556701,9,,,1,55,,1556717,9,,,1,15,,1556719,9,,,1,16,,1556723,9,,,1,15,,1556720,9,,,1,55,,1556722,9,,,1,14,,1556716,9,,,1,15,,1556718,9,,,1,15,,1556721,9,,,1,55,,1556658,9,,,1,15,,1556686,9,,,1,14,,1556650,9,,,1,17,,1556655,9,,,1,53,,1556646,9,,,1,18,,1556687,9,,,1,14,,1556651,9,,,1,17,,1556649,9,,,1,54,,1556657,9,,,1,14,,1556659,9,,,1,16,,1556656,9,,,1,16,,1556697,9,,,1,55,,1556647,9,,,1,16,,1556652,9,,,1,12,,1556660,9,,,1,15,,1556677,9,,,1,53,,1556648,9,,,1,16,,1556661,9,,,1,14,,1556662,9,,,1,16,,1556688,9,,,1,56,,1556663,9,,,1,17,,1556695,9,,,1,14,,1556653,9,,,1,13,,1556696,9,,,1,55,,1556664,9,,,1,14,,1556665,9,,,1,14,,1556666,9,,,1,14,,1556654,9,,,1,56,,1556667,9,,,1,15,,1556672,9,,,1,15,,1556673,9,,,1,14,,1556668,9,,,1,54,,1556669,9,,,1,15,,1556670,9,,,1,15,,1556671,9,,,1,15,,1556674,9,,,1,55,,1556675,9,,,1,15,,1556683,9,,,1,14,,1556680,9,,,1,16,,1556690,9,,,1,55,,1556682,9,,,1,15,,1556679,9,,,1,14,,1556689,9,,,1,15,,1556691,9,,,1,56,,1556676,9,,,1,15,,1556692,9,,,1,16,,1556681,9,,,1,14,,1556693,9,,,1,55,,1556678,9,,,1,15,,1556684,9,,,1,14,,1556694,9,,,1,15,,1556685,9,,,1
80202,'20261011',533,,1556794,9,,,1,15,,1556799,9,,,1,54,,1556791,9,,,1,16,,1556800,9,,,1,15,,1556789,9,,,1,15,,1556790,9,,,1,55,,1556795,9,,,1,15,,1556796,9,,,1,16,,1556801,9,,,1,15,,1556788,9,,,1,56,,1556797,9,,,1,16,,1556787,9,,,1,15,,1556783,9,,,1,14,,1556786,9,,,1,55,,1556785,9,,,1,15,,1556792,9,,,1,16,,1556784,9,,,1,15,,1556798,9,,,1,55,,1556782,9,,,1,15,,1556781,9,,,1,16,,1556777,9,,,1,15,,1556780,9,,,1,55,,1556776,9,,,1,14,,1556793,9,,,1,15,,1556779,9,,,1,15,,1556778,9,,,1,55,,1556756,9,,,1,15,,1556727,9,,,1,14,,1556773,9,,,1,17,,1556775,9,,,1,53,,1556767,9,,,1,18,,1556730,9,,,1,14,,1556766,9,,,1,17,,1556774,9,,,1,54,,1556768,9,,,1,14,,1556757,9,,,1,16,,1556764,9,,,1,16,,1556733,9,,,1,55,,1556771,9,,,1,16,,1556770,9,,,1,12,,1556761,9,,,1,15,,1556744,9,,,1,53,,1556772,9,,,1,16,,1556755,9,,,1,14,,1556760,9,,,1,16,,1556726,9,,,1,56,,1556763,9,,,1,17,,1556735,9,,,1,14,,1556769,9,,,1,13,,1556734,9,,,1,55,,1556759,9,,,1,14,,1556754,9,,,1,14,,1556758,9,,,1,14,,1556765,9,,,1,56,,1556762,9,,,1,15,,1556751,9,,,1,15,,1556745,9,,,1,14,,1556753,9,,,1,54,,1556749,9,,,1,15,,1556750,9,,,1,15,,1556752,9,,,1,15,,1556740,9,,,1,55,,1556743,9,,,1,15,,1556746,9,,,1,14,,1556742,9,,,1,16,,1556728,9,,,1,55,,1556737,9,,,1,15,,1556738,9,,,1,14,,1556731,9,,,1,15,,1556725,9,,,1,56,,1556748,9,,,1,15,,1556729,9,,,1,16,,1556741,9,,,1,14,,1556724,9,,,1,55,,1556747,9,,,1,15,,1556739,9,,,1,14,,1556732,9,,,1,15,,1556736,9,,,1
80202,'20261012',533,,1556872,9,,,1,15,,1556877,9,,,1,54,,1556869,9,,,1,16,,1556878,9,,,1,15,,1556867,9,,,1,15,,1556868,9,,,1,55,,1556873,9,,,1,15,,1556874,9,,,1,16,,1556879,9,,,1,15,,1556866,9,,,1,56,,1556875,9,,,1,16,,1556865,9,,,1,15,,1556861,9,,,1,14,,1556864,9,,,1,55,,1556863,9,,,1,15,,1556870,9,,,1,16,,1556862,9,,,1,15,,1556876,9,,,1,55,,1556860,9,,,1,15,,1556859,9,,,1,16,,1556855,9,,,1,15,,1556858,9,,,1,55,,1556854,9,,,1,14,,1556871,9,,,1,15,,1556857,9,,,1,15,,1556856,9,,,1,55,,1556834,9,,,1,15,,1556805,9,,,1,14,,1556851,9,,,1,17,,1556853,9,,,1,53,,1556845,9,,,1,18,,1556808,9,,,1,14,,1556844,9,,,1,17,,1556852,9,,,1,54,,1556846,9,,,1,14,,1556835,9,,,1,16,,1556842,9,,,1,16,,1556811,9,,,1,55,,1556849,9,,,1,16,,1556848,9,,,1,12,,1556839,9,,,1,15,,1556822,9,,,1,53,,1556850,9,,,1,16,,1556833,9,,,1,14,,1556838,9,,,1,16,,1556804,9,,,1,56,,1556841,9,,,1,17,,1556813,9,,,1,14,,1556847,9,,,1,13,,1556812,9,,,1,55,,1556837,9,,,1,14,,1556832,9,,,1,14,,1556836,9,,,1,14,,1556843,9,,,1,56,,1556840,9,,,1,15,,1556829,9,,,1,15,,1556823,9,,,1,14,,1556831,9,,,1,54,,1556827,9,,,1,15,,1556828,9,,,1,15,,1556830,9,,,1,15,,1556818,9,,,1,55,,1556821,9,,,1,15,,1556824,9,,,1,14,,1556820,9,,,1,16,,1556806,9,,,1,55,,1556815,9,,,1,15,,1556816,9,,,1,14,,1556809,9,,,1,15,,1556803,9,,,1,56,,1556826,9,,,1,15,,1556807,9,,,1,16,,1556819,9,,,1,14,,1556802,9,,,1,55,,1556825,9,,,1,15,,1556817,9,,,1,14,,1556810,9,,,1,15,,1556814,9,,,1
80202,'20261013',541,,1586215,9,,,1,15,,1586279,9,,,1,53,,1586207,9,,,1,10,,1586228,9,,,1,10,,1586216,9,,,1,10,,1586295,9,,,1,10,,1586280,9,,,1,9,,1586208,9,,,1,50,,1586253,9,,,1,11,,1586272,9,,,1,9,,1586290,9,,,1,10,,1586241,9,,,1,10,,1586217,9,,,1,10,,1586281,9,,,1,50,,1586233,9,,,1,11,,1586288,9,,,1,10,,1586209,9,,,1,9,,1586254,9,,,1,11,,1586273,9,,,1,10,,1586218,9,,,1,53,,1586266,9,,,1,15,,1586282,9,,,1,15,,1586234,9,,,1,14,,1586255,9,,,1,55,,1586274,9,,,1,15,,1586242,9,,,1,15,,1586267,9,,,1,15,,1586235,9,,,1,55,,1586256,9,,,1,15,,1586275,9,,,1,15,,1586243,9,,,1,14,,1586219,9,,,1,55,,1586283,9,,,1,15,,1586210,9,,,1,16,,1586257,9,,,1,15,,1586276,9,,,1,55,,1586220,9,,,1,15,,1586268,9,,,1,15,,1586284,9,,,1,15,,1586211,9,,,1,55,,1586244,9,,,1,15,,1586221,9,,,1,14,,1586269,9,,,1,16,,1586236,9,,,1,53,,1586258,9,,,1,9,,1586277,9,,,1,10,,1586293,9,,,1,10,,1586245,9,,,1,10,,1586222,9,,,1,10,,1586289,9,,,1,50,,1586270,9,,,1,10,,1586285,9,,,1,10,,1586237,9,,,1,10,,1586212,9,,,1,9,,1586259,9,,,1,11,,1586261,9,,,1,50,,1586278,9,,,1,11,,1586246,9,,,1,10,,1586223,9,,,1,11,,1586271,9,,,1,10,,1586294,9,,,1,9,,1586286,9,,,1,50,,1586238,9,,,1,13,,1586260,9,,,1,15,,1586247,9,,,1,15,,1586224,9,,,1,55,,1586262,9,,,1,15,,1586248,9,,,1,16,,1586225,9,,,1,15,,1586229,9,,,1,56,,1586239,9,,,1,15,,1586263,9,,,1,15,,1586249,9,,,1,15,,1586226,9,,,1,55,,1586287,9,,,1,14,,1586230,9,,,1,15,,1586240,9,,,1,15,,1586264,9,,,1,55,,1586250,9,,,1,15,,1586231,9,,,1,15,,1586213,9,,,1,15,,1586265,9,,,1,55,,1586251,9,,,1,15,,1586227,9,,,1,15,,1586232,9,,,1,15,,1586214,9,,,1,55,,1586252,9,,,1,15,,1586292,9,,,1,15,,1586291,9,,,1
80202,'20261014',541,,1586304,9,,,1,15,,1586368,9,,,1,53,,1586296,9,,,1,10,,1586317,9,,,1,10,,1586305,9,,,1,10,,1586384,9,,,1,10,,1586369,9,,,1,9,,1586297,9,,,1,50,,1586342,9,,,1,11,,1586361,9,,,1,9,,1586379,9,,,1,10,,1586330,9,,,1,10,,1586306,9,,,1,10,,1586370,9,,,1,50,,1586322,9,,,1,11,,1586377,9,,,1,10,,1586298,9,,,1,9,,1586343,9,,,1,11,,1586362,9,,,1,10,,1586307,9,,,1,53,,1586355,9,,,1,15,,1586371,9,,,1,15,,1586323,9,,,1,14,,1586344,9,,,1,55,,1586363,9,,,1,15,,1586331,9,,,1,15,,1586356,9,,,1,15,,1586324,9,,,1,55,,1586345,9,,,1,15,,1586364,9,,,1,15,,1586332,9,,,1,14,,1586308,9,,,1,55,,1586372,9,,,1,15,,1586299,9,,,1,16,,1586346,9,,,1,15,,1586365,9,,,1,55,,1586309,9,,,1,15,,1586357,9,,,1,15,,1586373,9,,,1,15,,1586300,9,,,1,55,,1586333,9,,,1,15,,1586310,9,,,1,14,,1586358,9,,,1,16,,1586325,9,,,1,53,,1586347,9,,,1,9,,1586366,9,,,1,10,,1586382,9,,,1,10,,1586334,9,,,1,10,,1586311,9,,,1,10,,1586378,9,,,1,50,,1586359,9,,,1,10,,1586374,9,,,1,10,,1586326,9,,,1,10,,1586301,9,,,1,9,,1586348,9,,,1,11,,1586350,9,,,1,50,,1586367,9,,,1,11,,1586335,9,,,1,10,,1586312,9,,,1,11,,1586360,9,,,1,10,,1586383,9,,,1,9,,1586375,9,,,1,50,,1586327,9,,,1,13,,1586349,9,,,1,15,,1586336,9,,,1,15,,1586313,9,,,1,55,,1586351,9,,,1,15,,1586337,9,,,1,16,,1586314,9,,,1,15,,1586318,9,,,1,56,,1586328,9,,,1,15,,1586352,9,,,1,15,,1586338,9,,,1,15,,1586315,9,,,1,55,,1586376,9,,,1,14,,1586319,9,,,1,15,,1586329,9,,,1,15,,1586353,9,,,1,55,,1586339,9,,,1,15,,1586320,9,,,1,15,,1586302,9,,,1,15,,1586354,9,,,1,55,,1586340,9,,,1,15,,1586316,9,,,1,15,,1586321,9,,,1,15,,1586303,9,,,1,55,,1586341,9,,,1,15,,1586381,9,,,1,15,,1586380,9,,,1
80202,'20261015',541,,1586393,9,,,1,15,,1586457,9,,,1,53,,1586385,9,,,1,10,,1586406,9,,,1,10,,1586394,9,,,1,10,,1586473,9,,,1,10,,1586458,9,,,1,9,,1586386,9,,,1,50,,1586431,9,,,1,11,,1586450,9,,,1,9,,1586468,9,,,1,10,,1586419,9,,,1,10,,1586395,9,,,1,10,,1586459,9,,,1,50,,1586411,9,,,1,11,,1586466,9,,,1,10,,1586387,9,,,1,9,,1586432,9,,,1,11,,1586451,9,,,1,10,,1586396,9,,,1,53,,1586444,9,,,1,15,,1586460,9,,,1,15,,1586412,9,,,1,14,,1586433,9,,,1,55,,1586452,9,,,1,15,,1586420,9,,,1,15,,1586445,9,,,1,15,,1586413,9,,,1,55,,1586434,9,,,1,15,,1586453,9,,,1,15,,1586421,9,,,1,14,,1586397,9,,,1,55,,1586461,9,,,1,15,,1586388,9,,,1,16,,1586435,9,,,1,15,,1586454,9,,,1,55,,1586398,9,,,1,15,,1586446,9,,,1,15,,1586462,9,,,1,15,,1586389,9,,,1,55,,1586422,9,,,1,15,,1586399,9,,,1,14,,1586447,9,,,1,16,,1586414,9,,,1,53,,1586436,9,,,1,9,,1586455,9,,,1,10,,1586471,9,,,1,10,,1586423,9,,,1,10,,1586400,9,,,1,10,,1586467,9,,,1,50,,1586448,9,,,1,10,,1586463,9,,,1,10,,1586415,9,,,1,10,,1586390,9,,,1,9,,1586437,9,,,1,11,,1586439,9,,,1,50,,1586456,9,,,1,11,,1586424,9,,,1,10,,1586401,9,,,1,11,,1586449,9,,,1,10,,1586472,9,,,1,9,,1586464,9,,,1,50,,1586416,9,,,1,13,,1586438,9,,,1,15,,1586425,9,,,1,15,,1586402,9,,,1,55,,1586440,9,,,1,15,,1586426,9,,,1,16,,1586403,9,,,1,15,,1586407,9,,,1,56,,1586417,9,,,1,15,,1586441,9,,,1,15,,1586427,9,,,1,15,,1586404,9,,,1,55,,1586465,9,,,1,14,,1586408,9,,,1,15,,1586418,9,,,1,15,,1586442,9,,,1,55,,1586428,9,,,1,15,,1586409,9,,,1,15,,1586391,9,,,1,15,,1586443,9,,,1,55,,1586429,9,,,1,15,,1586405,9,,,1,15,,1586410,9,,,1,15,,1586392,9,,,1,55,,1586430,9,,,1,15,,1586470,9,,,1,15,,1586469,9,,,1
80202,'20261016',541,,1586482,9,,,1,15,,1586546,9,,,1,53,,1586474,9,,,1,10,,1586495,9,,,1,10,,1586483,9,,,1,10,,1586562,9,,,1,10,,1586547,9,,,1,9,,1586475,9,,,1,50,,1586520,9,,,1,11,,1586539,9,,,1,9,,1586557,9,,,1,10,,1586508,9,,,1,10,,1586484,9,,,1,10,,1586548,9,,,1,50,,1586500,9,,,1,11,,1586555,9,,,1,10,,1586476,9,,,1,9,,1586521,9,,,1,11,,1586540,9,,,1,10,,1586485,9,,,1,53,,1586533,9,,,1,15,,1586549,9,,,1,15,,1586501,9,,,1,14,,1586522,9,,,1,55,,1586541,9,,,1,15,,1586509,9,,,1,15,,1586534,9,,,1,15,,1586502,9,,,1,55,,1586523,9,,,1,15,,1586542,9,,,1,15,,1586510,9,,,1,14,,1586486,9,,,1,55,,1586550,9,,,1,15,,1586477,9,,,1,16,,1586524,9,,,1,15,,1586543,9,,,1,55,,1586487,9,,,1,15,,1586535,9,,,1,15,,1586551,9,,,1,15,,1586478,9,,,1,55,,1586511,9,,,1,15,,1586488,9,,,1,14,,1586536,9,,,1,16,,1586503,9,,,1,53,,1586525,9,,,1,9,,1586544,9,,,1,10,,1586560,9,,,1,10,,1586512,9,,,1,10,,1586489,9,,,1,10,,1586556,9,,,1,50,,1586537,9,,,1,10,,1586552,9,,,1,10,,1586504,9,,,1,10,,1586479,9,,,1,9,,1586526,9,,,1,11,,1586528,9,,,1,50,,1586545,9,,,1,11,,1586513,9,,,1,10,,1586490,9,,,1,11,,1586538,9,,,1,10,,1586561,9,,,1,9,,1586553,9,,,1,50,,1586505,9,,,1,13,,1586527,9,,,1,15,,1586514,9,,,1,15,,1586491,9,,,1,55,,1586529,9,,,1,15,,1586515,9,,,1,16,,1586492,9,,,1,15,,1586496,9,,,1,56,,1586506,9,,,1,15,,1586530,9,,,1,15,,1586516,9,,,1,15,,1586493,9,,,1,55,,1586554,9,,,1,14,,1586497,9,,,1,15,,1586507,9,,,1,15,,1586531,9,,,1,55,,1586517,9,,,1,15,,1586498,9,,,1,15,,1586480,9,,,1,15,,1586532,9,,,1,55,,1586518,9,,,1,15,,1586494,9,,,1,15,,1586499,9,,,1,15,,1586481,9,,,1,55,,1586519,9,,,1,15,,1586559,9,,,1,15,,1586558,9,,,1
80202,'20261017',533,,1618107,9,,,1,15,,1618099,9,,,1,54,,1618105,9,,,1,16,,1618098,9,,,1,15,,1618108,9,,,1,15,,1618106,9,,,1,55,,1618102,9,,,1,15,,1618100,9,,,1,16,,1618104,9,,,1,15,,1618109,9,,,1,56,,1618103,9,,,1,16,,1618110,9,,,1,15,,1618111,9,,,1,14,,1618112,9,,,1,55,,1618113,9,,,1,15,,1618114,9,,,1,16,,1618115,9,,,1,15,,1618101,9,,,1,55,,1618117,9,,,1,15,,1618119,9,,,1,16,,1618123,9,,,1,15,,1618120,9,,,1,55,,1618122,9,,,1,14,,1618116,9,,,1,15,,1618118,9,,,1,15,,1618121,9,,,1,55,,1618058,9,,,1,15,,1618086,9,,,1,14,,1618050,9,,,1,17,,1618055,9,,,1,53,,1618046,9,,,1,18,,1618087,9,,,1,14,,1618051,9,,,1,17,,1618049,9,,,1,54,,1618057,9,,,1,14,,1618059,9,,,1,16,,1618056,9,,,1,16,,1618097,9,,,1,55,,1618047,9,,,1,16,,1618052,9,,,1,12,,1618060,9,,,1,15,,1618077,9,,,1,53,,1618048,9,,,1,16,,1618061,9,,,1,14,,1618062,9,,,1,16,,1618088,9,,,1,56,,1618063,9,,,1,17,,1618095,9,,,1,14,,1618053,9,,,1,13,,1618096,9,,,1,55,,1618064,9,,,1,14,,1618065,9,,,1,14,,1618066,9,,,1,14,,1618054,9,,,1,56,,1618067,9,,,1,15,,1618072,9,,,1,15,,1618073,9,,,1,14,,1618068,9,,,1,54,,1618069,9,,,1,15,,1618070,9,,,1,15,,1618071,9,,,1,15,,1618074,9,,,1,55,,1618075,9,,,1,15,,1618083,9,,,1,14,,1618080,9,,,1,16,,1618090,9,,,1,55,,1618082,9,,,1,15,,1618079,9,,,1,14,,1618089,9,,,1,15,,1618091,9,,,1,56,,1618076,9,,,1,15,,1618092,9,,,1,16,,1618081,9,,,1,14,,1618093,9,,,1,55,,1618078,9,,,1,15,,1618084,9,,,1,14,,1618094,9,,,1,15,,1618085,9,,,1
80202,'20261018',533,,1618194,9,,,1,15,,1618199,9,,,1,54,,1618191,9,,,1,16,,1618200,9,,,1,15,,1618189,9,,,1,15,,1618190,9,,,1,55,,1618195,9,,,1,15,,1618196,9,,,1,16,,1618201,9,,,1,15,,1618188,9,,,1,56,,1618197,9,,,1,16,,1618187,9,,,1,15,,1618183,9,,,1,14,,1618186,9,,,1,55,,1618185,9,,,1,15,,1618192,9,,,1,16,,1618184,9,,,1,15,,1618198,9,,,1,55,,1618182,9,,,1,15,,1618181,9,,,1,16,,1618177,9,,,1,15,,1618180,9,,,1,55,,1618176,9,,,1,14,,1618193,9,,,1,15,,1618179,9,,,1,15,,1618178,9,,,1,55,,1618156,9,,,1,15,,1618127,9,,,1,14,,1618173,9,,,1,17,,1618175,9,,,1,53,,1618167,9,,,1,18,,1618130,9,,,1,14,,1618166,9,,,1,17,,1618174,9,,,1,54,,1618168,9,,,1,14,,1618157,9,,,1,16,,1618164,9,,,1,16,,1618133,9,,,1,55,,1618171,9,,,1,16,,1618170,9,,,1,12,,1618161,9,,,1,15,,1618144,9,,,1,53,,1618172,9,,,1,16,,1618155,9,,,1,14,,1618160,9,,,1,16,,1618126,9,,,1,56,,1618163,9,,,1,17,,1618135,9,,,1,14,,1618169,9,,,1,13,,1618134,9,,,1,55,,1618159,9,,,1,14,,1618154,9,,,1,14,,1618158,9,,,1,14,,1618165,9,,,1,56,,1618162,9,,,1,15,,1618151,9,,,1,15,,1618145,9,,,1,14,,1618153,9,,,1,54,,1618149,9,,,1,15,,1618150,9,,,1,15,,1618152,9,,,1,15,,1618140,9,,,1,55,,1618143,9,,,1,15,,1618146,9,,,1,14,,1618142,9,,,1,16,,1618128,9,,,1,55,,1618137,9,,,1,15,,1618138,9,,,1,14,,1618131,9,,,1,15,,1618125,9,,,1,56,,1618148,9,,,1,15,,1618129,9,,,1,16,,1618141,9,,,1,14,,1618124,9,,,1,55,,1618147,9,,,1,15,,1618139,9,,,1,14,,1618132,9,,,1,15,,1618136,9,,,1
80202,'20261019',541,,1618210,9,,,1,15,,1618274,9,,,1,53,,1618202,9,,,1,10,,1618223,9,,,1,10,,1618211,9,,,1,10,,1618290,9,,,1,10,,1618275,9,,,1,9,,1618203,9,,,1,50,,1618248,9,,,1,11,,1618267,9,,,1,9,,1618285,9,,,1,10,,1618236,9,,,1,10,,1618212,9,,,1,10,,1618276,9,,,1,50,,1618228,9,,,1,11,,1618283,9,,,1,10,,1618204,9,,,1,9,,1618249,9,,,1,11,,1618268,9,,,1,10,,1618213,9,,,1,53,,1618261,9,,,1,15,,1618277,9,,,1,15,,1618229,9,,,1,14,,1618250,9,,,1,55,,1618269,9,,,1,15,,1618237,9,,,1,15,,1618262,9,,,1,15,,1618230,9,,,1,55,,1618251,9,,,1,15,,1618270,9,,,1,15,,1618238,9,,,1,14,,1618214,9,,,1,55,,1618278,9,,,1,15,,1618205,9,,,1,16,,1618252,9,,,1,15,,1618271,9,,,1,55,,1618215,9,,,1,15,,1618263,9,,,1,15,,1618279,9,,,1,15,,1618206,9,,,1,55,,1618239,9,,,1,15,,1618216,9,,,1,14,,1618264,9,,,1,16,,1618231,9,,,1,53,,1618253,9,,,1,9,,1618272,9,,,1,10,,1618288,9,,,1,10,,1618240,9,,,1,10,,1618217,9,,,1,10,,1618284,9,,,1,50,,1618265,9,,,1,10,,1618280,9,,,1,10,,1618232,9,,,1,10,,1618207,9,,,1,9,,1618254,9,,,1,11,,1618256,9,,,1,50,,1618273,9,,,1,11,,1618241,9,,,1,10,,1618218,9,,,1,11,,1618266,9,,,1,10,,1618289,9,,,1,9,,1618281,9,,,1,50,,1618233,9,,,1,13,,1618255,9,,,1,15,,1618242,9,,,1,15,,1618219,9,,,1,55,,1618257,9,,,1,15,,1618243,9,,,1,16,,1618220,9,,,1,15,,1618224,9,,,1,56,,1618234,9,,,1,15,,1618258,9,,,1,15,,1618244,9,,,1,15,,1618221,9,,,1,55,,1618282,9,,,1,14,,1618225,9,,,1,15,,1618235,9,,,1,15,,1618259,9,,,1,55,,1618245,9,,,1,15,,1618226,9,,,1,15,,1618208,9,,,1,15,,1618260,9,,,1,55,,1618246,9,,,1,15,,1618222,9,,,1,15,,1618227,9,,,1,15,,1618209,9,,,1,55,,1618247,9,,,1,15,,1618287,9,,,1,15,,1618286,9,,,1
80202,'20261020',541,,1618299,9,,,1,15,,1618363,9,,,1,53,,1618291,9,,,1,10,,1618312,9,,,1,10,,1618300,9,,,1,10,,1618379,9,,,1,10,,1618364,9,,,1,9,,1618292,9,,,1,50,,1618337,9,,,1,11,,1618356,9,,,1,9,,1618374,9,,,1,10,,1618325,9,,,1,10,,1618301,9,,,1,10,,1618365,9,,,1,50,,1618317,9,,,1,11,,1618372,9,,,1,10,,1618293,9,,,1,9,,1618338,9,,,1,11,,1618357,9,,,1,10,,1618302,9,,,1,53,,1618350,9,,,1,15,,1618366,9,,,1,15,,1618318,9,,,1,14,,1618339,9,,,1,55,,1618358,9,,,1,15,,1618326,9,,,1,15,,1618351,9,,,1,15,,1618319,9,,,1,55,,1618340,9,,,1,15,,1618359,9,,,1,15,,1618327,9,,,1,14,,1618303,9,,,1,55,,1618367,9,,,1,15,,1618294,9,,,1,16,,1618341,9,,,1,15,,1618360,9,,,1,55,,1618304,9,,,1,15,,1618352,9,,,1,15,,1618368,9,,,1,15,,1618295,9,,,1,55,,1618328,9,,,1,15,,1618305,9,,,1,14,,1618353,9,,,1,16,,1618320,9,,,1,53,,1618342,9,,,1,9,,1618361,9,,,1,10,,1618377,9,,,1,10,,1618329,9,,,1,10,,1618306,9,,,1,10,,1618373,9,,,1,50,,1618354,9,,,1,10,,1618369,9,,,1,10,,1618321,9,,,1,10,,1618296,9,,,1,9,,1618343,9,,,1,11,,1618345,9,,,1,50,,1618362,9,,,1,11,,1618330,9,,,1,10,,1618307,9,,,1,11,,1618355,9,,,1,10,,1618378,9,,,1,9,,1618370,9,,,1,50,,1618322,9,,,1,13,,1618344,9,,,1,15,,1618331,9,,,1,15,,1618308,9,,,1,55,,1618346,9,,,1,15,,1618332,9,,,1,16,,1618309,9,,,1,15,,1618313,9,,,1,56,,1618323,9,,,1,15,,1618347,9,,,1,15,,1618333,9,,,1,15,,1618310,9,,,1,55,,1618371,9,,,1,14,,1618314,9,,,1,15,,1618324,9,,,1,15,,1618348,9,,,1,55,,1618334,9,,,1,15,,1618315,9,,,1,15,,1618297,9,,,1,15,,1618349,9,,,1,55,,1618335,9,,,1,15,,1618311,9,,,1,15,,1618316,9,,,1,15,,1618298,9,,,1,55,,1618336,9,,,1,15,,1618376,9,,,1,15,,1618375,9,,,1
