5500,'20261002',716,,1570879,38,,,0,107,,1570880,38,,,0,93,,1570881,38,,,0,100,,1570882,38,,,0,99,,1570883,38,,,0,33,,1570884,38,,,0,70,,1570885,38,,,0,34,,1570886,38,,,0,100,,1570887,38,,,0,92,,1570888,38,,,0,69,,1570889,38,,,0,36,,1570890,38,,,0,78,,1570891,38,,,0,28,,1570892,38,,,0,72,,1570893,38,,,0,30,,1570894,38,,,0,71,,1570895,38,,,0,83,,1570896,38,,,0,90,,1570897,38,,,0,100,,1570898,38,,,0,102,,1570899,38,,,0,101,,1570900,38,,,0,100,,1570901,38,,,0,98,,1570902,38,,,0
5500,'20261003',753,,1570903,38,,,0,99,,1570904,38,,,0,101,,1570905,38,,,0,94,,1570906,38,,,0,104,,1570907,38,,,0,98,,1570908,38,,,0,104,,1570909,38,,,0,98,,1570910,38,,,0,99,,1570911,38,,,0,105,,1570912,38,,,0,145,,1570913,38,,,0,53,,1570914,38,,,0,99,,1570915,38,,,0,103,,1570916,38,,,0,102,,1570917,38,,,0,102,,1570918,38,,,0,142,,1570919,38,,,0,100,,1570920,38,,,0
5500,'20261004',753,,1570921,38,,,0,99,,1570922,38,,,0,101,,1570923,38,,,0,94,,1570924,38,,,0,104,,1570925,38,,,0,98,,1570926,38,,,0,104,,1570927,38,,,0,98,,1570928,38,,,0,99,,1570929,38,,,0,105,,1570930,38,,,0,145,,1570931,38,,,0,53,,1570932,38,,,0,99,,1570933,38,,,0,103,,1570934,38,,,0,102,,1570935,38,,,0,102,,1570936,38,,,0,142,,1570937,38,,,0,100,,1570938,38,,,0
5500,'20261005',716,,1570939,38,,,0,107,,1570940,38,,,0,93,,1570941,38,,,0,100,,1570942,38,,,0,99,,1570943,38,,,0,33,,1570944,38,,,0,70,,1570945,38,,,0,34,,1570946,38,,,0,100,,1570947,38,,,0,92,,1570948,38,,,0,69,,1570949,38,,,0,36,,1570950,38,,,0,78,,1570951,38,,,0,28,,1570952,38,,,0,72,,1570953,38,,,0,30,,1570954,38,,,0,71,,1570955,38,,,0,83,,1570956,38,,,0,90,,1570957,38,,,0,100,,1570958,38,,,0,102,,1570959,38,,,0,101,,1570960,38,,,0,100,,1570961,38,,,0,98,,1570962,38,,,0
5500,'20261006',716,,1517686,38,,,0,107,,1517687,38,,,0,93,,1517688,38,,,0,100,,1517689,38,,,0,99,,1517690,38,,,0,33,,1517708,38,,,0,70,,1517691,38,,,0,34,,1517692,38,,,0,100,,1517693,38,,,0,92,,1517694,38,,,0,69,,1517707,38,,,0,36,,1517695,38,,,0,78,,1517696,38,,,0,28,,1517697,38,,,0,72,,1517698,38,,,0,30,,1517699,38,,,0,71,,1517700,38,,,0,83,,1517701,38,,,0,90,,1517702,38,,,0,100,,1517703,38,,,0,102,,1517704,38,,,0,101,,1517705,38,,,0,100,,1517706,38,,,0,98,,1517709,38,,,0
5500,'20261007',716,,1517710,38,,,0,107,,1517711,38,,,0,93,,1517712,38,,,0,100,,1517713,38,,,0,99,,1517714,38,,,0,33,,1517732,38,,,0,70,,1517715,38,,,0,34,,1517716,38,,,0,100,,1517717,38,,,0,92,,1517718,38,,,0,69,,1517731,38,,,0,36,,1517719,38,,,0,78,,1517720,38,,,0,28,,1517721,38,,,0,72,,1517722,38,,,0,30,,1517723,38,,,0,71,,1517724,38,,,0,83,,1517725,38,,,0,90,,1517726,38,,,0,100,,1517727,38,,,0,102,,1517728,38,,,0,101,,1517729,38,,,0,100,,1517730,38,,,0,98,,1517733,38,,,0
5500,'20261008',716,,1517734,38,,,0,107,,1517735,38,,,0,93,,1517736,38,,,0,100,,1517737,38,,,0,99,,1517738,38,,,0,33,,1517756,38,,,0,70,,1517739,38,,,0,34,,1517740,38,,,0,100,,1517741,38,,,0,92,,1517742,38,,,0,69,,1517755,38,,,0,36,,1517743,38,,,0,78,,1517744,38,,,0,28,,1517745,38,,,0,72,,1517746,38,,,0,30,,1517747,38,,,0,71,,1517748,38,,,0,83,,1517749,38,,,0,90,,1517750,38,,,0,100,,1517751,38,,,0,102,,1517752,38,,,0,101,,1517753,38,,,0,100,,1517754,38,,,0,98,,1517757,38,,,0
5500,'20261009',716,,1517758,38,,,0,107,,1517759,38,,,0,93,,1517760,38,,,0,100,,1517761,38,,,0,99,,1517762,38,,,0,33,,1517780,38,,,0,70,,1517763,38,,,0,34,,1517764,38,,,0,100,,1517765,38,,,0,92,,1517766,38,,,0,69,,1517779,38,,,0,36,,1517767,38,,,0,78,,1517768,38,,,0,28,,1517769,38,,,0,72,,1517770,38,,,0,30,,1517771,38,,,0,71,,1517772,38,,,0,83,,1517773,38,,,0,90,,1517774,38,,,0,100,,1517775,38,,,0,102,,1517776,38,,,0,101,,1517777,38,,,0,100,,1517778,38,,,0,98,,1517781,38,,,0
5500,'20261010',753,,1546527,38,,,0,99,,1546528,38,,,0,101,,1546529,38,,,0,94,,1546530,38,,,0,104,,1546531,38,,,0,98,,1546532,38,,,0,104,,1546533,38,,,0,98,,1546534,38,,,0,99,,1546535,38,,,0,105,,1546536,38,,,0,145,,1546537,38,,,0,53,,1546538,38,,,0,99,,1546539,38,,,0,103,,1546540,38,,,0,102,,1546541,38,,,0,102,,1546542,38,,,0,142,,1546543,38,,,0,100,,1546544,38,,,0
5500,'20261011',753,,1546554,38,,,0,99,,1546559,38,,,0,101,,1546552,38,,,0,94,,1546553,38,,,0,104,,1546548,38,,,0,98,,1546560,38,,,0,104,,1546545,38,,,0,98,,1546550,38,,,0,99,,1546549,38,,,0,105,,1546555,38,,,0,145,,1546557,38,,,0,53,,1546556,38,,,0,99,,1546551,38,,,0,103,,1546547,38,,,0,102,,1546558,38,,,0,102,,1546561,38,,,0,142,,1546546,38,,,0,100,,1546562,38,,,0
5500,'20261012',753,,1546572,38,,,0,99,,1546577,38,,,0,101,,1546570,38,,,0,94,,1546571,38,,,0,104,,1546566,38,,,0,98,,1546578,38,,,0,104,,1546563,38,,,0,98,,1546568,38,,,0,99,,1546567,38,,,0,105,,1546573,38,,,0,145,,1546575,38,,,0,53,,1546574,38,,,0,99,,1546569,38,,,0,103,,1546565,38,,,0,102,,1546576,38,,,0,102,,1546579,38,,,0,142,,1546564,38,,,0,100,,1546580,38,,,0
5500,'20261013',716,,1570963,38,,,0,107,,1570964,38,,,0,93,,1570965,38,,,0,100,,1570966,38,,,0,99,,1570967,38,,,0,33,,1570985,38,,,0,70,,1570968,38,,,0,34,,1570969,38,,,0,100,,1570970,38,,,0,92,,1570971,38,,,0,69,,1570984,38,,,0,36,,1570972,38,,,0,78,,1570973,38,,,0,28,,1570974,38,,,0,72,,1570975,38,,,0,30,,1570976,38,,,0,71,,1570977,38,,,0,83,,1570978,38,,,0,90,,1570979,38,,,0,100,,1570980,38,,,0,102,,1570981,38,,,0,101,,1570982,38,,,0,100,,1570983,38,,,0,98,,1570986,38,,,0
5500,'20261014',716,,1570987,38,,,0,107,,1570988,38,,,0,93,,1570989,38,,,0,100,,1570990,38,,,0,99,,1570991,38,,,0,33,,1571009,38,,,0,70,,1570992,38,,,0,34,,1570993,38,,,0,100,,1570994,38,,,0,92,,1570995,38,,,0,69,,1571008,38,,,0,36,,1570996,38,,,0,78,,1570997,38,,,0,28,,1570998,38,,,0,72,,1570999,38,,,0,30,,1571000,38,,,0,71,,1571001,38,,,0,83,,1571002,38,,,0,90,,1571003,38,,,0,100,,1571004,38,,,0,102,,1571005,38,,,0,101,,1571006,38,,,0,100,,1571007,38,,,0,98,,1571010,38,,,0
5500,'20261015',716,,1571011,38,,,0,107,,1571012,38,,,0,93,,1571013,38,,,0,100,,1571014,38,,,0,99,,1571015,38,,,0,33,,1571033,38,,,0,70,,1571016,38,,,0,34,,1571017,38,,,0,100,,1571018,38,,,0,92,,1571019,38,,,0,69,,1571032,38,,,0,36,,1571020,38,,,0,78,,1571021,38,,,0,28,,1571022,38,,,0,72,,1571023,38,,,0,30,,1571024,38,,,0,71,,1571025,38,,,0,83,,1571026,38,,,0,90,,1571027,38,,,0,100,,1571028,38,,,0,102,,1571029,38,,,0,101,,1571030,38,,,0,100,,1571031,38,,,0,98,,1571034,38,,,0
5500,'20261016',716,,1571035,38,,,0,107,,1571036,38,,,0,93,,1571037,38,,,0,100,,1571038,38,,,0,99,,1571039,38,,,0,33,,1571057,38,,,0,70,,1571040,38,,,0,34,,1571041,38,,,0,100,,1571042,38,,,0,92,,1571043,38,,,0,69,,1571056,38,,,0,36,,1571044,38,,,0,78,,1571045,38,,,0,28,,1571046,38,,,0,72,,1571047,38,,,0,30,,1571048,38,,,0,71,,1571049,38,,,0,83,,1571050,38,,,0,90,,1571051,38,,,0,100,,1571052,38,,,0,102,,1571053,38,,,0,101,,1571054,38,,,0,100,,1571055,38,,,0,98,,1571058,38,,,0
25500,'20261002',1621,,1580259,34,4,,0,34,,1580260,34,4,,0,66,,1580261,34,4,,0,28,,1580262,34,4,,0
25500,'20261005',1621,,1580263,34,4,,0,34,,1580264,34,4,,0,66,,1580265,34,4,,0,28,,1580266,34,4,,0
25500,'20261006',1621,,1526993,34,4,,0,34,,1526994,34,4,,0,66,,1526995,34,4,,0,28,,1526996,34,4,,0
25500,'20261007',1621,,1526997,34,4,,0,34,,1526998,34,4,,0,66,,1526999,34,4,,0,28,,1527000,34,4,,0
25500,'20261008',1621,,1527001,34,4,,0,34,,1527002,34,4,,0,66,,1527003,34,4,,0,28,,1527004,34,4,,0
25500,'20261009',1621,,1527005,34,4,,0,34,,1527006,34,4,,0,66,,1527007,34,4,,0,28,,1527008,34,4,,0
25500,'20261013',1621,,1580267,34,4,,0,34,,1580268,34,4,,0,66,,1580269,34,4,,0,28,,1580270,34,4,,0
25500,'20261014',1621,,1580271,34,4,,0,34,,1580272,34,4,,0,66,,1580273,34,4,,0,28,,1580274,34,4,,0
25500,'20261015',1621,,1580275,34,4,,0,34,,1580276,34,4,,0,66,,1580277,34,4,,0,28,,1580278,34,4,,0
25500,'20261016',1621,,1580279,34,4,,0,34,,1580280,34,4,,0,66,,1580281,34,4,,0,28,,1580282,34,4,,0
35500,'20261002',1706,,1581650,31,4,,0,52,,1581651,31,4,,0,93,,1581652,31,4,,0
35500,'20261005',1706,,1581653,31,4,,0,52,,1581654,31,4,,0,93,,1581655,31,4,,0
35500,'20261006',1706,,1528379,31,4,,0,52,,1528381,31,4,,0,93,,1528380,31,4,,0
35500,'20261007',1706,,1528382,31,4,,0,52,,1528384,31,4,,0,93,,1528383,31,4,,0
35500,'20261008',1706,,1528385,31,4,,0,52,,1528387,31,4,,0,93,,1528386,31,4,,0
35500,'20261009',1706,,1528388,31,4,,0,52,,1528390,31,4,,0,93,,1528389,31,4,,0
35500,'20261013',1706,,1581656,31,4,,0,52,,1581658,31,4,,0,93,,1581657,31,4,,0
35500,'20261014',1706,,1581659,31,4,,0,52,,1581661,31,4,,0,93,,1581660,31,4,,0
35500,'20261015',1706,,1581662,31,4,,0,52,,1581664,31,4,,0,93,,1581663,31,4,,0
35500,'20261016',1706,,1581665,31,4,,0,52,,1581667,31,4,,0,93,,1581666,31,4,,0
55500,'20261002',1715,,1582432,29,4,,0,22,,1582433,29,4,,0,73,,1582434,29,4,,0
55500,'20261005',1715,,1582435,29,4,,0,22,,1582436,29,4,,0,73,,1582437,29,4,,0
55500,'20261006',1715,,1529162,29,4,,0,22,,1529163,29,4,,0,73,,1529164,29,4,,0
55500,'20261007',1715,,1529165,29,4,,0,22,,1529166,29,4,,0,73,,1529167,29,4,,0
55500,'20261008',1715,,1529168,29,4,,0,22,,1529169,29,4,,0,73,,1529170,29,4,,0
55500,'20261009',1715,,1529171,29,4,,0,22,,1529172,29,4,,0,73,,1529173,29,4,,0
55500,'20261013',1715,,1582438,29,4,,0,22,,1582439,29,4,,0,73,,1582440,29,4,,0
55500,'20261014',1715,,1582441,29,4,,0,22,,1582442,29,4,,0,73,,1582443,29,4,,0
55500,'20261015',1715,,1582444,29,4,,0,22,,1582445,29,4,,0,73,,1582446,29,4,,0
55500,'20261016',1715,,1582447,29,4,,0,22,,1582448,29,4,,0,73,,1582449,29,4,,0
