8401,'20261006',635,,1608718,50,,,1,67,,1608719,50,,,1,30,,1608720,50,,,1,69,,1608721,50,,,1,32,,1608722,50,,,1,71,,1608723,50,,,1,31,,1608724,50,,,1,99,,1608725,50,,,1,100,,1608726,50,,,1,99,,1608727,50,,,1,102,,1608728,50,,,1,99,,1608729,50,,,1,98,,1608730,50,,,1,97,,1608731,50,,,1,104,,1608732,50,,,1,103,,1608733,50,,,1,99,,1608734,50,,,1,100,,1608735,50,,,1,102,,1608736,50,,,1,100,,1608737,50,,,1,100,,1608738,50,,,1
8401,'20261007',635,,1608739,50,,,1,67,,1608740,50,,,1,30,,1608741,50,,,1,69,,1608742,50,,,1,32,,1608743,50,,,1,71,,1608744,50,,,1,31,,1608745,50,,,1,99,,1608746,50,,,1,100,,1608747,50,,,1,99,,1608748,50,,,1,102,,1608749,50,,,1,99,,1608750,50,,,1,98,,1608751,50,,,1,97,,1608752,50,,,1,104,,1608753,50,,,1,103,,1608754,50,,,1,99,,1608755,50,,,1,100,,1608756,50,,,1,102,,1608757,50,,,1,100,,1608758,50,,,1,100,,1608759,50,,,1
8401,'20261008',635,,1608760,50,,,1,67,,1608761,50,,,1,30,,1608762,50,,,1,69,,1608763,50,,,1,32,,1608764,50,,,1,71,,1608765,50,,,1,31,,1608766,50,,,1,99,,1608767,50,,,1,100,,1608768,50,,,1,99,,1608769,50,,,1,102,,1608770,50,,,1,99,,1608771,50,,,1,98,,1608772,50,,,1,97,,1608773,50,,,1,104,,1608774,50,,,1,103,,1608775,50,,,1,99,,1608776,50,,,1,100,,1608777,50,,,1,102,,1608778,50,,,1,100,,1608779,50,,,1,100,,1608780,50,,,1
8401,'20261009',635,,1608781,50,,,1,67,,1608782,50,,,1,30,,1608783,50,,,1,69,,1608784,50,,,1,32,,1608785,50,,,1,71,,1608786,50,,,1,31,,1608787,50,,,1,99,,1608788,50,,,1,100,,1608789,50,,,1,99,,1608790,50,,,1,102,,1608791,50,,,1,99,,1608792,50,,,1,98,,1608793,50,,,1,97,,1608794,50,,,1,104,,1608795,50,,,1,103,,1608796,50,,,1,99,,1608797,50,,,1,100,,1608798,50,,,1,102,,1608799,50,,,1,100,,1608800,50,,,1,100,,1608801,50,,,1
8401,'20261010',637,,1550844,50,,,1,99,,1550859,50,,,1,99,,1550845,50,,,1,100,,1550858,50,,,1,100,,1550846,50,,,1,100,,1550853,50,,,1,100,,1550854,50,,,1,99,,1550855,50,,,1,100,,1550856,50,,,1,99,,1550857,50,,,1,102,,1550848,50,,,1,101,,1550847,50,,,1,100,,1550849,50,,,1,100,,1550852,50,,,1,100,,1550851,50,,,1,100,,1550850,50,,,1,102,,1550860,50,,,1,100,,1550861,50,,,1
8401,'20261011',637,,1550874,50,,,1,99,,1550878,50,,,1,99,,1550877,50,,,1,100,,1550875,50,,,1,100,,1550862,50,,,1,100,,1550868,50,,,1,100,,1550863,50,,,1,99,,1550869,50,,,1,100,,1550864,50,,,1,99,,1550870,50,,,1,102,,1550865,50,,,1,101,,1550871,50,,,1,100,,1550866,50,,,1,100,,1550872,50,,,1,100,,1550867,50,,,1,100,,1550873,50,,,1,102,,1550876,50,,,1,100,,1550879,50,,,1
8401,'20261012',637,,1550892,50,,,1,99,,1550896,50,,,1,99,,1550895,50,,,1,100,,1550893,50,,,1,100,,1550880,50,,,1,100,,1550886,50,,,1,100,,1550881,50,,,1,99,,1550887,50,,,1,100,,1550882,50,,,1,99,,1550888,50,,,1,102,,1550883,50,,,1,101,,1550889,50,,,1,100,,1550884,50,,,1,100,,1550890,50,,,1,100,,1550885,50,,,1,100,,1550891,50,,,1,102,,1550894,50,,,1,100,,1550897,50,,,1
8401,'20261013',635,,1577064,50,,,1,67,,1577083,50,,,1,30,,1577065,50,,,1,69,,1577084,50,,,1,32,,1577066,50,,,1,71,,1577081,50,,,1,31,,1577067,50,,,1,99,,1577068,50,,,1,100,,1577069,50,,,1,99,,1577070,50,,,1,102,,1577071,50,,,1,99,,1577072,50,,,1,98,,1577073,50,,,1,97,,1577074,50,,,1,104,,1577075,50,,,1,103,,1577076,50,,,1,99,,1577077,50,,,1,100,,1577078,50,,,1,102,,1577079,50,,,1,100,,1577080,50,,,1,100,,1577082,50,,,1
8401,'20261014',635,,1577085,50,,,1,67,,1577104,50,,,1,30,,1577086,50,,,1,69,,1577105,50,,,1,32,,1577087,50,,,1,71,,1577102,50,,,1,31,,1577088,50,,,1,99,,1577089,50,,,1,100,,1577090,50,,,1,99,,1577091,50,,,1,102,,1577092,50,,,1,99,,1577093,50,,,1,98,,1577094,50,,,1,97,,1577095,50,,,1,104,,1577096,50,,,1,103,,1577097,50,,,1,99,,1577098,50,,,1,100,,1577099,50,,,1,102,,1577100,50,,,1,100,,1577101,50,,,1,100,,1577103,50,,,1
8401,'20261015',635,,1577106,50,,,1,67,,1577125,50,,,1,30,,1577107,50,,,1,69,,1577126,50,,,1,32,,1577108,50,,,1,71,,1577123,50,,,1,31,,1577109,50,,,1,99,,1577110,50,,,1,100,,1577111,50,,,1,99,,1577112,50,,,1,102,,1577113,50,,,1,99,,1577114,50,,,1,98,,1577115,50,,,1,97,,1577116,50,,,1,104,,1577117,50,,,1,103,,1577118,50,,,1,99,,1577119,50,,,1,100,,1577120,50,,,1,102,,1577121,50,,,1,100,,1577122,50,,,1,100,,1577124,50,,,1
8401,'20261016',635,,1577127,50,,,1,67,,1577146,50,,,1,30,,1577128,50,,,1,69,,1577147,50,,,1,32,,1577129,50,,,1,71,,1577144,50,,,1,31,,1577130,50,,,1,99,,1577131,50,,,1,100,,1577132,50,,,1,99,,1577133,50,,,1,102,,1577134,50,,,1,99,,1577135,50,,,1,98,,1577136,50,,,1,97,,1577137,50,,,1,104,,1577138,50,,,1,103,,1577139,50,,,1,99,,1577140,50,,,1,100,,1577141,50,,,1,102,,1577142,50,,,1,100,,1577143,50,,,1,100,,1577145,50,,,1
8401,'20261017',637,,1608802,50,,,1,99,,1608817,50,,,1,99,,1608803,50,,,1,100,,1608816,50,,,1,100,,1608804,50,,,1,100,,1608811,50,,,1,100,,1608812,50,,,1,99,,1608813,50,,,1,100,,1608814,50,,,1,99,,1608815,50,,,1,102,,1608806,50,,,1,101,,1608805,50,,,1,100,,1608807,50,,,1,100,,1608810,50,,,1,100,,1608809,50,,,1,100,,1608808,50,,,1,102,,1608818,50,,,1,100,,1608819,50,,,1
8401,'20261018',637,,1608832,50,,,1,99,,1608836,50,,,1,99,,1608835,50,,,1,100,,1608833,50,,,1,100,,1608820,50,,,1,100,,1608826,50,,,1,100,,1608821,50,,,1,99,,1608827,50,,,1,100,,1608822,50,,,1,99,,1608828,50,,,1,102,,1608823,50,,,1,101,,1608829,50,,,1,100,,1608824,50,,,1,100,,1608830,50,,,1,100,,1608825,50,,,1,100,,1608831,50,,,1,102,,1608834,50,,,1,100,,1608837,50,,,1
8401,'20261019',635,,1608838,50,,,1,67,,1608857,50,,,1,30,,1608839,50,,,1,69,,1608858,50,,,1,32,,1608840,50,,,1,71,,1608855,50,,,1,31,,1608841,50,,,1,99,,1608842,50,,,1,100,,1608843,50,,,1,99,,1608844,50,,,1,102,,1608845,50,,,1,99,,1608846,50,,,1,98,,1608847,50,,,1,97,,1608848,50,,,1,104,,1608849,50,,,1,103,,1608850,50,,,1,99,,1608851,50,,,1,100,,1608852,50,,,1,102,,1608853,50,,,1,100,,1608854,50,,,1,100,,1608856,50,,,1
8401,'20261020',635,,1608859,50,,,1,67,,1608878,50,,,1,30,,1608860,50,,,1,69,,1608879,50,,,1,32,,1608861,50,,,1,71,,1608876,50,,,1,31,,1608862,50,,,1,99,,1608863,50,,,1,100,,1608864,50,,,1,99,,1608865,50,,,1,102,,1608866,50,,,1,99,,1608867,50,,,1,98,,1608868,50,,,1,97,,1608869,50,,,1,104,,1608870,50,,,1,103,,1608871,50,,,1,99,,1608872,50,,,1,100,,1608873,50,,,1,102,,1608874,50,,,1,100,,1608875,50,,,1,100,,1608877,50,,,1
