301,'20260929',555,,1541096,6,,,0,70,,1541097,6,,,0,28,,1541098,6,,,0,67,,1541099,6,,,0,30,,1541100,6,,,0,72,,1541101,6,,,0,31,,1541102,6,,,0,100,,1541103,6,,,0,100,,1541104,6,,,0,100,,1541105,6,,,0,100,,1541106,6,,,0,100,,1541107,6,,,0,100,,1541108,6,,,0,99,,1541109,6,,,0,99,,1541110,6,,,0,102,,1541111,6,,,0,100,,1541112,6,,,0,100,,1541113,6,,,0,101,,1541114,6,,,0,100,,1541115,6,,,0,100,,1541116,6,,,0
301,'20260930',555,,1541140,6,,,0,70,,1541141,6,,,0,28,,1541142,6,,,0,67,,1541143,6,,,0,30,,1541144,6,,,0,72,,1541145,6,,,0,31,,1541146,6,,,0,100,,1541147,6,,,0,100,,1541148,6,,,0,100,,1541149,6,,,0,100,,1541150,6,,,0,100,,1541151,6,,,0,100,,1541152,6,,,0,99,,1541153,6,,,0,99,,1541154,6,,,0,102,,1541155,6,,,0,100,,1541156,6,,,0,100,,1541157,6,,,0,101,,1541158,6,,,0,100,,1541159,6,,,0,100,,1541160,6,,,0
301,'20261001',555,,1541184,6,,,0,70,,1541185,6,,,0,28,,1541186,6,,,0,67,,1541187,6,,,0,30,,1541188,6,,,0,72,,1541189,6,,,0,31,,1541190,6,,,0,100,,1541191,6,,,0,100,,1541192,6,,,0,100,,1541193,6,,,0,100,,1541194,6,,,0,100,,1541195,6,,,0,100,,1541196,6,,,0,99,,1541197,6,,,0,99,,1541198,6,,,0,102,,1541199,6,,,0,100,,1541200,6,,,0,100,,1541201,6,,,0,101,,1541202,6,,,0,100,,1541203,6,,,0,100,,1541204,6,,,0
301,'20261002',555,,1463545,6,,,0,70,,1463546,6,,,0,28,,1463547,6,,,0,67,,1463548,6,,,0,30,,1463549,6,,,0,72,,1463550,6,,,0,31,,1463551,6,,,0,100,,1463552,6,,,0,100,,1463553,6,,,0,100,,1463554,6,,,0,100,,1463555,6,,,0,100,,1463556,6,,,0,100,,1463557,6,,,0,99,,1463558,6,,,0,99,,1463559,6,,,0,102,,1463560,6,,,0,100,,1463561,6,,,0,100,,1463562,6,,,0,101,,1463563,6,,,0,100,,1463564,6,,,0,100,,1463565,6,,,0
301,'20261003',654,,1486523,6,,,0,100,,1486524,6,,,0,100,,1486525,6,,,0,100,,1486526,6,,,0,100,,1486527,6,,,0,99,,1486528,6,,,0,100,,1486529,6,,,0,100,,1486530,6,,,0,100,,1486531,6,,,0,100,,1486532,6,,,0,100,,1486533,6,,,0,101,,1486534,6,,,0,100,,1486535,6,,,0,100,,1486536,6,,,0,100,,1486537,6,,,0,100,,1486538,6,,,0,100,,1486539,6,,,0,100,,1486540,6,,,0
301,'20261004',654,,1486562,6,,,0,100,,1486563,6,,,0,100,,1486564,6,,,0,100,,1486565,6,,,0,100,,1486566,6,,,0,99,,1486567,6,,,0,100,,1486568,6,,,0,100,,1486569,6,,,0,100,,1486570,6,,,0,100,,1486571,6,,,0,100,,1486572,6,,,0,101,,1486573,6,,,0,100,,1486574,6,,,0,100,,1486575,6,,,0,100,,1486576,6,,,0,100,,1486577,6,,,0,100,,1486578,6,,,0,100,,1486579,6,,,0
301,'20261005',555,,1486601,6,,,0,70,,1486602,6,,,0,28,,1486603,6,,,0,67,,1486604,6,,,0,30,,1486605,6,,,0,72,,1486606,6,,,0,31,,1486607,6,,,0,100,,1486608,6,,,0,100,,1486609,6,,,0,100,,1486610,6,,,0,100,,1486611,6,,,0,100,,1486612,6,,,0,100,,1486613,6,,,0,99,,1486614,6,,,0,99,,1486615,6,,,0,102,,1486616,6,,,0,100,,1486617,6,,,0,100,,1486618,6,,,0,101,,1486619,6,,,0,100,,1486620,6,,,0,100,,1486621,6,,,0
301,'20261006',555,,1509801,6,,,0,70,,1509802,6,,,0,28,,1509803,6,,,0,67,,1509804,6,,,0,30,,1509805,6,,,0,72,,1509806,6,,,0,31,,1509807,6,,,0,100,,1509808,6,,,0,100,,1509809,6,,,0,100,,1509810,6,,,0,100,,1509811,6,,,0,100,,1509812,6,,,0,100,,1509813,6,,,0,99,,1509814,6,,,0,99,,1509815,6,,,0,102,,1509816,6,,,0,100,,1509817,6,,,0,100,,1509818,6,,,0,101,,1509819,6,,,0,100,,1509820,6,,,0,100,,1509821,6,,,0
301,'20261007',555,,1509845,6,,,0,70,,1509846,6,,,0,28,,1509847,6,,,0,67,,1509848,6,,,0,30,,1509849,6,,,0,72,,1509850,6,,,0,31,,1509851,6,,,0,100,,1509852,6,,,0,100,,1509853,6,,,0,100,,1509854,6,,,0,100,,1509855,6,,,0,100,,1509856,6,,,0,100,,1509857,6,,,0,99,,1509858,6,,,0,99,,1509859,6,,,0,102,,1509860,6,,,0,100,,1509861,6,,,0,100,,1509862,6,,,0,101,,1509863,6,,,0,100,,1509864,6,,,0,100,,1509865,6,,,0
301,'20261008',555,,1509889,6,,,0,70,,1509890,6,,,0,28,,1509891,6,,,0,67,,1509892,6,,,0,30,,1509893,6,,,0,72,,1509894,6,,,0,31,,1509895,6,,,0,100,,1509896,6,,,0,100,,1509897,6,,,0,100,,1509898,6,,,0,100,,1509899,6,,,0,100,,1509900,6,,,0,100,,1509901,6,,,0,99,,1509902,6,,,0,99,,1509903,6,,,0,102,,1509904,6,,,0,100,,1509905,6,,,0,100,,1509906,6,,,0,101,,1509907,6,,,0,100,,1509908,6,,,0,100,,1509909,6,,,0
301,'20261009',555,,1509933,6,,,0,70,,1509934,6,,,0,28,,1509935,6,,,0,67,,1509936,6,,,0,30,,1509937,6,,,0,72,,1509938,6,,,0,31,,1509939,6,,,0,100,,1509940,6,,,0,100,,1509941,6,,,0,100,,1509942,6,,,0,100,,1509943,6,,,0,100,,1509944,6,,,0,100,,1509945,6,,,0,99,,1509946,6,,,0,99,,1509947,6,,,0,102,,1509948,6,,,0,100,,1509949,6,,,0,100,,1509950,6,,,0,101,,1509951,6,,,0,100,,1509952,6,,,0,100,,1509953,6,,,0
301,'20261010',654,,1541205,6,,,0,100,,1541206,6,,,0,100,,1541207,6,,,0,100,,1541208,6,,,0,100,,1541209,6,,,0,99,,1541210,6,,,0,100,,1541211,6,,,0,100,,1541212,6,,,0,100,,1541213,6,,,0,100,,1541214,6,,,0,100,,1541215,6,,,0,101,,1541216,6,,,0,100,,1541217,6,,,0,100,,1541218,6,,,0,100,,1541219,6,,,0,100,,1541220,6,,,0,100,,1541221,6,,,0,100,,1541222,6,,,0
301,'20261011',654,,1541244,6,,,0,100,,1541245,6,,,0,100,,1541246,6,,,0,100,,1541247,6,,,0,100,,1541248,6,,,0,99,,1541249,6,,,0,100,,1541250,6,,,0,100,,1541251,6,,,0,100,,1541252,6,,,0,100,,1541253,6,,,0,100,,1541254,6,,,0,101,,1541255,6,,,0,100,,1541256,6,,,0,100,,1541257,6,,,0,100,,1541258,6,,,0,100,,1541259,6,,,0,100,,1541260,6,,,0,100,,1541261,6,,,0
301,'20261012',654,,1541283,6,,,0,100,,1541284,6,,,0,100,,1541285,6,,,0,100,,1541286,6,,,0,100,,1541287,6,,,0,99,,1541288,6,,,0,100,,1541289,6,,,0,100,,1541290,6,,,0,100,,1541291,6,,,0,100,,1541292,6,,,0,100,,1541293,6,,,0,101,,1541294,6,,,0,100,,1541295,6,,,0,100,,1541296,6,,,0,100,,1541297,6,,,0,100,,1541298,6,,,0,100,,1541299,6,,,0,100,,1541300,6,,,0
23701,'20260929',620,,1552745,18,,,0,15,,1552746,18,,,0,66,,1552747,18,,,0,21,,1552748,18,,,0,21,,1552749,18,,,0,69,,1552750,18,,,0
23701,'20260930',620,,1552751,18,,,0,15,,1552752,18,,,0,66,,1552753,18,,,0,21,,1552754,18,,,0,21,,1552755,18,,,0,69,,1552756,18,,,0
23701,'20261001',620,,1552757,18,,,0,15,,1552758,18,,,0,66,,1552759,18,,,0,21,,1552760,18,,,0,21,,1552761,18,,,0,69,,1552762,18,,,0
23701,'20261002',620,,1475741,18,,,0,15,,1475742,18,,,0,66,,1475743,18,,,0,21,,1475744,18,,,0,21,,1475745,18,,,0,69,,1475746,18,,,0
23701,'20261005',620,,1498776,18,,,0,15,,1498777,18,,,0,66,,1498778,18,,,0,21,,1498779,18,,,0,21,,1498780,18,,,0,69,,1498781,18,,,0
23701,'20261006',620,,1526665,18,,,0,15,,1526666,18,,,0,66,,1526667,18,,,0,21,,1526668,18,,,0,21,,1526669,18,,,0,69,,1526670,18,,,0
23701,'20261007',620,,1526671,18,,,0,15,,1526672,18,,,0,66,,1526673,18,,,0,21,,1526674,18,,,0,21,,1526675,18,,,0,69,,1526676,18,,,0
23701,'20261008',620,,1526677,18,,,0,15,,1526678,18,,,0,66,,1526679,18,,,0,21,,1526680,18,,,0,21,,1526681,18,,,0,69,,1526682,18,,,0
23701,'20261009',620,,1526683,18,,,0,15,,1526684,18,,,0,66,,1526685,18,,,0,21,,1526686,18,,,0,21,,1526687,18,,,0,69,,1526688,18,,,0
33701,'20260929',641,,1553519,18,,,0,8,,1553520,18,,,0,51,,1553521,18,,,0,31,,1553522,18,,,0,72,,1553523,18,,,0,106,,1553524,18,,,0,202,,1553525,18,,,0
33701,'20260930',641,,1553526,18,,,0,8,,1553527,18,,,0,51,,1553528,18,,,0,31,,1553529,18,,,0,72,,1553530,18,,,0,106,,1553531,18,,,0,202,,1553532,18,,,0
33701,'20261001',641,,1553533,18,,,0,8,,1553534,18,,,0,51,,1553535,18,,,0,31,,1553536,18,,,0,72,,1553537,18,,,0,106,,1553538,18,,,0,202,,1553539,18,,,0
33701,'20261002',641,,1476766,18,,,0,8,,1476770,18,,,0,51,,1476767,18,,,0,31,,1476771,18,,,0,72,,1476772,18,,,0,106,,1476768,18,,,0,202,,1476769,18,,,0
33701,'20261005',641,,1499805,18,,,0,8,,1499809,18,,,0,51,,1499806,18,,,0,31,,1499810,18,,,0,72,,1499811,18,,,0,106,,1499807,18,,,0,202,,1499808,18,,,0
33701,'20261006',641,,1528201,18,,,0,8,,1528205,18,,,0,51,,1528202,18,,,0,31,,1528206,18,,,0,72,,1528207,18,,,0,106,,1528203,18,,,0,202,,1528204,18,,,0
33701,'20261007',641,,1528208,18,,,0,8,,1528212,18,,,0,51,,1528209,18,,,0,31,,1528213,18,,,0,72,,1528214,18,,,0,106,,1528210,18,,,0,202,,1528211,18,,,0
33701,'20261008',641,,1528215,18,,,0,8,,1528219,18,,,0,51,,1528216,18,,,0,31,,1528220,18,,,0,72,,1528221,18,,,0,106,,1528217,18,,,0,202,,1528218,18,,,0
33701,'20261009',641,,1528222,18,,,0,8,,1528226,18,,,0,51,,1528223,18,,,0,31,,1528227,18,,,0,72,,1528228,18,,,0,106,,1528224,18,,,0,202,,1528225,18,,,0
53701,'20260929',657,,1553943,18,,,0,73,,1553944,18,,,0
53701,'20260930',657,,1553945,18,,,0,73,,1553946,18,,,0
53701,'20261001',657,,1553947,18,,,0,73,,1553948,18,,,0
53701,'20261002',657,,1477373,18,,,0,73,,1477374,18,,,0
53701,'20261005',657,,1500346,18,,,0,73,,1500347,18,,,0
53701,'20261006',657,,1529022,18,,,0,73,,1529023,18,,,0
53701,'20261007',657,,1529024,18,,,0,73,,1529025,18,,,0
53701,'20261008',657,,1529026,18,,,0,73,,1529027,18,,,0
53701,'20261009',657,,1529028,18,,,0,73,,1529029,18,,,0
1008201,'20260929',1616,,1561883,24,,,0
1008201,'20260930',1616,,1561884,24,,,0
1008201,'20261001',1616,,1561885,24,,,0
1008201,'20261002',1616,,1485633,24,,,0
1008201,'20261005',1616,,1508588,24,,,0
1008201,'20261006',1616,,1540283,24,,,0
1008201,'20261007',1616,,1540284,24,,,0
1008201,'20261008',1616,,1540285,24,,,0
1008201,'20261009',1616,,1540286,24,,,0
