27401,'20261009',637,,1612401,17,,,0,21,,1612402,17,,,0,66,,1612403,17,,,0,7,,1612404,17,,,0,76,,1612405,17,,,0
27401,'20261013',637,,1580649,17,,,0,21,,1580650,17,,,0,66,,1580651,17,,,0,7,,1580653,17,,,0,76,,1580652,17,,,0
27401,'20261014',637,,1580654,17,,,0,21,,1580655,17,,,0,66,,1580656,17,,,0,7,,1580658,17,,,0,76,,1580657,17,,,0
27401,'20261015',637,,1580659,17,,,0,21,,1580660,17,,,0,66,,1580661,17,,,0,7,,1580663,17,,,0,76,,1580662,17,,,0
27401,'20261016',637,,1580664,17,,,0,21,,1580665,17,,,0,66,,1580666,17,,,0,7,,1580668,17,,,0,76,,1580667,17,,,0
27401,'20261019',637,,1612406,17,,,0,21,,1612407,17,,,0,66,,1612408,17,,,0,7,,1612410,17,,,0,76,,1612409,17,,,0
27401,'20261020',637,,1612411,17,,,0,21,,1612412,17,,,0,66,,1612413,17,,,0,7,,1612415,17,,,0,76,,1612414,17,,,0
27401,'20261021',637,,1638177,17,,,0,21,,1638178,17,,,0,66,,1638179,17,,,0,7,,1638181,17,,,0,76,,1638180,17,,,0
27401,'20261022',637,,1638182,17,,,0,21,,1638183,17,,,0,66,,1638184,17,,,0,7,,1638186,17,,,0,76,,1638185,17,,,0
27401,'20261023',637,,1638187,17,,,0,21,,1638188,17,,,0,66,,1638189,17,,,0,7,,1638191,17,,,0,76,,1638190,17,,,0
37401,'20261009',658,,1613633,17,,,0,85,,1613634,17,,,0,172,,1613635,17,,,0
37401,'20261013',658,,1581869,17,,,0,85,,1581870,17,,,0,172,,1581871,17,,,0
37401,'20261014',658,,1581872,17,,,0,85,,1581873,17,,,0,172,,1581874,17,,,0
37401,'20261015',658,,1581875,17,,,0,85,,1581876,17,,,0,172,,1581877,17,,,0
37401,'20261016',658,,1581878,17,,,0,85,,1581879,17,,,0,172,,1581880,17,,,0
37401,'20261019',658,,1613636,17,,,0,85,,1613637,17,,,0,172,,1613638,17,,,0
37401,'20261020',658,,1613639,17,,,0,85,,1613640,17,,,0,172,,1613641,17,,,0
37401,'20261021',658,,1638786,17,,,0,85,,1638787,17,,,0,172,,1638788,17,,,0
37401,'20261022',658,,1638789,17,,,0,85,,1638790,17,,,0,172,,1638791,17,,,0
37401,'20261023',658,,1638792,17,,,0,85,,1638793,17,,,0,172,,1638794,17,,,0
57401,'20261009',629,,1614373,17,,,0,23,,1614374,17,,,0,77,,1614375,17,,,0
57401,'20261013',629,,1582613,17,,,0,23,,1582614,17,,,0,77,,1582612,17,,,0
57401,'20261014',629,,1582616,17,,,0,23,,1582617,17,,,0,77,,1582615,17,,,0
57401,'20261015',629,,1582619,17,,,0,23,,1582620,17,,,0,77,,1582618,17,,,0
57401,'20261016',629,,1582622,17,,,0,23,,1582623,17,,,0,77,,1582621,17,,,0
57401,'20261019',629,,1614377,17,,,0,23,,1614378,17,,,0,77,,1614376,17,,,0
57401,'20261020',629,,1614380,17,,,0,23,,1614381,17,,,0,77,,1614379,17,,,0
57401,'20261021',629,,1639161,17,,,0,23,,1639162,17,,,0,77,,1639160,17,,,0
57401,'20261022',629,,1639164,17,,,0,23,,1639165,17,,,0,77,,1639163,17,,,0
57401,'20261023',629,,1639167,17,,,0,23,,1639168,17,,,0,77,,1639166,17,,,0
