5801,'20261009',616,,1603536,27,,,0,30,,1603537,27,,,0,68,,1603538,27,,,0,31,,1603539,27,,,0,71,,1603540,27,,,0,32,,1603541,27,,,0,69,,1603542,27,,,0,106,,1603543,27,,,0,101,,1603544,27,,,0,101,,1603545,27,,,0,100,,1603546,27,,,0,100,,1603547,27,,,0,99,,1603548,27,,,0,102,,1603557,14,,,0,2,,1603549,27,,,0,99,,1603550,27,,,0,100,,1603551,27,,,0,98,,1603552,27,,,0,100,,1603553,27,,,0,101,,1603554,27,,,0,98,,1603555,27,,,0,98,,1603556,27,,,0
5801,'20261010',715,,1632165,27,,,0,100,,1632166,27,,,0,100,,1632167,27,,,0,101,,1632168,27,,,0,99,,1632169,27,,,0,98,,1632170,27,,,0,104,,1632171,27,,,0,100,,1632172,27,,,0,104,,1632173,27,,,0,97,,1632174,27,,,0,103,,1632175,27,,,0,105,,1632176,27,,,0,94,,1632177,27,,,0,97,,1632178,27,,,0,98,,1632179,27,,,0,100,,1632180,27,,,0,100,,1632181,27,,,0
5801,'20261011',715,,1632182,27,,,0,100,,1632183,27,,,0,100,,1632184,27,,,0,101,,1632185,27,,,0,99,,1632186,27,,,0,98,,1632187,27,,,0,104,,1632188,27,,,0,100,,1632189,27,,,0,104,,1632190,27,,,0,97,,1632191,27,,,0,103,,1632192,27,,,0,105,,1632193,27,,,0,94,,1632194,27,,,0,97,,1632195,27,,,0,98,,1632196,27,,,0,100,,1632197,27,,,0,100,,1632198,27,,,0
5801,'20261012',715,,1632199,27,,,0,100,,1632200,27,,,0,100,,1632201,27,,,0,101,,1632202,27,,,0,99,,1632203,27,,,0,98,,1632204,27,,,0,104,,1632205,27,,,0,100,,1632206,27,,,0,104,,1632207,27,,,0,97,,1632208,27,,,0,103,,1632209,27,,,0,105,,1632210,27,,,0,94,,1632211,27,,,0,97,,1632212,27,,,0,98,,1632213,27,,,0,100,,1632214,27,,,0,100,,1632215,27,,,0
5801,'20261013',616,,1571847,27,,,0,30,,1571829,27,,,0,68,,1571830,27,,,0,31,,1571831,27,,,0,71,,1571832,27,,,0,32,,1571848,27,,,0,69,,1571842,27,,,0,106,,1571843,27,,,0,101,,1571833,27,,,0,101,,1571834,27,,,0,100,,1571844,27,,,0,100,,1571837,27,,,0,99,,1571845,27,,,0,104,,1571840,27,,,0,99,,1571835,27,,,0,100,,1571836,27,,,0,98,,1571838,27,,,0,100,,1571846,27,,,0,101,,1571841,27,,,0,98,,1571839,27,,,0,98,,1571849,27,,,0
5801,'20261014',616,,1571868,27,,,0,30,,1571850,27,,,0,68,,1571851,27,,,0,31,,1571852,27,,,0,71,,1571853,27,,,0,32,,1571869,27,,,0,69,,1571863,27,,,0,106,,1571864,27,,,0,101,,1571854,27,,,0,101,,1571855,27,,,0,100,,1571865,27,,,0,100,,1571858,27,,,0,99,,1571866,27,,,0,104,,1571861,27,,,0,99,,1571856,27,,,0,100,,1571857,27,,,0,98,,1571859,27,,,0,100,,1571867,27,,,0,101,,1571862,27,,,0,98,,1571860,27,,,0,98,,1571870,27,,,0
5801,'20261015',616,,1571889,27,,,0,30,,1571871,27,,,0,68,,1571872,27,,,0,31,,1571873,27,,,0,71,,1571874,27,,,0,32,,1571890,27,,,0,69,,1571884,27,,,0,106,,1571885,27,,,0,101,,1571875,27,,,0,101,,1571876,27,,,0,100,,1571886,27,,,0,100,,1571879,27,,,0,99,,1571887,27,,,0,104,,1571882,27,,,0,99,,1571877,27,,,0,100,,1571878,27,,,0,98,,1571880,27,,,0,100,,1571888,27,,,0,101,,1571883,27,,,0,98,,1571881,27,,,0,98,,1571891,27,,,0
5801,'20261016',616,,1571910,27,,,0,30,,1571892,27,,,0,68,,1571893,27,,,0,31,,1571894,27,,,0,71,,1571895,27,,,0,32,,1571911,27,,,0,69,,1571905,27,,,0,106,,1571906,27,,,0,101,,1571896,27,,,0,101,,1571897,27,,,0,100,,1571907,27,,,0,100,,1571900,27,,,0,99,,1571908,27,,,0,104,,1571903,27,,,0,99,,1571898,27,,,0,100,,1571899,27,,,0,98,,1571901,27,,,0,100,,1571909,27,,,0,101,,1571904,27,,,0,98,,1571902,27,,,0,98,,1571912,27,,,0
5801,'20261017',715,,1603558,27,,,0,100,,1603559,27,,,0,100,,1603566,27,,,0,101,,1603564,27,,,0,99,,1603567,27,,,0,98,,1603560,27,,,0,104,,1603561,27,,,0,100,,1603568,27,,,0,104,,1603565,27,,,0,97,,1603569,27,,,0,103,,1603570,27,,,0,105,,1603562,27,,,0,94,,1603563,27,,,0,97,,1603571,27,,,0,98,,1603572,27,,,0,100,,1603573,27,,,0,100,,1603574,27,,,0
5801,'20261018',715,,1603582,27,,,0,100,,1603579,27,,,0,100,,1603584,27,,,0,101,,1603581,27,,,0,99,,1603576,27,,,0,98,,1603580,27,,,0,104,,1603583,27,,,0,100,,1603589,27,,,0,104,,1603575,27,,,0,97,,1603590,27,,,0,103,,1603585,27,,,0,105,,1603578,27,,,0,94,,1603577,27,,,0,97,,1603591,27,,,0,98,,1603588,27,,,0,100,,1603586,27,,,0,100,,1603587,27,,,0
5801,'20261019',616,,1603610,27,,,0,30,,1603592,27,,,0,68,,1603593,27,,,0,31,,1603594,27,,,0,71,,1603595,27,,,0,32,,1603611,27,,,0,69,,1603605,27,,,0,106,,1603606,27,,,0,101,,1603596,27,,,0,101,,1603597,27,,,0,100,,1603607,27,,,0,100,,1603600,27,,,0,99,,1603608,27,,,0,104,,1603603,27,,,0,99,,1603598,27,,,0,100,,1603599,27,,,0,98,,1603601,27,,,0,100,,1603609,27,,,0,101,,1603604,27,,,0,98,,1603602,27,,,0,98,,1603612,27,,,0
5801,'20261020',616,,1603631,27,,,0,30,,1603613,27,,,0,68,,1603614,27,,,0,31,,1603615,27,,,0,71,,1603616,27,,,0,32,,1603632,27,,,0,69,,1603626,27,,,0,106,,1603627,27,,,0,101,,1603617,27,,,0,101,,1603618,27,,,0,100,,1603628,27,,,0,100,,1603621,27,,,0,99,,1603629,27,,,0,104,,1603624,27,,,0,99,,1603619,27,,,0,100,,1603620,27,,,0,98,,1603622,27,,,0,100,,1603630,27,,,0,101,,1603625,27,,,0,98,,1603623,27,,,0,98,,1603633,27,,,0
5801,'20261021',616,,1632234,27,,,0,30,,1632216,27,,,0,68,,1632217,27,,,0,31,,1632218,27,,,0,71,,1632219,27,,,0,32,,1632235,27,,,0,69,,1632229,27,,,0,106,,1632230,27,,,0,101,,1632220,27,,,0,101,,1632221,27,,,0,100,,1632231,27,,,0,100,,1632224,27,,,0,99,,1632232,27,,,0,104,,1632227,27,,,0,99,,1632222,27,,,0,100,,1632223,27,,,0,98,,1632225,27,,,0,100,,1632233,27,,,0,101,,1632228,27,,,0,98,,1632226,27,,,0,98,,1632236,27,,,0
5801,'20261022',616,,1632255,27,,,0,30,,1632237,27,,,0,68,,1632238,27,,,0,31,,1632239,27,,,0,71,,1632240,27,,,0,32,,1632256,27,,,0,69,,1632250,27,,,0,106,,1632251,27,,,0,101,,1632241,27,,,0,101,,1632242,27,,,0,100,,1632252,27,,,0,100,,1632245,27,,,0,99,,1632253,27,,,0,104,,1632248,27,,,0,99,,1632243,27,,,0,100,,1632244,27,,,0,98,,1632246,27,,,0,100,,1632254,27,,,0,101,,1632249,27,,,0,98,,1632247,27,,,0,98,,1632257,27,,,0
5801,'20261023',616,,1632276,27,,,0,30,,1632258,27,,,0,68,,1632259,27,,,0,31,,1632260,27,,,0,71,,1632261,27,,,0,32,,1632277,27,,,0,69,,1632271,27,,,0,106,,1632272,27,,,0,101,,1632262,27,,,0,101,,1632263,27,,,0,100,,1632273,27,,,0,100,,1632266,27,,,0,99,,1632274,27,,,0,104,,1632269,27,,,0,99,,1632264,27,,,0,100,,1632265,27,,,0,98,,1632267,27,,,0,100,,1632275,27,,,0,101,,1632270,27,,,0,98,,1632268,27,,,0,98,,1632278,27,,,0
25801,'20261009',647,,1612130,27,,,0,60,,1612131,27,,,0,30,,1612132,27,,,0,81,,1612133,27,,,0
25801,'20261013',647,,1580381,27,,,0,60,,1580382,27,,,0,30,,1580383,27,,,0,81,,1580384,27,,,0
25801,'20261014',647,,1580385,27,,,0,60,,1580386,27,,,0,30,,1580387,27,,,0,81,,1580388,27,,,0
25801,'20261015',647,,1580389,27,,,0,60,,1580390,27,,,0,30,,1580391,27,,,0,81,,1580392,27,,,0
25801,'20261016',647,,1580393,27,,,0,60,,1580394,27,,,0,30,,1580395,27,,,0,81,,1580396,27,,,0
25801,'20261019',647,,1612134,27,,,0,60,,1612135,27,,,0,30,,1612136,27,,,0,81,,1612137,27,,,0
25801,'20261020',647,,1612138,27,,,0,60,,1612139,27,,,0,30,,1612140,27,,,0,81,,1612141,27,,,0
25801,'20261021',647,,1638045,27,,,0,60,,1638046,27,,,0,30,,1638047,27,,,0,81,,1638048,27,,,0
25801,'20261022',647,,1638049,27,,,0,60,,1638050,27,,,0,30,,1638051,27,,,0,81,,1638052,27,,,0
25801,'20261023',647,,1638053,27,,,0,60,,1638054,27,,,0,30,,1638055,27,,,0,81,,1638056,27,,,0
35801,'20261009',657,,1613460,27,,,0,67,,1613461,27,,,0
35801,'20261013',657,,1581702,27,,,0,67,,1581703,27,,,0
35801,'20261014',657,,1581704,27,,,0,67,,1581705,27,,,0
35801,'20261015',657,,1581706,27,,,0,67,,1581707,27,,,0
35801,'20261016',657,,1581708,27,,,0,67,,1581709,27,,,0
35801,'20261019',657,,1613462,27,,,0,67,,1613463,27,,,0
35801,'20261020',657,,1613464,27,,,0,67,,1613465,27,,,0
35801,'20261021',657,,1638705,27,,,0,67,,1638706,27,,,0
35801,'20261022',657,,1638707,27,,,0,67,,1638708,27,,,0
35801,'20261023',657,,1638709,27,,,0,67,,1638710,27,,,0
55801,'20261009',652,,1614244,27,,,0,84,,1614245,27,,,0
55801,'20261013',652,,1582484,27,,,0,84,,1582485,27,,,0
55801,'20261014',652,,1582486,27,,,0,84,,1582487,27,,,0
55801,'20261015',652,,1582488,27,,,0,84,,1582489,27,,,0
55801,'20261016',652,,1582490,27,,,0,84,,1582491,27,,,0
55801,'20261019',652,,1614246,27,,,0,84,,1614247,27,,,0
55801,'20261020',652,,1614248,27,,,0,84,,1614249,27,,,0
55801,'20261021',652,,1639097,27,,,0,84,,1639098,27,,,0
55801,'20261022',652,,1639099,27,,,0,84,,1639100,27,,,0
55801,'20261023',652,,1639101,27,,,0,84,,1639102,27,,,0
