1102,'20261009',615,,1596463,13,,,1,16,,1596464,13,,,1,12,,1596465,13,,,1,8,,1596466,13,,,1,50,,1596467,13,,,1,12,,1596468,13,,,1,7,,1596461,13,,,1,2,,1596469,13,,,1,9,,1596462,13,,,1,2,,1596470,13,,,1,11,,1596471,13,,,1,57,,1596472,13,,,1,14,,1596473,13,,,1,15,,1596474,13,,,1,17,,1596475,13,,,1,71,,1596476,13,,,1,30,,1596477,13,,,1,69,,1596478,13,,,1,30,,1596479,13,,,1,70,,1596480,13,,,1,30,,1596481,13,,,1,71,,1596482,13,,,1,30,,1596483,13,,,1,70,,1596484,13,,,1,30,,1596485,13,,,1,69,,1596486,13,,,1,29,,1596487,13,,,1,54,,1596488,13,,,1,14,,1596489,13,,,1,15,,1596490,13,,,1,15,,1596491,13,,,1,56,,1596492,13,,,1,13,,1596493,13,,,1,17,,1596494,13,,,1,15,,1596495,13,,,1,71,,1596496,13,,,1,30,,1596497,13,,,1,71,,1596498,13,,,1,29,,1596499,13,,,1,69,,1596500,13,,,1,29,,1596501,13,,,1,100,,1596502,13,,,1,99,,1596503,13,,,1,100,,1596504,13,,,1,100,,1596505,13,,,1
1102,'20261010',546,,1627341,13,,,1,100,,1627342,13,,,1,100,,1627343,13,,,1,70,,1627344,13,,,1,30,,1627345,13,,,1,71,,1627346,13,,,1,30,,1627347,13,,,1,70,,1627348,13,,,1,30,,1627349,13,,,1,70,,1627350,13,,,1,30,,1627351,13,,,1,70,,1627352,13,,,1,28,,1627353,13,,,1,72,,1627354,13,,,1,28,,1627355,13,,,1,70,,1627356,13,,,1,29,,1627357,13,,,1,74,,1627358,13,,,1,27,,1627359,13,,,1,72,,1627360,13,,,1,30,,1627361,13,,,1,71,,1627362,13,,,1,30,,1627363,13,,,1,70,,1627364,13,,,1,30,,1627365,13,,,1,70,,1627366,13,,,1,29,,1627367,13,,,1,99,,1627368,13,,,1,101,,1627369,13,,,1,100,,1627370,13,,,1,100,,1627371,13,,,1
1102,'20261011',546,,1627372,13,,,1,100,,1627373,13,,,1,100,,1627374,13,,,1,70,,1627375,13,,,1,30,,1627376,13,,,1,71,,1627377,13,,,1,30,,1627378,13,,,1,70,,1627379,13,,,1,30,,1627380,13,,,1,70,,1627381,13,,,1,30,,1627382,13,,,1,70,,1627383,13,,,1,28,,1627384,13,,,1,72,,1627385,13,,,1,28,,1627386,13,,,1,70,,1627387,13,,,1,29,,1627388,13,,,1,74,,1627389,13,,,1,27,,1627390,13,,,1,72,,1627391,13,,,1,30,,1627392,13,,,1,71,,1627393,13,,,1,30,,1627394,13,,,1,70,,1627395,13,,,1,30,,1627396,13,,,1,70,,1627397,13,,,1,29,,1627398,13,,,1,99,,1627399,13,,,1,101,,1627400,13,,,1,100,,1627401,13,,,1,100,,1627402,13,,,1
1102,'20261012',546,,1627403,13,,,1,100,,1627404,13,,,1,100,,1627405,13,,,1,70,,1627406,13,,,1,30,,1627407,13,,,1,71,,1627408,13,,,1,30,,1627409,13,,,1,70,,1627410,13,,,1,30,,1627411,13,,,1,70,,1627412,13,,,1,30,,1627413,13,,,1,70,,1627414,13,,,1,28,,1627415,13,,,1,72,,1627416,13,,,1,28,,1627417,13,,,1,70,,1627418,13,,,1,29,,1627419,13,,,1,74,,1627420,13,,,1,27,,1627421,13,,,1,72,,1627422,13,,,1,30,,1627423,13,,,1,71,,1627424,13,,,1,30,,1627425,13,,,1,70,,1627426,13,,,1,30,,1627427,13,,,1,70,,1627428,13,,,1,29,,1627429,13,,,1,99,,1627430,13,,,1,101,,1627431,13,,,1,100,,1627432,13,,,1,100,,1627433,13,,,1
1102,'20261013',615,,1564782,13,,,1,16,,1564786,13,,,1,12,,1564791,13,,,1,8,,1564784,13,,,1,50,,1564780,13,,,1,12,,1564783,13,,,1,9,,1564778,13,,,1,11,,1564777,13,,,1,11,,1564779,13,,,1,57,,1564781,13,,,1,14,,1564792,13,,,1,15,,1564785,13,,,1,17,,1564787,13,,,1,71,,1564789,13,,,1,30,,1564788,13,,,1,69,,1564790,13,,,1,30,,1564812,13,,,1,70,,1564797,13,,,1,30,,1564809,13,,,1,71,,1564814,13,,,1,30,,1564796,13,,,1,70,,1564800,13,,,1,30,,1564810,13,,,1,69,,1564811,13,,,1,29,,1564803,13,,,1,54,,1564813,13,,,1,14,,1564806,13,,,1,15,,1564793,13,,,1,15,,1564815,13,,,1,56,,1564794,13,,,1,13,,1564798,13,,,1,17,,1564816,13,,,1,15,,1564795,13,,,1,71,,1564804,13,,,1,30,,1564808,13,,,1,71,,1564799,13,,,1,29,,1564818,13,,,1,69,,1564807,13,,,1,29,,1564801,13,,,1,100,,1564805,13,,,1,99,,1564817,13,,,1,100,,1564802,13,,,1,100,,1564819,13,,,1
1102,'20261014',615,,1564825,13,,,1,16,,1564829,13,,,1,12,,1564834,13,,,1,8,,1564827,13,,,1,50,,1564823,13,,,1,12,,1564826,13,,,1,9,,1564821,13,,,1,11,,1564820,13,,,1,11,,1564822,13,,,1,57,,1564824,13,,,1,14,,1564835,13,,,1,15,,1564828,13,,,1,17,,1564830,13,,,1,71,,1564832,13,,,1,30,,1564831,13,,,1,69,,1564833,13,,,1,30,,1564855,13,,,1,70,,1564840,13,,,1,30,,1564852,13,,,1,71,,1564857,13,,,1,30,,1564839,13,,,1,70,,1564843,13,,,1,30,,1564853,13,,,1,69,,1564854,13,,,1,29,,1564846,13,,,1,54,,1564856,13,,,1,14,,1564849,13,,,1,15,,1564836,13,,,1,15,,1564858,13,,,1,56,,1564837,13,,,1,13,,1564841,13,,,1,17,,1564859,13,,,1,15,,1564838,13,,,1,71,,1564847,13,,,1,30,,1564851,13,,,1,71,,1564842,13,,,1,29,,1564861,13,,,1,69,,1564850,13,,,1,29,,1564844,13,,,1,100,,1564848,13,,,1,99,,1564860,13,,,1,100,,1564845,13,,,1,100,,1564862,13,,,1
1102,'20261015',615,,1564868,13,,,1,16,,1564872,13,,,1,12,,1564877,13,,,1,8,,1564870,13,,,1,50,,1564866,13,,,1,12,,1564869,13,,,1,9,,1564864,13,,,1,11,,1564863,13,,,1,11,,1564865,13,,,1,57,,1564867,13,,,1,14,,1564878,13,,,1,15,,1564871,13,,,1,17,,1564873,13,,,1,71,,1564875,13,,,1,30,,1564874,13,,,1,69,,1564876,13,,,1,30,,1564898,13,,,1,70,,1564883,13,,,1,30,,1564895,13,,,1,71,,1564900,13,,,1,30,,1564882,13,,,1,70,,1564886,13,,,1,30,,1564896,13,,,1,69,,1564897,13,,,1,29,,1564889,13,,,1,54,,1564899,13,,,1,14,,1564892,13,,,1,15,,1564879,13,,,1,15,,1564901,13,,,1,56,,1564880,13,,,1,13,,1564884,13,,,1,17,,1564902,13,,,1,15,,1564881,13,,,1,71,,1564890,13,,,1,30,,1564894,13,,,1,71,,1564885,13,,,1,29,,1564904,13,,,1,69,,1564893,13,,,1,29,,1564887,13,,,1,100,,1564891,13,,,1,99,,1564903,13,,,1,100,,1564888,13,,,1,100,,1564905,13,,,1
1102,'20261016',615,,1564911,13,,,1,16,,1564915,13,,,1,12,,1564920,13,,,1,8,,1564913,13,,,1,50,,1564909,13,,,1,12,,1564912,13,,,1,9,,1564907,13,,,1,11,,1564906,13,,,1,11,,1564908,13,,,1,57,,1564910,13,,,1,14,,1564921,13,,,1,15,,1564914,13,,,1,17,,1564916,13,,,1,71,,1564918,13,,,1,30,,1564917,13,,,1,69,,1564919,13,,,1,30,,1564941,13,,,1,70,,1564926,13,,,1,30,,1564938,13,,,1,71,,1564943,13,,,1,30,,1564925,13,,,1,70,,1564929,13,,,1,30,,1564939,13,,,1,69,,1564940,13,,,1,29,,1564932,13,,,1,54,,1564942,13,,,1,14,,1564935,13,,,1,15,,1564922,13,,,1,15,,1564944,13,,,1,56,,1564923,13,,,1,13,,1564927,13,,,1,17,,1564945,13,,,1,15,,1564924,13,,,1,71,,1564933,13,,,1,30,,1564937,13,,,1,71,,1564928,13,,,1,29,,1564947,13,,,1,69,,1564936,13,,,1,29,,1564930,13,,,1,100,,1564934,13,,,1,99,,1564946,13,,,1,100,,1564931,13,,,1,100,,1564948,13,,,1
1102,'20261017',546,,1596507,13,,,1,100,,1596508,13,,,1,100,,1596509,13,,,1,70,,1596510,13,,,1,30,,1596511,13,,,1,71,,1596512,13,,,1,30,,1596513,13,,,1,70,,1596514,13,,,1,30,,1596515,13,,,1,70,,1596516,13,,,1,30,,1596517,13,,,1,70,,1596518,13,,,1,28,,1596519,13,,,1,72,,1596520,13,,,1,28,,1596521,13,,,1,70,,1596522,13,,,1,29,,1596523,13,,,1,74,,1596524,13,,,1,27,,1596525,13,,,1,72,,1596526,13,,,1,30,,1596527,13,,,1,71,,1596528,13,,,1,30,,1596529,13,,,1,70,,1596535,13,,,1,30,,1596530,13,,,1,70,,1596534,13,,,1,29,,1596531,13,,,1,99,,1596532,13,,,1,101,,1596533,13,,,1,100,,1596506,13,,,1,100,,1596536,13,,,1
1102,'20261018',546,,1596538,13,,,1,100,,1596539,13,,,1,100,,1596540,13,,,1,70,,1596541,13,,,1,30,,1596542,13,,,1,71,,1596543,13,,,1,30,,1596544,13,,,1,70,,1596545,13,,,1,30,,1596546,13,,,1,70,,1596547,13,,,1,30,,1596548,13,,,1,70,,1596549,13,,,1,28,,1596550,13,,,1,72,,1596551,13,,,1,28,,1596552,13,,,1,70,,1596553,13,,,1,29,,1596554,13,,,1,74,,1596555,13,,,1,27,,1596556,13,,,1,72,,1596557,13,,,1,30,,1596558,13,,,1,71,,1596559,13,,,1,30,,1596560,13,,,1,70,,1596561,13,,,1,30,,1596563,13,,,1,70,,1596562,13,,,1,29,,1596564,13,,,1,99,,1596565,13,,,1,101,,1596566,13,,,1,100,,1596567,13,,,1,100,,1596537,13,,,1
1102,'20261019',615,,1596573,13,,,1,16,,1596577,13,,,1,12,,1596582,13,,,1,8,,1596575,13,,,1,50,,1596571,13,,,1,12,,1596574,13,,,1,9,,1596569,13,,,1,11,,1596568,13,,,1,11,,1596570,13,,,1,57,,1596572,13,,,1,14,,1596583,13,,,1,15,,1596576,13,,,1,17,,1596578,13,,,1,71,,1596580,13,,,1,30,,1596579,13,,,1,69,,1596581,13,,,1,30,,1596603,13,,,1,70,,1596588,13,,,1,30,,1596600,13,,,1,71,,1596605,13,,,1,30,,1596587,13,,,1,70,,1596591,13,,,1,30,,1596601,13,,,1,69,,1596602,13,,,1,29,,1596594,13,,,1,54,,1596604,13,,,1,14,,1596597,13,,,1,15,,1596584,13,,,1,15,,1596606,13,,,1,56,,1596585,13,,,1,13,,1596589,13,,,1,17,,1596607,13,,,1,15,,1596586,13,,,1,71,,1596595,13,,,1,30,,1596599,13,,,1,71,,1596590,13,,,1,29,,1596609,13,,,1,69,,1596598,13,,,1,29,,1596592,13,,,1,100,,1596596,13,,,1,99,,1596608,13,,,1,100,,1596593,13,,,1,100,,1596610,13,,,1
1102,'20261020',615,,1596616,13,,,1,16,,1596620,13,,,1,12,,1596625,13,,,1,8,,1596618,13,,,1,50,,1596614,13,,,1,12,,1596617,13,,,1,9,,1596612,13,,,1,11,,1596611,13,,,1,11,,1596613,13,,,1,57,,1596615,13,,,1,14,,1596626,13,,,1,15,,1596619,13,,,1,17,,1596621,13,,,1,71,,1596623,13,,,1,30,,1596622,13,,,1,69,,1596624,13,,,1,30,,1596646,13,,,1,70,,1596631,13,,,1,30,,1596643,13,,,1,71,,1596648,13,,,1,30,,1596630,13,,,1,70,,1596634,13,,,1,30,,1596644,13,,,1,69,,1596645,13,,,1,29,,1596637,13,,,1,54,,1596647,13,,,1,14,,1596640,13,,,1,15,,1596627,13,,,1,15,,1596649,13,,,1,56,,1596628,13,,,1,13,,1596632,13,,,1,17,,1596650,13,,,1,15,,1596629,13,,,1,71,,1596638,13,,,1,30,,1596642,13,,,1,71,,1596633,13,,,1,29,,1596652,13,,,1,69,,1596641,13,,,1,29,,1596635,13,,,1,100,,1596639,13,,,1,99,,1596651,13,,,1,100,,1596636,13,,,1,100,,1596653,13,,,1
1102,'20261021',615,,1627439,13,,,1,16,,1627443,13,,,1,12,,1627448,13,,,1,8,,1627441,13,,,1,50,,1627437,13,,,1,12,,1627440,13,,,1,9,,1627435,13,,,1,11,,1627434,13,,,1,11,,1627436,13,,,1,57,,1627438,13,,,1,14,,1627449,13,,,1,15,,1627442,13,,,1,17,,1627444,13,,,1,71,,1627446,13,,,1,30,,1627445,13,,,1,69,,1627447,13,,,1,30,,1627469,13,,,1,70,,1627454,13,,,1,30,,1627466,13,,,1,71,,1627471,13,,,1,30,,1627453,13,,,1,70,,1627457,13,,,1,30,,1627467,13,,,1,69,,1627468,13,,,1,29,,1627460,13,,,1,54,,1627470,13,,,1,14,,1627463,13,,,1,15,,1627450,13,,,1,15,,1627472,13,,,1,56,,1627451,13,,,1,13,,1627455,13,,,1,17,,1627473,13,,,1,15,,1627452,13,,,1,71,,1627461,13,,,1,30,,1627465,13,,,1,71,,1627456,13,,,1,29,,1627475,13,,,1,69,,1627464,13,,,1,29,,1627458,13,,,1,100,,1627462,13,,,1,99,,1627474,13,,,1,100,,1627459,13,,,1,100,,1627476,13,,,1
1102,'20261022',615,,1627482,13,,,1,16,,1627486,13,,,1,12,,1627491,13,,,1,8,,1627484,13,,,1,50,,1627480,13,,,1,12,,1627483,13,,,1,9,,1627478,13,,,1,11,,1627477,13,,,1,11,,1627479,13,,,1,57,,1627481,13,,,1,14,,1627492,13,,,1,15,,1627485,13,,,1,17,,1627487,13,,,1,71,,1627489,13,,,1,30,,1627488,13,,,1,69,,1627490,13,,,1,30,,1627512,13,,,1,70,,1627497,13,,,1,30,,1627509,13,,,1,71,,1627514,13,,,1,30,,1627496,13,,,1,70,,1627500,13,,,1,30,,1627510,13,,,1,69,,1627511,13,,,1,29,,1627503,13,,,1,54,,1627513,13,,,1,14,,1627506,13,,,1,15,,1627493,13,,,1,15,,1627515,13,,,1,56,,1627494,13,,,1,13,,1627498,13,,,1,17,,1627516,13,,,1,15,,1627495,13,,,1,71,,1627504,13,,,1,30,,1627508,13,,,1,71,,1627499,13,,,1,29,,1627518,13,,,1,69,,1627507,13,,,1,29,,1627501,13,,,1,100,,1627505,13,,,1,99,,1627517,13,,,1,100,,1627502,13,,,1,100,,1627519,13,,,1
1102,'20261023',615,,1627525,13,,,1,16,,1627529,13,,,1,12,,1627534,13,,,1,8,,1627527,13,,,1,50,,1627523,13,,,1,12,,1627526,13,,,1,9,,1627521,13,,,1,11,,1627520,13,,,1,11,,1627522,13,,,1,57,,1627524,13,,,1,14,,1627535,13,,,1,15,,1627528,13,,,1,17,,1627530,13,,,1,71,,1627532,13,,,1,30,,1627531,13,,,1,69,,1627533,13,,,1,30,,1627555,13,,,1,70,,1627540,13,,,1,30,,1627552,13,,,1,71,,1627557,13,,,1,30,,1627539,13,,,1,70,,1627543,13,,,1,30,,1627553,13,,,1,69,,1627554,13,,,1,29,,1627546,13,,,1,54,,1627556,13,,,1,14,,1627549,13,,,1,15,,1627536,13,,,1,15,,1627558,13,,,1,56,,1627537,13,,,1,13,,1627541,13,,,1,17,,1627559,13,,,1,15,,1627538,13,,,1,71,,1627547,13,,,1,30,,1627551,13,,,1,71,,1627542,13,,,1,29,,1627561,13,,,1,69,,1627550,13,,,1,29,,1627544,13,,,1,100,,1627548,13,,,1,99,,1627560,13,,,1,100,,1627545,13,,,1,100,,1627562,13,,,1
