5501,'20261009',546,,1602849,32,,,0,68,,1602850,32,,,0,26,,1602851,32,,,0,72,,1602852,32,,,0,35,,1602853,32,,,0,77,,1602854,32,,,0,28,,1602855,32,,,0,93,,1602856,32,,,0,100,,1602857,32,,,0,99,,1602858,32,,,0,103,,1602859,32,,,0,95,,1602860,32,,,0,100,,1602861,32,,,0,100,,1602862,32,,,0,79,,1602863,32,,,0,79,,1602864,32,,,0,27,,1602865,32,,,0,28,,1602866,32,,,0,71,,1602867,32,,,0,30,,1602868,32,,,0,83,,1602869,32,,,0,90,,1602870,32,,,0,100,,1602871,32,,,0,102,,1602872,32,,,0,100,,1602873,32,,,0
5501,'20261010',718,,1631685,32,,,0,103,,1631686,32,,,0,99,,1631687,32,,,0,102,,1631688,32,,,0,94,,1631689,32,,,0,104,,1631690,32,,,0,98,,1631691,32,,,0,103,,1631692,32,,,0,99,,1631693,32,,,0,99,,1631694,32,,,0,102,,1631695,32,,,0,107,,1631696,32,,,0,93,,1631697,32,,,0,99,,1631698,32,,,0,103,,1631699,32,,,0,102,,1631700,32,,,0,102,,1631701,32,,,0
5501,'20261011',718,,1631702,32,,,0,103,,1631703,32,,,0,99,,1631704,32,,,0,102,,1631705,32,,,0,94,,1631706,32,,,0,104,,1631707,32,,,0,98,,1631708,32,,,0,103,,1631709,32,,,0,99,,1631710,32,,,0,99,,1631711,32,,,0,102,,1631712,32,,,0,107,,1631713,32,,,0,93,,1631714,32,,,0,99,,1631715,32,,,0,103,,1631716,32,,,0,102,,1631717,32,,,0,102,,1631718,32,,,0
5501,'20261012',718,,1631719,32,,,0,103,,1631720,32,,,0,99,,1631721,32,,,0,102,,1631722,32,,,0,94,,1631723,32,,,0,104,,1631724,32,,,0,98,,1631725,32,,,0,103,,1631726,32,,,0,99,,1631727,32,,,0,99,,1631728,32,,,0,102,,1631729,32,,,0,107,,1631730,32,,,0,93,,1631731,32,,,0,99,,1631732,32,,,0,103,,1631733,32,,,0,102,,1631734,32,,,0,102,,1631735,32,,,0
5501,'20261013',546,,1571157,32,,,0,68,,1571158,32,,,0,26,,1571147,32,,,0,72,,1571165,32,,,0,35,,1571143,32,,,0,77,,1571144,32,,,0,28,,1571159,32,,,0,93,,1571145,32,,,0,100,,1571146,32,,,0,99,,1571148,32,,,0,103,,1571161,32,,,0,95,,1571162,32,,,0,100,,1571166,32,,,0,100,,1571167,32,,,0,79,,1571149,32,,,0,79,,1571163,32,,,0,27,,1571150,32,,,0,28,,1571164,32,,,0,71,,1571151,32,,,0,30,,1571152,32,,,0,83,,1571153,32,,,0,90,,1571154,32,,,0,100,,1571155,32,,,0,102,,1571156,32,,,0,100,,1571160,32,,,0
5501,'20261014',546,,1571182,32,,,0,68,,1571183,32,,,0,26,,1571172,32,,,0,72,,1571190,32,,,0,35,,1571168,32,,,0,77,,1571169,32,,,0,28,,1571184,32,,,0,93,,1571170,32,,,0,100,,1571171,32,,,0,99,,1571173,32,,,0,103,,1571186,32,,,0,95,,1571187,32,,,0,100,,1571191,32,,,0,100,,1571192,32,,,0,79,,1571174,32,,,0,79,,1571188,32,,,0,27,,1571175,32,,,0,28,,1571189,32,,,0,71,,1571176,32,,,0,30,,1571177,32,,,0,83,,1571178,32,,,0,90,,1571179,32,,,0,100,,1571180,32,,,0,102,,1571181,32,,,0,100,,1571185,32,,,0
5501,'20261015',546,,1571207,32,,,0,68,,1571208,32,,,0,26,,1571197,32,,,0,72,,1571215,32,,,0,35,,1571193,32,,,0,77,,1571194,32,,,0,28,,1571209,32,,,0,93,,1571195,32,,,0,100,,1571196,32,,,0,99,,1571198,32,,,0,103,,1571211,32,,,0,95,,1571212,32,,,0,100,,1571216,32,,,0,100,,1571217,32,,,0,79,,1571199,32,,,0,79,,1571213,32,,,0,27,,1571200,32,,,0,28,,1571214,32,,,0,71,,1571201,32,,,0,30,,1571202,32,,,0,83,,1571203,32,,,0,90,,1571204,32,,,0,100,,1571205,32,,,0,102,,1571206,32,,,0,100,,1571210,32,,,0
5501,'20261016',546,,1571232,32,,,0,68,,1571233,32,,,0,26,,1571222,32,,,0,72,,1571240,32,,,0,35,,1571218,32,,,0,77,,1571219,32,,,0,28,,1571234,32,,,0,93,,1571220,32,,,0,100,,1571221,32,,,0,99,,1571223,32,,,0,103,,1571236,32,,,0,95,,1571237,32,,,0,100,,1571241,32,,,0,100,,1571242,32,,,0,79,,1571224,32,,,0,79,,1571238,32,,,0,27,,1571225,32,,,0,28,,1571239,32,,,0,71,,1571226,32,,,0,30,,1571227,32,,,0,83,,1571228,32,,,0,90,,1571229,32,,,0,100,,1571230,32,,,0,102,,1571231,32,,,0,100,,1571235,32,,,0
5501,'20261017',718,,1602874,32,,,0,103,,1602875,32,,,0,99,,1602876,32,,,0,102,,1602877,32,,,0,94,,1602878,32,,,0,104,,1602879,32,,,0,98,,1602880,32,,,0,103,,1602881,32,,,0,99,,1602882,32,,,0,99,,1602883,32,,,0,102,,1602884,32,,,0,107,,1602885,32,,,0,93,,1602886,32,,,0,99,,1602887,32,,,0,103,,1602888,32,,,0,102,,1602889,32,,,0,102,,1602890,32,,,0
5501,'20261018',718,,1602893,32,,,0,103,,1602891,32,,,0,99,,1602894,32,,,0,102,,1602895,32,,,0,94,,1602892,32,,,0,104,,1602904,32,,,0,98,,1602899,32,,,0,103,,1602900,32,,,0,99,,1602906,32,,,0,99,,1602901,32,,,0,102,,1602907,32,,,0,107,,1602903,32,,,0,93,,1602898,32,,,0,99,,1602905,32,,,0,103,,1602897,32,,,0,102,,1602902,32,,,0,102,,1602896,32,,,0
5501,'20261019',546,,1602922,32,,,0,68,,1602923,32,,,0,26,,1602912,32,,,0,72,,1602930,32,,,0,35,,1602908,32,,,0,77,,1602909,32,,,0,28,,1602924,32,,,0,93,,1602910,32,,,0,100,,1602911,32,,,0,99,,1602913,32,,,0,103,,1602926,32,,,0,95,,1602927,32,,,0,100,,1602931,32,,,0,100,,1602932,32,,,0,79,,1602914,32,,,0,79,,1602928,32,,,0,27,,1602915,32,,,0,28,,1602929,32,,,0,71,,1602916,32,,,0,30,,1602917,32,,,0,83,,1602918,32,,,0,90,,1602919,32,,,0,100,,1602920,32,,,0,102,,1602921,32,,,0,100,,1602925,32,,,0
5501,'20261020',546,,1602947,32,,,0,68,,1602948,32,,,0,26,,1602937,32,,,0,72,,1602955,32,,,0,35,,1602933,32,,,0,77,,1602934,32,,,0,28,,1602949,32,,,0,93,,1602935,32,,,0,100,,1602936,32,,,0,99,,1602938,32,,,0,103,,1602951,32,,,0,95,,1602952,32,,,0,100,,1602956,32,,,0,100,,1602957,32,,,0,79,,1602939,32,,,0,79,,1602953,32,,,0,27,,1602940,32,,,0,28,,1602954,32,,,0,71,,1602941,32,,,0,30,,1602942,32,,,0,83,,1602943,32,,,0,90,,1602944,32,,,0,100,,1602945,32,,,0,102,,1602946,32,,,0,100,,1602950,32,,,0
5501,'20261021',546,,1631750,32,,,0,68,,1631751,32,,,0,26,,1631740,32,,,0,72,,1631758,32,,,0,35,,1631736,32,,,0,77,,1631737,32,,,0,28,,1631752,32,,,0,93,,1631738,32,,,0,100,,1631739,32,,,0,99,,1631741,32,,,0,103,,1631754,32,,,0,95,,1631755,32,,,0,100,,1631759,32,,,0,100,,1631760,32,,,0,79,,1631742,32,,,0,79,,1631756,32,,,0,27,,1631743,32,,,0,28,,1631757,32,,,0,71,,1631744,32,,,0,30,,1631745,32,,,0,83,,1631746,32,,,0,90,,1631747,32,,,0,100,,1631748,32,,,0,102,,1631749,32,,,0,100,,1631753,32,,,0
5501,'20261022',546,,1631775,32,,,0,68,,1631776,32,,,0,26,,1631765,32,,,0,72,,1631783,32,,,0,35,,1631761,32,,,0,77,,1631762,32,,,0,28,,1631777,32,,,0,93,,1631763,32,,,0,100,,1631764,32,,,0,99,,1631766,32,,,0,103,,1631779,32,,,0,95,,1631780,32,,,0,100,,1631784,32,,,0,100,,1631785,32,,,0,79,,1631767,32,,,0,79,,1631781,32,,,0,27,,1631768,32,,,0,28,,1631782,32,,,0,71,,1631769,32,,,0,30,,1631770,32,,,0,83,,1631771,32,,,0,90,,1631772,32,,,0,100,,1631773,32,,,0,102,,1631774,32,,,0,100,,1631778,32,,,0
5501,'20261023',546,,1631800,32,,,0,68,,1631801,32,,,0,26,,1631790,32,,,0,72,,1631808,32,,,0,35,,1631786,32,,,0,77,,1631787,32,,,0,28,,1631802,32,,,0,93,,1631788,32,,,0,100,,1631789,32,,,0,99,,1631791,32,,,0,103,,1631804,32,,,0,95,,1631805,32,,,0,100,,1631809,32,,,0,100,,1631810,32,,,0,79,,1631792,32,,,0,79,,1631806,32,,,0,27,,1631793,32,,,0,28,,1631807,32,,,0,71,,1631794,32,,,0,30,,1631795,32,,,0,83,,1631796,32,,,0,90,,1631797,32,,,0,100,,1631798,32,,,0,102,,1631799,32,,,0,100,,1631803,32,,,0
25401,'20261009',625,,1611986,29,,,0,28,,1611987,29,,,0,63,,1611988,29,,,0,17,,1611989,29,,,0,11,,1611990,29,,,0,78,,1611991,29,,,0
25401,'20261013',625,,1580235,29,,,0,28,,1580236,29,,,0,63,,1580237,29,,,0,17,,1580238,29,,,0,11,,1580239,29,,,0,78,,1580240,29,,,0
25401,'20261014',625,,1580241,29,,,0,28,,1580242,29,,,0,63,,1580243,29,,,0,17,,1580244,29,,,0,11,,1580245,29,,,0,78,,1580246,29,,,0
25401,'20261015',625,,1580247,29,,,0,28,,1580248,29,,,0,63,,1580249,29,,,0,17,,1580250,29,,,0,11,,1580251,29,,,0,78,,1580252,29,,,0
25401,'20261016',625,,1580253,29,,,0,28,,1580254,29,,,0,63,,1580255,29,,,0,17,,1580256,29,,,0,11,,1580257,29,,,0,78,,1580258,29,,,0
25401,'20261019',625,,1611992,29,,,0,28,,1611993,29,,,0,63,,1611994,29,,,0,17,,1611995,29,,,0,11,,1611996,29,,,0,78,,1611997,29,,,0
25401,'20261020',625,,1611998,29,,,0,28,,1611999,29,,,0,63,,1612000,29,,,0,17,,1612001,29,,,0,11,,1612002,29,,,0,78,,1612003,29,,,0
25401,'20261021',625,,1637970,29,,,0,28,,1637971,29,,,0,63,,1637972,29,,,0,17,,1637973,29,,,0,11,,1637974,29,,,0,78,,1637975,29,,,0
25401,'20261022',625,,1637976,29,,,0,28,,1637977,29,,,0,63,,1637978,29,,,0,17,,1637979,29,,,0,11,,1637980,29,,,0,78,,1637981,29,,,0
25401,'20261023',625,,1637982,29,,,0,28,,1637983,29,,,0,63,,1637984,29,,,0,17,,1637985,29,,,0,11,,1637986,29,,,0,78,,1637987,29,,,0
25501,'20261009',650,,1612040,32,,,0,67,,1612041,32,,,0,17,,1612042,32,,,0,13,,1612043,32,,,0
25501,'20261013',650,,1580291,32,,,0,67,,1580292,32,,,0,17,,1580293,32,,,0,13,,1580294,32,,,0
25501,'20261014',650,,1580295,32,,,0,67,,1580296,32,,,0,17,,1580297,32,,,0,13,,1580298,32,,,0
25501,'20261015',650,,1580299,32,,,0,67,,1580300,32,,,0,17,,1580301,32,,,0,13,,1580302,32,,,0
25501,'20261016',650,,1580303,32,,,0,67,,1580304,32,,,0,17,,1580305,32,,,0,13,,1580306,32,,,0
25501,'20261019',650,,1612044,32,,,0,67,,1612045,32,,,0,17,,1612046,32,,,0,13,,1612047,32,,,0
25501,'20261020',650,,1612048,32,,,0,67,,1612049,32,,,0,17,,1612050,32,,,0,13,,1612051,32,,,0
25501,'20261021',650,,1638000,32,,,0,67,,1638001,32,,,0,17,,1638002,32,,,0,13,,1638003,32,,,0
25501,'20261022',650,,1638004,32,,,0,67,,1638005,32,,,0,17,,1638006,32,,,0,13,,1638007,32,,,0
25501,'20261023',650,,1638008,32,,,0,67,,1638009,32,,,0,17,,1638010,32,,,0,13,,1638011,32,,,0
