400,'20260929',701,,1541322,9,,,0,17,,1541323,9,,,0,15,,1541324,9,,,0,13,,1541325,9,,,0,56,,1541326,9,,,0,9,,1541327,9,,,0,22,,1541328,9,,,0,18,,1541329,9,,,0,66,,1541330,9,,,0,33,,1541331,9,,,0,70,,1541332,9,,,0,30,,1541333,9,,,0,70,,1541334,9,,,0,14,,1541335,9,,,0,14,,1541336,9,,,0,55,,1541337,9,,,0,16,,1541338,9,,,0,14,,1541339,9,,,0,16,,1541340,9,,,0,69,,1541341,9,,,0,31,,1541342,9,,,0,70,,1541343,9,,,0,30,,1541344,9,,,0,54,,1541345,9,,,0,15,,1541346,9,,,0,15,,1541347,9,,,0,6,,1541348,9,,,0,7,,1541349,9,,,0,6,,1541350,9,,,0,7,,1541351,9,,,0,54,,1541352,9,,,0,18,,1541353,9,,,0,25,,1541354,9,,,0,59,,1541355,9,,,0,24,,1541356,9,,,0,65,,1541357,9,,,0,33,,1541358,9,,,0,99,,1541359,9,,,0,100,,1541360,9,,,0,101,,1541361,9,,,0,99,,1541362,9,,,0,100,,1541363,9,,,0
400,'20260930',701,,1541364,9,,,0,17,,1541365,9,,,0,15,,1541366,9,,,0,13,,1541367,9,,,0,56,,1541368,9,,,0,9,,1541369,9,,,0,22,,1541370,9,,,0,18,,1541371,9,,,0,66,,1541372,9,,,0,33,,1541373,9,,,0,70,,1541374,9,,,0,30,,1541375,9,,,0,70,,1541376,9,,,0,14,,1541377,9,,,0,14,,1541378,9,,,0,55,,1541379,9,,,0,16,,1541380,9,,,0,14,,1541381,9,,,0,16,,1541382,9,,,0,69,,1541383,9,,,0,31,,1541384,9,,,0,70,,1541385,9,,,0,30,,1541386,9,,,0,54,,1541387,9,,,0,15,,1541388,9,,,0,15,,1541389,9,,,0,6,,1541390,9,,,0,7,,1541391,9,,,0,6,,1541392,9,,,0,7,,1541393,9,,,0,54,,1541394,9,,,0,18,,1541395,9,,,0,25,,1541396,9,,,0,59,,1541397,9,,,0,24,,1541398,9,,,0,65,,1541399,9,,,0,33,,1541400,9,,,0,99,,1541401,9,,,0,100,,1541402,9,,,0,101,,1541403,9,,,0,99,,1541404,9,,,0,100,,1541405,9,,,0
400,'20261001',701,,1541406,9,,,0,17,,1541407,9,,,0,15,,1541408,9,,,0,13,,1541409,9,,,0,56,,1541410,9,,,0,9,,1541411,9,,,0,22,,1541412,9,,,0,18,,1541413,9,,,0,66,,1541414,9,,,0,33,,1541415,9,,,0,70,,1541416,9,,,0,30,,1541417,9,,,0,70,,1541418,9,,,0,14,,1541419,9,,,0,14,,1541420,9,,,0,55,,1541421,9,,,0,16,,1541422,9,,,0,14,,1541423,9,,,0,16,,1541424,9,,,0,69,,1541425,9,,,0,31,,1541426,9,,,0,70,,1541427,9,,,0,30,,1541428,9,,,0,54,,1541429,9,,,0,15,,1541430,9,,,0,15,,1541431,9,,,0,6,,1541432,9,,,0,7,,1541433,9,,,0,6,,1541434,9,,,0,7,,1541435,9,,,0,54,,1541436,9,,,0,18,,1541437,9,,,0,25,,1541438,9,,,0,59,,1541439,9,,,0,24,,1541440,9,,,0,65,,1541441,9,,,0,33,,1541442,9,,,0,99,,1541443,9,,,0,100,,1541444,9,,,0,101,,1541445,9,,,0,99,,1541446,9,,,0,100,,1541447,9,,,0
400,'20261002',701,,1463772,9,,,0,17,,1463776,9,,,0,15,,1463757,9,,,0,13,,1463777,9,,,0,56,,1463758,9,,,0,9,,1463778,9,,,0,22,,1463779,9,,,0,18,,1463762,9,,,0,66,,1463771,9,,,0,33,,1463759,9,,,0,70,,1463773,9,,,0,30,,1463763,9,,,0,70,,1463760,9,,,0,14,,1463780,9,,,0,14,,1463761,9,,,0,55,,1463781,9,,,0,16,,1463770,9,,,0,14,,1463782,9,,,0,16,,1463749,9,,,0,69,,1463751,9,,,0,31,,1463755,9,,,0,70,,1463752,9,,,0,30,,1463750,9,,,0,54,,1463783,9,,,0,15,,1463775,9,,,0,15,,1463784,9,,,0,6,,1463789,9,,,0,7,,1463766,9,,,0,6,,1463790,9,,,0,7,,1463785,9,,,0,54,,1463786,9,,,0,18,,1463754,9,,,0,25,,1463787,9,,,0,59,,1463764,9,,,0,24,,1463765,9,,,0,65,,1463788,9,,,0,33,,1463774,9,,,0,99,,1463767,9,,,0,100,,1463753,9,,,0,101,,1463756,9,,,0,99,,1463768,9,,,0,100,,1463769,9,,,0
400,'20261003',718,,1486771,9,,,0,99,,1486772,9,,,0,98,,1486773,9,,,0,100,,1486774,9,,,0,101,,1486775,9,,,0,99,,1486776,9,,,0,100,,1486777,9,,,0,100,,1486778,9,,,0,101,,1486779,9,,,0,96,,1486780,9,,,0,110,,1486781,9,,,0,94,,1486782,9,,,0,99,,1486783,9,,,0,98,,1486784,9,,,0,100,,1486785,9,,,0,98,,1486786,9,,,0,99,,1486787,9,,,0
400,'20261004',718,,1486788,9,,,0,99,,1486789,9,,,0,98,,1486790,9,,,0,100,,1486791,9,,,0,101,,1486792,9,,,0,99,,1486793,9,,,0,100,,1486794,9,,,0,100,,1486795,9,,,0,101,,1486796,9,,,0,96,,1486797,9,,,0,110,,1486798,9,,,0,94,,1486799,9,,,0,99,,1486800,9,,,0,98,,1486801,9,,,0,100,,1486802,9,,,0,98,,1486803,9,,,0,99,,1486804,9,,,0
400,'20261005',701,,1486828,9,,,0,17,,1486832,9,,,0,15,,1486813,9,,,0,13,,1486833,9,,,0,56,,1486814,9,,,0,9,,1486834,9,,,0,22,,1486835,9,,,0,18,,1486818,9,,,0,66,,1486827,9,,,0,33,,1486815,9,,,0,70,,1486829,9,,,0,30,,1486819,9,,,0,70,,1486816,9,,,0,14,,1486836,9,,,0,14,,1486817,9,,,0,55,,1486837,9,,,0,16,,1486826,9,,,0,14,,1486838,9,,,0,16,,1486805,9,,,0,69,,1486807,9,,,0,31,,1486811,9,,,0,70,,1486808,9,,,0,30,,1486806,9,,,0,54,,1486839,9,,,0,15,,1486831,9,,,0,15,,1486840,9,,,0,6,,1486845,9,,,0,7,,1486822,9,,,0,6,,1486846,9,,,0,7,,1486841,9,,,0,54,,1486842,9,,,0,18,,1486810,9,,,0,25,,1486843,9,,,0,59,,1486820,9,,,0,24,,1486821,9,,,0,65,,1486844,9,,,0,33,,1486830,9,,,0,99,,1486823,9,,,0,100,,1486809,9,,,0,101,,1486812,9,,,0,99,,1486824,9,,,0,100,,1486825,9,,,0
400,'20261006',701,,1510118,9,,,0,17,,1510122,9,,,0,15,,1510103,9,,,0,13,,1510123,9,,,0,56,,1510104,9,,,0,9,,1510124,9,,,0,22,,1510125,9,,,0,18,,1510108,9,,,0,66,,1510117,9,,,0,33,,1510105,9,,,0,70,,1510119,9,,,0,30,,1510109,9,,,0,70,,1510106,9,,,0,14,,1510126,9,,,0,14,,1510107,9,,,0,55,,1510127,9,,,0,16,,1510116,9,,,0,14,,1510128,9,,,0,16,,1510095,9,,,0,69,,1510097,9,,,0,31,,1510101,9,,,0,70,,1510098,9,,,0,30,,1510096,9,,,0,54,,1510129,9,,,0,15,,1510121,9,,,0,15,,1510130,9,,,0,6,,1510135,9,,,0,7,,1510112,9,,,0,6,,1510136,9,,,0,7,,1510131,9,,,0,54,,1510132,9,,,0,18,,1510100,9,,,0,25,,1510133,9,,,0,59,,1510110,9,,,0,24,,1510111,9,,,0,65,,1510134,9,,,0,33,,1510120,9,,,0,99,,1510113,9,,,0,100,,1510099,9,,,0,101,,1510102,9,,,0,99,,1510114,9,,,0,100,,1510115,9,,,0
400,'20261007',701,,1510160,9,,,0,17,,1510164,9,,,0,15,,1510145,9,,,0,13,,1510165,9,,,0,56,,1510146,9,,,0,9,,1510166,9,,,0,22,,1510167,9,,,0,18,,1510150,9,,,0,66,,1510159,9,,,0,33,,1510147,9,,,0,70,,1510161,9,,,0,30,,1510151,9,,,0,70,,1510148,9,,,0,14,,1510168,9,,,0,14,,1510149,9,,,0,55,,1510169,9,,,0,16,,1510158,9,,,0,14,,1510170,9,,,0,16,,1510137,9,,,0,69,,1510139,9,,,0,31,,1510143,9,,,0,70,,1510140,9,,,0,30,,1510138,9,,,0,54,,1510171,9,,,0,15,,1510163,9,,,0,15,,1510172,9,,,0,6,,1510177,9,,,0,7,,1510154,9,,,0,6,,1510178,9,,,0,7,,1510173,9,,,0,54,,1510174,9,,,0,18,,1510142,9,,,0,25,,1510175,9,,,0,59,,1510152,9,,,0,24,,1510153,9,,,0,65,,1510176,9,,,0,33,,1510162,9,,,0,99,,1510155,9,,,0,100,,1510141,9,,,0,101,,1510144,9,,,0,99,,1510156,9,,,0,100,,1510157,9,,,0
400,'20261008',701,,1510202,9,,,0,17,,1510206,9,,,0,15,,1510187,9,,,0,13,,1510207,9,,,0,56,,1510188,9,,,0,9,,1510208,9,,,0,22,,1510209,9,,,0,18,,1510192,9,,,0,66,,1510201,9,,,0,33,,1510189,9,,,0,70,,1510203,9,,,0,30,,1510193,9,,,0,70,,1510190,9,,,0,14,,1510210,9,,,0,14,,1510191,9,,,0,55,,1510211,9,,,0,16,,1510200,9,,,0,14,,1510212,9,,,0,16,,1510179,9,,,0,69,,1510181,9,,,0,31,,1510185,9,,,0,70,,1510182,9,,,0,30,,1510180,9,,,0,54,,1510213,9,,,0,15,,1510205,9,,,0,15,,1510214,9,,,0,6,,1510219,9,,,0,7,,1510196,9,,,0,6,,1510220,9,,,0,7,,1510215,9,,,0,54,,1510216,9,,,0,18,,1510184,9,,,0,25,,1510217,9,,,0,59,,1510194,9,,,0,24,,1510195,9,,,0,65,,1510218,9,,,0,33,,1510204,9,,,0,99,,1510197,9,,,0,100,,1510183,9,,,0,101,,1510186,9,,,0,99,,1510198,9,,,0,100,,1510199,9,,,0
400,'20261009',701,,1510244,9,,,0,17,,1510248,9,,,0,15,,1510229,9,,,0,13,,1510249,9,,,0,56,,1510230,9,,,0,9,,1510250,9,,,0,22,,1510251,9,,,0,18,,1510234,9,,,0,66,,1510243,9,,,0,33,,1510231,9,,,0,70,,1510245,9,,,0,30,,1510235,9,,,0,70,,1510232,9,,,0,14,,1510252,9,,,0,14,,1510233,9,,,0,55,,1510253,9,,,0,16,,1510242,9,,,0,14,,1510254,9,,,0,16,,1510221,9,,,0,69,,1510223,9,,,0,31,,1510227,9,,,0,70,,1510224,9,,,0,30,,1510222,9,,,0,54,,1510255,9,,,0,15,,1510247,9,,,0,15,,1510256,9,,,0,6,,1510261,9,,,0,7,,1510238,9,,,0,6,,1510262,9,,,0,7,,1510257,9,,,0,54,,1510258,9,,,0,18,,1510226,9,,,0,25,,1510259,9,,,0,59,,1510236,9,,,0,24,,1510237,9,,,0,65,,1510260,9,,,0,33,,1510246,9,,,0,99,,1510239,9,,,0,100,,1510225,9,,,0,101,,1510228,9,,,0,99,,1510240,9,,,0,100,,1510241,9,,,0
400,'20261010',718,,1541448,9,,,0,99,,1541449,9,,,0,98,,1541450,9,,,0,100,,1541451,9,,,0,101,,1541452,9,,,0,99,,1541453,9,,,0,100,,1541454,9,,,0,100,,1541455,9,,,0,101,,1541456,9,,,0,96,,1541457,9,,,0,110,,1541458,9,,,0,94,,1541459,9,,,0,99,,1541460,9,,,0,98,,1541461,9,,,0,100,,1541462,9,,,0,98,,1541463,9,,,0,99,,1541464,9,,,0
400,'20261011',718,,1541465,9,,,0,99,,1541466,9,,,0,98,,1541467,9,,,0,100,,1541468,9,,,0,101,,1541469,9,,,0,99,,1541470,9,,,0,100,,1541471,9,,,0,100,,1541472,9,,,0,101,,1541473,9,,,0,96,,1541474,9,,,0,110,,1541475,9,,,0,94,,1541476,9,,,0,99,,1541477,9,,,0,98,,1541478,9,,,0,100,,1541479,9,,,0,98,,1541480,9,,,0,99,,1541481,9,,,0
400,'20261012',718,,1541482,9,,,0,99,,1541483,9,,,0,98,,1541484,9,,,0,100,,1541485,9,,,0,101,,1541486,9,,,0,99,,1541487,9,,,0,100,,1541488,9,,,0,100,,1541489,9,,,0,101,,1541490,9,,,0,96,,1541491,9,,,0,110,,1541492,9,,,0,94,,1541493,9,,,0,99,,1541494,9,,,0,98,,1541495,9,,,0,100,,1541496,9,,,0,98,,1541497,9,,,0,99,,1541498,9,,,0
