28000,'20261002',1557,,1580717,4,4,,0,75,,1580718,4,4,,0,9,,1580719,4,4,,0,59,,1580720,4,4,,0,38,,1580721,4,4,,0,67,,1580722,4,4,,0
28000,'20261005',1557,,1580723,4,4,,0,75,,1580724,4,4,,0,9,,1580725,4,4,,0,59,,1580726,4,4,,0,38,,1580727,4,4,,0,67,,1580728,4,4,,0
28000,'20261006',1557,,1527458,4,4,,0,75,,1527457,4,4,,0,9,,1527453,4,4,,0,59,,1527454,4,4,,0,38,,1527455,4,4,,0,67,,1527456,4,4,,0
28000,'20261007',1557,,1527464,4,4,,0,75,,1527463,4,4,,0,9,,1527459,4,4,,0,59,,1527460,4,4,,0,38,,1527461,4,4,,0,67,,1527462,4,4,,0
28000,'20261008',1557,,1527470,4,4,,0,75,,1527469,4,4,,0,9,,1527465,4,4,,0,59,,1527466,4,4,,0,38,,1527467,4,4,,0,67,,1527468,4,4,,0
28000,'20261009',1557,,1527476,4,4,,0,75,,1527475,4,4,,0,9,,1527471,4,4,,0,59,,1527472,4,4,,0,38,,1527473,4,4,,0,67,,1527474,4,4,,0
28000,'20261013',1557,,1580734,4,4,,0,75,,1580733,4,4,,0,9,,1580729,4,4,,0,59,,1580730,4,4,,0,38,,1580731,4,4,,0,67,,1580732,4,4,,0
28000,'20261014',1557,,1580740,4,4,,0,75,,1580739,4,4,,0,9,,1580735,4,4,,0,59,,1580736,4,4,,0,38,,1580737,4,4,,0,67,,1580738,4,4,,0
28000,'20261015',1557,,1580746,4,4,,0,75,,1580745,4,4,,0,9,,1580741,4,4,,0,59,,1580742,4,4,,0,38,,1580743,4,4,,0,67,,1580744,4,4,,0
28000,'20261016',1557,,1580752,4,4,,0,75,,1580751,4,4,,0,9,,1580747,4,4,,0,59,,1580748,4,4,,0,38,,1580749,4,4,,0,67,,1580750,4,4,,0
38000,'20261002',1225,,1581881,19,4,,0,410,,1581882,19,4,,0,108,,1581883,19,4,,0,103,,1581884,19,4,,0
38000,'20261005',1225,,1581885,19,4,,0,410,,1581886,19,4,,0,108,,1581887,19,4,,0,103,,1581888,19,4,,0
38000,'20261006',1225,,1528616,19,4,,0,410,,1528613,19,4,,0,108,,1528614,19,4,,0,103,,1528615,19,4,,0
38000,'20261007',1225,,1528620,19,4,,0,410,,1528617,19,4,,0,108,,1528618,19,4,,0,103,,1528619,19,4,,0
38000,'20261008',1225,,1528624,19,4,,0,410,,1528621,19,4,,0,108,,1528622,19,4,,0,103,,1528623,19,4,,0
38000,'20261009',1225,,1528628,19,4,,0,410,,1528625,19,4,,0,108,,1528626,19,4,,0,103,,1528627,19,4,,0
38000,'20261013',1225,,1581892,19,4,,0,410,,1581889,19,4,,0,108,,1581890,19,4,,0,103,,1581891,19,4,,0
38000,'20261014',1225,,1581896,19,4,,0,410,,1581893,19,4,,0,108,,1581894,19,4,,0,103,,1581895,19,4,,0
38000,'20261015',1225,,1581900,19,4,,0,410,,1581897,19,4,,0,108,,1581898,19,4,,0,103,,1581899,19,4,,0
38000,'20261016',1225,,1581904,19,4,,0,410,,1581901,19,4,,0,108,,1581902,19,4,,0,103,,1581903,19,4,,0
58000,'20261002',1607,,1582624,17,4,,0,41,,1582625,17,4,,0,62,,1582626,17,4,,0,35,,1582627,17,4,,0
58000,'20261005',1607,,1582628,17,4,,0,41,,1582629,17,4,,0,62,,1582630,17,4,,0,35,,1582631,17,4,,0
58000,'20261006',1607,,1529358,17,4,,0,41,,1529357,17,4,,0,62,,1529356,17,4,,0,35,,1529359,17,4,,0
58000,'20261007',1607,,1529362,17,4,,0,41,,1529361,17,4,,0,62,,1529360,17,4,,0,35,,1529363,17,4,,0
58000,'20261008',1607,,1529366,17,4,,0,41,,1529365,17,4,,0,62,,1529364,17,4,,0,35,,1529367,17,4,,0
58000,'20261009',1607,,1529370,17,4,,0,41,,1529369,17,4,,0,62,,1529368,17,4,,0,35,,1529371,17,4,,0
58000,'20261013',1607,,1582634,17,4,,0,41,,1582633,17,4,,0,62,,1582632,17,4,,0,35,,1582635,17,4,,0
58000,'20261014',1607,,1582638,17,4,,0,41,,1582637,17,4,,0,62,,1582636,17,4,,0,35,,1582639,17,4,,0
58000,'20261015',1607,,1582642,17,4,,0,41,,1582641,17,4,,0,62,,1582640,17,4,,0,35,,1582643,17,4,,0
58000,'20261016',1607,,1582646,17,4,,0,41,,1582645,17,4,,0,62,,1582644,17,4,,0,35,,1582647,17,4,,0
