9203,'20261006',615,,1610004,40,,,0,103,,1610005,40,,,0,105,,1610006,40,,,0,96,,1610007,40,,,0,100,,1610008,40,,,0,100,,1610009,40,,,0,102,,1610010,40,,,0,100,,1610011,40,,,0,99,,1610012,40,,,0,99,,1610013,40,,,0,31,,1610014,40,,,0,71,,1610015,40,,,0,32,,1610016,40,,,0,68,,1610017,40,,,0,35,,1610018,40,,,0,70,,1610019,40,,,0,93,,1610020,40,,,0,99,,1610021,40,,,0,100,,1610022,40,,,0,100,,1610023,40,,,0,100,,1610024,40,,,0
9203,'20261007',615,,1610025,40,,,0,103,,1610026,40,,,0,105,,1610027,40,,,0,96,,1610028,40,,,0,100,,1610029,40,,,0,100,,1610030,40,,,0,102,,1610031,40,,,0,100,,1610032,40,,,0,99,,1610033,40,,,0,99,,1610034,40,,,0,31,,1610035,40,,,0,71,,1610036,40,,,0,32,,1610037,40,,,0,68,,1610038,40,,,0,35,,1610039,40,,,0,70,,1610040,40,,,0,93,,1610041,40,,,0,99,,1610042,40,,,0,100,,1610043,40,,,0,100,,1610044,40,,,0,100,,1610045,40,,,0
9203,'20261008',615,,1610046,40,,,0,103,,1610047,40,,,0,105,,1610048,40,,,0,96,,1610049,40,,,0,100,,1610050,40,,,0,100,,1610051,40,,,0,102,,1610052,40,,,0,100,,1610053,40,,,0,99,,1610054,40,,,0,99,,1610055,40,,,0,31,,1610056,40,,,0,71,,1610057,40,,,0,32,,1610058,40,,,0,68,,1610059,40,,,0,35,,1610060,40,,,0,70,,1610061,40,,,0,93,,1610062,40,,,0,99,,1610063,40,,,0,100,,1610064,40,,,0,100,,1610065,40,,,0,100,,1610066,40,,,0
9203,'20261009',615,,1610067,40,,,0,103,,1610068,40,,,0,105,,1610069,40,,,0,96,,1610070,40,,,0,100,,1610071,40,,,0,100,,1610072,40,,,0,102,,1610073,40,,,0,100,,1610074,40,,,0,99,,1610075,40,,,0,99,,1610076,40,,,0,31,,1610077,40,,,0,71,,1610078,40,,,0,32,,1610079,40,,,0,68,,1610080,40,,,0,35,,1610081,40,,,0,70,,1610082,40,,,0,93,,1610083,40,,,0,99,,1610084,40,,,0,100,,1610085,40,,,0,100,,1610086,40,,,0,100,,1610087,40,,,0
9203,'20261010',735,,1551718,40,,,0,100,,1551712,40,,,0,100,,1551702,40,,,0,102,,1551711,40,,,0,97,,1551713,40,,,0,100,,1551703,40,,,0,101,,1551704,40,,,0,102,,1551705,40,,,0,101,,1551706,40,,,0,104,,1551714,40,,,0,99,,1551707,40,,,0,101,,1551708,40,,,0,93,,1551709,40,,,0,99,,1551710,40,,,0,100,,1551715,40,,,0,100,,1551717,40,,,0,100,,1551716,40,,,0
9203,'20261011',735,,1551735,40,,,0,100,,1551730,40,,,0,100,,1551719,40,,,0,102,,1551729,40,,,0,97,,1551731,40,,,0,100,,1551720,40,,,0,101,,1551721,40,,,0,102,,1551732,40,,,0,101,,1551722,40,,,0,104,,1551723,40,,,0,99,,1551733,40,,,0,101,,1551724,40,,,0,93,,1551725,40,,,0,99,,1551726,40,,,0,100,,1551734,40,,,0,100,,1551727,40,,,0,100,,1551728,40,,,0
9203,'20261012',735,,1551752,40,,,0,100,,1551747,40,,,0,100,,1551736,40,,,0,102,,1551746,40,,,0,97,,1551748,40,,,0,100,,1551737,40,,,0,101,,1551738,40,,,0,102,,1551749,40,,,0,101,,1551739,40,,,0,104,,1551740,40,,,0,99,,1551750,40,,,0,101,,1551741,40,,,0,93,,1551742,40,,,0,99,,1551743,40,,,0,100,,1551751,40,,,0,100,,1551744,40,,,0,100,,1551745,40,,,0
9203,'20261013',615,,1578359,40,,,0,103,,1578343,40,,,0,105,,1578344,40,,,0,96,,1578345,40,,,0,100,,1578346,40,,,0,100,,1578347,40,,,0,102,,1578348,40,,,0,100,,1578349,40,,,0,99,,1578352,40,,,0,99,,1578362,40,,,0,31,,1578354,40,,,0,71,,1578360,40,,,0,32,,1578355,40,,,0,68,,1578363,40,,,0,35,,1578361,40,,,0,70,,1578356,40,,,0,93,,1578353,40,,,0,99,,1578357,40,,,0,100,,1578350,40,,,0,100,,1578351,40,,,0,100,,1578358,40,,,0
9203,'20261014',615,,1578380,40,,,0,103,,1578364,40,,,0,105,,1578365,40,,,0,96,,1578366,40,,,0,100,,1578367,40,,,0,100,,1578368,40,,,0,102,,1578369,40,,,0,100,,1578370,40,,,0,99,,1578373,40,,,0,99,,1578383,40,,,0,31,,1578375,40,,,0,71,,1578381,40,,,0,32,,1578376,40,,,0,68,,1578384,40,,,0,35,,1578382,40,,,0,70,,1578377,40,,,0,93,,1578374,40,,,0,99,,1578378,40,,,0,100,,1578371,40,,,0,100,,1578372,40,,,0,100,,1578379,40,,,0
9203,'20261015',615,,1578401,40,,,0,103,,1578385,40,,,0,105,,1578386,40,,,0,96,,1578387,40,,,0,100,,1578388,40,,,0,100,,1578389,40,,,0,102,,1578390,40,,,0,100,,1578391,40,,,0,99,,1578394,40,,,0,99,,1578404,40,,,0,31,,1578396,40,,,0,71,,1578402,40,,,0,32,,1578397,40,,,0,68,,1578405,40,,,0,35,,1578403,40,,,0,70,,1578398,40,,,0,93,,1578395,40,,,0,99,,1578399,40,,,0,100,,1578392,40,,,0,100,,1578393,40,,,0,100,,1578400,40,,,0
9203,'20261016',615,,1578422,40,,,0,103,,1578406,40,,,0,105,,1578407,40,,,0,96,,1578408,40,,,0,100,,1578409,40,,,0,100,,1578410,40,,,0,102,,1578411,40,,,0,100,,1578412,40,,,0,99,,1578415,40,,,0,99,,1578425,40,,,0,31,,1578417,40,,,0,71,,1578423,40,,,0,32,,1578418,40,,,0,68,,1578426,40,,,0,35,,1578424,40,,,0,70,,1578419,40,,,0,93,,1578416,40,,,0,99,,1578420,40,,,0,100,,1578413,40,,,0,100,,1578414,40,,,0,100,,1578421,40,,,0
9203,'20261017',735,,1610104,40,,,0,100,,1610098,40,,,0,100,,1610088,40,,,0,102,,1610097,40,,,0,97,,1610099,40,,,0,100,,1610089,40,,,0,101,,1610090,40,,,0,102,,1610091,40,,,0,101,,1610092,40,,,0,104,,1610100,40,,,0,99,,1610093,40,,,0,101,,1610094,40,,,0,93,,1610095,40,,,0,99,,1610096,40,,,0,100,,1610101,40,,,0,100,,1610103,40,,,0,100,,1610102,40,,,0
9203,'20261018',735,,1610121,40,,,0,100,,1610116,40,,,0,100,,1610105,40,,,0,102,,1610115,40,,,0,97,,1610117,40,,,0,100,,1610106,40,,,0,101,,1610107,40,,,0,102,,1610118,40,,,0,101,,1610108,40,,,0,104,,1610109,40,,,0,99,,1610119,40,,,0,101,,1610110,40,,,0,93,,1610111,40,,,0,99,,1610112,40,,,0,100,,1610120,40,,,0,100,,1610113,40,,,0,100,,1610114,40,,,0
9203,'20261019',615,,1610138,40,,,0,103,,1610122,40,,,0,105,,1610123,40,,,0,96,,1610124,40,,,0,100,,1610125,40,,,0,100,,1610126,40,,,0,102,,1610127,40,,,0,100,,1610128,40,,,0,99,,1610131,40,,,0,99,,1610141,40,,,0,31,,1610133,40,,,0,71,,1610139,40,,,0,32,,1610134,40,,,0,68,,1610142,40,,,0,35,,1610140,40,,,0,70,,1610135,40,,,0,93,,1610132,40,,,0,99,,1610136,40,,,0,100,,1610129,40,,,0,100,,1610130,40,,,0,100,,1610137,40,,,0
9203,'20261020',615,,1610159,40,,,0,103,,1610143,40,,,0,105,,1610144,40,,,0,96,,1610145,40,,,0,100,,1610146,40,,,0,100,,1610147,40,,,0,102,,1610148,40,,,0,100,,1610149,40,,,0,99,,1610152,40,,,0,99,,1610162,40,,,0,31,,1610154,40,,,0,71,,1610160,40,,,0,32,,1610155,40,,,0,68,,1610163,40,,,0,35,,1610161,40,,,0,70,,1610156,40,,,0,93,,1610153,40,,,0,99,,1610157,40,,,0,100,,1610150,40,,,0,100,,1610151,40,,,0,100,,1610158,40,,,0
29203,'20261006',1639,,1612944,33,4,,0,70,,1612945,33,4,,0,33,,1612946,33,4,,0
29203,'20261007',1639,,1612947,33,4,,0,70,,1612948,33,4,,0,33,,1612949,33,4,,0
29203,'20261008',1639,,1612950,33,4,,0,70,,1612951,33,4,,0,33,,1612952,33,4,,0
29203,'20261009',1639,,1612953,33,4,,0,70,,1612954,33,4,,0,33,,1612955,33,4,,0
29203,'20261013',1639,,1581204,33,4,,0,70,,1581205,33,4,,0,33,,1581203,33,4,,0
29203,'20261014',1639,,1581207,33,4,,0,70,,1581208,33,4,,0,33,,1581206,33,4,,0
29203,'20261015',1639,,1581210,33,4,,0,70,,1581211,33,4,,0,33,,1581209,33,4,,0
29203,'20261016',1639,,1581213,33,4,,0,70,,1581214,33,4,,0,33,,1581212,33,4,,0
29203,'20261019',1639,,1612957,33,4,,0,70,,1612958,33,4,,0,33,,1612956,33,4,,0
29203,'20261020',1639,,1612960,33,4,,0,70,,1612961,33,4,,0,33,,1612959,33,4,,0
99203,'20261009',2624,,1625348,73,,,0,130,,1625349,73,,,0
99203,'20261010',2624,,1561872,73,,,0,130,,1561873,73,,,0
99203,'20261016',2624,,1593548,73,,,0,130,,1593549,73,,,0
99203,'20261017',2624,,1625350,73,,,0,130,,1625351,73,,,0
