3600,'20260929',706,,1544929,5,,,0,29,,1544930,5,,,0,69,,1544931,5,,,0,103,,1544932,5,,,0,100,,1544933,5,,,0,99,,1544934,5,,,0,100,,1544935,5,,,0,100,,1544936,5,,,0,100,,1544937,5,,,0,99,,1544938,5,,,0,25,,1544939,5,,,0,26,,1544940,5,,,0,76,,1544941,5,0,43 44 45,0,71,,1544942,5,,,0,33,,1544943,5,,,0,70,,1544944,5,,,0,103,,1544945,5,,,0,100,,1544946,5,,,0,101,,1544947,5,,,0,102,,1544948,5,,,0,100,,1544949,5,,,0,100,,1544950,5,,,0
3600,'20260930',706,,1544952,5,,,0,29,,1544953,5,,,0,69,,1544954,5,,,0,103,,1544955,5,,,0,100,,1544956,5,,,0,99,,1544957,5,,,0,100,,1544958,5,,,0,100,,1544959,5,,,0,100,,1544960,5,,,0,99,,1544961,5,,,0,25,,1544962,5,,,0,26,,1544963,5,,,0,76,,1544964,5,0,43 44 45,0,71,,1544965,5,,,0,33,,1544966,5,,,0,70,,1544967,5,,,0,103,,1544968,5,,,0,100,,1544969,5,,,0,101,,1544970,5,,,0,102,,1544971,5,,,0,100,,1544972,5,,,0,100,,1544973,5,,,0
3600,'20261001',706,,1544975,5,,,0,29,,1544976,5,,,0,69,,1544977,5,,,0,103,,1544978,5,,,0,100,,1544979,5,,,0,99,,1544980,5,,,0,100,,1544981,5,,,0,100,,1544982,5,,,0,100,,1544983,5,,,0,99,,1544984,5,,,0,25,,1544985,5,,,0,26,,1544986,5,,,0,76,,1544987,5,0,43 44 45,0,71,,1544988,5,,,0,33,,1544989,5,,,0,70,,1544990,5,,,0,103,,1544991,5,,,0,100,,1544992,5,,,0,101,,1544993,5,,,0,102,,1544994,5,,,0,100,,1544995,5,,,0,100,,1544996,5,,,0
3600,'20261002',706,,1467624,5,,,0,29,,1467645,5,,,0,69,,1467625,5,,,0,103,,1467626,5,,,0,100,,1467627,5,,,0,99,,1467628,5,,,0,100,,1467629,5,,,0,100,,1467630,5,,,0,100,,1467631,5,,,0,99,,1467632,5,,,0,25,,1467633,5,,,0,26,,1467634,5,,,0,76,,1467635,5,,,0,71,,1467636,5,,,0,33,,1467637,5,,,0,70,,1467639,5,,,0,103,,1467640,5,,,0,100,,1467641,5,,,0,101,,1467642,5,,,0,102,,1467643,5,,,0,100,,1467644,5,,,0,100,,1467638,5,,,0
3600,'20261003',711,,1490632,5,,,0,99,,1490633,5,,,0,100,,1490634,5,,,0,100,,1490635,5,,,0,99,,1490636,5,,,0,98,,1490637,5,,,0,100,,1490638,5,,,0,99,,1490639,5,,,0,100,,1490640,5,,,0,100,,1490641,5,,,0,100,,1490642,5,,,0,103,,1490643,5,,,0,101,,1490645,5,,,0,100,,1490630,5,,,0,101,,1490646,5,,,0,101,,1490631,5,,,0,101,,1490644,5,,,0,101,,1490647,5,,,0
3600,'20261004',711,,1490665,5,,,0,99,,1490663,5,,,0,100,,1490657,5,,,0,100,,1490660,5,,,0,99,,1490649,5,,,0,98,,1490648,5,,,0,100,,1490656,5,,,0,99,,1490655,5,,,0,100,,1490654,5,,,0,100,,1490653,5,,,0,100,,1490652,5,,,0,103,,1490651,5,,,0,101,,1490661,5,,,0,100,,1490650,5,,,0,101,,1490662,5,,,0,101,,1490659,5,,,0,101,,1490658,5,,,0,101,,1490664,5,,,0
3600,'20261005',706,,1490666,5,,,0,29,,1490687,5,,,0,69,,1490667,5,,,0,103,,1490668,5,,,0,100,,1490669,5,,,0,99,,1490670,5,,,0,100,,1490671,5,,,0,100,,1490672,5,,,0,100,,1490673,5,,,0,99,,1490674,5,,,0,25,,1490675,5,,,0,26,,1490676,5,,,0,76,,1490677,5,,,0,71,,1490678,5,,,0,33,,1490679,5,,,0,70,,1490681,5,,,0,103,,1490682,5,,,0,100,,1490683,5,,,0,101,,1490684,5,,,0,102,,1490685,5,,,0,100,,1490686,5,,,0,100,,1490680,5,,,0
3600,'20261006',706,,1515526,5,,,0,29,,1515547,5,,,0,69,,1515527,5,,,0,103,,1515528,5,,,0,100,,1515529,5,,,0,99,,1515530,5,,,0,100,,1515531,5,,,0,100,,1515532,5,,,0,100,,1515533,5,,,0,99,,1515534,5,,,0,25,,1515535,5,,,0,26,,1515536,5,,,0,76,,1515537,5,,,0,71,,1515538,5,,,0,33,,1515539,5,,,0,70,,1515541,5,,,0,103,,1515542,5,,,0,100,,1515543,5,,,0,101,,1515544,5,,,0,102,,1515545,5,,,0,100,,1515546,5,,,0,100,,1515540,5,,,0
3600,'20261007',706,,1515548,5,,,0,29,,1515569,5,,,0,69,,1515549,5,,,0,103,,1515550,5,,,0,100,,1515551,5,,,0,99,,1515552,5,,,0,100,,1515553,5,,,0,100,,1515554,5,,,0,100,,1515555,5,,,0,99,,1515556,5,,,0,25,,1515557,5,,,0,26,,1515558,5,,,0,76,,1515559,5,,,0,71,,1515560,5,,,0,33,,1515561,5,,,0,70,,1515563,5,,,0,103,,1515564,5,,,0,100,,1515565,5,,,0,101,,1515566,5,,,0,102,,1515567,5,,,0,100,,1515568,5,,,0,100,,1515562,5,,,0
3600,'20261008',706,,1515570,5,,,0,29,,1515591,5,,,0,69,,1515571,5,,,0,103,,1515572,5,,,0,100,,1515573,5,,,0,99,,1515574,5,,,0,100,,1515575,5,,,0,100,,1515576,5,,,0,100,,1515577,5,,,0,99,,1515578,5,,,0,25,,1515579,5,,,0,26,,1515580,5,,,0,76,,1515581,5,,,0,71,,1515582,5,,,0,33,,1515583,5,,,0,70,,1515585,5,,,0,103,,1515586,5,,,0,100,,1515587,5,,,0,101,,1515588,5,,,0,102,,1515589,5,,,0,100,,1515590,5,,,0,100,,1515584,5,,,0
3600,'20261009',706,,1515592,5,,,0,29,,1515613,5,,,0,69,,1515593,5,,,0,103,,1515594,5,,,0,100,,1515595,5,,,0,99,,1515596,5,,,0,100,,1515597,5,,,0,100,,1515598,5,,,0,100,,1515599,5,,,0,99,,1515600,5,,,0,25,,1515601,5,,,0,26,,1515602,5,,,0,76,,1515603,5,,,0,71,,1515604,5,,,0,33,,1515605,5,,,0,70,,1515607,5,,,0,103,,1515608,5,,,0,100,,1515609,5,,,0,101,,1515610,5,,,0,102,,1515611,5,,,0,100,,1515612,5,,,0,100,,1515606,5,,,0
3600,'20261010',711,,1544999,5,,,0,99,,1545000,5,,,0,100,,1545001,5,,,0,100,,1545002,5,,,0,99,,1545003,5,,,0,98,,1545004,5,,,0,100,,1545005,5,,,0,99,,1545006,5,,,0,100,,1545007,5,,,0,100,,1545008,5,,,0,100,,1545009,5,,,0,103,,1545010,5,,,0,101,,1545012,5,,,0,100,,1544997,5,,,0,101,,1545013,5,,,0,101,,1544998,5,,,0,101,,1545011,5,,,0,101,,1545014,5,,,0
3600,'20261011',711,,1545032,5,,,0,99,,1545030,5,,,0,100,,1545024,5,,,0,100,,1545027,5,,,0,99,,1545016,5,,,0,98,,1545015,5,,,0,100,,1545023,5,,,0,99,,1545022,5,,,0,100,,1545021,5,,,0,100,,1545020,5,,,0,100,,1545019,5,,,0,103,,1545018,5,,,0,101,,1545028,5,,,0,100,,1545017,5,,,0,101,,1545029,5,,,0,101,,1545026,5,,,0,101,,1545025,5,,,0,101,,1545031,5,,,0
3600,'20261012',711,,1545050,5,,,0,99,,1545048,5,,,0,100,,1545042,5,,,0,100,,1545045,5,,,0,99,,1545034,5,,,0,98,,1545033,5,,,0,100,,1545041,5,,,0,99,,1545040,5,,,0,100,,1545039,5,,,0,100,,1545038,5,,,0,100,,1545037,5,,,0,103,,1545036,5,,,0,101,,1545046,5,,,0,100,,1545035,5,,,0,101,,1545047,5,,,0,101,,1545044,5,,,0,101,,1545043,5,,,0,101,,1545049,5,,,0
93600,'20261002',2538,,1485597,9,,,0
93600,'20261003',2538,,1508560,9,,,0
93600,'20261009',2538,,1540226,9,,,0
93600,'20261010',2538,,1561861,9,,,0
