7400,'20260929',749,,1548985,71,,,1,98,,1548986,71,,,1,98,,1548987,71,,,1,99,,1548988,71,,,1,101,,1548989,71,,,1,100,,1548990,71,,,1,100,,1548991,71,,,1,102,,1548992,71,,,1,101,,1548993,71,,,1,101,,1548994,71,,,1,98,,1548995,71,,,1,99,,1548996,71,,,1,98,,1548997,71,,,1,100,,1548998,71,,,1,100,,1548999,71,,,1,100,,1549000,71,,,1,100,,1549001,71,,,1
7400,'20260930',749,,1549006,71,,,1,98,,1549007,71,,,1,98,,1549008,71,,,1,99,,1549009,71,,,1,101,,1549010,71,,,1,100,,1549011,71,,,1,100,,1549012,71,,,1,102,,1549013,71,,,1,101,,1549014,71,,,1,101,,1549015,71,,,1,98,,1549016,71,,,1,99,,1549017,71,,,1,98,,1549018,71,,,1,100,,1549019,71,,,1,100,,1549020,71,,,1,100,,1549021,71,,,1,100,,1549022,71,,,1
7400,'20261001',749,,1549027,71,,,1,98,,1549028,71,,,1,98,,1549029,71,,,1,99,,1549030,71,,,1,101,,1549031,71,,,1,100,,1549032,71,,,1,100,,1549033,71,,,1,102,,1549034,71,,,1,101,,1549035,71,,,1,101,,1549036,71,,,1,98,,1549037,71,,,1,99,,1549038,71,,,1,98,,1549039,71,,,1,100,,1549040,71,,,1,100,,1549041,71,,,1,100,,1549042,71,,,1,100,,1549043,71,,,1
7400,'20261002',749,,1471875,71,,,1,98,,1471862,71,,,1,98,,1471863,71,,,1,99,,1471864,71,,,1,101,,1471865,71,,,1,100,,1471866,71,,,1,100,,1471867,71,,,1,102,,1471868,71,,,1,101,,1471869,71,,,1,101,,1471870,71,,,1,98,,1471871,71,,,1,99,,1471872,71,,,1,98,,1471876,71,,,1,100,,1471877,71,,,1,100,,1471873,71,,,1,100,,1471878,71,,,1,100,,1471874,71,,,1
7400,'20261003',843,,1494873,71,,,1,101,,1494887,71,,,1,100,,1494888,71,,,1,100,,1494874,71,,,1,100,,1494875,71,,,1,100,,1494876,71,,,1,100,,1494877,71,,,1,101,,1494878,71,,,1,100,,1494879,71,,,1,101,,1494880,71,,,1,101,,1494881,71,,,1,97,,1494882,71,,,1,99,,1494883,71,,,1,100,,1494884,71,,,1,100,,1494885,71,,,1,100,,1494886,71,,,1,169,,1494889,71,,,1
7400,'20261004',843,,1494890,71,,,1,101,,1494904,71,,,1,100,,1494891,71,,,1,100,,1494905,71,,,1,100,,1494898,71,,,1,100,,1494899,71,,,1,100,,1494900,71,,,1,101,,1494901,71,,,1,100,,1494902,71,,,1,101,,1494903,71,,,1,101,,1494892,71,,,1,97,,1494896,71,,,1,99,,1494897,71,,,1,100,,1494893,71,,,1,100,,1494894,71,,,1,100,,1494895,71,,,1,169,,1494906,71,,,1
7400,'20261005',749,,1494920,71,,,1,98,,1494907,71,,,1,98,,1494908,71,,,1,99,,1494909,71,,,1,101,,1494910,71,,,1,100,,1494911,71,,,1,100,,1494912,71,,,1,102,,1494913,71,,,1,101,,1494914,71,,,1,101,,1494915,71,,,1,98,,1494916,71,,,1,99,,1494917,71,,,1,98,,1494921,71,,,1,100,,1494922,71,,,1,100,,1494918,71,,,1,100,,1494923,71,,,1,100,,1494919,71,,,1
7400,'20261006',749,,1521327,71,,,1,98,,1521314,71,,,1,98,,1521315,71,,,1,99,,1521316,71,,,1,101,,1521317,71,,,1,100,,1521318,71,,,1,100,,1521319,71,,,1,102,,1521320,71,,,1,101,,1521321,71,,,1,101,,1521322,71,,,1,98,,1521323,71,,,1,99,,1521324,71,,,1,98,,1521328,71,,,1,100,,1521329,71,,,1,100,,1521325,71,,,1,100,,1521330,71,,,1,100,,1521326,71,,,1
7400,'20261007',749,,1521348,71,,,1,98,,1521335,71,,,1,98,,1521336,71,,,1,99,,1521337,71,,,1,101,,1521338,71,,,1,100,,1521339,71,,,1,100,,1521340,71,,,1,102,,1521341,71,,,1,101,,1521342,71,,,1,101,,1521343,71,,,1,98,,1521344,71,,,1,99,,1521345,71,,,1,98,,1521349,71,,,1,100,,1521350,71,,,1,100,,1521346,71,,,1,100,,1521351,71,,,1,100,,1521347,71,,,1
7400,'20261008',749,,1521369,71,,,1,98,,1521356,71,,,1,98,,1521357,71,,,1,99,,1521358,71,,,1,101,,1521359,71,,,1,100,,1521360,71,,,1,100,,1521361,71,,,1,102,,1521362,71,,,1,101,,1521363,71,,,1,101,,1521364,71,,,1,98,,1521365,71,,,1,99,,1521366,71,,,1,98,,1521370,71,,,1,100,,1521371,71,,,1,100,,1521367,71,,,1,100,,1521372,71,,,1,100,,1521368,71,,,1
7400,'20261009',749,,1521390,71,,,1,98,,1521377,71,,,1,98,,1521378,71,,,1,99,,1521379,71,,,1,101,,1521380,71,,,1,100,,1521381,71,,,1,100,,1521382,71,,,1,102,,1521383,71,,,1,101,,1521384,71,,,1,101,,1521385,71,,,1,98,,1521386,71,,,1,99,,1521387,71,,,1,98,,1521391,71,,,1,100,,1521392,71,,,1,100,,1521388,71,,,1,100,,1521393,71,,,1,100,,1521389,71,,,1
7400,'20261010',843,,1549044,71,,,1,101,,1549058,71,,,1,100,,1549059,71,,,1,100,,1549045,71,,,1,100,,1549046,71,,,1,100,,1549047,71,,,1,100,,1549048,71,,,1,101,,1549049,71,,,1,100,,1549050,71,,,1,101,,1549051,71,,,1,101,,1549052,71,,,1,97,,1549053,71,,,1,99,,1549054,71,,,1,100,,1549055,71,,,1,100,,1549056,71,,,1,100,,1549057,71,,,1,169,,1549060,71,,,1
7400,'20261011',843,,1549061,71,,,1,101,,1549075,71,,,1,100,,1549062,71,,,1,100,,1549076,71,,,1,100,,1549069,71,,,1,100,,1549070,71,,,1,100,,1549071,71,,,1,101,,1549072,71,,,1,100,,1549073,71,,,1,101,,1549074,71,,,1,101,,1549063,71,,,1,97,,1549067,71,,,1,99,,1549068,71,,,1,100,,1549064,71,,,1,100,,1549065,71,,,1,100,,1549066,71,,,1,169,,1549077,71,,,1
7400,'20261012',843,,1549078,71,,,1,101,,1549092,71,,,1,100,,1549079,71,,,1,100,,1549093,71,,,1,100,,1549086,71,,,1,100,,1549087,71,,,1,100,,1549088,71,,,1,101,,1549089,71,,,1,100,,1549090,71,,,1,101,,1549091,71,,,1,101,,1549080,71,,,1,97,,1549084,71,,,1,99,,1549085,71,,,1,100,,1549081,71,,,1,100,,1549082,71,,,1,100,,1549083,71,,,1,169,,1549094,71,,,1
28401,'20260929',634,,1553279,32,,,0,24,,1553280,32,,,0,63,,1553281,32,,,0,15,,1553282,32,,,0,68,,1553283,32,,,0
28401,'20260930',634,,1553284,32,,,0,24,,1553285,32,,,0,63,,1553286,32,,,0,15,,1553287,32,,,0,68,,1553288,32,,,0
28401,'20261001',634,,1553289,32,,,0,24,,1553290,32,,,0,63,,1553291,32,,,0,15,,1553292,32,,,0,68,,1553293,32,,,0
28401,'20261002',634,,1476446,32,,,0,24,,1476443,32,,,0,63,,1476447,32,,,0,15,,1476444,32,,,0,68,,1476445,32,,,0
28401,'20261005',634,,1499483,32,,,0,24,,1499480,32,,,0,63,,1499484,32,,,0,15,,1499481,32,,,0,68,,1499482,32,,,0
28401,'20261006',634,,1527724,32,,,0,24,,1527721,32,,,0,63,,1527725,32,,,0,15,,1527722,32,,,0,68,,1527723,32,,,0
28401,'20261007',634,,1527729,32,,,0,24,,1527726,32,,,0,63,,1527730,32,,,0,15,,1527727,32,,,0,68,,1527728,32,,,0
28401,'20261008',634,,1527734,32,,,0,24,,1527731,32,,,0,63,,1527735,32,,,0,15,,1527732,32,,,0,68,,1527733,32,,,0
28401,'20261009',634,,1527739,32,,,0,24,,1527736,32,,,0,63,,1527740,32,,,0,15,,1527737,32,,,0,68,,1527738,32,,,0
38401,'20260929',626,,1553831,32,,,0,27,,1553832,32,,,0,69,,1553833,32,,,0,184,,1553834,32,,,0
38401,'20260930',626,,1553835,32,,,0,27,,1553836,32,,,0,69,,1553837,32,,,0,184,,1553838,32,,,0
38401,'20261001',626,,1553839,32,,,0,27,,1553840,32,,,0,69,,1553841,32,,,0,184,,1553842,32,,,0
38401,'20261002',626,,1477166,32,,,0,27,,1477164,32,,,0,69,,1477165,32,,,0,184,,1477167,32,,,0
38401,'20261005',626,,1500211,32,,,0,27,,1500209,32,,,0,69,,1500210,32,,,0,184,,1500212,32,,,0
38401,'20261006',626,,1528809,32,,,0,27,,1528807,32,,,0,69,,1528808,32,,,0,184,,1528810,32,,,0
38401,'20261007',626,,1528813,32,,,0,27,,1528811,32,,,0,69,,1528812,32,,,0,184,,1528814,32,,,0
38401,'20261008',626,,1528817,32,,,0,27,,1528815,32,,,0,69,,1528816,32,,,0,184,,1528818,32,,,0
38401,'20261009',626,,1528821,32,,,0,27,,1528819,32,,,0,69,,1528820,32,,,0,184,,1528822,32,,,0
58401,'20260929',629,,1554189,32,,,0,26,,1554190,32,,,0,65,,1554191,32,,,0
58401,'20260930',629,,1554192,32,,,0,26,,1554193,32,,,0,65,,1554194,32,,,0
58401,'20261001',629,,1554195,32,,,0,26,,1554196,32,,,0,65,,1554197,32,,,0
58401,'20261002',629,,1477705,32,,,0,26,,1477704,32,,,0,65,,1477706,32,,,0
58401,'20261005',629,,1500678,32,,,0,26,,1500677,32,,,0,65,,1500679,32,,,0
58401,'20261006',629,,1529517,32,,,0,26,,1529516,32,,,0,65,,1529518,32,,,0
58401,'20261007',629,,1529520,32,,,0,26,,1529519,32,,,0,65,,1529521,32,,,0
58401,'20261008',629,,1529523,32,,,0,26,,1529522,32,,,0,65,,1529524,32,,,0
58401,'20261009',629,,1529526,32,,,0,26,,1529525,32,,,0,65,,1529527,32,,,0
98400,'20261002',2620,,1485613,87,,,0
98400,'20261003',2620,,1508568,87,,,0
98400,'20261009',2620,,1540250,87,,,0
98400,'20261010',2620,,1561869,87,,,0
