8401,'20261006',612,,1608718,13,,,1,27,,1608719,13,,,1,68,,1608720,13,,,1,29,,1608721,13,,,1,69,,1608722,13,,,1,33,,1608723,13,,,1,72,,1608724,13,,,1,101,,1608725,13,,,1,100,,1608726,13,,,1,98,,1608727,13,,,1,102,,1608728,13,,,1,99,,1608729,13,,,1,97,,1608730,13,,,1,95,,1608731,13,,,1,108,,1608732,13,,,1,103,,1608733,13,,,1,100,,1608734,13,,,1,100,,1608735,13,,,1,102,,1608736,13,,,1,100,,1608737,13,,,1,100,,1608738,13,,,1
8401,'20261007',612,,1608739,13,,,1,27,,1608740,13,,,1,68,,1608741,13,,,1,29,,1608742,13,,,1,69,,1608743,13,,,1,33,,1608744,13,,,1,72,,1608745,13,,,1,101,,1608746,13,,,1,100,,1608747,13,,,1,98,,1608748,13,,,1,102,,1608749,13,,,1,99,,1608750,13,,,1,97,,1608751,13,,,1,95,,1608752,13,,,1,108,,1608753,13,,,1,103,,1608754,13,,,1,100,,1608755,13,,,1,100,,1608756,13,,,1,102,,1608757,13,,,1,100,,1608758,13,,,1,100,,1608759,13,,,1
8401,'20261008',612,,1608760,13,,,1,27,,1608761,13,,,1,68,,1608762,13,,,1,29,,1608763,13,,,1,69,,1608764,13,,,1,33,,1608765,13,,,1,72,,1608766,13,,,1,101,,1608767,13,,,1,100,,1608768,13,,,1,98,,1608769,13,,,1,102,,1608770,13,,,1,99,,1608771,13,,,1,97,,1608772,13,,,1,95,,1608773,13,,,1,108,,1608774,13,,,1,103,,1608775,13,,,1,100,,1608776,13,,,1,100,,1608777,13,,,1,102,,1608778,13,,,1,100,,1608779,13,,,1,100,,1608780,13,,,1
8401,'20261009',612,,1608781,13,,,1,27,,1608782,13,,,1,68,,1608783,13,,,1,29,,1608784,13,,,1,69,,1608785,13,,,1,33,,1608786,13,,,1,72,,1608787,13,,,1,101,,1608788,13,,,1,100,,1608789,13,,,1,98,,1608790,13,,,1,102,,1608791,13,,,1,99,,1608792,13,,,1,97,,1608793,13,,,1,95,,1608794,13,,,1,108,,1608795,13,,,1,103,,1608796,13,,,1,100,,1608797,13,,,1,100,,1608798,13,,,1,102,,1608799,13,,,1,100,,1608800,13,,,1,100,,1608801,13,,,1
8401,'20261010',615,,1550844,13,,,1,98,,1550859,13,,,1,99,,1550845,13,,,1,100,,1550858,13,,,1,100,,1550846,13,,,1,100,,1550853,13,,,1,100,,1550854,13,,,1,99,,1550855,13,,,1,100,,1550856,13,,,1,99,,1550857,13,,,1,102,,1550848,13,,,1,101,,1550847,13,,,1,101,,1550849,13,,,1,100,,1550852,13,,,1,100,,1550851,13,,,1,100,,1550850,13,,,1,102,,1550860,13,,,1,100,,1550861,13,,,1
8401,'20261011',615,,1550874,13,,,1,98,,1550878,13,,,1,99,,1550877,13,,,1,100,,1550875,13,,,1,100,,1550862,13,,,1,100,,1550868,13,,,1,100,,1550863,13,,,1,99,,1550869,13,,,1,100,,1550864,13,,,1,99,,1550870,13,,,1,102,,1550865,13,,,1,101,,1550871,13,,,1,101,,1550866,13,,,1,100,,1550872,13,,,1,100,,1550867,13,,,1,100,,1550873,13,,,1,102,,1550876,13,,,1,100,,1550879,13,,,1
8401,'20261012',615,,1550892,13,,,1,98,,1550896,13,,,1,99,,1550895,13,,,1,100,,1550893,13,,,1,100,,1550880,13,,,1,100,,1550886,13,,,1,100,,1550881,13,,,1,99,,1550887,13,,,1,100,,1550882,13,,,1,99,,1550888,13,,,1,102,,1550883,13,,,1,101,,1550889,13,,,1,101,,1550884,13,,,1,100,,1550890,13,,,1,100,,1550885,13,,,1,100,,1550891,13,,,1,102,,1550894,13,,,1,100,,1550897,13,,,1
8401,'20261013',612,,1577064,13,,,1,27,,1577083,13,,,1,68,,1577065,13,,,1,29,,1577084,13,,,1,69,,1577066,13,,,1,33,,1577081,13,,,1,72,,1577067,13,,,1,101,,1577068,13,,,1,100,,1577069,13,,,1,98,,1577070,13,,,1,102,,1577071,13,,,1,99,,1577072,13,,,1,97,,1577073,13,,,1,95,,1577074,13,,,1,108,,1577075,13,,,1,103,,1577076,13,,,1,100,,1577077,13,,,1,100,,1577078,13,,,1,102,,1577079,13,,,1,100,,1577080,13,,,1,100,,1577082,13,,,1
8401,'20261014',612,,1577085,13,,,1,27,,1577104,13,,,1,68,,1577086,13,,,1,29,,1577105,13,,,1,69,,1577087,13,,,1,33,,1577102,13,,,1,72,,1577088,13,,,1,101,,1577089,13,,,1,100,,1577090,13,,,1,98,,1577091,13,,,1,102,,1577092,13,,,1,99,,1577093,13,,,1,97,,1577094,13,,,1,95,,1577095,13,,,1,108,,1577096,13,,,1,103,,1577097,13,,,1,100,,1577098,13,,,1,100,,1577099,13,,,1,102,,1577100,13,,,1,100,,1577101,13,,,1,100,,1577103,13,,,1
8401,'20261015',612,,1577106,13,,,1,27,,1577125,13,,,1,68,,1577107,13,,,1,29,,1577126,13,,,1,69,,1577108,13,,,1,33,,1577123,13,,,1,72,,1577109,13,,,1,101,,1577110,13,,,1,100,,1577111,13,,,1,98,,1577112,13,,,1,102,,1577113,13,,,1,99,,1577114,13,,,1,97,,1577115,13,,,1,95,,1577116,13,,,1,108,,1577117,13,,,1,103,,1577118,13,,,1,100,,1577119,13,,,1,100,,1577120,13,,,1,102,,1577121,13,,,1,100,,1577122,13,,,1,100,,1577124,13,,,1
8401,'20261016',612,,1577127,13,,,1,27,,1577146,13,,,1,68,,1577128,13,,,1,29,,1577147,13,,,1,69,,1577129,13,,,1,33,,1577144,13,,,1,72,,1577130,13,,,1,101,,1577131,13,,,1,100,,1577132,13,,,1,98,,1577133,13,,,1,102,,1577134,13,,,1,99,,1577135,13,,,1,97,,1577136,13,,,1,95,,1577137,13,,,1,108,,1577138,13,,,1,103,,1577139,13,,,1,100,,1577140,13,,,1,100,,1577141,13,,,1,102,,1577142,13,,,1,100,,1577143,13,,,1,100,,1577145,13,,,1
8401,'20261017',615,,1608802,13,,,1,98,,1608817,13,,,1,99,,1608803,13,,,1,100,,1608816,13,,,1,100,,1608804,13,,,1,100,,1608811,13,,,1,100,,1608812,13,,,1,99,,1608813,13,,,1,100,,1608814,13,,,1,99,,1608815,13,,,1,102,,1608806,13,,,1,101,,1608805,13,,,1,101,,1608807,13,,,1,100,,1608810,13,,,1,100,,1608809,13,,,1,100,,1608808,13,,,1,102,,1608818,13,,,1,100,,1608819,13,,,1
8401,'20261018',615,,1608832,13,,,1,98,,1608836,13,,,1,99,,1608835,13,,,1,100,,1608833,13,,,1,100,,1608820,13,,,1,100,,1608826,13,,,1,100,,1608821,13,,,1,99,,1608827,13,,,1,100,,1608822,13,,,1,99,,1608828,13,,,1,102,,1608823,13,,,1,101,,1608829,13,,,1,101,,1608824,13,,,1,100,,1608830,13,,,1,100,,1608825,13,,,1,100,,1608831,13,,,1,102,,1608834,13,,,1,100,,1608837,13,,,1
8401,'20261019',612,,1608838,13,,,1,27,,1608857,13,,,1,68,,1608839,13,,,1,29,,1608858,13,,,1,69,,1608840,13,,,1,33,,1608855,13,,,1,72,,1608841,13,,,1,101,,1608842,13,,,1,100,,1608843,13,,,1,98,,1608844,13,,,1,102,,1608845,13,,,1,99,,1608846,13,,,1,97,,1608847,13,,,1,95,,1608848,13,,,1,108,,1608849,13,,,1,103,,1608850,13,,,1,100,,1608851,13,,,1,100,,1608852,13,,,1,102,,1608853,13,,,1,100,,1608854,13,,,1,100,,1608856,13,,,1
8401,'20261020',612,,1608859,13,,,1,27,,1608878,13,,,1,68,,1608860,13,,,1,29,,1608879,13,,,1,69,,1608861,13,,,1,33,,1608876,13,,,1,72,,1608862,13,,,1,101,,1608863,13,,,1,100,,1608864,13,,,1,98,,1608865,13,,,1,102,,1608866,13,,,1,99,,1608867,13,,,1,97,,1608868,13,,,1,95,,1608869,13,,,1,108,,1608870,13,,,1,103,,1608871,13,,,1,100,,1608872,13,,,1,100,,1608873,13,,,1,102,,1608874,13,,,1,100,,1608875,13,,,1,100,,1608877,13,,,1
28401,'20261006',624,,1612734,9,,,0,24,,1612735,9,,,0,62,,1612736,9,,,0,15,,1612737,9,,,0,28,,1612738,9,,,0
28401,'20261007',624,,1612739,9,,,0,24,,1612740,9,,,0,62,,1612741,9,,,0,15,,1612742,9,,,0,28,,1612743,9,,,0
28401,'20261008',624,,1612744,9,,,0,24,,1612745,9,,,0,62,,1612746,9,,,0,15,,1612747,9,,,0,28,,1612748,9,,,0
28401,'20261009',624,,1612749,9,,,0,24,,1612750,9,,,0,62,,1612751,9,,,0,15,,1612752,9,,,0,28,,1612753,9,,,0
28401,'20261013',624,,1581000,9,,,0,24,,1580997,9,,,0,62,,1581001,9,,,0,15,,1580998,9,,,0,28,,1580999,9,,,0
28401,'20261014',624,,1581005,9,,,0,24,,1581002,9,,,0,62,,1581006,9,,,0,15,,1581003,9,,,0,28,,1581004,9,,,0
28401,'20261015',624,,1581010,9,,,0,24,,1581007,9,,,0,62,,1581011,9,,,0,15,,1581008,9,,,0,28,,1581009,9,,,0
28401,'20261016',624,,1581015,9,,,0,24,,1581012,9,,,0,62,,1581016,9,,,0,15,,1581013,9,,,0,28,,1581014,9,,,0
28401,'20261019',624,,1612757,9,,,0,24,,1612754,9,,,0,62,,1612758,9,,,0,15,,1612755,9,,,0,28,,1612756,9,,,0
28401,'20261020',624,,1612762,9,,,0,24,,1612759,9,,,0,62,,1612763,9,,,0,15,,1612760,9,,,0,28,,1612761,9,,,0
38401,'20261006',617,,1613838,9,,,0,25,,1613839,9,,,0,69,,1613840,9,,,0,144,,1613841,9,,,0
38401,'20261007',617,,1613842,9,,,0,25,,1613843,9,,,0,69,,1613844,9,,,0,144,,1613845,9,,,0
38401,'20261008',617,,1613846,9,,,0,25,,1613847,9,,,0,69,,1613848,9,,,0,144,,1613849,9,,,0
38401,'20261009',617,,1613850,9,,,0,25,,1613851,9,,,0,69,,1613852,9,,,0,144,,1613853,9,,,0
38401,'20261013',617,,1582085,9,,,0,25,,1582083,9,,,0,69,,1582084,9,,,0,144,,1582086,9,,,0
38401,'20261014',617,,1582089,9,,,0,25,,1582087,9,,,0,69,,1582088,9,,,0,144,,1582090,9,,,0
38401,'20261015',617,,1582093,9,,,0,25,,1582091,9,,,0,69,,1582092,9,,,0,144,,1582094,9,,,0
38401,'20261016',617,,1582097,9,,,0,25,,1582095,9,,,0,69,,1582096,9,,,0,144,,1582098,9,,,0
38401,'20261019',617,,1613856,9,,,0,25,,1613854,9,,,0,69,,1613855,9,,,0,144,,1613857,9,,,0
38401,'20261020',617,,1613860,9,,,0,25,,1613858,9,,,0,69,,1613859,9,,,0,144,,1613861,9,,,0
58401,'20261006',619,,1614544,9,,,0,25,,1614545,9,,,0,65,,1614546,9,,,0
58401,'20261007',619,,1614547,9,,,0,25,,1614548,9,,,0,65,,1614549,9,,,0
58401,'20261008',619,,1614550,9,,,0,25,,1614551,9,,,0,65,,1614552,9,,,0
58401,'20261009',619,,1614553,9,,,0,25,,1614554,9,,,0,65,,1614555,9,,,0
58401,'20261013',619,,1582793,9,,,0,25,,1582792,9,,,0,65,,1582794,9,,,0
58401,'20261014',619,,1582796,9,,,0,25,,1582795,9,,,0,65,,1582797,9,,,0
58401,'20261015',619,,1582799,9,,,0,25,,1582798,9,,,0,65,,1582800,9,,,0
58401,'20261016',619,,1582802,9,,,0,25,,1582801,9,,,0,65,,1582803,9,,,0
58401,'20261019',619,,1614557,9,,,0,25,,1614556,9,,,0,65,,1614558,9,,,0
58401,'20261020',619,,1614560,9,,,0,25,,1614559,9,,,0,65,,1614561,9,,,0
