5103,'20261002',603,,1569517,16,,,0,99,,1569518,16,,,0,103,,1569519,16,,,0,99,,1569520,16,,,0,99,,1569521,16,,,0,101,,1569522,16,,,0,100,,1569523,16,,,0,99,,1569524,16,,,0,100,,1569525,16,,,0,100,,1569526,16,,,0,101,,1569527,16,,,0,102,,1569528,16,,,0,97,,1569529,16,,,0,99,,1569530,16,,,0,100,,1569531,16,,,0,99,,1569532,16,,,0,101,,1569533,16,,,0,100,,1569534,16,,,0
5103,'20261003',705,,1569535,16,,,0,100,,1569536,16,,,0,100,,1569537,16,,,0,100,,1569538,16,,,0,100,,1569539,16,,,0,101,,1569540,16,,,0,104,,1569541,16,,,0,100,,1569542,16,,,0,100,,1569543,16,,,0,96,,1569544,16,,,0,103,,1569545,16,,,0,96,,1569546,16,,,0,95,,1569547,16,,,0,101,,1569548,16,,,0,100,,1569549,16,,,0,100,,1569550,16,,,0,100,,1569551,16,,,0
5103,'20261004',705,,1569552,16,,,0,100,,1569553,16,,,0,100,,1569554,16,,,0,100,,1569555,16,,,0,100,,1569556,16,,,0,101,,1569557,16,,,0,104,,1569558,16,,,0,100,,1569559,16,,,0,100,,1569560,16,,,0,96,,1569561,16,,,0,103,,1569562,16,,,0,96,,1569563,16,,,0,95,,1569564,16,,,0,101,,1569565,16,,,0,100,,1569566,16,,,0,100,,1569567,16,,,0,100,,1569568,16,,,0
5103,'20261005',603,,1569569,16,,,0,99,,1569570,16,,,0,103,,1569571,16,,,0,99,,1569572,16,,,0,99,,1569573,16,,,0,101,,1569574,16,,,0,100,,1569575,16,,,0,99,,1569576,16,,,0,100,,1569577,16,,,0,100,,1569578,16,,,0,101,,1569579,16,,,0,102,,1569580,16,,,0,97,,1569581,16,,,0,99,,1569582,16,,,0,100,,1569583,16,,,0,99,,1569584,16,,,0,101,,1569585,16,,,0,100,,1569586,16,,,0
5103,'20261006',603,,1516310,16,,,0,99,,1516311,16,,,0,103,,1516312,16,,,0,99,,1516313,16,,,0,99,,1516314,16,,,0,101,,1516315,16,,,0,100,,1516316,16,,,0,99,,1516317,16,,,0,100,,1516318,16,,,0,100,,1516319,16,,,0,101,,1516320,16,,,0,102,,1516321,16,,,0,97,,1516322,16,,,0,99,,1516323,16,,,0,100,,1516324,16,,,0,99,,1516325,16,,,0,101,,1516326,16,,,0,100,,1516327,16,,,0
5103,'20261007',603,,1516328,16,,,0,99,,1516329,16,,,0,103,,1516330,16,,,0,99,,1516331,16,,,0,99,,1516332,16,,,0,101,,1516333,16,,,0,100,,1516334,16,,,0,99,,1516335,16,,,0,100,,1516336,16,,,0,100,,1516337,16,,,0,101,,1516338,16,,,0,102,,1516339,16,,,0,97,,1516340,16,,,0,99,,1516341,16,,,0,100,,1516342,16,,,0,99,,1516343,16,,,0,101,,1516344,16,,,0,100,,1516345,16,,,0
5103,'20261008',603,,1516346,16,,,0,99,,1516347,16,,,0,103,,1516348,16,,,0,99,,1516349,16,,,0,99,,1516350,16,,,0,101,,1516351,16,,,0,100,,1516352,16,,,0,99,,1516353,16,,,0,100,,1516354,16,,,0,100,,1516355,16,,,0,101,,1516356,16,,,0,102,,1516357,16,,,0,97,,1516358,16,,,0,99,,1516359,16,,,0,100,,1516360,16,,,0,99,,1516361,16,,,0,101,,1516362,16,,,0,100,,1516363,16,,,0
5103,'20261009',603,,1516364,16,,,0,99,,1516365,16,,,0,103,,1516366,16,,,0,99,,1516367,16,,,0,99,,1516368,16,,,0,101,,1516369,16,,,0,100,,1516370,16,,,0,99,,1516371,16,,,0,100,,1516372,16,,,0,100,,1516373,16,,,0,101,,1516374,16,,,0,102,,1516375,16,,,0,97,,1516376,16,,,0,99,,1516377,16,,,0,100,,1516378,16,,,0,99,,1516379,16,,,0,101,,1516380,16,,,0,100,,1516381,16,,,0
5103,'20261010',705,,1545574,16,,,0,100,,1545558,16,,,0,100,,1545559,16,,,0,100,,1545560,16,,,0,100,,1545561,16,,,0,101,,1545562,16,,,0,104,,1545563,16,,,0,100,,1545564,16,,,0,100,,1545565,16,,,0,96,,1545566,16,,,0,103,,1545567,16,,,0,96,,1545568,16,,,0,95,,1545569,16,,,0,101,,1545570,16,,,0,100,,1545571,16,,,0,100,,1545572,16,,,0,100,,1545573,16,,,0
5103,'20261011',705,,1545589,16,,,0,100,,1545578,16,,,0,100,,1545579,16,,,0,100,,1545580,16,,,0,100,,1545575,16,,,0,101,,1545581,16,,,0,104,,1545576,16,,,0,100,,1545582,16,,,0,100,,1545583,16,,,0,96,,1545584,16,,,0,103,,1545577,16,,,0,96,,1545588,16,,,0,95,,1545590,16,,,0,101,,1545585,16,,,0,100,,1545586,16,,,0,100,,1545591,16,,,0,100,,1545587,16,,,0
5103,'20261012',705,,1545606,16,,,0,100,,1545595,16,,,0,100,,1545596,16,,,0,100,,1545597,16,,,0,100,,1545592,16,,,0,101,,1545598,16,,,0,104,,1545593,16,,,0,100,,1545599,16,,,0,100,,1545600,16,,,0,96,,1545601,16,,,0,103,,1545594,16,,,0,96,,1545605,16,,,0,95,,1545607,16,,,0,101,,1545602,16,,,0,100,,1545603,16,,,0,100,,1545608,16,,,0,100,,1545604,16,,,0
5103,'20261013',603,,1569587,16,,,0,99,,1569588,16,,,0,103,,1569589,16,,,0,99,,1569590,16,,,0,99,,1569591,16,,,0,101,,1569592,16,,,0,100,,1569593,16,,,0,99,,1569594,16,,,0,100,,1569595,16,,,0,100,,1569596,16,,,0,101,,1569597,16,,,0,102,,1569598,16,,,0,97,,1569599,16,,,0,99,,1569600,16,,,0,100,,1569601,16,,,0,99,,1569602,16,,,0,101,,1569603,16,,,0,100,,1569604,16,,,0
5103,'20261014',603,,1569605,16,,,0,99,,1569606,16,,,0,103,,1569607,16,,,0,99,,1569608,16,,,0,99,,1569609,16,,,0,101,,1569610,16,,,0,100,,1569611,16,,,0,99,,1569612,16,,,0,100,,1569613,16,,,0,100,,1569614,16,,,0,101,,1569615,16,,,0,102,,1569616,16,,,0,97,,1569617,16,,,0,99,,1569618,16,,,0,100,,1569619,16,,,0,99,,1569620,16,,,0,101,,1569621,16,,,0,100,,1569622,16,,,0
5103,'20261015',603,,1569623,16,,,0,99,,1569624,16,,,0,103,,1569625,16,,,0,99,,1569626,16,,,0,99,,1569627,16,,,0,101,,1569628,16,,,0,100,,1569629,16,,,0,99,,1569630,16,,,0,100,,1569631,16,,,0,100,,1569632,16,,,0,101,,1569633,16,,,0,102,,1569634,16,,,0,97,,1569635,16,,,0,99,,1569636,16,,,0,100,,1569637,16,,,0,99,,1569638,16,,,0,101,,1569639,16,,,0,100,,1569640,16,,,0
5103,'20261016',603,,1569641,16,,,0,99,,1569642,16,,,0,103,,1569643,16,,,0,99,,1569644,16,,,0,99,,1569645,16,,,0,101,,1569646,16,,,0,100,,1569647,16,,,0,99,,1569648,16,,,0,100,,1569649,16,,,0,100,,1569650,16,,,0,101,,1569651,16,,,0,102,,1569652,16,,,0,97,,1569653,16,,,0,99,,1569654,16,,,0,100,,1569655,16,,,0,99,,1569656,16,,,0,101,,1569657,16,,,0,100,,1569658,16,,,0
25101,'20261002',652,,1580119,16,,,0,65,,1580120,16,,,0,30,,1580121,16,,,0
25101,'20261005',652,,1580122,16,,,0,65,,1580123,16,,,0,30,,1580124,16,,,0
25101,'20261006',652,,1526853,16,,,0,65,,1526854,16,,,0,30,,1526855,16,,,0
25101,'20261007',652,,1526856,16,,,0,65,,1526857,16,,,0,30,,1526858,16,,,0
25101,'20261008',652,,1526859,16,,,0,65,,1526860,16,,,0,30,,1526861,16,,,0
25101,'20261009',652,,1526862,16,,,0,65,,1526863,16,,,0,30,,1526864,16,,,0
25101,'20261013',652,,1580125,16,,,0,65,,1580126,16,,,0,30,,1580127,16,,,0
25101,'20261014',652,,1580128,16,,,0,65,,1580129,16,,,0,30,,1580130,16,,,0
25101,'20261015',652,,1580131,16,,,0,65,,1580132,16,,,0,30,,1580133,16,,,0
25101,'20261016',652,,1580134,16,,,0,65,,1580135,16,,,0,30,,1580136,16,,,0
