9403,'20261009',713,,1610900,27,,,0,101,,1610901,27,,,0,100,,1610902,27,,,0,100,,1610903,27,,,0,100,,1610904,27,,,0,100,,1610905,27,,,0,100,,1610906,27,,,0,99,,1610907,27,,,0,99,,1610908,27,,,0,30,,1610909,27,,,0,67,,1610910,27,,,0,29,,1610911,27,,,0,76,,1610912,27,,,0,29,,1610913,27,,,0,71,,1610914,27,,,0,100,,1610915,27,,,0,101,,1610916,27,,,0,99,,1610917,27,,,0,101,,1610918,27,,,0,98,,1610919,27,,,0
9403,'20261010',715,,1637310,27,,,0,100,,1637311,27,,,0,100,,1637312,27,,,0,101,,1637313,27,,,0,100,,1637314,27,,,0,100,,1637315,27,,,0,101,,1637316,27,,,0,100,,1637317,27,,,0,100,,1637318,27,,,0,100,,1637319,27,,,0,100,,1637320,27,,,0,100,,1637321,27,,,0,98,,1637322,27,,,0,100,,1637323,27,,,0,99,,1637324,27,,,0,100,,1637325,27,,,0,100,,1637326,27,,,0
9403,'20261011',715,,1637327,27,,,0,100,,1637328,27,,,0,100,,1637329,27,,,0,101,,1637330,27,,,0,100,,1637331,27,,,0,100,,1637332,27,,,0,101,,1637333,27,,,0,100,,1637334,27,,,0,100,,1637335,27,,,0,100,,1637336,27,,,0,100,,1637337,27,,,0,100,,1637338,27,,,0,98,,1637339,27,,,0,100,,1637340,27,,,0,99,,1637341,27,,,0,100,,1637342,27,,,0,100,,1637343,27,,,0
9403,'20261012',715,,1637344,27,,,0,100,,1637345,27,,,0,100,,1637346,27,,,0,101,,1637347,27,,,0,100,,1637348,27,,,0,100,,1637349,27,,,0,101,,1637350,27,,,0,100,,1637351,27,,,0,100,,1637352,27,,,0,100,,1637353,27,,,0,100,,1637354,27,,,0,100,,1637355,27,,,0,98,,1637356,27,,,0,100,,1637357,27,,,0,99,,1637358,27,,,0,100,,1637359,27,,,0,100,,1637360,27,,,0
9403,'20261013',713,,1579175,27,,,0,101,,1579176,27,,,0,100,,1579177,27,,,0,100,,1579178,27,,,0,100,,1579179,27,,,0,100,,1579180,27,,,0,100,,1579181,27,,,0,99,,1579182,27,,,0,99,,1579183,27,,,0,30,,1579184,27,,,0,67,,1579185,27,,,0,29,,1579171,27,,,0,76,,1579172,27,,,0,29,,1579190,27,,,0,71,,1579189,27,,,0,100,,1579173,27,,,0,101,,1579174,27,,,0,99,,1579186,27,,,0,101,,1579187,27,,,0,98,,1579188,27,,,0
9403,'20261014',713,,1579195,27,,,0,101,,1579196,27,,,0,100,,1579197,27,,,0,100,,1579198,27,,,0,100,,1579199,27,,,0,100,,1579200,27,,,0,100,,1579201,27,,,0,99,,1579202,27,,,0,99,,1579203,27,,,0,30,,1579204,27,,,0,67,,1579205,27,,,0,29,,1579191,27,,,0,76,,1579192,27,,,0,29,,1579210,27,,,0,71,,1579209,27,,,0,100,,1579193,27,,,0,101,,1579194,27,,,0,99,,1579206,27,,,0,101,,1579207,27,,,0,98,,1579208,27,,,0
9403,'20261015',713,,1579215,27,,,0,101,,1579216,27,,,0,100,,1579217,27,,,0,100,,1579218,27,,,0,100,,1579219,27,,,0,100,,1579220,27,,,0,100,,1579221,27,,,0,99,,1579222,27,,,0,99,,1579223,27,,,0,30,,1579224,27,,,0,67,,1579225,27,,,0,29,,1579211,27,,,0,76,,1579212,27,,,0,29,,1579230,27,,,0,71,,1579229,27,,,0,100,,1579213,27,,,0,101,,1579214,27,,,0,99,,1579226,27,,,0,101,,1579227,27,,,0,98,,1579228,27,,,0
9403,'20261016',713,,1579235,27,,,0,101,,1579236,27,,,0,100,,1579237,27,,,0,100,,1579238,27,,,0,100,,1579239,27,,,0,100,,1579240,27,,,0,100,,1579241,27,,,0,99,,1579242,27,,,0,99,,1579243,27,,,0,30,,1579244,27,,,0,67,,1579245,27,,,0,29,,1579231,27,,,0,76,,1579232,27,,,0,29,,1579250,27,,,0,71,,1579249,27,,,0,100,,1579233,27,,,0,101,,1579234,27,,,0,99,,1579246,27,,,0,101,,1579247,27,,,0,98,,1579248,27,,,0
9403,'20261017',715,,1610920,27,,,0,100,,1610921,27,,,0,100,,1610922,27,,,0,101,,1610923,27,,,0,100,,1610924,27,,,0,100,,1610925,27,,,0,101,,1610926,27,,,0,100,,1610927,27,,,0,100,,1610928,27,,,0,100,,1610929,27,,,0,100,,1610930,27,,,0,100,,1610931,27,,,0,98,,1610932,27,,,0,100,,1610933,27,,,0,99,,1610934,27,,,0,100,,1610935,27,,,0,100,,1610936,27,,,0
9403,'20261018',715,,1610937,27,,,0,100,,1610938,27,,,0,100,,1610939,27,,,0,101,,1610940,27,,,0,100,,1610941,27,,,0,100,,1610942,27,,,0,101,,1610943,27,,,0,100,,1610944,27,,,0,100,,1610945,27,,,0,100,,1610946,27,,,0,100,,1610947,27,,,0,100,,1610948,27,,,0,98,,1610949,27,,,0,100,,1610950,27,,,0,99,,1610951,27,,,0,100,,1610952,27,,,0,100,,1610953,27,,,0
9403,'20261019',713,,1610958,27,,,0,101,,1610959,27,,,0,100,,1610960,27,,,0,100,,1610961,27,,,0,100,,1610962,27,,,0,100,,1610963,27,,,0,100,,1610964,27,,,0,99,,1610965,27,,,0,99,,1610966,27,,,0,30,,1610967,27,,,0,67,,1610968,27,,,0,29,,1610954,27,,,0,76,,1610955,27,,,0,29,,1610973,27,,,0,71,,1610972,27,,,0,100,,1610956,27,,,0,101,,1610957,27,,,0,99,,1610969,27,,,0,101,,1610970,27,,,0,98,,1610971,27,,,0
9403,'20261020',713,,1610978,27,,,0,101,,1610979,27,,,0,100,,1610980,27,,,0,100,,1610981,27,,,0,100,,1610982,27,,,0,100,,1610983,27,,,0,100,,1610984,27,,,0,99,,1610985,27,,,0,99,,1610986,27,,,0,30,,1610987,27,,,0,67,,1610988,27,,,0,29,,1610974,27,,,0,76,,1610975,27,,,0,29,,1610993,27,,,0,71,,1610992,27,,,0,100,,1610976,27,,,0,101,,1610977,27,,,0,99,,1610989,27,,,0,101,,1610990,27,,,0,98,,1610991,27,,,0
9403,'20261021',713,,1637365,27,,,0,101,,1637366,27,,,0,100,,1637367,27,,,0,100,,1637368,27,,,0,100,,1637369,27,,,0,100,,1637370,27,,,0,100,,1637371,27,,,0,99,,1637372,27,,,0,99,,1637373,27,,,0,30,,1637374,27,,,0,67,,1637375,27,,,0,29,,1637361,27,,,0,76,,1637362,27,,,0,29,,1637380,27,,,0,71,,1637379,27,,,0,100,,1637363,27,,,0,101,,1637364,27,,,0,99,,1637376,27,,,0,101,,1637377,27,,,0,98,,1637378,27,,,0
9403,'20261022',713,,1637385,27,,,0,101,,1637386,27,,,0,100,,1637387,27,,,0,100,,1637388,27,,,0,100,,1637389,27,,,0,100,,1637390,27,,,0,100,,1637391,27,,,0,99,,1637392,27,,,0,99,,1637393,27,,,0,30,,1637394,27,,,0,67,,1637395,27,,,0,29,,1637381,27,,,0,76,,1637382,27,,,0,29,,1637400,27,,,0,71,,1637399,27,,,0,100,,1637383,27,,,0,101,,1637384,27,,,0,99,,1637396,27,,,0,101,,1637397,27,,,0,98,,1637398,27,,,0
9403,'20261023',713,,1637405,27,,,0,101,,1637406,27,,,0,100,,1637407,27,,,0,100,,1637408,27,,,0,100,,1637409,27,,,0,100,,1637410,27,,,0,100,,1637411,27,,,0,99,,1637412,27,,,0,99,,1637413,27,,,0,30,,1637414,27,,,0,67,,1637415,27,,,0,29,,1637401,27,,,0,76,,1637402,27,,,0,29,,1637420,27,,,0,71,,1637419,27,,,0,100,,1637403,27,,,0,101,,1637404,27,,,0,99,,1637416,27,,,0,101,,1637417,27,,,0,98,,1637418,27,,,0
9600,'20261009',640,,1611051,16,,,0,100,,1611052,16,,,0,102,,1611053,16,,,0,100,,1611054,16,,,0,100,,1611055,16,,,0,99,,1611056,16,,,0,100,,1611057,16,,,0,100,,1611058,16,,,0,99,,1611059,16,,,0,98,,1611060,16,,,0,67,,1611061,16,,,0,40,,1611062,16,,,0,65,,1611063,16,,,0,31,,1611064,16,,,0,100,,1611065,16,,,0,100,,1611066,16,,,0,100,,1611067,16,,,0,101,,1611068,16,,,0,100,,1611069,16,,,0
9600,'20261010',709,,1637421,16,,,0,100,,1637422,16,,,0,100,,1637423,16,,,0,99,,1637424,16,,,0,100,,1637425,16,,,0,96,,1637426,16,,,0,100,,1637427,16,,,0,108,,1637428,16,,,0,96,,1637429,16,,,0,96,,1637430,16,,,0,110,,1637431,16,,,0,95,,1637432,16,,,0,100,,1637433,16,,,0,100,,1637434,16,,,0,100,,1637435,16,,,0,100,,1637436,16,,,0
9600,'20261011',709,,1637437,16,,,0,100,,1637438,16,,,0,100,,1637439,16,,,0,99,,1637440,16,,,0,100,,1637441,16,,,0,96,,1637442,16,,,0,100,,1637443,16,,,0,108,,1637444,16,,,0,96,,1637445,16,,,0,96,,1637446,16,,,0,110,,1637447,16,,,0,95,,1637448,16,,,0,100,,1637449,16,,,0,100,,1637450,16,,,0,100,,1637451,16,,,0,100,,1637452,16,,,0
9600,'20261012',709,,1637453,16,,,0,100,,1637454,16,,,0,100,,1637455,16,,,0,99,,1637456,16,,,0,100,,1637457,16,,,0,96,,1637458,16,,,0,100,,1637459,16,,,0,108,,1637460,16,,,0,96,,1637461,16,,,0,96,,1637462,16,,,0,110,,1637463,16,,,0,95,,1637464,16,,,0,100,,1637465,16,,,0,100,,1637466,16,,,0,100,,1637467,16,,,0,100,,1637468,16,,,0
9600,'20261013',640,,1579321,16,,,0,100,,1579322,16,,,0,102,,1579323,16,,,0,100,,1579324,16,,,0,100,,1579325,16,,,0,99,,1579326,16,,,0,100,,1579327,16,,,0,100,,1579328,16,,,0,99,,1579329,16,,,0,98,,1579330,16,,,0,67,,1579331,16,,,0,40,,1579332,16,,,0,65,,1579333,16,,,0,31,,1579339,16,,,0,100,,1579334,16,,,0,100,,1579335,16,,,0,100,,1579336,16,,,0,101,,1579337,16,,,0,100,,1579338,16,,,0
9600,'20261014',640,,1579340,16,,,0,100,,1579341,16,,,0,102,,1579342,16,,,0,100,,1579343,16,,,0,100,,1579344,16,,,0,99,,1579345,16,,,0,100,,1579346,16,,,0,100,,1579347,16,,,0,99,,1579348,16,,,0,98,,1579349,16,,,0,67,,1579350,16,,,0,40,,1579351,16,,,0,65,,1579352,16,,,0,31,,1579358,16,,,0,100,,1579353,16,,,0,100,,1579354,16,,,0,100,,1579355,16,,,0,101,,1579356,16,,,0,100,,1579357,16,,,0
9600,'20261015',640,,1579359,16,,,0,100,,1579360,16,,,0,102,,1579361,16,,,0,100,,1579362,16,,,0,100,,1579363,16,,,0,99,,1579364,16,,,0,100,,1579365,16,,,0,100,,1579366,16,,,0,99,,1579367,16,,,0,98,,1579368,16,,,0,67,,1579369,16,,,0,40,,1579370,16,,,0,65,,1579371,16,,,0,31,,1579377,16,,,0,100,,1579372,16,,,0,100,,1579373,16,,,0,100,,1579374,16,,,0,101,,1579375,16,,,0,100,,1579376,16,,,0
9600,'20261016',640,,1579378,16,,,0,100,,1579379,16,,,0,102,,1579380,16,,,0,100,,1579381,16,,,0,100,,1579382,16,,,0,99,,1579383,16,,,0,100,,1579384,16,,,0,100,,1579385,16,,,0,99,,1579386,16,,,0,98,,1579387,16,,,0,67,,1579388,16,,,0,40,,1579389,16,,,0,65,,1579390,16,,,0,31,,1579396,16,,,0,100,,1579391,16,,,0,100,,1579392,16,,,0,100,,1579393,16,,,0,101,,1579394,16,,,0,100,,1579395,16,,,0
9600,'20261017',709,,1611085,16,,,0,100,,1611070,16,,,0,100,,1611071,16,,,0,99,,1611072,16,,,0,100,,1611073,16,,,0,96,,1611074,16,,,0,100,,1611075,16,,,0,108,,1611076,16,,,0,96,,1611077,16,,,0,96,,1611078,16,,,0,110,,1611079,16,,,0,95,,1611080,16,,,0,100,,1611081,16,,,0,100,,1611082,16,,,0,100,,1611083,16,,,0,100,,1611084,16,,,0
9600,'20261018',709,,1611086,16,,,0,100,,1611087,16,,,0,100,,1611088,16,,,0,99,,1611089,16,,,0,100,,1611090,16,,,0,96,,1611091,16,,,0,100,,1611092,16,,,0,108,,1611093,16,,,0,96,,1611094,16,,,0,96,,1611095,16,,,0,110,,1611096,16,,,0,95,,1611097,16,,,0,100,,1611098,16,,,0,100,,1611099,16,,,0,100,,1611100,16,,,0,100,,1611101,16,,,0
9600,'20261019',640,,1611102,16,,,0,100,,1611103,16,,,0,102,,1611104,16,,,0,100,,1611105,16,,,0,100,,1611106,16,,,0,99,,1611107,16,,,0,100,,1611108,16,,,0,100,,1611109,16,,,0,99,,1611110,16,,,0,98,,1611111,16,,,0,67,,1611112,16,,,0,40,,1611113,16,,,0,65,,1611114,16,,,0,31,,1611120,16,,,0,100,,1611115,16,,,0,100,,1611116,16,,,0,100,,1611117,16,,,0,101,,1611118,16,,,0,100,,1611119,16,,,0
9600,'20261020',640,,1611121,16,,,0,100,,1611122,16,,,0,102,,1611123,16,,,0,100,,1611124,16,,,0,100,,1611125,16,,,0,99,,1611126,16,,,0,100,,1611127,16,,,0,100,,1611128,16,,,0,99,,1611129,16,,,0,98,,1611130,16,,,0,67,,1611131,16,,,0,40,,1611132,16,,,0,65,,1611133,16,,,0,31,,1611139,16,,,0,100,,1611134,16,,,0,100,,1611135,16,,,0,100,,1611136,16,,,0,101,,1611137,16,,,0,100,,1611138,16,,,0
9600,'20261021',640,,1637469,16,,,0,100,,1637470,16,,,0,102,,1637471,16,,,0,100,,1637472,16,,,0,100,,1637473,16,,,0,99,,1637474,16,,,0,100,,1637475,16,,,0,100,,1637476,16,,,0,99,,1637477,16,,,0,98,,1637478,16,,,0,67,,1637479,16,,,0,40,,1637480,16,,,0,65,,1637481,16,,,0,31,,1637487,16,,,0,100,,1637482,16,,,0,100,,1637483,16,,,0,100,,1637484,16,,,0,101,,1637485,16,,,0,100,,1637486,16,,,0
9600,'20261022',640,,1637488,16,,,0,100,,1637489,16,,,0,102,,1637490,16,,,0,100,,1637491,16,,,0,100,,1637492,16,,,0,99,,1637493,16,,,0,100,,1637494,16,,,0,100,,1637495,16,,,0,99,,1637496,16,,,0,98,,1637497,16,,,0,67,,1637498,16,,,0,40,,1637499,16,,,0,65,,1637500,16,,,0,31,,1637506,16,,,0,100,,1637501,16,,,0,100,,1637502,16,,,0,100,,1637503,16,,,0,101,,1637504,16,,,0,100,,1637505,16,,,0
9600,'20261023',640,,1637507,16,,,0,100,,1637508,16,,,0,102,,1637509,16,,,0,100,,1637510,16,,,0,100,,1637511,16,,,0,99,,1637512,16,,,0,100,,1637513,16,,,0,100,,1637514,16,,,0,99,,1637515,16,,,0,98,,1637516,16,,,0,67,,1637517,16,,,0,40,,1637518,16,,,0,65,,1637519,16,,,0,31,,1637525,16,,,0,100,,1637520,16,,,0,100,,1637521,16,,,0,100,,1637522,16,,,0,101,,1637523,16,,,0,100,,1637524,16,,,0
29403,'20261009',1623,,1612990,34,4,,0,99,,1612989,34,4,,0,32,,1612991,34,4,,0
29403,'20261013',1623,,1581239,34,4,,0,99,,1581240,34,4,,0,32,,1581241,34,4,,0
29403,'20261014',1623,,1581242,34,4,,0,99,,1581243,34,4,,0,32,,1581244,34,4,,0
29403,'20261015',1623,,1581245,34,4,,0,99,,1581246,34,4,,0,32,,1581247,34,4,,0
29403,'20261016',1623,,1581248,34,4,,0,99,,1581249,34,4,,0,32,,1581250,34,4,,0
29403,'20261019',1623,,1612992,34,4,,0,99,,1612993,34,4,,0,32,,1612994,34,4,,0
29403,'20261020',1623,,1612995,34,4,,0,99,,1612996,34,4,,0,32,,1612997,34,4,,0
29403,'20261021',1623,,1638474,34,4,,0,99,,1638475,34,4,,0,32,,1638476,34,4,,0
29403,'20261022',1623,,1638477,34,4,,0,99,,1638478,34,4,,0,32,,1638479,34,4,,0
29403,'20261023',1623,,1638480,34,4,,0,99,,1638481,34,4,,0,32,,1638482,34,4,,0
99103,'20261009',2620,,1625344,61,,,0,130,,1625345,61,,,0
99103,'20261010',2620,,1646905,61,,,0,130,,1646906,61,,,0
99103,'20261016',2620,,1593542,61,,,0,130,,1593543,61,,,0
99103,'20261017',2620,,1625346,61,,,0,130,,1625347,61,,,0
99103,'20261023',2620,,1646907,61,,,0,130,,1646908,61,,,0
7009003,'20261009',1606,,1625543,30,,,0
7009003,'20261013',1606,,1593676,30,,,0
7009003,'20261014',1606,,1593678,30,,,0
7009003,'20261015',1606,,1593680,30,,,0
7009003,'20261016',1606,,1593682,30,,,0
7009003,'20261019',1606,,1625544,30,,,0
7009003,'20261020',1606,,1625546,30,,,0
7009003,'20261021',1606,,1646973,30,,,0
7009003,'20261022',1606,,1646975,30,,,0
7009003,'20261023',1606,,1646977,30,,,0
