1803,'20260929',623,,1543441,22,,,0,15,,1543442,22,,,0,16,,1543443,22,,,0,55,,1543444,22,,,0,13,,1543445,22,,,0,14,,1543446,22,,,0,12,,1543447,22,,,0,5,,1543448,22,,,0,47,,1543449,22,,,0,8,,1543450,22,,,0,3,,1543451,22,,,0,4,,1543452,22,,,0,9,,1543453,22,,,0,9,,1543454,22,,,0,9,,1543455,22,,,0,14,,1543456,22,,,0,69,,1543457,22,,,0,31,,1543458,22,,,0,69,,1543459,22,,,0,30,,1543460,22,,,0,60,,1543461,22,,,0,19,,1543462,22,,,0,20,,1543463,22,,,0,71,,1543464,22,,,0,31,,1543465,22,,,0,70,,1543466,22,,,0,30,,1543467,22,,,0,69,,1543468,22,,,0,30,,1543469,22,,,0,71,,1543470,22,,,0,33,,1543440,22,,,0,52,,1543471,22,,,0,14,,1543472,22,,,0,18,,1543473,22,,,0,13,,1543474,22,,,0,71,,1543475,22,,,0,31,,1543476,22,,,0,71,,1543477,22,,,0,71,,1543478,22,,,0,100,,1543479,22,,,0,101,,1543480,22,,,0,100,,1543481,22,,,0,58,,1543482,22,,,0,142,,1543483,22,,,0
1803,'20260930',623,,1543485,22,,,0,15,,1543486,22,,,0,16,,1543487,22,,,0,55,,1543488,22,,,0,13,,1543489,22,,,0,14,,1543490,22,,,0,12,,1543491,22,,,0,5,,1543492,22,,,0,47,,1543493,22,,,0,8,,1543494,22,,,0,3,,1543495,22,,,0,4,,1543496,22,,,0,9,,1543497,22,,,0,9,,1543498,22,,,0,9,,1543499,22,,,0,14,,1543500,22,,,0,69,,1543501,22,,,0,31,,1543502,22,,,0,69,,1543503,22,,,0,30,,1543504,22,,,0,60,,1543505,22,,,0,19,,1543506,22,,,0,20,,1543507,22,,,0,71,,1543508,22,,,0,31,,1543509,22,,,0,70,,1543510,22,,,0,30,,1543511,22,,,0,69,,1543512,22,,,0,30,,1543513,22,,,0,71,,1543514,22,,,0,33,,1543484,22,,,0,52,,1543515,22,,,0,14,,1543516,22,,,0,18,,1543517,22,,,0,13,,1543518,22,,,0,71,,1543519,22,,,0,31,,1543520,22,,,0,71,,1543521,22,,,0,71,,1543522,22,,,0,100,,1543523,22,,,0,101,,1543524,22,,,0,100,,1543525,22,,,0,58,,1543526,22,,,0,142,,1543527,22,,,0
1803,'20261001',623,,1543529,22,,,0,15,,1543530,22,,,0,16,,1543531,22,,,0,55,,1543532,22,,,0,13,,1543533,22,,,0,14,,1543534,22,,,0,12,,1543535,22,,,0,5,,1543536,22,,,0,47,,1543537,22,,,0,8,,1543538,22,,,0,3,,1543539,22,,,0,4,,1543540,22,,,0,9,,1543541,22,,,0,9,,1543542,22,,,0,9,,1543543,22,,,0,14,,1543544,22,,,0,69,,1543545,22,,,0,31,,1543546,22,,,0,69,,1543547,22,,,0,30,,1543548,22,,,0,60,,1543549,22,,,0,19,,1543550,22,,,0,20,,1543551,22,,,0,71,,1543552,22,,,0,31,,1543553,22,,,0,70,,1543554,22,,,0,30,,1543555,22,,,0,69,,1543556,22,,,0,30,,1543557,22,,,0,71,,1543558,22,,,0,33,,1543528,22,,,0,52,,1543559,22,,,0,14,,1543560,22,,,0,18,,1543561,22,,,0,13,,1543562,22,,,0,71,,1543563,22,,,0,31,,1543564,22,,,0,71,,1543565,22,,,0,71,,1543566,22,,,0,100,,1543567,22,,,0,101,,1543568,22,,,0,100,,1543569,22,,,0,58,,1543570,22,,,0,142,,1543571,22,,,0
1803,'20261002',623,,1466052,22,,,0,15,,1466084,22,,,0,16,,1466053,22,,,0,55,,1466082,22,,,0,13,,1466085,22,,,0,14,,1466091,22,,,0,12,,1466054,22,,,0,5,,1466077,22,,,0,47,,1466089,22,,,0,8,,1466083,22,,,0,3,,1466093,22,,,0,4,,1466055,22,,,0,9,,1466088,22,,,0,9,,1466076,22,,,0,9,,1466056,22,,,0,14,,1466086,22,,,0,69,,1466057,22,,,0,31,,1466058,22,,,0,69,,1466059,22,,,0,30,,1466060,22,,,0,60,,1466090,22,,,0,19,,1466061,22,,,0,20,,1466062,22,,,0,71,,1466063,22,,,0,31,,1466064,22,,,0,70,,1466065,22,,,0,30,,1466066,22,,,0,69,,1466067,22,,,0,30,,1466068,22,,,0,71,,1466069,22,,,0,33,,1466070,22,,,0,52,,1466094,22,,,0,14,,1466071,22,,,0,18,,1466095,22,,,0,13,,1466072,22,,,0,71,,1466073,22,,,0,31,,1466074,22,,,0,71,,1466075,22,,,0,71,,1466092,22,,,0,100,,1466078,22,,,0,101,,1466079,22,,,0,100,,1466087,22,,,0,58,,1466080,22,,,0,142,,1466081,22,,,0
1803,'20261003',642,,1489087,22,,,0,100,,1489071,22,,,0,100,,1489072,22,,,0,100,,1489073,22,,,0,100,,1489074,22,,,0,97,,1489075,22,,,0,95,,1489076,22,,,0,105,,1489077,22,,,0,108,,1489078,22,,,0,88,,1489079,22,,,0,110,,1489080,22,,,0,97,,1489081,22,,,0,102,,1489082,22,,,0,97,,1489083,22,,,0,101,,1489084,22,,,0,101,,1489085,22,,,0,100,,1489086,22,,,0
1803,'20261004',642,,1489104,22,,,0,100,,1489088,22,,,0,100,,1489089,22,,,0,100,,1489090,22,,,0,100,,1489091,22,,,0,97,,1489092,22,,,0,95,,1489093,22,,,0,105,,1489094,22,,,0,108,,1489095,22,,,0,88,,1489096,22,,,0,110,,1489097,22,,,0,97,,1489098,22,,,0,102,,1489099,22,,,0,97,,1489100,22,,,0,101,,1489101,22,,,0,101,,1489102,22,,,0,100,,1489103,22,,,0
1803,'20261005',623,,1489105,22,,,0,15,,1489137,22,,,0,16,,1489106,22,,,0,55,,1489135,22,,,0,13,,1489138,22,,,0,14,,1489144,22,,,0,12,,1489107,22,,,0,5,,1489130,22,,,0,47,,1489142,22,,,0,8,,1489136,22,,,0,3,,1489146,22,,,0,4,,1489108,22,,,0,9,,1489141,22,,,0,9,,1489129,22,,,0,9,,1489109,22,,,0,14,,1489139,22,,,0,69,,1489110,22,,,0,31,,1489111,22,,,0,69,,1489112,22,,,0,30,,1489113,22,,,0,60,,1489143,22,,,0,19,,1489114,22,,,0,20,,1489115,22,,,0,71,,1489116,22,,,0,31,,1489117,22,,,0,70,,1489118,22,,,0,30,,1489119,22,,,0,69,,1489120,22,,,0,30,,1489121,22,,,0,71,,1489122,22,,,0,33,,1489123,22,,,0,52,,1489147,22,,,0,14,,1489124,22,,,0,18,,1489148,22,,,0,13,,1489125,22,,,0,71,,1489126,22,,,0,31,,1489127,22,,,0,71,,1489128,22,,,0,71,,1489145,22,,,0,100,,1489131,22,,,0,101,,1489132,22,,,0,100,,1489140,22,,,0,58,,1489133,22,,,0,142,,1489134,22,,,0
1803,'20261006',623,,1513290,22,,,0,15,,1513322,22,,,0,16,,1513291,22,,,0,55,,1513320,22,,,0,13,,1513323,22,,,0,14,,1513329,22,,,0,12,,1513292,22,,,0,5,,1513315,22,,,0,47,,1513327,22,,,0,8,,1513321,22,,,0,3,,1513331,22,,,0,4,,1513293,22,,,0,9,,1513326,22,,,0,9,,1513314,22,,,0,9,,1513294,22,,,0,14,,1513324,22,,,0,69,,1513295,22,,,0,31,,1513296,22,,,0,69,,1513297,22,,,0,30,,1513298,22,,,0,60,,1513328,22,,,0,19,,1513299,22,,,0,20,,1513300,22,,,0,71,,1513301,22,,,0,31,,1513302,22,,,0,70,,1513303,22,,,0,30,,1513304,22,,,0,69,,1513305,22,,,0,30,,1513306,22,,,0,71,,1513307,22,,,0,33,,1513308,22,,,0,52,,1513332,22,,,0,14,,1513309,22,,,0,18,,1513333,22,,,0,13,,1513310,22,,,0,71,,1513311,22,,,0,31,,1513312,22,,,0,71,,1513313,22,,,0,71,,1513330,22,,,0,100,,1513316,22,,,0,101,,1513317,22,,,0,100,,1513325,22,,,0,58,,1513318,22,,,0,142,,1513319,22,,,0
1803,'20261007',623,,1513334,22,,,0,15,,1513366,22,,,0,16,,1513335,22,,,0,55,,1513364,22,,,0,13,,1513367,22,,,0,14,,1513373,22,,,0,12,,1513336,22,,,0,5,,1513359,22,,,0,47,,1513371,22,,,0,8,,1513365,22,,,0,3,,1513375,22,,,0,4,,1513337,22,,,0,9,,1513370,22,,,0,9,,1513358,22,,,0,9,,1513338,22,,,0,14,,1513368,22,,,0,69,,1513339,22,,,0,31,,1513340,22,,,0,69,,1513341,22,,,0,30,,1513342,22,,,0,60,,1513372,22,,,0,19,,1513343,22,,,0,20,,1513344,22,,,0,71,,1513345,22,,,0,31,,1513346,22,,,0,70,,1513347,22,,,0,30,,1513348,22,,,0,69,,1513349,22,,,0,30,,1513350,22,,,0,71,,1513351,22,,,0,33,,1513352,22,,,0,52,,1513376,22,,,0,14,,1513353,22,,,0,18,,1513377,22,,,0,13,,1513354,22,,,0,71,,1513355,22,,,0,31,,1513356,22,,,0,71,,1513357,22,,,0,71,,1513374,22,,,0,100,,1513360,22,,,0,101,,1513361,22,,,0,100,,1513369,22,,,0,58,,1513362,22,,,0,142,,1513363,22,,,0
1803,'20261008',623,,1513378,22,,,0,15,,1513410,22,,,0,16,,1513379,22,,,0,55,,1513408,22,,,0,13,,1513411,22,,,0,14,,1513417,22,,,0,12,,1513380,22,,,0,5,,1513403,22,,,0,47,,1513415,22,,,0,8,,1513409,22,,,0,3,,1513419,22,,,0,4,,1513381,22,,,0,9,,1513414,22,,,0,9,,1513402,22,,,0,9,,1513382,22,,,0,14,,1513412,22,,,0,69,,1513383,22,,,0,31,,1513384,22,,,0,69,,1513385,22,,,0,30,,1513386,22,,,0,60,,1513416,22,,,0,19,,1513387,22,,,0,20,,1513388,22,,,0,71,,1513389,22,,,0,31,,1513390,22,,,0,70,,1513391,22,,,0,30,,1513392,22,,,0,69,,1513393,22,,,0,30,,1513394,22,,,0,71,,1513395,22,,,0,33,,1513396,22,,,0,52,,1513420,22,,,0,14,,1513397,22,,,0,18,,1513421,22,,,0,13,,1513398,22,,,0,71,,1513399,22,,,0,31,,1513400,22,,,0,71,,1513401,22,,,0,71,,1513418,22,,,0,100,,1513404,22,,,0,101,,1513405,22,,,0,100,,1513413,22,,,0,58,,1513406,22,,,0,142,,1513407,22,,,0
1803,'20261009',623,,1513422,22,,,0,15,,1513454,22,,,0,16,,1513423,22,,,0,55,,1513452,22,,,0,13,,1513455,22,,,0,14,,1513461,22,,,0,12,,1513424,22,,,0,5,,1513447,22,,,0,47,,1513459,22,,,0,8,,1513453,22,,,0,3,,1513463,22,,,0,4,,1513425,22,,,0,9,,1513458,22,,,0,9,,1513446,22,,,0,9,,1513426,22,,,0,14,,1513456,22,,,0,69,,1513427,22,,,0,31,,1513428,22,,,0,69,,1513429,22,,,0,30,,1513430,22,,,0,60,,1513460,22,,,0,19,,1513431,22,,,0,20,,1513432,22,,,0,71,,1513433,22,,,0,31,,1513434,22,,,0,70,,1513435,22,,,0,30,,1513436,22,,,0,69,,1513437,22,,,0,30,,1513438,22,,,0,71,,1513439,22,,,0,33,,1513440,22,,,0,52,,1513464,22,,,0,14,,1513441,22,,,0,18,,1513465,22,,,0,13,,1513442,22,,,0,71,,1513443,22,,,0,31,,1513444,22,,,0,71,,1513445,22,,,0,71,,1513462,22,,,0,100,,1513448,22,,,0,101,,1513449,22,,,0,100,,1513457,22,,,0,58,,1513450,22,,,0,142,,1513451,22,,,0
1803,'20261010',642,,1543588,22,,,0,100,,1543572,22,,,0,100,,1543573,22,,,0,100,,1543574,22,,,0,100,,1543575,22,,,0,97,,1543576,22,,,0,95,,1543577,22,,,0,105,,1543578,22,,,0,108,,1543579,22,,,0,88,,1543580,22,,,0,110,,1543581,22,,,0,97,,1543582,22,,,0,102,,1543583,22,,,0,97,,1543584,22,,,0,101,,1543585,22,,,0,101,,1543586,22,,,0,100,,1543587,22,,,0
1803,'20261011',642,,1543605,22,,,0,100,,1543589,22,,,0,100,,1543590,22,,,0,100,,1543591,22,,,0,100,,1543592,22,,,0,97,,1543593,22,,,0,95,,1543594,22,,,0,105,,1543595,22,,,0,108,,1543596,22,,,0,88,,1543597,22,,,0,110,,1543598,22,,,0,97,,1543599,22,,,0,102,,1543600,22,,,0,97,,1543601,22,,,0,101,,1543602,22,,,0,101,,1543603,22,,,0,100,,1543604,22,,,0
1803,'20261012',642,,1543622,22,,,0,100,,1543606,22,,,0,100,,1543607,22,,,0,100,,1543608,22,,,0,100,,1543609,22,,,0,97,,1543610,22,,,0,95,,1543611,22,,,0,105,,1543612,22,,,0,108,,1543613,22,,,0,88,,1543614,22,,,0,110,,1543615,22,,,0,97,,1543616,22,,,0,102,,1543617,22,,,0,97,,1543618,22,,,0,101,,1543619,22,,,0,101,,1543620,22,,,0,100,,1543621,22,,,0
