1802,'20260929',618,,1543257,2,,,0,20,,1543258,2,,,0,19,,1543259,2,,,0,57,,1543260,2,,,0,16,,1543261,2,,,0,16,,1543262,2,,,0,71,,1543263,2,,,0,31,,1543264,2,,,0,72,,1543265,2,,,0,30,,1543266,2,,,0,69,,1543267,2,,,0,30,,1543268,2,,,0,69,,1543269,2,,,0,20,,1543270,2,,,0,19,,1543271,2,,,0,61,,1543272,2,,,0,31,,1543273,2,,,0,70,,1543274,2,,,0,30,,1543275,2,,,0,70,,1543276,2,,,0,31,,1543277,2,,,0,50,,1543278,2,,,0,9,,1543279,2,,,0,10,,1543280,2,,,0,10,,1543281,2,,,0,9,,1543282,2,,,0,12,,1543283,2,,,0,54,,1543284,2,,,0,13,,1543285,2,,,0,22,,1543286,2,,,0,14,,1543287,2,,,0,58,,1543288,2,,,0,13,,1543289,2,,,0,14,,1543290,2,,,0,15,,1543291,2,,,0,54,,1543292,2,,,0,14,,1543293,2,,,0,30,,1543294,2,,,0,70,,1543295,2,,,0,99,,1543296,2,,,0,99,,1543297,2,,,0,100,,1543298,2,,,0,98,,1543299,2,,,0,101,,1543300,2,,,0
1802,'20260930',618,,1543301,2,,,0,20,,1543302,2,,,0,19,,1543303,2,,,0,57,,1543304,2,,,0,16,,1543305,2,,,0,16,,1543306,2,,,0,71,,1543307,2,,,0,31,,1543308,2,,,0,72,,1543309,2,,,0,30,,1543310,2,,,0,69,,1543311,2,,,0,30,,1543312,2,,,0,69,,1543313,2,,,0,20,,1543314,2,,,0,19,,1543315,2,,,0,61,,1543316,2,,,0,31,,1543317,2,,,0,70,,1543318,2,,,0,30,,1543319,2,,,0,70,,1543320,2,,,0,31,,1543321,2,,,0,50,,1543322,2,,,0,9,,1543323,2,,,0,10,,1543324,2,,,0,10,,1543325,2,,,0,9,,1543326,2,,,0,12,,1543327,2,,,0,54,,1543328,2,,,0,13,,1543329,2,,,0,22,,1543330,2,,,0,14,,1543331,2,,,0,58,,1543332,2,,,0,13,,1543333,2,,,0,14,,1543334,2,,,0,15,,1543335,2,,,0,54,,1543336,2,,,0,14,,1543337,2,,,0,30,,1543338,2,,,0,70,,1543339,2,,,0,99,,1543340,2,,,0,99,,1543341,2,,,0,100,,1543342,2,,,0,98,,1543343,2,,,0,101,,1543344,2,,,0
1802,'20261001',618,,1543345,2,,,0,20,,1543346,2,,,0,19,,1543347,2,,,0,57,,1543348,2,,,0,16,,1543349,2,,,0,16,,1543350,2,,,0,71,,1543351,2,,,0,31,,1543352,2,,,0,72,,1543353,2,,,0,30,,1543354,2,,,0,69,,1543355,2,,,0,30,,1543356,2,,,0,69,,1543357,2,,,0,20,,1543358,2,,,0,19,,1543359,2,,,0,61,,1543360,2,,,0,31,,1543361,2,,,0,70,,1543362,2,,,0,30,,1543363,2,,,0,70,,1543364,2,,,0,31,,1543365,2,,,0,50,,1543366,2,,,0,9,,1543367,2,,,0,10,,1543368,2,,,0,10,,1543369,2,,,0,9,,1543370,2,,,0,12,,1543371,2,,,0,54,,1543372,2,,,0,13,,1543373,2,,,0,22,,1543374,2,,,0,14,,1543375,2,,,0,58,,1543376,2,,,0,13,,1543377,2,,,0,14,,1543378,2,,,0,15,,1543379,2,,,0,54,,1543380,2,,,0,14,,1543381,2,,,0,30,,1543382,2,,,0,70,,1543383,2,,,0,99,,1543384,2,,,0,99,,1543385,2,,,0,100,,1543386,2,,,0,98,,1543387,2,,,0,101,,1543388,2,,,0
1802,'20261002',618,,1465842,2,,,0,20,,1465843,2,,,0,19,,1465875,2,,,0,57,,1465844,2,,,0,16,,1465876,2,,,0,16,,1465845,2,,,0,71,,1465846,2,,,0,31,,1465847,2,,,0,72,,1465848,2,,,0,30,,1465849,2,,,0,69,,1465850,2,,,0,30,,1465851,2,,,0,69,,1465882,2,,,0,20,,1465852,2,,,0,19,,1465853,2,,,0,61,,1465854,2,,,0,31,,1465855,2,,,0,70,,1465856,2,,,0,30,,1465857,2,,,0,70,,1465858,2,,,0,31,,1465859,2,,,0,50,,1465878,2,,,0,9,,1465883,2,,,0,10,,1465860,2,,,0,10,,1465879,2,,,0,9,,1465884,2,,,0,12,,1465861,2,,,0,54,,1465880,2,,,0,13,,1465862,2,,,0,22,,1465881,2,,,0,14,,1465863,2,,,0,58,,1465864,2,,,0,13,,1465865,2,,,0,14,,1465866,2,,,0,15,,1465867,2,,,0,54,,1465868,2,,,0,14,,1465869,2,,,0,30,,1465877,2,,,0,70,,1465885,2,,,0,99,,1465873,2,,,0,99,,1465871,2,,,0,100,,1465874,2,,,0,98,,1465870,2,,,0,101,,1465872,2,,,0
1802,'20261003',659,,1488882,2,,,0,100,,1488868,2,,,0,141,,1488869,2,,,0,100,,1488870,2,,,0,58,,1488871,2,,,0,94,,1488872,2,,,0,101,,1488873,2,,,0,105,,1488874,2,,,0,98,,1488875,2,,,0,99,,1488876,2,,,0,150,,1488877,2,,,0,96,,1488878,2,,,0,101,,1488879,2,,,0,56,,1488880,2,,,0,101,,1488881,2,,,0,100,,1488867,2,,,0,100,,1488883,2,,,0
1802,'20261004',659,,1488899,2,,,0,100,,1488885,2,,,0,141,,1488886,2,,,0,100,,1488887,2,,,0,58,,1488888,2,,,0,94,,1488889,2,,,0,101,,1488890,2,,,0,105,,1488891,2,,,0,98,,1488892,2,,,0,99,,1488893,2,,,0,150,,1488894,2,,,0,96,,1488895,2,,,0,101,,1488896,2,,,0,56,,1488897,2,,,0,101,,1488898,2,,,0,100,,1488884,2,,,0,100,,1488900,2,,,0
1802,'20261005',618,,1488901,2,,,0,20,,1488902,2,,,0,19,,1488934,2,,,0,57,,1488903,2,,,0,16,,1488935,2,,,0,16,,1488904,2,,,0,71,,1488905,2,,,0,31,,1488906,2,,,0,72,,1488907,2,,,0,30,,1488908,2,,,0,69,,1488909,2,,,0,30,,1488910,2,,,0,69,,1488941,2,,,0,20,,1488911,2,,,0,19,,1488912,2,,,0,61,,1488913,2,,,0,31,,1488914,2,,,0,70,,1488915,2,,,0,30,,1488916,2,,,0,70,,1488917,2,,,0,31,,1488918,2,,,0,50,,1488937,2,,,0,9,,1488942,2,,,0,10,,1488919,2,,,0,10,,1488938,2,,,0,9,,1488943,2,,,0,12,,1488920,2,,,0,54,,1488939,2,,,0,13,,1488921,2,,,0,22,,1488940,2,,,0,14,,1488922,2,,,0,58,,1488923,2,,,0,13,,1488924,2,,,0,14,,1488925,2,,,0,15,,1488926,2,,,0,54,,1488927,2,,,0,14,,1488928,2,,,0,30,,1488936,2,,,0,70,,1488944,2,,,0,99,,1488932,2,,,0,99,,1488930,2,,,0,100,,1488933,2,,,0,98,,1488929,2,,,0,101,,1488931,2,,,0
1802,'20261006',618,,1512992,2,,,0,20,,1512993,2,,,0,19,,1513025,2,,,0,57,,1512994,2,,,0,16,,1513026,2,,,0,16,,1512995,2,,,0,71,,1512996,2,,,0,31,,1512997,2,,,0,72,,1512998,2,,,0,30,,1512999,2,,,0,69,,1513000,2,,,0,30,,1513001,2,,,0,69,,1513032,2,,,0,20,,1513002,2,,,0,19,,1513003,2,,,0,61,,1513004,2,,,0,31,,1513005,2,,,0,70,,1513006,2,,,0,30,,1513007,2,,,0,70,,1513008,2,,,0,31,,1513009,2,,,0,50,,1513028,2,,,0,9,,1513033,2,,,0,10,,1513010,2,,,0,10,,1513029,2,,,0,9,,1513034,2,,,0,12,,1513011,2,,,0,54,,1513030,2,,,0,13,,1513012,2,,,0,22,,1513031,2,,,0,14,,1513013,2,,,0,58,,1513014,2,,,0,13,,1513015,2,,,0,14,,1513016,2,,,0,15,,1513017,2,,,0,54,,1513018,2,,,0,14,,1513019,2,,,0,30,,1513027,2,,,0,70,,1513035,2,,,0,99,,1513023,2,,,0,99,,1513021,2,,,0,100,,1513024,2,,,0,98,,1513020,2,,,0,101,,1513022,2,,,0
1802,'20261007',618,,1513036,2,,,0,20,,1513037,2,,,0,19,,1513069,2,,,0,57,,1513038,2,,,0,16,,1513070,2,,,0,16,,1513039,2,,,0,71,,1513040,2,,,0,31,,1513041,2,,,0,72,,1513042,2,,,0,30,,1513043,2,,,0,69,,1513044,2,,,0,30,,1513045,2,,,0,69,,1513076,2,,,0,20,,1513046,2,,,0,19,,1513047,2,,,0,61,,1513048,2,,,0,31,,1513049,2,,,0,70,,1513050,2,,,0,30,,1513051,2,,,0,70,,1513052,2,,,0,31,,1513053,2,,,0,50,,1513072,2,,,0,9,,1513077,2,,,0,10,,1513054,2,,,0,10,,1513073,2,,,0,9,,1513078,2,,,0,12,,1513055,2,,,0,54,,1513074,2,,,0,13,,1513056,2,,,0,22,,1513075,2,,,0,14,,1513057,2,,,0,58,,1513058,2,,,0,13,,1513059,2,,,0,14,,1513060,2,,,0,15,,1513061,2,,,0,54,,1513062,2,,,0,14,,1513063,2,,,0,30,,1513071,2,,,0,70,,1513079,2,,,0,99,,1513067,2,,,0,99,,1513065,2,,,0,100,,1513068,2,,,0,98,,1513064,2,,,0,101,,1513066,2,,,0
1802,'20261008',618,,1513080,2,,,0,20,,1513081,2,,,0,19,,1513113,2,,,0,57,,1513082,2,,,0,16,,1513114,2,,,0,16,,1513083,2,,,0,71,,1513084,2,,,0,31,,1513085,2,,,0,72,,1513086,2,,,0,30,,1513087,2,,,0,69,,1513088,2,,,0,30,,1513089,2,,,0,69,,1513120,2,,,0,20,,1513090,2,,,0,19,,1513091,2,,,0,61,,1513092,2,,,0,31,,1513093,2,,,0,70,,1513094,2,,,0,30,,1513095,2,,,0,70,,1513096,2,,,0,31,,1513097,2,,,0,50,,1513116,2,,,0,9,,1513121,2,,,0,10,,1513098,2,,,0,10,,1513117,2,,,0,9,,1513122,2,,,0,12,,1513099,2,,,0,54,,1513118,2,,,0,13,,1513100,2,,,0,22,,1513119,2,,,0,14,,1513101,2,,,0,58,,1513102,2,,,0,13,,1513103,2,,,0,14,,1513104,2,,,0,15,,1513105,2,,,0,54,,1513106,2,,,0,14,,1513107,2,,,0,30,,1513115,2,,,0,70,,1513123,2,,,0,99,,1513111,2,,,0,99,,1513109,2,,,0,100,,1513112,2,,,0,98,,1513108,2,,,0,101,,1513110,2,,,0
1802,'20261009',618,,1513124,2,,,0,20,,1513125,2,,,0,19,,1513157,2,,,0,57,,1513126,2,,,0,16,,1513158,2,,,0,16,,1513127,2,,,0,71,,1513128,2,,,0,31,,1513129,2,,,0,72,,1513130,2,,,0,30,,1513131,2,,,0,69,,1513132,2,,,0,30,,1513133,2,,,0,69,,1513164,2,,,0,20,,1513134,2,,,0,19,,1513135,2,,,0,61,,1513136,2,,,0,31,,1513137,2,,,0,70,,1513138,2,,,0,30,,1513139,2,,,0,70,,1513140,2,,,0,31,,1513141,2,,,0,50,,1513160,2,,,0,9,,1513165,2,,,0,10,,1513142,2,,,0,10,,1513161,2,,,0,9,,1513166,2,,,0,12,,1513143,2,,,0,54,,1513162,2,,,0,13,,1513144,2,,,0,22,,1513163,2,,,0,14,,1513145,2,,,0,58,,1513146,2,,,0,13,,1513147,2,,,0,14,,1513148,2,,,0,15,,1513149,2,,,0,54,,1513150,2,,,0,14,,1513151,2,,,0,30,,1513159,2,,,0,70,,1513167,2,,,0,99,,1513155,2,,,0,99,,1513153,2,,,0,100,,1513156,2,,,0,98,,1513152,2,,,0,101,,1513154,2,,,0
1802,'20261010',659,,1543404,2,,,0,100,,1543390,2,,,0,141,,1543391,2,,,0,100,,1543392,2,,,0,58,,1543393,2,,,0,94,,1543394,2,,,0,101,,1543395,2,,,0,105,,1543396,2,,,0,98,,1543397,2,,,0,99,,1543398,2,,,0,150,,1543399,2,,,0,96,,1543400,2,,,0,101,,1543401,2,,,0,56,,1543402,2,,,0,101,,1543403,2,,,0,100,,1543389,2,,,0,100,,1543405,2,,,0
1802,'20261011',659,,1543421,2,,,0,100,,1543407,2,,,0,141,,1543408,2,,,0,100,,1543409,2,,,0,58,,1543410,2,,,0,94,,1543411,2,,,0,101,,1543412,2,,,0,105,,1543413,2,,,0,98,,1543414,2,,,0,99,,1543415,2,,,0,150,,1543416,2,,,0,96,,1543417,2,,,0,101,,1543418,2,,,0,56,,1543419,2,,,0,101,,1543420,2,,,0,100,,1543406,2,,,0,100,,1543422,2,,,0
1802,'20261012',659,,1543438,2,,,0,100,,1543424,2,,,0,141,,1543425,2,,,0,100,,1543426,2,,,0,58,,1543427,2,,,0,94,,1543428,2,,,0,101,,1543429,2,,,0,105,,1543430,2,,,0,98,,1543431,2,,,0,99,,1543432,2,,,0,150,,1543433,2,,,0,96,,1543434,2,,,0,101,,1543435,2,,,0,56,,1543436,2,,,0,101,,1543437,2,,,0,100,,1543423,2,,,0,100,,1543439,2,,,0
