5401,'20260929',543,,1546275,36,,,1,66,,1546276,36,,,1,20,,1546277,36,,,1,13,,1546278,36,,,1,58,,1546279,36,,,1,21,,1546280,36,,,1,17,,1546281,36,,,1,18,,1546282,36,,,1,56,,1546283,36,,,1,17,,1546284,36,,,1,28,,1546285,36,,,1,70,,1546286,36,,,1,26,,1546287,36,,,1,68,,1546288,36,,,1,31,,1546289,36,,,1,71,,1546290,36,,,1,31,,1546291,36,,,1,71,,1546292,36,,,1,30,,1546293,36,,,1,70,,1546294,36,,,1,31,,1546295,36,,,1,68,,1546296,36,,,1,30,,1546297,36,,,1,71,,1546298,36,,,1,32,,1546299,36,,,1,64,,1546300,36,,,1,38,,1546301,36,,,1,71,,1546302,36,,,1,25,,1546303,36,,,1,95,,1546304,36,,,1,98,,1546305,36,,,1,105,,1546306,36,,,1,105,,1546307,36,,,1,97,,1546308,36,,,1,104,,1546309,36,,,1
5401,'20260930',543,,1546310,36,,,1,66,,1546311,36,,,1,20,,1546312,36,,,1,13,,1546313,36,,,1,58,,1546314,36,,,1,21,,1546315,36,,,1,17,,1546316,36,,,1,18,,1546317,36,,,1,56,,1546318,36,,,1,17,,1546319,36,,,1,28,,1546320,36,,,1,70,,1546321,36,,,1,26,,1546322,36,,,1,68,,1546323,36,,,1,31,,1546324,36,,,1,71,,1546325,36,,,1,31,,1546326,36,,,1,71,,1546327,36,,,1,30,,1546328,36,,,1,70,,1546329,36,,,1,31,,1546330,36,,,1,68,,1546331,36,,,1,30,,1546332,36,,,1,71,,1546333,36,,,1,32,,1546334,36,,,1,64,,1546335,36,,,1,38,,1546336,36,,,1,71,,1546337,36,,,1,25,,1546338,36,,,1,95,,1546339,36,,,1,98,,1546340,36,,,1,105,,1546341,36,,,1,105,,1546342,36,,,1,97,,1546343,36,,,1,104,,1546344,36,,,1
5401,'20261001',543,,1546345,36,,,1,66,,1546346,36,,,1,20,,1546347,36,,,1,13,,1546348,36,,,1,58,,1546349,36,,,1,21,,1546350,36,,,1,17,,1546351,36,,,1,18,,1546352,36,,,1,56,,1546353,36,,,1,17,,1546354,36,,,1,28,,1546355,36,,,1,70,,1546356,36,,,1,26,,1546357,36,,,1,68,,1546358,36,,,1,31,,1546359,36,,,1,71,,1546360,36,,,1,31,,1546361,36,,,1,71,,1546362,36,,,1,30,,1546363,36,,,1,70,,1546364,36,,,1,31,,1546365,36,,,1,68,,1546366,36,,,1,30,,1546367,36,,,1,71,,1546368,36,,,1,32,,1546369,36,,,1,64,,1546370,36,,,1,38,,1546371,36,,,1,71,,1546372,36,,,1,25,,1546373,36,,,1,95,,1546374,36,,,1,98,,1546375,36,,,1,105,,1546376,36,,,1,105,,1546377,36,,,1,97,,1546378,36,,,1,104,,1546379,36,,,1
5401,'20261002',543,,1469073,36,,,1,66,,1469074,36,,,1,20,,1469075,36,,,1,13,,1469076,36,,,1,58,,1469077,36,,,1,21,,1469078,36,,,1,17,,1469079,36,,,1,18,,1469080,36,,,1,56,,1469081,36,,,1,17,,1469082,36,,,1,28,,1469083,36,,,1,70,,1469084,36,,,1,26,,1469085,36,,,1,68,,1469086,36,,,1,31,,1469087,36,,,1,71,,1469088,36,,,1,31,,1469089,36,,,1,71,,1469090,36,,,1,30,,1469091,36,,,1,70,,1469092,36,,,1,31,,1469093,36,,,1,68,,1469094,36,,,1,30,,1469095,36,,,1,71,,1469096,36,,,1,32,,1469097,36,,,1,64,,1469098,36,,,1,38,,1469099,36,,,1,71,,1469100,36,,,1,25,,1469101,36,,,1,95,,1469102,36,,,1,98,,1469103,36,,,1,105,,1469104,36,,,1,105,,1469105,36,,,1,97,,1469106,36,,,1,104,,1469107,36,,,1
5401,'20261003',649,,1492062,36,,,1,106,,1492063,36,,,1,100,,1492064,36,,,1,102,,1492065,36,,,1,99,,1492066,36,,,1,67,,1492085,36,,,1,33,,1492067,36,,,1,66,,1492078,36,,,1,35,,1492068,36,,,1,71,,1492079,36,,,1,29,,1492069,36,,,1,70,,1492080,36,,,1,31,,1492070,36,,,1,64,,1492081,36,,,1,35,,1492071,36,,,1,67,,1492082,36,,,1,32,,1492072,36,,,1,72,,1492083,36,,,1,79,,1492086,36,,,1,52,,1492084,36,,,1,98,,1492073,36,,,1,98,,1492074,36,,,1,100,,1492075,36,,,1,100,,1492076,36,,,1,97,,1492077,36,,,1
5401,'20261004',649,,1492096,36,,,1,106,,1492093,36,,,1,100,,1492089,36,,,1,102,,1492097,36,,,1,99,,1492087,36,,,1,67,,1492106,36,,,1,33,,1492088,36,,,1,66,,1492108,36,,,1,35,,1492091,36,,,1,71,,1492107,36,,,1,29,,1492101,36,,,1,70,,1492104,36,,,1,31,,1492090,36,,,1,64,,1492105,36,,,1,35,,1492092,36,,,1,67,,1492109,36,,,1,32,,1492094,36,,,1,72,,1492103,36,,,1,79,,1492111,36,,,1,52,,1492110,36,,,1,98,,1492095,36,,,1,98,,1492098,36,,,1,100,,1492099,36,,,1,100,,1492100,36,,,1,97,,1492102,36,,,1
5401,'20261005',543,,1492112,36,,,1,66,,1492113,36,,,1,20,,1492114,36,,,1,13,,1492115,36,,,1,58,,1492116,36,,,1,21,,1492117,36,,,1,17,,1492118,36,,,1,18,,1492119,36,,,1,56,,1492120,36,,,1,17,,1492121,36,,,1,28,,1492122,36,,,1,70,,1492123,36,,,1,26,,1492124,36,,,1,68,,1492125,36,,,1,31,,1492126,36,,,1,71,,1492127,36,,,1,31,,1492128,36,,,1,71,,1492129,36,,,1,30,,1492130,36,,,1,70,,1492131,36,,,1,31,,1492132,36,,,1,68,,1492133,36,,,1,30,,1492134,36,,,1,71,,1492135,36,,,1,32,,1492136,36,,,1,64,,1492137,36,,,1,38,,1492138,36,,,1,71,,1492139,36,,,1,25,,1492140,36,,,1,95,,1492141,36,,,1,98,,1492142,36,,,1,105,,1492143,36,,,1,105,,1492144,36,,,1,97,,1492145,36,,,1,104,,1492146,36,,,1
5401,'20261006',543,,1517462,36,,,1,66,,1517463,36,,,1,20,,1517464,36,,,1,13,,1517465,36,,,1,58,,1517466,36,,,1,21,,1517467,36,,,1,17,,1517468,36,,,1,18,,1517469,36,,,1,56,,1517470,36,,,1,17,,1517471,36,,,1,28,,1517472,36,,,1,70,,1517473,36,,,1,26,,1517474,36,,,1,68,,1517475,36,,,1,31,,1517476,36,,,1,71,,1517477,36,,,1,31,,1517478,36,,,1,71,,1517479,36,,,1,30,,1517480,36,,,1,70,,1517481,36,,,1,31,,1517482,36,,,1,68,,1517483,36,,,1,30,,1517484,36,,,1,71,,1517485,36,,,1,32,,1517486,36,,,1,64,,1517487,36,,,1,38,,1517488,36,,,1,71,,1517489,36,,,1,25,,1517490,36,,,1,95,,1517491,36,,,1,98,,1517492,36,,,1,105,,1517493,36,,,1,105,,1517494,36,,,1,97,,1517495,36,,,1,104,,1517496,36,,,1
5401,'20261007',543,,1517497,36,,,1,66,,1517498,36,,,1,20,,1517499,36,,,1,13,,1517500,36,,,1,58,,1517501,36,,,1,21,,1517502,36,,,1,17,,1517503,36,,,1,18,,1517504,36,,,1,56,,1517505,36,,,1,17,,1517506,36,,,1,28,,1517507,36,,,1,70,,1517508,36,,,1,26,,1517509,36,,,1,68,,1517510,36,,,1,31,,1517511,36,,,1,71,,1517512,36,,,1,31,,1517513,36,,,1,71,,1517514,36,,,1,30,,1517515,36,,,1,70,,1517516,36,,,1,31,,1517517,36,,,1,68,,1517518,36,,,1,30,,1517519,36,,,1,71,,1517520,36,,,1,32,,1517521,36,,,1,64,,1517522,36,,,1,38,,1517523,36,,,1,71,,1517524,36,,,1,25,,1517525,36,,,1,95,,1517526,36,,,1,98,,1517527,36,,,1,105,,1517528,36,,,1,105,,1517529,36,,,1,97,,1517530,36,,,1,104,,1517531,36,,,1
5401,'20261008',543,,1517532,36,,,1,66,,1517533,36,,,1,20,,1517534,36,,,1,13,,1517535,36,,,1,58,,1517536,36,,,1,21,,1517537,36,,,1,17,,1517538,36,,,1,18,,1517539,36,,,1,56,,1517540,36,,,1,17,,1517541,36,,,1,28,,1517542,36,,,1,70,,1517543,36,,,1,26,,1517544,36,,,1,68,,1517545,36,,,1,31,,1517546,36,,,1,71,,1517547,36,,,1,31,,1517548,36,,,1,71,,1517549,36,,,1,30,,1517550,36,,,1,70,,1517551,36,,,1,31,,1517552,36,,,1,68,,1517553,36,,,1,30,,1517554,36,,,1,71,,1517555,36,,,1,32,,1517556,36,,,1,64,,1517557,36,,,1,38,,1517558,36,,,1,71,,1517559,36,,,1,25,,1517560,36,,,1,95,,1517561,36,,,1,98,,1517562,36,,,1,105,,1517563,36,,,1,105,,1517564,36,,,1,97,,1517565,36,,,1,104,,1517566,36,,,1
5401,'20261009',543,,1517567,36,,,1,66,,1517568,36,,,1,20,,1517569,36,,,1,13,,1517570,36,,,1,58,,1517571,36,,,1,21,,1517572,36,,,1,17,,1517573,36,,,1,18,,1517574,36,,,1,56,,1517575,36,,,1,17,,1517576,36,,,1,28,,1517577,36,,,1,70,,1517578,36,,,1,26,,1517579,36,,,1,68,,1517580,36,,,1,31,,1517581,36,,,1,71,,1517582,36,,,1,31,,1517583,36,,,1,71,,1517584,36,,,1,30,,1517585,36,,,1,70,,1517586,36,,,1,31,,1517587,36,,,1,68,,1517588,36,,,1,30,,1517589,36,,,1,71,,1517590,36,,,1,32,,1517591,36,,,1,64,,1517592,36,,,1,38,,1517593,36,,,1,71,,1517594,36,,,1,25,,1517595,36,,,1,95,,1517596,36,,,1,98,,1517597,36,,,1,105,,1517598,36,,,1,105,,1517599,36,,,1,97,,1517600,36,,,1,104,,1517601,36,,,1
5401,'20261010',649,,1546380,36,,,1,106,,1546381,36,,,1,100,,1546382,36,,,1,102,,1546383,36,,,1,99,,1546384,36,,,1,67,,1546403,36,,,1,33,,1546385,36,,,1,66,,1546396,36,,,1,35,,1546386,36,,,1,71,,1546397,36,,,1,29,,1546387,36,,,1,70,,1546398,36,,,1,31,,1546388,36,,,1,64,,1546399,36,,,1,35,,1546389,36,,,1,67,,1546400,36,,,1,32,,1546390,36,,,1,72,,1546401,36,,,1,79,,1546404,36,,,1,52,,1546402,36,,,1,98,,1546391,36,,,1,98,,1546392,36,,,1,100,,1546393,36,,,1,100,,1546394,36,,,1,97,,1546395,36,,,1
5401,'20261011',649,,1546414,36,,,1,106,,1546411,36,,,1,100,,1546407,36,,,1,102,,1546415,36,,,1,99,,1546405,36,,,1,67,,1546424,36,,,1,33,,1546406,36,,,1,66,,1546426,36,,,1,35,,1546409,36,,,1,71,,1546425,36,,,1,29,,1546419,36,,,1,70,,1546422,36,,,1,31,,1546408,36,,,1,64,,1546423,36,,,1,35,,1546410,36,,,1,67,,1546427,36,,,1,32,,1546412,36,,,1,72,,1546421,36,,,1,79,,1546429,36,,,1,52,,1546428,36,,,1,98,,1546413,36,,,1,98,,1546416,36,,,1,100,,1546417,36,,,1,100,,1546418,36,,,1,97,,1546420,36,,,1
5401,'20261012',649,,1546439,36,,,1,106,,1546436,36,,,1,100,,1546432,36,,,1,102,,1546440,36,,,1,99,,1546430,36,,,1,67,,1546449,36,,,1,33,,1546431,36,,,1,66,,1546451,36,,,1,35,,1546434,36,,,1,71,,1546450,36,,,1,29,,1546444,36,,,1,70,,1546447,36,,,1,31,,1546433,36,,,1,64,,1546448,36,,,1,35,,1546435,36,,,1,67,,1546452,36,,,1,32,,1546437,36,,,1,72,,1546446,36,,,1,79,,1546454,36,,,1,52,,1546453,36,,,1,98,,1546438,36,,,1,98,,1546441,36,,,1,100,,1546442,36,,,1,100,,1546443,36,,,1,97,,1546445,36,,,1
23600,'20260929',1558,,1552688,11,4,,0,74,,1552689,11,4,,0,14,,1552690,11,4,,0,12,,1552691,11,4,,0,70,,1552692,11,4,,0,26,,1552693,11,4,,0
23600,'20260930',1558,,1552694,11,4,,0,74,,1552695,11,4,,0,14,,1552696,11,4,,0,12,,1552697,11,4,,0,70,,1552698,11,4,,0,26,,1552699,11,4,,0
23600,'20261001',1558,,1552700,11,4,,0,74,,1552701,11,4,,0,14,,1552702,11,4,,0,12,,1552703,11,4,,0,70,,1552704,11,4,,0,26,,1552705,11,4,,0
23600,'20261002',1558,,1475665,11,4,,0,74,,1475666,11,4,,0,14,,1475667,11,4,,0,12,,1475668,11,4,,0,70,,1475669,11,4,,0,26,,1475670,11,4,,0
23600,'20261005',1558,,1498700,11,4,,0,74,,1498701,11,4,,0,14,,1498702,11,4,,0,12,,1498703,11,4,,0,70,,1498704,11,4,,0,26,,1498705,11,4,,0
23600,'20261006',1558,,1526551,11,4,,0,74,,1526552,11,4,,0,14,,1526553,11,4,,0,12,,1526554,11,4,,0,70,,1526555,11,4,,0,26,,1526556,11,4,,0
23600,'20261007',1558,,1526557,11,4,,0,74,,1526558,11,4,,0,14,,1526559,11,4,,0,12,,1526560,11,4,,0,70,,1526561,11,4,,0,26,,1526562,11,4,,0
23600,'20261008',1558,,1526563,11,4,,0,74,,1526564,11,4,,0,14,,1526565,11,4,,0,12,,1526566,11,4,,0,70,,1526567,11,4,,0,26,,1526568,11,4,,0
23600,'20261009',1558,,1526569,11,4,,0,74,,1526570,11,4,,0,14,,1526571,11,4,,0,12,,1526572,11,4,,0,70,,1526573,11,4,,0,26,,1526574,11,4,,0
35801,'20260929',701,,1553636,33,,,0,27,,1553637,33,,,0
35801,'20260930',701,,1553638,33,,,0,27,,1553639,33,,,0
35801,'20261001',701,,1553640,33,,,0,27,,1553641,33,,,0
35801,'20261002',701,,1476907,33,,,0,27,,1476908,33,,,0
35801,'20261005',701,,1499946,33,,,0,27,,1499947,33,,,0
35801,'20261006',701,,1528425,33,,,0,27,,1528426,33,,,0
35801,'20261007',701,,1528427,33,,,0,27,,1528428,33,,,0
35801,'20261008',701,,1528429,33,,,0,27,,1528430,33,,,0
35801,'20261009',701,,1528431,33,,,0,27,,1528432,33,,,0
55801,'20260929',656,,1554036,33,,,0,85,,1554037,33,,,0
55801,'20260930',656,,1554038,33,,,0,85,,1554039,33,,,0
55801,'20261001',656,,1554040,33,,,0,85,,1554041,33,,,0
55801,'20261002',656,,1477497,33,,,0,85,,1477498,33,,,0
55801,'20261005',656,,1500470,33,,,0,85,,1500471,33,,,0
55801,'20261006',656,,1529208,33,,,0,85,,1529209,33,,,0
55801,'20261007',656,,1529210,33,,,0,85,,1529211,33,,,0
55801,'20261008',656,,1529212,33,,,0,85,,1529213,33,,,0
55801,'20261009',656,,1529214,33,,,0,85,,1529215,33,,,0
