7400,'20260929',655,,1548985,3,,,1,95,,1548986,3,,,1,106,,1548987,3,,,1,101,,1548988,3,,,1,99,,1548989,3,,,1,98,,1548990,3,,,1,101,,1548991,3,,,1,98,,1548992,3,,,1,99,,1548993,3,,,1,96,,1548994,3,,,1,102,,1548995,3,,,1,105,,1548996,3,,,1,102,,1548997,3,,,1,101,,1548998,3,,,1,99,,1548999,3,,,1,102,,1549000,3,,,1,141,,1549001,3,,,1
7400,'20260930',655,,1549006,3,,,1,95,,1549007,3,,,1,106,,1549008,3,,,1,101,,1549009,3,,,1,99,,1549010,3,,,1,98,,1549011,3,,,1,101,,1549012,3,,,1,98,,1549013,3,,,1,99,,1549014,3,,,1,96,,1549015,3,,,1,102,,1549016,3,,,1,105,,1549017,3,,,1,102,,1549018,3,,,1,101,,1549019,3,,,1,99,,1549020,3,,,1,102,,1549021,3,,,1,141,,1549022,3,,,1
7400,'20261001',655,,1549027,3,,,1,95,,1549028,3,,,1,106,,1549029,3,,,1,101,,1549030,3,,,1,99,,1549031,3,,,1,98,,1549032,3,,,1,101,,1549033,3,,,1,98,,1549034,3,,,1,99,,1549035,3,,,1,96,,1549036,3,,,1,102,,1549037,3,,,1,105,,1549038,3,,,1,102,,1549039,3,,,1,101,,1549040,3,,,1,99,,1549041,3,,,1,102,,1549042,3,,,1,141,,1549043,3,,,1
7400,'20261002',655,,1471875,3,,,1,95,,1471862,3,,,1,106,,1471863,3,,,1,101,,1471864,3,,,1,99,,1471865,3,,,1,98,,1471866,3,,,1,101,,1471867,3,,,1,98,,1471868,3,,,1,99,,1471869,3,,,1,96,,1471870,3,,,1,102,,1471871,3,,,1,105,,1471872,3,,,1,102,,1471876,3,,,1,101,,1471877,3,,,1,99,,1471873,3,,,1,102,,1471878,3,,,1,141,,1471874,3,,,1
7400,'20261003',800,,1494873,3,,,1,59,,1494887,3,,,1,98,,1494888,3,,,1,100,,1494874,3,,,1,99,,1494875,3,,,1,98,,1494876,3,,,1,100,,1494877,3,,,1,100,,1494878,3,,,1,100,,1494879,3,,,1,100,,1494880,3,,,1,101,,1494881,3,,,1,102,,1494882,3,,,1,102,,1494883,3,,,1,141,,1494884,3,,,1,100,,1494885,3,,,1,101,,1494886,3,,,1,132,,1494889,3,,,1
7400,'20261004',800,,1494890,3,,,1,59,,1494904,3,,,1,98,,1494891,3,,,1,100,,1494905,3,,,1,99,,1494898,3,,,1,98,,1494899,3,,,1,100,,1494900,3,,,1,100,,1494901,3,,,1,100,,1494902,3,,,1,100,,1494903,3,,,1,101,,1494892,3,,,1,102,,1494896,3,,,1,102,,1494897,3,,,1,141,,1494893,3,,,1,100,,1494894,3,,,1,101,,1494895,3,,,1,132,,1494906,3,,,1
7400,'20261005',655,,1494920,3,,,1,95,,1494907,3,,,1,106,,1494908,3,,,1,101,,1494909,3,,,1,99,,1494910,3,,,1,98,,1494911,3,,,1,101,,1494912,3,,,1,98,,1494913,3,,,1,99,,1494914,3,,,1,96,,1494915,3,,,1,102,,1494916,3,,,1,105,,1494917,3,,,1,102,,1494921,3,,,1,101,,1494922,3,,,1,99,,1494918,3,,,1,102,,1494923,3,,,1,141,,1494919,3,,,1
7400,'20261006',655,,1521327,3,,,1,95,,1521314,3,,,1,106,,1521315,3,,,1,101,,1521316,3,,,1,99,,1521317,3,,,1,98,,1521318,3,,,1,101,,1521319,3,,,1,98,,1521320,3,,,1,99,,1521321,3,,,1,96,,1521322,3,,,1,102,,1521323,3,,,1,105,,1521324,3,,,1,102,,1521328,3,,,1,101,,1521329,3,,,1,99,,1521325,3,,,1,102,,1521330,3,,,1,141,,1521326,3,,,1
7400,'20261007',655,,1521348,3,,,1,95,,1521335,3,,,1,106,,1521336,3,,,1,101,,1521337,3,,,1,99,,1521338,3,,,1,98,,1521339,3,,,1,101,,1521340,3,,,1,98,,1521341,3,,,1,99,,1521342,3,,,1,96,,1521343,3,,,1,102,,1521344,3,,,1,105,,1521345,3,,,1,102,,1521349,3,,,1,101,,1521350,3,,,1,99,,1521346,3,,,1,102,,1521351,3,,,1,141,,1521347,3,,,1
7400,'20261008',655,,1521369,3,,,1,95,,1521356,3,,,1,106,,1521357,3,,,1,101,,1521358,3,,,1,99,,1521359,3,,,1,98,,1521360,3,,,1,101,,1521361,3,,,1,98,,1521362,3,,,1,99,,1521363,3,,,1,96,,1521364,3,,,1,102,,1521365,3,,,1,105,,1521366,3,,,1,102,,1521370,3,,,1,101,,1521371,3,,,1,99,,1521367,3,,,1,102,,1521372,3,,,1,141,,1521368,3,,,1
7400,'20261009',655,,1521390,3,,,1,95,,1521377,3,,,1,106,,1521378,3,,,1,101,,1521379,3,,,1,99,,1521380,3,,,1,98,,1521381,3,,,1,101,,1521382,3,,,1,98,,1521383,3,,,1,99,,1521384,3,,,1,96,,1521385,3,,,1,102,,1521386,3,,,1,105,,1521387,3,,,1,102,,1521391,3,,,1,101,,1521392,3,,,1,99,,1521388,3,,,1,102,,1521393,3,,,1,141,,1521389,3,,,1
7400,'20261010',800,,1549044,3,,,1,59,,1549058,3,,,1,98,,1549059,3,,,1,100,,1549045,3,,,1,99,,1549046,3,,,1,98,,1549047,3,,,1,100,,1549048,3,,,1,100,,1549049,3,,,1,100,,1549050,3,,,1,100,,1549051,3,,,1,101,,1549052,3,,,1,102,,1549053,3,,,1,102,,1549054,3,,,1,141,,1549055,3,,,1,100,,1549056,3,,,1,101,,1549057,3,,,1,132,,1549060,3,,,1
7400,'20261011',800,,1549061,3,,,1,59,,1549075,3,,,1,98,,1549062,3,,,1,100,,1549076,3,,,1,99,,1549069,3,,,1,98,,1549070,3,,,1,100,,1549071,3,,,1,100,,1549072,3,,,1,100,,1549073,3,,,1,100,,1549074,3,,,1,101,,1549063,3,,,1,102,,1549067,3,,,1,102,,1549068,3,,,1,141,,1549064,3,,,1,100,,1549065,3,,,1,101,,1549066,3,,,1,132,,1549077,3,,,1
7400,'20261012',800,,1549078,3,,,1,59,,1549092,3,,,1,98,,1549079,3,,,1,100,,1549093,3,,,1,99,,1549086,3,,,1,98,,1549087,3,,,1,100,,1549088,3,,,1,100,,1549089,3,,,1,100,,1549090,3,,,1,100,,1549091,3,,,1,101,,1549080,3,,,1,102,,1549084,3,,,1,102,,1549085,3,,,1,141,,1549081,3,,,1,100,,1549082,3,,,1,101,,1549083,3,,,1,132,,1549094,3,,,1
8200,'20260929',607,,1550442,3,,,0,38,,1550443,3,,,0,75,,1550444,3,,,0,32,,1550445,3,,,0,74,,1550446,3,,,0,108,,1550447,3,,,0,86,,1550448,3,,,0,100,,1550449,3,,,0,99,,1550450,3,,,0,98,,1550451,3,,,0,93,,1550452,3,,,0,96,,1550453,3,,,0,53,,1550454,3,,,0,68,,1550455,3,,,0,32,,1550456,3,,,0,72,,1550457,3,,,0,102,,1550458,3,,,0,74,,1550459,3,,,0,99,,1550460,3,,,0,102,,1550461,3,,,0,100,,1550462,3,,,0,102,,1550463,3,,,0
8200,'20260930',607,,1550464,3,,,0,38,,1550465,3,,,0,75,,1550466,3,,,0,32,,1550467,3,,,0,74,,1550468,3,,,0,108,,1550469,3,,,0,86,,1550470,3,,,0,100,,1550471,3,,,0,99,,1550472,3,,,0,98,,1550473,3,,,0,93,,1550474,3,,,0,96,,1550475,3,,,0,53,,1550476,3,,,0,68,,1550477,3,,,0,32,,1550478,3,,,0,72,,1550479,3,,,0,102,,1550480,3,,,0,74,,1550481,3,,,0,99,,1550482,3,,,0,102,,1550483,3,,,0,100,,1550484,3,,,0,102,,1550485,3,,,0
8200,'20261001',607,,1550486,3,,,0,38,,1550487,3,,,0,75,,1550488,3,,,0,32,,1550489,3,,,0,74,,1550490,3,,,0,108,,1550491,3,,,0,86,,1550492,3,,,0,100,,1550493,3,,,0,99,,1550494,3,,,0,98,,1550495,3,,,0,93,,1550496,3,,,0,96,,1550497,3,,,0,53,,1550498,3,,,0,68,,1550499,3,,,0,32,,1550500,3,,,0,72,,1550501,3,,,0,102,,1550502,3,,,0,74,,1550503,3,,,0,99,,1550504,3,,,0,102,,1550505,3,,,0,100,,1550506,3,,,0,102,,1550507,3,,,0
8200,'20261002',607,,1473366,3,,,0,38,,1473349,3,,,0,75,,1473370,3,,,0,32,,1473356,3,,,0,74,,1473365,3,,,0,108,,1473357,3,,,0,86,,1473364,3,,,0,100,,1473358,3,,,0,99,,1473350,3,,,0,98,,1473359,3,,,0,93,,1473363,3,,,0,96,,1473360,3,,,0,53,,1473351,3,,,0,68,,1473352,3,,,0,32,,1473353,3,,,0,72,,1473354,3,,,0,102,,1473361,3,,,0,74,,1473362,3,,,0,99,,1473368,3,,,0,102,,1473367,3,,,0,100,,1473369,3,,,0,102,,1473355,3,,,0
8200,'20261003',637,,1496365,3,,,0,100,,1496351,3,,,0,99,,1496355,3,,,0,100,,1496356,3,,,0,100,,1496363,3,,,0,99,,1496357,3,,,0,98,,1496352,3,,,0,100,,1496358,3,,,0,100,,1496364,3,,,0,100,,1496359,3,,,0,100,,1496367,3,,,0,101,,1496353,3,,,0,105,,1496360,3,,,0,100,,1496362,3,,,0,100,,1496366,3,,,0,100,,1496361,3,,,0,172,,1496354,3,,,0
8200,'20261004',637,,1496380,3,,,0,100,,1496381,3,,,0,99,,1496377,3,,,0,100,,1496382,3,,,0,100,,1496376,3,,,0,99,,1496378,3,,,0,98,,1496371,3,,,0,100,,1496368,3,,,0,100,,1496374,3,,,0,100,,1496375,3,,,0,100,,1496384,3,,,0,101,,1496372,3,,,0,105,,1496369,3,,,0,100,,1496379,3,,,0,100,,1496383,3,,,0,100,,1496370,3,,,0,172,,1496373,3,,,0
8200,'20261005',607,,1496402,3,,,0,38,,1496385,3,,,0,75,,1496406,3,,,0,32,,1496392,3,,,0,74,,1496401,3,,,0,108,,1496393,3,,,0,86,,1496400,3,,,0,100,,1496394,3,,,0,99,,1496386,3,,,0,98,,1496395,3,,,0,93,,1496399,3,,,0,96,,1496396,3,,,0,53,,1496387,3,,,0,68,,1496388,3,,,0,32,,1496389,3,,,0,72,,1496390,3,,,0,102,,1496397,3,,,0,74,,1496398,3,,,0,99,,1496404,3,,,0,102,,1496403,3,,,0,100,,1496405,3,,,0,102,,1496391,3,,,0
8200,'20261006',607,,1523335,3,,,0,38,,1523318,3,,,0,75,,1523339,3,,,0,32,,1523325,3,,,0,74,,1523334,3,,,0,108,,1523326,3,,,0,86,,1523333,3,,,0,100,,1523327,3,,,0,99,,1523319,3,,,0,98,,1523328,3,,,0,93,,1523332,3,,,0,96,,1523329,3,,,0,53,,1523320,3,,,0,68,,1523321,3,,,0,32,,1523322,3,,,0,72,,1523323,3,,,0,102,,1523330,3,,,0,74,,1523331,3,,,0,99,,1523337,3,,,0,102,,1523336,3,,,0,100,,1523338,3,,,0,102,,1523324,3,,,0
8200,'20261007',607,,1523357,3,,,0,38,,1523340,3,,,0,75,,1523361,3,,,0,32,,1523347,3,,,0,74,,1523356,3,,,0,108,,1523348,3,,,0,86,,1523355,3,,,0,100,,1523349,3,,,0,99,,1523341,3,,,0,98,,1523350,3,,,0,93,,1523354,3,,,0,96,,1523351,3,,,0,53,,1523342,3,,,0,68,,1523343,3,,,0,32,,1523344,3,,,0,72,,1523345,3,,,0,102,,1523352,3,,,0,74,,1523353,3,,,0,99,,1523359,3,,,0,102,,1523358,3,,,0,100,,1523360,3,,,0,102,,1523346,3,,,0
8200,'20261008',607,,1523379,3,,,0,38,,1523362,3,,,0,75,,1523383,3,,,0,32,,1523369,3,,,0,74,,1523378,3,,,0,108,,1523370,3,,,0,86,,1523377,3,,,0,100,,1523371,3,,,0,99,,1523363,3,,,0,98,,1523372,3,,,0,93,,1523376,3,,,0,96,,1523373,3,,,0,53,,1523364,3,,,0,68,,1523365,3,,,0,32,,1523366,3,,,0,72,,1523367,3,,,0,102,,1523374,3,,,0,74,,1523375,3,,,0,99,,1523381,3,,,0,102,,1523380,3,,,0,100,,1523382,3,,,0,102,,1523368,3,,,0
8200,'20261009',607,,1523401,3,,,0,38,,1523384,3,,,0,75,,1523405,3,,,0,32,,1523391,3,,,0,74,,1523400,3,,,0,108,,1523392,3,,,0,86,,1523399,3,,,0,100,,1523393,3,,,0,99,,1523385,3,,,0,98,,1523394,3,,,0,93,,1523398,3,,,0,96,,1523395,3,,,0,53,,1523386,3,,,0,68,,1523387,3,,,0,32,,1523388,3,,,0,72,,1523389,3,,,0,102,,1523396,3,,,0,74,,1523397,3,,,0,99,,1523403,3,,,0,102,,1523402,3,,,0,100,,1523404,3,,,0,102,,1523390,3,,,0
8200,'20261010',637,,1550522,3,,,0,100,,1550508,3,,,0,99,,1550512,3,,,0,100,,1550513,3,,,0,100,,1550520,3,,,0,99,,1550514,3,,,0,98,,1550509,3,,,0,100,,1550515,3,,,0,100,,1550521,3,,,0,100,,1550516,3,,,0,100,,1550524,3,,,0,101,,1550510,3,,,0,105,,1550517,3,,,0,100,,1550519,3,,,0,100,,1550523,3,,,0,100,,1550518,3,,,0,172,,1550511,3,,,0
8200,'20261011',637,,1550537,3,,,0,100,,1550538,3,,,0,99,,1550534,3,,,0,100,,1550539,3,,,0,100,,1550533,3,,,0,99,,1550535,3,,,0,98,,1550528,3,,,0,100,,1550525,3,,,0,100,,1550531,3,,,0,100,,1550532,3,,,0,100,,1550541,3,,,0,101,,1550529,3,,,0,105,,1550526,3,,,0,100,,1550536,3,,,0,100,,1550540,3,,,0,100,,1550527,3,,,0,172,,1550530,3,,,0
8200,'20261012',637,,1550554,3,,,0,100,,1550555,3,,,0,99,,1550551,3,,,0,100,,1550556,3,,,0,100,,1550550,3,,,0,99,,1550552,3,,,0,98,,1550545,3,,,0,100,,1550542,3,,,0,100,,1550548,3,,,0,100,,1550549,3,,,0,100,,1550558,3,,,0,101,,1550546,3,,,0,105,,1550543,3,,,0,100,,1550553,3,,,0,100,,1550557,3,,,0,100,,1550544,3,,,0,172,,1550547,3,,,0
8400,'20260929',723,,1550675,3,,,1,99,,1550676,3,,,1,105,,1550677,3,,,1,99,,1550678,3,,,1,99,,1550679,3,,,1,99,,1550680,3,,,1,101,,1550681,3,,,1,98,,1550682,3,,,1,98,,1550683,3,,,1,94,,1550684,3,,,1,107,,1550685,3,,,1,103,,1550686,3,,,1,102,,1550687,3,,,1,101,,1550688,3,,,1,101,,1550689,3,,,1,101,,1550690,3,,,1,101,,1550691,3,,,1
8400,'20260930',723,,1550694,3,,,1,99,,1550695,3,,,1,105,,1550696,3,,,1,99,,1550697,3,,,1,99,,1550698,3,,,1,99,,1550699,3,,,1,101,,1550700,3,,,1,98,,1550701,3,,,1,98,,1550702,3,,,1,94,,1550703,3,,,1,107,,1550704,3,,,1,103,,1550705,3,,,1,102,,1550706,3,,,1,101,,1550707,3,,,1,101,,1550708,3,,,1,101,,1550709,3,,,1,101,,1550710,3,,,1
8400,'20261001',723,,1550713,3,,,1,99,,1550714,3,,,1,105,,1550715,3,,,1,99,,1550716,3,,,1,99,,1550717,3,,,1,99,,1550718,3,,,1,101,,1550719,3,,,1,98,,1550720,3,,,1,98,,1550721,3,,,1,94,,1550722,3,,,1,107,,1550723,3,,,1,103,,1550724,3,,,1,102,,1550725,3,,,1,101,,1550726,3,,,1,101,,1550727,3,,,1,101,,1550728,3,,,1,101,,1550729,3,,,1
8400,'20261002',723,,1473580,3,,,1,99,,1473581,3,,,1,105,,1473582,3,,,1,99,,1473583,3,,,1,99,,1473584,3,,,1,99,,1473585,3,,,1,101,,1473586,3,,,1,98,,1473587,3,,,1,98,,1473588,3,,,1,94,,1473589,3,,,1,107,,1473590,3,,,1,103,,1473591,3,,,1,102,,1473592,3,,,1,101,,1473593,3,,,1,101,,1473594,3,,,1,101,,1473595,3,,,1,101,,1473596,3,,,1
8400,'20261003',730,,1496582,3,,,1,99,,1496597,3,,,1,98,,1496583,3,,,1,101,,1496598,3,,,1,99,,1496584,3,,,1,99,,1496586,3,,,1,98,,1496587,3,,,1,100,,1496588,3,,,1,100,,1496589,3,,,1,100,,1496590,3,,,1,101,,1496591,3,,,1,102,,1496592,3,,,1,101,,1496593,3,,,1,102,,1496594,3,,,1,100,,1496595,3,,,1,100,,1496596,3,,,1,102,,1496585,3,,,1
8400,'20261004',730,,1496599,3,,,1,99,,1496614,3,,,1,98,,1496600,3,,,1,101,,1496615,3,,,1,99,,1496601,3,,,1,99,,1496608,3,,,1,98,,1496602,3,,,1,100,,1496609,3,,,1,100,,1496603,3,,,1,100,,1496610,3,,,1,101,,1496604,3,,,1,102,,1496611,3,,,1,101,,1496605,3,,,1,102,,1496612,3,,,1,100,,1496606,3,,,1,100,,1496613,3,,,1,102,,1496607,3,,,1
8400,'20261005',723,,1496616,3,,,1,99,,1496617,3,,,1,105,,1496618,3,,,1,99,,1496619,3,,,1,99,,1496620,3,,,1,99,,1496621,3,,,1,101,,1496622,3,,,1,98,,1496623,3,,,1,98,,1496624,3,,,1,94,,1496625,3,,,1,107,,1496626,3,,,1,103,,1496627,3,,,1,102,,1496628,3,,,1,101,,1496629,3,,,1,101,,1496630,3,,,1,101,,1496631,3,,,1,101,,1496632,3,,,1
8400,'20261006',723,,1523638,3,,,1,99,,1523639,3,,,1,105,,1523640,3,,,1,99,,1523641,3,,,1,99,,1523642,3,,,1,99,,1523643,3,,,1,101,,1523644,3,,,1,98,,1523645,3,,,1,98,,1523646,3,,,1,94,,1523647,3,,,1,107,,1523648,3,,,1,103,,1523649,3,,,1,102,,1523650,3,,,1,101,,1523651,3,,,1,101,,1523652,3,,,1,101,,1523653,3,,,1,101,,1523654,3,,,1
8400,'20261007',723,,1523657,3,,,1,99,,1523658,3,,,1,105,,1523659,3,,,1,99,,1523660,3,,,1,99,,1523661,3,,,1,99,,1523662,3,,,1,101,,1523663,3,,,1,98,,1523664,3,,,1,98,,1523665,3,,,1,94,,1523666,3,,,1,107,,1523667,3,,,1,103,,1523668,3,,,1,102,,1523669,3,,,1,101,,1523670,3,,,1,101,,1523671,3,,,1,101,,1523672,3,,,1,101,,1523673,3,,,1
8400,'20261008',723,,1523676,3,,,1,99,,1523677,3,,,1,105,,1523678,3,,,1,99,,1523679,3,,,1,99,,1523680,3,,,1,99,,1523681,3,,,1,101,,1523682,3,,,1,98,,1523683,3,,,1,98,,1523684,3,,,1,94,,1523685,3,,,1,107,,1523686,3,,,1,103,,1523687,3,,,1,102,,1523688,3,,,1,101,,1523689,3,,,1,101,,1523690,3,,,1,101,,1523691,3,,,1,101,,1523692,3,,,1
8400,'20261009',723,,1523695,3,,,1,99,,1523696,3,,,1,105,,1523697,3,,,1,99,,1523698,3,,,1,99,,1523699,3,,,1,99,,1523700,3,,,1,101,,1523701,3,,,1,98,,1523702,3,,,1,98,,1523703,3,,,1,94,,1523704,3,,,1,107,,1523705,3,,,1,103,,1523706,3,,,1,102,,1523707,3,,,1,101,,1523708,3,,,1,101,,1523709,3,,,1,101,,1523710,3,,,1,101,,1523711,3,,,1
8400,'20261010',730,,1550730,3,,,1,99,,1550745,3,,,1,98,,1550731,3,,,1,101,,1550746,3,,,1,99,,1550732,3,,,1,99,,1550734,3,,,1,98,,1550735,3,,,1,100,,1550736,3,,,1,100,,1550737,3,,,1,100,,1550738,3,,,1,101,,1550739,3,,,1,102,,1550740,3,,,1,101,,1550741,3,,,1,102,,1550742,3,,,1,100,,1550743,3,,,1,100,,1550744,3,,,1,102,,1550733,3,,,1
8400,'20261011',730,,1550747,3,,,1,99,,1550762,3,,,1,98,,1550748,3,,,1,101,,1550763,3,,,1,99,,1550749,3,,,1,99,,1550756,3,,,1,98,,1550750,3,,,1,100,,1550757,3,,,1,100,,1550751,3,,,1,100,,1550758,3,,,1,101,,1550752,3,,,1,102,,1550759,3,,,1,101,,1550753,3,,,1,102,,1550760,3,,,1,100,,1550754,3,,,1,100,,1550761,3,,,1,102,,1550755,3,,,1
8400,'20261012',730,,1550764,3,,,1,99,,1550779,3,,,1,98,,1550765,3,,,1,101,,1550780,3,,,1,99,,1550766,3,,,1,99,,1550773,3,,,1,98,,1550767,3,,,1,100,,1550774,3,,,1,100,,1550768,3,,,1,100,,1550775,3,,,1,101,,1550769,3,,,1,102,,1550776,3,,,1,101,,1550770,3,,,1,102,,1550777,3,,,1,100,,1550771,3,,,1,100,,1550778,3,,,1,102,,1550772,3,,,1
80203,'20260929',542,,1556880,14,,,1,15,,1556881,14,,,1,53,,1556882,14,,,1,10,,1556883,14,,,1,10,,1556884,14,,,1,10,,1556885,14,,,1,9,,1556886,14,,,1,51,,1556887,14,,,1,11,,1556888,14,,,1,9,,1556889,14,,,1,9,,1556890,14,,,1,11,,1556891,14,,,1,10,,1556892,14,,,1,50,,1556893,14,,,1,10,,1556894,14,,,1,10,,1556895,14,,,1,10,,1556896,14,,,1,10,,1556897,14,,,1,10,,1556898,14,,,1,50,,1556899,14,,,1,13,,1556900,14,,,1,15,,1556901,14,,,1,16,,1556902,14,,,1,14,,1556903,14,,,1,55,,1556904,14,,,1,15,,1556905,14,,,1,15,,1556906,14,,,1,15,,1556907,14,,,1,55,,1556908,14,,,1,15,,1556909,14,,,1,15,,1556910,14,,,1,16,,1556911,14,,,1,55,,1556912,14,,,1,15,,1556913,14,,,1,15,,1556914,14,,,1,15,,1556915,14,,,1,56,,1556916,14,,,1,13,,1556917,14,,,1,15,,1556918,14,,,1,15,,1556919,14,,,1,55,,1556920,14,,,1,15,,1556921,14,,,1,15,,1556922,14,,,1,15,,1556923,14,,,1,53,,1556924,14,,,1,10,,1556925,14,,,1,10,,1556926,14,,,1,10,,1556927,14,,,1,10,,1556928,14,,,1,49,,1556929,14,,,1,11,,1556930,14,,,1,10,,1556931,14,,,1,10,,1556932,14,,,1,10,,1556933,14,,,1,10,,1556934,14,,,1,50,,1556935,14,,,1,10,,1556936,14,,,1,10,,1556937,14,,,1,10,,1556938,14,,,1,11,,1556939,14,,,1,9,,1556940,14,,,1,50,,1556941,14,,,1,10,,1556942,14,,,1,13,,1556943,14,,,1,15,,1556944,14,,,1,15,,1556945,14,,,1,55,,1556946,14,,,1,15,,1556947,14,,,1,14,,1556948,14,,,1,16,,1556949,14,,,1,55,,1556950,14,,,1,15,,1556951,14,,,1,15,,1556952,14,,,1,15,,1556953,14,,,1,55,,1556954,14,,,1,15,,1556955,14,,,1,15,,1556956,14,,,1,15,,1556957,14,,,1,55,,1556958,14,,,1,15,,1556959,14,,,1,15,,1556960,14,,,1,15,,1556961,14,,,1,55,,1556962,14,,,1,15,,1556963,14,,,1,15,,1556964,14,,,1,15,,1556965,14,,,1,55,,1556966,14,,,1,15,,1556967,14,,,1,15,,1556968,14,,,1
80203,'20260930',542,,1556969,14,,,1,15,,1556970,14,,,1,53,,1556971,14,,,1,10,,1556972,14,,,1,10,,1556973,14,,,1,10,,1556974,14,,,1,9,,1556975,14,,,1,51,,1556976,14,,,1,11,,1556977,14,,,1,9,,1556978,14,,,1,9,,1556979,14,,,1,11,,1556980,14,,,1,10,,1556981,14,,,1,50,,1556982,14,,,1,10,,1556983,14,,,1,10,,1556984,14,,,1,10,,1556985,14,,,1,10,,1556986,14,,,1,10,,1556987,14,,,1,50,,1556988,14,,,1,13,,1556989,14,,,1,15,,1556990,14,,,1,16,,1556991,14,,,1,14,,1556992,14,,,1,55,,1556993,14,,,1,15,,1556994,14,,,1,15,,1556995,14,,,1,15,,1556996,14,,,1,55,,1556997,14,,,1,15,,1556998,14,,,1,15,,1556999,14,,,1,16,,1557000,14,,,1,55,,1557001,14,,,1,15,,1557002,14,,,1,15,,1557003,14,,,1,15,,1557004,14,,,1,56,,1557005,14,,,1,13,,1557006,14,,,1,15,,1557007,14,,,1,15,,1557008,14,,,1,55,,1557009,14,,,1,15,,1557010,14,,,1,15,,1557011,14,,,1,15,,1557012,14,,,1,53,,1557013,14,,,1,10,,1557014,14,,,1,10,,1557015,14,,,1,10,,1557016,14,,,1,10,,1557017,14,,,1,49,,1557018,14,,,1,11,,1557019,14,,,1,10,,1557020,14,,,1,10,,1557021,14,,,1,10,,1557022,14,,,1,10,,1557023,14,,,1,50,,1557024,14,,,1,10,,1557025,14,,,1,10,,1557026,14,,,1,10,,1557027,14,,,1,11,,1557028,14,,,1,9,,1557029,14,,,1,50,,1557030,14,,,1,10,,1557031,14,,,1,13,,1557032,14,,,1,15,,1557033,14,,,1,15,,1557034,14,,,1,55,,1557035,14,,,1,15,,1557036,14,,,1,14,,1557037,14,,,1,16,,1557038,14,,,1,55,,1557039,14,,,1,15,,1557040,14,,,1,15,,1557041,14,,,1,15,,1557042,14,,,1,55,,1557043,14,,,1,15,,1557044,14,,,1,15,,1557045,14,,,1,15,,1557046,14,,,1,55,,1557047,14,,,1,15,,1557048,14,,,1,15,,1557049,14,,,1,15,,1557050,14,,,1,55,,1557051,14,,,1,15,,1557052,14,,,1,15,,1557053,14,,,1,15,,1557054,14,,,1,55,,1557055,14,,,1,15,,1557056,14,,,1,15,,1557057,14,,,1
80203,'20261001',542,,1557058,14,,,1,15,,1557059,14,,,1,53,,1557060,14,,,1,10,,1557061,14,,,1,10,,1557062,14,,,1,10,,1557063,14,,,1,9,,1557064,14,,,1,51,,1557065,14,,,1,11,,1557066,14,,,1,9,,1557067,14,,,1,9,,1557068,14,,,1,11,,1557069,14,,,1,10,,1557070,14,,,1,50,,1557071,14,,,1,10,,1557072,14,,,1,10,,1557073,14,,,1,10,,1557074,14,,,1,10,,1557075,14,,,1,10,,1557076,14,,,1,50,,1557077,14,,,1,13,,1557078,14,,,1,15,,1557079,14,,,1,16,,1557080,14,,,1,14,,1557081,14,,,1,55,,1557082,14,,,1,15,,1557083,14,,,1,15,,1557084,14,,,1,15,,1557085,14,,,1,55,,1557086,14,,,1,15,,1557087,14,,,1,15,,1557088,14,,,1,16,,1557089,14,,,1,55,,1557090,14,,,1,15,,1557091,14,,,1,15,,1557092,14,,,1,15,,1557093,14,,,1,56,,1557094,14,,,1,13,,1557095,14,,,1,15,,1557096,14,,,1,15,,1557097,14,,,1,55,,1557098,14,,,1,15,,1557099,14,,,1,15,,1557100,14,,,1,15,,1557101,14,,,1,53,,1557102,14,,,1,10,,1557103,14,,,1,10,,1557104,14,,,1,10,,1557105,14,,,1,10,,1557106,14,,,1,49,,1557107,14,,,1,11,,1557108,14,,,1,10,,1557109,14,,,1,10,,1557110,14,,,1,10,,1557111,14,,,1,10,,1557112,14,,,1,50,,1557113,14,,,1,10,,1557114,14,,,1,10,,1557115,14,,,1,10,,1557116,14,,,1,11,,1557117,14,,,1,9,,1557118,14,,,1,50,,1557119,14,,,1,10,,1557120,14,,,1,13,,1557121,14,,,1,15,,1557122,14,,,1,15,,1557123,14,,,1,55,,1557124,14,,,1,15,,1557125,14,,,1,14,,1557126,14,,,1,16,,1557127,14,,,1,55,,1557128,14,,,1,15,,1557129,14,,,1,15,,1557130,14,,,1,15,,1557131,14,,,1,55,,1557132,14,,,1,15,,1557133,14,,,1,15,,1557134,14,,,1,15,,1557135,14,,,1,55,,1557136,14,,,1,15,,1557137,14,,,1,15,,1557138,14,,,1,15,,1557139,14,,,1,55,,1557140,14,,,1,15,,1557141,14,,,1,15,,1557142,14,,,1,15,,1557143,14,,,1,55,,1557144,14,,,1,15,,1557145,14,,,1,15,,1557146,14,,,1
80203,'20261002',542,,1480883,14,,,1,15,,1480904,14,,,1,53,,1480894,14,,,1,10,,1480955,14,,,1,10,,1480969,14,,,1,10,,1480884,14,,,1,9,,1480905,14,,,1,51,,1480920,14,,,1,11,,1480895,14,,,1,9,,1480942,14,,,1,9,,1480956,14,,,1,11,,1480963,14,,,1,10,,1480910,14,,,1,50,,1480885,14,,,1,10,,1480932,14,,,1,10,,1480964,14,,,1,10,,1480949,14,,,1,10,,1480896,14,,,1,10,,1480943,14,,,1,50,,1480968,14,,,1,13,,1480957,14,,,1,15,,1480911,14,,,1,16,,1480950,14,,,1,14,,1480921,14,,,1,55,,1480897,14,,,1,15,,1480944,14,,,1,15,,1480912,14,,,1,15,,1480886,14,,,1,55,,1480951,14,,,1,15,,1480945,14,,,1,15,,1480958,14,,,1,16,,1480887,14,,,1,55,,1480952,14,,,1,15,,1480922,14,,,1,15,,1480946,14,,,1,15,,1480913,14,,,1,56,,1480888,14,,,1,13,,1480933,14,,,1,15,,1480923,14,,,1,15,,1480947,14,,,1,55,,1480914,14,,,1,15,,1480889,14,,,1,15,,1480934,14,,,1,15,,1480924,14,,,1,53,,1480948,14,,,1,10,,1480959,14,,,1,10,,1480915,14,,,1,10,,1480970,14,,,1,10,,1480935,14,,,1,49,,1480938,14,,,1,11,,1480966,14,,,1,10,,1480953,14,,,1,10,,1480925,14,,,1,10,,1480898,14,,,1,10,,1480960,14,,,1,50,,1480916,14,,,1,10,,1480965,14,,,1,10,,1480890,14,,,1,10,,1480936,14,,,1,11,,1480954,14,,,1,9,,1480926,14,,,1,50,,1480971,14,,,1,10,,1480962,14,,,1,13,,1480961,14,,,1,15,,1480917,14,,,1,15,,1480967,14,,,1,55,,1480891,14,,,1,15,,1480937,14,,,1,14,,1480927,14,,,1,16,,1480899,14,,,1,55,,1480906,14,,,1,15,,1480918,14,,,1,15,,1480939,14,,,1,15,,1480928,14,,,1,55,,1480900,14,,,1,15,,1480907,14,,,1,15,,1480919,14,,,1,15,,1480940,14,,,1,55,,1480929,14,,,1,15,,1480901,14,,,1,15,,1480908,14,,,1,15,,1480892,14,,,1,55,,1480930,14,,,1,15,,1480902,14,,,1,15,,1480909,14,,,1,15,,1480893,14,,,1,55,,1480941,14,,,1,15,,1480931,14,,,1,15,,1480903,14,,,1
80203,'20261003',541,,1503764,14,,,1,15,,1503755,14,,,1,54,,1503749,14,,,1,15,,1503751,14,,,1,14,,1503756,14,,,1,14,,1503757,14,,,1,56,,1503762,14,,,1,15,,1503752,14,,,1,15,,1503763,14,,,1,15,,1503758,14,,,1,55,,1503750,14,,,1,14,,1503759,14,,,1,15,,1503754,14,,,1,14,,1503765,14,,,1,55,,1503760,14,,,1,14,,1503753,14,,,1,15,,1503761,14,,,1,14,,1503766,14,,,1,55,,1503767,14,,,1,15,,1503771,14,,,1,15,,1503772,14,,,1,14,,1503768,14,,,1,55,,1503769,14,,,1,15,,1503773,14,,,1,15,,1503770,14,,,1,15,,1503774,14,,,1,54,,1503775,14,,,1,16,,1503708,14,,,1,13,,1503699,14,,,1,18,,1503706,14,,,1,53,,1503711,14,,,1,16,,1503713,14,,,1,14,,1503709,14,,,1,14,,1503700,14,,,1,56,,1503704,14,,,1,16,,1503712,14,,,1,15,,1503701,14,,,1,16,,1503702,14,,,1,55,,1503714,14,,,1,14,,1503746,14,,,1,13,,1503705,14,,,1,16,,1503745,14,,,1,54,,1503707,14,,,1,17,,1503715,14,,,1,16,,1503716,14,,,1,16,,1503734,14,,,1,54,,1503748,14,,,1,13,,1503717,14,,,1,17,,1503718,14,,,1,15,,1503747,14,,,1,54,,1503703,14,,,1,14,,1503719,14,,,1,16,,1503720,14,,,1,15,,1503721,14,,,1,55,,1503722,14,,,1,16,,1503725,14,,,1,14,,1503723,14,,,1,15,,1503724,14,,,1,55,,1503729,14,,,1,15,,1503727,14,,,1,16,,1503726,14,,,1,15,,1503728,14,,,1,55,,1503733,14,,,1,16,,1503743,14,,,1,15,,1503742,14,,,1,15,,1503744,14,,,1,54,,1503740,14,,,1,15,,1503739,14,,,1,16,,1503735,14,,,1,15,,1503738,14,,,1,57,,1503710,14,,,1,15,,1503741,14,,,1,16,,1503732,14,,,1,16,,1503730,14,,,1,55,,1503731,14,,,1,15,,1503737,14,,,1,14,,1503736,14,,,1
80203,'20261004',541,,1503831,14,,,1,15,,1503845,14,,,1,54,,1503844,14,,,1,15,,1503846,14,,,1,14,,1503847,14,,,1,14,,1503841,14,,,1,56,,1503836,14,,,1,15,,1503850,14,,,1,15,,1503834,14,,,1,15,,1503839,14,,,1,55,,1503843,14,,,1,14,,1503852,14,,,1,15,,1503849,14,,,1,14,,1503832,14,,,1,55,,1503830,14,,,1,14,,1503848,14,,,1,15,,1503833,14,,,1,14,,1503835,14,,,1,55,,1503838,14,,,1,15,,1503824,14,,,1,15,,1503827,14,,,1,14,,1503829,14,,,1,55,,1503837,14,,,1,15,,1503828,14,,,1,15,,1503823,14,,,1,15,,1503826,14,,,1,54,,1503825,14,,,1,16,,1503810,14,,,1,13,,1503821,14,,,1,18,,1503820,14,,,1,53,,1503817,14,,,1,16,,1503802,14,,,1,14,,1503809,14,,,1,14,,1503816,14,,,1,56,,1503814,14,,,1,16,,1503801,14,,,1,15,,1503818,14,,,1,16,,1503815,14,,,1,55,,1503804,14,,,1,14,,1503851,14,,,1,13,,1503819,14,,,1,16,,1503777,14,,,1,54,,1503813,14,,,1,17,,1503811,14,,,1,16,,1503800,14,,,1,16,,1503793,14,,,1,54,,1503842,14,,,1,13,,1503803,14,,,1,17,,1503808,14,,,1,15,,1503840,14,,,1,54,,1503822,14,,,1,14,,1503807,14,,,1,16,,1503806,14,,,1,15,,1503805,14,,,1,55,,1503799,14,,,1,16,,1503797,14,,,1,14,,1503795,14,,,1,15,,1503798,14,,,1,55,,1503791,14,,,1,15,,1503794,14,,,1,16,,1503796,14,,,1,15,,1503784,14,,,1,55,,1503788,14,,,1,16,,1503781,14,,,1,15,,1503779,14,,,1,15,,1503778,14,,,1,54,,1503782,14,,,1,15,,1503776,14,,,1,16,,1503787,14,,,1,15,,1503792,14,,,1,57,,1503812,14,,,1,15,,1503780,14,,,1,16,,1503789,14,,,1,16,,1503783,14,,,1,55,,1503790,14,,,1,15,,1503785,14,,,1,14,,1503786,14,,,1
80203,'20261005',542,,1503853,14,,,1,15,,1503874,14,,,1,53,,1503864,14,,,1,10,,1503925,14,,,1,10,,1503939,14,,,1,10,,1503854,14,,,1,9,,1503875,14,,,1,51,,1503890,14,,,1,11,,1503865,14,,,1,9,,1503912,14,,,1,9,,1503926,14,,,1,11,,1503933,14,,,1,10,,1503880,14,,,1,50,,1503855,14,,,1,10,,1503902,14,,,1,10,,1503934,14,,,1,10,,1503919,14,,,1,10,,1503866,14,,,1,10,,1503913,14,,,1,50,,1503938,14,,,1,13,,1503927,14,,,1,15,,1503881,14,,,1,16,,1503920,14,,,1,14,,1503891,14,,,1,55,,1503867,14,,,1,15,,1503914,14,,,1,15,,1503882,14,,,1,15,,1503856,14,,,1,55,,1503921,14,,,1,15,,1503915,14,,,1,15,,1503928,14,,,1,16,,1503857,14,,,1,55,,1503922,14,,,1,15,,1503892,14,,,1,15,,1503916,14,,,1,15,,1503883,14,,,1,56,,1503858,14,,,1,13,,1503903,14,,,1,15,,1503893,14,,,1,15,,1503917,14,,,1,55,,1503884,14,,,1,15,,1503859,14,,,1,15,,1503904,14,,,1,15,,1503894,14,,,1,53,,1503918,14,,,1,10,,1503929,14,,,1,10,,1503885,14,,,1,10,,1503940,14,,,1,10,,1503905,14,,,1,49,,1503908,14,,,1,11,,1503936,14,,,1,10,,1503923,14,,,1,10,,1503895,14,,,1,10,,1503868,14,,,1,10,,1503930,14,,,1,50,,1503886,14,,,1,10,,1503935,14,,,1,10,,1503860,14,,,1,10,,1503906,14,,,1,11,,1503924,14,,,1,9,,1503896,14,,,1,50,,1503941,14,,,1,10,,1503932,14,,,1,13,,1503931,14,,,1,15,,1503887,14,,,1,15,,1503937,14,,,1,55,,1503861,14,,,1,15,,1503907,14,,,1,14,,1503897,14,,,1,16,,1503869,14,,,1,55,,1503876,14,,,1,15,,1503888,14,,,1,15,,1503909,14,,,1,15,,1503898,14,,,1,55,,1503870,14,,,1,15,,1503877,14,,,1,15,,1503889,14,,,1,15,,1503910,14,,,1,55,,1503899,14,,,1,15,,1503871,14,,,1,15,,1503878,14,,,1,15,,1503862,14,,,1,55,,1503900,14,,,1,15,,1503872,14,,,1,15,,1503879,14,,,1,15,,1503863,14,,,1,55,,1503911,14,,,1,15,,1503901,14,,,1,15,,1503873,14,,,1
80203,'20261006',542,,1533608,14,,,1,15,,1533629,14,,,1,53,,1533619,14,,,1,10,,1533680,14,,,1,10,,1533694,14,,,1,10,,1533609,14,,,1,9,,1533630,14,,,1,51,,1533645,14,,,1,11,,1533620,14,,,1,9,,1533667,14,,,1,9,,1533681,14,,,1,11,,1533688,14,,,1,10,,1533635,14,,,1,50,,1533610,14,,,1,10,,1533657,14,,,1,10,,1533689,14,,,1,10,,1533674,14,,,1,10,,1533621,14,,,1,10,,1533668,14,,,1,50,,1533693,14,,,1,13,,1533682,14,,,1,15,,1533636,14,,,1,16,,1533675,14,,,1,14,,1533646,14,,,1,55,,1533622,14,,,1,15,,1533669,14,,,1,15,,1533637,14,,,1,15,,1533611,14,,,1,55,,1533676,14,,,1,15,,1533670,14,,,1,15,,1533683,14,,,1,16,,1533612,14,,,1,55,,1533677,14,,,1,15,,1533647,14,,,1,15,,1533671,14,,,1,15,,1533638,14,,,1,56,,1533613,14,,,1,13,,1533658,14,,,1,15,,1533648,14,,,1,15,,1533672,14,,,1,55,,1533639,14,,,1,15,,1533614,14,,,1,15,,1533659,14,,,1,15,,1533649,14,,,1,53,,1533673,14,,,1,10,,1533684,14,,,1,10,,1533640,14,,,1,10,,1533695,14,,,1,10,,1533660,14,,,1,49,,1533663,14,,,1,11,,1533691,14,,,1,10,,1533678,14,,,1,10,,1533650,14,,,1,10,,1533623,14,,,1,10,,1533685,14,,,1,50,,1533641,14,,,1,10,,1533690,14,,,1,10,,1533615,14,,,1,10,,1533661,14,,,1,11,,1533679,14,,,1,9,,1533651,14,,,1,50,,1533696,14,,,1,10,,1533687,14,,,1,13,,1533686,14,,,1,15,,1533642,14,,,1,15,,1533692,14,,,1,55,,1533616,14,,,1,15,,1533662,14,,,1,14,,1533652,14,,,1,16,,1533624,14,,,1,55,,1533631,14,,,1,15,,1533643,14,,,1,15,,1533664,14,,,1,15,,1533653,14,,,1,55,,1533625,14,,,1,15,,1533632,14,,,1,15,,1533644,14,,,1,15,,1533665,14,,,1,55,,1533654,14,,,1,15,,1533626,14,,,1,15,,1533633,14,,,1,15,,1533617,14,,,1,55,,1533655,14,,,1,15,,1533627,14,,,1,15,,1533634,14,,,1,15,,1533618,14,,,1,55,,1533666,14,,,1,15,,1533656,14,,,1,15,,1533628,14,,,1
80203,'20261007',542,,1533697,14,,,1,15,,1533718,14,,,1,53,,1533708,14,,,1,10,,1533769,14,,,1,10,,1533783,14,,,1,10,,1533698,14,,,1,9,,1533719,14,,,1,51,,1533734,14,,,1,11,,1533709,14,,,1,9,,1533756,14,,,1,9,,1533770,14,,,1,11,,1533777,14,,,1,10,,1533724,14,,,1,50,,1533699,14,,,1,10,,1533746,14,,,1,10,,1533778,14,,,1,10,,1533763,14,,,1,10,,1533710,14,,,1,10,,1533757,14,,,1,50,,1533782,14,,,1,13,,1533771,14,,,1,15,,1533725,14,,,1,16,,1533764,14,,,1,14,,1533735,14,,,1,55,,1533711,14,,,1,15,,1533758,14,,,1,15,,1533726,14,,,1,15,,1533700,14,,,1,55,,1533765,14,,,1,15,,1533759,14,,,1,15,,1533772,14,,,1,16,,1533701,14,,,1,55,,1533766,14,,,1,15,,1533736,14,,,1,15,,1533760,14,,,1,15,,1533727,14,,,1,56,,1533702,14,,,1,13,,1533747,14,,,1,15,,1533737,14,,,1,15,,1533761,14,,,1,55,,1533728,14,,,1,15,,1533703,14,,,1,15,,1533748,14,,,1,15,,1533738,14,,,1,53,,1533762,14,,,1,10,,1533773,14,,,1,10,,1533729,14,,,1,10,,1533784,14,,,1,10,,1533749,14,,,1,49,,1533752,14,,,1,11,,1533780,14,,,1,10,,1533767,14,,,1,10,,1533739,14,,,1,10,,1533712,14,,,1,10,,1533774,14,,,1,50,,1533730,14,,,1,10,,1533779,14,,,1,10,,1533704,14,,,1,10,,1533750,14,,,1,11,,1533768,14,,,1,9,,1533740,14,,,1,50,,1533785,14,,,1,10,,1533776,14,,,1,13,,1533775,14,,,1,15,,1533731,14,,,1,15,,1533781,14,,,1,55,,1533705,14,,,1,15,,1533751,14,,,1,14,,1533741,14,,,1,16,,1533713,14,,,1,55,,1533720,14,,,1,15,,1533732,14,,,1,15,,1533753,14,,,1,15,,1533742,14,,,1,55,,1533714,14,,,1,15,,1533721,14,,,1,15,,1533733,14,,,1,15,,1533754,14,,,1,55,,1533743,14,,,1,15,,1533715,14,,,1,15,,1533722,14,,,1,15,,1533706,14,,,1,55,,1533744,14,,,1,15,,1533716,14,,,1,15,,1533723,14,,,1,15,,1533707,14,,,1,55,,1533755,14,,,1,15,,1533745,14,,,1,15,,1533717,14,,,1
80203,'20261008',542,,1533786,14,,,1,15,,1533807,14,,,1,53,,1533797,14,,,1,10,,1533858,14,,,1,10,,1533872,14,,,1,10,,1533787,14,,,1,9,,1533808,14,,,1,51,,1533823,14,,,1,11,,1533798,14,,,1,9,,1533845,14,,,1,9,,1533859,14,,,1,11,,1533866,14,,,1,10,,1533813,14,,,1,50,,1533788,14,,,1,10,,1533835,14,,,1,10,,1533867,14,,,1,10,,1533852,14,,,1,10,,1533799,14,,,1,10,,1533846,14,,,1,50,,1533871,14,,,1,13,,1533860,14,,,1,15,,1533814,14,,,1,16,,1533853,14,,,1,14,,1533824,14,,,1,55,,1533800,14,,,1,15,,1533847,14,,,1,15,,1533815,14,,,1,15,,1533789,14,,,1,55,,1533854,14,,,1,15,,1533848,14,,,1,15,,1533861,14,,,1,16,,1533790,14,,,1,55,,1533855,14,,,1,15,,1533825,14,,,1,15,,1533849,14,,,1,15,,1533816,14,,,1,56,,1533791,14,,,1,13,,1533836,14,,,1,15,,1533826,14,,,1,15,,1533850,14,,,1,55,,1533817,14,,,1,15,,1533792,14,,,1,15,,1533837,14,,,1,15,,1533827,14,,,1,53,,1533851,14,,,1,10,,1533862,14,,,1,10,,1533818,14,,,1,10,,1533873,14,,,1,10,,1533838,14,,,1,49,,1533841,14,,,1,11,,1533869,14,,,1,10,,1533856,14,,,1,10,,1533828,14,,,1,10,,1533801,14,,,1,10,,1533863,14,,,1,50,,1533819,14,,,1,10,,1533868,14,,,1,10,,1533793,14,,,1,10,,1533839,14,,,1,11,,1533857,14,,,1,9,,1533829,14,,,1,50,,1533874,14,,,1,10,,1533865,14,,,1,13,,1533864,14,,,1,15,,1533820,14,,,1,15,,1533870,14,,,1,55,,1533794,14,,,1,15,,1533840,14,,,1,14,,1533830,14,,,1,16,,1533802,14,,,1,55,,1533809,14,,,1,15,,1533821,14,,,1,15,,1533842,14,,,1,15,,1533831,14,,,1,55,,1533803,14,,,1,15,,1533810,14,,,1,15,,1533822,14,,,1,15,,1533843,14,,,1,55,,1533832,14,,,1,15,,1533804,14,,,1,15,,1533811,14,,,1,15,,1533795,14,,,1,55,,1533833,14,,,1,15,,1533805,14,,,1,15,,1533812,14,,,1,15,,1533796,14,,,1,55,,1533844,14,,,1,15,,1533834,14,,,1,15,,1533806,14,,,1
80203,'20261009',542,,1533875,14,,,1,15,,1533896,14,,,1,53,,1533886,14,,,1,10,,1533947,14,,,1,10,,1533961,14,,,1,10,,1533876,14,,,1,9,,1533897,14,,,1,51,,1533912,14,,,1,11,,1533887,14,,,1,9,,1533934,14,,,1,9,,1533948,14,,,1,11,,1533955,14,,,1,10,,1533902,14,,,1,50,,1533877,14,,,1,10,,1533924,14,,,1,10,,1533956,14,,,1,10,,1533941,14,,,1,10,,1533888,14,,,1,10,,1533935,14,,,1,50,,1533960,14,,,1,13,,1533949,14,,,1,15,,1533903,14,,,1,16,,1533942,14,,,1,14,,1533913,14,,,1,55,,1533889,14,,,1,15,,1533936,14,,,1,15,,1533904,14,,,1,15,,1533878,14,,,1,55,,1533943,14,,,1,15,,1533937,14,,,1,15,,1533950,14,,,1,16,,1533879,14,,,1,55,,1533944,14,,,1,15,,1533914,14,,,1,15,,1533938,14,,,1,15,,1533905,14,,,1,56,,1533880,14,,,1,13,,1533925,14,,,1,15,,1533915,14,,,1,15,,1533939,14,,,1,55,,1533906,14,,,1,15,,1533881,14,,,1,15,,1533926,14,,,1,15,,1533916,14,,,1,53,,1533940,14,,,1,10,,1533951,14,,,1,10,,1533907,14,,,1,10,,1533962,14,,,1,10,,1533927,14,,,1,49,,1533930,14,,,1,11,,1533958,14,,,1,10,,1533945,14,,,1,10,,1533917,14,,,1,10,,1533890,14,,,1,10,,1533952,14,,,1,50,,1533908,14,,,1,10,,1533957,14,,,1,10,,1533882,14,,,1,10,,1533928,14,,,1,11,,1533946,14,,,1,9,,1533918,14,,,1,50,,1533963,14,,,1,10,,1533954,14,,,1,13,,1533953,14,,,1,15,,1533909,14,,,1,15,,1533959,14,,,1,55,,1533883,14,,,1,15,,1533929,14,,,1,14,,1533919,14,,,1,16,,1533891,14,,,1,55,,1533898,14,,,1,15,,1533910,14,,,1,15,,1533931,14,,,1,15,,1533920,14,,,1,55,,1533892,14,,,1,15,,1533899,14,,,1,15,,1533911,14,,,1,15,,1533932,14,,,1,55,,1533921,14,,,1,15,,1533893,14,,,1,15,,1533900,14,,,1,15,,1533884,14,,,1,55,,1533922,14,,,1,15,,1533894,14,,,1,15,,1533901,14,,,1,15,,1533885,14,,,1,55,,1533933,14,,,1,15,,1533923,14,,,1,15,,1533895,14,,,1
80203,'20261010',541,,1557212,14,,,1,15,,1557203,14,,,1,54,,1557197,14,,,1,15,,1557199,14,,,1,14,,1557204,14,,,1,14,,1557205,14,,,1,56,,1557210,14,,,1,15,,1557200,14,,,1,15,,1557211,14,,,1,15,,1557206,14,,,1,55,,1557198,14,,,1,14,,1557207,14,,,1,15,,1557202,14,,,1,14,,1557213,14,,,1,55,,1557208,14,,,1,14,,1557201,14,,,1,15,,1557209,14,,,1,14,,1557214,14,,,1,55,,1557215,14,,,1,15,,1557219,14,,,1,15,,1557220,14,,,1,14,,1557216,14,,,1,55,,1557217,14,,,1,15,,1557221,14,,,1,15,,1557218,14,,,1,15,,1557222,14,,,1,54,,1557223,14,,,1,16,,1557156,14,,,1,13,,1557147,14,,,1,18,,1557154,14,,,1,53,,1557159,14,,,1,16,,1557161,14,,,1,14,,1557157,14,,,1,14,,1557148,14,,,1,56,,1557152,14,,,1,16,,1557160,14,,,1,15,,1557149,14,,,1,16,,1557150,14,,,1,55,,1557162,14,,,1,14,,1557194,14,,,1,13,,1557153,14,,,1,16,,1557193,14,,,1,54,,1557155,14,,,1,17,,1557163,14,,,1,16,,1557164,14,,,1,16,,1557182,14,,,1,54,,1557196,14,,,1,13,,1557165,14,,,1,17,,1557166,14,,,1,15,,1557195,14,,,1,54,,1557151,14,,,1,14,,1557167,14,,,1,16,,1557168,14,,,1,15,,1557169,14,,,1,55,,1557170,14,,,1,16,,1557173,14,,,1,14,,1557171,14,,,1,15,,1557172,14,,,1,55,,1557177,14,,,1,15,,1557175,14,,,1,16,,1557174,14,,,1,15,,1557176,14,,,1,55,,1557181,14,,,1,16,,1557191,14,,,1,15,,1557190,14,,,1,15,,1557192,14,,,1,54,,1557188,14,,,1,15,,1557187,14,,,1,16,,1557183,14,,,1,15,,1557186,14,,,1,57,,1557158,14,,,1,15,,1557189,14,,,1,16,,1557180,14,,,1,16,,1557178,14,,,1,55,,1557179,14,,,1,15,,1557185,14,,,1,14,,1557184,14,,,1
80203,'20261011',541,,1557279,14,,,1,15,,1557293,14,,,1,54,,1557292,14,,,1,15,,1557294,14,,,1,14,,1557295,14,,,1,14,,1557289,14,,,1,56,,1557284,14,,,1,15,,1557298,14,,,1,15,,1557282,14,,,1,15,,1557287,14,,,1,55,,1557291,14,,,1,14,,1557300,14,,,1,15,,1557297,14,,,1,14,,1557280,14,,,1,55,,1557278,14,,,1,14,,1557296,14,,,1,15,,1557281,14,,,1,14,,1557283,14,,,1,55,,1557286,14,,,1,15,,1557272,14,,,1,15,,1557275,14,,,1,14,,1557277,14,,,1,55,,1557285,14,,,1,15,,1557276,14,,,1,15,,1557271,14,,,1,15,,1557274,14,,,1,54,,1557273,14,,,1,16,,1557258,14,,,1,13,,1557269,14,,,1,18,,1557268,14,,,1,53,,1557265,14,,,1,16,,1557250,14,,,1,14,,1557257,14,,,1,14,,1557264,14,,,1,56,,1557262,14,,,1,16,,1557249,14,,,1,15,,1557266,14,,,1,16,,1557263,14,,,1,55,,1557252,14,,,1,14,,1557299,14,,,1,13,,1557267,14,,,1,16,,1557225,14,,,1,54,,1557261,14,,,1,17,,1557259,14,,,1,16,,1557248,14,,,1,16,,1557241,14,,,1,54,,1557290,14,,,1,13,,1557251,14,,,1,17,,1557256,14,,,1,15,,1557288,14,,,1,54,,1557270,14,,,1,14,,1557255,14,,,1,16,,1557254,14,,,1,15,,1557253,14,,,1,55,,1557247,14,,,1,16,,1557245,14,,,1,14,,1557243,14,,,1,15,,1557246,14,,,1,55,,1557239,14,,,1,15,,1557242,14,,,1,16,,1557244,14,,,1,15,,1557232,14,,,1,55,,1557236,14,,,1,16,,1557229,14,,,1,15,,1557227,14,,,1,15,,1557226,14,,,1,54,,1557230,14,,,1,15,,1557224,14,,,1,16,,1557235,14,,,1,15,,1557240,14,,,1,57,,1557260,14,,,1,15,,1557228,14,,,1,16,,1557237,14,,,1,16,,1557231,14,,,1,55,,1557238,14,,,1,15,,1557233,14,,,1,14,,1557234,14,,,1
80203,'20261012',541,,1557356,14,,,1,15,,1557370,14,,,1,54,,1557369,14,,,1,15,,1557371,14,,,1,14,,1557372,14,,,1,14,,1557366,14,,,1,56,,1557361,14,,,1,15,,1557375,14,,,1,15,,1557359,14,,,1,15,,1557364,14,,,1,55,,1557368,14,,,1,14,,1557377,14,,,1,15,,1557374,14,,,1,14,,1557357,14,,,1,55,,1557355,14,,,1,14,,1557373,14,,,1,15,,1557358,14,,,1,14,,1557360,14,,,1,55,,1557363,14,,,1,15,,1557349,14,,,1,15,,1557352,14,,,1,14,,1557354,14,,,1,55,,1557362,14,,,1,15,,1557353,14,,,1,15,,1557348,14,,,1,15,,1557351,14,,,1,54,,1557350,14,,,1,16,,1557335,14,,,1,13,,1557346,14,,,1,18,,1557345,14,,,1,53,,1557342,14,,,1,16,,1557327,14,,,1,14,,1557334,14,,,1,14,,1557341,14,,,1,56,,1557339,14,,,1,16,,1557326,14,,,1,15,,1557343,14,,,1,16,,1557340,14,,,1,55,,1557329,14,,,1,14,,1557376,14,,,1,13,,1557344,14,,,1,16,,1557302,14,,,1,54,,1557338,14,,,1,17,,1557336,14,,,1,16,,1557325,14,,,1,16,,1557318,14,,,1,54,,1557367,14,,,1,13,,1557328,14,,,1,17,,1557333,14,,,1,15,,1557365,14,,,1,54,,1557347,14,,,1,14,,1557332,14,,,1,16,,1557331,14,,,1,15,,1557330,14,,,1,55,,1557324,14,,,1,16,,1557322,14,,,1,14,,1557320,14,,,1,15,,1557323,14,,,1,55,,1557316,14,,,1,15,,1557319,14,,,1,16,,1557321,14,,,1,15,,1557309,14,,,1,55,,1557313,14,,,1,16,,1557306,14,,,1,15,,1557304,14,,,1,15,,1557303,14,,,1,54,,1557307,14,,,1,15,,1557301,14,,,1,16,,1557312,14,,,1,15,,1557317,14,,,1,57,,1557337,14,,,1,15,,1557305,14,,,1,16,,1557314,14,,,1,16,,1557308,14,,,1,55,,1557315,14,,,1,15,,1557310,14,,,1,14,,1557311,14,,,1
98200,'20261002',2538,,1485611,8,,,0
98200,'20261003',2538,,1508567,8,,,0
98200,'20261009',2538,,1540247,8,,,0
98200,'20261010',2538,,1561868,8,,,0
98400,'20261002',2542,,1485613,8,,,0
98400,'20261003',2542,,1508568,8,,,0
98400,'20261009',2542,,1540250,8,,,0
98400,'20261010',2542,,1561869,8,,,0
