25000,'20260929',1532,,1552787,22,4,,0,74,,1552788,22,4,,0,15,,1552789,22,4,,0,17,,1552790,22,4,,0,68,,1552791,22,4,,0,27,,1552792,22,4,,0,14,,1552793,22,4,,0,55,,1552794,22,4,,0
25000,'20260930',1532,,1552795,22,4,,0,74,,1552796,22,4,,0,15,,1552797,22,4,,0,17,,1552798,22,4,,0,68,,1552799,22,4,,0,27,,1552800,22,4,,0,14,,1552801,22,4,,0,55,,1552802,22,4,,0
25000,'20261001',1532,,1552803,22,4,,0,74,,1552804,22,4,,0,15,,1552805,22,4,,0,17,,1552806,22,4,,0,68,,1552807,22,4,,0,27,,1552808,22,4,,0,14,,1552809,22,4,,0,55,,1552810,22,4,,0
25000,'20261002',1532,,1475803,22,4,,0,74,,1475804,22,4,,0,15,,1475805,22,4,,0,17,,1475806,22,4,,0,68,,1475807,22,4,,0,27,,1475808,22,4,,0,14,,1475809,22,4,,0,55,,1475810,22,4,,0
25000,'20261005',1532,,1498838,22,4,,0,74,,1498839,22,4,,0,15,,1498840,22,4,,0,17,,1498841,22,4,,0,68,,1498842,22,4,,0,27,,1498843,22,4,,0,14,,1498844,22,4,,0,55,,1498845,22,4,,0
25000,'20261006',1532,,1526753,22,4,,0,74,,1526754,22,4,,0,15,,1526755,22,4,,0,17,,1526756,22,4,,0,68,,1526757,22,4,,0,27,,1526758,22,4,,0,14,,1526759,22,4,,0,55,,1526760,22,4,,0
25000,'20261007',1532,,1526761,22,4,,0,74,,1526762,22,4,,0,15,,1526763,22,4,,0,17,,1526764,22,4,,0,68,,1526765,22,4,,0,27,,1526766,22,4,,0,14,,1526767,22,4,,0,55,,1526768,22,4,,0
25000,'20261008',1532,,1526769,22,4,,0,74,,1526770,22,4,,0,15,,1526771,22,4,,0,17,,1526772,22,4,,0,68,,1526773,22,4,,0,27,,1526774,22,4,,0,14,,1526775,22,4,,0,55,,1526776,22,4,,0
25000,'20261009',1532,,1526777,22,4,,0,74,,1526778,22,4,,0,15,,1526779,22,4,,0,17,,1526780,22,4,,0,68,,1526781,22,4,,0,27,,1526782,22,4,,0,14,,1526783,22,4,,0,55,,1526784,22,4,,0
35000,'20260929',1250,,1553564,27,4,,0,300,,1553565,27,4,,0,150,,1553566,27,4,,0,50,,1553567,27,4,,0,109,,1553568,27,4,,0
35000,'20260930',1250,,1553569,27,4,,0,300,,1553570,27,4,,0,150,,1553571,27,4,,0,50,,1553572,27,4,,0,109,,1553573,27,4,,0
35000,'20261001',1250,,1553574,27,4,,0,300,,1553575,27,4,,0,150,,1553576,27,4,,0,50,,1553577,27,4,,0,109,,1553578,27,4,,0
35000,'20261002',1250,,1476820,27,4,,0,300,,1476824,27,4,,0,150,,1476821,27,4,,0,50,,1476822,27,4,,0,109,,1476823,27,4,,0
35000,'20261005',1250,,1499859,27,4,,0,300,,1499863,27,4,,0,150,,1499860,27,4,,0,50,,1499861,27,4,,0,109,,1499862,27,4,,0
35000,'20261006',1250,,1528287,27,4,,0,300,,1528291,27,4,,0,150,,1528288,27,4,,0,50,,1528289,27,4,,0,109,,1528290,27,4,,0
35000,'20261007',1250,,1528292,27,4,,0,300,,1528296,27,4,,0,150,,1528293,27,4,,0,50,,1528294,27,4,,0,109,,1528295,27,4,,0
35000,'20261008',1250,,1528297,27,4,,0,300,,1528301,27,4,,0,150,,1528298,27,4,,0,50,,1528299,27,4,,0,109,,1528300,27,4,,0
35000,'20261009',1250,,1528302,27,4,,0,300,,1528306,27,4,,0,150,,1528303,27,4,,0,50,,1528304,27,4,,0,109,,1528305,27,4,,0
55000,'20260929',1550,,1553967,25,4,,0,68,,1553968,25,4,,0,93,,1553969,25,4,,0,32,,1553970,25,4,,0,65,,1553971,25,4,,0
55000,'20260930',1550,,1553972,25,4,,0,68,,1553973,25,4,,0,93,,1553974,25,4,,0,32,,1553975,25,4,,0,65,,1553976,25,4,,0
55000,'20261001',1550,,1553977,25,4,,0,68,,1553978,25,4,,0,93,,1553979,25,4,,0,32,,1553980,25,4,,0,65,,1553981,25,4,,0
55000,'20261002',1550,,1477418,25,4,,0,68,,1477416,25,4,,0,93,,1477415,25,4,,0,32,,1477414,25,4,,0,65,,1477417,25,4,,0
55000,'20261005',1550,,1500391,25,4,,0,68,,1500389,25,4,,0,93,,1500388,25,4,,0,32,,1500387,25,4,,0,65,,1500390,25,4,,0
55000,'20261006',1550,,1529080,25,4,,0,68,,1529078,25,4,,0,93,,1529077,25,4,,0,32,,1529076,25,4,,0,65,,1529079,25,4,,0
55000,'20261007',1550,,1529085,25,4,,0,68,,1529083,25,4,,0,93,,1529082,25,4,,0,32,,1529081,25,4,,0,65,,1529084,25,4,,0
55000,'20261008',1550,,1529090,25,4,,0,68,,1529088,25,4,,0,93,,1529087,25,4,,0,32,,1529086,25,4,,0,65,,1529089,25,4,,0
55000,'20261009',1550,,1529095,25,4,,0,68,,1529093,25,4,,0,93,,1529092,25,4,,0,32,,1529091,25,4,,0,65,,1529094,25,4,,0
80002,'20260929',611,,1554276,27,,,1,15,,1554277,27,,,1,14,,1554278,27,,,1,10,,1554279,27,,,1,9,,1554280,27,,,1,52,,1554281,27,,,1,11,,1554282,27,,,1,10,,1554283,27,,,1,11,,1554284,27,,,1,10,,1554285,27,,,1,50,,1554286,27,,,1,10,,1554287,27,,,1,11,,1554288,27,,,1,9,,1554289,27,,,1,10,,1554290,27,,,1,9,,1554291,27,,,1,49,,1554292,27,,,1,10,,1554293,27,,,1,13,,1554294,27,,,1,14,,1554295,27,,,1,15,,1554296,27,,,1,55,,1554297,27,,,1,15,,1554298,27,,,1,15,,1554299,27,,,1,15,,1554300,27,,,1,55,,1554301,27,,,1,15,,1554302,27,,,1,15,,1554303,27,,,1,15,,1554304,27,,,1,55,,1554305,27,,,1,15,,1554306,27,,,1,15,,1554307,27,,,1,15,,1554308,27,,,1,55,,1554309,27,,,1,15,,1554310,27,,,1,14,,1554311,27,,,1,16,,1554312,27,,,1,55,,1554313,27,,,1,17,,1554314,27,,,1,16,,1554315,27,,,1,14,,1554316,27,,,1,57,,1554317,27,,,1,12,,1554318,27,,,1,12,,1554319,27,,,1,10,,1554320,27,,,1,11,,1554321,27,,,1,51,,1554322,27,,,1,12,,1554323,27,,,1,10,,1554324,27,,,1,10,,1554325,27,,,1,9,,1554326,27,,,1,9,,1554327,27,,,1,49,,1554328,27,,,1,9,,1554329,27,,,1,9,,1554330,27,,,1,9,,1554331,27,,,1,10,,1554332,27,,,1,8,,1554333,27,,,1,50,,1554334,27,,,1,11,,1554335,27,,,1,13,,1554336,27,,,1,15,,1554337,27,,,1,14,,1554338,27,,,1,54,,1554339,27,,,1,16,,1554340,27,,,1,15,,1554341,27,,,1,14,,1554342,27,,,1,55,,1554343,27,,,1,15,,1554344,27,,,1,16,,1554345,27,,,1,15,,1554346,27,,,1,55,,1554347,27,,,1,15,,1554348,27,,,1,15,,1554349,27,,,1,15,,1554350,27,,,1,55,,1554351,27,,,1,15,,1554352,27,,,1,15,,1554353,27,,,1,13,,1554354,27,,,1,55,,1554355,27,,,1,14,,1554356,27,,,1,14,,1554357,27,,,1,15,,1554358,27,,,1,52,,1554359,27,,,1,15,,1554360,27,,,1,15,,1554361,27,,,1,16,,1554362,27,,,1,55,,1554363,27,,,1,15,,1554364,27,,,1,17,,1554365,27,,,1,17,,1554366,27,,,1,58,,1554367,27,,,1
80002,'20260930',611,,1554368,27,,,1,15,,1554369,27,,,1,14,,1554370,27,,,1,10,,1554371,27,,,1,9,,1554372,27,,,1,52,,1554373,27,,,1,11,,1554374,27,,,1,10,,1554375,27,,,1,11,,1554376,27,,,1,10,,1554377,27,,,1,50,,1554378,27,,,1,10,,1554379,27,,,1,11,,1554380,27,,,1,9,,1554381,27,,,1,10,,1554382,27,,,1,9,,1554383,27,,,1,49,,1554384,27,,,1,10,,1554385,27,,,1,13,,1554386,27,,,1,14,,1554387,27,,,1,15,,1554388,27,,,1,55,,1554389,27,,,1,15,,1554390,27,,,1,15,,1554391,27,,,1,15,,1554392,27,,,1,55,,1554393,27,,,1,15,,1554394,27,,,1,15,,1554395,27,,,1,15,,1554396,27,,,1,55,,1554397,27,,,1,15,,1554398,27,,,1,15,,1554399,27,,,1,15,,1554400,27,,,1,55,,1554401,27,,,1,15,,1554402,27,,,1,14,,1554403,27,,,1,16,,1554404,27,,,1,55,,1554405,27,,,1,17,,1554406,27,,,1,16,,1554407,27,,,1,14,,1554408,27,,,1,57,,1554409,27,,,1,12,,1554410,27,,,1,12,,1554411,27,,,1,10,,1554412,27,,,1,11,,1554413,27,,,1,51,,1554414,27,,,1,12,,1554415,27,,,1,10,,1554416,27,,,1,10,,1554417,27,,,1,9,,1554418,27,,,1,9,,1554419,27,,,1,49,,1554420,27,,,1,9,,1554421,27,,,1,9,,1554422,27,,,1,9,,1554423,27,,,1,10,,1554424,27,,,1,8,,1554425,27,,,1,50,,1554426,27,,,1,11,,1554427,27,,,1,13,,1554428,27,,,1,15,,1554429,27,,,1,14,,1554430,27,,,1,54,,1554431,27,,,1,16,,1554432,27,,,1,15,,1554433,27,,,1,14,,1554434,27,,,1,55,,1554435,27,,,1,15,,1554436,27,,,1,16,,1554437,27,,,1,15,,1554438,27,,,1,55,,1554439,27,,,1,15,,1554440,27,,,1,15,,1554441,27,,,1,15,,1554442,27,,,1,55,,1554443,27,,,1,15,,1554444,27,,,1,15,,1554445,27,,,1,13,,1554446,27,,,1,55,,1554447,27,,,1,14,,1554448,27,,,1,14,,1554449,27,,,1,15,,1554450,27,,,1,52,,1554451,27,,,1,15,,1554452,27,,,1,15,,1554453,27,,,1,16,,1554454,27,,,1,55,,1554455,27,,,1,15,,1554456,27,,,1,17,,1554457,27,,,1,17,,1554458,27,,,1,58,,1554459,27,,,1
80002,'20261001',611,,1554460,27,,,1,15,,1554461,27,,,1,14,,1554462,27,,,1,10,,1554463,27,,,1,9,,1554464,27,,,1,52,,1554465,27,,,1,11,,1554466,27,,,1,10,,1554467,27,,,1,11,,1554468,27,,,1,10,,1554469,27,,,1,50,,1554470,27,,,1,10,,1554471,27,,,1,11,,1554472,27,,,1,9,,1554473,27,,,1,10,,1554474,27,,,1,9,,1554475,27,,,1,49,,1554476,27,,,1,10,,1554477,27,,,1,13,,1554478,27,,,1,14,,1554479,27,,,1,15,,1554480,27,,,1,55,,1554481,27,,,1,15,,1554482,27,,,1,15,,1554483,27,,,1,15,,1554484,27,,,1,55,,1554485,27,,,1,15,,1554486,27,,,1,15,,1554487,27,,,1,15,,1554488,27,,,1,55,,1554489,27,,,1,15,,1554490,27,,,1,15,,1554491,27,,,1,15,,1554492,27,,,1,55,,1554493,27,,,1,15,,1554494,27,,,1,14,,1554495,27,,,1,16,,1554496,27,,,1,55,,1554497,27,,,1,17,,1554498,27,,,1,16,,1554499,27,,,1,14,,1554500,27,,,1,57,,1554501,27,,,1,12,,1554502,27,,,1,12,,1554503,27,,,1,10,,1554504,27,,,1,11,,1554505,27,,,1,51,,1554506,27,,,1,12,,1554507,27,,,1,10,,1554508,27,,,1,10,,1554509,27,,,1,9,,1554510,27,,,1,9,,1554511,27,,,1,49,,1554512,27,,,1,9,,1554513,27,,,1,9,,1554514,27,,,1,9,,1554515,27,,,1,10,,1554516,27,,,1,8,,1554517,27,,,1,50,,1554518,27,,,1,11,,1554519,27,,,1,13,,1554520,27,,,1,15,,1554521,27,,,1,14,,1554522,27,,,1,54,,1554523,27,,,1,16,,1554524,27,,,1,15,,1554525,27,,,1,14,,1554526,27,,,1,55,,1554527,27,,,1,15,,1554528,27,,,1,16,,1554529,27,,,1,15,,1554530,27,,,1,55,,1554531,27,,,1,15,,1554532,27,,,1,15,,1554533,27,,,1,15,,1554534,27,,,1,55,,1554535,27,,,1,15,,1554536,27,,,1,15,,1554537,27,,,1,13,,1554538,27,,,1,55,,1554539,27,,,1,14,,1554540,27,,,1,14,,1554541,27,,,1,15,,1554542,27,,,1,52,,1554543,27,,,1,15,,1554544,27,,,1,15,,1554545,27,,,1,16,,1554546,27,,,1,55,,1554547,27,,,1,15,,1554548,27,,,1,17,,1554549,27,,,1,17,,1554550,27,,,1,58,,1554551,27,,,1
80002,'20261002',611,,1478333,27,,,1,15,,1478249,27,,,1,14,,1478250,27,,,1,10,,1478251,27,,,1,9,,1478252,27,,,1,52,,1478253,27,,,1,11,,1478254,27,,,1,10,,1478255,27,,,1,11,,1478334,27,,,1,10,,1478256,27,,,1,50,,1478337,27,,,1,10,,1478257,27,,,1,11,,1478258,27,,,1,9,,1478259,27,,,1,10,,1478260,27,,,1,9,,1478261,27,,,1,49,,1478262,27,,,1,10,,1478263,27,,,1,13,,1478264,27,,,1,14,,1478265,27,,,1,15,,1478266,27,,,1,55,,1478267,27,,,1,15,,1478268,27,,,1,15,,1478269,27,,,1,15,,1478270,27,,,1,55,,1478271,27,,,1,15,,1478272,27,,,1,15,,1478273,27,,,1,15,,1478274,27,,,1,55,,1478275,27,,,1,15,,1478276,27,,,1,15,,1478277,27,,,1,15,,1478278,27,,,1,55,,1478279,27,,,1,15,,1478280,27,,,1,14,,1478281,27,,,1,16,,1478282,27,,,1,55,,1478283,27,,,1,17,,1478284,27,,,1,16,,1478285,27,,,1,14,,1478286,27,,,1,57,,1478287,27,,,1,12,,1478288,27,,,1,12,,1478289,27,,,1,10,,1478290,27,,,1,11,,1478291,27,,,1,51,,1478340,27,,,1,12,,1478292,27,,,1,10,,1478294,27,,,1,10,,1478293,27,,,1,9,,1478335,27,,,1,9,,1478295,27,,,1,49,,1478296,27,,,1,9,,1478297,27,,,1,9,,1478298,27,,,1,9,,1478299,27,,,1,10,,1478300,27,,,1,8,,1478301,27,,,1,50,,1478302,27,,,1,11,,1478338,27,,,1,13,,1478303,27,,,1,15,,1478304,27,,,1,14,,1478305,27,,,1,54,,1478306,27,,,1,16,,1478307,27,,,1,15,,1478308,27,,,1,14,,1478309,27,,,1,55,,1478310,27,,,1,15,,1478311,27,,,1,16,,1478312,27,,,1,15,,1478313,27,,,1,55,,1478314,27,,,1,15,,1478315,27,,,1,15,,1478316,27,,,1,15,,1478317,27,,,1,55,,1478318,27,,,1,15,,1478319,27,,,1,15,,1478320,27,,,1,13,,1478321,27,,,1,55,,1478322,27,,,1,14,,1478323,27,,,1,14,,1478324,27,,,1,15,,1478325,27,,,1,52,,1478326,27,,,1,15,,1478327,27,,,1,15,,1478328,27,,,1,16,,1478329,27,,,1,55,,1478330,27,,,1,15,,1478331,27,,,1,17,,1478332,27,,,1,17,,1478336,27,,,1,58,,1478339,27,,,1
80002,'20261003',625,,1501132,27,,,1,15,,1501054,27,,,1,15,,1501055,27,,,1,55,,1501056,27,,,1,15,,1501057,27,,,1,16,,1501058,27,,,1,14,,1501059,27,,,1,54,,1501060,27,,,1,15,,1501061,27,,,1,15,,1501062,27,,,1,14,,1501063,27,,,1,54,,1501064,27,,,1,15,,1501065,27,,,1,15,,1501066,27,,,1,16,,1501067,27,,,1,55,,1501068,27,,,1,15,,1501069,27,,,1,15,,1501070,27,,,1,14,,1501071,27,,,1,56,,1501072,27,,,1,16,,1501073,27,,,1,18,,1501074,27,,,1,17,,1501075,27,,,1,55,,1501076,27,,,1,15,,1501077,27,,,1,15,,1501078,27,,,1,56,,1501079,27,,,1,16,,1501080,27,,,1,13,,1501081,27,,,1,15,,1501082,27,,,1,56,,1501083,27,,,1,15,,1501084,27,,,1,15,,1501085,27,,,1,15,,1501086,27,,,1,56,,1501124,27,,,1,15,,1501126,27,,,1,15,,1501087,27,,,1,15,,1501088,27,,,1,54,,1501089,27,,,1,12,,1501090,27,,,1,12,,1501091,27,,,1,12,,1501092,27,,,1,14,,1501093,27,,,1,53,,1501094,27,,,1,14,,1501096,27,,,1,14,,1501097,27,,,1,11,,1501098,27,,,1,12,,1501095,27,,,1,53,,1501099,27,,,1,14,,1501130,27,,,1,13,,1501131,27,,,1,14,,1501100,27,,,1,55,,1501101,27,,,1,14,,1501102,27,,,1,14,,1501103,27,,,1,13,,1501104,27,,,1,12,,1501105,27,,,1,54,,1501107,27,,,1,14,,1501108,27,,,1,16,,1501106,27,,,1,15,,1501110,27,,,1,55,,1501111,27,,,1,16,,1501109,27,,,1,16,,1501112,27,,,1,14,,1501114,27,,,1,55,,1501115,27,,,1,16,,1501116,27,,,1,15,,1501117,27,,,1,15,,1501118,27,,,1,54,,1501119,27,,,1,15,,1501113,27,,,1,16,,1501120,27,,,1,16,,1501121,27,,,1,55,,1501122,27,,,1,15,,1501123,27,,,1,18,,1501128,27,,,1,56,,1501127,27,,,1,14,,1501125,27,,,1,15,,1501129,27,,,1,15,,1501133,27,,,1,55,,1501134,27,,,1
80002,'20261004',625,,1501164,27,,,1,15,,1501186,27,,,1,15,,1501192,27,,,1,55,,1501187,27,,,1,15,,1501180,27,,,1,16,,1501190,27,,,1,14,,1501184,27,,,1,54,,1501188,27,,,1,15,,1501189,27,,,1,15,,1501176,27,,,1,14,,1501191,27,,,1,54,,1501175,27,,,1,15,,1501193,27,,,1,15,,1501177,27,,,1,16,,1501183,27,,,1,55,,1501196,27,,,1,15,,1501185,27,,,1,15,,1501194,27,,,1,14,,1501179,27,,,1,56,,1501195,27,,,1,16,,1501178,27,,,1,18,,1501197,27,,,1,17,,1501198,27,,,1,55,,1501182,27,,,1,15,,1501199,27,,,1,15,,1501181,27,,,1,56,,1501214,27,,,1,16,,1501200,27,,,1,13,,1501215,27,,,1,15,,1501209,27,,,1,56,,1501201,27,,,1,15,,1501202,27,,,1,15,,1501208,27,,,1,15,,1501203,27,,,1,56,,1501167,27,,,1,15,,1501171,27,,,1,15,,1501204,27,,,1,15,,1501212,27,,,1,54,,1501207,27,,,1,12,,1501210,27,,,1,12,,1501213,27,,,1,12,,1501211,27,,,1,14,,1501205,27,,,1,53,,1501206,27,,,1,14,,1501152,27,,,1,14,,1501146,27,,,1,11,,1501139,27,,,1,12,,1501137,27,,,1,53,,1501148,27,,,1,14,,1501172,27,,,1,13,,1501173,27,,,1,14,,1501153,27,,,1,55,,1501154,27,,,1,14,,1501147,27,,,1,14,,1501135,27,,,1,13,,1501145,27,,,1,12,,1501151,27,,,1,54,,1501142,27,,,1,14,,1501149,27,,,1,16,,1501138,27,,,1,15,,1501155,27,,,1,55,,1501150,27,,,1,16,,1501140,27,,,1,16,,1501141,27,,,1,14,,1501156,27,,,1,55,,1501160,27,,,1,16,,1501157,27,,,1,15,,1501158,27,,,1,15,,1501159,27,,,1,54,,1501161,27,,,1,15,,1501136,27,,,1,16,,1501162,27,,,1,16,,1501143,27,,,1,55,,1501163,27,,,1,15,,1501144,27,,,1,18,,1501169,27,,,1,56,,1501168,27,,,1,14,,1501166,27,,,1,15,,1501170,27,,,1,15,,1501174,27,,,1,55,,1501165,27,,,1
80002,'20261005',611,,1501300,27,,,1,15,,1501216,27,,,1,14,,1501217,27,,,1,10,,1501218,27,,,1,9,,1501219,27,,,1,52,,1501220,27,,,1,11,,1501221,27,,,1,10,,1501222,27,,,1,11,,1501301,27,,,1,10,,1501223,27,,,1,50,,1501304,27,,,1,10,,1501224,27,,,1,11,,1501225,27,,,1,9,,1501226,27,,,1,10,,1501227,27,,,1,9,,1501228,27,,,1,49,,1501229,27,,,1,10,,1501230,27,,,1,13,,1501231,27,,,1,14,,1501232,27,,,1,15,,1501233,27,,,1,55,,1501234,27,,,1,15,,1501235,27,,,1,15,,1501236,27,,,1,15,,1501237,27,,,1,55,,1501238,27,,,1,15,,1501239,27,,,1,15,,1501240,27,,,1,15,,1501241,27,,,1,55,,1501242,27,,,1,15,,1501243,27,,,1,15,,1501244,27,,,1,15,,1501245,27,,,1,55,,1501246,27,,,1,15,,1501247,27,,,1,14,,1501248,27,,,1,16,,1501249,27,,,1,55,,1501250,27,,,1,17,,1501251,27,,,1,16,,1501252,27,,,1,14,,1501253,27,,,1,57,,1501254,27,,,1,12,,1501255,27,,,1,12,,1501256,27,,,1,10,,1501257,27,,,1,11,,1501258,27,,,1,51,,1501307,27,,,1,12,,1501259,27,,,1,10,,1501261,27,,,1,10,,1501260,27,,,1,9,,1501302,27,,,1,9,,1501262,27,,,1,49,,1501263,27,,,1,9,,1501264,27,,,1,9,,1501265,27,,,1,9,,1501266,27,,,1,10,,1501267,27,,,1,8,,1501268,27,,,1,50,,1501269,27,,,1,11,,1501305,27,,,1,13,,1501270,27,,,1,15,,1501271,27,,,1,14,,1501272,27,,,1,54,,1501273,27,,,1,16,,1501274,27,,,1,15,,1501275,27,,,1,14,,1501276,27,,,1,55,,1501277,27,,,1,15,,1501278,27,,,1,16,,1501279,27,,,1,15,,1501280,27,,,1,55,,1501281,27,,,1,15,,1501282,27,,,1,15,,1501283,27,,,1,15,,1501284,27,,,1,55,,1501285,27,,,1,15,,1501286,27,,,1,15,,1501287,27,,,1,13,,1501288,27,,,1,55,,1501289,27,,,1,14,,1501290,27,,,1,14,,1501291,27,,,1,15,,1501292,27,,,1,52,,1501293,27,,,1,15,,1501294,27,,,1,15,,1501295,27,,,1,16,,1501296,27,,,1,55,,1501297,27,,,1,15,,1501298,27,,,1,17,,1501299,27,,,1,17,,1501303,27,,,1,58,,1501306,27,,,1
80002,'20261006',611,,1530114,27,,,1,15,,1530030,27,,,1,14,,1530031,27,,,1,10,,1530032,27,,,1,9,,1530033,27,,,1,52,,1530034,27,,,1,11,,1530035,27,,,1,10,,1530036,27,,,1,11,,1530115,27,,,1,10,,1530037,27,,,1,50,,1530118,27,,,1,10,,1530038,27,,,1,11,,1530039,27,,,1,9,,1530040,27,,,1,10,,1530041,27,,,1,9,,1530042,27,,,1,49,,1530043,27,,,1,10,,1530044,27,,,1,13,,1530045,27,,,1,14,,1530046,27,,,1,15,,1530047,27,,,1,55,,1530048,27,,,1,15,,1530049,27,,,1,15,,1530050,27,,,1,15,,1530051,27,,,1,55,,1530052,27,,,1,15,,1530053,27,,,1,15,,1530054,27,,,1,15,,1530055,27,,,1,55,,1530056,27,,,1,15,,1530057,27,,,1,15,,1530058,27,,,1,15,,1530059,27,,,1,55,,1530060,27,,,1,15,,1530061,27,,,1,14,,1530062,27,,,1,16,,1530063,27,,,1,55,,1530064,27,,,1,17,,1530065,27,,,1,16,,1530066,27,,,1,14,,1530067,27,,,1,57,,1530068,27,,,1,12,,1530069,27,,,1,12,,1530070,27,,,1,10,,1530071,27,,,1,11,,1530072,27,,,1,51,,1530121,27,,,1,12,,1530073,27,,,1,10,,1530075,27,,,1,10,,1530074,27,,,1,9,,1530116,27,,,1,9,,1530076,27,,,1,49,,1530077,27,,,1,9,,1530078,27,,,1,9,,1530079,27,,,1,9,,1530080,27,,,1,10,,1530081,27,,,1,8,,1530082,27,,,1,50,,1530083,27,,,1,11,,1530119,27,,,1,13,,1530084,27,,,1,15,,1530085,27,,,1,14,,1530086,27,,,1,54,,1530087,27,,,1,16,,1530088,27,,,1,15,,1530089,27,,,1,14,,1530090,27,,,1,55,,1530091,27,,,1,15,,1530092,27,,,1,16,,1530093,27,,,1,15,,1530094,27,,,1,55,,1530095,27,,,1,15,,1530096,27,,,1,15,,1530097,27,,,1,15,,1530098,27,,,1,55,,1530099,27,,,1,15,,1530100,27,,,1,15,,1530101,27,,,1,13,,1530102,27,,,1,55,,1530103,27,,,1,14,,1530104,27,,,1,14,,1530105,27,,,1,15,,1530106,27,,,1,52,,1530107,27,,,1,15,,1530108,27,,,1,15,,1530109,27,,,1,16,,1530110,27,,,1,55,,1530111,27,,,1,15,,1530112,27,,,1,17,,1530113,27,,,1,17,,1530117,27,,,1,58,,1530120,27,,,1
80002,'20261007',611,,1530206,27,,,1,15,,1530122,27,,,1,14,,1530123,27,,,1,10,,1530124,27,,,1,9,,1530125,27,,,1,52,,1530126,27,,,1,11,,1530127,27,,,1,10,,1530128,27,,,1,11,,1530207,27,,,1,10,,1530129,27,,,1,50,,1530210,27,,,1,10,,1530130,27,,,1,11,,1530131,27,,,1,9,,1530132,27,,,1,10,,1530133,27,,,1,9,,1530134,27,,,1,49,,1530135,27,,,1,10,,1530136,27,,,1,13,,1530137,27,,,1,14,,1530138,27,,,1,15,,1530139,27,,,1,55,,1530140,27,,,1,15,,1530141,27,,,1,15,,1530142,27,,,1,15,,1530143,27,,,1,55,,1530144,27,,,1,15,,1530145,27,,,1,15,,1530146,27,,,1,15,,1530147,27,,,1,55,,1530148,27,,,1,15,,1530149,27,,,1,15,,1530150,27,,,1,15,,1530151,27,,,1,55,,1530152,27,,,1,15,,1530153,27,,,1,14,,1530154,27,,,1,16,,1530155,27,,,1,55,,1530156,27,,,1,17,,1530157,27,,,1,16,,1530158,27,,,1,14,,1530159,27,,,1,57,,1530160,27,,,1,12,,1530161,27,,,1,12,,1530162,27,,,1,10,,1530163,27,,,1,11,,1530164,27,,,1,51,,1530213,27,,,1,12,,1530165,27,,,1,10,,1530167,27,,,1,10,,1530166,27,,,1,9,,1530208,27,,,1,9,,1530168,27,,,1,49,,1530169,27,,,1,9,,1530170,27,,,1,9,,1530171,27,,,1,9,,1530172,27,,,1,10,,1530173,27,,,1,8,,1530174,27,,,1,50,,1530175,27,,,1,11,,1530211,27,,,1,13,,1530176,27,,,1,15,,1530177,27,,,1,14,,1530178,27,,,1,54,,1530179,27,,,1,16,,1530180,27,,,1,15,,1530181,27,,,1,14,,1530182,27,,,1,55,,1530183,27,,,1,15,,1530184,27,,,1,16,,1530185,27,,,1,15,,1530186,27,,,1,55,,1530187,27,,,1,15,,1530188,27,,,1,15,,1530189,27,,,1,15,,1530190,27,,,1,55,,1530191,27,,,1,15,,1530192,27,,,1,15,,1530193,27,,,1,13,,1530194,27,,,1,55,,1530195,27,,,1,14,,1530196,27,,,1,14,,1530197,27,,,1,15,,1530198,27,,,1,52,,1530199,27,,,1,15,,1530200,27,,,1,15,,1530201,27,,,1,16,,1530202,27,,,1,55,,1530203,27,,,1,15,,1530204,27,,,1,17,,1530205,27,,,1,17,,1530209,27,,,1,58,,1530212,27,,,1
80002,'20261008',611,,1530298,27,,,1,15,,1530214,27,,,1,14,,1530215,27,,,1,10,,1530216,27,,,1,9,,1530217,27,,,1,52,,1530218,27,,,1,11,,1530219,27,,,1,10,,1530220,27,,,1,11,,1530299,27,,,1,10,,1530221,27,,,1,50,,1530302,27,,,1,10,,1530222,27,,,1,11,,1530223,27,,,1,9,,1530224,27,,,1,10,,1530225,27,,,1,9,,1530226,27,,,1,49,,1530227,27,,,1,10,,1530228,27,,,1,13,,1530229,27,,,1,14,,1530230,27,,,1,15,,1530231,27,,,1,55,,1530232,27,,,1,15,,1530233,27,,,1,15,,1530234,27,,,1,15,,1530235,27,,,1,55,,1530236,27,,,1,15,,1530237,27,,,1,15,,1530238,27,,,1,15,,1530239,27,,,1,55,,1530240,27,,,1,15,,1530241,27,,,1,15,,1530242,27,,,1,15,,1530243,27,,,1,55,,1530244,27,,,1,15,,1530245,27,,,1,14,,1530246,27,,,1,16,,1530247,27,,,1,55,,1530248,27,,,1,17,,1530249,27,,,1,16,,1530250,27,,,1,14,,1530251,27,,,1,57,,1530252,27,,,1,12,,1530253,27,,,1,12,,1530254,27,,,1,10,,1530255,27,,,1,11,,1530256,27,,,1,51,,1530305,27,,,1,12,,1530257,27,,,1,10,,1530259,27,,,1,10,,1530258,27,,,1,9,,1530300,27,,,1,9,,1530260,27,,,1,49,,1530261,27,,,1,9,,1530262,27,,,1,9,,1530263,27,,,1,9,,1530264,27,,,1,10,,1530265,27,,,1,8,,1530266,27,,,1,50,,1530267,27,,,1,11,,1530303,27,,,1,13,,1530268,27,,,1,15,,1530269,27,,,1,14,,1530270,27,,,1,54,,1530271,27,,,1,16,,1530272,27,,,1,15,,1530273,27,,,1,14,,1530274,27,,,1,55,,1530275,27,,,1,15,,1530276,27,,,1,16,,1530277,27,,,1,15,,1530278,27,,,1,55,,1530279,27,,,1,15,,1530280,27,,,1,15,,1530281,27,,,1,15,,1530282,27,,,1,55,,1530283,27,,,1,15,,1530284,27,,,1,15,,1530285,27,,,1,13,,1530286,27,,,1,55,,1530287,27,,,1,14,,1530288,27,,,1,14,,1530289,27,,,1,15,,1530290,27,,,1,52,,1530291,27,,,1,15,,1530292,27,,,1,15,,1530293,27,,,1,16,,1530294,27,,,1,55,,1530295,27,,,1,15,,1530296,27,,,1,17,,1530297,27,,,1,17,,1530301,27,,,1,58,,1530304,27,,,1
80002,'20261009',611,,1530390,27,,,1,15,,1530306,27,,,1,14,,1530307,27,,,1,10,,1530308,27,,,1,9,,1530309,27,,,1,52,,1530310,27,,,1,11,,1530311,27,,,1,10,,1530312,27,,,1,11,,1530391,27,,,1,10,,1530313,27,,,1,50,,1530394,27,,,1,10,,1530314,27,,,1,11,,1530315,27,,,1,9,,1530316,27,,,1,10,,1530317,27,,,1,9,,1530318,27,,,1,49,,1530319,27,,,1,10,,1530320,27,,,1,13,,1530321,27,,,1,14,,1530322,27,,,1,15,,1530323,27,,,1,55,,1530324,27,,,1,15,,1530325,27,,,1,15,,1530326,27,,,1,15,,1530327,27,,,1,55,,1530328,27,,,1,15,,1530329,27,,,1,15,,1530330,27,,,1,15,,1530331,27,,,1,55,,1530332,27,,,1,15,,1530333,27,,,1,15,,1530334,27,,,1,15,,1530335,27,,,1,55,,1530336,27,,,1,15,,1530337,27,,,1,14,,1530338,27,,,1,16,,1530339,27,,,1,55,,1530340,27,,,1,17,,1530341,27,,,1,16,,1530342,27,,,1,14,,1530343,27,,,1,57,,1530344,27,,,1,12,,1530345,27,,,1,12,,1530346,27,,,1,10,,1530347,27,,,1,11,,1530348,27,,,1,51,,1530397,27,,,1,12,,1530349,27,,,1,10,,1530351,27,,,1,10,,1530350,27,,,1,9,,1530392,27,,,1,9,,1530352,27,,,1,49,,1530353,27,,,1,9,,1530354,27,,,1,9,,1530355,27,,,1,9,,1530356,27,,,1,10,,1530357,27,,,1,8,,1530358,27,,,1,50,,1530359,27,,,1,11,,1530395,27,,,1,13,,1530360,27,,,1,15,,1530361,27,,,1,14,,1530362,27,,,1,54,,1530363,27,,,1,16,,1530364,27,,,1,15,,1530365,27,,,1,14,,1530366,27,,,1,55,,1530367,27,,,1,15,,1530368,27,,,1,16,,1530369,27,,,1,15,,1530370,27,,,1,55,,1530371,27,,,1,15,,1530372,27,,,1,15,,1530373,27,,,1,15,,1530374,27,,,1,55,,1530375,27,,,1,15,,1530376,27,,,1,15,,1530377,27,,,1,13,,1530378,27,,,1,55,,1530379,27,,,1,14,,1530380,27,,,1,14,,1530381,27,,,1,15,,1530382,27,,,1,52,,1530383,27,,,1,15,,1530384,27,,,1,15,,1530385,27,,,1,16,,1530386,27,,,1,55,,1530387,27,,,1,15,,1530388,27,,,1,17,,1530389,27,,,1,17,,1530393,27,,,1,58,,1530396,27,,,1
80002,'20261010',625,,1554630,27,,,1,15,,1554552,27,,,1,15,,1554553,27,,,1,55,,1554554,27,,,1,15,,1554555,27,,,1,16,,1554556,27,,,1,14,,1554557,27,,,1,54,,1554558,27,,,1,15,,1554559,27,,,1,15,,1554560,27,,,1,14,,1554561,27,,,1,54,,1554562,27,,,1,15,,1554563,27,,,1,15,,1554564,27,,,1,16,,1554565,27,,,1,55,,1554566,27,,,1,15,,1554567,27,,,1,15,,1554568,27,,,1,14,,1554569,27,,,1,56,,1554570,27,,,1,16,,1554571,27,,,1,18,,1554572,27,,,1,17,,1554573,27,,,1,55,,1554574,27,,,1,15,,1554575,27,,,1,15,,1554576,27,,,1,56,,1554577,27,,,1,16,,1554578,27,,,1,13,,1554579,27,,,1,15,,1554580,27,,,1,56,,1554581,27,,,1,15,,1554582,27,,,1,15,,1554583,27,,,1,15,,1554584,27,,,1,56,,1554622,27,,,1,15,,1554624,27,,,1,15,,1554585,27,,,1,15,,1554586,27,,,1,54,,1554587,27,,,1,12,,1554588,27,,,1,12,,1554589,27,,,1,12,,1554590,27,,,1,14,,1554591,27,,,1,53,,1554592,27,,,1,14,,1554594,27,,,1,14,,1554595,27,,,1,11,,1554596,27,,,1,12,,1554593,27,,,1,53,,1554597,27,,,1,14,,1554628,27,,,1,13,,1554629,27,,,1,14,,1554598,27,,,1,55,,1554599,27,,,1,14,,1554600,27,,,1,14,,1554601,27,,,1,13,,1554602,27,,,1,12,,1554603,27,,,1,54,,1554605,27,,,1,14,,1554606,27,,,1,16,,1554604,27,,,1,15,,1554608,27,,,1,55,,1554609,27,,,1,16,,1554607,27,,,1,16,,1554610,27,,,1,14,,1554612,27,,,1,55,,1554613,27,,,1,16,,1554614,27,,,1,15,,1554615,27,,,1,15,,1554616,27,,,1,54,,1554617,27,,,1,15,,1554611,27,,,1,16,,1554618,27,,,1,16,,1554619,27,,,1,55,,1554620,27,,,1,15,,1554621,27,,,1,18,,1554626,27,,,1,56,,1554625,27,,,1,14,,1554623,27,,,1,15,,1554627,27,,,1,15,,1554631,27,,,1,55,,1554632,27,,,1
80002,'20261011',625,,1554662,27,,,1,15,,1554684,27,,,1,15,,1554690,27,,,1,55,,1554685,27,,,1,15,,1554678,27,,,1,16,,1554688,27,,,1,14,,1554682,27,,,1,54,,1554686,27,,,1,15,,1554687,27,,,1,15,,1554674,27,,,1,14,,1554689,27,,,1,54,,1554673,27,,,1,15,,1554691,27,,,1,15,,1554675,27,,,1,16,,1554681,27,,,1,55,,1554694,27,,,1,15,,1554683,27,,,1,15,,1554692,27,,,1,14,,1554677,27,,,1,56,,1554693,27,,,1,16,,1554676,27,,,1,18,,1554695,27,,,1,17,,1554696,27,,,1,55,,1554680,27,,,1,15,,1554697,27,,,1,15,,1554679,27,,,1,56,,1554712,27,,,1,16,,1554698,27,,,1,13,,1554713,27,,,1,15,,1554707,27,,,1,56,,1554699,27,,,1,15,,1554700,27,,,1,15,,1554706,27,,,1,15,,1554701,27,,,1,56,,1554665,27,,,1,15,,1554669,27,,,1,15,,1554702,27,,,1,15,,1554710,27,,,1,54,,1554705,27,,,1,12,,1554708,27,,,1,12,,1554711,27,,,1,12,,1554709,27,,,1,14,,1554703,27,,,1,53,,1554704,27,,,1,14,,1554650,27,,,1,14,,1554644,27,,,1,11,,1554637,27,,,1,12,,1554635,27,,,1,53,,1554646,27,,,1,14,,1554670,27,,,1,13,,1554671,27,,,1,14,,1554651,27,,,1,55,,1554652,27,,,1,14,,1554645,27,,,1,14,,1554633,27,,,1,13,,1554643,27,,,1,12,,1554649,27,,,1,54,,1554640,27,,,1,14,,1554647,27,,,1,16,,1554636,27,,,1,15,,1554653,27,,,1,55,,1554648,27,,,1,16,,1554638,27,,,1,16,,1554639,27,,,1,14,,1554654,27,,,1,55,,1554658,27,,,1,16,,1554655,27,,,1,15,,1554656,27,,,1,15,,1554657,27,,,1,54,,1554659,27,,,1,15,,1554634,27,,,1,16,,1554660,27,,,1,16,,1554641,27,,,1,55,,1554661,27,,,1,15,,1554642,27,,,1,18,,1554667,27,,,1,56,,1554666,27,,,1,14,,1554664,27,,,1,15,,1554668,27,,,1,15,,1554672,27,,,1,55,,1554663,27,,,1
80002,'20261012',625,,1554743,27,,,1,15,,1554765,27,,,1,15,,1554771,27,,,1,55,,1554766,27,,,1,15,,1554759,27,,,1,16,,1554769,27,,,1,14,,1554763,27,,,1,54,,1554767,27,,,1,15,,1554768,27,,,1,15,,1554755,27,,,1,14,,1554770,27,,,1,54,,1554754,27,,,1,15,,1554772,27,,,1,15,,1554756,27,,,1,16,,1554762,27,,,1,55,,1554775,27,,,1,15,,1554764,27,,,1,15,,1554773,27,,,1,14,,1554758,27,,,1,56,,1554774,27,,,1,16,,1554757,27,,,1,18,,1554776,27,,,1,17,,1554777,27,,,1,55,,1554761,27,,,1,15,,1554778,27,,,1,15,,1554760,27,,,1,56,,1554793,27,,,1,16,,1554779,27,,,1,13,,1554794,27,,,1,15,,1554788,27,,,1,56,,1554780,27,,,1,15,,1554781,27,,,1,15,,1554787,27,,,1,15,,1554782,27,,,1,56,,1554746,27,,,1,15,,1554750,27,,,1,15,,1554783,27,,,1,15,,1554791,27,,,1,54,,1554786,27,,,1,12,,1554789,27,,,1,12,,1554792,27,,,1,12,,1554790,27,,,1,14,,1554784,27,,,1,53,,1554785,27,,,1,14,,1554731,27,,,1,14,,1554725,27,,,1,11,,1554718,27,,,1,12,,1554716,27,,,1,53,,1554727,27,,,1,14,,1554751,27,,,1,13,,1554752,27,,,1,14,,1554732,27,,,1,55,,1554733,27,,,1,14,,1554726,27,,,1,14,,1554714,27,,,1,13,,1554724,27,,,1,12,,1554730,27,,,1,54,,1554721,27,,,1,14,,1554728,27,,,1,16,,1554717,27,,,1,15,,1554734,27,,,1,55,,1554729,27,,,1,16,,1554719,27,,,1,16,,1554720,27,,,1,14,,1554735,27,,,1,55,,1554739,27,,,1,16,,1554736,27,,,1,15,,1554737,27,,,1,15,,1554738,27,,,1,54,,1554740,27,,,1,15,,1554715,27,,,1,16,,1554741,27,,,1,16,,1554722,27,,,1,55,,1554742,27,,,1,15,,1554723,27,,,1,18,,1554748,27,,,1,56,,1554747,27,,,1,14,,1554745,27,,,1,15,,1554749,27,,,1,15,,1554753,27,,,1,55,,1554744,27,,,1
95002,'20261002',2555,,1485600,25,,,0,170,,1485601,25,,,0
95002,'20261003',2555,,1508562,25,,,0,170,,1508561,25,,,0
95002,'20261009',2555,,1540231,25,,,0,170,,1540232,25,,,0
95002,'20261010',2555,,1561863,25,,,0,170,,1561862,25,,,0
