1302,'20261006',700,,1597271,36,,,0,25,,1597265,17,,,0,2,,1597266,17,,,0,31,,1597264,17,,,0,42,,1597272,36,,,0,16,,1597267,17,,,0,15,,1597273,36,,,0,14,,1597268,17,,,0,71,,1597269,17,,,0,17,,1597274,36,,,0,97,,1597275,36,,,0,98,,1597276,36,,,0,31,,1597270,17,,,0,70,,1597277,36,,,0,101,,1597278,36,,,0,99,,1597279,36,,,0,97,,1597280,36,,,0,97,,1597281,36,,,0,33,,1597282,36,,,0,2,,1597283,36,,,0,78,,1597284,36,,,0,97,,1597285,36,,,0,101,,1597286,36,,,0,99,,1597287,36,,,0,100,,1597288,36,,,0,100,,1597289,36,,,0,97,,1597290,36,,,0
1302,'20261007',700,,1597298,36,,,0,25,,1597292,17,,,0,2,,1597293,17,,,0,31,,1597291,17,,,0,42,,1597299,36,,,0,16,,1597294,17,,,0,15,,1597300,36,,,0,14,,1597295,17,,,0,71,,1597296,17,,,0,17,,1597301,36,,,0,97,,1597302,36,,,0,98,,1597303,36,,,0,31,,1597297,17,,,0,70,,1597304,36,,,0,101,,1597305,36,,,0,99,,1597306,36,,,0,97,,1597307,36,,,0,97,,1597308,36,,,0,33,,1597309,36,,,0,2,,1597310,36,,,0,78,,1597311,36,,,0,97,,1597312,36,,,0,101,,1597313,36,,,0,99,,1597314,36,,,0,100,,1597315,36,,,0,100,,1597316,36,,,0,97,,1597317,36,,,0
1302,'20261008',700,,1597325,36,,,0,25,,1597319,17,,,0,2,,1597320,17,,,0,31,,1597318,17,,,0,42,,1597326,36,,,0,16,,1597321,17,,,0,15,,1597327,36,,,0,14,,1597322,17,,,0,71,,1597323,17,,,0,17,,1597328,36,,,0,97,,1597329,36,,,0,98,,1597330,36,,,0,31,,1597324,17,,,0,70,,1597331,36,,,0,101,,1597332,36,,,0,99,,1597333,36,,,0,97,,1597334,36,,,0,97,,1597335,36,,,0,33,,1597336,36,,,0,2,,1597337,36,,,0,78,,1597338,36,,,0,97,,1597339,36,,,0,101,,1597340,36,,,0,99,,1597341,36,,,0,100,,1597342,36,,,0,100,,1597343,36,,,0,97,,1597344,36,,,0
1302,'20261009',700,,1597352,36,,,0,25,,1597346,17,,,0,2,,1597347,17,,,0,31,,1597345,17,,,0,42,,1597353,36,,,0,16,,1597348,17,,,0,15,,1597354,36,,,0,14,,1597349,17,,,0,71,,1597350,17,,,0,17,,1597355,36,,,0,97,,1597356,36,,,0,98,,1597357,36,,,0,31,,1597351,17,,,0,70,,1597358,36,,,0,101,,1597359,36,,,0,99,,1597360,36,,,0,97,,1597361,36,,,0,97,,1597362,36,,,0,33,,1597363,36,,,0,2,,1597364,36,,,0,78,,1597365,36,,,0,97,,1597366,36,,,0,101,,1597367,36,,,0,99,,1597368,36,,,0,100,,1597369,36,,,0,100,,1597370,36,,,0,97,,1597371,36,,,0
1302,'20261010',809,,1542960,36,,,0,99,,1542961,36,,,0,99,,1542962,36,,,0,99,,1542963,36,,,0,99,,1542964,36,,,0,99,,1542965,36,,,0,98,,1542966,36,,,0,103,,1542967,36,,,0,100,,1542968,36,,,0,101,,1542969,36,,,0,100,,1542970,36,,,0,101,,1542971,36,,,0,100,,1542972,36,,,0,101,,1542973,36,,,0,100,,1542974,36,,,0
1302,'20261011',809,,1542975,36,,,0,99,,1542976,36,,,0,99,,1542977,36,,,0,99,,1542978,36,,,0,99,,1542979,36,,,0,99,,1542980,36,,,0,98,,1542981,36,,,0,103,,1542982,36,,,0,100,,1542983,36,,,0,101,,1542984,36,,,0,100,,1542985,36,,,0,101,,1542986,36,,,0,100,,1542987,36,,,0,101,,1542988,36,,,0,100,,1542989,36,,,0
1302,'20261012',809,,1542990,36,,,0,99,,1542991,36,,,0,99,,1542992,36,,,0,99,,1542993,36,,,0,99,,1542994,36,,,0,99,,1542995,36,,,0,98,,1542996,36,,,0,103,,1542997,36,,,0,100,,1542998,36,,,0,101,,1542999,36,,,0,100,,1543000,36,,,0,101,,1543001,36,,,0,100,,1543002,36,,,0,101,,1543003,36,,,0,100,,1543004,36,,,0
1302,'20261013',700,,1565640,36,,,0,27,,1565658,17,,,0,73,,1565641,36,,,0,16,,1565659,17,,,0,15,,1565642,36,,,0,14,,1565660,17,,,0,71,,1565661,17,,,0,17,,1565643,36,,,0,97,,1565644,36,,,0,98,,1565645,36,,,0,31,,1565662,17,,,0,70,,1565646,36,,,0,101,,1565647,36,,,0,99,,1565648,36,,,0,97,,1565649,36,,,0,97,,1565650,36,,,0,33,,1565664,36,,,0,2,,1565663,36,,,0,78,,1565651,36,,,0,97,,1565652,36,,,0,101,,1565653,36,,,0,99,,1565654,36,,,0,100,,1565655,36,,,0,100,,1565656,36,,,0,97,,1565657,36,,,0
1302,'20261014',700,,1565665,36,,,0,27,,1565683,17,,,0,73,,1565666,36,,,0,16,,1565684,17,,,0,15,,1565667,36,,,0,14,,1565685,17,,,0,71,,1565686,17,,,0,17,,1565668,36,,,0,97,,1565669,36,,,0,98,,1565670,36,,,0,31,,1565687,17,,,0,70,,1565671,36,,,0,101,,1565672,36,,,0,99,,1565673,36,,,0,97,,1565674,36,,,0,97,,1565675,36,,,0,33,,1565689,36,,,0,2,,1565688,36,,,0,78,,1565676,36,,,0,97,,1565677,36,,,0,101,,1565678,36,,,0,99,,1565679,36,,,0,100,,1565680,36,,,0,100,,1565681,36,,,0,97,,1565682,36,,,0
1302,'20261015',700,,1565690,36,,,0,27,,1565708,17,,,0,73,,1565691,36,,,0,16,,1565709,17,,,0,15,,1565692,36,,,0,14,,1565710,17,,,0,71,,1565711,17,,,0,17,,1565693,36,,,0,97,,1565694,36,,,0,98,,1565695,36,,,0,31,,1565712,17,,,0,70,,1565696,36,,,0,101,,1565697,36,,,0,99,,1565698,36,,,0,97,,1565699,36,,,0,97,,1565700,36,,,0,33,,1565714,36,,,0,2,,1565713,36,,,0,78,,1565701,36,,,0,97,,1565702,36,,,0,101,,1565703,36,,,0,99,,1565704,36,,,0,100,,1565705,36,,,0,100,,1565706,36,,,0,97,,1565707,36,,,0
1302,'20261016',700,,1565715,36,,,0,27,,1565733,17,,,0,73,,1565716,36,,,0,16,,1565734,17,,,0,15,,1565717,36,,,0,14,,1565735,17,,,0,71,,1565736,17,,,0,17,,1565718,36,,,0,97,,1565719,36,,,0,98,,1565720,36,,,0,31,,1565737,17,,,0,70,,1565721,36,,,0,101,,1565722,36,,,0,99,,1565723,36,,,0,97,,1565724,36,,,0,97,,1565725,36,,,0,33,,1565739,36,,,0,2,,1565738,36,,,0,78,,1565726,36,,,0,97,,1565727,36,,,0,101,,1565728,36,,,0,99,,1565729,36,,,0,100,,1565730,36,,,0,100,,1565731,36,,,0,97,,1565732,36,,,0
1302,'20261017',809,,1597372,36,,,0,99,,1597373,36,,,0,99,,1597374,36,,,0,99,,1597375,36,,,0,99,,1597376,36,,,0,99,,1597377,36,,,0,98,,1597378,36,,,0,103,,1597379,36,,,0,100,,1597380,36,,,0,101,,1597381,36,,,0,100,,1597382,36,,,0,101,,1597383,36,,,0,100,,1597384,36,,,0,101,,1597385,36,,,0,100,,1597386,36,,,0
1302,'20261018',809,,1597387,36,,,0,99,,1597388,36,,,0,99,,1597389,36,,,0,99,,1597390,36,,,0,99,,1597391,36,,,0,99,,1597392,36,,,0,98,,1597393,36,,,0,103,,1597394,36,,,0,100,,1597395,36,,,0,101,,1597396,36,,,0,100,,1597397,36,,,0,101,,1597398,36,,,0,100,,1597399,36,,,0,101,,1597400,36,,,0,100,,1597401,36,,,0
1302,'20261019',700,,1597402,36,,,0,27,,1597420,17,,,0,73,,1597403,36,,,0,16,,1597421,17,,,0,15,,1597404,36,,,0,14,,1597422,17,,,0,71,,1597423,17,,,0,17,,1597405,36,,,0,97,,1597406,36,,,0,98,,1597407,36,,,0,31,,1597424,17,,,0,70,,1597408,36,,,0,101,,1597409,36,,,0,99,,1597410,36,,,0,97,,1597411,36,,,0,97,,1597412,36,,,0,33,,1597426,36,,,0,2,,1597425,36,,,0,78,,1597413,36,,,0,97,,1597414,36,,,0,101,,1597415,36,,,0,99,,1597416,36,,,0,100,,1597417,36,,,0,100,,1597418,36,,,0,97,,1597419,36,,,0
1302,'20261020',700,,1597427,36,,,0,27,,1597445,17,,,0,73,,1597428,36,,,0,16,,1597446,17,,,0,15,,1597429,36,,,0,14,,1597447,17,,,0,71,,1597448,17,,,0,17,,1597430,36,,,0,97,,1597431,36,,,0,98,,1597432,36,,,0,31,,1597449,17,,,0,70,,1597433,36,,,0,101,,1597434,36,,,0,99,,1597435,36,,,0,97,,1597436,36,,,0,97,,1597437,36,,,0,33,,1597451,36,,,0,2,,1597450,36,,,0,78,,1597438,36,,,0,97,,1597439,36,,,0,101,,1597440,36,,,0,99,,1597441,36,,,0,100,,1597442,36,,,0,100,,1597443,36,,,0,97,,1597444,36,,,0
