7900,'20261002',553,,1575241,3,,,0,100,,1575242,3,,,0,70,,1575243,3,,,0,31,,1575244,3,,,0,99,,1575245,3,,,0,100,,1575246,3,,,0,100,,1575247,3,,,0,100,,1575248,3,,,0,100,,1575235,27,,,0,100,,1575249,3,,,0,100,,1575250,3,,,0,100,,1575251,3,,,0,70,,1575236,27,,,0,30,,1575237,27,,,0,70,,1575238,27,,,0,30,,1575239,27,,,0,70,,1575240,27,,,0,30,,1575252,3,,,0,100,,1575253,3,,,0,100,,1575254,3,,,0,100,,1575255,3,,,0,100,,1575256,3,,,0
7900,'20261003',723,,1575257,3,,,0,30,,1575258,3,,,0,100,,1575259,3,,,0,100,,1575260,3,,,0,100,,1575261,3,,,0,100,,1575262,3,,,0,100,,1575263,3,,,0,100,,1575264,3,,,0,100,,1575265,3,,,0,100,,1575266,3,,,0,100,,1575267,3,,,0,100,,1575268,3,,,0,100,,1575269,3,,,0,100,,1575270,3,,,0,100,,1575271,3,,,0,100,,1575272,3,,,0,100,,1575273,3,,,0
7900,'20261004',723,,1575274,3,,,0,30,,1575275,3,,,0,100,,1575276,3,,,0,100,,1575277,3,,,0,100,,1575278,3,,,0,100,,1575279,3,,,0,100,,1575280,3,,,0,100,,1575281,3,,,0,100,,1575282,3,,,0,100,,1575283,3,,,0,100,,1575284,3,,,0,100,,1575285,3,,,0,100,,1575286,3,,,0,100,,1575287,3,,,0,100,,1575288,3,,,0,100,,1575289,3,,,0,100,,1575290,3,,,0
7900,'20261005',553,,1575297,3,,,0,100,,1575298,3,,,0,70,,1575299,3,,,0,31,,1575300,3,,,0,99,,1575301,3,,,0,100,,1575302,3,,,0,100,,1575303,3,,,0,100,,1575304,3,,,0,100,,1575291,27,,,0,100,,1575305,3,,,0,100,,1575306,3,,,0,100,,1575307,3,,,0,70,,1575292,27,,,0,30,,1575293,27,,,0,70,,1575294,27,,,0,30,,1575295,27,,,0,70,,1575296,27,,,0,30,,1575308,3,,,0,100,,1575309,3,,,0,100,,1575310,3,,,0,100,,1575311,3,,,0,100,,1575312,3,,,0
7900,'20261006',553,,1522058,3,,,0,100,,1522056,3,,,0,70,,1522059,3,,,0,31,,1522054,3,,,0,99,,1522057,3,,,0,100,,1522055,3,,,0,100,,1522038,3,,,0,100,,1522039,3,,,0,100,,1522040,27,,,0,100,,1522041,3,,,0,100,,1522042,3,,,0,100,,1522043,3,,,0,70,,1522044,27,,,0,30,,1522045,27,,,0,70,,1522046,27,,,0,30,,1522047,27,,,0,70,,1522048,27,,,0,30,,1522049,3,,,0,100,,1522050,3,,,0,100,,1522051,3,,,0,100,,1522052,3,,,0,100,,1522053,3,,,0
7900,'20261007',553,,1522080,3,,,0,100,,1522078,3,,,0,70,,1522081,3,,,0,31,,1522076,3,,,0,99,,1522079,3,,,0,100,,1522077,3,,,0,100,,1522060,3,,,0,100,,1522061,3,,,0,100,,1522062,27,,,0,100,,1522063,3,,,0,100,,1522064,3,,,0,100,,1522065,3,,,0,70,,1522066,27,,,0,30,,1522067,27,,,0,70,,1522068,27,,,0,30,,1522069,27,,,0,70,,1522070,27,,,0,30,,1522071,3,,,0,100,,1522072,3,,,0,100,,1522073,3,,,0,100,,1522074,3,,,0,100,,1522075,3,,,0
7900,'20261008',553,,1522102,3,,,0,100,,1522100,3,,,0,70,,1522103,3,,,0,31,,1522098,3,,,0,99,,1522101,3,,,0,100,,1522099,3,,,0,100,,1522082,3,,,0,100,,1522083,3,,,0,100,,1522084,27,,,0,100,,1522085,3,,,0,100,,1522086,3,,,0,100,,1522087,3,,,0,70,,1522088,27,,,0,30,,1522089,27,,,0,70,,1522090,27,,,0,30,,1522091,27,,,0,70,,1522092,27,,,0,30,,1522093,3,,,0,100,,1522094,3,,,0,100,,1522095,3,,,0,100,,1522096,3,,,0,100,,1522097,3,,,0
7900,'20261009',553,,1522124,3,,,0,100,,1522122,3,,,0,70,,1522125,3,,,0,31,,1522120,3,,,0,99,,1522123,3,,,0,100,,1522121,3,,,0,100,,1522104,3,,,0,100,,1522105,3,,,0,100,,1522106,27,,,0,100,,1522107,3,,,0,100,,1522108,3,,,0,100,,1522109,3,,,0,70,,1522110,27,,,0,30,,1522111,27,,,0,70,,1522112,27,,,0,30,,1522113,27,,,0,70,,1522114,27,,,0,30,,1522115,3,,,0,100,,1522116,3,,,0,100,,1522117,3,,,0,100,,1522118,3,,,0,100,,1522119,3,,,0
7900,'20261010',723,,1549594,3,,,0,30,,1549585,3,,,0,100,,1549586,3,,,0,100,,1549587,3,,,0,100,,1549583,3,,,0,100,,1549589,3,,,0,100,,1549578,3,,,0,100,,1549590,3,,,0,100,,1549584,3,,,0,100,,1549592,3,,,0,100,,1549579,3,,,0,100,,1549580,3,,,0,100,,1549593,3,,,0,100,,1549591,3,,,0,100,,1549581,3,,,0,100,,1549588,3,,,0,100,,1549582,3,,,0
7900,'20261011',723,,1549611,3,,,0,30,,1549602,3,,,0,100,,1549603,3,,,0,100,,1549604,3,,,0,100,,1549599,3,,,0,100,,1549605,3,,,0,100,,1549595,3,,,0,100,,1549606,3,,,0,100,,1549600,3,,,0,100,,1549607,3,,,0,100,,1549596,3,,,0,100,,1549597,3,,,0,100,,1549608,3,,,0,100,,1549609,3,,,0,100,,1549601,3,,,0,100,,1549610,3,,,0,100,,1549598,3,,,0
7900,'20261012',723,,1549628,3,,,0,30,,1549619,3,,,0,100,,1549620,3,,,0,100,,1549621,3,,,0,100,,1549616,3,,,0,100,,1549622,3,,,0,100,,1549612,3,,,0,100,,1549623,3,,,0,100,,1549617,3,,,0,100,,1549624,3,,,0,100,,1549613,3,,,0,100,,1549614,3,,,0,100,,1549625,3,,,0,100,,1549626,3,,,0,100,,1549618,3,,,0,100,,1549627,3,,,0,100,,1549615,3,,,0
7900,'20261013',553,,1575333,3,,,0,100,,1575331,3,,,0,70,,1575334,3,,,0,31,,1575329,3,,,0,99,,1575332,3,,,0,100,,1575330,3,,,0,100,,1575313,3,,,0,100,,1575314,3,,,0,100,,1575315,27,,,0,100,,1575316,3,,,0,100,,1575317,3,,,0,100,,1575318,3,,,0,70,,1575319,27,,,0,30,,1575320,27,,,0,70,,1575321,27,,,0,30,,1575322,27,,,0,70,,1575323,27,,,0,30,,1575324,3,,,0,100,,1575325,3,,,0,100,,1575326,3,,,0,100,,1575327,3,,,0,100,,1575328,3,,,0
7900,'20261014',553,,1575355,3,,,0,100,,1575353,3,,,0,70,,1575356,3,,,0,31,,1575351,3,,,0,99,,1575354,3,,,0,100,,1575352,3,,,0,100,,1575335,3,,,0,100,,1575336,3,,,0,100,,1575337,27,,,0,100,,1575338,3,,,0,100,,1575339,3,,,0,100,,1575340,3,,,0,70,,1575341,27,,,0,30,,1575342,27,,,0,70,,1575343,27,,,0,30,,1575344,27,,,0,70,,1575345,27,,,0,30,,1575346,3,,,0,100,,1575347,3,,,0,100,,1575348,3,,,0,100,,1575349,3,,,0,100,,1575350,3,,,0
7900,'20261015',553,,1575377,3,,,0,100,,1575375,3,,,0,70,,1575378,3,,,0,31,,1575373,3,,,0,99,,1575376,3,,,0,100,,1575374,3,,,0,100,,1575357,3,,,0,100,,1575358,3,,,0,100,,1575359,27,,,0,100,,1575360,3,,,0,100,,1575361,3,,,0,100,,1575362,3,,,0,70,,1575363,27,,,0,30,,1575364,27,,,0,70,,1575365,27,,,0,30,,1575366,27,,,0,70,,1575367,27,,,0,30,,1575368,3,,,0,100,,1575369,3,,,0,100,,1575370,3,,,0,100,,1575371,3,,,0,100,,1575372,3,,,0
7900,'20261016',553,,1575399,3,,,0,100,,1575397,3,,,0,70,,1575400,3,,,0,31,,1575395,3,,,0,99,,1575398,3,,,0,100,,1575396,3,,,0,100,,1575379,3,,,0,100,,1575380,3,,,0,100,,1575381,27,,,0,100,,1575382,3,,,0,100,,1575383,3,,,0,100,,1575384,3,,,0,70,,1575385,27,,,0,30,,1575386,27,,,0,70,,1575387,27,,,0,30,,1575388,27,,,0,70,,1575389,27,,,0,30,,1575390,3,,,0,100,,1575391,3,,,0,100,,1575392,3,,,0,100,,1575393,3,,,0,100,,1575394,3,,,0
8000,'20261002',653,,1575571,45,,,0,70,,1575572,45,,,0,30,,1575573,45,,,0,68,,1575569,3,,,0,2,,1575574,45,,,0,25,,1575608,3,,,0,5,,1575575,45,,,0,70,,1575576,45,,,0,30,,1575577,45,,,0,70,,1575578,45,,,0,30,,1575579,45,,,0,70,,1575580,45,,,0,30,,1575581,45,,,0,70,,1575582,45,,,0,30,,1575583,45,,,0,70,,1575584,45,,,0,30,,1575585,45,,,0,70,,1575586,45,,,0,30,,1575587,45,,,0,70,,1575588,45,,,0,30,,1575589,45,,,0,70,,1575590,45,,,0,30,,1575591,45,,,0,70,,1575592,45,,,0,30,,1575593,45,,,0,70,,1575594,45,,,0,30,,1575595,45,,,0,70,,1575596,45,,,0,100,,1575598,45,,,0,100,,1575600,45,,,0,100,,1575602,45,,,0,100,,1575604,45,,,0,100,,1575606,45,,,0,30,,1575607,45,,,0
8000,'20261003',653,,1575609,45,,,0,70,,1575610,45,,,0,30,,1575611,45,,,0,70,,1575612,45,,,0,30,,1575613,45,,,0,70,,1575614,45,,,0,30,,1575615,45,,,0,70,,1575616,45,,,0,30,,1575617,45,,,0,70,,1575618,45,,,0,30,,1575619,45,,,0,70,,1575620,45,,,0,30,,1575621,45,,,0,70,,1575622,45,,,0,30,,1575623,45,,,0,70,,1575624,45,,,0,30,,1575625,45,,,0,70,,1575626,45,,,0,30,,1575627,45,,,0,70,,1575628,45,,,0,30,,1575629,45,,,0,70,,1575630,45,,,0,30,,1575631,45,,,0,70,,1575632,45,,,0,30,,1575633,45,,,0,70,,1575634,45,,,0,30,,1575635,45,,,0,100,,1575637,45,,,0,100,,1575639,45,,,0,100,,1575641,45,,,0,100,,1575643,45,,,0,100,,1575645,45,,,0
8000,'20261004',653,,1575646,45,,,0,70,,1575647,45,,,0,30,,1575648,45,,,0,70,,1575649,45,,,0,30,,1575650,45,,,0,70,,1575651,45,,,0,30,,1575652,45,,,0,70,,1575653,45,,,0,30,,1575654,45,,,0,70,,1575655,45,,,0,30,,1575656,45,,,0,70,,1575657,45,,,0,30,,1575658,45,,,0,70,,1575659,45,,,0,30,,1575660,45,,,0,70,,1575661,45,,,0,30,,1575662,45,,,0,70,,1575663,45,,,0,30,,1575664,45,,,0,70,,1575665,45,,,0,30,,1575666,45,,,0,70,,1575667,45,,,0,30,,1575668,45,,,0,70,,1575669,45,,,0,30,,1575670,45,,,0,70,,1575671,45,,,0,30,,1575672,45,,,0,100,,1575674,45,,,0,100,,1575676,45,,,0,100,,1575678,45,,,0,100,,1575680,45,,,0,100,,1575682,45,,,0
8000,'20261005',653,,1575684,45,,,0,70,,1575685,45,,,0,30,,1575686,45,,,0,70,,1575687,45,,,0,30,,1575688,45,,,0,70,,1575689,45,,,0,30,,1575690,45,,,0,70,,1575691,45,,,0,30,,1575692,45,,,0,70,,1575693,45,,,0,30,,1575694,45,,,0,70,,1575695,45,,,0,30,,1575696,45,,,0,70,,1575697,45,,,0,30,,1575698,45,,,0,70,,1575699,45,,,0,30,,1575700,45,,,0,70,,1575701,45,,,0,30,,1575702,45,,,0,70,,1575703,45,,,0,30,,1575704,45,,,0,70,,1575705,45,,,0,30,,1575706,45,,,0,70,,1575707,45,,,0,30,,1575708,45,,,0,70,,1575709,45,,,0,100,,1575711,45,,,0,100,,1575713,45,,,0,100,,1575715,45,,,0,100,,1575717,45,,,0,100,,1575719,45,,,0,30,,1575720,45,,,0
8000,'20261006',653,,1522448,45,,,0,70,,1522449,45,,,0,30,,1522450,45,,,0,70,,1522451,45,,,0,25,,1522485,3,,,0,5,,1522452,45,,,0,70,,1522453,45,,,0,30,,1522454,45,,,0,70,,1522455,45,,,0,30,,1522456,45,,,0,70,,1522457,45,,,0,30,,1522458,45,,,0,70,,1522459,45,,,0,30,,1522460,45,,,0,70,,1522461,45,,,0,30,,1522462,45,,,0,70,,1522463,45,,,0,30,,1522464,45,,,0,70,,1522465,45,,,0,30,,1522466,45,,,0,70,,1522467,45,,,0,30,,1522468,45,,,0,70,,1522469,45,,,0,30,,1522470,45,,,0,70,,1522471,45,,,0,30,,1522472,45,,,0,70,,1522479,45,,,0,100,,1522480,45,,,0,100,,1522481,45,,,0,100,,1522482,45,,,0,100,,1522483,45,,,0,100,,1522484,45,,,0,30,,1522478,45,,,0
8000,'20261007',653,,1522486,45,,,0,70,,1522487,45,,,0,30,,1522488,45,,,0,70,,1522489,45,,,0,25,,1522523,3,,,0,5,,1522490,45,,,0,70,,1522491,45,,,0,30,,1522492,45,,,0,70,,1522493,45,,,0,30,,1522494,45,,,0,70,,1522495,45,,,0,30,,1522496,45,,,0,70,,1522497,45,,,0,30,,1522498,45,,,0,70,,1522499,45,,,0,30,,1522500,45,,,0,70,,1522501,45,,,0,30,,1522502,45,,,0,70,,1522503,45,,,0,30,,1522504,45,,,0,70,,1522505,45,,,0,30,,1522506,45,,,0,70,,1522507,45,,,0,30,,1522508,45,,,0,70,,1522509,45,,,0,30,,1522510,45,,,0,70,,1522517,45,,,0,100,,1522518,45,,,0,100,,1522519,45,,,0,100,,1522520,45,,,0,100,,1522521,45,,,0,100,,1522522,45,,,0,30,,1522516,45,,,0
8000,'20261008',653,,1522524,45,,,0,70,,1522525,45,,,0,30,,1522526,45,,,0,70,,1522527,45,,,0,25,,1522561,3,,,0,5,,1522528,45,,,0,70,,1522529,45,,,0,30,,1522530,45,,,0,70,,1522531,45,,,0,30,,1522532,45,,,0,70,,1522533,45,,,0,30,,1522534,45,,,0,70,,1522535,45,,,0,30,,1522536,45,,,0,70,,1522537,45,,,0,30,,1522538,45,,,0,70,,1522539,45,,,0,30,,1522540,45,,,0,70,,1522541,45,,,0,30,,1522542,45,,,0,70,,1522543,45,,,0,30,,1522544,45,,,0,70,,1522545,45,,,0,30,,1522546,45,,,0,70,,1522547,45,,,0,30,,1522548,45,,,0,70,,1522555,45,,,0,100,,1522556,45,,,0,100,,1522557,45,,,0,100,,1522558,45,,,0,100,,1522559,45,,,0,100,,1522560,45,,,0,30,,1522554,45,,,0
8000,'20261009',653,,1522562,45,,,0,70,,1522563,45,,,0,30,,1522564,45,,,0,70,,1522565,45,,,0,25,,1522599,3,,,0,5,,1522566,45,,,0,70,,1522567,45,,,0,30,,1522568,45,,,0,70,,1522569,45,,,0,30,,1522570,45,,,0,70,,1522571,45,,,0,30,,1522572,45,,,0,70,,1522573,45,,,0,30,,1522574,45,,,0,70,,1522575,45,,,0,30,,1522576,45,,,0,70,,1522577,45,,,0,30,,1522578,45,,,0,70,,1522579,45,,,0,30,,1522580,45,,,0,70,,1522581,45,,,0,30,,1522582,45,,,0,70,,1522583,45,,,0,30,,1522584,45,,,0,70,,1522585,45,,,0,30,,1522586,45,,,0,70,,1522593,45,,,0,100,,1522594,45,,,0,100,,1522595,45,,,0,100,,1522596,45,,,0,100,,1522597,45,,,0,100,,1522598,45,,,0,30,,1522592,45,,,0
8000,'20261010',653,,1549869,45,,,0,70,,1549887,45,,,0,30,,1549870,45,,,0,70,,1549888,45,,,0,30,,1549871,45,,,0,70,,1549889,45,,,0,30,,1549872,45,,,0,70,,1549890,45,,,0,30,,1549873,45,,,0,70,,1549891,45,,,0,30,,1549874,45,,,0,70,,1549892,45,,,0,30,,1549875,45,,,0,70,,1549893,45,,,0,30,,1549876,45,,,0,70,,1549894,45,,,0,30,,1549877,45,,,0,70,,1549895,45,,,0,30,,1549878,45,,,0,70,,1549896,45,,,0,30,,1549879,45,,,0,70,,1549897,45,,,0,30,,1549880,45,,,0,70,,1549898,45,,,0,30,,1549881,45,,,0,70,,1549899,45,,,0,30,,1549882,45,,,0,100,,1549883,45,,,0,100,,1549884,45,,,0,100,,1549885,45,,,0,100,,1549886,45,,,0,100,,1549904,45,,,0
8000,'20261011',653,,1549906,45,,,0,70,,1549924,45,,,0,30,,1549907,45,,,0,70,,1549925,45,,,0,30,,1549908,45,,,0,70,,1549926,45,,,0,30,,1549909,45,,,0,70,,1549927,45,,,0,30,,1549910,45,,,0,70,,1549928,45,,,0,30,,1549911,45,,,0,70,,1549929,45,,,0,30,,1549912,45,,,0,70,,1549930,45,,,0,30,,1549913,45,,,0,70,,1549932,45,,,0,30,,1549914,45,,,0,70,,1549933,45,,,0,30,,1549915,45,,,0,70,,1549934,45,,,0,30,,1549916,45,,,0,70,,1549931,45,,,0,30,,1549917,45,,,0,70,,1549935,45,,,0,30,,1549918,45,,,0,70,,1549936,45,,,0,30,,1549919,45,,,0,100,,1549920,45,,,0,100,,1549921,45,,,0,100,,1549922,45,,,0,100,,1549923,45,,,0,100,,1549942,45,,,0
8000,'20261012',653,,1549943,45,,,0,70,,1549961,45,,,0,30,,1549944,45,,,0,70,,1549962,45,,,0,30,,1549945,45,,,0,70,,1549963,45,,,0,30,,1549946,45,,,0,70,,1549964,45,,,0,30,,1549947,45,,,0,70,,1549965,45,,,0,30,,1549948,45,,,0,70,,1549966,45,,,0,30,,1549949,45,,,0,70,,1549967,45,,,0,30,,1549950,45,,,0,70,,1549969,45,,,0,30,,1549951,45,,,0,70,,1549970,45,,,0,30,,1549952,45,,,0,70,,1549971,45,,,0,30,,1549953,45,,,0,70,,1549968,45,,,0,30,,1549954,45,,,0,70,,1549972,45,,,0,30,,1549955,45,,,0,70,,1549973,45,,,0,30,,1549956,45,,,0,100,,1549957,45,,,0,100,,1549958,45,,,0,100,,1549959,45,,,0,100,,1549960,45,,,0,100,,1549979,45,,,0
8000,'20261013',653,,1575721,45,,,0,70,,1575722,45,,,0,30,,1575723,45,,,0,70,,1575724,45,,,0,25,,1575758,3,,,0,5,,1575725,45,,,0,70,,1575726,45,,,0,30,,1575727,45,,,0,70,,1575728,45,,,0,30,,1575729,45,,,0,70,,1575730,45,,,0,30,,1575731,45,,,0,70,,1575732,45,,,0,30,,1575733,45,,,0,70,,1575734,45,,,0,30,,1575735,45,,,0,70,,1575736,45,,,0,30,,1575737,45,,,0,70,,1575738,45,,,0,30,,1575739,45,,,0,70,,1575740,45,,,0,30,,1575741,45,,,0,70,,1575742,45,,,0,30,,1575743,45,,,0,70,,1575744,45,,,0,30,,1575745,45,,,0,70,,1575752,45,,,0,100,,1575753,45,,,0,100,,1575754,45,,,0,100,,1575755,45,,,0,100,,1575756,45,,,0,100,,1575757,45,,,0,30,,1575751,45,,,0
8000,'20261014',653,,1575759,45,,,0,70,,1575760,45,,,0,30,,1575761,45,,,0,70,,1575762,45,,,0,25,,1575796,3,,,0,5,,1575763,45,,,0,70,,1575764,45,,,0,30,,1575765,45,,,0,70,,1575766,45,,,0,30,,1575767,45,,,0,70,,1575768,45,,,0,30,,1575769,45,,,0,70,,1575770,45,,,0,30,,1575771,45,,,0,70,,1575772,45,,,0,30,,1575773,45,,,0,70,,1575774,45,,,0,30,,1575775,45,,,0,70,,1575776,45,,,0,30,,1575777,45,,,0,70,,1575778,45,,,0,30,,1575779,45,,,0,70,,1575780,45,,,0,30,,1575781,45,,,0,70,,1575782,45,,,0,30,,1575783,45,,,0,70,,1575790,45,,,0,100,,1575791,45,,,0,100,,1575792,45,,,0,100,,1575793,45,,,0,100,,1575794,45,,,0,100,,1575795,45,,,0,30,,1575789,45,,,0
8000,'20261015',653,,1575797,45,,,0,70,,1575798,45,,,0,30,,1575799,45,,,0,70,,1575800,45,,,0,25,,1575834,3,,,0,5,,1575801,45,,,0,70,,1575802,45,,,0,30,,1575803,45,,,0,70,,1575804,45,,,0,30,,1575805,45,,,0,70,,1575806,45,,,0,30,,1575807,45,,,0,70,,1575808,45,,,0,30,,1575809,45,,,0,70,,1575810,45,,,0,30,,1575811,45,,,0,70,,1575812,45,,,0,30,,1575813,45,,,0,70,,1575814,45,,,0,30,,1575815,45,,,0,70,,1575816,45,,,0,30,,1575817,45,,,0,70,,1575818,45,,,0,30,,1575819,45,,,0,70,,1575820,45,,,0,30,,1575821,45,,,0,70,,1575828,45,,,0,100,,1575829,45,,,0,100,,1575830,45,,,0,100,,1575831,45,,,0,100,,1575832,45,,,0,100,,1575833,45,,,0,30,,1575827,45,,,0
8000,'20261016',653,,1575835,45,,,0,70,,1575836,45,,,0,30,,1575837,45,,,0,70,,1575838,45,,,0,25,,1575872,3,,,0,5,,1575839,45,,,0,70,,1575840,45,,,0,30,,1575841,45,,,0,70,,1575842,45,,,0,30,,1575843,45,,,0,70,,1575844,45,,,0,30,,1575845,45,,,0,70,,1575846,45,,,0,30,,1575847,45,,,0,70,,1575848,45,,,0,30,,1575849,45,,,0,70,,1575850,45,,,0,30,,1575851,45,,,0,70,,1575852,45,,,0,30,,1575853,45,,,0,70,,1575854,45,,,0,30,,1575855,45,,,0,70,,1575856,45,,,0,30,,1575857,45,,,0,70,,1575858,45,,,0,30,,1575859,45,,,0,70,,1575866,45,,,0,100,,1575867,45,,,0,100,,1575868,45,,,0,100,,1575869,45,,,0,100,,1575870,45,,,0,100,,1575871,45,,,0,30,,1575865,45,,,0
8801,'20261002',651,,1577660,3,,,0,2,,1577661,3,,,0,71,,1577662,3,,,0,33,,1577663,3,,,0,67,,1577664,3,,,0,129,,1577665,3,,,0,571,,1577666,3,,,0,30,,1577667,3,,,0,100,,1577668,3,,,0,169,,1577669,3,,,0
8801,'20261005',651,,1577670,3,,,0,2,,1577671,3,,,0,71,,1577672,3,,,0,33,,1577673,3,,,0,67,,1577674,3,,,0,129,,1577675,3,,,0,571,,1577676,3,,,0,30,,1577677,3,,,0,100,,1577678,3,,,0,169,,1577679,3,,,0
8801,'20261006',653,,1524410,3,,,0,71,,1524411,3,,,0,33,,1524412,3,,,0,67,,1524413,3,,,0,129,,1524417,3,,,0,571,,1524414,3,,,0,30,,1524415,3,,,0,100,,1524416,3,,,0,169,,1524418,3,,,0
8801,'20261007',653,,1524419,3,,,0,71,,1524420,3,,,0,33,,1524421,3,,,0,67,,1524422,3,,,0,129,,1524426,3,,,0,571,,1524423,3,,,0,30,,1524424,3,,,0,100,,1524425,3,,,0,169,,1524427,3,,,0
8801,'20261008',653,,1524428,3,,,0,71,,1524429,3,,,0,33,,1524430,3,,,0,67,,1524431,3,,,0,129,,1524435,3,,,0,571,,1524432,3,,,0,30,,1524433,3,,,0,100,,1524434,3,,,0,169,,1524436,3,,,0
8801,'20261009',653,,1524437,3,,,0,71,,1524438,3,,,0,33,,1524439,3,,,0,67,,1524440,3,,,0,129,,1524444,3,,,0,571,,1524441,3,,,0,30,,1524442,3,,,0,100,,1524443,3,,,0,169,,1524445,3,,,0
8801,'20261013',653,,1577680,3,,,0,71,,1577681,3,,,0,33,,1577682,3,,,0,67,,1577683,3,,,0,129,,1577687,3,,,0,571,,1577684,3,,,0,30,,1577685,3,,,0,100,,1577686,3,,,0,169,,1577688,3,,,0
8801,'20261014',653,,1577689,3,,,0,71,,1577690,3,,,0,33,,1577691,3,,,0,67,,1577692,3,,,0,129,,1577696,3,,,0,571,,1577693,3,,,0,30,,1577694,3,,,0,100,,1577695,3,,,0,169,,1577697,3,,,0
8801,'20261015',653,,1577698,3,,,0,71,,1577699,3,,,0,33,,1577700,3,,,0,67,,1577701,3,,,0,129,,1577705,3,,,0,571,,1577702,3,,,0,30,,1577703,3,,,0,100,,1577704,3,,,0,169,,1577706,3,,,0
8801,'20261016',653,,1577707,3,,,0,71,,1577708,3,,,0,33,,1577709,3,,,0,67,,1577710,3,,,0,129,,1577714,3,,,0,571,,1577711,3,,,0,30,,1577712,3,,,0,100,,1577713,3,,,0,169,,1577715,3,,,0
27900,'20261002',1638,,1580669,18,4,,0,70,,1580670,18,4,,0,36,,1580671,18,4,,0,70,,1580672,18,4,,0
27900,'20261005',1638,,1580673,18,4,,0,70,,1580674,18,4,,0,36,,1580675,18,4,,0,70,,1580676,18,4,,0
27900,'20261006',1638,,1527401,18,4,,0,70,,1527404,18,4,,0,36,,1527403,18,4,,0,70,,1527402,18,4,,0
27900,'20261007',1638,,1527405,18,4,,0,70,,1527408,18,4,,0,36,,1527407,18,4,,0,70,,1527406,18,4,,0
27900,'20261008',1638,,1527409,18,4,,0,70,,1527412,18,4,,0,36,,1527411,18,4,,0,70,,1527410,18,4,,0
27900,'20261009',1638,,1527413,18,4,,0,70,,1527416,18,4,,0,36,,1527415,18,4,,0,70,,1527414,18,4,,0
27900,'20261013',1638,,1580677,18,4,,0,70,,1580680,18,4,,0,36,,1580679,18,4,,0,70,,1580678,18,4,,0
27900,'20261014',1638,,1580681,18,4,,0,70,,1580684,18,4,,0,36,,1580683,18,4,,0,70,,1580682,18,4,,0
27900,'20261015',1638,,1580685,18,4,,0,70,,1580688,18,4,,0,36,,1580687,18,4,,0,70,,1580686,18,4,,0
27900,'20261016',1638,,1580689,18,4,,0,70,,1580692,18,4,,0,36,,1580691,18,4,,0,70,,1580690,18,4,,0
28000,'20261002',1559,,1580717,6,4,,0,75,,1580718,6,4,,0,9,,1580719,6,4,,0,58,,1580720,6,4,,0,38,,1580721,6,4,,0,67,,1580722,6,4,,0
28000,'20261005',1559,,1580723,6,4,,0,75,,1580724,6,4,,0,9,,1580725,6,4,,0,58,,1580726,6,4,,0,38,,1580727,6,4,,0,67,,1580728,6,4,,0
28000,'20261006',1559,,1527458,6,4,,0,75,,1527457,6,4,,0,9,,1527453,6,4,,0,58,,1527454,6,4,,0,38,,1527455,6,4,,0,67,,1527456,6,4,,0
28000,'20261007',1559,,1527464,6,4,,0,75,,1527463,6,4,,0,9,,1527459,6,4,,0,58,,1527460,6,4,,0,38,,1527461,6,4,,0,67,,1527462,6,4,,0
28000,'20261008',1559,,1527470,6,4,,0,75,,1527469,6,4,,0,9,,1527465,6,4,,0,58,,1527466,6,4,,0,38,,1527467,6,4,,0,67,,1527468,6,4,,0
28000,'20261009',1559,,1527476,6,4,,0,75,,1527475,6,4,,0,9,,1527471,6,4,,0,58,,1527472,6,4,,0,38,,1527473,6,4,,0,67,,1527474,6,4,,0
28000,'20261013',1559,,1580734,6,4,,0,75,,1580733,6,4,,0,9,,1580729,6,4,,0,58,,1580730,6,4,,0,38,,1580731,6,4,,0,67,,1580732,6,4,,0
28000,'20261014',1559,,1580740,6,4,,0,75,,1580739,6,4,,0,9,,1580735,6,4,,0,58,,1580736,6,4,,0,38,,1580737,6,4,,0,67,,1580738,6,4,,0
28000,'20261015',1559,,1580746,6,4,,0,75,,1580745,6,4,,0,9,,1580741,6,4,,0,58,,1580742,6,4,,0,38,,1580743,6,4,,0,67,,1580744,6,4,,0
28000,'20261016',1559,,1580752,6,4,,0,75,,1580751,6,4,,0,9,,1580747,6,4,,0,58,,1580748,6,4,,0,38,,1580749,6,4,,0,67,,1580750,6,4,,0
38000,'20261002',1226,,1581881,21,4,,0,410,,1581882,21,4,,0,108,,1581883,21,4,,0,103,,1581884,21,4,,0
38000,'20261005',1226,,1581885,21,4,,0,410,,1581886,21,4,,0,108,,1581887,21,4,,0,103,,1581888,21,4,,0
38000,'20261006',1226,,1528616,21,4,,0,410,,1528613,21,4,,0,108,,1528614,21,4,,0,103,,1528615,21,4,,0
38000,'20261007',1226,,1528620,21,4,,0,410,,1528617,21,4,,0,108,,1528618,21,4,,0,103,,1528619,21,4,,0
38000,'20261008',1226,,1528624,21,4,,0,410,,1528621,21,4,,0,108,,1528622,21,4,,0,103,,1528623,21,4,,0
38000,'20261009',1226,,1528628,21,4,,0,410,,1528625,21,4,,0,108,,1528626,21,4,,0,103,,1528627,21,4,,0
38000,'20261013',1226,,1581892,21,4,,0,410,,1581889,21,4,,0,108,,1581890,21,4,,0,103,,1581891,21,4,,0
38000,'20261014',1226,,1581896,21,4,,0,410,,1581893,21,4,,0,108,,1581894,21,4,,0,103,,1581895,21,4,,0
38000,'20261015',1226,,1581900,21,4,,0,410,,1581897,21,4,,0,108,,1581898,21,4,,0,103,,1581899,21,4,,0
38000,'20261016',1226,,1581904,21,4,,0,410,,1581901,21,4,,0,108,,1581902,21,4,,0,103,,1581903,21,4,,0
58000,'20261002',1609,,1582624,19,4,,0,41,,1582625,19,4,,0,61,,1582626,19,4,,0,35,,1582627,19,4,,0
58000,'20261005',1609,,1582628,19,4,,0,41,,1582629,19,4,,0,61,,1582630,19,4,,0,35,,1582631,19,4,,0
58000,'20261006',1609,,1529358,19,4,,0,41,,1529357,19,4,,0,61,,1529356,19,4,,0,35,,1529359,19,4,,0
58000,'20261007',1609,,1529362,19,4,,0,41,,1529361,19,4,,0,61,,1529360,19,4,,0,35,,1529363,19,4,,0
58000,'20261008',1609,,1529366,19,4,,0,41,,1529365,19,4,,0,61,,1529364,19,4,,0,35,,1529367,19,4,,0
58000,'20261009',1609,,1529370,19,4,,0,41,,1529369,19,4,,0,61,,1529368,19,4,,0,35,,1529371,19,4,,0
58000,'20261013',1609,,1582634,19,4,,0,41,,1582633,19,4,,0,61,,1582632,19,4,,0,35,,1582635,19,4,,0
58000,'20261014',1609,,1582638,19,4,,0,41,,1582637,19,4,,0,61,,1582636,19,4,,0,35,,1582639,19,4,,0
58000,'20261015',1609,,1582642,19,4,,0,41,,1582641,19,4,,0,61,,1582640,19,4,,0,35,,1582643,19,4,,0
58000,'20261016',1609,,1582646,19,4,,0,41,,1582645,19,4,,0,61,,1582644,19,4,,0,35,,1582647,19,4,,0
98000,'20261002',2601,,1593529,46,,,0
98000,'20261003',2601,,1593530,46,,,0
98000,'20261009',2601,,1540244,46,,,0
98000,'20261010',2601,,1561867,46,,,0
98000,'20261016',2601,,1593531,46,,,0
