3901,'20260929',614,,1545285,4,,,0,27,,1545286,4,,,0,69,,1545287,4,,,0,28,,1545288,4,,,0,70,,1545289,4,,,0,12,,1545290,4,,,0,91,,1545291,4,,,0,101,,1545292,4,,,0,100,,1545293,4,,,0,100,,1545294,4,,,0,100,,1545295,4,,,0,100,,1545296,4,,,0,99,,1545297,4,,,0,99,,1545298,4,,,0,101,,1545299,4,,,0,101,,1545300,4,,,0,100,,1545301,4,,,0,100,,1545302,4,,,0,101,,1545303,4,,,0,101,,1545304,4,,,0,100,,1545305,4,,,0
3901,'20260930',614,,1545306,4,,,0,27,,1545307,4,,,0,69,,1545308,4,,,0,28,,1545309,4,,,0,70,,1545310,4,,,0,12,,1545311,4,,,0,91,,1545312,4,,,0,101,,1545313,4,,,0,100,,1545314,4,,,0,100,,1545315,4,,,0,100,,1545316,4,,,0,100,,1545317,4,,,0,99,,1545318,4,,,0,99,,1545319,4,,,0,101,,1545320,4,,,0,101,,1545321,4,,,0,100,,1545322,4,,,0,100,,1545323,4,,,0,101,,1545324,4,,,0,101,,1545325,4,,,0,100,,1545326,4,,,0
3901,'20261001',614,,1545327,4,,,0,27,,1545328,4,,,0,69,,1545329,4,,,0,28,,1545330,4,,,0,70,,1545331,4,,,0,12,,1545332,4,,,0,91,,1545333,4,,,0,101,,1545334,4,,,0,100,,1545335,4,,,0,100,,1545336,4,,,0,100,,1545337,4,,,0,100,,1545338,4,,,0,99,,1545339,4,,,0,99,,1545340,4,,,0,101,,1545341,4,,,0,101,,1545342,4,,,0,100,,1545343,4,,,0,100,,1545344,4,,,0,101,,1545345,4,,,0,101,,1545346,4,,,0,100,,1545347,4,,,0
3901,'20261002',614,,1467983,4,,,0,27,,1467984,4,,,0,69,,1467985,4,,,0,28,,1467986,4,,,0,70,,1467987,4,,,0,12,,1468002,4,,,0,91,,1467988,4,,,0,101,,1467989,4,,,0,100,,1467990,4,,,0,100,,1467991,4,,,0,100,,1467992,4,,,0,100,,1467993,4,,,0,99,,1467994,4,,,0,99,,1468001,4,,,0,101,,1467995,4,,,0,101,,1467996,4,,,0,100,,1467997,4,,,0,100,,1467998,4,,,0,101,,1467999,4,,,0,101,,1468003,4,,,0,100,,1468000,4,,,0
3901,'20261003',713,,1490988,4,,,0,100,,1490989,4,,,0,99,,1490990,4,,,0,100,,1490991,4,,,0,100,,1490992,4,,,0,100,,1490993,4,,,0,100,,1490994,4,,,0,100,,1490995,4,,,0,100,,1490996,4,,,0,100,,1490997,4,,,0,100,,1490998,4,,,0,100,,1490999,4,,,0,101,,1491000,4,,,0,100,,1491003,4,,,0,100,,1491001,4,,,0,100,,1491004,4,,,0,100,,1491002,4,,,0
3901,'20261004',713,,1491019,4,,,0,100,,1491005,4,,,0,99,,1491020,4,,,0,100,,1491006,4,,,0,100,,1491007,4,,,0,100,,1491008,4,,,0,100,,1491009,4,,,0,100,,1491010,4,,,0,100,,1491011,4,,,0,100,,1491012,4,,,0,100,,1491013,4,,,0,100,,1491014,4,,,0,101,,1491015,4,,,0,100,,1491018,4,,,0,100,,1491016,4,,,0,100,,1491021,4,,,0,100,,1491017,4,,,0
3901,'20261005',614,,1491022,4,,,0,27,,1491023,4,,,0,69,,1491024,4,,,0,28,,1491025,4,,,0,70,,1491026,4,,,0,12,,1491041,4,,,0,91,,1491027,4,,,0,101,,1491028,4,,,0,100,,1491029,4,,,0,100,,1491030,4,,,0,100,,1491031,4,,,0,100,,1491032,4,,,0,99,,1491033,4,,,0,99,,1491040,4,,,0,101,,1491034,4,,,0,101,,1491035,4,,,0,100,,1491036,4,,,0,100,,1491037,4,,,0,101,,1491038,4,,,0,101,,1491042,4,,,0,100,,1491039,4,,,0
3901,'20261006',614,,1516014,4,,,0,27,,1516015,4,,,0,69,,1516016,4,,,0,28,,1516017,4,,,0,70,,1516018,4,,,0,12,,1516033,4,,,0,91,,1516019,4,,,0,101,,1516020,4,,,0,100,,1516021,4,,,0,100,,1516022,4,,,0,100,,1516023,4,,,0,100,,1516024,4,,,0,99,,1516025,4,,,0,99,,1516032,4,,,0,101,,1516026,4,,,0,101,,1516027,4,,,0,100,,1516028,4,,,0,100,,1516029,4,,,0,101,,1516030,4,,,0,101,,1516034,4,,,0,100,,1516031,4,,,0
3901,'20261007',614,,1516035,4,,,0,27,,1516036,4,,,0,69,,1516037,4,,,0,28,,1516038,4,,,0,70,,1516039,4,,,0,12,,1516054,4,,,0,91,,1516040,4,,,0,101,,1516041,4,,,0,100,,1516042,4,,,0,100,,1516043,4,,,0,100,,1516044,4,,,0,100,,1516045,4,,,0,99,,1516046,4,,,0,99,,1516053,4,,,0,101,,1516047,4,,,0,101,,1516048,4,,,0,100,,1516049,4,,,0,100,,1516050,4,,,0,101,,1516051,4,,,0,101,,1516055,4,,,0,100,,1516052,4,,,0
3901,'20261008',614,,1516056,4,,,0,27,,1516057,4,,,0,69,,1516058,4,,,0,28,,1516059,4,,,0,70,,1516060,4,,,0,12,,1516075,4,,,0,91,,1516061,4,,,0,101,,1516062,4,,,0,100,,1516063,4,,,0,100,,1516064,4,,,0,100,,1516065,4,,,0,100,,1516066,4,,,0,99,,1516067,4,,,0,99,,1516074,4,,,0,101,,1516068,4,,,0,101,,1516069,4,,,0,100,,1516070,4,,,0,100,,1516071,4,,,0,101,,1516072,4,,,0,101,,1516076,4,,,0,100,,1516073,4,,,0
3901,'20261009',614,,1516077,4,,,0,27,,1516078,4,,,0,69,,1516079,4,,,0,28,,1516080,4,,,0,70,,1516081,4,,,0,12,,1516096,4,,,0,91,,1516082,4,,,0,101,,1516083,4,,,0,100,,1516084,4,,,0,100,,1516085,4,,,0,100,,1516086,4,,,0,100,,1516087,4,,,0,99,,1516088,4,,,0,99,,1516095,4,,,0,101,,1516089,4,,,0,101,,1516090,4,,,0,100,,1516091,4,,,0,100,,1516092,4,,,0,101,,1516093,4,,,0,101,,1516097,4,,,0,100,,1516094,4,,,0
3901,'20261010',713,,1545348,4,,,0,100,,1545349,4,,,0,99,,1545350,4,,,0,100,,1545351,4,,,0,100,,1545352,4,,,0,100,,1545353,4,,,0,100,,1545354,4,,,0,100,,1545355,4,,,0,100,,1545356,4,,,0,100,,1545357,4,,,0,100,,1545358,4,,,0,100,,1545359,4,,,0,101,,1545360,4,,,0,100,,1545363,4,,,0,100,,1545361,4,,,0,100,,1545364,4,,,0,100,,1545362,4,,,0
3901,'20261011',713,,1545379,4,,,0,100,,1545365,4,,,0,99,,1545380,4,,,0,100,,1545366,4,,,0,100,,1545367,4,,,0,100,,1545368,4,,,0,100,,1545369,4,,,0,100,,1545370,4,,,0,100,,1545371,4,,,0,100,,1545372,4,,,0,100,,1545373,4,,,0,100,,1545374,4,,,0,101,,1545375,4,,,0,100,,1545378,4,,,0,100,,1545376,4,,,0,100,,1545381,4,,,0,100,,1545377,4,,,0
3901,'20261012',713,,1545396,4,,,0,100,,1545382,4,,,0,99,,1545397,4,,,0,100,,1545383,4,,,0,100,,1545384,4,,,0,100,,1545385,4,,,0,100,,1545386,4,,,0,100,,1545387,4,,,0,100,,1545388,4,,,0,100,,1545389,4,,,0,100,,1545390,4,,,0,100,,1545391,4,,,0,101,,1545392,4,,,0,100,,1545395,4,,,0,100,,1545393,4,,,0,100,,1545398,4,,,0,100,,1545394,4,,,0
23701,'20260929',612,,1552745,4,,,0,15,,1552746,4,,,0,25,,1552747,4,,,0,61,,1552748,4,,,0,20,,1552749,4,,,0,70,,1552750,4,,,0
23701,'20260930',612,,1552751,4,,,0,15,,1552752,4,,,0,25,,1552753,4,,,0,61,,1552754,4,,,0,20,,1552755,4,,,0,70,,1552756,4,,,0
23701,'20261001',612,,1552757,4,,,0,15,,1552758,4,,,0,25,,1552759,4,,,0,61,,1552760,4,,,0,20,,1552761,4,,,0,70,,1552762,4,,,0
23701,'20261002',612,,1475741,4,,,0,15,,1475742,4,,,0,25,,1475743,4,,,0,61,,1475744,4,,,0,20,,1475745,4,,,0,70,,1475746,4,,,0
23701,'20261005',612,,1498776,4,,,0,15,,1498777,4,,,0,25,,1498778,4,,,0,61,,1498779,4,,,0,20,,1498780,4,,,0,70,,1498781,4,,,0
23701,'20261006',612,,1526665,4,,,0,15,,1526666,4,,,0,25,,1526667,4,,,0,61,,1526668,4,,,0,20,,1526669,4,,,0,70,,1526670,4,,,0
23701,'20261007',612,,1526671,4,,,0,15,,1526672,4,,,0,25,,1526673,4,,,0,61,,1526674,4,,,0,20,,1526675,4,,,0,70,,1526676,4,,,0
23701,'20261008',612,,1526677,4,,,0,15,,1526678,4,,,0,25,,1526679,4,,,0,61,,1526680,4,,,0,20,,1526681,4,,,0,70,,1526682,4,,,0
23701,'20261009',612,,1526683,4,,,0,15,,1526684,4,,,0,25,,1526685,4,,,0,61,,1526686,4,,,0,20,,1526687,4,,,0,70,,1526688,4,,,0
33701,'20260929',631,,1553519,4,,,0,8,,1553520,4,,,0,11,,1553521,4,,,0,70,,1553522,4,,,0,32,,1553523,4,,,0,106,,1553524,4,,,0,243,,1553525,4,,,0
33701,'20260930',631,,1553526,4,,,0,8,,1553527,4,,,0,11,,1553528,4,,,0,70,,1553529,4,,,0,32,,1553530,4,,,0,106,,1553531,4,,,0,243,,1553532,4,,,0
33701,'20261001',631,,1553533,4,,,0,8,,1553534,4,,,0,11,,1553535,4,,,0,70,,1553536,4,,,0,32,,1553537,4,,,0,106,,1553538,4,,,0,243,,1553539,4,,,0
33701,'20261002',631,,1476766,4,,,0,8,,1476770,4,,,0,11,,1476767,4,,,0,70,,1476771,4,,,0,32,,1476772,4,,,0,106,,1476768,4,,,0,243,,1476769,4,,,0
33701,'20261005',631,,1499805,4,,,0,8,,1499809,4,,,0,11,,1499806,4,,,0,70,,1499810,4,,,0,32,,1499811,4,,,0,106,,1499807,4,,,0,243,,1499808,4,,,0
33701,'20261006',631,,1528201,4,,,0,8,,1528205,4,,,0,11,,1528202,4,,,0,70,,1528206,4,,,0,32,,1528207,4,,,0,106,,1528203,4,,,0,243,,1528204,4,,,0
33701,'20261007',631,,1528208,4,,,0,8,,1528212,4,,,0,11,,1528209,4,,,0,70,,1528213,4,,,0,32,,1528214,4,,,0,106,,1528210,4,,,0,243,,1528211,4,,,0
33701,'20261008',631,,1528215,4,,,0,8,,1528219,4,,,0,11,,1528216,4,,,0,70,,1528220,4,,,0,32,,1528221,4,,,0,106,,1528217,4,,,0,243,,1528218,4,,,0
33701,'20261009',631,,1528222,4,,,0,8,,1528226,4,,,0,11,,1528223,4,,,0,70,,1528227,4,,,0,32,,1528228,4,,,0,106,,1528224,4,,,0,243,,1528225,4,,,0
53701,'20260929',646,,1553943,4,,,0,72,,1553944,4,,,0
53701,'20260930',646,,1553945,4,,,0,72,,1553946,4,,,0
53701,'20261001',646,,1553947,4,,,0,72,,1553948,4,,,0
53701,'20261002',646,,1477373,4,,,0,72,,1477374,4,,,0
53701,'20261005',646,,1500346,4,,,0,72,,1500347,4,,,0
53701,'20261006',646,,1529022,4,,,0,72,,1529023,4,,,0
53701,'20261007',646,,1529024,4,,,0,72,,1529025,4,,,0
53701,'20261008',646,,1529026,4,,,0,72,,1529027,4,,,0
53701,'20261009',646,,1529028,4,,,0,72,,1529029,4,,,0
93101,'20261002',2625,,1485595,4,,,0
93101,'20261003',2625,,1508559,4,,,0
93101,'20261009',2625,,1540223,4,,,0
93101,'20261010',2625,,1561860,4,,,0
