5200,'20261009',643,,1601446,20,,,0,72,,1601447,20,,,0,32,,1601448,20,,,0,74,,1601449,20,,,0,28,,1601450,20,,,0,66,,1601451,20,,,0,29,,1601452,20,,,0,99,,1601453,20,,,0,100,,1601454,20,,,0,101,,1601455,20,,,0,100,,1601456,20,,,0,101,,1601457,20,,,0,71,,1601458,20,,,0,32,,1601459,20,,,0,71,,1601460,20,,,0,30,,1601461,20,,,0,71,,1601462,20,,,0,27,,1601463,20,,,0,97,,1601464,20,,,0,98,,1601465,20,,,0,99,,1601466,20,,,0,100,,1601467,20,,,0,100,,1601468,20,,,0,100,,1601469,20,,,0
5200,'20261010',740,,1630713,20,,,0,101,,1630714,20,,,0,100,,1630715,20,,,0,100,,1630716,20,,,0,100,,1630717,20,,,0,101,,1630718,20,,,0,105,,1630719,20,,,0,95,,1630720,20,,,0,105,,1630721,20,,,0,95,,1630722,20,,,0,100,,1630723,20,,,0,99,,1630724,20,,,0,100,,1630725,20,,,0,99,,1630726,20,,,0,100,,1630727,20,,,0,100,,1630728,20,,,0,100,,1630729,20,,,0
5200,'20261011',740,,1630730,20,,,0,101,,1630731,20,,,0,100,,1630732,20,,,0,100,,1630733,20,,,0,100,,1630734,20,,,0,101,,1630735,20,,,0,105,,1630736,20,,,0,95,,1630737,20,,,0,105,,1630738,20,,,0,95,,1630739,20,,,0,100,,1630740,20,,,0,99,,1630741,20,,,0,100,,1630742,20,,,0,99,,1630743,20,,,0,100,,1630744,20,,,0,100,,1630745,20,,,0,100,,1630746,20,,,0
5200,'20261012',740,,1630747,20,,,0,101,,1630748,20,,,0,100,,1630749,20,,,0,100,,1630750,20,,,0,100,,1630751,20,,,0,101,,1630752,20,,,0,105,,1630753,20,,,0,95,,1630754,20,,,0,105,,1630755,20,,,0,95,,1630756,20,,,0,100,,1630757,20,,,0,99,,1630758,20,,,0,100,,1630759,20,,,0,99,,1630760,20,,,0,100,,1630761,20,,,0,100,,1630762,20,,,0,100,,1630763,20,,,0
5200,'20261013',643,,1569741,20,,,0,72,,1569742,20,,,0,32,,1569743,20,,,0,74,,1569744,20,,,0,28,,1569745,20,,,0,66,,1569763,20,,,0,29,,1569746,20,,,0,99,,1569747,20,,,0,100,,1569748,20,,,0,101,,1569749,20,,,0,100,,1569750,20,,,0,101,,1569751,20,,,0,71,,1569764,20,,,0,32,,1569752,20,,,0,71,,1569762,20,,,0,30,,1569753,20,,,0,71,,1569754,20,,,0,27,,1569755,20,,,0,97,,1569756,20,,,0,98,,1569757,20,,,0,99,,1569758,20,,,0,100,,1569759,20,,,0,100,,1569760,20,,,0,100,,1569761,20,,,0
5200,'20261014',643,,1569765,20,,,0,72,,1569766,20,,,0,32,,1569767,20,,,0,74,,1569768,20,,,0,28,,1569769,20,,,0,66,,1569787,20,,,0,29,,1569770,20,,,0,99,,1569771,20,,,0,100,,1569772,20,,,0,101,,1569773,20,,,0,100,,1569774,20,,,0,101,,1569775,20,,,0,71,,1569788,20,,,0,32,,1569776,20,,,0,71,,1569786,20,,,0,30,,1569777,20,,,0,71,,1569778,20,,,0,27,,1569779,20,,,0,97,,1569780,20,,,0,98,,1569781,20,,,0,99,,1569782,20,,,0,100,,1569783,20,,,0,100,,1569784,20,,,0,100,,1569785,20,,,0
5200,'20261015',643,,1569789,20,,,0,72,,1569790,20,,,0,32,,1569791,20,,,0,74,,1569792,20,,,0,28,,1569793,20,,,0,66,,1569811,20,,,0,29,,1569794,20,,,0,99,,1569795,20,,,0,100,,1569796,20,,,0,101,,1569797,20,,,0,100,,1569798,20,,,0,101,,1569799,20,,,0,71,,1569812,20,,,0,32,,1569800,20,,,0,71,,1569810,20,,,0,30,,1569801,20,,,0,71,,1569802,20,,,0,27,,1569803,20,,,0,97,,1569804,20,,,0,98,,1569805,20,,,0,99,,1569806,20,,,0,100,,1569807,20,,,0,100,,1569808,20,,,0,100,,1569809,20,,,0
5200,'20261016',643,,1569813,20,,,0,72,,1569814,20,,,0,32,,1569815,20,,,0,74,,1569816,20,,,0,28,,1569817,20,,,0,66,,1569835,20,,,0,29,,1569818,20,,,0,99,,1569819,20,,,0,100,,1569820,20,,,0,101,,1569821,20,,,0,100,,1569822,20,,,0,101,,1569823,20,,,0,71,,1569836,20,,,0,32,,1569824,20,,,0,71,,1569834,20,,,0,30,,1569825,20,,,0,71,,1569826,20,,,0,27,,1569827,20,,,0,97,,1569828,20,,,0,98,,1569829,20,,,0,99,,1569830,20,,,0,100,,1569831,20,,,0,100,,1569832,20,,,0,100,,1569833,20,,,0
5200,'20261017',740,,1601470,20,,,0,101,,1601471,20,,,0,100,,1601472,20,,,0,100,,1601473,20,,,0,100,,1601474,20,,,0,101,,1601475,20,,,0,105,,1601476,20,,,0,95,,1601477,20,,,0,105,,1601478,20,,,0,95,,1601479,20,,,0,100,,1601480,20,,,0,99,,1601484,20,,,0,100,,1601481,20,,,0,99,,1601485,20,,,0,100,,1601482,20,,,0,100,,1601486,20,,,0,100,,1601483,20,,,0
5200,'20261018',740,,1601502,20,,,0,101,,1601501,20,,,0,100,,1601500,20,,,0,100,,1601503,20,,,0,100,,1601495,20,,,0,101,,1601494,20,,,0,105,,1601496,20,,,0,95,,1601490,20,,,0,105,,1601491,20,,,0,95,,1601489,20,,,0,100,,1601492,20,,,0,99,,1601498,20,,,0,100,,1601497,20,,,0,99,,1601488,20,,,0,100,,1601487,20,,,0,100,,1601499,20,,,0,100,,1601493,20,,,0
5200,'20261019',643,,1601504,20,,,0,72,,1601505,20,,,0,32,,1601506,20,,,0,74,,1601507,20,,,0,28,,1601508,20,,,0,66,,1601526,20,,,0,29,,1601509,20,,,0,99,,1601510,20,,,0,100,,1601511,20,,,0,101,,1601512,20,,,0,100,,1601513,20,,,0,101,,1601514,20,,,0,71,,1601527,20,,,0,32,,1601515,20,,,0,71,,1601525,20,,,0,30,,1601516,20,,,0,71,,1601517,20,,,0,27,,1601518,20,,,0,97,,1601519,20,,,0,98,,1601520,20,,,0,99,,1601521,20,,,0,100,,1601522,20,,,0,100,,1601523,20,,,0,100,,1601524,20,,,0
5200,'20261020',643,,1601528,20,,,0,72,,1601529,20,,,0,32,,1601530,20,,,0,74,,1601531,20,,,0,28,,1601532,20,,,0,66,,1601550,20,,,0,29,,1601533,20,,,0,99,,1601534,20,,,0,100,,1601535,20,,,0,101,,1601536,20,,,0,100,,1601537,20,,,0,101,,1601538,20,,,0,71,,1601551,20,,,0,32,,1601539,20,,,0,71,,1601549,20,,,0,30,,1601540,20,,,0,71,,1601541,20,,,0,27,,1601542,20,,,0,97,,1601543,20,,,0,98,,1601544,20,,,0,99,,1601545,20,,,0,100,,1601546,20,,,0,100,,1601547,20,,,0,100,,1601548,20,,,0
5200,'20261021',643,,1630764,20,,,0,72,,1630765,20,,,0,32,,1630766,20,,,0,74,,1630767,20,,,0,28,,1630768,20,,,0,66,,1630786,20,,,0,29,,1630769,20,,,0,99,,1630770,20,,,0,100,,1630771,20,,,0,101,,1630772,20,,,0,100,,1630773,20,,,0,101,,1630774,20,,,0,71,,1630787,20,,,0,32,,1630775,20,,,0,71,,1630785,20,,,0,30,,1630776,20,,,0,71,,1630777,20,,,0,27,,1630778,20,,,0,97,,1630779,20,,,0,98,,1630780,20,,,0,99,,1630781,20,,,0,100,,1630782,20,,,0,100,,1630783,20,,,0,100,,1630784,20,,,0
5200,'20261022',643,,1630788,20,,,0,72,,1630789,20,,,0,32,,1630790,20,,,0,74,,1630791,20,,,0,28,,1630792,20,,,0,66,,1630810,20,,,0,29,,1630793,20,,,0,99,,1630794,20,,,0,100,,1630795,20,,,0,101,,1630796,20,,,0,100,,1630797,20,,,0,101,,1630798,20,,,0,71,,1630811,20,,,0,32,,1630799,20,,,0,71,,1630809,20,,,0,30,,1630800,20,,,0,71,,1630801,20,,,0,27,,1630802,20,,,0,97,,1630803,20,,,0,98,,1630804,20,,,0,99,,1630805,20,,,0,100,,1630806,20,,,0,100,,1630807,20,,,0,100,,1630808,20,,,0
5200,'20261023',643,,1630812,20,,,0,72,,1630813,20,,,0,32,,1630814,20,,,0,74,,1630815,20,,,0,28,,1630816,20,,,0,66,,1630834,20,,,0,29,,1630817,20,,,0,99,,1630818,20,,,0,100,,1630819,20,,,0,101,,1630820,20,,,0,100,,1630821,20,,,0,101,,1630822,20,,,0,71,,1630835,20,,,0,32,,1630823,20,,,0,71,,1630833,20,,,0,30,,1630824,20,,,0,71,,1630825,20,,,0,27,,1630826,20,,,0,97,,1630827,20,,,0,98,,1630828,20,,,0,99,,1630829,20,,,0,100,,1630830,20,,,0,100,,1630831,20,,,0,100,,1630832,20,,,0
