1901,'20261002',630,,1566926,22,,,0,71,,1566927,22,,,0,38,,1566928,22,,,0,70,,1566929,22,,,0,25,,1566930,22,,,0,68,,1566931,22,,,0,29,,1566932,22,,,0,100,,1566933,22,,,0,101,,1566934,22,,,0,100,,1566935,22,,,0,100,,1566936,22,,,0,99,,1566937,22,,,0,102,,1566938,22,,,0,71,,1566925,22,,,0,33,,1566939,22,,,0,72,,1566940,22,,,0,29,,1566941,22,,,0,66,,1566942,22,,,0,29,,1566943,22,,,0,98,,1566944,22,,,0,99,,1566945,22,,,0,99,,1566946,22,,,0,100,,1566947,22,,,0,99,,1566948,22,,,0,100,,1566949,22,,,0
1901,'20261003',622,,1566950,22,,,0,100,,1566951,22,,,0,100,,1566952,22,,,0,102,,1566953,22,,,0,100,,1566954,22,,,0,102,,1566955,22,,,0,100,,1566956,22,,,0,100,,1566957,22,,,0,101,,1566958,22,,,0,100,,1566959,22,,,0,99,,1566960,22,,,0,100,,1566961,22,,,0,99,,1566962,22,,,0,99,,1566963,22,,,0,99,,1566964,22,,,0,100,,1566965,22,,,0,100,,1566966,22,,,0,99,,1566967,22,,,0,100,,1566968,22,,,0
1901,'20261004',622,,1566969,22,,,0,100,,1566970,22,,,0,100,,1566971,22,,,0,102,,1566972,22,,,0,100,,1566973,22,,,0,102,,1566974,22,,,0,100,,1566975,22,,,0,100,,1566976,22,,,0,101,,1566977,22,,,0,100,,1566978,22,,,0,99,,1566979,22,,,0,100,,1566980,22,,,0,99,,1566981,22,,,0,99,,1566982,22,,,0,99,,1566983,22,,,0,100,,1566984,22,,,0,100,,1566985,22,,,0,99,,1566986,22,,,0,100,,1566987,22,,,0
1901,'20261005',630,,1566989,22,,,0,71,,1566990,22,,,0,38,,1566991,22,,,0,70,,1566992,22,,,0,25,,1566993,22,,,0,68,,1566994,22,,,0,29,,1566995,22,,,0,100,,1566996,22,,,0,101,,1566997,22,,,0,100,,1566998,22,,,0,100,,1566999,22,,,0,99,,1567000,22,,,0,102,,1567001,22,,,0,71,,1566988,22,,,0,33,,1567002,22,,,0,72,,1567003,22,,,0,29,,1567004,22,,,0,66,,1567005,22,,,0,29,,1567006,22,,,0,98,,1567007,22,,,0,99,,1567008,22,,,0,99,,1567009,22,,,0,100,,1567010,22,,,0,99,,1567011,22,,,0,100,,1567012,22,,,0
1901,'20261006',630,,1513736,22,,,0,71,,1513737,22,,,0,38,,1513738,22,,,0,70,,1513739,22,,,0,25,,1513740,22,,,0,68,,1513741,22,,,0,29,,1513742,22,,,0,100,,1513743,22,,,0,101,,1513744,22,,,0,100,,1513745,22,,,0,100,,1513746,22,,,0,99,,1513747,22,,,0,102,,1513748,22,,,0,71,,1513749,22,,,0,33,,1513750,22,,,0,72,,1513751,22,,,0,29,,1513752,22,,,0,66,,1513753,22,,,0,29,,1513754,22,,,0,98,,1513755,22,,,0,99,,1513756,22,,,0,99,,1513757,22,,,0,100,,1513758,22,,,0,99,,1513759,22,,,0,100,,1513760,22,,,0
1901,'20261007',630,,1513761,22,,,0,71,,1513762,22,,,0,38,,1513763,22,,,0,70,,1513764,22,,,0,25,,1513765,22,,,0,68,,1513766,22,,,0,29,,1513767,22,,,0,100,,1513768,22,,,0,101,,1513769,22,,,0,100,,1513770,22,,,0,100,,1513771,22,,,0,99,,1513772,22,,,0,102,,1513773,22,,,0,71,,1513774,22,,,0,33,,1513775,22,,,0,72,,1513776,22,,,0,29,,1513777,22,,,0,66,,1513778,22,,,0,29,,1513779,22,,,0,98,,1513780,22,,,0,99,,1513781,22,,,0,99,,1513782,22,,,0,100,,1513783,22,,,0,99,,1513784,22,,,0,100,,1513785,22,,,0
1901,'20261008',630,,1513786,22,,,0,71,,1513787,22,,,0,38,,1513788,22,,,0,70,,1513789,22,,,0,25,,1513790,22,,,0,68,,1513791,22,,,0,29,,1513792,22,,,0,100,,1513793,22,,,0,101,,1513794,22,,,0,100,,1513795,22,,,0,100,,1513796,22,,,0,99,,1513797,22,,,0,102,,1513798,22,,,0,71,,1513799,22,,,0,33,,1513800,22,,,0,72,,1513801,22,,,0,29,,1513802,22,,,0,66,,1513803,22,,,0,29,,1513804,22,,,0,98,,1513805,22,,,0,99,,1513806,22,,,0,99,,1513807,22,,,0,100,,1513808,22,,,0,99,,1513809,22,,,0,100,,1513810,22,,,0
1901,'20261009',630,,1513811,22,,,0,71,,1513812,22,,,0,38,,1513813,22,,,0,70,,1513814,22,,,0,25,,1513815,22,,,0,68,,1513816,22,,,0,29,,1513817,22,,,0,100,,1513818,22,,,0,101,,1513819,22,,,0,100,,1513820,22,,,0,100,,1513821,22,,,0,99,,1513822,22,,,0,102,,1513823,22,,,0,71,,1513824,22,,,0,33,,1513825,22,,,0,72,,1513826,22,,,0,29,,1513827,22,,,0,66,,1513828,22,,,0,29,,1513829,22,,,0,98,,1513830,22,,,0,99,,1513831,22,,,0,99,,1513832,22,,,0,100,,1513833,22,,,0,99,,1513834,22,,,0,100,,1513835,22,,,0
1901,'20261010',622,,1543827,22,,,0,100,,1543828,22,,,0,100,,1543829,22,,,0,102,,1543830,22,,,0,100,,1543831,22,,,0,102,,1543832,22,,,0,100,,1543833,22,,,0,100,,1543834,22,,,0,101,,1543835,22,,,0,100,,1543836,22,,,0,99,,1543837,22,,,0,100,,1543838,22,,,0,99,,1543839,22,,,0,99,,1543840,22,,,0,99,,1543841,22,,,0,100,,1543842,22,,,0,100,,1543843,22,,,0,99,,1543844,22,,,0,100,,1543845,22,,,0
1901,'20261011',622,,1543846,22,,,0,100,,1543847,22,,,0,100,,1543848,22,,,0,102,,1543849,22,,,0,100,,1543850,22,,,0,102,,1543851,22,,,0,100,,1543852,22,,,0,100,,1543853,22,,,0,101,,1543854,22,,,0,100,,1543855,22,,,0,99,,1543856,22,,,0,100,,1543857,22,,,0,99,,1543858,22,,,0,99,,1543859,22,,,0,99,,1543860,22,,,0,100,,1543861,22,,,0,100,,1543862,22,,,0,99,,1543863,22,,,0,100,,1543864,22,,,0
1901,'20261012',622,,1543865,22,,,0,100,,1543866,22,,,0,100,,1543867,22,,,0,102,,1543868,22,,,0,100,,1543869,22,,,0,102,,1543870,22,,,0,100,,1543871,22,,,0,100,,1543872,22,,,0,101,,1543873,22,,,0,100,,1543874,22,,,0,99,,1543875,22,,,0,100,,1543876,22,,,0,99,,1543877,22,,,0,99,,1543878,22,,,0,99,,1543879,22,,,0,100,,1543880,22,,,0,100,,1543881,22,,,0,99,,1543882,22,,,0,100,,1543883,22,,,0
1901,'20261013',630,,1567013,22,,,0,71,,1567014,22,,,0,38,,1567015,22,,,0,70,,1567016,22,,,0,25,,1567017,22,,,0,68,,1567018,22,,,0,29,,1567019,22,,,0,100,,1567020,22,,,0,101,,1567021,22,,,0,100,,1567022,22,,,0,100,,1567023,22,,,0,99,,1567024,22,,,0,102,,1567025,22,,,0,71,,1567026,22,,,0,33,,1567027,22,,,0,72,,1567028,22,,,0,29,,1567029,22,,,0,66,,1567030,22,,,0,29,,1567031,22,,,0,98,,1567032,22,,,0,99,,1567033,22,,,0,99,,1567034,22,,,0,100,,1567035,22,,,0,99,,1567036,22,,,0,100,,1567037,22,,,0
1901,'20261014',630,,1567038,22,,,0,71,,1567039,22,,,0,38,,1567040,22,,,0,70,,1567041,22,,,0,25,,1567042,22,,,0,68,,1567043,22,,,0,29,,1567044,22,,,0,100,,1567045,22,,,0,101,,1567046,22,,,0,100,,1567047,22,,,0,100,,1567048,22,,,0,99,,1567049,22,,,0,102,,1567050,22,,,0,71,,1567051,22,,,0,33,,1567052,22,,,0,72,,1567053,22,,,0,29,,1567054,22,,,0,66,,1567055,22,,,0,29,,1567056,22,,,0,98,,1567057,22,,,0,99,,1567058,22,,,0,99,,1567059,22,,,0,100,,1567060,22,,,0,99,,1567061,22,,,0,100,,1567062,22,,,0
1901,'20261015',630,,1567063,22,,,0,71,,1567064,22,,,0,38,,1567065,22,,,0,70,,1567066,22,,,0,25,,1567067,22,,,0,68,,1567068,22,,,0,29,,1567069,22,,,0,100,,1567070,22,,,0,101,,1567071,22,,,0,100,,1567072,22,,,0,100,,1567073,22,,,0,99,,1567074,22,,,0,102,,1567075,22,,,0,71,,1567076,22,,,0,33,,1567077,22,,,0,72,,1567078,22,,,0,29,,1567079,22,,,0,66,,1567080,22,,,0,29,,1567081,22,,,0,98,,1567082,22,,,0,99,,1567083,22,,,0,99,,1567084,22,,,0,100,,1567085,22,,,0,99,,1567086,22,,,0,100,,1567087,22,,,0
1901,'20261016',630,,1567088,22,,,0,71,,1567089,22,,,0,38,,1567090,22,,,0,70,,1567091,22,,,0,25,,1567092,22,,,0,68,,1567093,22,,,0,29,,1567094,22,,,0,100,,1567095,22,,,0,101,,1567096,22,,,0,100,,1567097,22,,,0,100,,1567098,22,,,0,99,,1567099,22,,,0,102,,1567100,22,,,0,71,,1567101,22,,,0,33,,1567102,22,,,0,72,,1567103,22,,,0,29,,1567104,22,,,0,66,,1567105,22,,,0,29,,1567106,22,,,0,98,,1567107,22,,,0,99,,1567108,22,,,0,99,,1567109,22,,,0,100,,1567110,22,,,0,99,,1567111,22,,,0,100,,1567112,22,,,0
