7400,'20260929',753,,1548985,77,,,1,98,,1548986,77,,,1,98,,1548987,77,,,1,99,,1548988,77,,,1,101,,1548989,77,,,1,100,,1548990,77,,,1,100,,1548991,77,,,1,102,,1548992,77,,,1,101,,1548993,77,,,1,101,,1548994,77,,,1,98,,1548995,77,,,1,99,,1548996,77,,,1,97,,1548997,77,,,1,100,,1548998,77,,,1,100,,1548999,77,,,1,100,,1549000,77,,,1,100,,1549001,77,,,1
7400,'20260930',753,,1549006,77,,,1,98,,1549007,77,,,1,98,,1549008,77,,,1,99,,1549009,77,,,1,101,,1549010,77,,,1,100,,1549011,77,,,1,100,,1549012,77,,,1,102,,1549013,77,,,1,101,,1549014,77,,,1,101,,1549015,77,,,1,98,,1549016,77,,,1,99,,1549017,77,,,1,97,,1549018,77,,,1,100,,1549019,77,,,1,100,,1549020,77,,,1,100,,1549021,77,,,1,100,,1549022,77,,,1
7400,'20261001',753,,1549027,77,,,1,98,,1549028,77,,,1,98,,1549029,77,,,1,99,,1549030,77,,,1,101,,1549031,77,,,1,100,,1549032,77,,,1,100,,1549033,77,,,1,102,,1549034,77,,,1,101,,1549035,77,,,1,101,,1549036,77,,,1,98,,1549037,77,,,1,99,,1549038,77,,,1,97,,1549039,77,,,1,100,,1549040,77,,,1,100,,1549041,77,,,1,100,,1549042,77,,,1,100,,1549043,77,,,1
7400,'20261002',753,,1471875,77,,,1,98,,1471862,77,,,1,98,,1471863,77,,,1,99,,1471864,77,,,1,101,,1471865,77,,,1,100,,1471866,77,,,1,100,,1471867,77,,,1,102,,1471868,77,,,1,101,,1471869,77,,,1,101,,1471870,77,,,1,98,,1471871,77,,,1,99,,1471872,77,,,1,97,,1471876,77,,,1,100,,1471877,77,,,1,100,,1471873,77,,,1,100,,1471878,77,,,1,100,,1471874,77,,,1
7400,'20261003',847,,1494873,77,,,1,101,,1494887,77,,,1,100,,1494888,77,,,1,100,,1494874,77,,,1,100,,1494875,77,,,1,100,,1494876,77,,,1,100,,1494877,77,,,1,101,,1494878,77,,,1,100,,1494879,77,,,1,101,,1494880,77,,,1,101,,1494881,77,,,1,97,,1494882,77,,,1,99,,1494883,77,,,1,100,,1494884,77,,,1,100,,1494885,77,,,1,100,,1494886,77,,,1,169,,1494889,77,,,1
7400,'20261004',847,,1494890,77,,,1,101,,1494904,77,,,1,100,,1494891,77,,,1,100,,1494905,77,,,1,100,,1494898,77,,,1,100,,1494899,77,,,1,100,,1494900,77,,,1,101,,1494901,77,,,1,100,,1494902,77,,,1,101,,1494903,77,,,1,101,,1494892,77,,,1,97,,1494896,77,,,1,99,,1494897,77,,,1,100,,1494893,77,,,1,100,,1494894,77,,,1,100,,1494895,77,,,1,169,,1494906,77,,,1
7400,'20261005',753,,1494920,77,,,1,98,,1494907,77,,,1,98,,1494908,77,,,1,99,,1494909,77,,,1,101,,1494910,77,,,1,100,,1494911,77,,,1,100,,1494912,77,,,1,102,,1494913,77,,,1,101,,1494914,77,,,1,101,,1494915,77,,,1,98,,1494916,77,,,1,99,,1494917,77,,,1,97,,1494921,77,,,1,100,,1494922,77,,,1,100,,1494918,77,,,1,100,,1494923,77,,,1,100,,1494919,77,,,1
7400,'20261006',753,,1521327,77,,,1,98,,1521314,77,,,1,98,,1521315,77,,,1,99,,1521316,77,,,1,101,,1521317,77,,,1,100,,1521318,77,,,1,100,,1521319,77,,,1,102,,1521320,77,,,1,101,,1521321,77,,,1,101,,1521322,77,,,1,98,,1521323,77,,,1,99,,1521324,77,,,1,97,,1521328,77,,,1,100,,1521329,77,,,1,100,,1521325,77,,,1,100,,1521330,77,,,1,100,,1521326,77,,,1
7400,'20261007',753,,1521348,77,,,1,98,,1521335,77,,,1,98,,1521336,77,,,1,99,,1521337,77,,,1,101,,1521338,77,,,1,100,,1521339,77,,,1,100,,1521340,77,,,1,102,,1521341,77,,,1,101,,1521342,77,,,1,101,,1521343,77,,,1,98,,1521344,77,,,1,99,,1521345,77,,,1,97,,1521349,77,,,1,100,,1521350,77,,,1,100,,1521346,77,,,1,100,,1521351,77,,,1,100,,1521347,77,,,1
7400,'20261008',753,,1521369,77,,,1,98,,1521356,77,,,1,98,,1521357,77,,,1,99,,1521358,77,,,1,101,,1521359,77,,,1,100,,1521360,77,,,1,100,,1521361,77,,,1,102,,1521362,77,,,1,101,,1521363,77,,,1,101,,1521364,77,,,1,98,,1521365,77,,,1,99,,1521366,77,,,1,97,,1521370,77,,,1,100,,1521371,77,,,1,100,,1521367,77,,,1,100,,1521372,77,,,1,100,,1521368,77,,,1
7400,'20261009',753,,1521390,77,,,1,98,,1521377,77,,,1,98,,1521378,77,,,1,99,,1521379,77,,,1,101,,1521380,77,,,1,100,,1521381,77,,,1,100,,1521382,77,,,1,102,,1521383,77,,,1,101,,1521384,77,,,1,101,,1521385,77,,,1,98,,1521386,77,,,1,99,,1521387,77,,,1,97,,1521391,77,,,1,100,,1521392,77,,,1,100,,1521388,77,,,1,100,,1521393,77,,,1,100,,1521389,77,,,1
7400,'20261010',847,,1549044,77,,,1,101,,1549058,77,,,1,100,,1549059,77,,,1,100,,1549045,77,,,1,100,,1549046,77,,,1,100,,1549047,77,,,1,100,,1549048,77,,,1,101,,1549049,77,,,1,100,,1549050,77,,,1,101,,1549051,77,,,1,101,,1549052,77,,,1,97,,1549053,77,,,1,99,,1549054,77,,,1,100,,1549055,77,,,1,100,,1549056,77,,,1,100,,1549057,77,,,1,169,,1549060,77,,,1
7400,'20261011',847,,1549061,77,,,1,101,,1549075,77,,,1,100,,1549062,77,,,1,100,,1549076,77,,,1,100,,1549069,77,,,1,100,,1549070,77,,,1,100,,1549071,77,,,1,101,,1549072,77,,,1,100,,1549073,77,,,1,101,,1549074,77,,,1,101,,1549063,77,,,1,97,,1549067,77,,,1,99,,1549068,77,,,1,100,,1549064,77,,,1,100,,1549065,77,,,1,100,,1549066,77,,,1,169,,1549077,77,,,1
7400,'20261012',847,,1549078,77,,,1,101,,1549092,77,,,1,100,,1549079,77,,,1,100,,1549093,77,,,1,100,,1549086,77,,,1,100,,1549087,77,,,1,100,,1549088,77,,,1,101,,1549089,77,,,1,100,,1549090,77,,,1,101,,1549091,77,,,1,101,,1549080,77,,,1,97,,1549084,77,,,1,99,,1549085,77,,,1,100,,1549081,77,,,1,100,,1549082,77,,,1,100,,1549083,77,,,1,169,,1549094,77,,,1
8400,'20260929',830,,1550675,92,,,1,98,,1550676,92,,,1,100,,1550677,92,,,1,100,,1550678,92,,,1,101,,1550679,92,,,1,99,,1550680,92,,,1,100,,1550681,92,,,1,102,,1550682,92,,,1,110,,1550683,92,,,1,67,,1550673,59,,,1,27,,1550684,92,,,1,25,,1550674,59,,,1,68,,1550685,92,,,1,100,,1550686,92,,,1,98,,1550687,92,,,1,100,,1550688,92,,,1,100,,1550689,92,,,1,99,,1550690,92,,,1,100,,1550691,92,,,1
8400,'20260930',830,,1550694,92,,,1,98,,1550695,92,,,1,100,,1550696,92,,,1,100,,1550697,92,,,1,101,,1550698,92,,,1,99,,1550699,92,,,1,100,,1550700,92,,,1,102,,1550701,92,,,1,110,,1550702,92,,,1,67,,1550692,59,,,1,27,,1550703,92,,,1,25,,1550693,59,,,1,68,,1550704,92,,,1,100,,1550705,92,,,1,98,,1550706,92,,,1,100,,1550707,92,,,1,100,,1550708,92,,,1,99,,1550709,92,,,1,100,,1550710,92,,,1
8400,'20261001',830,,1550713,92,,,1,98,,1550714,92,,,1,100,,1550715,92,,,1,100,,1550716,92,,,1,101,,1550717,92,,,1,99,,1550718,92,,,1,100,,1550719,92,,,1,102,,1550720,92,,,1,110,,1550721,92,,,1,67,,1550711,59,,,1,27,,1550722,92,,,1,25,,1550712,59,,,1,68,,1550723,92,,,1,100,,1550724,92,,,1,98,,1550725,92,,,1,100,,1550726,92,,,1,100,,1550727,92,,,1,99,,1550728,92,,,1,100,,1550729,92,,,1
8400,'20261002',830,,1473580,92,,,1,98,,1473581,92,,,1,100,,1473582,92,,,1,100,,1473583,92,,,1,101,,1473584,92,,,1,99,,1473585,92,,,1,100,,1473586,92,,,1,102,,1473587,92,,,1,110,,1473588,92,,,1,67,,1473597,59,,,1,27,,1473589,92,,,1,25,,1473598,59,,,1,68,,1473590,92,,,1,100,,1473591,92,,,1,98,,1473592,92,,,1,100,,1473593,92,,,1,100,,1473594,92,,,1,99,,1473595,92,,,1,100,,1473596,92,,,1
8400,'20261003',823,,1496582,92,,,1,100,,1496597,92,,,1,102,,1496583,92,,,1,100,,1496598,92,,,1,101,,1496584,92,,,1,100,,1496586,92,,,1,100,,1496587,92,,,1,100,,1496588,92,,,1,101,,1496589,92,,,1,100,,1496590,92,,,1,99,,1496591,92,,,1,99,,1496592,92,,,1,100,,1496593,92,,,1,99,,1496594,92,,,1,100,,1496595,92,,,1,100,,1496596,92,,,1,98,,1496585,92,,,1
8400,'20261004',823,,1496599,92,,,1,100,,1496614,92,,,1,102,,1496600,92,,,1,100,,1496615,92,,,1,101,,1496601,92,,,1,100,,1496608,92,,,1,100,,1496602,92,,,1,100,,1496609,92,,,1,101,,1496603,92,,,1,100,,1496610,92,,,1,99,,1496604,92,,,1,99,,1496611,92,,,1,100,,1496605,92,,,1,99,,1496612,92,,,1,100,,1496606,92,,,1,100,,1496613,92,,,1,98,,1496607,92,,,1
8400,'20261005',830,,1496616,92,,,1,98,,1496617,92,,,1,100,,1496618,92,,,1,100,,1496619,92,,,1,101,,1496620,92,,,1,99,,1496621,92,,,1,100,,1496622,92,,,1,102,,1496623,92,,,1,110,,1496624,92,,,1,67,,1496633,59,,,1,27,,1496625,92,,,1,25,,1496634,59,,,1,68,,1496626,92,,,1,100,,1496627,92,,,1,98,,1496628,92,,,1,100,,1496629,92,,,1,100,,1496630,92,,,1,99,,1496631,92,,,1,100,,1496632,92,,,1
8400,'20261006',830,,1523638,92,,,1,98,,1523639,92,,,1,100,,1523640,92,,,1,100,,1523641,92,,,1,101,,1523642,92,,,1,99,,1523643,92,,,1,100,,1523644,92,,,1,102,,1523645,92,,,1,110,,1523646,92,,,1,67,,1523655,59,,,1,27,,1523647,92,,,1,25,,1523656,59,,,1,68,,1523648,92,,,1,100,,1523649,92,,,1,98,,1523650,92,,,1,100,,1523651,92,,,1,100,,1523652,92,,,1,99,,1523653,92,,,1,100,,1523654,92,,,1
8400,'20261007',830,,1523657,92,,,1,98,,1523658,92,,,1,100,,1523659,92,,,1,100,,1523660,92,,,1,101,,1523661,92,,,1,99,,1523662,92,,,1,100,,1523663,92,,,1,102,,1523664,92,,,1,110,,1523665,92,,,1,67,,1523674,59,,,1,27,,1523666,92,,,1,25,,1523675,59,,,1,68,,1523667,92,,,1,100,,1523668,92,,,1,98,,1523669,92,,,1,100,,1523670,92,,,1,100,,1523671,92,,,1,99,,1523672,92,,,1,100,,1523673,92,,,1
8400,'20261008',830,,1523676,92,,,1,98,,1523677,92,,,1,100,,1523678,92,,,1,100,,1523679,92,,,1,101,,1523680,92,,,1,99,,1523681,92,,,1,100,,1523682,92,,,1,102,,1523683,92,,,1,110,,1523684,92,,,1,67,,1523693,59,,,1,27,,1523685,92,,,1,25,,1523694,59,,,1,68,,1523686,92,,,1,100,,1523687,92,,,1,98,,1523688,92,,,1,100,,1523689,92,,,1,100,,1523690,92,,,1,99,,1523691,92,,,1,100,,1523692,92,,,1
8400,'20261009',830,,1523695,92,,,1,98,,1523696,92,,,1,100,,1523697,92,,,1,100,,1523698,92,,,1,101,,1523699,92,,,1,99,,1523700,92,,,1,100,,1523701,92,,,1,102,,1523702,92,,,1,110,,1523703,92,,,1,67,,1523712,59,,,1,27,,1523704,92,,,1,25,,1523713,59,,,1,68,,1523705,92,,,1,100,,1523706,92,,,1,98,,1523707,92,,,1,100,,1523708,92,,,1,100,,1523709,92,,,1,99,,1523710,92,,,1,100,,1523711,92,,,1
8400,'20261010',823,,1550730,92,,,1,100,,1550745,92,,,1,102,,1550731,92,,,1,100,,1550746,92,,,1,101,,1550732,92,,,1,100,,1550734,92,,,1,100,,1550735,92,,,1,100,,1550736,92,,,1,101,,1550737,92,,,1,100,,1550738,92,,,1,99,,1550739,92,,,1,99,,1550740,92,,,1,100,,1550741,92,,,1,99,,1550742,92,,,1,100,,1550743,92,,,1,100,,1550744,92,,,1,98,,1550733,92,,,1
8400,'20261011',823,,1550747,92,,,1,100,,1550762,92,,,1,102,,1550748,92,,,1,100,,1550763,92,,,1,101,,1550749,92,,,1,100,,1550756,92,,,1,100,,1550750,92,,,1,100,,1550757,92,,,1,101,,1550751,92,,,1,100,,1550758,92,,,1,99,,1550752,92,,,1,99,,1550759,92,,,1,100,,1550753,92,,,1,99,,1550760,92,,,1,100,,1550754,92,,,1,100,,1550761,92,,,1,98,,1550755,92,,,1
8400,'20261012',823,,1550764,92,,,1,100,,1550779,92,,,1,102,,1550765,92,,,1,100,,1550780,92,,,1,101,,1550766,92,,,1,100,,1550773,92,,,1,100,,1550767,92,,,1,100,,1550774,92,,,1,101,,1550768,92,,,1,100,,1550775,92,,,1,99,,1550769,92,,,1,99,,1550776,92,,,1,100,,1550770,92,,,1,99,,1550777,92,,,1,100,,1550771,92,,,1,100,,1550778,92,,,1,98,,1550772,92,,,1
28400,'20260929',1701,,1553264,67,4,,0,26,,1553265,67,4,,0,27,,1553266,67,4,,0,62,,1553267,67,4,,0,33,,1553268,67,4,,0
28400,'20260930',1701,,1553269,67,4,,0,26,,1553270,67,4,,0,27,,1553271,67,4,,0,62,,1553272,67,4,,0,33,,1553273,67,4,,0
28400,'20261001',1701,,1553274,67,4,,0,26,,1553275,67,4,,0,27,,1553276,67,4,,0,62,,1553277,67,4,,0,33,,1553278,67,4,,0
28400,'20261002',1701,,1476423,67,4,,0,26,,1476424,67,4,,0,27,,1476425,67,4,,0,62,,1476426,67,4,,0,33,,1476427,67,4,,0
28400,'20261005',1701,,1499460,67,4,,0,26,,1499461,67,4,,0,27,,1499462,67,4,,0,62,,1499463,67,4,,0,33,,1499464,67,4,,0
28400,'20261006',1701,,1527691,67,4,,0,26,,1527692,67,4,,0,27,,1527693,67,4,,0,62,,1527694,67,4,,0,33,,1527695,67,4,,0
28400,'20261007',1701,,1527696,67,4,,0,26,,1527697,67,4,,0,27,,1527698,67,4,,0,62,,1527699,67,4,,0,33,,1527700,67,4,,0
28400,'20261008',1701,,1527701,67,4,,0,26,,1527702,67,4,,0,27,,1527703,67,4,,0,62,,1527704,67,4,,0,33,,1527705,67,4,,0
28400,'20261009',1701,,1527706,67,4,,0,26,,1527707,67,4,,0,27,,1527708,67,4,,0,62,,1527709,67,4,,0,33,,1527710,67,4,,0
38400,'20260929',1639,,1553819,63,4,,0,74,,1553820,63,4,,0,94,,1553821,63,4,,0,110,,1553822,63,4,,0
38400,'20260930',1639,,1553823,63,4,,0,74,,1553824,63,4,,0,94,,1553825,63,4,,0,110,,1553826,63,4,,0
38400,'20261001',1639,,1553827,63,4,,0,74,,1553828,63,4,,0,94,,1553829,63,4,,0,110,,1553830,63,4,,0
38400,'20261002',1639,,1477151,63,4,,0,74,,1477148,63,4,,0,94,,1477149,63,4,,0,110,,1477150,63,4,,0
38400,'20261005',1639,,1500196,63,4,,0,74,,1500193,63,4,,0,94,,1500194,63,4,,0,110,,1500195,63,4,,0
38400,'20261006',1639,,1528786,63,4,,0,74,,1528783,63,4,,0,94,,1528784,63,4,,0,110,,1528785,63,4,,0
38400,'20261007',1639,,1528790,63,4,,0,74,,1528787,63,4,,0,94,,1528788,63,4,,0,110,,1528789,63,4,,0
38400,'20261008',1639,,1528794,63,4,,0,74,,1528791,63,4,,0,94,,1528792,63,4,,0,110,,1528793,63,4,,0
38400,'20261009',1639,,1528798,63,4,,0,74,,1528795,63,4,,0,94,,1528796,63,4,,0,110,,1528797,63,4,,0
58400,'20260929',1645,,1554177,61,4,,0,82,,1554178,61,4,,0,24,,1554179,61,4,,0,70,,1554180,61,4,,0
58400,'20260930',1645,,1554181,61,4,,0,82,,1554182,61,4,,0,24,,1554183,61,4,,0,70,,1554184,61,4,,0
58400,'20261001',1645,,1554185,61,4,,0,82,,1554186,61,4,,0,24,,1554187,61,4,,0,70,,1554188,61,4,,0
58400,'20261002',1645,,1477693,61,4,,0,82,,1477691,61,4,,0,24,,1477692,61,4,,0,70,,1477694,61,4,,0
58400,'20261005',1645,,1500666,61,4,,0,82,,1500664,61,4,,0,24,,1500665,61,4,,0,70,,1500667,61,4,,0
58400,'20261006',1645,,1529496,61,4,,0,82,,1529494,61,4,,0,24,,1529495,61,4,,0,70,,1529497,61,4,,0
58400,'20261007',1645,,1529500,61,4,,0,82,,1529498,61,4,,0,24,,1529499,61,4,,0,70,,1529501,61,4,,0
58400,'20261008',1645,,1529504,61,4,,0,82,,1529502,61,4,,0,24,,1529503,61,4,,0,70,,1529505,61,4,,0
58400,'20261009',1645,,1529508,61,4,,0,82,,1529506,61,4,,0,24,,1529507,61,4,,0,70,,1529509,61,4,,0
97203,'20261002',2633,,1485607,94,,,0
97203,'20261003',2633,,1508565,94,,,0
97203,'20261009',2633,,1540241,94,,,0
97203,'20261010',2633,,1561866,94,,,0
