3200,'20261002',716,,1568259,20,,,0,28,,1568260,20,,,0,67,,1568261,20,,,0,123,,1568262,14,,,0,195,,1568263,14,,,0,200,,1568264,14,,,0,179,,1568265,14,,,0,35,,1568266,14,,,0,109,,1568267,14,,,0,64,,1568268,14,,,0,25,,1568269,14,,,0,69,,1568270,14,,,0,29,,1568271,14,,,0,70,,1568272,14,,,0,124,,1568273,14,,,0,200,,1568274,14,,,0,198,,1568275,14,,,0
3200,'20261003',837,,1568276,14,,,0,199,,1568277,14,,,0,203,,1568278,14,,,0,202,,1568279,14,,,0,200,,1568280,14,,,0,198,,1568281,14,,,0,198,,1568282,14,,,0,200,,1568283,14,,,0,97,,1568284,14,,,0
3200,'20261004',837,,1568285,14,,,0,199,,1568286,14,,,0,203,,1568287,14,,,0,202,,1568288,14,,,0,200,,1568289,14,,,0,198,,1568290,14,,,0,198,,1568291,14,,,0,200,,1568292,14,,,0,97,,1568293,14,,,0
3200,'20261005',716,,1568294,20,,,0,28,,1568295,20,,,0,67,,1568296,20,,,0,123,,1568297,14,,,0,195,,1568298,14,,,0,200,,1568299,14,,,0,179,,1568300,14,,,0,35,,1568301,14,,,0,109,,1568302,14,,,0,64,,1568303,14,,,0,25,,1568304,14,,,0,69,,1568305,14,,,0,29,,1568306,14,,,0,70,,1568307,14,,,0,124,,1568308,14,,,0,200,,1568309,14,,,0,198,,1568310,14,,,0
3200,'20261006',716,,1515049,20,,,0,28,,1515050,20,,,0,67,,1515034,20,,,0,123,,1515035,14,,,0,195,,1515036,14,,,0,200,,1515037,14,,,0,179,,1515038,14,,,0,35,,1515039,14,,,0,109,,1515048,14,,,0,64,,1515040,14,,,0,25,,1515041,14,,,0,69,,1515042,14,,,0,29,,1515043,14,,,0,70,,1515044,14,,,0,124,,1515045,14,,,0,200,,1515046,14,,,0,198,,1515047,14,,,0
3200,'20261007',716,,1515066,20,,,0,28,,1515067,20,,,0,67,,1515051,20,,,0,123,,1515052,14,,,0,195,,1515053,14,,,0,200,,1515054,14,,,0,179,,1515055,14,,,0,35,,1515056,14,,,0,109,,1515065,14,,,0,64,,1515057,14,,,0,25,,1515058,14,,,0,69,,1515059,14,,,0,29,,1515060,14,,,0,70,,1515061,14,,,0,124,,1515062,14,,,0,200,,1515063,14,,,0,198,,1515064,14,,,0
3200,'20261008',716,,1515083,20,,,0,28,,1515084,20,,,0,67,,1515068,20,,,0,123,,1515069,14,,,0,195,,1515070,14,,,0,200,,1515071,14,,,0,179,,1515072,14,,,0,35,,1515073,14,,,0,109,,1515082,14,,,0,64,,1515074,14,,,0,25,,1515075,14,,,0,69,,1515076,14,,,0,29,,1515077,14,,,0,70,,1515078,14,,,0,124,,1515079,14,,,0,200,,1515080,14,,,0,198,,1515081,14,,,0
3200,'20261009',716,,1515100,20,,,0,28,,1515101,20,,,0,67,,1515085,20,,,0,123,,1515086,14,,,0,195,,1515087,14,,,0,200,,1515088,14,,,0,179,,1515089,14,,,0,35,,1515090,14,,,0,109,,1515099,14,,,0,64,,1515091,14,,,0,25,,1515092,14,,,0,69,,1515093,14,,,0,29,,1515094,14,,,0,70,,1515095,14,,,0,124,,1515096,14,,,0,200,,1515097,14,,,0,198,,1515098,14,,,0
3200,'20261010',837,,1544676,14,,,0,199,,1544677,14,,,0,203,,1544678,14,,,0,202,,1544679,14,,,0,200,,1544680,14,,,0,198,,1544681,14,,,0,198,,1544682,14,,,0,200,,1544683,14,,,0,97,,1544684,14,,,0
3200,'20261011',837,,1544685,14,,,0,199,,1544686,14,,,0,203,,1544687,14,,,0,202,,1544688,14,,,0,200,,1544689,14,,,0,198,,1544690,14,,,0,198,,1544691,14,,,0,200,,1544692,14,,,0,97,,1544693,14,,,0
3200,'20261012',837,,1544694,14,,,0,199,,1544695,14,,,0,203,,1544696,14,,,0,202,,1544697,14,,,0,200,,1544698,14,,,0,198,,1544699,14,,,0,198,,1544700,14,,,0,200,,1544701,14,,,0,97,,1544702,14,,,0
3200,'20261013',716,,1568326,20,,,0,28,,1568327,20,,,0,67,,1568311,20,,,0,123,,1568312,14,,,0,195,,1568313,14,,,0,200,,1568314,14,,,0,179,,1568315,14,,,0,35,,1568316,14,,,0,109,,1568325,14,,,0,64,,1568317,14,,,0,25,,1568318,14,,,0,69,,1568319,14,,,0,29,,1568320,14,,,0,70,,1568321,14,,,0,124,,1568322,14,,,0,200,,1568323,14,,,0,198,,1568324,14,,,0
3200,'20261014',716,,1568343,20,,,0,28,,1568344,20,,,0,67,,1568328,20,,,0,123,,1568329,14,,,0,195,,1568330,14,,,0,200,,1568331,14,,,0,179,,1568332,14,,,0,35,,1568333,14,,,0,109,,1568342,14,,,0,64,,1568334,14,,,0,25,,1568335,14,,,0,69,,1568336,14,,,0,29,,1568337,14,,,0,70,,1568338,14,,,0,124,,1568339,14,,,0,200,,1568340,14,,,0,198,,1568341,14,,,0
3200,'20261015',716,,1568360,20,,,0,28,,1568361,20,,,0,67,,1568345,20,,,0,123,,1568346,14,,,0,195,,1568347,14,,,0,200,,1568348,14,,,0,179,,1568349,14,,,0,35,,1568350,14,,,0,109,,1568359,14,,,0,64,,1568351,14,,,0,25,,1568352,14,,,0,69,,1568353,14,,,0,29,,1568354,14,,,0,70,,1568355,14,,,0,124,,1568356,14,,,0,200,,1568357,14,,,0,198,,1568358,14,,,0
3200,'20261016',716,,1568377,20,,,0,28,,1568378,20,,,0,67,,1568362,20,,,0,123,,1568363,14,,,0,195,,1568364,14,,,0,200,,1568365,14,,,0,179,,1568366,14,,,0,35,,1568367,14,,,0,109,,1568376,14,,,0,64,,1568368,14,,,0,25,,1568369,14,,,0,69,,1568370,14,,,0,29,,1568371,14,,,0,70,,1568372,14,,,0,124,,1568373,14,,,0,200,,1568374,14,,,0,198,,1568375,14,,,0
