28401,'20261009',631,,1612749,27,,,0,24,,1612750,27,,,0,63,,1612751,27,,,0,15,,1612752,27,,,0,68,,1612753,27,,,0
28401,'20261013',631,,1581000,27,,,0,24,,1580997,27,,,0,63,,1581001,27,,,0,15,,1580998,27,,,0,68,,1580999,27,,,0
28401,'20261014',631,,1581005,27,,,0,24,,1581002,27,,,0,63,,1581006,27,,,0,15,,1581003,27,,,0,68,,1581004,27,,,0
28401,'20261015',631,,1581010,27,,,0,24,,1581007,27,,,0,63,,1581011,27,,,0,15,,1581008,27,,,0,68,,1581009,27,,,0
28401,'20261016',631,,1581015,27,,,0,24,,1581012,27,,,0,63,,1581016,27,,,0,15,,1581013,27,,,0,68,,1581014,27,,,0
28401,'20261019',631,,1612757,27,,,0,24,,1612754,27,,,0,63,,1612758,27,,,0,15,,1612755,27,,,0,68,,1612756,27,,,0
28401,'20261020',631,,1612762,27,,,0,24,,1612759,27,,,0,63,,1612763,27,,,0,15,,1612760,27,,,0,68,,1612761,27,,,0
28401,'20261021',631,,1638354,27,,,0,24,,1638351,27,,,0,63,,1638355,27,,,0,15,,1638352,27,,,0,68,,1638353,27,,,0
28401,'20261022',631,,1638359,27,,,0,24,,1638356,27,,,0,63,,1638360,27,,,0,15,,1638357,27,,,0,68,,1638358,27,,,0
28401,'20261023',631,,1638364,27,,,0,24,,1638361,27,,,0,63,,1638365,27,,,0,15,,1638362,27,,,0,68,,1638363,27,,,0
38401,'20261009',623,,1613850,27,,,0,27,,1613851,27,,,0,69,,1613852,27,,,0,184,,1613853,27,,,0
38401,'20261013',623,,1582085,27,,,0,27,,1582083,27,,,0,69,,1582084,27,,,0,184,,1582086,27,,,0
38401,'20261014',623,,1582089,27,,,0,27,,1582087,27,,,0,69,,1582088,27,,,0,184,,1582090,27,,,0
38401,'20261015',623,,1582093,27,,,0,27,,1582091,27,,,0,69,,1582092,27,,,0,184,,1582094,27,,,0
38401,'20261016',623,,1582097,27,,,0,27,,1582095,27,,,0,69,,1582096,27,,,0,184,,1582098,27,,,0
38401,'20261019',623,,1613856,27,,,0,27,,1613854,27,,,0,69,,1613855,27,,,0,184,,1613857,27,,,0
38401,'20261020',623,,1613860,27,,,0,27,,1613858,27,,,0,69,,1613859,27,,,0,184,,1613861,27,,,0
38401,'20261021',623,,1638893,27,,,0,27,,1638891,27,,,0,69,,1638892,27,,,0,184,,1638894,27,,,0
38401,'20261022',623,,1638897,27,,,0,27,,1638895,27,,,0,69,,1638896,27,,,0,184,,1638898,27,,,0
38401,'20261023',623,,1638901,27,,,0,27,,1638899,27,,,0,69,,1638900,27,,,0,184,,1638902,27,,,0
58401,'20261009',626,,1614553,27,,,0,26,,1614554,27,,,0,65,,1614555,27,,,0
58401,'20261013',626,,1582793,27,,,0,26,,1582792,27,,,0,65,,1582794,27,,,0
58401,'20261014',626,,1582796,27,,,0,26,,1582795,27,,,0,65,,1582797,27,,,0
58401,'20261015',626,,1582799,27,,,0,26,,1582798,27,,,0,65,,1582800,27,,,0
58401,'20261016',626,,1582802,27,,,0,26,,1582801,27,,,0,65,,1582803,27,,,0
58401,'20261019',626,,1614557,27,,,0,26,,1614556,27,,,0,65,,1614558,27,,,0
58401,'20261020',626,,1614560,27,,,0,26,,1614559,27,,,0,65,,1614561,27,,,0
58401,'20261021',626,,1639251,27,,,0,26,,1639250,27,,,0,65,,1639252,27,,,0
58401,'20261022',626,,1639254,27,,,0,26,,1639253,27,,,0,65,,1639255,27,,,0
58401,'20261023',626,,1639257,27,,,0,26,,1639256,27,,,0,65,,1639258,27,,,0
98400,'20261009',2623,,1625342,95,,,0
98400,'20261010',2623,,1646903,95,,,0
98400,'20261016',2623,,1593537,95,,,0
98400,'20261017',2623,,1625343,95,,,0
98400,'20261023',2623,,1646904,95,,,0
