69003,'20261006',715,,1614700,21,,,0,32,,1614701,21,,,0,71,,1614702,21,,,0
69003,'20261007',715,,1614703,21,,,0,32,,1614704,21,,,0,71,,1614705,21,,,0
69003,'20261008',715,,1614706,21,,,0,32,,1614707,21,,,0,71,,1614708,21,,,0
69003,'20261009',715,,1614709,21,,,0,32,,1614710,21,,,0,71,,1614711,21,,,0
69003,'20261013',715,,1582948,21,,,0,32,,1582949,21,,,0,71,,1582950,21,,,0
69003,'20261014',715,,1582951,21,,,0,32,,1582952,21,,,0,71,,1582953,21,,,0
69003,'20261015',715,,1582954,21,,,0,32,,1582955,21,,,0,71,,1582956,21,,,0
69003,'20261016',715,,1582957,21,,,0,32,,1582958,21,,,0,71,,1582959,21,,,0
69003,'20261019',715,,1614712,21,,,0,32,,1614713,21,,,0,71,,1614714,21,,,0
69003,'20261020',715,,1614715,21,,,0,32,,1614716,21,,,0,71,,1614717,21,,,0
