8001,'20261009',640,,1607717,70,,,0,71,,1607718,70,,,0,32,,1607719,70,,,0,70,,1607720,70,,,0,28,,1607721,70,,,0,69,,1607722,70,,,0,29,,1607723,70,,,0,70,,1607724,70,,,0,30,,1607725,70,,,0,70,,1607726,70,,,0,30,,1607727,70,,,0,71,,1607728,70,,,0,30,,1607729,70,,,0,71,,1607730,70,,,0,29,,1607731,70,,,0,70,,1607732,70,,,0,31,,1607733,70,,,0,72,,1607734,70,,,0,31,,1607735,70,,,0,68,,1607716,33,,,0,2,,1607736,70,,,0,32,,1607737,70,,,0,70,,1607738,70,,,0,26,,1607739,70,,,0,68,,1607740,70,,,0,29,,1607741,70,,,0,70,,1607742,70,,,0,30,,1607743,70,,,0,70,,1607750,33,,,0,29,,1607744,70,,,0,70,,1607751,33,,,0,30,,1607745,70,,,0,70,,1607752,33,,,0,30,,1607746,70,,,0,70,,1607753,33,,,0,30,,1607747,70,,,0,70,,1607748,70,,,0
8001,'20261010',637,,1635069,70,,,0,70,,1635070,70,,,0,30,,1635071,70,,,0,70,,1635072,70,,,0,30,,1635073,70,,,0,70,,1635074,70,,,0,30,,1635075,70,,,0,71,,1635076,70,,,0,30,,1635077,70,,,0,70,,1635078,70,,,0,30,,1635079,70,,,0,70,,1635080,70,,,0,30,,1635081,70,,,0,71,,1635082,70,,,0,30,,1635083,70,,,0,70,,1635084,70,,,0,30,,1635085,70,,,0,70,,1635086,70,,,0,30,,1635087,70,,,0,70,,1635088,70,,,0,30,,1635089,70,,,0,70,,1635090,70,,,0,29,,1635091,70,,,0,70,,1635092,70,,,0,29,,1635093,70,,,0,70,,1635094,70,,,0,30,,1635095,70,,,0,70,,1635096,70,,,0,30,,1635101,33,,,0,70,,1635097,70,,,0,30,,1635102,33,,,0,70,,1635098,70,,,0,30,,1635103,33,,,0,70,,1635099,70,,,0,30,,1635104,33,,,0,70,,1635100,70,,,0
8001,'20261011',637,,1635105,70,,,0,70,,1635106,70,,,0,30,,1635107,70,,,0,70,,1635108,70,,,0,30,,1635109,70,,,0,70,,1635110,70,,,0,30,,1635111,70,,,0,71,,1635112,70,,,0,30,,1635113,70,,,0,70,,1635114,70,,,0,30,,1635115,70,,,0,70,,1635116,70,,,0,30,,1635117,70,,,0,71,,1635118,70,,,0,30,,1635119,70,,,0,70,,1635120,70,,,0,30,,1635121,70,,,0,70,,1635122,70,,,0,30,,1635123,70,,,0,70,,1635124,70,,,0,30,,1635125,70,,,0,70,,1635126,70,,,0,29,,1635127,70,,,0,70,,1635128,70,,,0,29,,1635129,70,,,0,70,,1635130,70,,,0,30,,1635131,70,,,0,70,,1635132,70,,,0,30,,1635137,33,,,0,70,,1635133,70,,,0,30,,1635138,33,,,0,70,,1635134,70,,,0,30,,1635139,33,,,0,70,,1635135,70,,,0,30,,1635140,33,,,0,70,,1635136,70,,,0
8001,'20261012',637,,1635141,70,,,0,70,,1635142,70,,,0,30,,1635143,70,,,0,70,,1635144,70,,,0,30,,1635145,70,,,0,70,,1635146,70,,,0,30,,1635147,70,,,0,71,,1635148,70,,,0,30,,1635149,70,,,0,70,,1635150,70,,,0,30,,1635151,70,,,0,70,,1635152,70,,,0,30,,1635153,70,,,0,71,,1635154,70,,,0,30,,1635155,70,,,0,70,,1635156,70,,,0,30,,1635157,70,,,0,70,,1635158,70,,,0,30,,1635159,70,,,0,70,,1635160,70,,,0,30,,1635161,70,,,0,70,,1635162,70,,,0,29,,1635163,70,,,0,70,,1635164,70,,,0,29,,1635165,70,,,0,70,,1635166,70,,,0,30,,1635167,70,,,0,70,,1635168,70,,,0,30,,1635173,33,,,0,70,,1635169,70,,,0,30,,1635174,33,,,0,70,,1635170,70,,,0,30,,1635175,33,,,0,70,,1635171,70,,,0,30,,1635176,33,,,0,70,,1635172,70,,,0
8001,'20261013',640,,1576020,70,,,0,71,,1576021,70,,,0,32,,1576022,70,,,0,70,,1576023,70,,,0,28,,1576024,70,,,0,69,,1576025,70,,,0,29,,1576026,70,,,0,70,,1576027,70,,,0,30,,1576028,70,,,0,70,,1576029,70,,,0,30,,1576030,70,,,0,71,,1576031,70,,,0,30,,1576032,70,,,0,71,,1576033,70,,,0,29,,1576034,70,,,0,70,,1576035,70,,,0,31,,1576036,70,,,0,72,,1576037,70,,,0,31,,1576038,70,,,0,70,,1576039,70,,,0,32,,1576040,70,,,0,70,,1576041,70,,,0,26,,1576042,70,,,0,68,,1576043,70,,,0,29,,1576044,70,,,0,70,,1576045,70,,,0,30,,1576051,70,,,0,70,,1576046,33,,,0,29,,1576052,70,,,0,70,,1576047,33,,,0,30,,1576053,70,,,0,70,,1576048,33,,,0,30,,1576054,70,,,0,70,,1576049,33,,,0,30,,1576055,70,,,0,70,,1576050,70,,,0
8001,'20261014',640,,1576057,70,,,0,71,,1576058,70,,,0,32,,1576059,70,,,0,70,,1576060,70,,,0,28,,1576061,70,,,0,69,,1576062,70,,,0,29,,1576063,70,,,0,70,,1576064,70,,,0,30,,1576065,70,,,0,70,,1576066,70,,,0,30,,1576067,70,,,0,71,,1576068,70,,,0,30,,1576069,70,,,0,71,,1576070,70,,,0,29,,1576071,70,,,0,70,,1576072,70,,,0,31,,1576073,70,,,0,72,,1576074,70,,,0,31,,1576075,70,,,0,70,,1576076,70,,,0,32,,1576077,70,,,0,70,,1576078,70,,,0,26,,1576079,70,,,0,68,,1576080,70,,,0,29,,1576081,70,,,0,70,,1576082,70,,,0,30,,1576088,70,,,0,70,,1576083,33,,,0,29,,1576089,70,,,0,70,,1576084,33,,,0,30,,1576090,70,,,0,70,,1576085,33,,,0,30,,1576091,70,,,0,70,,1576086,33,,,0,30,,1576092,70,,,0,70,,1576087,70,,,0
8001,'20261015',640,,1576094,70,,,0,71,,1576095,70,,,0,32,,1576096,70,,,0,70,,1576097,70,,,0,28,,1576098,70,,,0,69,,1576099,70,,,0,29,,1576100,70,,,0,70,,1576101,70,,,0,30,,1576102,70,,,0,70,,1576103,70,,,0,30,,1576104,70,,,0,71,,1576105,70,,,0,30,,1576106,70,,,0,71,,1576107,70,,,0,29,,1576108,70,,,0,70,,1576109,70,,,0,31,,1576110,70,,,0,72,,1576111,70,,,0,31,,1576112,70,,,0,70,,1576113,70,,,0,32,,1576114,70,,,0,70,,1576115,70,,,0,26,,1576116,70,,,0,68,,1576117,70,,,0,29,,1576118,70,,,0,70,,1576119,70,,,0,30,,1576125,70,,,0,70,,1576120,33,,,0,29,,1576126,70,,,0,70,,1576121,33,,,0,30,,1576127,70,,,0,70,,1576122,33,,,0,30,,1576128,70,,,0,70,,1576123,33,,,0,30,,1576129,70,,,0,70,,1576124,70,,,0
8001,'20261016',640,,1576131,70,,,0,71,,1576132,70,,,0,32,,1576133,70,,,0,70,,1576134,70,,,0,28,,1576135,70,,,0,69,,1576136,70,,,0,29,,1576137,70,,,0,70,,1576138,70,,,0,30,,1576139,70,,,0,70,,1576140,70,,,0,30,,1576141,70,,,0,71,,1576142,70,,,0,30,,1576143,70,,,0,71,,1576144,70,,,0,29,,1576145,70,,,0,70,,1576146,70,,,0,31,,1576147,70,,,0,72,,1576148,70,,,0,31,,1576149,70,,,0,70,,1576150,70,,,0,32,,1576151,70,,,0,70,,1576152,70,,,0,26,,1576153,70,,,0,68,,1576154,70,,,0,29,,1576155,70,,,0,70,,1576156,70,,,0,30,,1576162,70,,,0,70,,1576157,33,,,0,29,,1576163,70,,,0,70,,1576158,33,,,0,30,,1576164,70,,,0,70,,1576159,33,,,0,30,,1576165,70,,,0,70,,1576160,33,,,0,30,,1576166,70,,,0,70,,1576161,70,,,0
8001,'20261017',637,,1607785,70,,,0,70,,1607754,70,,,0,30,,1607772,70,,,0,70,,1607755,70,,,0,30,,1607773,70,,,0,70,,1607756,70,,,0,30,,1607774,70,,,0,71,,1607757,70,,,0,30,,1607775,70,,,0,70,,1607758,70,,,0,30,,1607776,70,,,0,70,,1607759,70,,,0,30,,1607777,70,,,0,71,,1607760,70,,,0,30,,1607778,70,,,0,70,,1607761,70,,,0,30,,1607779,70,,,0,70,,1607762,70,,,0,30,,1607780,70,,,0,70,,1607763,70,,,0,30,,1607781,70,,,0,70,,1607764,70,,,0,29,,1607782,70,,,0,70,,1607765,70,,,0,29,,1607783,70,,,0,70,,1607766,70,,,0,30,,1607784,70,,,0,70,,1607767,70,,,0,30,,1607789,33,,,0,70,,1607768,70,,,0,30,,1607788,33,,,0,70,,1607769,70,,,0,30,,1607787,33,,,0,70,,1607770,70,,,0,30,,1607786,33,,,0,70,,1607771,70,,,0
8001,'20261018',637,,1607821,70,,,0,70,,1607790,70,,,0,30,,1607808,70,,,0,70,,1607791,70,,,0,30,,1607809,70,,,0,70,,1607792,70,,,0,30,,1607810,70,,,0,71,,1607793,70,,,0,30,,1607811,70,,,0,70,,1607794,70,,,0,30,,1607812,70,,,0,70,,1607795,70,,,0,30,,1607813,70,,,0,71,,1607796,70,,,0,30,,1607814,70,,,0,70,,1607797,70,,,0,30,,1607815,70,,,0,70,,1607798,70,,,0,30,,1607816,70,,,0,70,,1607799,70,,,0,30,,1607817,70,,,0,70,,1607800,70,,,0,29,,1607818,70,,,0,70,,1607801,70,,,0,29,,1607819,70,,,0,70,,1607802,70,,,0,30,,1607820,70,,,0,70,,1607803,70,,,0,30,,1607822,33,,,0,70,,1607804,70,,,0,30,,1607823,33,,,0,70,,1607805,70,,,0,30,,1607824,33,,,0,70,,1607806,70,,,0,30,,1607825,33,,,0,70,,1607807,70,,,0
8001,'20261019',640,,1607826,70,,,0,71,,1607827,70,,,0,32,,1607828,70,,,0,70,,1607829,70,,,0,28,,1607830,70,,,0,69,,1607831,70,,,0,29,,1607832,70,,,0,70,,1607833,70,,,0,30,,1607834,70,,,0,70,,1607835,70,,,0,30,,1607836,70,,,0,71,,1607837,70,,,0,30,,1607838,70,,,0,71,,1607839,70,,,0,29,,1607840,70,,,0,70,,1607841,70,,,0,31,,1607842,70,,,0,72,,1607843,70,,,0,31,,1607844,70,,,0,70,,1607845,70,,,0,32,,1607846,70,,,0,70,,1607847,70,,,0,26,,1607848,70,,,0,68,,1607849,70,,,0,29,,1607850,70,,,0,70,,1607851,70,,,0,30,,1607857,70,,,0,70,,1607852,33,,,0,29,,1607858,70,,,0,70,,1607853,33,,,0,30,,1607859,70,,,0,70,,1607854,33,,,0,30,,1607860,70,,,0,70,,1607855,33,,,0,30,,1607861,70,,,0,70,,1607856,70,,,0
8001,'20261020',640,,1607863,70,,,0,71,,1607864,70,,,0,32,,1607865,70,,,0,70,,1607866,70,,,0,28,,1607867,70,,,0,69,,1607868,70,,,0,29,,1607869,70,,,0,70,,1607870,70,,,0,30,,1607871,70,,,0,70,,1607872,70,,,0,30,,1607873,70,,,0,71,,1607874,70,,,0,30,,1607875,70,,,0,71,,1607876,70,,,0,29,,1607877,70,,,0,70,,1607878,70,,,0,31,,1607879,70,,,0,72,,1607880,70,,,0,31,,1607881,70,,,0,70,,1607882,70,,,0,32,,1607883,70,,,0,70,,1607884,70,,,0,26,,1607885,70,,,0,68,,1607886,70,,,0,29,,1607887,70,,,0,70,,1607888,70,,,0,30,,1607894,70,,,0,70,,1607889,33,,,0,29,,1607895,70,,,0,70,,1607890,33,,,0,30,,1607896,70,,,0,70,,1607891,33,,,0,30,,1607897,70,,,0,70,,1607892,33,,,0,30,,1607898,70,,,0,70,,1607893,70,,,0
8001,'20261021',640,,1635177,70,,,0,71,,1635178,70,,,0,32,,1635179,70,,,0,70,,1635180,70,,,0,28,,1635181,70,,,0,69,,1635182,70,,,0,29,,1635183,70,,,0,70,,1635184,70,,,0,30,,1635185,70,,,0,70,,1635186,70,,,0,30,,1635187,70,,,0,71,,1635188,70,,,0,30,,1635189,70,,,0,71,,1635190,70,,,0,29,,1635191,70,,,0,70,,1635192,70,,,0,31,,1635193,70,,,0,72,,1635194,70,,,0,31,,1635195,70,,,0,70,,1635196,70,,,0,32,,1635197,70,,,0,70,,1635198,70,,,0,26,,1635199,70,,,0,68,,1635200,70,,,0,29,,1635201,70,,,0,70,,1635202,70,,,0,30,,1635208,70,,,0,70,,1635203,33,,,0,29,,1635209,70,,,0,70,,1635204,33,,,0,30,,1635210,70,,,0,70,,1635205,33,,,0,30,,1635211,70,,,0,70,,1635206,33,,,0,30,,1635212,70,,,0,70,,1635207,70,,,0
8001,'20261022',640,,1635214,70,,,0,71,,1635215,70,,,0,32,,1635216,70,,,0,70,,1635217,70,,,0,28,,1635218,70,,,0,69,,1635219,70,,,0,29,,1635220,70,,,0,70,,1635221,70,,,0,30,,1635222,70,,,0,70,,1635223,70,,,0,30,,1635224,70,,,0,71,,1635225,70,,,0,30,,1635226,70,,,0,71,,1635227,70,,,0,29,,1635228,70,,,0,70,,1635229,70,,,0,31,,1635230,70,,,0,72,,1635231,70,,,0,31,,1635232,70,,,0,70,,1635233,70,,,0,32,,1635234,70,,,0,70,,1635235,70,,,0,26,,1635236,70,,,0,68,,1635237,70,,,0,29,,1635238,70,,,0,70,,1635239,70,,,0,30,,1635245,70,,,0,70,,1635240,33,,,0,29,,1635246,70,,,0,70,,1635241,33,,,0,30,,1635247,70,,,0,70,,1635242,33,,,0,30,,1635248,70,,,0,70,,1635243,33,,,0,30,,1635249,70,,,0,70,,1635244,70,,,0
8001,'20261023',640,,1635251,70,,,0,71,,1635252,70,,,0,32,,1635253,70,,,0,70,,1635254,70,,,0,28,,1635255,70,,,0,69,,1635256,70,,,0,29,,1635257,70,,,0,70,,1635258,70,,,0,30,,1635259,70,,,0,70,,1635260,70,,,0,30,,1635261,70,,,0,71,,1635262,70,,,0,30,,1635263,70,,,0,71,,1635264,70,,,0,29,,1635265,70,,,0,70,,1635266,70,,,0,31,,1635267,70,,,0,72,,1635268,70,,,0,31,,1635269,70,,,0,70,,1635270,70,,,0,32,,1635271,70,,,0,70,,1635272,70,,,0,26,,1635273,70,,,0,68,,1635274,70,,,0,29,,1635275,70,,,0,70,,1635276,70,,,0,30,,1635282,70,,,0,70,,1635277,33,,,0,29,,1635283,70,,,0,70,,1635278,33,,,0,30,,1635284,70,,,0,70,,1635279,33,,,0,30,,1635285,70,,,0,70,,1635280,33,,,0,30,,1635286,70,,,0,70,,1635281,70,,,0
