8001,'20261009',634,,1607717,63,,,0,71,,1607718,63,,,0,31,,1607719,63,,,0,70,,1607720,63,,,0,29,,1607721,63,,,0,70,,1607722,63,,,0,29,,1607723,63,,,0,70,,1607724,63,,,0,30,,1607725,63,,,0,70,,1607726,63,,,0,30,,1607727,63,,,0,70,,1607728,63,,,0,30,,1607729,63,,,0,71,,1607730,63,,,0,29,,1607731,63,,,0,70,,1607732,63,,,0,31,,1607733,63,,,0,71,,1607734,63,,,0,31,,1607735,63,,,0,68,,1607716,26,,,0,2,,1607736,63,,,0,32,,1607737,63,,,0,70,,1607738,63,,,0,27,,1607739,63,,,0,69,,1607740,63,,,0,29,,1607741,63,,,0,70,,1607742,63,,,0,30,,1607743,63,,,0,70,,1607750,26,,,0,29,,1607744,63,,,0,70,,1607751,26,,,0,30,,1607745,63,,,0,70,,1607752,26,,,0,30,,1607746,63,,,0,70,,1607753,26,,,0,30,,1607747,63,,,0,70,,1607748,63,,,0
8001,'20261010',633,,1635069,63,,,0,70,,1635070,63,,,0,30,,1635071,63,,,0,70,,1635072,63,,,0,30,,1635073,63,,,0,70,,1635074,63,,,0,30,,1635075,63,,,0,71,,1635076,63,,,0,30,,1635077,63,,,0,70,,1635078,63,,,0,30,,1635079,63,,,0,70,,1635080,63,,,0,30,,1635081,63,,,0,70,,1635082,63,,,0,30,,1635083,63,,,0,70,,1635084,63,,,0,30,,1635085,63,,,0,70,,1635086,63,,,0,30,,1635087,63,,,0,70,,1635088,63,,,0,30,,1635089,63,,,0,70,,1635090,63,,,0,30,,1635091,63,,,0,70,,1635092,63,,,0,29,,1635093,63,,,0,70,,1635094,63,,,0,30,,1635095,63,,,0,70,,1635096,63,,,0,30,,1635101,26,,,0,70,,1635097,63,,,0,30,,1635102,26,,,0,70,,1635098,63,,,0,30,,1635103,26,,,0,70,,1635099,63,,,0,30,,1635104,26,,,0,70,,1635100,63,,,0
8001,'20261011',633,,1635105,63,,,0,70,,1635106,63,,,0,30,,1635107,63,,,0,70,,1635108,63,,,0,30,,1635109,63,,,0,70,,1635110,63,,,0,30,,1635111,63,,,0,71,,1635112,63,,,0,30,,1635113,63,,,0,70,,1635114,63,,,0,30,,1635115,63,,,0,70,,1635116,63,,,0,30,,1635117,63,,,0,70,,1635118,63,,,0,30,,1635119,63,,,0,70,,1635120,63,,,0,30,,1635121,63,,,0,70,,1635122,63,,,0,30,,1635123,63,,,0,70,,1635124,63,,,0,30,,1635125,63,,,0,70,,1635126,63,,,0,30,,1635127,63,,,0,70,,1635128,63,,,0,29,,1635129,63,,,0,70,,1635130,63,,,0,30,,1635131,63,,,0,70,,1635132,63,,,0,30,,1635137,26,,,0,70,,1635133,63,,,0,30,,1635138,26,,,0,70,,1635134,63,,,0,30,,1635139,26,,,0,70,,1635135,63,,,0,30,,1635140,26,,,0,70,,1635136,63,,,0
8001,'20261012',633,,1635141,63,,,0,70,,1635142,63,,,0,30,,1635143,63,,,0,70,,1635144,63,,,0,30,,1635145,63,,,0,70,,1635146,63,,,0,30,,1635147,63,,,0,71,,1635148,63,,,0,30,,1635149,63,,,0,70,,1635150,63,,,0,30,,1635151,63,,,0,70,,1635152,63,,,0,30,,1635153,63,,,0,70,,1635154,63,,,0,30,,1635155,63,,,0,70,,1635156,63,,,0,30,,1635157,63,,,0,70,,1635158,63,,,0,30,,1635159,63,,,0,70,,1635160,63,,,0,30,,1635161,63,,,0,70,,1635162,63,,,0,30,,1635163,63,,,0,70,,1635164,63,,,0,29,,1635165,63,,,0,70,,1635166,63,,,0,30,,1635167,63,,,0,70,,1635168,63,,,0,30,,1635173,26,,,0,70,,1635169,63,,,0,30,,1635174,26,,,0,70,,1635170,63,,,0,30,,1635175,26,,,0,70,,1635171,63,,,0,30,,1635176,26,,,0,70,,1635172,63,,,0
8001,'20261013',634,,1576020,63,,,0,71,,1576021,63,,,0,31,,1576022,63,,,0,70,,1576023,63,,,0,29,,1576024,63,,,0,70,,1576025,63,,,0,29,,1576026,63,,,0,70,,1576027,63,,,0,30,,1576028,63,,,0,70,,1576029,63,,,0,30,,1576030,63,,,0,70,,1576031,63,,,0,30,,1576032,63,,,0,71,,1576033,63,,,0,29,,1576034,63,,,0,70,,1576035,63,,,0,31,,1576036,63,,,0,71,,1576037,63,,,0,31,,1576038,63,,,0,70,,1576039,63,,,0,32,,1576040,63,,,0,70,,1576041,63,,,0,27,,1576042,63,,,0,69,,1576043,63,,,0,29,,1576044,63,,,0,70,,1576045,63,,,0,30,,1576051,63,,,0,70,,1576046,26,,,0,29,,1576052,63,,,0,70,,1576047,26,,,0,30,,1576053,63,,,0,70,,1576048,26,,,0,30,,1576054,63,,,0,70,,1576049,26,,,0,30,,1576055,63,,,0,70,,1576050,63,,,0
8001,'20261014',634,,1576057,63,,,0,71,,1576058,63,,,0,31,,1576059,63,,,0,70,,1576060,63,,,0,29,,1576061,63,,,0,70,,1576062,63,,,0,29,,1576063,63,,,0,70,,1576064,63,,,0,30,,1576065,63,,,0,70,,1576066,63,,,0,30,,1576067,63,,,0,70,,1576068,63,,,0,30,,1576069,63,,,0,71,,1576070,63,,,0,29,,1576071,63,,,0,70,,1576072,63,,,0,31,,1576073,63,,,0,71,,1576074,63,,,0,31,,1576075,63,,,0,70,,1576076,63,,,0,32,,1576077,63,,,0,70,,1576078,63,,,0,27,,1576079,63,,,0,69,,1576080,63,,,0,29,,1576081,63,,,0,70,,1576082,63,,,0,30,,1576088,63,,,0,70,,1576083,26,,,0,29,,1576089,63,,,0,70,,1576084,26,,,0,30,,1576090,63,,,0,70,,1576085,26,,,0,30,,1576091,63,,,0,70,,1576086,26,,,0,30,,1576092,63,,,0,70,,1576087,63,,,0
8001,'20261015',634,,1576094,63,,,0,71,,1576095,63,,,0,31,,1576096,63,,,0,70,,1576097,63,,,0,29,,1576098,63,,,0,70,,1576099,63,,,0,29,,1576100,63,,,0,70,,1576101,63,,,0,30,,1576102,63,,,0,70,,1576103,63,,,0,30,,1576104,63,,,0,70,,1576105,63,,,0,30,,1576106,63,,,0,71,,1576107,63,,,0,29,,1576108,63,,,0,70,,1576109,63,,,0,31,,1576110,63,,,0,71,,1576111,63,,,0,31,,1576112,63,,,0,70,,1576113,63,,,0,32,,1576114,63,,,0,70,,1576115,63,,,0,27,,1576116,63,,,0,69,,1576117,63,,,0,29,,1576118,63,,,0,70,,1576119,63,,,0,30,,1576125,63,,,0,70,,1576120,26,,,0,29,,1576126,63,,,0,70,,1576121,26,,,0,30,,1576127,63,,,0,70,,1576122,26,,,0,30,,1576128,63,,,0,70,,1576123,26,,,0,30,,1576129,63,,,0,70,,1576124,63,,,0
8001,'20261016',634,,1576131,63,,,0,71,,1576132,63,,,0,31,,1576133,63,,,0,70,,1576134,63,,,0,29,,1576135,63,,,0,70,,1576136,63,,,0,29,,1576137,63,,,0,70,,1576138,63,,,0,30,,1576139,63,,,0,70,,1576140,63,,,0,30,,1576141,63,,,0,70,,1576142,63,,,0,30,,1576143,63,,,0,71,,1576144,63,,,0,29,,1576145,63,,,0,70,,1576146,63,,,0,31,,1576147,63,,,0,71,,1576148,63,,,0,31,,1576149,63,,,0,70,,1576150,63,,,0,32,,1576151,63,,,0,70,,1576152,63,,,0,27,,1576153,63,,,0,69,,1576154,63,,,0,29,,1576155,63,,,0,70,,1576156,63,,,0,30,,1576162,63,,,0,70,,1576157,26,,,0,29,,1576163,63,,,0,70,,1576158,26,,,0,30,,1576164,63,,,0,70,,1576159,26,,,0,30,,1576165,63,,,0,70,,1576160,26,,,0,30,,1576166,63,,,0,70,,1576161,63,,,0
8001,'20261017',633,,1607785,63,,,0,70,,1607754,63,,,0,30,,1607772,63,,,0,70,,1607755,63,,,0,30,,1607773,63,,,0,70,,1607756,63,,,0,30,,1607774,63,,,0,71,,1607757,63,,,0,30,,1607775,63,,,0,70,,1607758,63,,,0,30,,1607776,63,,,0,70,,1607759,63,,,0,30,,1607777,63,,,0,70,,1607760,63,,,0,30,,1607778,63,,,0,70,,1607761,63,,,0,30,,1607779,63,,,0,70,,1607762,63,,,0,30,,1607780,63,,,0,70,,1607763,63,,,0,30,,1607781,63,,,0,70,,1607764,63,,,0,30,,1607782,63,,,0,70,,1607765,63,,,0,29,,1607783,63,,,0,70,,1607766,63,,,0,30,,1607784,63,,,0,70,,1607767,63,,,0,30,,1607789,26,,,0,70,,1607768,63,,,0,30,,1607788,26,,,0,70,,1607769,63,,,0,30,,1607787,26,,,0,70,,1607770,63,,,0,30,,1607786,26,,,0,70,,1607771,63,,,0
8001,'20261018',633,,1607821,63,,,0,70,,1607790,63,,,0,30,,1607808,63,,,0,70,,1607791,63,,,0,30,,1607809,63,,,0,70,,1607792,63,,,0,30,,1607810,63,,,0,71,,1607793,63,,,0,30,,1607811,63,,,0,70,,1607794,63,,,0,30,,1607812,63,,,0,70,,1607795,63,,,0,30,,1607813,63,,,0,70,,1607796,63,,,0,30,,1607814,63,,,0,70,,1607797,63,,,0,30,,1607815,63,,,0,70,,1607798,63,,,0,30,,1607816,63,,,0,70,,1607799,63,,,0,30,,1607817,63,,,0,70,,1607800,63,,,0,30,,1607818,63,,,0,70,,1607801,63,,,0,29,,1607819,63,,,0,70,,1607802,63,,,0,30,,1607820,63,,,0,70,,1607803,63,,,0,30,,1607822,26,,,0,70,,1607804,63,,,0,30,,1607823,26,,,0,70,,1607805,63,,,0,30,,1607824,26,,,0,70,,1607806,63,,,0,30,,1607825,26,,,0,70,,1607807,63,,,0
8001,'20261019',634,,1607826,63,,,0,71,,1607827,63,,,0,31,,1607828,63,,,0,70,,1607829,63,,,0,29,,1607830,63,,,0,70,,1607831,63,,,0,29,,1607832,63,,,0,70,,1607833,63,,,0,30,,1607834,63,,,0,70,,1607835,63,,,0,30,,1607836,63,,,0,70,,1607837,63,,,0,30,,1607838,63,,,0,71,,1607839,63,,,0,29,,1607840,63,,,0,70,,1607841,63,,,0,31,,1607842,63,,,0,71,,1607843,63,,,0,31,,1607844,63,,,0,70,,1607845,63,,,0,32,,1607846,63,,,0,70,,1607847,63,,,0,27,,1607848,63,,,0,69,,1607849,63,,,0,29,,1607850,63,,,0,70,,1607851,63,,,0,30,,1607857,63,,,0,70,,1607852,26,,,0,29,,1607858,63,,,0,70,,1607853,26,,,0,30,,1607859,63,,,0,70,,1607854,26,,,0,30,,1607860,63,,,0,70,,1607855,26,,,0,30,,1607861,63,,,0,70,,1607856,63,,,0
8001,'20261020',634,,1607863,63,,,0,71,,1607864,63,,,0,31,,1607865,63,,,0,70,,1607866,63,,,0,29,,1607867,63,,,0,70,,1607868,63,,,0,29,,1607869,63,,,0,70,,1607870,63,,,0,30,,1607871,63,,,0,70,,1607872,63,,,0,30,,1607873,63,,,0,70,,1607874,63,,,0,30,,1607875,63,,,0,71,,1607876,63,,,0,29,,1607877,63,,,0,70,,1607878,63,,,0,31,,1607879,63,,,0,71,,1607880,63,,,0,31,,1607881,63,,,0,70,,1607882,63,,,0,32,,1607883,63,,,0,70,,1607884,63,,,0,27,,1607885,63,,,0,69,,1607886,63,,,0,29,,1607887,63,,,0,70,,1607888,63,,,0,30,,1607894,63,,,0,70,,1607889,26,,,0,29,,1607895,63,,,0,70,,1607890,26,,,0,30,,1607896,63,,,0,70,,1607891,26,,,0,30,,1607897,63,,,0,70,,1607892,26,,,0,30,,1607898,63,,,0,70,,1607893,63,,,0
8001,'20261021',634,,1635177,63,,,0,71,,1635178,63,,,0,31,,1635179,63,,,0,70,,1635180,63,,,0,29,,1635181,63,,,0,70,,1635182,63,,,0,29,,1635183,63,,,0,70,,1635184,63,,,0,30,,1635185,63,,,0,70,,1635186,63,,,0,30,,1635187,63,,,0,70,,1635188,63,,,0,30,,1635189,63,,,0,71,,1635190,63,,,0,29,,1635191,63,,,0,70,,1635192,63,,,0,31,,1635193,63,,,0,71,,1635194,63,,,0,31,,1635195,63,,,0,70,,1635196,63,,,0,32,,1635197,63,,,0,70,,1635198,63,,,0,27,,1635199,63,,,0,69,,1635200,63,,,0,29,,1635201,63,,,0,70,,1635202,63,,,0,30,,1635208,63,,,0,70,,1635203,26,,,0,29,,1635209,63,,,0,70,,1635204,26,,,0,30,,1635210,63,,,0,70,,1635205,26,,,0,30,,1635211,63,,,0,70,,1635206,26,,,0,30,,1635212,63,,,0,70,,1635207,63,,,0
8001,'20261022',634,,1635214,63,,,0,71,,1635215,63,,,0,31,,1635216,63,,,0,70,,1635217,63,,,0,29,,1635218,63,,,0,70,,1635219,63,,,0,29,,1635220,63,,,0,70,,1635221,63,,,0,30,,1635222,63,,,0,70,,1635223,63,,,0,30,,1635224,63,,,0,70,,1635225,63,,,0,30,,1635226,63,,,0,71,,1635227,63,,,0,29,,1635228,63,,,0,70,,1635229,63,,,0,31,,1635230,63,,,0,71,,1635231,63,,,0,31,,1635232,63,,,0,70,,1635233,63,,,0,32,,1635234,63,,,0,70,,1635235,63,,,0,27,,1635236,63,,,0,69,,1635237,63,,,0,29,,1635238,63,,,0,70,,1635239,63,,,0,30,,1635245,63,,,0,70,,1635240,26,,,0,29,,1635246,63,,,0,70,,1635241,26,,,0,30,,1635247,63,,,0,70,,1635242,26,,,0,30,,1635248,63,,,0,70,,1635243,26,,,0,30,,1635249,63,,,0,70,,1635244,63,,,0
8001,'20261023',634,,1635251,63,,,0,71,,1635252,63,,,0,31,,1635253,63,,,0,70,,1635254,63,,,0,29,,1635255,63,,,0,70,,1635256,63,,,0,29,,1635257,63,,,0,70,,1635258,63,,,0,30,,1635259,63,,,0,70,,1635260,63,,,0,30,,1635261,63,,,0,70,,1635262,63,,,0,30,,1635263,63,,,0,71,,1635264,63,,,0,29,,1635265,63,,,0,70,,1635266,63,,,0,31,,1635267,63,,,0,71,,1635268,63,,,0,31,,1635269,63,,,0,70,,1635270,63,,,0,32,,1635271,63,,,0,70,,1635272,63,,,0,27,,1635273,63,,,0,69,,1635274,63,,,0,29,,1635275,63,,,0,70,,1635276,63,,,0,30,,1635282,63,,,0,70,,1635277,26,,,0,29,,1635283,63,,,0,70,,1635278,26,,,0,30,,1635284,63,,,0,70,,1635279,26,,,0,30,,1635285,63,,,0,70,,1635280,26,,,0,30,,1635286,63,,,0,70,,1635281,63,,,0
