7203,'20260929',659,,1548831,48,,,0,73,,1548832,48,,,0,74,,1548833,48,,,0,30,,1548834,48,,,0,65,,1548835,48,,,0,28,,1548836,48,,,0,30,,1548837,48,,,0,70,,1548838,48,,,0,30,,1548839,48,,,0,70,,1548840,48,,,0,30,,1548841,48,,,0,70,,1548842,48,,,0,30,,1548843,48,,,0,70,,1548844,48,,,0,30,,1548845,48,,,0,70,,1548846,48,,,0,71,,1548847,48,,,0,32,,1548848,48,,,0,71,,1548849,48,,,0,34,,1548850,48,,,0,68,,1548851,48,,,0,28,,1548852,48,,,0,67,,1548853,48,,,0,30,,1548854,48,,,0,27,,1548855,48,,,0,70,,1548856,48,,,0,100,,1548857,48,,,0,100,,1548858,48,,,0,100,,1548859,48,,,0,98,,1548860,48,,,0,100,,1548861,48,,,0
7203,'20260930',659,,1548862,48,,,0,73,,1548863,48,,,0,74,,1548864,48,,,0,30,,1548865,48,,,0,65,,1548866,48,,,0,28,,1548867,48,,,0,30,,1548868,48,,,0,70,,1548869,48,,,0,30,,1548870,48,,,0,70,,1548871,48,,,0,30,,1548872,48,,,0,70,,1548873,48,,,0,30,,1548874,48,,,0,70,,1548875,48,,,0,30,,1548876,48,,,0,70,,1548877,48,,,0,71,,1548878,48,,,0,32,,1548879,48,,,0,71,,1548880,48,,,0,34,,1548881,48,,,0,68,,1548882,48,,,0,28,,1548883,48,,,0,67,,1548884,48,,,0,30,,1548885,48,,,0,27,,1548886,48,,,0,70,,1548887,48,,,0,100,,1548888,48,,,0,100,,1548889,48,,,0,100,,1548890,48,,,0,98,,1548891,48,,,0,100,,1548892,48,,,0
7203,'20261001',659,,1548893,48,,,0,73,,1548894,48,,,0,74,,1548895,48,,,0,30,,1548896,48,,,0,65,,1548897,48,,,0,28,,1548898,48,,,0,30,,1548899,48,,,0,70,,1548900,48,,,0,30,,1548901,48,,,0,70,,1548902,48,,,0,30,,1548903,48,,,0,70,,1548904,48,,,0,30,,1548905,48,,,0,70,,1548906,48,,,0,30,,1548907,48,,,0,70,,1548908,48,,,0,71,,1548909,48,,,0,32,,1548910,48,,,0,71,,1548911,48,,,0,34,,1548912,48,,,0,68,,1548913,48,,,0,28,,1548914,48,,,0,67,,1548915,48,,,0,30,,1548916,48,,,0,27,,1548917,48,,,0,70,,1548918,48,,,0,100,,1548919,48,,,0,100,,1548920,48,,,0,100,,1548921,48,,,0,98,,1548922,48,,,0,100,,1548923,48,,,0
7203,'20261002',659,,1471734,48,,,0,73,,1471735,48,,,0,74,,1471736,48,,,0,30,,1471737,48,,,0,65,,1471738,48,,,0,28,,1471739,48,,,0,30,,1471740,48,,,0,70,,1471741,48,,,0,30,,1471742,48,,,0,70,,1471743,48,,,0,30,,1471744,48,,,0,70,,1471745,48,,,0,30,,1471746,48,,,0,70,,1471747,48,,,0,30,,1471748,48,,,0,70,,1471749,48,,,0,71,,1471751,48,,,0,32,,1471752,48,,,0,71,,1471753,48,,,0,34,,1471750,48,,,0,68,,1471754,48,,,0,28,,1471755,48,,,0,67,,1471756,48,,,0,30,,1471757,48,,,0,27,,1471758,48,,,0,70,,1471759,48,,,0,100,,1471760,48,,,0,100,,1471761,48,,,0,100,,1471762,48,,,0,98,,1471763,48,,,0,100,,1471764,48,,,0
7203,'20261003',727,,1494741,48,,,0,101,,1494742,48,,,0,100,,1494743,48,,,0,100,,1494744,48,,,0,100,,1494745,48,,,0,100,,1494746,48,,,0,101,,1494747,48,,,0,100,,1494748,48,,,0,100,,1494749,48,,,0,100,,1494750,48,,,0,99,,1494751,48,,,0,100,,1494752,48,,,0,99,,1494753,48,,,0,100,,1494754,48,,,0,100,,1494755,48,,,0,99,,1494756,48,,,0,100,,1494757,48,,,0,99,,1494758,48,,,0,30,,1494759,48,,,0
7203,'20261004',727,,1494760,48,,,0,101,,1494761,48,,,0,100,,1494762,48,,,0,100,,1494763,48,,,0,100,,1494764,48,,,0,100,,1494765,48,,,0,101,,1494766,48,,,0,100,,1494767,48,,,0,100,,1494768,48,,,0,100,,1494769,48,,,0,99,,1494770,48,,,0,100,,1494778,48,,,0,99,,1494775,48,,,0,100,,1494771,48,,,0,100,,1494772,48,,,0,99,,1494773,48,,,0,100,,1494774,48,,,0,99,,1494777,48,,,0,30,,1494776,48,,,0
7203,'20261005',659,,1494779,48,,,0,73,,1494780,48,,,0,74,,1494781,48,,,0,30,,1494782,48,,,0,65,,1494783,48,,,0,28,,1494784,48,,,0,30,,1494785,48,,,0,70,,1494786,48,,,0,30,,1494787,48,,,0,70,,1494788,48,,,0,30,,1494789,48,,,0,70,,1494790,48,,,0,30,,1494791,48,,,0,70,,1494792,48,,,0,30,,1494793,48,,,0,70,,1494794,48,,,0,71,,1494796,48,,,0,32,,1494797,48,,,0,71,,1494798,48,,,0,34,,1494795,48,,,0,68,,1494799,48,,,0,28,,1494800,48,,,0,67,,1494801,48,,,0,30,,1494802,48,,,0,27,,1494803,48,,,0,70,,1494804,48,,,0,100,,1494805,48,,,0,100,,1494806,48,,,0,100,,1494807,48,,,0,98,,1494808,48,,,0,100,,1494809,48,,,0
7203,'20261006',659,,1521114,48,,,0,73,,1521115,48,,,0,74,,1521116,48,,,0,30,,1521117,48,,,0,65,,1521118,48,,,0,28,,1521119,48,,,0,30,,1521120,48,,,0,70,,1521121,48,,,0,30,,1521122,48,,,0,70,,1521123,48,,,0,30,,1521124,48,,,0,70,,1521125,48,,,0,30,,1521126,48,,,0,70,,1521127,48,,,0,30,,1521128,48,,,0,70,,1521129,48,,,0,71,,1521131,48,,,0,32,,1521132,48,,,0,71,,1521133,48,,,0,34,,1521130,48,,,0,68,,1521134,48,,,0,28,,1521135,48,,,0,67,,1521136,48,,,0,30,,1521137,48,,,0,27,,1521138,48,,,0,70,,1521139,48,,,0,100,,1521140,48,,,0,100,,1521141,48,,,0,100,,1521142,48,,,0,98,,1521143,48,,,0,100,,1521144,48,,,0
7203,'20261007',659,,1521145,48,,,0,73,,1521146,48,,,0,74,,1521147,48,,,0,30,,1521148,48,,,0,65,,1521149,48,,,0,28,,1521150,48,,,0,30,,1521151,48,,,0,70,,1521152,48,,,0,30,,1521153,48,,,0,70,,1521154,48,,,0,30,,1521155,48,,,0,70,,1521156,48,,,0,30,,1521157,48,,,0,70,,1521158,48,,,0,30,,1521159,48,,,0,70,,1521160,48,,,0,71,,1521162,48,,,0,32,,1521163,48,,,0,71,,1521164,48,,,0,34,,1521161,48,,,0,68,,1521165,48,,,0,28,,1521166,48,,,0,67,,1521167,48,,,0,30,,1521168,48,,,0,27,,1521169,48,,,0,70,,1521170,48,,,0,100,,1521171,48,,,0,100,,1521172,48,,,0,100,,1521173,48,,,0,98,,1521174,48,,,0,100,,1521175,48,,,0
7203,'20261008',659,,1521176,48,,,0,73,,1521177,48,,,0,74,,1521178,48,,,0,30,,1521179,48,,,0,65,,1521180,48,,,0,28,,1521181,48,,,0,30,,1521182,48,,,0,70,,1521183,48,,,0,30,,1521184,48,,,0,70,,1521185,48,,,0,30,,1521186,48,,,0,70,,1521187,48,,,0,30,,1521188,48,,,0,70,,1521189,48,,,0,30,,1521190,48,,,0,70,,1521191,48,,,0,71,,1521193,48,,,0,32,,1521194,48,,,0,71,,1521195,48,,,0,34,,1521192,48,,,0,68,,1521196,48,,,0,28,,1521197,48,,,0,67,,1521198,48,,,0,30,,1521199,48,,,0,27,,1521200,48,,,0,70,,1521201,48,,,0,100,,1521202,48,,,0,100,,1521203,48,,,0,100,,1521204,48,,,0,98,,1521205,48,,,0,100,,1521206,48,,,0
7203,'20261009',659,,1521207,48,,,0,73,,1521208,48,,,0,74,,1521209,48,,,0,30,,1521210,48,,,0,65,,1521211,48,,,0,28,,1521212,48,,,0,30,,1521213,48,,,0,70,,1521214,48,,,0,30,,1521215,48,,,0,70,,1521216,48,,,0,30,,1521217,48,,,0,70,,1521218,48,,,0,30,,1521219,48,,,0,70,,1521220,48,,,0,30,,1521221,48,,,0,70,,1521222,48,,,0,71,,1521224,48,,,0,32,,1521225,48,,,0,71,,1521226,48,,,0,34,,1521223,48,,,0,68,,1521227,48,,,0,28,,1521228,48,,,0,67,,1521229,48,,,0,30,,1521230,48,,,0,27,,1521231,48,,,0,70,,1521232,48,,,0,100,,1521233,48,,,0,100,,1521234,48,,,0,100,,1521235,48,,,0,98,,1521236,48,,,0,100,,1521237,48,,,0
7203,'20261010',727,,1548924,48,,,0,101,,1548925,48,,,0,100,,1548926,48,,,0,100,,1548927,48,,,0,100,,1548928,48,,,0,100,,1548929,48,,,0,101,,1548930,48,,,0,100,,1548931,48,,,0,100,,1548932,48,,,0,100,,1548933,48,,,0,99,,1548934,48,,,0,100,,1548935,48,,,0,99,,1548936,48,,,0,100,,1548937,48,,,0,100,,1548938,48,,,0,99,,1548939,48,,,0,100,,1548940,48,,,0,99,,1548941,48,,,0,30,,1548942,48,,,0
7203,'20261011',727,,1548943,48,,,0,101,,1548944,48,,,0,100,,1548945,48,,,0,100,,1548946,48,,,0,100,,1548947,48,,,0,100,,1548948,48,,,0,101,,1548949,48,,,0,100,,1548950,48,,,0,100,,1548951,48,,,0,100,,1548952,48,,,0,99,,1548953,48,,,0,100,,1548961,48,,,0,99,,1548958,48,,,0,100,,1548954,48,,,0,100,,1548955,48,,,0,99,,1548956,48,,,0,100,,1548957,48,,,0,99,,1548960,48,,,0,30,,1548959,48,,,0
7203,'20261012',727,,1548962,48,,,0,101,,1548963,48,,,0,100,,1548964,48,,,0,100,,1548965,48,,,0,100,,1548966,48,,,0,100,,1548967,48,,,0,101,,1548968,48,,,0,100,,1548969,48,,,0,100,,1548970,48,,,0,100,,1548971,48,,,0,99,,1548972,48,,,0,100,,1548980,48,,,0,99,,1548977,48,,,0,100,,1548973,48,,,0,100,,1548974,48,,,0,99,,1548975,48,,,0,100,,1548976,48,,,0,99,,1548979,48,,,0,30,,1548978,48,,,0
97203,'20261002',2616,,1485607,58,,,0
97203,'20261003',2616,,1508565,58,,,0
97203,'20261009',2616,,1540241,58,,,0
97203,'20261010',2616,,1561866,58,,,0
