9203,'20260929',611,,1551639,31,,,0,103,,1551640,31,,,0,105,,1551641,31,,,0,96,,1551642,31,,,0,100,,1551643,31,,,0,100,,1551644,31,,,0,102,,1551645,31,,,0,100,,1551646,31,,,0,99,,1551647,31,,,0,98,,1551648,31,,,0,31,,1551649,31,,,0,71,,1551650,31,,,0,32,,1551651,31,,,0,68,,1551652,31,,,0,35,,1551653,31,,,0,70,,1551654,31,,,0,94,,1551655,31,,,0,99,,1551656,31,,,0,100,,1551657,31,,,0,100,,1551658,31,,,0,100,,1551659,31,,,0
9203,'20260930',611,,1551660,31,,,0,103,,1551661,31,,,0,105,,1551662,31,,,0,96,,1551663,31,,,0,100,,1551664,31,,,0,100,,1551665,31,,,0,102,,1551666,31,,,0,100,,1551667,31,,,0,99,,1551668,31,,,0,98,,1551669,31,,,0,31,,1551670,31,,,0,71,,1551671,31,,,0,32,,1551672,31,,,0,68,,1551673,31,,,0,35,,1551674,31,,,0,70,,1551675,31,,,0,94,,1551676,31,,,0,99,,1551677,31,,,0,100,,1551678,31,,,0,100,,1551679,31,,,0,100,,1551680,31,,,0
9203,'20261001',611,,1551681,31,,,0,103,,1551682,31,,,0,105,,1551683,31,,,0,96,,1551684,31,,,0,100,,1551685,31,,,0,100,,1551686,31,,,0,102,,1551687,31,,,0,100,,1551688,31,,,0,99,,1551689,31,,,0,98,,1551690,31,,,0,31,,1551691,31,,,0,71,,1551692,31,,,0,32,,1551693,31,,,0,68,,1551694,31,,,0,35,,1551695,31,,,0,70,,1551696,31,,,0,94,,1551697,31,,,0,99,,1551698,31,,,0,100,,1551699,31,,,0,100,,1551700,31,,,0,100,,1551701,31,,,0
9203,'20261002',611,,1474638,31,,,0,103,,1474622,31,,,0,105,,1474623,31,,,0,96,,1474624,31,,,0,100,,1474625,31,,,0,100,,1474626,31,,,0,102,,1474627,31,,,0,100,,1474628,31,,,0,99,,1474631,31,,,0,98,,1474641,31,,,0,31,,1474633,31,,,0,71,,1474639,31,,,0,32,,1474634,31,,,0,68,,1474642,31,,,0,35,,1474640,31,,,0,70,,1474635,31,,,0,94,,1474632,31,,,0,99,,1474636,31,,,0,100,,1474629,31,,,0,100,,1474630,31,,,0,100,,1474637,31,,,0
9203,'20261003',731,,1497640,31,,,0,100,,1497634,31,,,0,100,,1497624,31,,,0,102,,1497633,31,,,0,97,,1497635,31,,,0,100,,1497625,31,,,0,101,,1497626,31,,,0,102,,1497627,31,,,0,101,,1497628,31,,,0,104,,1497636,31,,,0,99,,1497629,31,,,0,101,,1497630,31,,,0,93,,1497631,31,,,0,99,,1497632,31,,,0,100,,1497637,31,,,0,100,,1497639,31,,,0,100,,1497638,31,,,0
9203,'20261004',731,,1497657,31,,,0,100,,1497652,31,,,0,100,,1497641,31,,,0,102,,1497651,31,,,0,97,,1497653,31,,,0,100,,1497642,31,,,0,101,,1497643,31,,,0,102,,1497654,31,,,0,101,,1497644,31,,,0,104,,1497645,31,,,0,99,,1497655,31,,,0,101,,1497646,31,,,0,93,,1497647,31,,,0,99,,1497648,31,,,0,100,,1497656,31,,,0,100,,1497649,31,,,0,100,,1497650,31,,,0
9203,'20261005',611,,1497674,31,,,0,103,,1497658,31,,,0,105,,1497659,31,,,0,96,,1497660,31,,,0,100,,1497661,31,,,0,100,,1497662,31,,,0,102,,1497663,31,,,0,100,,1497664,31,,,0,99,,1497667,31,,,0,98,,1497677,31,,,0,31,,1497669,31,,,0,71,,1497675,31,,,0,32,,1497670,31,,,0,68,,1497678,31,,,0,35,,1497676,31,,,0,70,,1497671,31,,,0,94,,1497668,31,,,0,99,,1497672,31,,,0,100,,1497665,31,,,0,100,,1497666,31,,,0,100,,1497673,31,,,0
9203,'20261006',611,,1525089,31,,,0,103,,1525073,31,,,0,105,,1525074,31,,,0,96,,1525075,31,,,0,100,,1525076,31,,,0,100,,1525077,31,,,0,102,,1525078,31,,,0,100,,1525079,31,,,0,99,,1525082,31,,,0,98,,1525092,31,,,0,31,,1525084,31,,,0,71,,1525090,31,,,0,32,,1525085,31,,,0,68,,1525093,31,,,0,35,,1525091,31,,,0,70,,1525086,31,,,0,94,,1525083,31,,,0,99,,1525087,31,,,0,100,,1525080,31,,,0,100,,1525081,31,,,0,100,,1525088,31,,,0
9203,'20261007',611,,1525110,31,,,0,103,,1525094,31,,,0,105,,1525095,31,,,0,96,,1525096,31,,,0,100,,1525097,31,,,0,100,,1525098,31,,,0,102,,1525099,31,,,0,100,,1525100,31,,,0,99,,1525103,31,,,0,98,,1525113,31,,,0,31,,1525105,31,,,0,71,,1525111,31,,,0,32,,1525106,31,,,0,68,,1525114,31,,,0,35,,1525112,31,,,0,70,,1525107,31,,,0,94,,1525104,31,,,0,99,,1525108,31,,,0,100,,1525101,31,,,0,100,,1525102,31,,,0,100,,1525109,31,,,0
9203,'20261008',611,,1525131,31,,,0,103,,1525115,31,,,0,105,,1525116,31,,,0,96,,1525117,31,,,0,100,,1525118,31,,,0,100,,1525119,31,,,0,102,,1525120,31,,,0,100,,1525121,31,,,0,99,,1525124,31,,,0,98,,1525134,31,,,0,31,,1525126,31,,,0,71,,1525132,31,,,0,32,,1525127,31,,,0,68,,1525135,31,,,0,35,,1525133,31,,,0,70,,1525128,31,,,0,94,,1525125,31,,,0,99,,1525129,31,,,0,100,,1525122,31,,,0,100,,1525123,31,,,0,100,,1525130,31,,,0
9203,'20261009',611,,1525152,31,,,0,103,,1525136,31,,,0,105,,1525137,31,,,0,96,,1525138,31,,,0,100,,1525139,31,,,0,100,,1525140,31,,,0,102,,1525141,31,,,0,100,,1525142,31,,,0,99,,1525145,31,,,0,98,,1525155,31,,,0,31,,1525147,31,,,0,71,,1525153,31,,,0,32,,1525148,31,,,0,68,,1525156,31,,,0,35,,1525154,31,,,0,70,,1525149,31,,,0,94,,1525146,31,,,0,99,,1525150,31,,,0,100,,1525143,31,,,0,100,,1525144,31,,,0,100,,1525151,31,,,0
9203,'20261010',731,,1551718,31,,,0,100,,1551712,31,,,0,100,,1551702,31,,,0,102,,1551711,31,,,0,97,,1551713,31,,,0,100,,1551703,31,,,0,101,,1551704,31,,,0,102,,1551705,31,,,0,101,,1551706,31,,,0,104,,1551714,31,,,0,99,,1551707,31,,,0,101,,1551708,31,,,0,93,,1551709,31,,,0,99,,1551710,31,,,0,100,,1551715,31,,,0,100,,1551717,31,,,0,100,,1551716,31,,,0
9203,'20261011',731,,1551735,31,,,0,100,,1551730,31,,,0,100,,1551719,31,,,0,102,,1551729,31,,,0,97,,1551731,31,,,0,100,,1551720,31,,,0,101,,1551721,31,,,0,102,,1551732,31,,,0,101,,1551722,31,,,0,104,,1551723,31,,,0,99,,1551733,31,,,0,101,,1551724,31,,,0,93,,1551725,31,,,0,99,,1551726,31,,,0,100,,1551734,31,,,0,100,,1551727,31,,,0,100,,1551728,31,,,0
9203,'20261012',731,,1551752,31,,,0,100,,1551747,31,,,0,100,,1551736,31,,,0,102,,1551746,31,,,0,97,,1551748,31,,,0,100,,1551737,31,,,0,101,,1551738,31,,,0,102,,1551749,31,,,0,101,,1551739,31,,,0,104,,1551740,31,,,0,99,,1551750,31,,,0,101,,1551741,31,,,0,93,,1551742,31,,,0,99,,1551743,31,,,0,100,,1551751,31,,,0,100,,1551744,31,,,0,100,,1551745,31,,,0
29203,'20260929',1634,,1553384,24,4,,0,70,,1553385,24,4,,0,33,,1553386,24,4,,0
29203,'20260930',1634,,1553387,24,4,,0,70,,1553388,24,4,,0,33,,1553389,24,4,,0
29203,'20261001',1634,,1553390,24,4,,0,70,,1553391,24,4,,0,33,,1553392,24,4,,0
29203,'20261002',1634,,1476578,24,4,,0,70,,1476579,24,4,,0,33,,1476577,24,4,,0
29203,'20261005',1634,,1499615,24,4,,0,70,,1499616,24,4,,0,33,,1499614,24,4,,0
29203,'20261006',1634,,1527928,24,4,,0,70,,1527929,24,4,,0,33,,1527927,24,4,,0
29203,'20261007',1634,,1527931,24,4,,0,70,,1527932,24,4,,0,33,,1527930,24,4,,0
29203,'20261008',1634,,1527934,24,4,,0,70,,1527935,24,4,,0,33,,1527933,24,4,,0
29203,'20261009',1634,,1527937,24,4,,0,70,,1527938,24,4,,0,33,,1527936,24,4,,0
99203,'20261002',2620,,1485620,64,,,0,130,,1485621,64,,,0
99203,'20261003',2620,,1508571,64,,,0,130,,1508572,64,,,0
99203,'20261009',2620,,1540261,64,,,0,130,,1540262,64,,,0
99203,'20261010',2620,,1561872,64,,,0,130,,1561873,64,,,0
