3600,'20260929',746,,1544929,53,,,0,70,,1544930,53,,,0,30,,1544931,53,,,0,99,,1544932,53,,,0,100,,1544933,53,,,0,100,,1544934,53,,,0,100,,1544935,53,,,0,100,,1544936,53,,,0,100,,1544937,53,,,0,102,,1544938,53,,,0,71,,1544939,53,,,0,30,,1544940,53,,,0,68,,1544928,53,,,0,29,,1544942,53,,,0,70,,1544943,53,,,0,30,,1544944,53,,,0,99,,1544945,53,,,0,100,,1544946,53,,,0,100,,1544947,53,,,0,99,,1544948,53,,,0,100,,1544949,53,,,0,100,,1544950,53,,,0
3600,'20260930',746,,1544952,53,,,0,70,,1544953,53,,,0,30,,1544954,53,,,0,99,,1544955,53,,,0,100,,1544956,53,,,0,100,,1544957,53,,,0,100,,1544958,53,,,0,100,,1544959,53,,,0,100,,1544960,53,,,0,102,,1544961,53,,,0,71,,1544962,53,,,0,30,,1544963,53,,,0,68,,1544951,53,,,0,29,,1544965,53,,,0,70,,1544966,53,,,0,30,,1544967,53,,,0,99,,1544968,53,,,0,100,,1544969,53,,,0,100,,1544970,53,,,0,99,,1544971,53,,,0,100,,1544972,53,,,0,100,,1544973,53,,,0
3600,'20261001',746,,1544975,53,,,0,70,,1544976,53,,,0,30,,1544977,53,,,0,99,,1544978,53,,,0,100,,1544979,53,,,0,100,,1544980,53,,,0,100,,1544981,53,,,0,100,,1544982,53,,,0,100,,1544983,53,,,0,102,,1544984,53,,,0,71,,1544985,53,,,0,30,,1544986,53,,,0,68,,1544974,53,,,0,29,,1544988,53,,,0,70,,1544989,53,,,0,30,,1544990,53,,,0,99,,1544991,53,,,0,100,,1544992,53,,,0,100,,1544993,53,,,0,99,,1544994,53,,,0,100,,1544995,53,,,0,100,,1544996,53,,,0
3600,'20261002',746,,1467624,53,,,0,70,,1467645,53,,,0,30,,1467625,53,,,0,99,,1467626,53,,,0,100,,1467627,53,,,0,100,,1467628,53,,,0,100,,1467629,53,,,0,100,,1467630,53,,,0,100,,1467631,53,,,0,102,,1467632,53,,,0,71,,1467633,53,,,0,30,,1467634,53,,,0,68,,1467635,53,,,0,29,,1467636,53,,,0,70,,1467637,53,,,0,30,,1467639,53,,,0,99,,1467640,53,,,0,100,,1467641,53,,,0,100,,1467642,53,,,0,99,,1467643,53,,,0,100,,1467644,53,,,0,100,,1467638,53,,,0
3600,'20261003',743,,1490632,53,,,0,100,,1490633,53,,,0,100,,1490634,53,,,0,101,,1490635,53,,,0,100,,1490636,53,,,0,100,,1490637,53,,,0,100,,1490638,53,,,0,101,,1490639,53,,,0,100,,1490640,53,,,0,100,,1490641,53,,,0,99,,1490642,53,,,0,99,,1490643,53,,,0,100,,1490645,53,,,0,100,,1490630,53,,,0,100,,1490646,53,,,0,100,,1490631,53,,,0,100,,1490644,53,,,0,99,,1490647,53,,,0
3600,'20261004',743,,1490665,53,,,0,100,,1490663,53,,,0,100,,1490657,53,,,0,101,,1490660,53,,,0,100,,1490649,53,,,0,100,,1490648,53,,,0,100,,1490656,53,,,0,101,,1490655,53,,,0,100,,1490654,53,,,0,100,,1490653,53,,,0,99,,1490652,53,,,0,99,,1490651,53,,,0,100,,1490661,53,,,0,100,,1490650,53,,,0,100,,1490662,53,,,0,100,,1490659,53,,,0,100,,1490658,53,,,0,99,,1490664,53,,,0
3600,'20261005',746,,1490666,53,,,0,70,,1490687,53,,,0,30,,1490667,53,,,0,99,,1490668,53,,,0,100,,1490669,53,,,0,100,,1490670,53,,,0,100,,1490671,53,,,0,100,,1490672,53,,,0,100,,1490673,53,,,0,102,,1490674,53,,,0,71,,1490675,53,,,0,30,,1490676,53,,,0,68,,1490677,53,,,0,29,,1490678,53,,,0,70,,1490679,53,,,0,30,,1490681,53,,,0,99,,1490682,53,,,0,100,,1490683,53,,,0,100,,1490684,53,,,0,99,,1490685,53,,,0,100,,1490686,53,,,0,100,,1490680,53,,,0
3600,'20261006',746,,1515526,53,,,0,70,,1515547,53,,,0,30,,1515527,53,,,0,99,,1515528,53,,,0,100,,1515529,53,,,0,100,,1515530,53,,,0,100,,1515531,53,,,0,100,,1515532,53,,,0,100,,1515533,53,,,0,102,,1515534,53,,,0,71,,1515535,53,,,0,30,,1515536,53,,,0,68,,1515537,53,,,0,29,,1515538,53,,,0,70,,1515539,53,,,0,30,,1515541,53,,,0,99,,1515542,53,,,0,100,,1515543,53,,,0,100,,1515544,53,,,0,99,,1515545,53,,,0,100,,1515546,53,,,0,100,,1515540,53,,,0
3600,'20261007',746,,1515548,53,,,0,70,,1515569,53,,,0,30,,1515549,53,,,0,99,,1515550,53,,,0,100,,1515551,53,,,0,100,,1515552,53,,,0,100,,1515553,53,,,0,100,,1515554,53,,,0,100,,1515555,53,,,0,102,,1515556,53,,,0,71,,1515557,53,,,0,30,,1515558,53,,,0,68,,1515559,53,,,0,29,,1515560,53,,,0,70,,1515561,53,,,0,30,,1515563,53,,,0,99,,1515564,53,,,0,100,,1515565,53,,,0,100,,1515566,53,,,0,99,,1515567,53,,,0,100,,1515568,53,,,0,100,,1515562,53,,,0
3600,'20261008',746,,1515570,53,,,0,70,,1515591,53,,,0,30,,1515571,53,,,0,99,,1515572,53,,,0,100,,1515573,53,,,0,100,,1515574,53,,,0,100,,1515575,53,,,0,100,,1515576,53,,,0,100,,1515577,53,,,0,102,,1515578,53,,,0,71,,1515579,53,,,0,30,,1515580,53,,,0,68,,1515581,53,,,0,29,,1515582,53,,,0,70,,1515583,53,,,0,30,,1515585,53,,,0,99,,1515586,53,,,0,100,,1515587,53,,,0,100,,1515588,53,,,0,99,,1515589,53,,,0,100,,1515590,53,,,0,100,,1515584,53,,,0
3600,'20261009',746,,1515592,53,,,0,70,,1515613,53,,,0,30,,1515593,53,,,0,99,,1515594,53,,,0,100,,1515595,53,,,0,100,,1515596,53,,,0,100,,1515597,53,,,0,100,,1515598,53,,,0,100,,1515599,53,,,0,102,,1515600,53,,,0,71,,1515601,53,,,0,30,,1515602,53,,,0,68,,1515603,53,,,0,29,,1515604,53,,,0,70,,1515605,53,,,0,30,,1515607,53,,,0,99,,1515608,53,,,0,100,,1515609,53,,,0,100,,1515610,53,,,0,99,,1515611,53,,,0,100,,1515612,53,,,0,100,,1515606,53,,,0
3600,'20261010',743,,1544999,53,,,0,100,,1545000,53,,,0,100,,1545001,53,,,0,101,,1545002,53,,,0,100,,1545003,53,,,0,100,,1545004,53,,,0,100,,1545005,53,,,0,101,,1545006,53,,,0,100,,1545007,53,,,0,100,,1545008,53,,,0,99,,1545009,53,,,0,99,,1545010,53,,,0,100,,1545012,53,,,0,100,,1544997,53,,,0,100,,1545013,53,,,0,100,,1544998,53,,,0,100,,1545011,53,,,0,99,,1545014,53,,,0
3600,'20261011',743,,1545032,53,,,0,100,,1545030,53,,,0,100,,1545024,53,,,0,101,,1545027,53,,,0,100,,1545016,53,,,0,100,,1545015,53,,,0,100,,1545023,53,,,0,101,,1545022,53,,,0,100,,1545021,53,,,0,100,,1545020,53,,,0,99,,1545019,53,,,0,99,,1545018,53,,,0,100,,1545028,53,,,0,100,,1545017,53,,,0,100,,1545029,53,,,0,100,,1545026,53,,,0,100,,1545025,53,,,0,99,,1545031,53,,,0
3600,'20261012',743,,1545050,53,,,0,100,,1545048,53,,,0,100,,1545042,53,,,0,101,,1545045,53,,,0,100,,1545034,53,,,0,100,,1545033,53,,,0,100,,1545041,53,,,0,101,,1545040,53,,,0,100,,1545039,53,,,0,100,,1545038,53,,,0,99,,1545037,53,,,0,99,,1545036,53,,,0,100,,1545046,53,,,0,100,,1545035,53,,,0,100,,1545047,53,,,0,100,,1545044,53,,,0,100,,1545043,53,,,0,99,,1545049,53,,,0
23600,'20260929',1604,,1552688,22,4,,0,34,,1552689,22,4,,0,14,,1552690,22,4,,0,52,,1552691,22,4,,0,29,,1552692,22,4,,0,26,,1552693,22,4,,0
23600,'20260930',1604,,1552694,22,4,,0,34,,1552695,22,4,,0,14,,1552696,22,4,,0,52,,1552697,22,4,,0,29,,1552698,22,4,,0,26,,1552699,22,4,,0
23600,'20261001',1604,,1552700,22,4,,0,34,,1552701,22,4,,0,14,,1552702,22,4,,0,52,,1552703,22,4,,0,29,,1552704,22,4,,0,26,,1552705,22,4,,0
23600,'20261002',1604,,1475665,22,4,,0,34,,1475666,22,4,,0,14,,1475667,22,4,,0,52,,1475668,22,4,,0,29,,1475669,22,4,,0,26,,1475670,22,4,,0
23600,'20261005',1604,,1498700,22,4,,0,34,,1498701,22,4,,0,14,,1498702,22,4,,0,52,,1498703,22,4,,0,29,,1498704,22,4,,0,26,,1498705,22,4,,0
23600,'20261006',1604,,1526551,22,4,,0,34,,1526552,22,4,,0,14,,1526553,22,4,,0,52,,1526554,22,4,,0,29,,1526555,22,4,,0,26,,1526556,22,4,,0
23600,'20261007',1604,,1526557,22,4,,0,34,,1526558,22,4,,0,14,,1526559,22,4,,0,52,,1526560,22,4,,0,29,,1526561,22,4,,0,26,,1526562,22,4,,0
23600,'20261008',1604,,1526563,22,4,,0,34,,1526564,22,4,,0,14,,1526565,22,4,,0,52,,1526566,22,4,,0,29,,1526567,22,4,,0,26,,1526568,22,4,,0
23600,'20261009',1604,,1526569,22,4,,0,34,,1526570,22,4,,0,14,,1526571,22,4,,0,52,,1526572,22,4,,0,29,,1526573,22,4,,0,26,,1526574,22,4,,0
33600,'20260929',1650,,1553489,20,4,,0,93,,1553490,20,4,,0,102,,1553491,20,4,,0
33600,'20260930',1650,,1553492,20,4,,0,93,,1553493,20,4,,0,102,,1553494,20,4,,0
33600,'20261001',1650,,1553495,20,4,,0,93,,1553496,20,4,,0,102,,1553497,20,4,,0
33600,'20261002',1650,,1476714,20,4,,0,93,,1476715,20,4,,0,102,,1476716,20,4,,0
33600,'20261005',1650,,1499753,20,4,,0,93,,1499754,20,4,,0,102,,1499755,20,4,,0
33600,'20261006',1650,,1528133,20,4,,0,93,,1528134,20,4,,0,102,,1528135,20,4,,0
33600,'20261007',1650,,1528136,20,4,,0,93,,1528137,20,4,,0,102,,1528138,20,4,,0
33600,'20261008',1650,,1528139,20,4,,0,93,,1528140,20,4,,0,102,,1528141,20,4,,0
33600,'20261009',1650,,1528142,20,4,,0,93,,1528143,20,4,,0,102,,1528144,20,4,,0
53600,'20260929',1659,,1553916,18,4,,0,76,,1553917,18,4,,0,65,,1553918,18,4,,0
53600,'20260930',1659,,1553919,18,4,,0,76,,1553920,18,4,,0,65,,1553921,18,4,,0
53600,'20261001',1659,,1553922,18,4,,0,76,,1553923,18,4,,0,65,,1553924,18,4,,0
53600,'20261002',1659,,1477340,18,4,,0,76,,1477341,18,4,,0,65,,1477342,18,4,,0
53600,'20261005',1659,,1500313,18,4,,0,76,,1500314,18,4,,0,65,,1500315,18,4,,0
53600,'20261006',1659,,1528970,18,4,,0,76,,1528971,18,4,,0,65,,1528972,18,4,,0
53600,'20261007',1659,,1528973,18,4,,0,76,,1528974,18,4,,0,65,,1528975,18,4,,0
53600,'20261008',1659,,1528976,18,4,,0,76,,1528977,18,4,,0,65,,1528978,18,4,,0
53600,'20261009',1659,,1528979,18,4,,0,76,,1528980,18,4,,0,65,,1528981,18,4,,0
93600,'20261002',2604,,1485597,57,,,0
93600,'20261003',2604,,1508560,57,,,0
93600,'20261009',2604,,1540226,57,,,0
93600,'20261010',2604,,1561861,57,,,0
