80102,'20260929',551,,1555314,7,,,1,52,,1555315,7,,,1,10,,1555316,7,,,1,10,,1555317,7,,,1,11,,1555318,7,,,1,12,,1555319,7,,,1,10,,1555320,7,,,1,51,,1555321,7,,,1,10,,1555322,7,,,1,10,,1555323,7,,,1,9,,1555324,7,,,1,12,,1555325,7,,,1,8,,1555326,7,,,1,50,,1555327,7,,,1,9,,1555328,7,,,1,9,,1555329,7,,,1,9,,1555330,7,,,1,8,,1555331,7,,,1,10,,1555332,7,,,1,53,,1555333,7,,,1,13,,1555334,7,,,1,15,,1555335,7,,,1,15,,1555336,7,,,1,55,,1555337,7,,,1,15,,1555338,7,,,1,15,,1555339,7,,,1,15,,1555340,7,,,1,54,,1555341,7,,,1,14,,1555342,7,,,1,15,,1555343,7,,,1,14,,1555344,7,,,1,15,,1555345,7,,,1,53,,1555346,7,,,1,15,,1555347,7,,,1,15,,1555348,7,,,1,15,,1555349,7,,,1,54,,1555350,7,,,1,14,,1555351,7,,,1,12,,1555352,7,,,1,12,,1555353,7,,,1,53,,1555354,7,,,1,13,,1555355,7,,,1,12,,1555356,7,,,1,12,,1555357,7,,,1,10,,1555358,7,,,1,9,,1555359,7,,,1,52,,1555360,7,,,1,9,,1555361,7,,,1,3,,1555303,7,,,1,6,,1555362,7,,,1,5,,1555304,7,,,1,4,,1555363,7,,,1,8,,1555364,7,,,1,1,,1555302,7,,,1,7,,1555305,7,,,1,2,,1555365,7,,,1,48,,1555306,7,,,1,1,,1555366,7,,,1,9,,1555367,7,,,1,3,,1555308,7,,,1,6,,1555368,7,,,1,8,,1555310,7,,,1,1,,1555369,7,,,1,9,,1555312,7,,,1,10,,1555307,7,,,1,1,,1555371,7,,,1,49,,1555372,7,,,1,2,,1555309,7,,,1,8,,1555373,7,,,1,4,,1555311,7,,,1,6,,1555374,7,,,1,10,,1555375,7,,,1,12,,1555376,7,,,1,10,,1555377,7,,,1,56,,1555378,7,,,1,15,,1555379,7,,,1,15,,1555313,7,,,1,15,,1555381,7,,,1,55,,1555382,7,,,1,15,,1555383,7,,,1,15,,1555384,7,,,1,15,,1555385,7,,,1,55,,1555386,7,,,1,15,,1555387,7,,,1,15,,1555388,7,,,1,15,,1555389,7,,,1,55,,1555390,7,,,1,15,,1555391,7,,,1,15,,1555392,7,,,1,15,,1555393,7,,,1,55,,1555394,7,,,1,15,,1555395,7,,,1,15,,1555396,7,,,1,15,,1555397,7,,,1,55,,1555398,7,,,1,16,,1555399,7,,,1,15,,1555400,7,,,1,15,,1555401,7,,,1,54,,1555402,7,,,1,14,,1555403,7,,,1,15,,1555404,7,,,1,14,,1555405,7,,,1,55,,1555406,7,,,1,15,,1555407,7,,,1,15,,1555408,7,,,1,15,,1555409,7,,,1
80102,'20260930',551,,1555422,7,,,1,52,,1555423,7,,,1,10,,1555424,7,,,1,10,,1555425,7,,,1,11,,1555426,7,,,1,12,,1555427,7,,,1,10,,1555428,7,,,1,51,,1555429,7,,,1,10,,1555430,7,,,1,10,,1555431,7,,,1,9,,1555432,7,,,1,12,,1555433,7,,,1,8,,1555434,7,,,1,50,,1555435,7,,,1,9,,1555436,7,,,1,9,,1555437,7,,,1,9,,1555438,7,,,1,8,,1555439,7,,,1,10,,1555440,7,,,1,53,,1555441,7,,,1,13,,1555442,7,,,1,15,,1555443,7,,,1,15,,1555444,7,,,1,55,,1555445,7,,,1,15,,1555446,7,,,1,15,,1555447,7,,,1,15,,1555448,7,,,1,54,,1555449,7,,,1,14,,1555450,7,,,1,15,,1555451,7,,,1,14,,1555452,7,,,1,15,,1555453,7,,,1,53,,1555454,7,,,1,15,,1555455,7,,,1,15,,1555456,7,,,1,15,,1555457,7,,,1,54,,1555458,7,,,1,14,,1555459,7,,,1,12,,1555460,7,,,1,12,,1555461,7,,,1,53,,1555462,7,,,1,13,,1555463,7,,,1,12,,1555464,7,,,1,12,,1555465,7,,,1,10,,1555466,7,,,1,9,,1555467,7,,,1,52,,1555468,7,,,1,9,,1555469,7,,,1,3,,1555411,7,,,1,6,,1555470,7,,,1,5,,1555412,7,,,1,4,,1555471,7,,,1,8,,1555472,7,,,1,1,,1555410,7,,,1,7,,1555413,7,,,1,2,,1555473,7,,,1,48,,1555414,7,,,1,1,,1555474,7,,,1,9,,1555475,7,,,1,3,,1555416,7,,,1,6,,1555476,7,,,1,8,,1555418,7,,,1,1,,1555477,7,,,1,9,,1555420,7,,,1,10,,1555415,7,,,1,1,,1555479,7,,,1,49,,1555480,7,,,1,2,,1555417,7,,,1,8,,1555481,7,,,1,4,,1555419,7,,,1,6,,1555482,7,,,1,10,,1555483,7,,,1,12,,1555484,7,,,1,10,,1555485,7,,,1,56,,1555486,7,,,1,15,,1555487,7,,,1,15,,1555421,7,,,1,15,,1555489,7,,,1,55,,1555490,7,,,1,15,,1555491,7,,,1,15,,1555492,7,,,1,15,,1555493,7,,,1,55,,1555494,7,,,1,15,,1555495,7,,,1,15,,1555496,7,,,1,15,,1555497,7,,,1,55,,1555498,7,,,1,15,,1555499,7,,,1,15,,1555500,7,,,1,15,,1555501,7,,,1,55,,1555502,7,,,1,15,,1555503,7,,,1,15,,1555504,7,,,1,15,,1555505,7,,,1,55,,1555506,7,,,1,16,,1555507,7,,,1,15,,1555508,7,,,1,15,,1555509,7,,,1,54,,1555510,7,,,1,14,,1555511,7,,,1,15,,1555512,7,,,1,14,,1555513,7,,,1,55,,1555514,7,,,1,15,,1555515,7,,,1,15,,1555516,7,,,1,15,,1555517,7,,,1
80102,'20261001',551,,1555530,7,,,1,52,,1555531,7,,,1,10,,1555532,7,,,1,10,,1555533,7,,,1,11,,1555534,7,,,1,12,,1555535,7,,,1,10,,1555536,7,,,1,51,,1555537,7,,,1,10,,1555538,7,,,1,10,,1555539,7,,,1,9,,1555540,7,,,1,12,,1555541,7,,,1,8,,1555542,7,,,1,50,,1555543,7,,,1,9,,1555544,7,,,1,9,,1555545,7,,,1,9,,1555546,7,,,1,8,,1555547,7,,,1,10,,1555548,7,,,1,53,,1555549,7,,,1,13,,1555550,7,,,1,15,,1555551,7,,,1,15,,1555552,7,,,1,55,,1555553,7,,,1,15,,1555554,7,,,1,15,,1555555,7,,,1,15,,1555556,7,,,1,54,,1555557,7,,,1,14,,1555558,7,,,1,15,,1555559,7,,,1,14,,1555560,7,,,1,15,,1555561,7,,,1,53,,1555562,7,,,1,15,,1555563,7,,,1,15,,1555564,7,,,1,15,,1555565,7,,,1,54,,1555566,7,,,1,14,,1555567,7,,,1,12,,1555568,7,,,1,12,,1555569,7,,,1,53,,1555570,7,,,1,13,,1555571,7,,,1,12,,1555572,7,,,1,12,,1555573,7,,,1,10,,1555574,7,,,1,9,,1555575,7,,,1,52,,1555576,7,,,1,9,,1555577,7,,,1,3,,1555519,7,,,1,6,,1555578,7,,,1,5,,1555520,7,,,1,4,,1555579,7,,,1,8,,1555580,7,,,1,1,,1555518,7,,,1,7,,1555521,7,,,1,2,,1555581,7,,,1,48,,1555522,7,,,1,1,,1555582,7,,,1,9,,1555583,7,,,1,3,,1555524,7,,,1,6,,1555584,7,,,1,8,,1555526,7,,,1,1,,1555585,7,,,1,9,,1555528,7,,,1,10,,1555523,7,,,1,1,,1555587,7,,,1,49,,1555588,7,,,1,2,,1555525,7,,,1,8,,1555589,7,,,1,4,,1555527,7,,,1,6,,1555590,7,,,1,10,,1555591,7,,,1,12,,1555592,7,,,1,10,,1555593,7,,,1,56,,1555594,7,,,1,15,,1555595,7,,,1,15,,1555529,7,,,1,15,,1555597,7,,,1,55,,1555598,7,,,1,15,,1555599,7,,,1,15,,1555600,7,,,1,15,,1555601,7,,,1,55,,1555602,7,,,1,15,,1555603,7,,,1,15,,1555604,7,,,1,15,,1555605,7,,,1,55,,1555606,7,,,1,15,,1555607,7,,,1,15,,1555608,7,,,1,15,,1555609,7,,,1,55,,1555610,7,,,1,15,,1555611,7,,,1,15,,1555612,7,,,1,15,,1555613,7,,,1,55,,1555614,7,,,1,16,,1555615,7,,,1,15,,1555616,7,,,1,15,,1555617,7,,,1,54,,1555618,7,,,1,14,,1555619,7,,,1,15,,1555620,7,,,1,14,,1555621,7,,,1,55,,1555622,7,,,1,15,,1555623,7,,,1,15,,1555624,7,,,1,15,,1555625,7,,,1
80102,'20261002',551,,1479404,7,,,1,52,,1479408,7,,,1,10,,1479316,7,,,1,10,,1479317,7,,,1,11,,1479318,7,,,1,12,,1479319,7,,,1,10,,1479320,7,,,1,51,,1479321,7,,,1,10,,1479322,7,,,1,10,,1479323,7,,,1,9,,1479324,7,,,1,12,,1479325,7,,,1,8,,1479406,7,,,1,50,,1479326,7,,,1,9,,1479327,7,,,1,9,,1479328,7,,,1,9,,1479329,7,,,1,8,,1479330,7,,,1,10,,1479331,7,,,1,53,,1479332,7,,,1,13,,1479333,7,,,1,15,,1479334,7,,,1,15,,1479335,7,,,1,55,,1479336,7,,,1,15,,1479337,7,,,1,15,,1479338,7,,,1,15,,1479339,7,,,1,54,,1479340,7,,,1,14,,1479341,7,,,1,15,,1479342,7,,,1,14,,1479343,7,,,1,15,,1479344,7,,,1,53,,1479345,7,,,1,15,,1479346,7,,,1,15,,1479348,7,,,1,15,,1479349,7,,,1,54,,1479351,7,,,1,14,,1479347,7,,,1,12,,1479352,7,,,1,12,,1479353,7,,,1,53,,1479350,7,,,1,13,,1479354,7,,,1,12,,1479355,7,,,1,12,,1479357,7,,,1,10,,1479411,7,,,1,9,,1479358,7,,,1,52,,1479359,7,,,1,9,,1479356,7,,,1,9,,1479360,7,,,1,9,,1479361,7,,,1,8,,1479363,7,,,1,10,,1479364,7,,,1,49,,1479365,7,,,1,9,,1479362,7,,,1,9,,1479366,7,,,1,9,,1479367,7,,,1,9,,1479368,7,,,1,11,,1479369,7,,,1,49,,1479370,7,,,1,10,,1479371,7,,,1,10,,1479372,7,,,1,10,,1479373,7,,,1,12,,1479409,7,,,1,10,,1479374,7,,,1,56,,1479375,7,,,1,15,,1479376,7,,,1,15,,1479377,7,,,1,15,,1479378,7,,,1,55,,1479380,7,,,1,15,,1479381,7,,,1,15,,1479382,7,,,1,15,,1479379,7,,,1,55,,1479383,7,,,1,15,,1479386,7,,,1,15,,1479387,7,,,1,15,,1479388,7,,,1,55,,1479385,7,,,1,15,,1479389,7,,,1,15,,1479384,7,,,1,15,,1479390,7,,,1,55,,1479391,7,,,1,15,,1479392,7,,,1,15,,1479393,7,,,1,15,,1479394,7,,,1,55,,1479395,7,,,1,16,,1479396,7,,,1,15,,1479397,7,,,1,15,,1479398,7,,,1,54,,1479399,7,,,1,14,,1479400,7,,,1,15,,1479401,7,,,1,14,,1479402,7,,,1,55,,1479403,7,,,1,15,,1479405,7,,,1,15,,1479407,7,,,1,15,,1479410,7,,,1
80102,'20261003',608,,1502146,7,,,1,17,,1502147,7,,,1,15,,1502148,7,,,1,17,,1502149,7,,,1,55,,1502150,7,,,1,15,,1502151,7,,,1,15,,1502152,7,,,1,15,,1502153,7,,,1,55,,1502154,7,,,1,15,,1502155,7,,,1,15,,1502156,7,,,1,14,,1502157,7,,,1,56,,1502158,7,,,1,15,,1502159,7,,,1,14,,1502160,7,,,1,14,,1502161,7,,,1,56,,1502162,7,,,1,15,,1502163,7,,,1,16,,1502164,7,,,1,15,,1502165,7,,,1,55,,1502166,7,,,1,16,,1502167,7,,,1,16,,1502168,7,,,1,56,,1502169,7,,,1,14,,1502170,7,,,1,15,,1502171,7,,,1,15,,1502172,7,,,1,15,,1502173,7,,,1,55,,1502174,7,,,1,15,,1502175,7,,,1,15,,1502176,7,,,1,15,,1502177,7,,,1,55,,1502178,7,,,1,16,,1502179,7,,,1,16,,1502180,7,,,1,54,,1502181,7,,,1,14,,1502218,7,,,1,16,,1502182,7,,,1,16,,1502183,7,,,1,55,,1502184,7,,,1,15,,1502219,7,,,1,15,,1502186,7,,,1,15,,1502187,7,,,1,55,,1502189,7,,,1,15,,1502220,7,,,1,15,,1502185,7,,,1,15,,1502190,7,,,1,56,,1502191,7,,,1,14,,1502188,7,,,1,15,,1502192,7,,,1,16,,1502193,7,,,1,55,,1502194,7,,,1,15,,1502195,7,,,1,15,,1502196,7,,,1,15,,1502197,7,,,1,55,,1502198,7,,,1,15,,1502199,7,,,1,15,,1502200,7,,,1,15,,1502201,7,,,1,55,,1502202,7,,,1,15,,1502203,7,,,1,15,,1502204,7,,,1,15,,1502205,7,,,1,55,,1502206,7,,,1,15,,1502207,7,,,1,15,,1502208,7,,,1,15,,1502209,7,,,1,55,,1502211,7,,,1,15,,1502212,7,,,1,15,,1502213,7,,,1,15,,1502210,7,,,1,55,,1502214,7,,,1,15,,1502215,7,,,1,16,,1502216,7,,,1,15,,1502217,7,,,1,56,,1502221,7,,,1,16,,1502222,7,,,1,18,,1502223,7,,,1
80102,'20261004',608,,1502259,7,,,1,17,,1502253,7,,,1,15,,1502257,7,,,1,17,,1502258,7,,,1,55,,1502272,7,,,1,15,,1502256,7,,,1,15,,1502296,7,,,1,15,,1502298,7,,,1,55,,1502299,7,,,1,15,,1502300,7,,,1,15,,1502297,7,,,1,14,,1502254,7,,,1,56,,1502255,7,,,1,15,,1502250,7,,,1,14,,1502251,7,,,1,14,,1502252,7,,,1,56,,1502242,7,,,1,15,,1502241,7,,,1,16,,1502240,7,,,1,15,,1502243,7,,,1,55,,1502244,7,,,1,16,,1502229,7,,,1,16,,1502228,7,,,1,56,,1502227,7,,,1,14,,1502225,7,,,1,15,,1502226,7,,,1,15,,1502238,7,,,1,15,,1502239,7,,,1,55,,1502235,7,,,1,15,,1502237,7,,,1,15,,1502236,7,,,1,15,,1502294,7,,,1,55,,1502291,7,,,1,16,,1502292,7,,,1,16,,1502293,7,,,1,54,,1502295,7,,,1,14,,1502245,7,,,1,16,,1502278,7,,,1,16,,1502271,7,,,1,55,,1502276,7,,,1,15,,1502246,7,,,1,15,,1502280,7,,,1,15,,1502279,7,,,1,55,,1502268,7,,,1,15,,1502247,7,,,1,15,,1502269,7,,,1,15,,1502275,7,,,1,56,,1502270,7,,,1,14,,1502277,7,,,1,15,,1502265,7,,,1,16,,1502273,7,,,1,55,,1502261,7,,,1,15,,1502274,7,,,1,15,,1502266,7,,,1,15,,1502263,7,,,1,55,,1502262,7,,,1,15,,1502264,7,,,1,15,,1502260,7,,,1,15,,1502267,7,,,1,55,,1502290,7,,,1,15,,1502283,7,,,1,15,,1502285,7,,,1,15,,1502289,7,,,1,55,,1502287,7,,,1,15,,1502281,7,,,1,15,,1502288,7,,,1,15,,1502282,7,,,1,55,,1502286,7,,,1,15,,1502231,7,,,1,15,,1502230,7,,,1,15,,1502284,7,,,1,55,,1502232,7,,,1,15,,1502233,7,,,1,16,,1502234,7,,,1,15,,1502224,7,,,1,56,,1502249,7,,,1,16,,1502248,7,,,1,18,,1502301,7,,,1
80102,'20261005',551,,1502390,7,,,1,52,,1502394,7,,,1,10,,1502302,7,,,1,10,,1502303,7,,,1,11,,1502304,7,,,1,12,,1502305,7,,,1,10,,1502306,7,,,1,51,,1502307,7,,,1,10,,1502308,7,,,1,10,,1502309,7,,,1,9,,1502310,7,,,1,12,,1502311,7,,,1,8,,1502392,7,,,1,50,,1502312,7,,,1,9,,1502313,7,,,1,9,,1502314,7,,,1,9,,1502315,7,,,1,8,,1502316,7,,,1,10,,1502317,7,,,1,53,,1502318,7,,,1,13,,1502319,7,,,1,15,,1502320,7,,,1,15,,1502321,7,,,1,55,,1502322,7,,,1,15,,1502323,7,,,1,15,,1502324,7,,,1,15,,1502325,7,,,1,54,,1502326,7,,,1,14,,1502327,7,,,1,15,,1502328,7,,,1,14,,1502329,7,,,1,15,,1502330,7,,,1,53,,1502331,7,,,1,15,,1502332,7,,,1,15,,1502334,7,,,1,15,,1502335,7,,,1,54,,1502337,7,,,1,14,,1502333,7,,,1,12,,1502338,7,,,1,12,,1502339,7,,,1,53,,1502336,7,,,1,13,,1502340,7,,,1,12,,1502341,7,,,1,12,,1502343,7,,,1,10,,1502397,7,,,1,9,,1502344,7,,,1,52,,1502345,7,,,1,9,,1502342,7,,,1,9,,1502346,7,,,1,9,,1502347,7,,,1,8,,1502349,7,,,1,10,,1502350,7,,,1,49,,1502351,7,,,1,9,,1502348,7,,,1,9,,1502352,7,,,1,9,,1502353,7,,,1,9,,1502354,7,,,1,11,,1502355,7,,,1,49,,1502356,7,,,1,10,,1502357,7,,,1,10,,1502358,7,,,1,10,,1502359,7,,,1,12,,1502395,7,,,1,10,,1502360,7,,,1,56,,1502361,7,,,1,15,,1502362,7,,,1,15,,1502363,7,,,1,15,,1502364,7,,,1,55,,1502366,7,,,1,15,,1502367,7,,,1,15,,1502368,7,,,1,15,,1502365,7,,,1,55,,1502369,7,,,1,15,,1502372,7,,,1,15,,1502373,7,,,1,15,,1502374,7,,,1,55,,1502371,7,,,1,15,,1502375,7,,,1,15,,1502370,7,,,1,15,,1502376,7,,,1,55,,1502377,7,,,1,15,,1502378,7,,,1,15,,1502379,7,,,1,15,,1502380,7,,,1,55,,1502381,7,,,1,16,,1502382,7,,,1,15,,1502383,7,,,1,15,,1502384,7,,,1,54,,1502385,7,,,1,14,,1502386,7,,,1,15,,1502387,7,,,1,14,,1502388,7,,,1,55,,1502389,7,,,1,15,,1502391,7,,,1,15,,1502393,7,,,1,15,,1502396,7,,,1
80102,'20261006',551,,1531560,7,,,1,52,,1531564,7,,,1,10,,1531472,7,,,1,10,,1531473,7,,,1,11,,1531474,7,,,1,12,,1531475,7,,,1,10,,1531476,7,,,1,51,,1531477,7,,,1,10,,1531478,7,,,1,10,,1531479,7,,,1,9,,1531480,7,,,1,12,,1531481,7,,,1,8,,1531562,7,,,1,50,,1531482,7,,,1,9,,1531483,7,,,1,9,,1531484,7,,,1,9,,1531485,7,,,1,8,,1531486,7,,,1,10,,1531487,7,,,1,53,,1531488,7,,,1,13,,1531489,7,,,1,15,,1531490,7,,,1,15,,1531491,7,,,1,55,,1531492,7,,,1,15,,1531493,7,,,1,15,,1531494,7,,,1,15,,1531495,7,,,1,54,,1531496,7,,,1,14,,1531497,7,,,1,15,,1531498,7,,,1,14,,1531499,7,,,1,15,,1531500,7,,,1,53,,1531501,7,,,1,15,,1531502,7,,,1,15,,1531504,7,,,1,15,,1531505,7,,,1,54,,1531507,7,,,1,14,,1531503,7,,,1,12,,1531508,7,,,1,12,,1531509,7,,,1,53,,1531506,7,,,1,13,,1531510,7,,,1,12,,1531511,7,,,1,12,,1531513,7,,,1,10,,1531567,7,,,1,9,,1531514,7,,,1,52,,1531515,7,,,1,9,,1531512,7,,,1,9,,1531516,7,,,1,9,,1531517,7,,,1,8,,1531519,7,,,1,10,,1531520,7,,,1,49,,1531521,7,,,1,9,,1531518,7,,,1,9,,1531522,7,,,1,9,,1531523,7,,,1,9,,1531524,7,,,1,11,,1531525,7,,,1,49,,1531526,7,,,1,10,,1531527,7,,,1,10,,1531528,7,,,1,10,,1531529,7,,,1,12,,1531565,7,,,1,10,,1531530,7,,,1,56,,1531531,7,,,1,15,,1531532,7,,,1,15,,1531533,7,,,1,15,,1531534,7,,,1,55,,1531536,7,,,1,15,,1531537,7,,,1,15,,1531538,7,,,1,15,,1531535,7,,,1,55,,1531539,7,,,1,15,,1531542,7,,,1,15,,1531543,7,,,1,15,,1531544,7,,,1,55,,1531541,7,,,1,15,,1531545,7,,,1,15,,1531540,7,,,1,15,,1531546,7,,,1,55,,1531547,7,,,1,15,,1531548,7,,,1,15,,1531549,7,,,1,15,,1531550,7,,,1,55,,1531551,7,,,1,16,,1531552,7,,,1,15,,1531553,7,,,1,15,,1531554,7,,,1,54,,1531555,7,,,1,14,,1531556,7,,,1,15,,1531557,7,,,1,14,,1531558,7,,,1,55,,1531559,7,,,1,15,,1531561,7,,,1,15,,1531563,7,,,1,15,,1531566,7,,,1
80102,'20261007',551,,1531656,7,,,1,52,,1531660,7,,,1,10,,1531568,7,,,1,10,,1531569,7,,,1,11,,1531570,7,,,1,12,,1531571,7,,,1,10,,1531572,7,,,1,51,,1531573,7,,,1,10,,1531574,7,,,1,10,,1531575,7,,,1,9,,1531576,7,,,1,12,,1531577,7,,,1,8,,1531658,7,,,1,50,,1531578,7,,,1,9,,1531579,7,,,1,9,,1531580,7,,,1,9,,1531581,7,,,1,8,,1531582,7,,,1,10,,1531583,7,,,1,53,,1531584,7,,,1,13,,1531585,7,,,1,15,,1531586,7,,,1,15,,1531587,7,,,1,55,,1531588,7,,,1,15,,1531589,7,,,1,15,,1531590,7,,,1,15,,1531591,7,,,1,54,,1531592,7,,,1,14,,1531593,7,,,1,15,,1531594,7,,,1,14,,1531595,7,,,1,15,,1531596,7,,,1,53,,1531597,7,,,1,15,,1531598,7,,,1,15,,1531600,7,,,1,15,,1531601,7,,,1,54,,1531603,7,,,1,14,,1531599,7,,,1,12,,1531604,7,,,1,12,,1531605,7,,,1,53,,1531602,7,,,1,13,,1531606,7,,,1,12,,1531607,7,,,1,12,,1531609,7,,,1,10,,1531663,7,,,1,9,,1531610,7,,,1,52,,1531611,7,,,1,9,,1531608,7,,,1,9,,1531612,7,,,1,9,,1531613,7,,,1,8,,1531615,7,,,1,10,,1531616,7,,,1,49,,1531617,7,,,1,9,,1531614,7,,,1,9,,1531618,7,,,1,9,,1531619,7,,,1,9,,1531620,7,,,1,11,,1531621,7,,,1,49,,1531622,7,,,1,10,,1531623,7,,,1,10,,1531624,7,,,1,10,,1531625,7,,,1,12,,1531661,7,,,1,10,,1531626,7,,,1,56,,1531627,7,,,1,15,,1531628,7,,,1,15,,1531629,7,,,1,15,,1531630,7,,,1,55,,1531632,7,,,1,15,,1531633,7,,,1,15,,1531634,7,,,1,15,,1531631,7,,,1,55,,1531635,7,,,1,15,,1531638,7,,,1,15,,1531639,7,,,1,15,,1531640,7,,,1,55,,1531637,7,,,1,15,,1531641,7,,,1,15,,1531636,7,,,1,15,,1531642,7,,,1,55,,1531643,7,,,1,15,,1531644,7,,,1,15,,1531645,7,,,1,15,,1531646,7,,,1,55,,1531647,7,,,1,16,,1531648,7,,,1,15,,1531649,7,,,1,15,,1531650,7,,,1,54,,1531651,7,,,1,14,,1531652,7,,,1,15,,1531653,7,,,1,14,,1531654,7,,,1,55,,1531655,7,,,1,15,,1531657,7,,,1,15,,1531659,7,,,1,15,,1531662,7,,,1
80102,'20261008',551,,1531752,7,,,1,52,,1531756,7,,,1,10,,1531664,7,,,1,10,,1531665,7,,,1,11,,1531666,7,,,1,12,,1531667,7,,,1,10,,1531668,7,,,1,51,,1531669,7,,,1,10,,1531670,7,,,1,10,,1531671,7,,,1,9,,1531672,7,,,1,12,,1531673,7,,,1,8,,1531754,7,,,1,50,,1531674,7,,,1,9,,1531675,7,,,1,9,,1531676,7,,,1,9,,1531677,7,,,1,8,,1531678,7,,,1,10,,1531679,7,,,1,53,,1531680,7,,,1,13,,1531681,7,,,1,15,,1531682,7,,,1,15,,1531683,7,,,1,55,,1531684,7,,,1,15,,1531685,7,,,1,15,,1531686,7,,,1,15,,1531687,7,,,1,54,,1531688,7,,,1,14,,1531689,7,,,1,15,,1531690,7,,,1,14,,1531691,7,,,1,15,,1531692,7,,,1,53,,1531693,7,,,1,15,,1531694,7,,,1,15,,1531696,7,,,1,15,,1531697,7,,,1,54,,1531699,7,,,1,14,,1531695,7,,,1,12,,1531700,7,,,1,12,,1531701,7,,,1,53,,1531698,7,,,1,13,,1531702,7,,,1,12,,1531703,7,,,1,12,,1531705,7,,,1,10,,1531759,7,,,1,9,,1531706,7,,,1,52,,1531707,7,,,1,9,,1531704,7,,,1,9,,1531708,7,,,1,9,,1531709,7,,,1,8,,1531711,7,,,1,10,,1531712,7,,,1,49,,1531713,7,,,1,9,,1531710,7,,,1,9,,1531714,7,,,1,9,,1531715,7,,,1,9,,1531716,7,,,1,11,,1531717,7,,,1,49,,1531718,7,,,1,10,,1531719,7,,,1,10,,1531720,7,,,1,10,,1531721,7,,,1,12,,1531757,7,,,1,10,,1531722,7,,,1,56,,1531723,7,,,1,15,,1531724,7,,,1,15,,1531725,7,,,1,15,,1531726,7,,,1,55,,1531728,7,,,1,15,,1531729,7,,,1,15,,1531730,7,,,1,15,,1531727,7,,,1,55,,1531731,7,,,1,15,,1531734,7,,,1,15,,1531735,7,,,1,15,,1531736,7,,,1,55,,1531733,7,,,1,15,,1531737,7,,,1,15,,1531732,7,,,1,15,,1531738,7,,,1,55,,1531739,7,,,1,15,,1531740,7,,,1,15,,1531741,7,,,1,15,,1531742,7,,,1,55,,1531743,7,,,1,16,,1531744,7,,,1,15,,1531745,7,,,1,15,,1531746,7,,,1,54,,1531747,7,,,1,14,,1531748,7,,,1,15,,1531749,7,,,1,14,,1531750,7,,,1,55,,1531751,7,,,1,15,,1531753,7,,,1,15,,1531755,7,,,1,15,,1531758,7,,,1
80102,'20261009',551,,1531848,7,,,1,52,,1531852,7,,,1,10,,1531760,7,,,1,10,,1531761,7,,,1,11,,1531762,7,,,1,12,,1531763,7,,,1,10,,1531764,7,,,1,51,,1531765,7,,,1,10,,1531766,7,,,1,10,,1531767,7,,,1,9,,1531768,7,,,1,12,,1531769,7,,,1,8,,1531850,7,,,1,50,,1531770,7,,,1,9,,1531771,7,,,1,9,,1531772,7,,,1,9,,1531773,7,,,1,8,,1531774,7,,,1,10,,1531775,7,,,1,53,,1531776,7,,,1,13,,1531777,7,,,1,15,,1531778,7,,,1,15,,1531779,7,,,1,55,,1531780,7,,,1,15,,1531781,7,,,1,15,,1531782,7,,,1,15,,1531783,7,,,1,54,,1531784,7,,,1,14,,1531785,7,,,1,15,,1531786,7,,,1,14,,1531787,7,,,1,15,,1531788,7,,,1,53,,1531789,7,,,1,15,,1531790,7,,,1,15,,1531792,7,,,1,15,,1531793,7,,,1,54,,1531795,7,,,1,14,,1531791,7,,,1,12,,1531796,7,,,1,12,,1531797,7,,,1,53,,1531794,7,,,1,13,,1531798,7,,,1,12,,1531799,7,,,1,12,,1531801,7,,,1,10,,1531855,7,,,1,9,,1531802,7,,,1,52,,1531803,7,,,1,9,,1531800,7,,,1,9,,1531804,7,,,1,9,,1531805,7,,,1,8,,1531807,7,,,1,10,,1531808,7,,,1,49,,1531809,7,,,1,9,,1531806,7,,,1,9,,1531810,7,,,1,9,,1531811,7,,,1,9,,1531812,7,,,1,11,,1531813,7,,,1,49,,1531814,7,,,1,10,,1531815,7,,,1,10,,1531816,7,,,1,10,,1531817,7,,,1,12,,1531853,7,,,1,10,,1531818,7,,,1,56,,1531819,7,,,1,15,,1531820,7,,,1,15,,1531821,7,,,1,15,,1531822,7,,,1,55,,1531824,7,,,1,15,,1531825,7,,,1,15,,1531826,7,,,1,15,,1531823,7,,,1,55,,1531827,7,,,1,15,,1531830,7,,,1,15,,1531831,7,,,1,15,,1531832,7,,,1,55,,1531829,7,,,1,15,,1531833,7,,,1,15,,1531828,7,,,1,15,,1531834,7,,,1,55,,1531835,7,,,1,15,,1531836,7,,,1,15,,1531837,7,,,1,15,,1531838,7,,,1,55,,1531839,7,,,1,16,,1531840,7,,,1,15,,1531841,7,,,1,15,,1531842,7,,,1,54,,1531843,7,,,1,14,,1531844,7,,,1,15,,1531845,7,,,1,14,,1531846,7,,,1,55,,1531847,7,,,1,15,,1531849,7,,,1,15,,1531851,7,,,1,15,,1531854,7,,,1
80102,'20261010',608,,1555626,7,,,1,17,,1555627,7,,,1,15,,1555628,7,,,1,17,,1555629,7,,,1,55,,1555630,7,,,1,15,,1555631,7,,,1,15,,1555632,7,,,1,15,,1555633,7,,,1,55,,1555634,7,,,1,15,,1555635,7,,,1,15,,1555636,7,,,1,14,,1555637,7,,,1,56,,1555638,7,,,1,15,,1555639,7,,,1,14,,1555640,7,,,1,14,,1555641,7,,,1,56,,1555642,7,,,1,15,,1555643,7,,,1,16,,1555644,7,,,1,15,,1555645,7,,,1,55,,1555646,7,,,1,16,,1555647,7,,,1,16,,1555648,7,,,1,56,,1555649,7,,,1,14,,1555650,7,,,1,15,,1555651,7,,,1,15,,1555652,7,,,1,15,,1555653,7,,,1,55,,1555654,7,,,1,15,,1555655,7,,,1,15,,1555656,7,,,1,15,,1555657,7,,,1,55,,1555658,7,,,1,16,,1555659,7,,,1,16,,1555660,7,,,1,54,,1555661,7,,,1,14,,1555698,7,,,1,16,,1555662,7,,,1,16,,1555663,7,,,1,55,,1555664,7,,,1,15,,1555699,7,,,1,15,,1555666,7,,,1,15,,1555667,7,,,1,55,,1555669,7,,,1,15,,1555700,7,,,1,15,,1555665,7,,,1,15,,1555670,7,,,1,56,,1555671,7,,,1,14,,1555668,7,,,1,15,,1555672,7,,,1,16,,1555673,7,,,1,55,,1555674,7,,,1,15,,1555675,7,,,1,15,,1555676,7,,,1,15,,1555677,7,,,1,55,,1555678,7,,,1,15,,1555679,7,,,1,15,,1555680,7,,,1,15,,1555681,7,,,1,55,,1555682,7,,,1,15,,1555683,7,,,1,15,,1555684,7,,,1,15,,1555685,7,,,1,55,,1555686,7,,,1,15,,1555687,7,,,1,15,,1555688,7,,,1,15,,1555689,7,,,1,55,,1555691,7,,,1,15,,1555692,7,,,1,15,,1555693,7,,,1,15,,1555690,7,,,1,55,,1555694,7,,,1,15,,1555695,7,,,1,16,,1555696,7,,,1,15,,1555697,7,,,1,56,,1555701,7,,,1,16,,1555702,7,,,1,18,,1555703,7,,,1
80102,'20261011',608,,1555739,7,,,1,17,,1555733,7,,,1,15,,1555737,7,,,1,17,,1555738,7,,,1,55,,1555752,7,,,1,15,,1555736,7,,,1,15,,1555776,7,,,1,15,,1555778,7,,,1,55,,1555779,7,,,1,15,,1555780,7,,,1,15,,1555777,7,,,1,14,,1555734,7,,,1,56,,1555735,7,,,1,15,,1555730,7,,,1,14,,1555731,7,,,1,14,,1555732,7,,,1,56,,1555722,7,,,1,15,,1555721,7,,,1,16,,1555720,7,,,1,15,,1555723,7,,,1,55,,1555724,7,,,1,16,,1555709,7,,,1,16,,1555708,7,,,1,56,,1555707,7,,,1,14,,1555705,7,,,1,15,,1555706,7,,,1,15,,1555718,7,,,1,15,,1555719,7,,,1,55,,1555715,7,,,1,15,,1555717,7,,,1,15,,1555716,7,,,1,15,,1555774,7,,,1,55,,1555771,7,,,1,16,,1555772,7,,,1,16,,1555773,7,,,1,54,,1555775,7,,,1,14,,1555725,7,,,1,16,,1555758,7,,,1,16,,1555751,7,,,1,55,,1555756,7,,,1,15,,1555726,7,,,1,15,,1555760,7,,,1,15,,1555759,7,,,1,55,,1555748,7,,,1,15,,1555727,7,,,1,15,,1555749,7,,,1,15,,1555755,7,,,1,56,,1555750,7,,,1,14,,1555757,7,,,1,15,,1555745,7,,,1,16,,1555753,7,,,1,55,,1555741,7,,,1,15,,1555754,7,,,1,15,,1555746,7,,,1,15,,1555743,7,,,1,55,,1555742,7,,,1,15,,1555744,7,,,1,15,,1555740,7,,,1,15,,1555747,7,,,1,55,,1555770,7,,,1,15,,1555763,7,,,1,15,,1555765,7,,,1,15,,1555769,7,,,1,55,,1555767,7,,,1,15,,1555761,7,,,1,15,,1555768,7,,,1,15,,1555762,7,,,1,55,,1555766,7,,,1,15,,1555711,7,,,1,15,,1555710,7,,,1,15,,1555764,7,,,1,55,,1555712,7,,,1,15,,1555713,7,,,1,16,,1555714,7,,,1,15,,1555704,7,,,1,56,,1555729,7,,,1,16,,1555728,7,,,1,18,,1555781,7,,,1
80102,'20261012',608,,1555817,7,,,1,17,,1555811,7,,,1,15,,1555815,7,,,1,17,,1555816,7,,,1,55,,1555830,7,,,1,15,,1555814,7,,,1,15,,1555854,7,,,1,15,,1555856,7,,,1,55,,1555857,7,,,1,15,,1555858,7,,,1,15,,1555855,7,,,1,14,,1555812,7,,,1,56,,1555813,7,,,1,15,,1555808,7,,,1,14,,1555809,7,,,1,14,,1555810,7,,,1,56,,1555800,7,,,1,15,,1555799,7,,,1,16,,1555798,7,,,1,15,,1555801,7,,,1,55,,1555802,7,,,1,16,,1555787,7,,,1,16,,1555786,7,,,1,56,,1555785,7,,,1,14,,1555783,7,,,1,15,,1555784,7,,,1,15,,1555796,7,,,1,15,,1555797,7,,,1,55,,1555793,7,,,1,15,,1555795,7,,,1,15,,1555794,7,,,1,15,,1555852,7,,,1,55,,1555849,7,,,1,16,,1555850,7,,,1,16,,1555851,7,,,1,54,,1555853,7,,,1,14,,1555803,7,,,1,16,,1555836,7,,,1,16,,1555829,7,,,1,55,,1555834,7,,,1,15,,1555804,7,,,1,15,,1555838,7,,,1,15,,1555837,7,,,1,55,,1555826,7,,,1,15,,1555805,7,,,1,15,,1555827,7,,,1,15,,1555833,7,,,1,56,,1555828,7,,,1,14,,1555835,7,,,1,15,,1555823,7,,,1,16,,1555831,7,,,1,55,,1555819,7,,,1,15,,1555832,7,,,1,15,,1555824,7,,,1,15,,1555821,7,,,1,55,,1555820,7,,,1,15,,1555822,7,,,1,15,,1555818,7,,,1,15,,1555825,7,,,1,55,,1555848,7,,,1,15,,1555841,7,,,1,15,,1555843,7,,,1,15,,1555847,7,,,1,55,,1555845,7,,,1,15,,1555839,7,,,1,15,,1555846,7,,,1,15,,1555840,7,,,1,55,,1555844,7,,,1,15,,1555789,7,,,1,15,,1555788,7,,,1,15,,1555842,7,,,1,55,,1555790,7,,,1,15,,1555791,7,,,1,16,,1555792,7,,,1,15,,1555782,7,,,1,56,,1555807,7,,,1,16,,1555806,7,,,1,18,,1555859,7,,,1
80502,'20260929',545,,1559284,33,,,0,10,,1559285,33,,,0,50,,1559286,33,,,0,9,,1559287,33,,,0,9,,1559288,33,,,0,9,,1559289,33,,,0,11,,1559290,33,,,0,10,,1559291,33,,,0,50,,1559292,33,,,0,9,,1559293,33,,,0,9,,1559294,33,,,0,11,,1559295,33,,,0,8,,1559296,33,,,0,8,,1559297,33,,,0,8,,1559298,33,,,0,48,,1559299,33,,,0,5,,1559283,20,,,0,4,,1559300,33,,,0,8,,1559301,33,,,0,10,,1559302,33,,,0,10,,1559303,33,,,0,10,,1559304,33,,,0,51,,1559305,33,,,0,8,,1559306,33,,,0,9,,1559307,33,,,0,11,,1559308,33,,,0,10,,1559309,33,,,0,9,,1559310,33,,,0,10,,1559311,33,,,0,51,,1559312,33,,,0,10,,1559313,33,,,0,10,,1559314,33,,,0,10,,1559315,33,,,0,10,,1559316,33,,,0,50,,1559317,33,,,0,10,,1559318,33,,,0,10,,1559319,33,,,0,10,,1559320,33,,,0,10,,1559321,33,,,0,10,,1559322,33,,,0,50,,1559323,33,,,0,10,,1559324,33,,,0,10,,1559325,33,,,0,10,,1559326,33,,,0,10,,1559327,33,,,0,10,,1559328,33,,,0,50,,1559329,33,,,0,9,,1559330,33,,,0,10,,1559331,33,,,0,10,,1559332,33,,,0,10,,1559333,33,,,0,10,,1559334,33,,,0,9,,1559335,33,,,0,50,,1559336,33,,,0,9,,1559337,33,,,0,10,,1559338,33,,,0,11,,1559339,33,,,0,11,,1559340,33,,,0,9,,1559341,33,,,0,49,,1559342,33,,,0,6,,1559343,33,,,0,5,,1559344,33,,,0,4,,1559345,33,,,0,6,,1559346,33,,,0,8,,1559347,33,,,0,6,,1559348,33,,,0,8,,1559349,33,,,0,8,,1559350,33,,,0,47,,1559351,33,,,0,7,,1559352,33,,,0,7,,1559353,33,,,0,4,,1559354,33,,,0,6,,1559355,33,,,0,7,,1559356,33,,,0,8,,1559357,33,,,0,7,,1559358,33,,,0,6,,1559359,33,,,0,48,,1559360,33,,,0,8,,1559361,33,,,0,4,,1559362,33,,,0,10,,1559363,33,,,0,9,,1559364,33,,,0,8,,1559365,33,,,0,8,,1559366,33,,,0,6,,1559367,33,,,0,46,,1559368,33,,,0,7,,1559369,33,,,0,6,,1559370,33,,,0,10,,1559371,33,,,0,9,,1559372,33,,,0,11,,1559373,33,,,0,9,,1559374,33,,,0,50,,1559375,33,,,0,9,,1559376,33,,,0,12,,1559377,33,,,0,10,,1559378,33,,,0,10,,1559379,33,,,0,10,,1559380,33,,,0,50,,1559381,33,,,0,10,,1559382,33,,,0,10,,1559383,33,,,0,10,,1559384,33,,,0,10,,1559385,33,,,0,10,,1559386,33,,,0,50,,1559387,33,,,0,10,,1559388,33,,,0,10,,1559389,33,,,0,10,,1559390,33,,,0,10,,1559391,33,,,0,10,,1559392,33,,,0,50,,1559393,33,,,0,10,,1559394,33,,,0,10,,1559395,33,,,0,10,,1559396,33,,,0,10,,1559397,33,,,0,11,,1559398,33,,,0,49,,1559399,33,,,0,11,,1559400,33,,,0,10,,1559401,33,,,0,10,,1559402,33,,,0,10,,1559403,33,,,0,10,,1559404,33,,,0,50,,1559405,33,,,0,10,,1559406,33,,,0,10,,1559407,33,,,0,10,,1559408,33,,,0,10,,1559409,33,,,0,10,,1559410,33,,,0,50,,1559411,33,,,0,10,,1559412,33,,,0,10,,1559413,33,,,0,10,,1559414,33,,,0,9,,1559415,33,,,0
80502,'20260930',545,,1559417,33,,,0,10,,1559418,33,,,0,50,,1559419,33,,,0,9,,1559420,33,,,0,9,,1559421,33,,,0,9,,1559422,33,,,0,11,,1559423,33,,,0,10,,1559424,33,,,0,50,,1559425,33,,,0,9,,1559426,33,,,0,9,,1559427,33,,,0,11,,1559428,33,,,0,8,,1559429,33,,,0,8,,1559430,33,,,0,8,,1559431,33,,,0,48,,1559432,33,,,0,5,,1559416,20,,,0,4,,1559433,33,,,0,8,,1559434,33,,,0,10,,1559435,33,,,0,10,,1559436,33,,,0,10,,1559437,33,,,0,51,,1559438,33,,,0,8,,1559439,33,,,0,9,,1559440,33,,,0,11,,1559441,33,,,0,10,,1559442,33,,,0,9,,1559443,33,,,0,10,,1559444,33,,,0,51,,1559445,33,,,0,10,,1559446,33,,,0,10,,1559447,33,,,0,10,,1559448,33,,,0,10,,1559449,33,,,0,50,,1559450,33,,,0,10,,1559451,33,,,0,10,,1559452,33,,,0,10,,1559453,33,,,0,10,,1559454,33,,,0,10,,1559455,33,,,0,50,,1559456,33,,,0,10,,1559457,33,,,0,10,,1559458,33,,,0,10,,1559459,33,,,0,10,,1559460,33,,,0,10,,1559461,33,,,0,50,,1559462,33,,,0,9,,1559463,33,,,0,10,,1559464,33,,,0,10,,1559465,33,,,0,10,,1559466,33,,,0,10,,1559467,33,,,0,9,,1559468,33,,,0,50,,1559469,33,,,0,9,,1559470,33,,,0,10,,1559471,33,,,0,11,,1559472,33,,,0,11,,1559473,33,,,0,9,,1559474,33,,,0,49,,1559475,33,,,0,6,,1559476,33,,,0,5,,1559477,33,,,0,4,,1559478,33,,,0,6,,1559479,33,,,0,8,,1559480,33,,,0,6,,1559481,33,,,0,8,,1559482,33,,,0,8,,1559483,33,,,0,47,,1559484,33,,,0,7,,1559485,33,,,0,7,,1559486,33,,,0,4,,1559487,33,,,0,6,,1559488,33,,,0,7,,1559489,33,,,0,8,,1559490,33,,,0,7,,1559491,33,,,0,6,,1559492,33,,,0,48,,1559493,33,,,0,8,,1559494,33,,,0,4,,1559495,33,,,0,10,,1559496,33,,,0,9,,1559497,33,,,0,8,,1559498,33,,,0,8,,1559499,33,,,0,6,,1559500,33,,,0,46,,1559501,33,,,0,7,,1559502,33,,,0,6,,1559503,33,,,0,10,,1559504,33,,,0,9,,1559505,33,,,0,11,,1559506,33,,,0,9,,1559507,33,,,0,50,,1559508,33,,,0,9,,1559509,33,,,0,12,,1559510,33,,,0,10,,1559511,33,,,0,10,,1559512,33,,,0,10,,1559513,33,,,0,50,,1559514,33,,,0,10,,1559515,33,,,0,10,,1559516,33,,,0,10,,1559517,33,,,0,10,,1559518,33,,,0,10,,1559519,33,,,0,50,,1559520,33,,,0,10,,1559521,33,,,0,10,,1559522,33,,,0,10,,1559523,33,,,0,10,,1559524,33,,,0,10,,1559525,33,,,0,50,,1559526,33,,,0,10,,1559527,33,,,0,10,,1559528,33,,,0,10,,1559529,33,,,0,10,,1559530,33,,,0,11,,1559531,33,,,0,49,,1559532,33,,,0,11,,1559533,33,,,0,10,,1559534,33,,,0,10,,1559535,33,,,0,10,,1559536,33,,,0,10,,1559537,33,,,0,50,,1559538,33,,,0,10,,1559539,33,,,0,10,,1559540,33,,,0,10,,1559541,33,,,0,10,,1559542,33,,,0,10,,1559543,33,,,0,50,,1559544,33,,,0,10,,1559545,33,,,0,10,,1559546,33,,,0,10,,1559547,33,,,0,9,,1559548,33,,,0
80502,'20261001',545,,1559550,33,,,0,10,,1559551,33,,,0,50,,1559552,33,,,0,9,,1559553,33,,,0,9,,1559554,33,,,0,9,,1559555,33,,,0,11,,1559556,33,,,0,10,,1559557,33,,,0,50,,1559558,33,,,0,9,,1559559,33,,,0,9,,1559560,33,,,0,11,,1559561,33,,,0,8,,1559562,33,,,0,8,,1559563,33,,,0,8,,1559564,33,,,0,48,,1559565,33,,,0,5,,1559549,20,,,0,4,,1559566,33,,,0,8,,1559567,33,,,0,10,,1559568,33,,,0,10,,1559569,33,,,0,10,,1559570,33,,,0,51,,1559571,33,,,0,8,,1559572,33,,,0,9,,1559573,33,,,0,11,,1559574,33,,,0,10,,1559575,33,,,0,9,,1559576,33,,,0,10,,1559577,33,,,0,51,,1559578,33,,,0,10,,1559579,33,,,0,10,,1559580,33,,,0,10,,1559581,33,,,0,10,,1559582,33,,,0,50,,1559583,33,,,0,10,,1559584,33,,,0,10,,1559585,33,,,0,10,,1559586,33,,,0,10,,1559587,33,,,0,10,,1559588,33,,,0,50,,1559589,33,,,0,10,,1559590,33,,,0,10,,1559591,33,,,0,10,,1559592,33,,,0,10,,1559593,33,,,0,10,,1559594,33,,,0,50,,1559595,33,,,0,9,,1559596,33,,,0,10,,1559597,33,,,0,10,,1559598,33,,,0,10,,1559599,33,,,0,10,,1559600,33,,,0,9,,1559601,33,,,0,50,,1559602,33,,,0,9,,1559603,33,,,0,10,,1559604,33,,,0,11,,1559605,33,,,0,11,,1559606,33,,,0,9,,1559607,33,,,0,49,,1559608,33,,,0,6,,1559609,33,,,0,5,,1559610,33,,,0,4,,1559611,33,,,0,6,,1559612,33,,,0,8,,1559613,33,,,0,6,,1559614,33,,,0,8,,1559615,33,,,0,8,,1559616,33,,,0,47,,1559617,33,,,0,7,,1559618,33,,,0,7,,1559619,33,,,0,4,,1559620,33,,,0,6,,1559621,33,,,0,7,,1559622,33,,,0,8,,1559623,33,,,0,7,,1559624,33,,,0,6,,1559625,33,,,0,48,,1559626,33,,,0,8,,1559627,33,,,0,4,,1559628,33,,,0,10,,1559629,33,,,0,9,,1559630,33,,,0,8,,1559631,33,,,0,8,,1559632,33,,,0,6,,1559633,33,,,0,46,,1559634,33,,,0,7,,1559635,33,,,0,6,,1559636,33,,,0,10,,1559637,33,,,0,9,,1559638,33,,,0,11,,1559639,33,,,0,9,,1559640,33,,,0,50,,1559641,33,,,0,9,,1559642,33,,,0,12,,1559643,33,,,0,10,,1559644,33,,,0,10,,1559645,33,,,0,10,,1559646,33,,,0,50,,1559647,33,,,0,10,,1559648,33,,,0,10,,1559649,33,,,0,10,,1559650,33,,,0,10,,1559651,33,,,0,10,,1559652,33,,,0,50,,1559653,33,,,0,10,,1559654,33,,,0,10,,1559655,33,,,0,10,,1559656,33,,,0,10,,1559657,33,,,0,10,,1559658,33,,,0,50,,1559659,33,,,0,10,,1559660,33,,,0,10,,1559661,33,,,0,10,,1559662,33,,,0,10,,1559663,33,,,0,11,,1559664,33,,,0,49,,1559665,33,,,0,11,,1559666,33,,,0,10,,1559667,33,,,0,10,,1559668,33,,,0,10,,1559669,33,,,0,10,,1559670,33,,,0,50,,1559671,33,,,0,10,,1559672,33,,,0,10,,1559673,33,,,0,10,,1559674,33,,,0,10,,1559675,33,,,0,10,,1559676,33,,,0,50,,1559677,33,,,0,10,,1559678,33,,,0,10,,1559679,33,,,0,10,,1559680,33,,,0,9,,1559681,33,,,0
80502,'20261002',545,,1483702,33,,,0,10,,1483574,33,,,0,50,,1483575,33,,,0,9,,1483577,33,,,0,9,,1483578,33,,,0,9,,1483579,33,,,0,11,,1483705,33,,,0,10,,1483580,33,,,0,50,,1483581,33,,,0,9,,1483582,33,,,0,9,,1483576,33,,,0,11,,1483703,33,,,0,8,,1483704,33,,,0,8,,1483583,33,,,0,8,,1483584,33,,,0,48,,1483585,33,,,0,9,,1483587,33,,,0,8,,1483588,33,,,0,10,,1483589,33,,,0,10,,1483586,33,,,0,10,,1483590,33,,,0,51,,1483591,33,,,0,8,,1483592,33,,,0,9,,1483593,33,,,0,11,,1483681,33,,,0,10,,1483594,33,,,0,9,,1483595,33,,,0,10,,1483682,33,,,0,51,,1483596,33,,,0,10,,1483597,33,,,0,10,,1483683,33,,,0,10,,1483598,33,,,0,10,,1483599,33,,,0,50,,1483684,33,,,0,10,,1483600,33,,,0,10,,1483601,33,,,0,10,,1483685,33,,,0,10,,1483602,33,,,0,10,,1483603,33,,,0,50,,1483686,33,,,0,10,,1483605,33,,,0,10,,1483606,33,,,0,10,,1483607,33,,,0,10,,1483608,33,,,0,10,,1483687,33,,,0,50,,1483609,33,,,0,9,,1483610,33,,,0,10,,1483604,33,,,0,10,,1483611,33,,,0,10,,1483612,33,,,0,10,,1483613,33,,,0,9,,1483615,33,,,0,50,,1483614,33,,,0,9,,1483616,33,,,0,10,,1483617,33,,,0,11,,1483618,33,,,0,11,,1483619,33,,,0,9,,1483620,33,,,0,49,,1483621,33,,,0,6,,1483622,33,,,0,5,,1483623,33,,,0,4,,1483624,33,,,0,6,,1483625,33,,,0,8,,1483680,33,,,0,6,,1483626,33,,,0,8,,1483674,33,,,0,8,,1483627,33,,,0,47,,1483630,33,,,0,7,,1483631,33,,,0,7,,1483632,33,,,0,4,,1483633,33,,,0,6,,1483678,33,,,0,7,,1483629,33,,,0,8,,1483628,33,,,0,7,,1483635,33,,,0,6,,1483636,33,,,0,48,,1483637,33,,,0,8,,1483634,33,,,0,4,,1483638,33,,,0,10,,1483639,33,,,0,9,,1483640,33,,,0,8,,1483641,33,,,0,8,,1483642,33,,,0,6,,1483643,33,,,0,46,,1483644,33,,,0,7,,1483645,33,,,0,6,,1483646,33,,,0,10,,1483688,33,,,0,9,,1483647,33,,,0,11,,1483648,33,,,0,9,,1483649,33,,,0,50,,1483689,33,,,0,9,,1483651,33,,,0,12,,1483652,33,,,0,10,,1483690,33,,,0,10,,1483653,33,,,0,10,,1483691,33,,,0,50,,1483650,33,,,0,10,,1483654,33,,,0,10,,1483693,33,,,0,10,,1483655,33,,,0,10,,1483656,33,,,0,10,,1483657,33,,,0,50,,1483658,33,,,0,10,,1483659,33,,,0,10,,1483694,33,,,0,10,,1483660,33,,,0,10,,1483661,33,,,0,10,,1483695,33,,,0,50,,1483662,33,,,0,10,,1483664,33,,,0,10,,1483692,33,,,0,10,,1483665,33,,,0,10,,1483666,33,,,0,11,,1483696,33,,,0,49,,1483663,33,,,0,11,,1483667,33,,,0,10,,1483697,33,,,0,10,,1483668,33,,,0,10,,1483677,33,,,0,10,,1483698,33,,,0,50,,1483669,33,,,0,10,,1483670,33,,,0,10,,1483699,33,,,0,10,,1483675,33,,,0,10,,1483671,33,,,0,10,,1483700,33,,,0,50,,1483672,33,,,0,10,,1483673,33,,,0,10,,1483701,33,,,0,10,,1483676,33,,,0,9,,1483679,33,,,0
80502,'20261003',559,,1506428,33,,,0,50,,1506312,33,,,0,10,,1506405,33,,,0,9,,1506313,33,,,0,10,,1506399,33,,,0,10,,1506406,33,,,0,10,,1506314,33,,,0,50,,1506315,33,,,0,11,,1506407,33,,,0,10,,1506429,33,,,0,9,,1506316,33,,,0,10,,1506400,33,,,0,9,,1506408,33,,,0,50,,1506317,33,,,0,10,,1506318,33,,,0,10,,1506319,33,,,0,9,,1506320,33,,,0,10,,1506401,33,,,0,10,,1506409,33,,,0,50,,1506321,33,,,0,10,,1506322,33,,,0,11,,1506323,33,,,0,10,,1506324,33,,,0,10,,1506325,33,,,0,10,,1506410,33,,,0,50,,1506326,33,,,0,11,,1506327,33,,,0,10,,1506328,33,,,0,10,,1506329,33,,,0,10,,1506330,33,,,0,10,,1506411,33,,,0,50,,1506331,33,,,0,10,,1506332,33,,,0,11,,1506333,33,,,0,10,,1506334,33,,,0,10,,1506335,33,,,0,10,,1506412,33,,,0,50,,1506336,33,,,0,10,,1506337,33,,,0,10,,1506338,33,,,0,10,,1506340,33,,,0,10,,1506341,33,,,0,10,,1506413,33,,,0,50,,1506342,33,,,0,10,,1506339,33,,,0,10,,1506343,33,,,0,10,,1506344,33,,,0,11,,1506345,33,,,0,8,,1506414,33,,,0,50,,1506346,33,,,0,10,,1506347,33,,,0,10,,1506348,33,,,0,9,,1506349,33,,,0,10,,1506350,33,,,0,10,,1506351,33,,,0,50,,1506352,33,,,0,9,,1506353,33,,,0,9,,1506354,33,,,0,10,,1506355,33,,,0,10,,1506356,33,,,0,10,,1506357,33,,,0,50,,1506358,33,,,0,10,,1506359,33,,,0,10,,1506360,33,,,0,10,,1506361,33,,,0,10,,1506362,33,,,0,10,,1506363,33,,,0,50,,1506364,33,,,0,11,,1506404,33,,,0,10,,1506365,33,,,0,10,,1506366,33,,,0,11,,1506367,33,,,0,11,,1506368,33,,,0,49,,1506370,33,,,0,9,,1506371,33,,,0,10,,1506372,33,,,0,10,,1506403,33,,,0,10,,1506373,33,,,0,10,,1506374,33,,,0,50,,1506375,33,,,0,10,,1506415,33,,,0,10,,1506369,33,,,0,10,,1506376,33,,,0,10,,1506416,33,,,0,10,,1506377,33,,,0,50,,1506378,33,,,0,11,,1506417,33,,,0,10,,1506379,33,,,0,10,,1506380,33,,,0,11,,1506418,33,,,0,10,,1506381,33,,,0,50,,1506382,33,,,0,10,,1506419,33,,,0,10,,1506383,33,,,0,10,,1506384,33,,,0,10,,1506420,33,,,0,11,,1506385,33,,,0,50,,1506402,33,,,0,10,,1506421,33,,,0,9,,1506386,33,,,0,10,,1506387,33,,,0,10,,1506422,33,,,0,10,,1506388,33,,,0,50,,1506389,33,,,0,10,,1506423,33,,,0,10,,1506390,33,,,0,10,,1506391,33,,,0,10,,1506424,33,,,0,10,,1506392,33,,,0,50,,1506393,33,,,0,10,,1506425,33,,,0,10,,1506394,33,,,0,10,,1506395,33,,,0,11,,1506426,33,,,0,51,,1506398,33,,,0,10,,1506396,33,,,0,10,,1506427,33,,,0,10,,1506397,33,,,0
80502,'20261004',559,,1506547,33,,,0,50,,1506515,33,,,0,10,,1506523,33,,,0,9,,1506514,33,,,0,10,,1506516,33,,,0,10,,1506524,33,,,0,10,,1506513,33,,,0,50,,1506512,33,,,0,11,,1506525,33,,,0,10,,1506510,33,,,0,9,,1506509,33,,,0,10,,1506511,33,,,0,9,,1506526,33,,,0,50,,1506507,33,,,0,10,,1506495,33,,,0,10,,1506494,33,,,0,9,,1506499,33,,,0,10,,1506498,33,,,0,10,,1506527,33,,,0,50,,1506487,33,,,0,10,,1506490,33,,,0,11,,1506488,33,,,0,10,,1506502,33,,,0,10,,1506501,33,,,0,10,,1506528,33,,,0,50,,1506503,33,,,0,11,,1506486,33,,,0,10,,1506492,33,,,0,10,,1506508,33,,,0,10,,1506497,33,,,0,10,,1506529,33,,,0,50,,1506489,33,,,0,10,,1506493,33,,,0,11,,1506491,33,,,0,10,,1506505,33,,,0,10,,1506500,33,,,0,10,,1506530,33,,,0,50,,1506504,33,,,0,10,,1506506,33,,,0,10,,1506496,33,,,0,10,,1506479,33,,,0,10,,1506476,33,,,0,10,,1506531,33,,,0,50,,1506470,33,,,0,10,,1506478,33,,,0,10,,1506482,33,,,0,10,,1506475,33,,,0,11,,1506473,33,,,0,8,,1506532,33,,,0,50,,1506481,33,,,0,10,,1506471,33,,,0,10,,1506477,33,,,0,9,,1506474,33,,,0,10,,1506484,33,,,0,10,,1506485,33,,,0,50,,1506469,33,,,0,9,,1506472,33,,,0,9,,1506468,33,,,0,10,,1506480,33,,,0,10,,1506483,33,,,0,10,,1506461,33,,,0,50,,1506456,33,,,0,10,,1506460,33,,,0,10,,1506465,33,,,0,10,,1506455,33,,,0,10,,1506458,33,,,0,10,,1506454,33,,,0,50,,1506453,33,,,0,11,,1506452,33,,,0,10,,1506521,33,,,0,10,,1506464,33,,,0,11,,1506467,33,,,0,11,,1506466,33,,,0,49,,1506463,33,,,0,9,,1506457,33,,,0,10,,1506462,33,,,0,10,,1506459,33,,,0,10,,1506450,33,,,0,10,,1506517,33,,,0,50,,1506444,33,,,0,10,,1506533,33,,,0,10,,1506442,33,,,0,10,,1506451,33,,,0,10,,1506534,33,,,0,10,,1506441,33,,,0,50,,1506535,33,,,0,11,,1506448,33,,,0,10,,1506449,33,,,0,10,,1506536,33,,,0,11,,1506446,33,,,0,10,,1506443,33,,,0,50,,1506537,33,,,0,10,,1506445,33,,,0,10,,1506447,33,,,0,10,,1506538,33,,,0,10,,1506440,33,,,0,11,,1506439,33,,,0,50,,1506539,33,,,0,10,,1506436,33,,,0,9,,1506434,33,,,0,10,,1506540,33,,,0,10,,1506431,33,,,0,10,,1506520,33,,,0,50,,1506541,33,,,0,10,,1506432,33,,,0,10,,1506430,33,,,0,10,,1506543,33,,,0,10,,1506438,33,,,0,10,,1506433,33,,,0,50,,1506544,33,,,0,10,,1506435,33,,,0,10,,1506437,33,,,0,10,,1506545,33,,,0,11,,1506519,33,,,0,51,,1506518,33,,,0,10,,1506542,33,,,0,10,,1506522,33,,,0,10,,1506546,33,,,0
80502,'20261005',545,,1506676,33,,,0,10,,1506548,33,,,0,50,,1506549,33,,,0,9,,1506551,33,,,0,9,,1506552,33,,,0,9,,1506553,33,,,0,11,,1506679,33,,,0,10,,1506554,33,,,0,50,,1506555,33,,,0,9,,1506556,33,,,0,9,,1506550,33,,,0,11,,1506677,33,,,0,8,,1506678,33,,,0,8,,1506557,33,,,0,8,,1506558,33,,,0,48,,1506559,33,,,0,9,,1506561,33,,,0,8,,1506562,33,,,0,10,,1506563,33,,,0,10,,1506560,33,,,0,10,,1506564,33,,,0,51,,1506565,33,,,0,8,,1506566,33,,,0,9,,1506567,33,,,0,11,,1506655,33,,,0,10,,1506568,33,,,0,9,,1506569,33,,,0,10,,1506656,33,,,0,51,,1506570,33,,,0,10,,1506571,33,,,0,10,,1506657,33,,,0,10,,1506572,33,,,0,10,,1506573,33,,,0,50,,1506658,33,,,0,10,,1506574,33,,,0,10,,1506575,33,,,0,10,,1506659,33,,,0,10,,1506576,33,,,0,10,,1506577,33,,,0,50,,1506660,33,,,0,10,,1506579,33,,,0,10,,1506580,33,,,0,10,,1506581,33,,,0,10,,1506582,33,,,0,10,,1506661,33,,,0,50,,1506583,33,,,0,9,,1506584,33,,,0,10,,1506578,33,,,0,10,,1506585,33,,,0,10,,1506586,33,,,0,10,,1506587,33,,,0,9,,1506589,33,,,0,50,,1506588,33,,,0,9,,1506590,33,,,0,10,,1506591,33,,,0,11,,1506592,33,,,0,11,,1506593,33,,,0,9,,1506594,33,,,0,49,,1506595,33,,,0,6,,1506596,33,,,0,5,,1506597,33,,,0,4,,1506598,33,,,0,6,,1506599,33,,,0,8,,1506654,33,,,0,6,,1506600,33,,,0,8,,1506648,33,,,0,8,,1506601,33,,,0,47,,1506604,33,,,0,7,,1506605,33,,,0,7,,1506606,33,,,0,4,,1506607,33,,,0,6,,1506652,33,,,0,7,,1506603,33,,,0,8,,1506602,33,,,0,7,,1506609,33,,,0,6,,1506610,33,,,0,48,,1506611,33,,,0,8,,1506608,33,,,0,4,,1506612,33,,,0,10,,1506613,33,,,0,9,,1506614,33,,,0,8,,1506615,33,,,0,8,,1506616,33,,,0,6,,1506617,33,,,0,46,,1506618,33,,,0,7,,1506619,33,,,0,6,,1506620,33,,,0,10,,1506662,33,,,0,9,,1506621,33,,,0,11,,1506622,33,,,0,9,,1506623,33,,,0,50,,1506663,33,,,0,9,,1506625,33,,,0,12,,1506626,33,,,0,10,,1506664,33,,,0,10,,1506627,33,,,0,10,,1506665,33,,,0,50,,1506624,33,,,0,10,,1506628,33,,,0,10,,1506667,33,,,0,10,,1506629,33,,,0,10,,1506630,33,,,0,10,,1506631,33,,,0,50,,1506632,33,,,0,10,,1506633,33,,,0,10,,1506668,33,,,0,10,,1506634,33,,,0,10,,1506635,33,,,0,10,,1506669,33,,,0,50,,1506636,33,,,0,10,,1506638,33,,,0,10,,1506666,33,,,0,10,,1506639,33,,,0,10,,1506640,33,,,0,11,,1506670,33,,,0,49,,1506637,33,,,0,11,,1506641,33,,,0,10,,1506671,33,,,0,10,,1506642,33,,,0,10,,1506651,33,,,0,10,,1506672,33,,,0,50,,1506643,33,,,0,10,,1506644,33,,,0,10,,1506673,33,,,0,10,,1506649,33,,,0,10,,1506645,33,,,0,10,,1506674,33,,,0,50,,1506646,33,,,0,10,,1506647,33,,,0,10,,1506675,33,,,0,10,,1506650,33,,,0,9,,1506653,33,,,0
80502,'20261006',545,,1537264,33,,,0,10,,1537136,33,,,0,50,,1537137,33,,,0,9,,1537139,33,,,0,9,,1537140,33,,,0,9,,1537141,33,,,0,11,,1537267,33,,,0,10,,1537142,33,,,0,50,,1537143,33,,,0,9,,1537144,33,,,0,9,,1537138,33,,,0,11,,1537265,33,,,0,8,,1537266,33,,,0,8,,1537145,33,,,0,8,,1537146,33,,,0,48,,1537147,33,,,0,9,,1537149,33,,,0,8,,1537150,33,,,0,10,,1537151,33,,,0,10,,1537148,33,,,0,10,,1537152,33,,,0,51,,1537153,33,,,0,8,,1537154,33,,,0,9,,1537155,33,,,0,11,,1537243,33,,,0,10,,1537156,33,,,0,9,,1537157,33,,,0,10,,1537244,33,,,0,51,,1537158,33,,,0,10,,1537159,33,,,0,10,,1537245,33,,,0,10,,1537160,33,,,0,10,,1537161,33,,,0,50,,1537246,33,,,0,10,,1537162,33,,,0,10,,1537163,33,,,0,10,,1537247,33,,,0,10,,1537164,33,,,0,10,,1537165,33,,,0,50,,1537248,33,,,0,10,,1537167,33,,,0,10,,1537168,33,,,0,10,,1537169,33,,,0,10,,1537170,33,,,0,10,,1537249,33,,,0,50,,1537171,33,,,0,9,,1537172,33,,,0,10,,1537166,33,,,0,10,,1537173,33,,,0,10,,1537174,33,,,0,10,,1537175,33,,,0,9,,1537177,33,,,0,50,,1537176,33,,,0,9,,1537178,33,,,0,10,,1537179,33,,,0,11,,1537180,33,,,0,11,,1537181,33,,,0,9,,1537182,33,,,0,49,,1537183,33,,,0,6,,1537184,33,,,0,5,,1537185,33,,,0,4,,1537186,33,,,0,6,,1537187,33,,,0,8,,1537242,33,,,0,6,,1537188,33,,,0,8,,1537236,33,,,0,8,,1537189,33,,,0,47,,1537192,33,,,0,7,,1537193,33,,,0,7,,1537194,33,,,0,4,,1537195,33,,,0,6,,1537240,33,,,0,7,,1537191,33,,,0,8,,1537190,33,,,0,7,,1537197,33,,,0,6,,1537198,33,,,0,48,,1537199,33,,,0,8,,1537196,33,,,0,4,,1537200,33,,,0,10,,1537201,33,,,0,9,,1537202,33,,,0,8,,1537203,33,,,0,8,,1537204,33,,,0,6,,1537205,33,,,0,46,,1537206,33,,,0,7,,1537207,33,,,0,6,,1537208,33,,,0,10,,1537250,33,,,0,9,,1537209,33,,,0,11,,1537210,33,,,0,9,,1537211,33,,,0,50,,1537251,33,,,0,9,,1537213,33,,,0,12,,1537214,33,,,0,10,,1537252,33,,,0,10,,1537215,33,,,0,10,,1537253,33,,,0,50,,1537212,33,,,0,10,,1537216,33,,,0,10,,1537255,33,,,0,10,,1537217,33,,,0,10,,1537218,33,,,0,10,,1537219,33,,,0,50,,1537220,33,,,0,10,,1537221,33,,,0,10,,1537256,33,,,0,10,,1537222,33,,,0,10,,1537223,33,,,0,10,,1537257,33,,,0,50,,1537224,33,,,0,10,,1537226,33,,,0,10,,1537254,33,,,0,10,,1537227,33,,,0,10,,1537228,33,,,0,11,,1537258,33,,,0,49,,1537225,33,,,0,11,,1537229,33,,,0,10,,1537259,33,,,0,10,,1537230,33,,,0,10,,1537239,33,,,0,10,,1537260,33,,,0,50,,1537231,33,,,0,10,,1537232,33,,,0,10,,1537261,33,,,0,10,,1537237,33,,,0,10,,1537233,33,,,0,10,,1537262,33,,,0,50,,1537234,33,,,0,10,,1537235,33,,,0,10,,1537263,33,,,0,10,,1537238,33,,,0,9,,1537241,33,,,0
80502,'20261007',545,,1537396,33,,,0,10,,1537268,33,,,0,50,,1537269,33,,,0,9,,1537271,33,,,0,9,,1537272,33,,,0,9,,1537273,33,,,0,11,,1537399,33,,,0,10,,1537274,33,,,0,50,,1537275,33,,,0,9,,1537276,33,,,0,9,,1537270,33,,,0,11,,1537397,33,,,0,8,,1537398,33,,,0,8,,1537277,33,,,0,8,,1537278,33,,,0,48,,1537279,33,,,0,9,,1537281,33,,,0,8,,1537282,33,,,0,10,,1537283,33,,,0,10,,1537280,33,,,0,10,,1537284,33,,,0,51,,1537285,33,,,0,8,,1537286,33,,,0,9,,1537287,33,,,0,11,,1537375,33,,,0,10,,1537288,33,,,0,9,,1537289,33,,,0,10,,1537376,33,,,0,51,,1537290,33,,,0,10,,1537291,33,,,0,10,,1537377,33,,,0,10,,1537292,33,,,0,10,,1537293,33,,,0,50,,1537378,33,,,0,10,,1537294,33,,,0,10,,1537295,33,,,0,10,,1537379,33,,,0,10,,1537296,33,,,0,10,,1537297,33,,,0,50,,1537380,33,,,0,10,,1537299,33,,,0,10,,1537300,33,,,0,10,,1537301,33,,,0,10,,1537302,33,,,0,10,,1537381,33,,,0,50,,1537303,33,,,0,9,,1537304,33,,,0,10,,1537298,33,,,0,10,,1537305,33,,,0,10,,1537306,33,,,0,10,,1537307,33,,,0,9,,1537309,33,,,0,50,,1537308,33,,,0,9,,1537310,33,,,0,10,,1537311,33,,,0,11,,1537312,33,,,0,11,,1537313,33,,,0,9,,1537314,33,,,0,49,,1537315,33,,,0,6,,1537316,33,,,0,5,,1537317,33,,,0,4,,1537318,33,,,0,6,,1537319,33,,,0,8,,1537374,33,,,0,6,,1537320,33,,,0,8,,1537368,33,,,0,8,,1537321,33,,,0,47,,1537324,33,,,0,7,,1537325,33,,,0,7,,1537326,33,,,0,4,,1537327,33,,,0,6,,1537372,33,,,0,7,,1537323,33,,,0,8,,1537322,33,,,0,7,,1537329,33,,,0,6,,1537330,33,,,0,48,,1537331,33,,,0,8,,1537328,33,,,0,4,,1537332,33,,,0,10,,1537333,33,,,0,9,,1537334,33,,,0,8,,1537335,33,,,0,8,,1537336,33,,,0,6,,1537337,33,,,0,46,,1537338,33,,,0,7,,1537339,33,,,0,6,,1537340,33,,,0,10,,1537382,33,,,0,9,,1537341,33,,,0,11,,1537342,33,,,0,9,,1537343,33,,,0,50,,1537383,33,,,0,9,,1537345,33,,,0,12,,1537346,33,,,0,10,,1537384,33,,,0,10,,1537347,33,,,0,10,,1537385,33,,,0,50,,1537344,33,,,0,10,,1537348,33,,,0,10,,1537387,33,,,0,10,,1537349,33,,,0,10,,1537350,33,,,0,10,,1537351,33,,,0,50,,1537352,33,,,0,10,,1537353,33,,,0,10,,1537388,33,,,0,10,,1537354,33,,,0,10,,1537355,33,,,0,10,,1537389,33,,,0,50,,1537356,33,,,0,10,,1537358,33,,,0,10,,1537386,33,,,0,10,,1537359,33,,,0,10,,1537360,33,,,0,11,,1537390,33,,,0,49,,1537357,33,,,0,11,,1537361,33,,,0,10,,1537391,33,,,0,10,,1537362,33,,,0,10,,1537371,33,,,0,10,,1537392,33,,,0,50,,1537363,33,,,0,10,,1537364,33,,,0,10,,1537393,33,,,0,10,,1537369,33,,,0,10,,1537365,33,,,0,10,,1537394,33,,,0,50,,1537366,33,,,0,10,,1537367,33,,,0,10,,1537395,33,,,0,10,,1537370,33,,,0,9,,1537373,33,,,0
80502,'20261008',545,,1537528,33,,,0,10,,1537400,33,,,0,50,,1537401,33,,,0,9,,1537403,33,,,0,9,,1537404,33,,,0,9,,1537405,33,,,0,11,,1537531,33,,,0,10,,1537406,33,,,0,50,,1537407,33,,,0,9,,1537408,33,,,0,9,,1537402,33,,,0,11,,1537529,33,,,0,8,,1537530,33,,,0,8,,1537409,33,,,0,8,,1537410,33,,,0,48,,1537411,33,,,0,9,,1537413,33,,,0,8,,1537414,33,,,0,10,,1537415,33,,,0,10,,1537412,33,,,0,10,,1537416,33,,,0,51,,1537417,33,,,0,8,,1537418,33,,,0,9,,1537419,33,,,0,11,,1537507,33,,,0,10,,1537420,33,,,0,9,,1537421,33,,,0,10,,1537508,33,,,0,51,,1537422,33,,,0,10,,1537423,33,,,0,10,,1537509,33,,,0,10,,1537424,33,,,0,10,,1537425,33,,,0,50,,1537510,33,,,0,10,,1537426,33,,,0,10,,1537427,33,,,0,10,,1537511,33,,,0,10,,1537428,33,,,0,10,,1537429,33,,,0,50,,1537512,33,,,0,10,,1537431,33,,,0,10,,1537432,33,,,0,10,,1537433,33,,,0,10,,1537434,33,,,0,10,,1537513,33,,,0,50,,1537435,33,,,0,9,,1537436,33,,,0,10,,1537430,33,,,0,10,,1537437,33,,,0,10,,1537438,33,,,0,10,,1537439,33,,,0,9,,1537441,33,,,0,50,,1537440,33,,,0,9,,1537442,33,,,0,10,,1537443,33,,,0,11,,1537444,33,,,0,11,,1537445,33,,,0,9,,1537446,33,,,0,49,,1537447,33,,,0,6,,1537448,33,,,0,5,,1537449,33,,,0,4,,1537450,33,,,0,6,,1537451,33,,,0,8,,1537506,33,,,0,6,,1537452,33,,,0,8,,1537500,33,,,0,8,,1537453,33,,,0,47,,1537456,33,,,0,7,,1537457,33,,,0,7,,1537458,33,,,0,4,,1537459,33,,,0,6,,1537504,33,,,0,7,,1537455,33,,,0,8,,1537454,33,,,0,7,,1537461,33,,,0,6,,1537462,33,,,0,48,,1537463,33,,,0,8,,1537460,33,,,0,4,,1537464,33,,,0,10,,1537465,33,,,0,9,,1537466,33,,,0,8,,1537467,33,,,0,8,,1537468,33,,,0,6,,1537469,33,,,0,46,,1537470,33,,,0,7,,1537471,33,,,0,6,,1537472,33,,,0,10,,1537514,33,,,0,9,,1537473,33,,,0,11,,1537474,33,,,0,9,,1537475,33,,,0,50,,1537515,33,,,0,9,,1537477,33,,,0,12,,1537478,33,,,0,10,,1537516,33,,,0,10,,1537479,33,,,0,10,,1537517,33,,,0,50,,1537476,33,,,0,10,,1537480,33,,,0,10,,1537519,33,,,0,10,,1537481,33,,,0,10,,1537482,33,,,0,10,,1537483,33,,,0,50,,1537484,33,,,0,10,,1537485,33,,,0,10,,1537520,33,,,0,10,,1537486,33,,,0,10,,1537487,33,,,0,10,,1537521,33,,,0,50,,1537488,33,,,0,10,,1537490,33,,,0,10,,1537518,33,,,0,10,,1537491,33,,,0,10,,1537492,33,,,0,11,,1537522,33,,,0,49,,1537489,33,,,0,11,,1537493,33,,,0,10,,1537523,33,,,0,10,,1537494,33,,,0,10,,1537503,33,,,0,10,,1537524,33,,,0,50,,1537495,33,,,0,10,,1537496,33,,,0,10,,1537525,33,,,0,10,,1537501,33,,,0,10,,1537497,33,,,0,10,,1537526,33,,,0,50,,1537498,33,,,0,10,,1537499,33,,,0,10,,1537527,33,,,0,10,,1537502,33,,,0,9,,1537505,33,,,0
80502,'20261009',545,,1537660,33,,,0,10,,1537532,33,,,0,50,,1537533,33,,,0,9,,1537535,33,,,0,9,,1537536,33,,,0,9,,1537537,33,,,0,11,,1537663,33,,,0,10,,1537538,33,,,0,50,,1537539,33,,,0,9,,1537540,33,,,0,9,,1537534,33,,,0,11,,1537661,33,,,0,8,,1537662,33,,,0,8,,1537541,33,,,0,8,,1537542,33,,,0,48,,1537543,33,,,0,9,,1537545,33,,,0,8,,1537546,33,,,0,10,,1537547,33,,,0,10,,1537544,33,,,0,10,,1537548,33,,,0,51,,1537549,33,,,0,8,,1537550,33,,,0,9,,1537551,33,,,0,11,,1537639,33,,,0,10,,1537552,33,,,0,9,,1537553,33,,,0,10,,1537640,33,,,0,51,,1537554,33,,,0,10,,1537555,33,,,0,10,,1537641,33,,,0,10,,1537556,33,,,0,10,,1537557,33,,,0,50,,1537642,33,,,0,10,,1537558,33,,,0,10,,1537559,33,,,0,10,,1537643,33,,,0,10,,1537560,33,,,0,10,,1537561,33,,,0,50,,1537644,33,,,0,10,,1537563,33,,,0,10,,1537564,33,,,0,10,,1537565,33,,,0,10,,1537566,33,,,0,10,,1537645,33,,,0,50,,1537567,33,,,0,9,,1537568,33,,,0,10,,1537562,33,,,0,10,,1537569,33,,,0,10,,1537570,33,,,0,10,,1537571,33,,,0,9,,1537573,33,,,0,50,,1537572,33,,,0,9,,1537574,33,,,0,10,,1537575,33,,,0,11,,1537576,33,,,0,11,,1537577,33,,,0,9,,1537578,33,,,0,49,,1537579,33,,,0,6,,1537580,33,,,0,5,,1537581,33,,,0,4,,1537582,33,,,0,6,,1537583,33,,,0,8,,1537638,33,,,0,6,,1537584,33,,,0,8,,1537632,33,,,0,8,,1537585,33,,,0,47,,1537588,33,,,0,7,,1537589,33,,,0,7,,1537590,33,,,0,4,,1537591,33,,,0,6,,1537636,33,,,0,7,,1537587,33,,,0,8,,1537586,33,,,0,7,,1537593,33,,,0,6,,1537594,33,,,0,48,,1537595,33,,,0,8,,1537592,33,,,0,4,,1537596,33,,,0,10,,1537597,33,,,0,9,,1537598,33,,,0,8,,1537599,33,,,0,8,,1537600,33,,,0,6,,1537601,33,,,0,46,,1537602,33,,,0,7,,1537603,33,,,0,6,,1537604,33,,,0,10,,1537646,33,,,0,9,,1537605,33,,,0,11,,1537606,33,,,0,9,,1537607,33,,,0,50,,1537647,33,,,0,9,,1537609,33,,,0,12,,1537610,33,,,0,10,,1537648,33,,,0,10,,1537611,33,,,0,10,,1537649,33,,,0,50,,1537608,33,,,0,10,,1537612,33,,,0,10,,1537651,33,,,0,10,,1537613,33,,,0,10,,1537614,33,,,0,10,,1537615,33,,,0,50,,1537616,33,,,0,10,,1537617,33,,,0,10,,1537652,33,,,0,10,,1537618,33,,,0,10,,1537619,33,,,0,10,,1537653,33,,,0,50,,1537620,33,,,0,10,,1537622,33,,,0,10,,1537650,33,,,0,10,,1537623,33,,,0,10,,1537624,33,,,0,11,,1537654,33,,,0,49,,1537621,33,,,0,11,,1537625,33,,,0,10,,1537655,33,,,0,10,,1537626,33,,,0,10,,1537635,33,,,0,10,,1537656,33,,,0,50,,1537627,33,,,0,10,,1537628,33,,,0,10,,1537657,33,,,0,10,,1537633,33,,,0,10,,1537629,33,,,0,10,,1537658,33,,,0,50,,1537630,33,,,0,10,,1537631,33,,,0,10,,1537659,33,,,0,10,,1537634,33,,,0,9,,1537637,33,,,0
80502,'20261010',559,,1559798,33,,,0,50,,1559682,33,,,0,10,,1559775,33,,,0,9,,1559683,33,,,0,10,,1559769,33,,,0,10,,1559776,33,,,0,10,,1559684,33,,,0,50,,1559685,33,,,0,11,,1559777,33,,,0,10,,1559799,33,,,0,9,,1559686,33,,,0,10,,1559770,33,,,0,9,,1559778,33,,,0,50,,1559687,33,,,0,10,,1559688,33,,,0,10,,1559689,33,,,0,9,,1559690,33,,,0,10,,1559771,33,,,0,10,,1559779,33,,,0,50,,1559691,33,,,0,10,,1559692,33,,,0,11,,1559693,33,,,0,10,,1559694,33,,,0,10,,1559695,33,,,0,10,,1559780,33,,,0,50,,1559696,33,,,0,11,,1559697,33,,,0,10,,1559698,33,,,0,10,,1559699,33,,,0,10,,1559700,33,,,0,10,,1559781,33,,,0,50,,1559701,33,,,0,10,,1559702,33,,,0,11,,1559703,33,,,0,10,,1559704,33,,,0,10,,1559705,33,,,0,10,,1559782,33,,,0,50,,1559706,33,,,0,10,,1559707,33,,,0,10,,1559708,33,,,0,10,,1559710,33,,,0,10,,1559711,33,,,0,10,,1559783,33,,,0,50,,1559712,33,,,0,10,,1559709,33,,,0,10,,1559713,33,,,0,10,,1559714,33,,,0,11,,1559715,33,,,0,8,,1559784,33,,,0,50,,1559716,33,,,0,10,,1559717,33,,,0,10,,1559718,33,,,0,9,,1559719,33,,,0,10,,1559720,33,,,0,10,,1559721,33,,,0,50,,1559722,33,,,0,9,,1559723,33,,,0,9,,1559724,33,,,0,10,,1559725,33,,,0,10,,1559726,33,,,0,10,,1559727,33,,,0,50,,1559728,33,,,0,10,,1559729,33,,,0,10,,1559730,33,,,0,10,,1559731,33,,,0,10,,1559732,33,,,0,10,,1559733,33,,,0,50,,1559734,33,,,0,11,,1559774,33,,,0,10,,1559735,33,,,0,10,,1559736,33,,,0,11,,1559737,33,,,0,11,,1559738,33,,,0,49,,1559740,33,,,0,9,,1559741,33,,,0,10,,1559742,33,,,0,10,,1559773,33,,,0,10,,1559743,33,,,0,10,,1559744,33,,,0,50,,1559745,33,,,0,10,,1559785,33,,,0,10,,1559739,33,,,0,10,,1559746,33,,,0,10,,1559786,33,,,0,10,,1559747,33,,,0,50,,1559748,33,,,0,11,,1559787,33,,,0,10,,1559749,33,,,0,10,,1559750,33,,,0,11,,1559788,33,,,0,10,,1559751,33,,,0,50,,1559752,33,,,0,10,,1559789,33,,,0,10,,1559753,33,,,0,10,,1559754,33,,,0,10,,1559790,33,,,0,11,,1559755,33,,,0,50,,1559772,33,,,0,10,,1559791,33,,,0,9,,1559756,33,,,0,10,,1559757,33,,,0,10,,1559792,33,,,0,10,,1559758,33,,,0,50,,1559759,33,,,0,10,,1559793,33,,,0,10,,1559760,33,,,0,10,,1559761,33,,,0,10,,1559794,33,,,0,10,,1559762,33,,,0,50,,1559763,33,,,0,10,,1559795,33,,,0,10,,1559764,33,,,0,10,,1559765,33,,,0,11,,1559796,33,,,0,51,,1559768,33,,,0,10,,1559766,33,,,0,10,,1559797,33,,,0,10,,1559767,33,,,0
80502,'20261011',559,,1559917,33,,,0,50,,1559885,33,,,0,10,,1559893,33,,,0,9,,1559884,33,,,0,10,,1559886,33,,,0,10,,1559894,33,,,0,10,,1559883,33,,,0,50,,1559882,33,,,0,11,,1559895,33,,,0,10,,1559880,33,,,0,9,,1559879,33,,,0,10,,1559881,33,,,0,9,,1559896,33,,,0,50,,1559877,33,,,0,10,,1559865,33,,,0,10,,1559864,33,,,0,9,,1559869,33,,,0,10,,1559868,33,,,0,10,,1559897,33,,,0,50,,1559857,33,,,0,10,,1559860,33,,,0,11,,1559858,33,,,0,10,,1559872,33,,,0,10,,1559871,33,,,0,10,,1559898,33,,,0,50,,1559873,33,,,0,11,,1559856,33,,,0,10,,1559862,33,,,0,10,,1559878,33,,,0,10,,1559867,33,,,0,10,,1559899,33,,,0,50,,1559859,33,,,0,10,,1559863,33,,,0,11,,1559861,33,,,0,10,,1559875,33,,,0,10,,1559870,33,,,0,10,,1559900,33,,,0,50,,1559874,33,,,0,10,,1559876,33,,,0,10,,1559866,33,,,0,10,,1559849,33,,,0,10,,1559846,33,,,0,10,,1559901,33,,,0,50,,1559840,33,,,0,10,,1559848,33,,,0,10,,1559852,33,,,0,10,,1559845,33,,,0,11,,1559843,33,,,0,8,,1559902,33,,,0,50,,1559851,33,,,0,10,,1559841,33,,,0,10,,1559847,33,,,0,9,,1559844,33,,,0,10,,1559854,33,,,0,10,,1559855,33,,,0,50,,1559839,33,,,0,9,,1559842,33,,,0,9,,1559838,33,,,0,10,,1559850,33,,,0,10,,1559853,33,,,0,10,,1559831,33,,,0,50,,1559826,33,,,0,10,,1559830,33,,,0,10,,1559835,33,,,0,10,,1559825,33,,,0,10,,1559828,33,,,0,10,,1559824,33,,,0,50,,1559823,33,,,0,11,,1559822,33,,,0,10,,1559891,33,,,0,10,,1559834,33,,,0,11,,1559837,33,,,0,11,,1559836,33,,,0,49,,1559833,33,,,0,9,,1559827,33,,,0,10,,1559832,33,,,0,10,,1559829,33,,,0,10,,1559820,33,,,0,10,,1559887,33,,,0,50,,1559814,33,,,0,10,,1559903,33,,,0,10,,1559812,33,,,0,10,,1559821,33,,,0,10,,1559904,33,,,0,10,,1559811,33,,,0,50,,1559905,33,,,0,11,,1559818,33,,,0,10,,1559819,33,,,0,10,,1559906,33,,,0,11,,1559816,33,,,0,10,,1559813,33,,,0,50,,1559907,33,,,0,10,,1559815,33,,,0,10,,1559817,33,,,0,10,,1559908,33,,,0,10,,1559810,33,,,0,11,,1559809,33,,,0,50,,1559909,33,,,0,10,,1559806,33,,,0,9,,1559804,33,,,0,10,,1559910,33,,,0,10,,1559801,33,,,0,10,,1559890,33,,,0,50,,1559911,33,,,0,10,,1559802,33,,,0,10,,1559800,33,,,0,10,,1559913,33,,,0,10,,1559808,33,,,0,10,,1559803,33,,,0,50,,1559914,33,,,0,10,,1559805,33,,,0,10,,1559807,33,,,0,10,,1559915,33,,,0,11,,1559889,33,,,0,51,,1559888,33,,,0,10,,1559912,33,,,0,10,,1559892,33,,,0,10,,1559916,33,,,0
80502,'20261012',559,,1560035,33,,,0,50,,1560003,33,,,0,10,,1560011,33,,,0,9,,1560002,33,,,0,10,,1560004,33,,,0,10,,1560012,33,,,0,10,,1560001,33,,,0,50,,1560000,33,,,0,11,,1560013,33,,,0,10,,1559998,33,,,0,9,,1559997,33,,,0,10,,1559999,33,,,0,9,,1560014,33,,,0,50,,1559995,33,,,0,10,,1559983,33,,,0,10,,1559982,33,,,0,9,,1559987,33,,,0,10,,1559986,33,,,0,10,,1560015,33,,,0,50,,1559975,33,,,0,10,,1559978,33,,,0,11,,1559976,33,,,0,10,,1559990,33,,,0,10,,1559989,33,,,0,10,,1560016,33,,,0,50,,1559991,33,,,0,11,,1559974,33,,,0,10,,1559980,33,,,0,10,,1559996,33,,,0,10,,1559985,33,,,0,10,,1560017,33,,,0,50,,1559977,33,,,0,10,,1559981,33,,,0,11,,1559979,33,,,0,10,,1559993,33,,,0,10,,1559988,33,,,0,10,,1560018,33,,,0,50,,1559992,33,,,0,10,,1559994,33,,,0,10,,1559984,33,,,0,10,,1559967,33,,,0,10,,1559964,33,,,0,10,,1560019,33,,,0,50,,1559958,33,,,0,10,,1559966,33,,,0,10,,1559970,33,,,0,10,,1559963,33,,,0,11,,1559961,33,,,0,8,,1560020,33,,,0,50,,1559969,33,,,0,10,,1559959,33,,,0,10,,1559965,33,,,0,9,,1559962,33,,,0,10,,1559972,33,,,0,10,,1559973,33,,,0,50,,1559957,33,,,0,9,,1559960,33,,,0,9,,1559956,33,,,0,10,,1559968,33,,,0,10,,1559971,33,,,0,10,,1559949,33,,,0,50,,1559944,33,,,0,10,,1559948,33,,,0,10,,1559953,33,,,0,10,,1559943,33,,,0,10,,1559946,33,,,0,10,,1559942,33,,,0,50,,1559941,33,,,0,11,,1559940,33,,,0,10,,1560009,33,,,0,10,,1559952,33,,,0,11,,1559955,33,,,0,11,,1559954,33,,,0,49,,1559951,33,,,0,9,,1559945,33,,,0,10,,1559950,33,,,0,10,,1559947,33,,,0,10,,1559938,33,,,0,10,,1560005,33,,,0,50,,1559932,33,,,0,10,,1560021,33,,,0,10,,1559930,33,,,0,10,,1559939,33,,,0,10,,1560022,33,,,0,10,,1559929,33,,,0,50,,1560023,33,,,0,11,,1559936,33,,,0,10,,1559937,33,,,0,10,,1560024,33,,,0,11,,1559934,33,,,0,10,,1559931,33,,,0,50,,1560025,33,,,0,10,,1559933,33,,,0,10,,1559935,33,,,0,10,,1560026,33,,,0,10,,1559928,33,,,0,11,,1559927,33,,,0,50,,1560027,33,,,0,10,,1559924,33,,,0,9,,1559922,33,,,0,10,,1560028,33,,,0,10,,1559919,33,,,0,10,,1560008,33,,,0,50,,1560029,33,,,0,10,,1559920,33,,,0,10,,1559918,33,,,0,10,,1560031,33,,,0,10,,1559926,33,,,0,10,,1559921,33,,,0,50,,1560032,33,,,0,10,,1559923,33,,,0,10,,1559925,33,,,0,10,,1560033,33,,,0,11,,1560007,33,,,0,51,,1560006,33,,,0,10,,1560030,33,,,0,10,,1560010,33,,,0,10,,1560034,33,,,0
93100,'20261002',2535,,1485592,5,,,0,165,,1485593,26,,,0
93100,'20261003',2535,,1508557,5,,,0,165,,1508558,26,,,0
93100,'20261009',2535,,1540219,5,,,0,165,,1540220,26,,,0
93100,'20261010',2535,,1561858,5,,,0,165,,1561859,26,,,0
93600,'20261002',2535,,1485597,5,,,0
93600,'20261003',2535,,1508560,5,,,0
93600,'20261009',2535,,1540226,5,,,0
93600,'20261010',2535,,1561861,5,,,0
97203,'20261002',2539,,1485607,5,,,0
97203,'20261003',2539,,1508565,5,,,0
97203,'20261009',2539,,1540241,5,,,0
97203,'20261010',2539,,1561866,5,,,0
98200,'20261002',2532,,1485611,5,,,0
98200,'20261003',2532,,1508567,5,,,0
98200,'20261009',2532,,1540247,5,,,0
98200,'20261010',2532,,1561868,5,,,0
98400,'20261002',2535,,1485613,5,,,0
98400,'20261003',2535,,1508568,5,,,0
98400,'20261009',2535,,1540250,5,,,0
98400,'20261010',2535,,1561869,5,,,0
