8100,'20260929',646,,1550202,47,,,0,70,,1550203,47,,,0,33,,1550204,47,,,0,71,,1550205,47,,,0,28,,1550206,47,,,0,68,,1550207,47,,,0,100,,1550208,47,,,0,100,,1550209,47,,,0,102,,1550210,47,,,0,100,,1550211,47,,,0,100,,1550212,47,,,0,101,,1550213,47,,,0,33,,1550214,47,,,0,72,,1550215,47,,,0,33,,1550216,47,,,0,66,,1550217,47,,,0,26,,1550218,47,,,0,68,,1550219,47,,,0,100,,1550220,47,,,0,99,,1550221,47,,,0,100,,1550222,47,,,0,99,,1550223,47,,,0,100,,1550224,47,,,0
8100,'20260930',646,,1550225,47,,,0,70,,1550226,47,,,0,33,,1550227,47,,,0,71,,1550228,47,,,0,28,,1550229,47,,,0,68,,1550230,47,,,0,100,,1550231,47,,,0,100,,1550232,47,,,0,102,,1550233,47,,,0,100,,1550234,47,,,0,100,,1550235,47,,,0,101,,1550236,47,,,0,33,,1550237,47,,,0,72,,1550238,47,,,0,33,,1550239,47,,,0,66,,1550240,47,,,0,26,,1550241,47,,,0,68,,1550242,47,,,0,100,,1550243,47,,,0,99,,1550244,47,,,0,100,,1550245,47,,,0,99,,1550246,47,,,0,100,,1550247,47,,,0
8100,'20261001',646,,1550248,47,,,0,70,,1550249,47,,,0,33,,1550250,47,,,0,71,,1550251,47,,,0,28,,1550252,47,,,0,68,,1550253,47,,,0,100,,1550254,47,,,0,100,,1550255,47,,,0,102,,1550256,47,,,0,100,,1550257,47,,,0,100,,1550258,47,,,0,101,,1550259,47,,,0,33,,1550260,47,,,0,72,,1550261,47,,,0,33,,1550262,47,,,0,66,,1550263,47,,,0,26,,1550264,47,,,0,68,,1550265,47,,,0,100,,1550266,47,,,0,99,,1550267,47,,,0,100,,1550268,47,,,0,99,,1550269,47,,,0,100,,1550270,47,,,0
8100,'20261002',646,,1473098,47,,,0,70,,1473099,47,,,0,33,,1473100,47,,,0,71,,1473101,47,,,0,28,,1473102,47,,,0,68,,1473103,47,,,0,100,,1473104,47,,,0,100,,1473105,47,,,0,102,,1473106,47,,,0,100,,1473107,47,,,0,100,,1473108,47,,,0,101,,1473109,47,,,0,33,,1473110,47,,,0,72,,1473111,47,,,0,33,,1473112,47,,,0,66,,1473113,47,,,0,26,,1473114,47,,,0,68,,1473115,47,,,0,100,,1473116,47,,,0,99,,1473117,47,,,0,100,,1473118,47,,,0,99,,1473119,47,,,0,100,,1473120,47,,,0
8100,'20261003',815,,1496102,47,,,0,100,,1496103,47,,,0,100,,1496104,47,,,0,101,,1496105,47,,,0,100,,1496106,47,,,0,101,,1496107,47,,,0,100,,1496108,47,,,0,100,,1496109,47,,,0,100,,1496110,47,,,0,100,,1496111,47,,,0,100,,1496112,47,,,0,99,,1496113,47,,,0,99,,1496114,47,,,0,100,,1496115,47,,,0,100,,1496116,47,,,0,100,,1496117,47,,,0
8100,'20261004',815,,1496118,47,,,0,100,,1496119,47,,,0,100,,1496120,47,,,0,101,,1496121,47,,,0,100,,1496122,47,,,0,101,,1496123,47,,,0,100,,1496124,47,,,0,100,,1496125,47,,,0,100,,1496126,47,,,0,100,,1496127,47,,,0,100,,1496128,47,,,0,99,,1496129,47,,,0,99,,1496130,47,,,0,100,,1496131,47,,,0,100,,1496132,47,,,0,100,,1496133,47,,,0
8100,'20261005',646,,1496134,47,,,0,70,,1496135,47,,,0,33,,1496136,47,,,0,71,,1496137,47,,,0,28,,1496138,47,,,0,68,,1496139,47,,,0,100,,1496140,47,,,0,100,,1496141,47,,,0,102,,1496142,47,,,0,100,,1496143,47,,,0,100,,1496144,47,,,0,101,,1496145,47,,,0,33,,1496146,47,,,0,72,,1496147,47,,,0,33,,1496148,47,,,0,66,,1496149,47,,,0,26,,1496150,47,,,0,68,,1496151,47,,,0,100,,1496152,47,,,0,99,,1496153,47,,,0,100,,1496154,47,,,0,99,,1496155,47,,,0,100,,1496156,47,,,0
8100,'20261006',646,,1522974,47,,,0,70,,1522975,47,,,0,33,,1522976,47,,,0,71,,1522977,47,,,0,28,,1522978,47,,,0,68,,1522979,47,,,0,100,,1522980,47,,,0,100,,1522981,47,,,0,102,,1522982,47,,,0,100,,1522983,47,,,0,100,,1522984,47,,,0,101,,1522985,47,,,0,33,,1522986,47,,,0,72,,1522987,47,,,0,33,,1522988,47,,,0,66,,1522989,47,,,0,26,,1522990,47,,,0,68,,1522991,47,,,0,100,,1522992,47,,,0,99,,1522993,47,,,0,100,,1522994,47,,,0,99,,1522995,47,,,0,100,,1522996,47,,,0
8100,'20261007',646,,1522997,47,,,0,70,,1522998,47,,,0,33,,1522999,47,,,0,71,,1523000,47,,,0,28,,1523001,47,,,0,68,,1523002,47,,,0,100,,1523003,47,,,0,100,,1523004,47,,,0,102,,1523005,47,,,0,100,,1523006,47,,,0,100,,1523007,47,,,0,101,,1523008,47,,,0,33,,1523009,47,,,0,72,,1523010,47,,,0,33,,1523011,47,,,0,66,,1523012,47,,,0,26,,1523013,47,,,0,68,,1523014,47,,,0,100,,1523015,47,,,0,99,,1523016,47,,,0,100,,1523017,47,,,0,99,,1523018,47,,,0,100,,1523019,47,,,0
8100,'20261008',646,,1523020,47,,,0,70,,1523021,47,,,0,33,,1523022,47,,,0,71,,1523023,47,,,0,28,,1523024,47,,,0,68,,1523025,47,,,0,100,,1523026,47,,,0,100,,1523027,47,,,0,102,,1523028,47,,,0,100,,1523029,47,,,0,100,,1523030,47,,,0,101,,1523031,47,,,0,33,,1523032,47,,,0,72,,1523033,47,,,0,33,,1523034,47,,,0,66,,1523035,47,,,0,26,,1523036,47,,,0,68,,1523037,47,,,0,100,,1523038,47,,,0,99,,1523039,47,,,0,100,,1523040,47,,,0,99,,1523041,47,,,0,100,,1523042,47,,,0
8100,'20261009',646,,1523043,47,,,0,70,,1523044,47,,,0,33,,1523045,47,,,0,71,,1523046,47,,,0,28,,1523047,47,,,0,68,,1523048,47,,,0,100,,1523049,47,,,0,100,,1523050,47,,,0,102,,1523051,47,,,0,100,,1523052,47,,,0,100,,1523053,47,,,0,101,,1523054,47,,,0,33,,1523055,47,,,0,72,,1523056,47,,,0,33,,1523057,47,,,0,66,,1523058,47,,,0,26,,1523059,47,,,0,68,,1523060,47,,,0,100,,1523061,47,,,0,99,,1523062,47,,,0,100,,1523063,47,,,0,99,,1523064,47,,,0,100,,1523065,47,,,0
8100,'20261010',815,,1550271,47,,,0,100,,1550272,47,,,0,100,,1550273,47,,,0,101,,1550274,47,,,0,100,,1550275,47,,,0,101,,1550276,47,,,0,100,,1550277,47,,,0,100,,1550278,47,,,0,100,,1550279,47,,,0,100,,1550280,47,,,0,100,,1550281,47,,,0,99,,1550282,47,,,0,99,,1550283,47,,,0,100,,1550284,47,,,0,100,,1550285,47,,,0,100,,1550286,47,,,0
8100,'20261011',815,,1550287,47,,,0,100,,1550288,47,,,0,100,,1550289,47,,,0,101,,1550290,47,,,0,100,,1550291,47,,,0,101,,1550292,47,,,0,100,,1550293,47,,,0,100,,1550294,47,,,0,100,,1550295,47,,,0,100,,1550296,47,,,0,100,,1550297,47,,,0,99,,1550298,47,,,0,99,,1550299,47,,,0,100,,1550300,47,,,0,100,,1550301,47,,,0,100,,1550302,47,,,0
8100,'20261012',815,,1550303,47,,,0,100,,1550304,47,,,0,100,,1550305,47,,,0,101,,1550306,47,,,0,100,,1550307,47,,,0,101,,1550308,47,,,0,100,,1550309,47,,,0,100,,1550310,47,,,0,100,,1550311,47,,,0,100,,1550312,47,,,0,100,,1550313,47,,,0,99,,1550314,47,,,0,99,,1550315,47,,,0,100,,1550316,47,,,0,100,,1550317,47,,,0,100,,1550318,47,,,0
38201,'20260929',621,,1553796,19,,,0,12,,1553797,19,,,0,13,,1553798,19,,,0,10,,1553799,19,,,0,67,,1553800,19,,,0,136,,1553795,19,,,0,42,,1553801,19,,,0,200,,1553802,19,,,0
38201,'20260930',621,,1553804,19,,,0,12,,1553805,19,,,0,13,,1553806,19,,,0,10,,1553807,19,,,0,67,,1553808,19,,,0,136,,1553803,19,,,0,42,,1553809,19,,,0,200,,1553810,19,,,0
38201,'20261001',621,,1553812,19,,,0,12,,1553813,19,,,0,13,,1553814,19,,,0,10,,1553815,19,,,0,67,,1553816,19,,,0,136,,1553811,19,,,0,42,,1553817,19,,,0,200,,1553818,19,,,0
38201,'20261002',621,,1477130,19,,,0,12,,1477134,19,,,0,13,,1477133,19,,,0,10,,1477131,19,,,0,67,,1477135,19,,,0,178,,1477132,19,,,0,200,,1477129,19,,,0
38201,'20261005',621,,1500175,19,,,0,12,,1500179,19,,,0,13,,1500178,19,,,0,10,,1500176,19,,,0,67,,1500180,19,,,0,178,,1500177,19,,,0,200,,1500174,19,,,0
38201,'20261006',621,,1528748,19,,,0,12,,1528752,19,,,0,13,,1528751,19,,,0,10,,1528749,19,,,0,67,,1528753,19,,,0,178,,1528750,19,,,0,200,,1528747,19,,,0
38201,'20261007',621,,1528755,19,,,0,12,,1528759,19,,,0,13,,1528758,19,,,0,10,,1528756,19,,,0,67,,1528760,19,,,0,178,,1528757,19,,,0,200,,1528754,19,,,0
38201,'20261008',621,,1528762,19,,,0,12,,1528766,19,,,0,13,,1528765,19,,,0,10,,1528763,19,,,0,67,,1528767,19,,,0,178,,1528764,19,,,0,200,,1528761,19,,,0
38201,'20261009',621,,1528769,19,,,0,12,,1528773,19,,,0,13,,1528772,19,,,0,10,,1528770,19,,,0,67,,1528774,19,,,0,178,,1528771,19,,,0,200,,1528768,19,,,0
58201,'20260929',623,,1554162,19,,,0,12,,1554163,19,,,0,21,,1554164,19,,,0,54,,1554165,19,,,0,14,,1554166,19,,,0
58201,'20260930',623,,1554167,19,,,0,12,,1554168,19,,,0,21,,1554169,19,,,0,54,,1554170,19,,,0,14,,1554171,19,,,0
58201,'20261001',623,,1554172,19,,,0,12,,1554173,19,,,0,21,,1554174,19,,,0,54,,1554175,19,,,0,14,,1554176,19,,,0
58201,'20261002',623,,1477676,19,,,0,12,,1477674,19,,,0,21,,1477677,19,,,0,54,,1477675,19,,,0,14,,1477678,19,,,0
58201,'20261005',623,,1500649,19,,,0,12,,1500647,19,,,0,21,,1500650,19,,,0,54,,1500648,19,,,0,14,,1500651,19,,,0
58201,'20261006',623,,1529468,19,,,0,12,,1529466,19,,,0,21,,1529469,19,,,0,54,,1529467,19,,,0,14,,1529470,19,,,0
58201,'20261007',623,,1529473,19,,,0,12,,1529471,19,,,0,21,,1529474,19,,,0,54,,1529472,19,,,0,14,,1529475,19,,,0
58201,'20261008',623,,1529478,19,,,0,12,,1529476,19,,,0,21,,1529479,19,,,0,54,,1529477,19,,,0,14,,1529480,19,,,0
58201,'20261009',623,,1529483,19,,,0,12,,1529481,19,,,0,21,,1529484,19,,,0,54,,1529482,19,,,0,14,,1529485,19,,,0
