101,'20260929',549,,1540635,15,,,1,60,,1540636,15,,,1,20,,1540637,15,,,1,18,,1540638,15,,,1,53,,1540639,15,,,1,16,,1540640,15,,,1,16,,1540641,15,,,1,17,,1540642,15,,,1,53,,1540643,15,,,1,15,,1540644,15,,,1,15,,1540645,15,,,1,16,,1540646,15,,,1,55,,1540647,15,,,1,30,,1540648,15,,,1,68,,1540649,15,,,1,29,,1540650,15,,,1,70,,1540651,15,,,1,30,,1540652,15,,,1,70,,1540653,15,,,1,29,,1540654,15,,,1,30,,1540655,15,,,1,70,,1540656,15,,,1,30,,1540657,15,,,1,70,,1540658,15,,,1,29,,1540659,15,,,1,55,,1540660,15,,,1,13,,1540661,15,,,1,14,,1540662,15,,,1,15,,1540663,15,,,1,56,,1540664,15,,,1,16,,1540665,15,,,1,23,,1540666,15,,,1,70,,1540667,15,,,1,32,,1540668,15,,,1,73,,1540669,15,,,1,30,,1540670,15,,,1,70,,1540671,15,,,1,31,,1540672,15,,,1,100,,1540673,15,,,1,101,,1540674,15,,,1,100,,1540675,15,,,1,100,,1540676,15,,,1
101,'20260930',549,,1540677,15,,,1,60,,1540678,15,,,1,20,,1540679,15,,,1,18,,1540680,15,,,1,53,,1540681,15,,,1,16,,1540682,15,,,1,16,,1540683,15,,,1,17,,1540684,15,,,1,53,,1540685,15,,,1,15,,1540686,15,,,1,15,,1540687,15,,,1,16,,1540688,15,,,1,55,,1540689,15,,,1,30,,1540690,15,,,1,68,,1540691,15,,,1,29,,1540692,15,,,1,70,,1540693,15,,,1,30,,1540694,15,,,1,70,,1540695,15,,,1,29,,1540696,15,,,1,30,,1540697,15,,,1,70,,1540698,15,,,1,30,,1540699,15,,,1,70,,1540700,15,,,1,29,,1540701,15,,,1,55,,1540702,15,,,1,13,,1540703,15,,,1,14,,1540704,15,,,1,15,,1540705,15,,,1,56,,1540706,15,,,1,16,,1540707,15,,,1,23,,1540708,15,,,1,70,,1540709,15,,,1,32,,1540710,15,,,1,73,,1540711,15,,,1,30,,1540712,15,,,1,70,,1540713,15,,,1,31,,1540714,15,,,1,100,,1540715,15,,,1,101,,1540716,15,,,1,100,,1540717,15,,,1,100,,1540718,15,,,1
101,'20261001',549,,1540719,15,,,1,60,,1540720,15,,,1,20,,1540721,15,,,1,18,,1540722,15,,,1,53,,1540723,15,,,1,16,,1540724,15,,,1,16,,1540725,15,,,1,17,,1540726,15,,,1,53,,1540727,15,,,1,15,,1540728,15,,,1,15,,1540729,15,,,1,16,,1540730,15,,,1,55,,1540731,15,,,1,30,,1540732,15,,,1,68,,1540733,15,,,1,29,,1540734,15,,,1,70,,1540735,15,,,1,30,,1540736,15,,,1,70,,1540737,15,,,1,29,,1540738,15,,,1,30,,1540739,15,,,1,70,,1540740,15,,,1,30,,1540741,15,,,1,70,,1540742,15,,,1,29,,1540743,15,,,1,55,,1540744,15,,,1,13,,1540745,15,,,1,14,,1540746,15,,,1,15,,1540747,15,,,1,56,,1540748,15,,,1,16,,1540749,15,,,1,23,,1540750,15,,,1,70,,1540751,15,,,1,32,,1540752,15,,,1,73,,1540753,15,,,1,30,,1540754,15,,,1,70,,1540755,15,,,1,31,,1540756,15,,,1,100,,1540757,15,,,1,101,,1540758,15,,,1,100,,1540759,15,,,1,100,,1540760,15,,,1
101,'20261002',549,,1463051,15,,,1,60,,1463052,15,,,1,20,,1463089,15,,,1,18,,1463053,15,,,1,53,,1463090,15,,,1,16,,1463054,15,,,1,16,,1463091,15,,,1,17,,1463055,15,,,1,53,,1463081,15,,,1,15,,1463056,15,,,1,15,,1463087,15,,,1,16,,1463057,15,,,1,55,,1463058,15,,,1,30,,1463059,15,,,1,68,,1463060,15,,,1,29,,1463061,15,,,1,70,,1463062,15,,,1,30,,1463063,15,,,1,70,,1463064,15,,,1,29,,1463065,15,,,1,30,,1463066,15,,,1,70,,1463067,15,,,1,30,,1463068,15,,,1,70,,1463069,15,,,1,29,,1463070,15,,,1,55,,1463071,15,,,1,13,,1463072,15,,,1,14,,1463092,15,,,1,15,,1463088,15,,,1,56,,1463073,15,,,1,16,,1463074,15,,,1,23,,1463086,15,,,1,70,,1463075,15,,,1,32,,1463076,15,,,1,73,,1463077,15,,,1,30,,1463078,15,,,1,70,,1463079,15,,,1,31,,1463080,15,,,1,100,,1463085,15,,,1,101,,1463082,15,,,1,100,,1463083,15,,,1,100,,1463084,15,,,1
101,'20261003',600,,1486083,15,,,1,59,,1486060,15,,,1,100,,1486061,15,,,1,100,,1486062,15,,,1,98,,1486063,15,,,1,99,,1486064,15,,,1,69,,1486082,15,,,1,31,,1486065,15,,,1,69,,1486066,15,,,1,31,,1486067,15,,,1,68,,1486068,15,,,1,30,,1486069,15,,,1,70,,1486070,15,,,1,30,,1486071,15,,,1,70,,1486072,15,,,1,29,,1486073,15,,,1,71,,1486074,15,,,1,30,,1486075,15,,,1,102,,1486076,15,,,1,102,,1486077,15,,,1,101,,1486078,15,,,1,100,,1486079,15,,,1,141,,1486080,15,,,1,100,,1486081,15,,,1,100,,1486084,15,,,1
101,'20261004',600,,1486108,15,,,1,59,,1486085,15,,,1,100,,1486086,15,,,1,100,,1486087,15,,,1,98,,1486088,15,,,1,99,,1486089,15,,,1,69,,1486107,15,,,1,31,,1486090,15,,,1,69,,1486091,15,,,1,31,,1486092,15,,,1,68,,1486093,15,,,1,30,,1486094,15,,,1,70,,1486095,15,,,1,30,,1486096,15,,,1,70,,1486097,15,,,1,29,,1486098,15,,,1,71,,1486099,15,,,1,30,,1486100,15,,,1,102,,1486101,15,,,1,102,,1486102,15,,,1,101,,1486103,15,,,1,100,,1486104,15,,,1,141,,1486105,15,,,1,100,,1486106,15,,,1,100,,1486109,15,,,1
101,'20261005',549,,1486110,15,,,1,60,,1486111,15,,,1,20,,1486148,15,,,1,18,,1486112,15,,,1,53,,1486149,15,,,1,16,,1486113,15,,,1,16,,1486150,15,,,1,17,,1486114,15,,,1,53,,1486140,15,,,1,15,,1486115,15,,,1,15,,1486146,15,,,1,16,,1486116,15,,,1,55,,1486117,15,,,1,30,,1486118,15,,,1,68,,1486119,15,,,1,29,,1486120,15,,,1,70,,1486121,15,,,1,30,,1486122,15,,,1,70,,1486123,15,,,1,29,,1486124,15,,,1,30,,1486125,15,,,1,70,,1486126,15,,,1,30,,1486127,15,,,1,70,,1486128,15,,,1,29,,1486129,15,,,1,55,,1486130,15,,,1,13,,1486131,15,,,1,14,,1486151,15,,,1,15,,1486147,15,,,1,56,,1486132,15,,,1,16,,1486133,15,,,1,23,,1486145,15,,,1,70,,1486134,15,,,1,32,,1486135,15,,,1,73,,1486136,15,,,1,30,,1486137,15,,,1,70,,1486138,15,,,1,31,,1486139,15,,,1,100,,1486144,15,,,1,101,,1486141,15,,,1,100,,1486142,15,,,1,100,,1486143,15,,,1
101,'20261006',549,,1509141,15,,,1,60,,1509142,15,,,1,20,,1509179,15,,,1,18,,1509143,15,,,1,53,,1509180,15,,,1,16,,1509144,15,,,1,16,,1509181,15,,,1,17,,1509145,15,,,1,53,,1509171,15,,,1,15,,1509146,15,,,1,15,,1509177,15,,,1,16,,1509147,15,,,1,55,,1509148,15,,,1,30,,1509149,15,,,1,68,,1509150,15,,,1,29,,1509151,15,,,1,70,,1509152,15,,,1,30,,1509153,15,,,1,70,,1509154,15,,,1,29,,1509155,15,,,1,30,,1509156,15,,,1,70,,1509157,15,,,1,30,,1509158,15,,,1,70,,1509159,15,,,1,29,,1509160,15,,,1,55,,1509161,15,,,1,13,,1509162,15,,,1,14,,1509182,15,,,1,15,,1509178,15,,,1,56,,1509163,15,,,1,16,,1509164,15,,,1,23,,1509176,15,,,1,70,,1509165,15,,,1,32,,1509166,15,,,1,73,,1509167,15,,,1,30,,1509168,15,,,1,70,,1509169,15,,,1,31,,1509170,15,,,1,100,,1509175,15,,,1,101,,1509172,15,,,1,100,,1509173,15,,,1,100,,1509174,15,,,1
101,'20261007',549,,1509183,15,,,1,60,,1509184,15,,,1,20,,1509221,15,,,1,18,,1509185,15,,,1,53,,1509222,15,,,1,16,,1509186,15,,,1,16,,1509223,15,,,1,17,,1509187,15,,,1,53,,1509213,15,,,1,15,,1509188,15,,,1,15,,1509219,15,,,1,16,,1509189,15,,,1,55,,1509190,15,,,1,30,,1509191,15,,,1,68,,1509192,15,,,1,29,,1509193,15,,,1,70,,1509194,15,,,1,30,,1509195,15,,,1,70,,1509196,15,,,1,29,,1509197,15,,,1,30,,1509198,15,,,1,70,,1509199,15,,,1,30,,1509200,15,,,1,70,,1509201,15,,,1,29,,1509202,15,,,1,55,,1509203,15,,,1,13,,1509204,15,,,1,14,,1509224,15,,,1,15,,1509220,15,,,1,56,,1509205,15,,,1,16,,1509206,15,,,1,23,,1509218,15,,,1,70,,1509207,15,,,1,32,,1509208,15,,,1,73,,1509209,15,,,1,30,,1509210,15,,,1,70,,1509211,15,,,1,31,,1509212,15,,,1,100,,1509217,15,,,1,101,,1509214,15,,,1,100,,1509215,15,,,1,100,,1509216,15,,,1
101,'20261008',549,,1509225,15,,,1,60,,1509226,15,,,1,20,,1509263,15,,,1,18,,1509227,15,,,1,53,,1509264,15,,,1,16,,1509228,15,,,1,16,,1509265,15,,,1,17,,1509229,15,,,1,53,,1509255,15,,,1,15,,1509230,15,,,1,15,,1509261,15,,,1,16,,1509231,15,,,1,55,,1509232,15,,,1,30,,1509233,15,,,1,68,,1509234,15,,,1,29,,1509235,15,,,1,70,,1509236,15,,,1,30,,1509237,15,,,1,70,,1509238,15,,,1,29,,1509239,15,,,1,30,,1509240,15,,,1,70,,1509241,15,,,1,30,,1509242,15,,,1,70,,1509243,15,,,1,29,,1509244,15,,,1,55,,1509245,15,,,1,13,,1509246,15,,,1,14,,1509266,15,,,1,15,,1509262,15,,,1,56,,1509247,15,,,1,16,,1509248,15,,,1,23,,1509260,15,,,1,70,,1509249,15,,,1,32,,1509250,15,,,1,73,,1509251,15,,,1,30,,1509252,15,,,1,70,,1509253,15,,,1,31,,1509254,15,,,1,100,,1509259,15,,,1,101,,1509256,15,,,1,100,,1509257,15,,,1,100,,1509258,15,,,1
101,'20261009',549,,1509267,15,,,1,60,,1509268,15,,,1,20,,1509305,15,,,1,18,,1509269,15,,,1,53,,1509306,15,,,1,16,,1509270,15,,,1,16,,1509307,15,,,1,17,,1509271,15,,,1,53,,1509297,15,,,1,15,,1509272,15,,,1,15,,1509303,15,,,1,16,,1509273,15,,,1,55,,1509274,15,,,1,30,,1509275,15,,,1,68,,1509276,15,,,1,29,,1509277,15,,,1,70,,1509278,15,,,1,30,,1509279,15,,,1,70,,1509280,15,,,1,29,,1509281,15,,,1,30,,1509282,15,,,1,70,,1509283,15,,,1,30,,1509284,15,,,1,70,,1509285,15,,,1,29,,1509286,15,,,1,55,,1509287,15,,,1,13,,1509288,15,,,1,14,,1509308,15,,,1,15,,1509304,15,,,1,56,,1509289,15,,,1,16,,1509290,15,,,1,23,,1509302,15,,,1,70,,1509291,15,,,1,32,,1509292,15,,,1,73,,1509293,15,,,1,30,,1509294,15,,,1,70,,1509295,15,,,1,31,,1509296,15,,,1,100,,1509301,15,,,1,101,,1509298,15,,,1,100,,1509299,15,,,1,100,,1509300,15,,,1
101,'20261010',600,,1540784,15,,,1,59,,1540761,15,,,1,100,,1540762,15,,,1,100,,1540763,15,,,1,98,,1540764,15,,,1,99,,1540765,15,,,1,69,,1540783,15,,,1,31,,1540766,15,,,1,69,,1540767,15,,,1,31,,1540768,15,,,1,68,,1540769,15,,,1,30,,1540770,15,,,1,70,,1540771,15,,,1,30,,1540772,15,,,1,70,,1540773,15,,,1,29,,1540774,15,,,1,71,,1540775,15,,,1,30,,1540776,15,,,1,102,,1540777,15,,,1,102,,1540778,15,,,1,101,,1540779,15,,,1,100,,1540780,15,,,1,141,,1540781,15,,,1,100,,1540782,15,,,1,100,,1540785,15,,,1
101,'20261011',600,,1540809,15,,,1,59,,1540786,15,,,1,100,,1540787,15,,,1,100,,1540788,15,,,1,98,,1540789,15,,,1,99,,1540790,15,,,1,69,,1540808,15,,,1,31,,1540791,15,,,1,69,,1540792,15,,,1,31,,1540793,15,,,1,68,,1540794,15,,,1,30,,1540795,15,,,1,70,,1540796,15,,,1,30,,1540797,15,,,1,70,,1540798,15,,,1,29,,1540799,15,,,1,71,,1540800,15,,,1,30,,1540801,15,,,1,102,,1540802,15,,,1,102,,1540803,15,,,1,101,,1540804,15,,,1,100,,1540805,15,,,1,141,,1540806,15,,,1,100,,1540807,15,,,1,100,,1540810,15,,,1
101,'20261012',600,,1540834,15,,,1,59,,1540811,15,,,1,100,,1540812,15,,,1,100,,1540813,15,,,1,98,,1540814,15,,,1,99,,1540815,15,,,1,69,,1540833,15,,,1,31,,1540816,15,,,1,69,,1540817,15,,,1,31,,1540818,15,,,1,68,,1540819,15,,,1,30,,1540820,15,,,1,70,,1540821,15,,,1,30,,1540822,15,,,1,70,,1540823,15,,,1,29,,1540824,15,,,1,71,,1540825,15,,,1,30,,1540826,15,,,1,102,,1540827,15,,,1,102,,1540828,15,,,1,101,,1540829,15,,,1,100,,1540830,15,,,1,141,,1540831,15,,,1,100,,1540832,15,,,1,100,,1540835,15,,,1
1900,'20260929',619,,1543626,19,,,0,105,,1543627,19,,,0,31,,1543628,19,,,0,66,,1543625,19,,,0,31,,1543629,19,,,0,100,,1543630,19,,,0,100,,1543631,19,,,0,100,,1543632,19,,,0,100,,1543633,19,,,0,100,,1543634,19,,,0,98,,1543635,19,,,0,70,,1543636,19,,,0,26,,1543637,19,,,0,70,,1543624,19,,,0,29,,1543623,19,,,0,74,,1543639,19,,,0,31,,1543640,19,,,0,71,,1543641,19,,,0,31,,1543642,19,,,0,100,,1543643,19,,,0,101,,1543644,19,,,0,100,,1543645,19,,,0,100,,1543646,19,,,0,100,,1543647,19,,,0
1900,'20260930',619,,1543651,19,,,0,105,,1543652,19,,,0,31,,1543653,19,,,0,66,,1543650,19,,,0,31,,1543654,19,,,0,100,,1543655,19,,,0,100,,1543656,19,,,0,100,,1543657,19,,,0,100,,1543658,19,,,0,100,,1543659,19,,,0,98,,1543660,19,,,0,70,,1543661,19,,,0,26,,1543662,19,,,0,70,,1543649,19,,,0,29,,1543648,19,,,0,74,,1543664,19,,,0,31,,1543665,19,,,0,71,,1543666,19,,,0,31,,1543667,19,,,0,100,,1543668,19,,,0,101,,1543669,19,,,0,100,,1543670,19,,,0,100,,1543671,19,,,0,100,,1543672,19,,,0
1900,'20261001',619,,1543676,19,,,0,105,,1543677,19,,,0,31,,1543678,19,,,0,66,,1543675,19,,,0,31,,1543679,19,,,0,100,,1543680,19,,,0,100,,1543681,19,,,0,100,,1543682,19,,,0,100,,1543683,19,,,0,100,,1543684,19,,,0,98,,1543685,19,,,0,70,,1543686,19,,,0,26,,1543687,19,,,0,70,,1543674,19,,,0,29,,1543673,19,,,0,74,,1543689,19,,,0,31,,1543690,19,,,0,71,,1543691,19,,,0,31,,1543692,19,,,0,100,,1543693,19,,,0,101,,1543694,19,,,0,100,,1543695,19,,,0,100,,1543696,19,,,0,100,,1543697,19,,,0
1900,'20261002',619,,1466205,19,,,0,105,,1466206,19,,,0,31,,1466207,19,,,0,66,,1466208,19,,,0,31,,1466209,19,,,0,100,,1466210,19,,,0,100,,1466211,19,,,0,100,,1466212,19,,,0,100,,1466213,19,,,0,100,,1466214,19,,,0,98,,1466215,19,,,0,70,,1466216,19,,,0,26,,1466217,19,,,0,70,,1466218,19,,,0,29,,1466219,19,,,0,74,,1466220,19,,,0,31,,1466221,19,,,0,71,,1466222,19,,,0,31,,1466223,19,,,0,100,,1466224,19,,,0,101,,1466225,19,,,0,100,,1466226,19,,,0,100,,1466227,19,,,0,100,,1466228,19,,,0
1900,'20261003',648,,1489221,19,,,0,100,,1489222,19,,,0,99,,1489223,19,,,0,99,,1489224,19,,,0,101,,1489225,19,,,0,100,,1489226,19,,,0,98,,1489227,19,,,0,100,,1489228,19,,,0,101,,1489229,19,,,0,100,,1489230,19,,,0,100,,1489231,19,,,0,101,,1489232,19,,,0,99,,1489233,19,,,0,101,,1489234,19,,,0,100,,1489235,19,,,0,100,,1489236,19,,,0,100,,1489237,19,,,0,101,,1489238,19,,,0
1900,'20261004',648,,1489239,19,,,0,100,,1489240,19,,,0,99,,1489241,19,,,0,99,,1489242,19,,,0,101,,1489243,19,,,0,100,,1489244,19,,,0,98,,1489245,19,,,0,100,,1489246,19,,,0,101,,1489247,19,,,0,100,,1489248,19,,,0,100,,1489249,19,,,0,101,,1489250,19,,,0,99,,1489251,19,,,0,101,,1489252,19,,,0,100,,1489253,19,,,0,100,,1489254,19,,,0,100,,1489256,19,,,0,101,,1489255,19,,,0
1900,'20261005',619,,1489257,19,,,0,105,,1489258,19,,,0,31,,1489259,19,,,0,66,,1489260,19,,,0,31,,1489261,19,,,0,100,,1489262,19,,,0,100,,1489263,19,,,0,100,,1489264,19,,,0,100,,1489265,19,,,0,100,,1489266,19,,,0,98,,1489267,19,,,0,70,,1489268,19,,,0,26,,1489269,19,,,0,70,,1489270,19,,,0,29,,1489271,19,,,0,74,,1489272,19,,,0,31,,1489273,19,,,0,71,,1489274,19,,,0,31,,1489275,19,,,0,100,,1489276,19,,,0,101,,1489277,19,,,0,100,,1489278,19,,,0,100,,1489279,19,,,0,100,,1489280,19,,,0
1900,'20261006',619,,1513552,19,,,0,105,,1513553,19,,,0,31,,1513554,19,,,0,66,,1513555,19,,,0,31,,1513556,19,,,0,100,,1513557,19,,,0,100,,1513558,19,,,0,100,,1513559,19,,,0,100,,1513560,19,,,0,100,,1513561,19,,,0,98,,1513562,19,,,0,70,,1513563,19,,,0,26,,1513564,19,,,0,70,,1513565,19,,,0,29,,1513566,19,,,0,74,,1513567,19,,,0,31,,1513568,19,,,0,71,,1513569,19,,,0,31,,1513570,19,,,0,100,,1513571,19,,,0,101,,1513572,19,,,0,100,,1513573,19,,,0,100,,1513574,19,,,0,100,,1513575,19,,,0
1900,'20261007',619,,1513576,19,,,0,105,,1513577,19,,,0,31,,1513578,19,,,0,66,,1513579,19,,,0,31,,1513580,19,,,0,100,,1513581,19,,,0,100,,1513582,19,,,0,100,,1513583,19,,,0,100,,1513584,19,,,0,100,,1513585,19,,,0,98,,1513586,19,,,0,70,,1513587,19,,,0,26,,1513588,19,,,0,70,,1513589,19,,,0,29,,1513590,19,,,0,74,,1513591,19,,,0,31,,1513592,19,,,0,71,,1513593,19,,,0,31,,1513594,19,,,0,100,,1513595,19,,,0,101,,1513596,19,,,0,100,,1513597,19,,,0,100,,1513598,19,,,0,100,,1513599,19,,,0
1900,'20261008',619,,1513600,19,,,0,105,,1513601,19,,,0,31,,1513602,19,,,0,66,,1513603,19,,,0,31,,1513604,19,,,0,100,,1513605,19,,,0,100,,1513606,19,,,0,100,,1513607,19,,,0,100,,1513608,19,,,0,100,,1513609,19,,,0,98,,1513610,19,,,0,70,,1513611,19,,,0,26,,1513612,19,,,0,70,,1513613,19,,,0,29,,1513614,19,,,0,74,,1513615,19,,,0,31,,1513616,19,,,0,71,,1513617,19,,,0,31,,1513618,19,,,0,100,,1513619,19,,,0,101,,1513620,19,,,0,100,,1513621,19,,,0,100,,1513622,19,,,0,100,,1513623,19,,,0
1900,'20261009',619,,1513624,19,,,0,105,,1513625,19,,,0,31,,1513626,19,,,0,66,,1513627,19,,,0,31,,1513628,19,,,0,100,,1513629,19,,,0,100,,1513630,19,,,0,100,,1513631,19,,,0,100,,1513632,19,,,0,100,,1513633,19,,,0,98,,1513634,19,,,0,70,,1513635,19,,,0,26,,1513636,19,,,0,70,,1513637,19,,,0,29,,1513638,19,,,0,74,,1513639,19,,,0,31,,1513640,19,,,0,71,,1513641,19,,,0,31,,1513642,19,,,0,100,,1513643,19,,,0,101,,1513644,19,,,0,100,,1513645,19,,,0,100,,1513646,19,,,0,100,,1513647,19,,,0
1900,'20261010',648,,1543698,19,,,0,100,,1543699,19,,,0,99,,1543700,19,,,0,99,,1543701,19,,,0,101,,1543702,19,,,0,100,,1543703,19,,,0,98,,1543704,19,,,0,100,,1543705,19,,,0,101,,1543706,19,,,0,100,,1543707,19,,,0,100,,1543708,19,,,0,101,,1543709,19,,,0,99,,1543710,19,,,0,101,,1543711,19,,,0,100,,1543712,19,,,0,100,,1543713,19,,,0,100,,1543714,19,,,0,101,,1543715,19,,,0
1900,'20261011',648,,1543716,19,,,0,100,,1543717,19,,,0,99,,1543718,19,,,0,99,,1543719,19,,,0,101,,1543720,19,,,0,100,,1543721,19,,,0,98,,1543722,19,,,0,100,,1543723,19,,,0,101,,1543724,19,,,0,100,,1543725,19,,,0,100,,1543726,19,,,0,101,,1543727,19,,,0,99,,1543728,19,,,0,101,,1543729,19,,,0,100,,1543730,19,,,0,100,,1543731,19,,,0,100,,1543733,19,,,0,101,,1543732,19,,,0
1900,'20261012',648,,1543734,19,,,0,100,,1543735,19,,,0,99,,1543736,19,,,0,99,,1543737,19,,,0,101,,1543738,19,,,0,100,,1543739,19,,,0,98,,1543740,19,,,0,100,,1543741,19,,,0,101,,1543742,19,,,0,100,,1543743,19,,,0,100,,1543744,19,,,0,101,,1543745,19,,,0,99,,1543746,19,,,0,101,,1543747,19,,,0,100,,1543748,19,,,0,100,,1543749,19,,,0,100,,1543751,19,,,0,101,,1543750,19,,,0
8001,'20260929',647,,1549981,79,,,0,71,,1549982,79,,,0,32,,1549983,79,,,0,70,,1549984,79,,,0,28,,1549985,79,,,0,69,,1549986,79,,,0,29,,1549987,79,,,0,70,,1549988,79,,,0,30,,1549989,79,,,0,70,,1549990,79,,,0,30,,1549991,79,,,0,71,,1549992,79,,,0,30,,1549993,79,,,0,71,,1549994,79,,,0,29,,1549995,79,,,0,70,,1549996,79,,,0,31,,1549997,79,,,0,72,,1549998,79,,,0,31,,1549999,79,,,0,68,,1549980,42,,,0,2,,1550000,79,,,0,32,,1550001,79,,,0,70,,1550002,79,,,0,26,,1550003,79,,,0,68,,1550004,79,,,0,29,,1550005,79,,,0,70,,1550006,79,,,0,30,,1550007,79,,,0,69,,1550014,42,,,0,29,,1550008,79,,,0,70,,1550015,42,,,0,30,,1550009,79,,,0,70,,1550016,42,,,0,30,,1550010,79,,,0,70,,1550017,42,,,0,30,,1550011,79,,,0,70,,1550012,79,,,0
8001,'20260930',647,,1550019,79,,,0,71,,1550020,79,,,0,32,,1550021,79,,,0,70,,1550022,79,,,0,28,,1550023,79,,,0,69,,1550024,79,,,0,29,,1550025,79,,,0,70,,1550026,79,,,0,30,,1550027,79,,,0,70,,1550028,79,,,0,30,,1550029,79,,,0,71,,1550030,79,,,0,30,,1550031,79,,,0,71,,1550032,79,,,0,29,,1550033,79,,,0,70,,1550034,79,,,0,31,,1550035,79,,,0,72,,1550036,79,,,0,31,,1550037,79,,,0,68,,1550018,42,,,0,2,,1550038,79,,,0,32,,1550039,79,,,0,70,,1550040,79,,,0,26,,1550041,79,,,0,68,,1550042,79,,,0,29,,1550043,79,,,0,70,,1550044,79,,,0,30,,1550045,79,,,0,69,,1550052,42,,,0,29,,1550046,79,,,0,70,,1550053,42,,,0,30,,1550047,79,,,0,70,,1550054,42,,,0,30,,1550048,79,,,0,70,,1550055,42,,,0,30,,1550049,79,,,0,70,,1550050,79,,,0
8001,'20261001',647,,1550057,79,,,0,71,,1550058,79,,,0,32,,1550059,79,,,0,70,,1550060,79,,,0,28,,1550061,79,,,0,69,,1550062,79,,,0,29,,1550063,79,,,0,70,,1550064,79,,,0,30,,1550065,79,,,0,70,,1550066,79,,,0,30,,1550067,79,,,0,71,,1550068,79,,,0,30,,1550069,79,,,0,71,,1550070,79,,,0,29,,1550071,79,,,0,70,,1550072,79,,,0,31,,1550073,79,,,0,72,,1550074,79,,,0,31,,1550075,79,,,0,68,,1550056,42,,,0,2,,1550076,79,,,0,32,,1550077,79,,,0,70,,1550078,79,,,0,26,,1550079,79,,,0,68,,1550080,79,,,0,29,,1550081,79,,,0,70,,1550082,79,,,0,30,,1550083,79,,,0,69,,1550090,42,,,0,29,,1550084,79,,,0,70,,1550091,42,,,0,30,,1550085,79,,,0,70,,1550092,42,,,0,30,,1550086,79,,,0,70,,1550093,42,,,0,30,,1550087,79,,,0,70,,1550088,79,,,0
8001,'20261002',647,,1472960,79,,,0,71,,1472961,79,,,0,32,,1472962,79,,,0,70,,1472963,79,,,0,28,,1472964,79,,,0,69,,1472965,79,,,0,29,,1472966,79,,,0,70,,1472967,79,,,0,30,,1472968,79,,,0,70,,1472969,79,,,0,30,,1472970,79,,,0,71,,1472971,79,,,0,30,,1472972,79,,,0,71,,1472973,79,,,0,29,,1472974,79,,,0,70,,1472975,79,,,0,31,,1472976,79,,,0,72,,1472977,79,,,0,31,,1472978,79,,,0,70,,1472979,79,,,0,32,,1472980,79,,,0,70,,1472981,79,,,0,26,,1472982,79,,,0,68,,1472983,79,,,0,29,,1472984,79,,,0,70,,1472985,79,,,0,30,,1472991,79,,,0,69,,1472986,42,,,0,29,,1472992,79,,,0,70,,1472987,42,,,0,30,,1472993,79,,,0,70,,1472988,42,,,0,30,,1472994,79,,,0,70,,1472989,42,,,0,30,,1472995,79,,,0,70,,1472990,79,,,0
8001,'20261003',644,,1495955,79,,,0,70,,1495924,79,,,0,30,,1495942,79,,,0,70,,1495925,79,,,0,30,,1495943,79,,,0,70,,1495926,79,,,0,30,,1495944,79,,,0,71,,1495927,79,,,0,30,,1495945,79,,,0,70,,1495928,79,,,0,30,,1495946,79,,,0,70,,1495929,79,,,0,30,,1495947,79,,,0,71,,1495930,79,,,0,30,,1495948,79,,,0,70,,1495931,79,,,0,30,,1495949,79,,,0,70,,1495932,79,,,0,30,,1495950,79,,,0,70,,1495933,79,,,0,30,,1495951,79,,,0,70,,1495934,79,,,0,29,,1495952,79,,,0,70,,1495935,79,,,0,29,,1495953,79,,,0,70,,1495936,79,,,0,30,,1495954,79,,,0,70,,1495937,79,,,0,30,,1495959,42,,,0,70,,1495938,79,,,0,30,,1495958,42,,,0,70,,1495939,79,,,0,29,,1495957,42,,,0,70,,1495940,79,,,0,30,,1495956,42,,,0,70,,1495941,79,,,0
8001,'20261004',644,,1495991,79,,,0,70,,1495960,79,,,0,30,,1495978,79,,,0,70,,1495961,79,,,0,30,,1495979,79,,,0,70,,1495962,79,,,0,30,,1495980,79,,,0,71,,1495963,79,,,0,30,,1495981,79,,,0,70,,1495964,79,,,0,30,,1495982,79,,,0,70,,1495965,79,,,0,30,,1495983,79,,,0,71,,1495966,79,,,0,30,,1495984,79,,,0,70,,1495967,79,,,0,30,,1495985,79,,,0,70,,1495968,79,,,0,30,,1495986,79,,,0,70,,1495969,79,,,0,30,,1495987,79,,,0,70,,1495970,79,,,0,29,,1495988,79,,,0,70,,1495971,79,,,0,29,,1495989,79,,,0,70,,1495972,79,,,0,30,,1495990,79,,,0,70,,1495973,79,,,0,30,,1495992,42,,,0,70,,1495974,79,,,0,30,,1495993,42,,,0,70,,1495975,79,,,0,29,,1495994,42,,,0,70,,1495976,79,,,0,30,,1495995,42,,,0,70,,1495977,79,,,0
8001,'20261005',647,,1495996,79,,,0,71,,1495997,79,,,0,32,,1495998,79,,,0,70,,1495999,79,,,0,28,,1496000,79,,,0,69,,1496001,79,,,0,29,,1496002,79,,,0,70,,1496003,79,,,0,30,,1496004,79,,,0,70,,1496005,79,,,0,30,,1496006,79,,,0,71,,1496007,79,,,0,30,,1496008,79,,,0,71,,1496009,79,,,0,29,,1496010,79,,,0,70,,1496011,79,,,0,31,,1496012,79,,,0,72,,1496013,79,,,0,31,,1496014,79,,,0,70,,1496015,79,,,0,32,,1496016,79,,,0,70,,1496017,79,,,0,26,,1496018,79,,,0,68,,1496019,79,,,0,29,,1496020,79,,,0,70,,1496021,79,,,0,30,,1496027,79,,,0,69,,1496022,42,,,0,29,,1496028,79,,,0,70,,1496023,42,,,0,30,,1496029,79,,,0,70,,1496024,42,,,0,30,,1496030,79,,,0,70,,1496025,42,,,0,30,,1496031,79,,,0,70,,1496026,79,,,0
8001,'20261006',647,,1522748,79,,,0,71,,1522749,79,,,0,32,,1522750,79,,,0,70,,1522751,79,,,0,28,,1522752,79,,,0,69,,1522753,79,,,0,29,,1522754,79,,,0,70,,1522755,79,,,0,30,,1522756,79,,,0,70,,1522757,79,,,0,30,,1522758,79,,,0,71,,1522759,79,,,0,30,,1522760,79,,,0,71,,1522761,79,,,0,29,,1522762,79,,,0,70,,1522763,79,,,0,31,,1522764,79,,,0,72,,1522765,79,,,0,31,,1522766,79,,,0,70,,1522767,79,,,0,32,,1522768,79,,,0,70,,1522769,79,,,0,26,,1522770,79,,,0,68,,1522771,79,,,0,29,,1522772,79,,,0,70,,1522773,79,,,0,30,,1522779,79,,,0,69,,1522774,42,,,0,29,,1522780,79,,,0,70,,1522775,42,,,0,30,,1522781,79,,,0,70,,1522776,42,,,0,30,,1522782,79,,,0,70,,1522777,42,,,0,30,,1522783,79,,,0,70,,1522778,79,,,0
8001,'20261007',647,,1522785,79,,,0,71,,1522786,79,,,0,32,,1522787,79,,,0,70,,1522788,79,,,0,28,,1522789,79,,,0,69,,1522790,79,,,0,29,,1522791,79,,,0,70,,1522792,79,,,0,30,,1522793,79,,,0,70,,1522794,79,,,0,30,,1522795,79,,,0,71,,1522796,79,,,0,30,,1522797,79,,,0,71,,1522798,79,,,0,29,,1522799,79,,,0,70,,1522800,79,,,0,31,,1522801,79,,,0,72,,1522802,79,,,0,31,,1522803,79,,,0,70,,1522804,79,,,0,32,,1522805,79,,,0,70,,1522806,79,,,0,26,,1522807,79,,,0,68,,1522808,79,,,0,29,,1522809,79,,,0,70,,1522810,79,,,0,30,,1522816,79,,,0,69,,1522811,42,,,0,29,,1522817,79,,,0,70,,1522812,42,,,0,30,,1522818,79,,,0,70,,1522813,42,,,0,30,,1522819,79,,,0,70,,1522814,42,,,0,30,,1522820,79,,,0,70,,1522815,79,,,0
8001,'20261008',647,,1522822,79,,,0,71,,1522823,79,,,0,32,,1522824,79,,,0,70,,1522825,79,,,0,28,,1522826,79,,,0,69,,1522827,79,,,0,29,,1522828,79,,,0,70,,1522829,79,,,0,30,,1522830,79,,,0,70,,1522831,79,,,0,30,,1522832,79,,,0,71,,1522833,79,,,0,30,,1522834,79,,,0,71,,1522835,79,,,0,29,,1522836,79,,,0,70,,1522837,79,,,0,31,,1522838,79,,,0,72,,1522839,79,,,0,31,,1522840,79,,,0,70,,1522841,79,,,0,32,,1522842,79,,,0,70,,1522843,79,,,0,26,,1522844,79,,,0,68,,1522845,79,,,0,29,,1522846,79,,,0,70,,1522847,79,,,0,30,,1522853,79,,,0,69,,1522848,42,,,0,29,,1522854,79,,,0,70,,1522849,42,,,0,30,,1522855,79,,,0,70,,1522850,42,,,0,30,,1522856,79,,,0,70,,1522851,42,,,0,30,,1522857,79,,,0,70,,1522852,79,,,0
8001,'20261009',647,,1522859,79,,,0,71,,1522860,79,,,0,32,,1522861,79,,,0,70,,1522862,79,,,0,28,,1522863,79,,,0,69,,1522864,79,,,0,29,,1522865,79,,,0,70,,1522866,79,,,0,30,,1522867,79,,,0,70,,1522868,79,,,0,30,,1522869,79,,,0,71,,1522870,79,,,0,30,,1522871,79,,,0,71,,1522872,79,,,0,29,,1522873,79,,,0,70,,1522874,79,,,0,31,,1522875,79,,,0,72,,1522876,79,,,0,31,,1522877,79,,,0,70,,1522878,79,,,0,32,,1522879,79,,,0,70,,1522880,79,,,0,26,,1522881,79,,,0,68,,1522882,79,,,0,29,,1522883,79,,,0,70,,1522884,79,,,0,30,,1522890,79,,,0,69,,1522885,42,,,0,29,,1522891,79,,,0,70,,1522886,42,,,0,30,,1522892,79,,,0,70,,1522887,42,,,0,30,,1522893,79,,,0,70,,1522888,42,,,0,30,,1522894,79,,,0,70,,1522889,79,,,0
8001,'20261010',644,,1550125,79,,,0,70,,1550094,79,,,0,30,,1550112,79,,,0,70,,1550095,79,,,0,30,,1550113,79,,,0,70,,1550096,79,,,0,30,,1550114,79,,,0,71,,1550097,79,,,0,30,,1550115,79,,,0,70,,1550098,79,,,0,30,,1550116,79,,,0,70,,1550099,79,,,0,30,,1550117,79,,,0,71,,1550100,79,,,0,30,,1550118,79,,,0,70,,1550101,79,,,0,30,,1550119,79,,,0,70,,1550102,79,,,0,30,,1550120,79,,,0,70,,1550103,79,,,0,30,,1550121,79,,,0,70,,1550104,79,,,0,29,,1550122,79,,,0,70,,1550105,79,,,0,29,,1550123,79,,,0,70,,1550106,79,,,0,30,,1550124,79,,,0,70,,1550107,79,,,0,30,,1550129,42,,,0,70,,1550108,79,,,0,30,,1550128,42,,,0,70,,1550109,79,,,0,29,,1550127,42,,,0,70,,1550110,79,,,0,30,,1550126,42,,,0,70,,1550111,79,,,0
8001,'20261011',644,,1550161,79,,,0,70,,1550130,79,,,0,30,,1550148,79,,,0,70,,1550131,79,,,0,30,,1550149,79,,,0,70,,1550132,79,,,0,30,,1550150,79,,,0,71,,1550133,79,,,0,30,,1550151,79,,,0,70,,1550134,79,,,0,30,,1550152,79,,,0,70,,1550135,79,,,0,30,,1550153,79,,,0,71,,1550136,79,,,0,30,,1550154,79,,,0,70,,1550137,79,,,0,30,,1550155,79,,,0,70,,1550138,79,,,0,30,,1550156,79,,,0,70,,1550139,79,,,0,30,,1550157,79,,,0,70,,1550140,79,,,0,29,,1550158,79,,,0,70,,1550141,79,,,0,29,,1550159,79,,,0,70,,1550142,79,,,0,30,,1550160,79,,,0,70,,1550143,79,,,0,30,,1550162,42,,,0,70,,1550144,79,,,0,30,,1550163,42,,,0,70,,1550145,79,,,0,29,,1550164,42,,,0,70,,1550146,79,,,0,30,,1550165,42,,,0,70,,1550147,79,,,0
8001,'20261012',644,,1550197,79,,,0,70,,1550166,79,,,0,30,,1550184,79,,,0,70,,1550167,79,,,0,30,,1550185,79,,,0,70,,1550168,79,,,0,30,,1550186,79,,,0,71,,1550169,79,,,0,30,,1550187,79,,,0,70,,1550170,79,,,0,30,,1550188,79,,,0,70,,1550171,79,,,0,30,,1550189,79,,,0,71,,1550172,79,,,0,30,,1550190,79,,,0,70,,1550173,79,,,0,30,,1550191,79,,,0,70,,1550174,79,,,0,30,,1550192,79,,,0,70,,1550175,79,,,0,30,,1550193,79,,,0,70,,1550176,79,,,0,29,,1550194,79,,,0,70,,1550177,79,,,0,29,,1550195,79,,,0,70,,1550178,79,,,0,30,,1550196,79,,,0,70,,1550179,79,,,0,30,,1550198,42,,,0,70,,1550180,79,,,0,30,,1550199,42,,,0,70,,1550181,79,,,0,29,,1550200,42,,,0,70,,1550182,79,,,0,30,,1550201,42,,,0,70,,1550183,79,,,0
