401,'20261009',529,,1595379,6,,,0,30,,1595380,6,,,0,67,,1595381,6,,,0,30,,1595382,6,,,0,52,,1595383,6,,,0,14,,1595384,6,,,0,13,,1595385,6,,,0,9,,1595386,6,,,0,6,,1595387,6,,,0,8,,1595377,6,,,0,44,,1595388,6,,,0,10,,1595378,6,,,0,2,,1595389,6,,,0,15,,1595390,6,,,0,15,,1595391,6,,,0,56,,1595392,6,,,0,17,,1595393,6,,,0,30,,1595394,6,,,0,72,,1595395,6,,,0,29,,1595396,6,,,0,68,,1595397,6,,,0,31,,1595398,6,,,0,69,,1595399,6,,,0,14,,1595400,6,,,0,16,,1595401,6,,,0,71,,1595402,6,,,0,30,,1595403,6,,,0,69,,1595404,6,,,0,27,,1595405,6,,,0,14,,1595406,6,,,0,58,,1595407,6,,,0,17,,1595408,6,,,0,16,,1595409,6,,,0,56,,1595410,6,,,0,11,,1595411,6,,,0,18,,1595412,6,,,0,15,,1595413,6,,,0,57,,1595414,6,,,0,16,,1595415,6,,,0,20,,1595416,6,,,0,64,,1595417,6,,,0,101,,1595418,6,,,0,102,,1595419,6,,,0,101,,1595420,6,,,0,100,,1595421,6,,,0,100,,1595422,6,,,0,97,,1595423,6,,,0
401,'20261010',650,,1626624,6,,,0,99,,1626625,6,,,0,97,,1626626,6,,,0,98,,1626627,6,,,0,101,,1626628,6,,,0,98,,1626629,6,,,0,100,,1626630,6,,,0,100,,1626631,6,,,0,100,,1626632,6,,,0,100,,1626633,6,,,0,102,,1626634,6,,,0,99,,1626635,6,,,0,101,,1626636,6,,,0,99,,1626637,6,,,0,100,,1626638,6,,,0,99,,1626639,6,,,0,99,,1626640,6,,,0,98,,1626641,6,,,0
401,'20261011',650,,1626642,6,,,0,99,,1626643,6,,,0,97,,1626644,6,,,0,98,,1626645,6,,,0,101,,1626646,6,,,0,98,,1626647,6,,,0,100,,1626648,6,,,0,100,,1626649,6,,,0,100,,1626650,6,,,0,100,,1626651,6,,,0,102,,1626652,6,,,0,99,,1626653,6,,,0,101,,1626654,6,,,0,99,,1626655,6,,,0,100,,1626656,6,,,0,99,,1626657,6,,,0,99,,1626658,6,,,0,98,,1626659,6,,,0
401,'20261012',650,,1626660,6,,,0,99,,1626661,6,,,0,97,,1626662,6,,,0,98,,1626663,6,,,0,101,,1626664,6,,,0,98,,1626665,6,,,0,100,,1626666,6,,,0,100,,1626667,6,,,0,100,,1626668,6,,,0,100,,1626669,6,,,0,102,,1626670,6,,,0,99,,1626671,6,,,0,101,,1626672,6,,,0,99,,1626673,6,,,0,100,,1626674,6,,,0,99,,1626675,6,,,0,99,,1626676,6,,,0,98,,1626677,6,,,0
401,'20261013',529,,1563677,6,,,0,30,,1563673,6,,,0,67,,1563670,6,,,0,30,,1563676,6,,,0,52,,1563702,6,,,0,14,,1563671,6,,,0,13,,1563713,6,,,0,9,,1563703,6,,,0,6,,1563714,6,,,0,52,,1563678,6,,,0,12,,1563700,6,,,0,15,,1563679,6,,,0,15,,1563704,6,,,0,56,,1563674,6,,,0,17,,1563705,6,,,0,30,,1563680,6,,,0,72,,1563681,6,,,0,29,,1563672,6,,,0,68,,1563682,6,,,0,31,,1563683,6,,,0,69,,1563684,6,,,0,14,,1563706,6,,,0,16,,1563686,6,,,0,71,,1563685,6,,,0,30,,1563687,6,,,0,69,,1563688,6,,,0,27,,1563675,6,,,0,14,,1563707,6,,,0,58,,1563694,6,,,0,17,,1563708,6,,,0,16,,1563695,6,,,0,56,,1563709,6,,,0,11,,1563696,6,,,0,18,,1563710,6,,,0,15,,1563698,6,,,0,57,,1563711,6,,,0,16,,1563712,6,,,0,20,,1563701,6,,,0,64,,1563689,6,,,0,101,,1563699,6,,,0,102,,1563690,6,,,0,101,,1563691,6,,,0,100,,1563697,6,,,0,100,,1563692,6,,,0,97,,1563693,6,,,0
401,'20261014',529,,1563722,6,,,0,30,,1563718,6,,,0,67,,1563715,6,,,0,30,,1563721,6,,,0,52,,1563747,6,,,0,14,,1563716,6,,,0,13,,1563758,6,,,0,9,,1563748,6,,,0,6,,1563759,6,,,0,52,,1563723,6,,,0,12,,1563745,6,,,0,15,,1563724,6,,,0,15,,1563749,6,,,0,56,,1563719,6,,,0,17,,1563750,6,,,0,30,,1563725,6,,,0,72,,1563726,6,,,0,29,,1563717,6,,,0,68,,1563727,6,,,0,31,,1563728,6,,,0,69,,1563729,6,,,0,14,,1563751,6,,,0,16,,1563731,6,,,0,71,,1563730,6,,,0,30,,1563732,6,,,0,69,,1563733,6,,,0,27,,1563720,6,,,0,14,,1563752,6,,,0,58,,1563739,6,,,0,17,,1563753,6,,,0,16,,1563740,6,,,0,56,,1563754,6,,,0,11,,1563741,6,,,0,18,,1563755,6,,,0,15,,1563743,6,,,0,57,,1563756,6,,,0,16,,1563757,6,,,0,20,,1563746,6,,,0,64,,1563734,6,,,0,101,,1563744,6,,,0,102,,1563735,6,,,0,101,,1563736,6,,,0,100,,1563742,6,,,0,100,,1563737,6,,,0,97,,1563738,6,,,0
401,'20261015',529,,1563767,6,,,0,30,,1563763,6,,,0,67,,1563760,6,,,0,30,,1563766,6,,,0,52,,1563792,6,,,0,14,,1563761,6,,,0,13,,1563803,6,,,0,9,,1563793,6,,,0,6,,1563804,6,,,0,52,,1563768,6,,,0,12,,1563790,6,,,0,15,,1563769,6,,,0,15,,1563794,6,,,0,56,,1563764,6,,,0,17,,1563795,6,,,0,30,,1563770,6,,,0,72,,1563771,6,,,0,29,,1563762,6,,,0,68,,1563772,6,,,0,31,,1563773,6,,,0,69,,1563774,6,,,0,14,,1563796,6,,,0,16,,1563776,6,,,0,71,,1563775,6,,,0,30,,1563777,6,,,0,69,,1563778,6,,,0,27,,1563765,6,,,0,14,,1563797,6,,,0,58,,1563784,6,,,0,17,,1563798,6,,,0,16,,1563785,6,,,0,56,,1563799,6,,,0,11,,1563786,6,,,0,18,,1563800,6,,,0,15,,1563788,6,,,0,57,,1563801,6,,,0,16,,1563802,6,,,0,20,,1563791,6,,,0,64,,1563779,6,,,0,101,,1563789,6,,,0,102,,1563780,6,,,0,101,,1563781,6,,,0,100,,1563787,6,,,0,100,,1563782,6,,,0,97,,1563783,6,,,0
401,'20261016',529,,1563812,6,,,0,30,,1563808,6,,,0,67,,1563805,6,,,0,30,,1563811,6,,,0,52,,1563837,6,,,0,14,,1563806,6,,,0,13,,1563848,6,,,0,9,,1563838,6,,,0,6,,1563849,6,,,0,52,,1563813,6,,,0,12,,1563835,6,,,0,15,,1563814,6,,,0,15,,1563839,6,,,0,56,,1563809,6,,,0,17,,1563840,6,,,0,30,,1563815,6,,,0,72,,1563816,6,,,0,29,,1563807,6,,,0,68,,1563817,6,,,0,31,,1563818,6,,,0,69,,1563819,6,,,0,14,,1563841,6,,,0,16,,1563821,6,,,0,71,,1563820,6,,,0,30,,1563822,6,,,0,69,,1563823,6,,,0,27,,1563810,6,,,0,14,,1563842,6,,,0,58,,1563829,6,,,0,17,,1563843,6,,,0,16,,1563830,6,,,0,56,,1563844,6,,,0,11,,1563831,6,,,0,18,,1563845,6,,,0,15,,1563833,6,,,0,57,,1563846,6,,,0,16,,1563847,6,,,0,20,,1563836,6,,,0,64,,1563824,6,,,0,101,,1563834,6,,,0,102,,1563825,6,,,0,101,,1563826,6,,,0,100,,1563832,6,,,0,100,,1563827,6,,,0,97,,1563828,6,,,0
401,'20261017',650,,1595441,6,,,0,99,,1595424,6,,,0,97,,1595425,6,,,0,98,,1595426,6,,,0,101,,1595427,6,,,0,98,,1595428,6,,,0,100,,1595429,6,,,0,100,,1595430,6,,,0,100,,1595431,6,,,0,100,,1595432,6,,,0,102,,1595433,6,,,0,99,,1595434,6,,,0,101,,1595435,6,,,0,99,,1595436,6,,,0,100,,1595437,6,,,0,99,,1595438,6,,,0,99,,1595439,6,,,0,98,,1595440,6,,,0
401,'20261018',650,,1595459,6,,,0,99,,1595442,6,,,0,97,,1595443,6,,,0,98,,1595444,6,,,0,101,,1595445,6,,,0,98,,1595446,6,,,0,100,,1595447,6,,,0,100,,1595448,6,,,0,100,,1595449,6,,,0,100,,1595450,6,,,0,102,,1595451,6,,,0,99,,1595452,6,,,0,101,,1595453,6,,,0,99,,1595454,6,,,0,100,,1595455,6,,,0,99,,1595456,6,,,0,99,,1595457,6,,,0,98,,1595458,6,,,0
401,'20261019',529,,1595467,6,,,0,30,,1595463,6,,,0,67,,1595460,6,,,0,30,,1595466,6,,,0,52,,1595492,6,,,0,14,,1595461,6,,,0,13,,1595503,6,,,0,9,,1595493,6,,,0,6,,1595504,6,,,0,52,,1595468,6,,,0,12,,1595490,6,,,0,15,,1595469,6,,,0,15,,1595494,6,,,0,56,,1595464,6,,,0,17,,1595495,6,,,0,30,,1595470,6,,,0,72,,1595471,6,,,0,29,,1595462,6,,,0,68,,1595472,6,,,0,31,,1595473,6,,,0,69,,1595474,6,,,0,14,,1595496,6,,,0,16,,1595476,6,,,0,71,,1595475,6,,,0,30,,1595477,6,,,0,69,,1595478,6,,,0,27,,1595465,6,,,0,14,,1595497,6,,,0,58,,1595484,6,,,0,17,,1595498,6,,,0,16,,1595485,6,,,0,56,,1595499,6,,,0,11,,1595486,6,,,0,18,,1595500,6,,,0,15,,1595488,6,,,0,57,,1595501,6,,,0,16,,1595502,6,,,0,20,,1595491,6,,,0,64,,1595479,6,,,0,101,,1595489,6,,,0,102,,1595480,6,,,0,101,,1595481,6,,,0,100,,1595487,6,,,0,100,,1595482,6,,,0,97,,1595483,6,,,0
401,'20261020',529,,1595512,6,,,0,30,,1595508,6,,,0,67,,1595505,6,,,0,30,,1595511,6,,,0,52,,1595537,6,,,0,14,,1595506,6,,,0,13,,1595548,6,,,0,9,,1595538,6,,,0,6,,1595549,6,,,0,52,,1595513,6,,,0,12,,1595535,6,,,0,15,,1595514,6,,,0,15,,1595539,6,,,0,56,,1595509,6,,,0,17,,1595540,6,,,0,30,,1595515,6,,,0,72,,1595516,6,,,0,29,,1595507,6,,,0,68,,1595517,6,,,0,31,,1595518,6,,,0,69,,1595519,6,,,0,14,,1595541,6,,,0,16,,1595521,6,,,0,71,,1595520,6,,,0,30,,1595522,6,,,0,69,,1595523,6,,,0,27,,1595510,6,,,0,14,,1595542,6,,,0,58,,1595529,6,,,0,17,,1595543,6,,,0,16,,1595530,6,,,0,56,,1595544,6,,,0,11,,1595531,6,,,0,18,,1595545,6,,,0,15,,1595533,6,,,0,57,,1595546,6,,,0,16,,1595547,6,,,0,20,,1595536,6,,,0,64,,1595524,6,,,0,101,,1595534,6,,,0,102,,1595525,6,,,0,101,,1595526,6,,,0,100,,1595532,6,,,0,100,,1595527,6,,,0,97,,1595528,6,,,0
401,'20261021',529,,1626685,6,,,0,30,,1626681,6,,,0,67,,1626678,6,,,0,30,,1626684,6,,,0,52,,1626710,6,,,0,14,,1626679,6,,,0,13,,1626721,6,,,0,9,,1626711,6,,,0,6,,1626722,6,,,0,52,,1626686,6,,,0,12,,1626708,6,,,0,15,,1626687,6,,,0,15,,1626712,6,,,0,56,,1626682,6,,,0,17,,1626713,6,,,0,30,,1626688,6,,,0,72,,1626689,6,,,0,29,,1626680,6,,,0,68,,1626690,6,,,0,31,,1626691,6,,,0,69,,1626692,6,,,0,14,,1626714,6,,,0,16,,1626694,6,,,0,71,,1626693,6,,,0,30,,1626695,6,,,0,69,,1626696,6,,,0,27,,1626683,6,,,0,14,,1626715,6,,,0,58,,1626702,6,,,0,17,,1626716,6,,,0,16,,1626703,6,,,0,56,,1626717,6,,,0,11,,1626704,6,,,0,18,,1626718,6,,,0,15,,1626706,6,,,0,57,,1626719,6,,,0,16,,1626720,6,,,0,20,,1626709,6,,,0,64,,1626697,6,,,0,101,,1626707,6,,,0,102,,1626698,6,,,0,101,,1626699,6,,,0,100,,1626705,6,,,0,100,,1626700,6,,,0,97,,1626701,6,,,0
401,'20261022',529,,1626730,6,,,0,30,,1626726,6,,,0,67,,1626723,6,,,0,30,,1626729,6,,,0,52,,1626755,6,,,0,14,,1626724,6,,,0,13,,1626766,6,,,0,9,,1626756,6,,,0,6,,1626767,6,,,0,52,,1626731,6,,,0,12,,1626753,6,,,0,15,,1626732,6,,,0,15,,1626757,6,,,0,56,,1626727,6,,,0,17,,1626758,6,,,0,30,,1626733,6,,,0,72,,1626734,6,,,0,29,,1626725,6,,,0,68,,1626735,6,,,0,31,,1626736,6,,,0,69,,1626737,6,,,0,14,,1626759,6,,,0,16,,1626739,6,,,0,71,,1626738,6,,,0,30,,1626740,6,,,0,69,,1626741,6,,,0,27,,1626728,6,,,0,14,,1626760,6,,,0,58,,1626747,6,,,0,17,,1626761,6,,,0,16,,1626748,6,,,0,56,,1626762,6,,,0,11,,1626749,6,,,0,18,,1626763,6,,,0,15,,1626751,6,,,0,57,,1626764,6,,,0,16,,1626765,6,,,0,20,,1626754,6,,,0,64,,1626742,6,,,0,101,,1626752,6,,,0,102,,1626743,6,,,0,101,,1626744,6,,,0,100,,1626750,6,,,0,100,,1626745,6,,,0,97,,1626746,6,,,0
401,'20261023',529,,1626775,6,,,0,30,,1626771,6,,,0,67,,1626768,6,,,0,30,,1626774,6,,,0,52,,1626800,6,,,0,14,,1626769,6,,,0,13,,1626811,6,,,0,9,,1626801,6,,,0,6,,1626812,6,,,0,52,,1626776,6,,,0,12,,1626798,6,,,0,15,,1626777,6,,,0,15,,1626802,6,,,0,56,,1626772,6,,,0,17,,1626803,6,,,0,30,,1626778,6,,,0,72,,1626779,6,,,0,29,,1626770,6,,,0,68,,1626780,6,,,0,31,,1626781,6,,,0,69,,1626782,6,,,0,14,,1626804,6,,,0,16,,1626784,6,,,0,71,,1626783,6,,,0,30,,1626785,6,,,0,69,,1626786,6,,,0,27,,1626773,6,,,0,14,,1626805,6,,,0,58,,1626792,6,,,0,17,,1626806,6,,,0,16,,1626793,6,,,0,56,,1626807,6,,,0,11,,1626794,6,,,0,18,,1626808,6,,,0,15,,1626796,6,,,0,57,,1626809,6,,,0,16,,1626810,6,,,0,20,,1626799,6,,,0,64,,1626787,6,,,0,101,,1626797,6,,,0,102,,1626788,6,,,0,101,,1626789,6,,,0,100,,1626795,6,,,0,100,,1626790,6,,,0,97,,1626791,6,,,0
