7100,'20261006',622,,1605088,29,,,0,20,,1605089,29,,,0,59,,1605090,29,,,0,16,,1605091,29,,,0,20,,1605092,29,,,0,21,,1605093,29,,,0,63,,1605094,29,,,0,18,,1605095,29,,,0,61,,1605096,29,,,0,25,,1605097,29,,,0,19,,1605098,29,,,0,57,,1605099,29,,,0,20,,1605100,29,,,0,17,,1605101,29,,,0,19,,1605102,29,,,0,65,,1605103,29,,,0,21,,1605104,29,,,0,60,,1605105,29,,,0,20,,1605106,29,,,0,17,,1605107,29,,,0,19,,1605108,29,,,0,62,,1605109,29,,,0,21,,1605110,29,,,0,60,,1605111,29,,,0,20,,1605112,29,,,0,19,,1605113,29,,,0,62,,1605114,29,,,0,19,,1605115,29,,,0,19,,1605116,29,,,0,16,,1605117,29,,,0,60,,1605118,29,,,0,21,,1605119,29,,,0,63,,1605120,29,,,0,25,,1605121,29,,,0,23,,1605122,29,,,0,61,,1605123,29,,,0,21,,1605124,29,,,0,20,,1605125,29,,,0,61,,1605126,29,,,0,30,,1605127,29,,,0,70,,1605128,29,,,0,30,,1605129,29,,,0,70,,1605130,29,,,0,30,,1605131,29,,,0,70,,1605132,29,,,0,30,,1605133,29,,,0,71,,1605134,29,,,0
7100,'20261007',622,,1605135,29,,,0,20,,1605136,29,,,0,59,,1605137,29,,,0,16,,1605138,29,,,0,20,,1605139,29,,,0,21,,1605140,29,,,0,63,,1605141,29,,,0,18,,1605142,29,,,0,61,,1605143,29,,,0,25,,1605144,29,,,0,19,,1605145,29,,,0,57,,1605146,29,,,0,20,,1605147,29,,,0,17,,1605148,29,,,0,19,,1605149,29,,,0,65,,1605150,29,,,0,21,,1605151,29,,,0,60,,1605152,29,,,0,20,,1605153,29,,,0,17,,1605154,29,,,0,19,,1605155,29,,,0,62,,1605156,29,,,0,21,,1605157,29,,,0,60,,1605158,29,,,0,20,,1605159,29,,,0,19,,1605160,29,,,0,62,,1605161,29,,,0,19,,1605162,29,,,0,19,,1605163,29,,,0,16,,1605164,29,,,0,60,,1605165,29,,,0,21,,1605166,29,,,0,63,,1605167,29,,,0,25,,1605168,29,,,0,23,,1605169,29,,,0,61,,1605170,29,,,0,21,,1605171,29,,,0,20,,1605172,29,,,0,61,,1605173,29,,,0,30,,1605174,29,,,0,70,,1605175,29,,,0,30,,1605176,29,,,0,70,,1605177,29,,,0,30,,1605178,29,,,0,70,,1605179,29,,,0,30,,1605180,29,,,0,71,,1605181,29,,,0
7100,'20261008',622,,1605182,29,,,0,20,,1605183,29,,,0,59,,1605184,29,,,0,16,,1605185,29,,,0,20,,1605186,29,,,0,21,,1605187,29,,,0,63,,1605188,29,,,0,18,,1605189,29,,,0,61,,1605190,29,,,0,25,,1605191,29,,,0,19,,1605192,29,,,0,57,,1605193,29,,,0,20,,1605194,29,,,0,17,,1605195,29,,,0,19,,1605196,29,,,0,65,,1605197,29,,,0,21,,1605198,29,,,0,60,,1605199,29,,,0,20,,1605200,29,,,0,17,,1605201,29,,,0,19,,1605202,29,,,0,62,,1605203,29,,,0,21,,1605204,29,,,0,60,,1605205,29,,,0,20,,1605206,29,,,0,19,,1605207,29,,,0,62,,1605208,29,,,0,19,,1605209,29,,,0,19,,1605210,29,,,0,16,,1605211,29,,,0,60,,1605212,29,,,0,21,,1605213,29,,,0,63,,1605214,29,,,0,25,,1605215,29,,,0,23,,1605216,29,,,0,61,,1605217,29,,,0,21,,1605218,29,,,0,20,,1605219,29,,,0,61,,1605220,29,,,0,30,,1605221,29,,,0,70,,1605222,29,,,0,30,,1605223,29,,,0,70,,1605224,29,,,0,30,,1605225,29,,,0,70,,1605226,29,,,0,30,,1605227,29,,,0,71,,1605228,29,,,0
7100,'20261009',622,,1605229,29,,,0,20,,1605230,29,,,0,59,,1605231,29,,,0,16,,1605232,29,,,0,20,,1605233,29,,,0,21,,1605234,29,,,0,63,,1605235,29,,,0,18,,1605236,29,,,0,61,,1605237,29,,,0,25,,1605238,29,,,0,19,,1605239,29,,,0,57,,1605240,29,,,0,20,,1605241,29,,,0,17,,1605242,29,,,0,19,,1605243,29,,,0,65,,1605244,29,,,0,21,,1605245,29,,,0,60,,1605246,29,,,0,20,,1605247,29,,,0,17,,1605248,29,,,0,19,,1605249,29,,,0,62,,1605250,29,,,0,21,,1605251,29,,,0,60,,1605252,29,,,0,20,,1605253,29,,,0,19,,1605254,29,,,0,62,,1605255,29,,,0,19,,1605256,29,,,0,19,,1605257,29,,,0,16,,1605258,29,,,0,60,,1605259,29,,,0,21,,1605260,29,,,0,63,,1605261,29,,,0,25,,1605262,29,,,0,23,,1605263,29,,,0,61,,1605264,29,,,0,21,,1605265,29,,,0,20,,1605266,29,,,0,61,,1605267,29,,,0,30,,1605268,29,,,0,70,,1605269,29,,,0,30,,1605270,29,,,0,70,,1605271,29,,,0,30,,1605272,29,,,0,70,,1605273,29,,,0,30,,1605274,29,,,0,71,,1605275,29,,,0
7100,'20261010',716,,1548342,29,,,0,30,,1548343,29,,,0,70,,1548344,29,,,0,30,,1548345,29,,,0,71,,1548346,29,,,0,28,,1548347,29,,,0,70,,1548348,29,,,0,30,,1548349,29,,,0,69,,1548350,29,,,0,29,,1548351,29,,,0,71,,1548352,29,,,0,30,,1548354,29,,,0,70,,1548355,29,,,0,29,,1548356,29,,,0,73,,1548353,29,,,0,28,,1548357,29,,,0,70,,1548358,29,,,0,28,,1548359,29,,,0,72,,1548360,29,,,0,29,,1548361,29,,,0,71,,1548362,29,,,0,30,,1548363,29,,,0,70,,1548364,29,,,0,30,,1548365,29,,,0,70,,1548366,29,,,0,30,,1548367,29,,,0,70,,1548368,29,,,0,32,,1548369,29,,,0,70,,1548370,29,,,0,29,,1548371,29,,,0,71,,1548372,29,,,0,30,,1548373,29,,,0,70,,1548374,29,,,0
7100,'20261011',716,,1548375,29,,,0,30,,1548376,29,,,0,70,,1548377,29,,,0,30,,1548378,29,,,0,71,,1548379,29,,,0,28,,1548380,29,,,0,70,,1548381,29,,,0,30,,1548383,29,,,0,69,,1548384,29,,,0,29,,1548385,29,,,0,71,,1548382,29,,,0,30,,1548386,29,,,0,70,,1548387,29,,,0,29,,1548388,29,,,0,73,,1548389,29,,,0,28,,1548390,29,,,0,70,,1548391,29,,,0,28,,1548392,29,,,0,72,,1548393,29,,,0,29,,1548394,29,,,0,71,,1548395,29,,,0,30,,1548396,29,,,0,70,,1548397,29,,,0,30,,1548398,29,,,0,70,,1548399,29,,,0,30,,1548400,29,,,0,70,,1548401,29,,,0,32,,1548402,29,,,0,70,,1548403,29,,,0,29,,1548404,29,,,0,71,,1548405,29,,,0,30,,1548406,29,,,0,70,,1548407,29,,,0
7100,'20261012',716,,1548408,29,,,0,30,,1548409,29,,,0,70,,1548410,29,,,0,30,,1548411,29,,,0,71,,1548412,29,,,0,28,,1548413,29,,,0,70,,1548414,29,,,0,30,,1548416,29,,,0,69,,1548417,29,,,0,29,,1548418,29,,,0,71,,1548415,29,,,0,30,,1548419,29,,,0,70,,1548420,29,,,0,29,,1548421,29,,,0,73,,1548422,29,,,0,28,,1548423,29,,,0,70,,1548424,29,,,0,28,,1548425,29,,,0,72,,1548426,29,,,0,29,,1548427,29,,,0,71,,1548428,29,,,0,30,,1548429,29,,,0,70,,1548430,29,,,0,30,,1548431,29,,,0,70,,1548432,29,,,0,30,,1548433,29,,,0,70,,1548434,29,,,0,32,,1548435,29,,,0,70,,1548436,29,,,0,29,,1548437,29,,,0,71,,1548438,29,,,0,30,,1548439,29,,,0,70,,1548440,29,,,0
7100,'20261013',622,,1573571,29,,,0,20,,1573570,29,,,0,59,,1573525,29,,,0,16,,1573526,29,,,0,20,,1573527,29,,,0,21,,1573528,29,,,0,63,,1573529,29,,,0,18,,1573530,29,,,0,61,,1573531,29,,,0,25,,1573532,29,,,0,19,,1573533,29,,,0,57,,1573534,29,,,0,20,,1573535,29,,,0,17,,1573536,29,,,0,19,,1573537,29,,,0,65,,1573538,29,,,0,21,,1573539,29,,,0,60,,1573540,29,,,0,20,,1573541,29,,,0,17,,1573542,29,,,0,19,,1573543,29,,,0,62,,1573544,29,,,0,21,,1573545,29,,,0,60,,1573546,29,,,0,20,,1573547,29,,,0,19,,1573548,29,,,0,62,,1573549,29,,,0,19,,1573550,29,,,0,19,,1573551,29,,,0,16,,1573553,29,,,0,60,,1573554,29,,,0,21,,1573555,29,,,0,63,,1573552,29,,,0,25,,1573556,29,,,0,23,,1573557,29,,,0,61,,1573558,29,,,0,21,,1573559,29,,,0,20,,1573560,29,,,0,61,,1573561,29,,,0,30,,1573562,29,,,0,70,,1573563,29,,,0,30,,1573564,29,,,0,70,,1573565,29,,,0,30,,1573566,29,,,0,70,,1573567,29,,,0,30,,1573568,29,,,0,71,,1573569,29,,,0
7100,'20261014',622,,1573618,29,,,0,20,,1573617,29,,,0,59,,1573572,29,,,0,16,,1573573,29,,,0,20,,1573574,29,,,0,21,,1573575,29,,,0,63,,1573576,29,,,0,18,,1573577,29,,,0,61,,1573578,29,,,0,25,,1573579,29,,,0,19,,1573580,29,,,0,57,,1573581,29,,,0,20,,1573582,29,,,0,17,,1573583,29,,,0,19,,1573584,29,,,0,65,,1573585,29,,,0,21,,1573586,29,,,0,60,,1573587,29,,,0,20,,1573588,29,,,0,17,,1573589,29,,,0,19,,1573590,29,,,0,62,,1573591,29,,,0,21,,1573592,29,,,0,60,,1573593,29,,,0,20,,1573594,29,,,0,19,,1573595,29,,,0,62,,1573596,29,,,0,19,,1573597,29,,,0,19,,1573598,29,,,0,16,,1573600,29,,,0,60,,1573601,29,,,0,21,,1573602,29,,,0,63,,1573599,29,,,0,25,,1573603,29,,,0,23,,1573604,29,,,0,61,,1573605,29,,,0,21,,1573606,29,,,0,20,,1573607,29,,,0,61,,1573608,29,,,0,30,,1573609,29,,,0,70,,1573610,29,,,0,30,,1573611,29,,,0,70,,1573612,29,,,0,30,,1573613,29,,,0,70,,1573614,29,,,0,30,,1573615,29,,,0,71,,1573616,29,,,0
7100,'20261015',622,,1573665,29,,,0,20,,1573664,29,,,0,59,,1573619,29,,,0,16,,1573620,29,,,0,20,,1573621,29,,,0,21,,1573622,29,,,0,63,,1573623,29,,,0,18,,1573624,29,,,0,61,,1573625,29,,,0,25,,1573626,29,,,0,19,,1573627,29,,,0,57,,1573628,29,,,0,20,,1573629,29,,,0,17,,1573630,29,,,0,19,,1573631,29,,,0,65,,1573632,29,,,0,21,,1573633,29,,,0,60,,1573634,29,,,0,20,,1573635,29,,,0,17,,1573636,29,,,0,19,,1573637,29,,,0,62,,1573638,29,,,0,21,,1573639,29,,,0,60,,1573640,29,,,0,20,,1573641,29,,,0,19,,1573642,29,,,0,62,,1573643,29,,,0,19,,1573644,29,,,0,19,,1573645,29,,,0,16,,1573647,29,,,0,60,,1573648,29,,,0,21,,1573649,29,,,0,63,,1573646,29,,,0,25,,1573650,29,,,0,23,,1573651,29,,,0,61,,1573652,29,,,0,21,,1573653,29,,,0,20,,1573654,29,,,0,61,,1573655,29,,,0,30,,1573656,29,,,0,70,,1573657,29,,,0,30,,1573658,29,,,0,70,,1573659,29,,,0,30,,1573660,29,,,0,70,,1573661,29,,,0,30,,1573662,29,,,0,71,,1573663,29,,,0
7100,'20261016',622,,1573712,29,,,0,20,,1573711,29,,,0,59,,1573666,29,,,0,16,,1573667,29,,,0,20,,1573668,29,,,0,21,,1573669,29,,,0,63,,1573670,29,,,0,18,,1573671,29,,,0,61,,1573672,29,,,0,25,,1573673,29,,,0,19,,1573674,29,,,0,57,,1573675,29,,,0,20,,1573676,29,,,0,17,,1573677,29,,,0,19,,1573678,29,,,0,65,,1573679,29,,,0,21,,1573680,29,,,0,60,,1573681,29,,,0,20,,1573682,29,,,0,17,,1573683,29,,,0,19,,1573684,29,,,0,62,,1573685,29,,,0,21,,1573686,29,,,0,60,,1573687,29,,,0,20,,1573688,29,,,0,19,,1573689,29,,,0,62,,1573690,29,,,0,19,,1573691,29,,,0,19,,1573692,29,,,0,16,,1573694,29,,,0,60,,1573695,29,,,0,21,,1573696,29,,,0,63,,1573693,29,,,0,25,,1573697,29,,,0,23,,1573698,29,,,0,61,,1573699,29,,,0,21,,1573700,29,,,0,20,,1573701,29,,,0,61,,1573702,29,,,0,30,,1573703,29,,,0,70,,1573704,29,,,0,30,,1573705,29,,,0,70,,1573706,29,,,0,30,,1573707,29,,,0,70,,1573708,29,,,0,30,,1573709,29,,,0,71,,1573710,29,,,0
7100,'20261017',716,,1605276,29,,,0,30,,1605277,29,,,0,70,,1605278,29,,,0,30,,1605279,29,,,0,71,,1605280,29,,,0,28,,1605281,29,,,0,70,,1605282,29,,,0,30,,1605283,29,,,0,69,,1605284,29,,,0,29,,1605285,29,,,0,71,,1605286,29,,,0,30,,1605288,29,,,0,70,,1605289,29,,,0,29,,1605290,29,,,0,73,,1605287,29,,,0,28,,1605291,29,,,0,70,,1605292,29,,,0,28,,1605293,29,,,0,72,,1605294,29,,,0,29,,1605295,29,,,0,71,,1605296,29,,,0,30,,1605297,29,,,0,70,,1605298,29,,,0,30,,1605299,29,,,0,70,,1605300,29,,,0,30,,1605301,29,,,0,70,,1605302,29,,,0,32,,1605303,29,,,0,70,,1605304,29,,,0,29,,1605305,29,,,0,71,,1605306,29,,,0,30,,1605307,29,,,0,70,,1605308,29,,,0
7100,'20261018',716,,1605309,29,,,0,30,,1605310,29,,,0,70,,1605311,29,,,0,30,,1605312,29,,,0,71,,1605313,29,,,0,28,,1605314,29,,,0,70,,1605315,29,,,0,30,,1605317,29,,,0,69,,1605318,29,,,0,29,,1605319,29,,,0,71,,1605316,29,,,0,30,,1605320,29,,,0,70,,1605321,29,,,0,29,,1605322,29,,,0,73,,1605323,29,,,0,28,,1605324,29,,,0,70,,1605325,29,,,0,28,,1605326,29,,,0,72,,1605327,29,,,0,29,,1605328,29,,,0,71,,1605329,29,,,0,30,,1605330,29,,,0,70,,1605331,29,,,0,30,,1605332,29,,,0,70,,1605333,29,,,0,30,,1605334,29,,,0,70,,1605335,29,,,0,32,,1605336,29,,,0,70,,1605337,29,,,0,29,,1605338,29,,,0,71,,1605339,29,,,0,30,,1605340,29,,,0,70,,1605341,29,,,0
7100,'20261019',622,,1605388,29,,,0,20,,1605387,29,,,0,59,,1605342,29,,,0,16,,1605343,29,,,0,20,,1605344,29,,,0,21,,1605345,29,,,0,63,,1605346,29,,,0,18,,1605347,29,,,0,61,,1605348,29,,,0,25,,1605349,29,,,0,19,,1605350,29,,,0,57,,1605351,29,,,0,20,,1605352,29,,,0,17,,1605353,29,,,0,19,,1605354,29,,,0,65,,1605355,29,,,0,21,,1605356,29,,,0,60,,1605357,29,,,0,20,,1605358,29,,,0,17,,1605359,29,,,0,19,,1605360,29,,,0,62,,1605361,29,,,0,21,,1605362,29,,,0,60,,1605363,29,,,0,20,,1605364,29,,,0,19,,1605365,29,,,0,62,,1605366,29,,,0,19,,1605367,29,,,0,19,,1605368,29,,,0,16,,1605370,29,,,0,60,,1605371,29,,,0,21,,1605372,29,,,0,63,,1605369,29,,,0,25,,1605373,29,,,0,23,,1605374,29,,,0,61,,1605375,29,,,0,21,,1605376,29,,,0,20,,1605377,29,,,0,61,,1605378,29,,,0,30,,1605379,29,,,0,70,,1605380,29,,,0,30,,1605381,29,,,0,70,,1605382,29,,,0,30,,1605383,29,,,0,70,,1605384,29,,,0,30,,1605385,29,,,0,71,,1605386,29,,,0
7100,'20261020',622,,1605435,29,,,0,20,,1605434,29,,,0,59,,1605389,29,,,0,16,,1605390,29,,,0,20,,1605391,29,,,0,21,,1605392,29,,,0,63,,1605393,29,,,0,18,,1605394,29,,,0,61,,1605395,29,,,0,25,,1605396,29,,,0,19,,1605397,29,,,0,57,,1605398,29,,,0,20,,1605399,29,,,0,17,,1605400,29,,,0,19,,1605401,29,,,0,65,,1605402,29,,,0,21,,1605403,29,,,0,60,,1605404,29,,,0,20,,1605405,29,,,0,17,,1605406,29,,,0,19,,1605407,29,,,0,62,,1605408,29,,,0,21,,1605409,29,,,0,60,,1605410,29,,,0,20,,1605411,29,,,0,19,,1605412,29,,,0,62,,1605413,29,,,0,19,,1605414,29,,,0,19,,1605415,29,,,0,16,,1605417,29,,,0,60,,1605418,29,,,0,21,,1605419,29,,,0,63,,1605416,29,,,0,25,,1605420,29,,,0,23,,1605421,29,,,0,61,,1605422,29,,,0,21,,1605423,29,,,0,20,,1605424,29,,,0,61,,1605425,29,,,0,30,,1605426,29,,,0,70,,1605427,29,,,0,30,,1605428,29,,,0,70,,1605429,29,,,0,30,,1605430,29,,,0,70,,1605431,29,,,0,30,,1605432,29,,,0,71,,1605433,29,,,0
8200,'20261006',616,,1608244,15,,,0,38,,1608245,15,,,0,77,,1608246,15,,,0,72,,1608247,15,,,0,33,,1608248,15,,,0,108,,1608249,15,,,0,86,,1608250,15,,,0,100,,1608251,15,,,0,99,,1608252,15,,,0,98,,1608253,15,,,0,93,,1608254,15,,,0,98,,1608255,15,,,0,93,,1608265,15,,,0,28,,1608256,15,,,0,71,,1608257,15,,,0,31,,1608258,15,,,0,100,,1608259,15,,,0,74,,1608260,15,,,0,99,,1608261,15,,,0,102,,1608262,15,,,0,100,,1608263,15,,,0,102,,1608264,15,,,0
8200,'20261007',616,,1608267,15,,,0,38,,1608268,15,,,0,77,,1608269,15,,,0,72,,1608270,15,,,0,33,,1608271,15,,,0,108,,1608272,15,,,0,86,,1608273,15,,,0,100,,1608274,15,,,0,99,,1608275,15,,,0,98,,1608276,15,,,0,93,,1608277,15,,,0,98,,1608278,15,,,0,93,,1608266,15,,,0,28,,1608279,15,,,0,71,,1608280,15,,,0,31,,1608281,15,,,0,100,,1608282,15,,,0,74,,1608283,15,,,0,99,,1608284,15,,,0,102,,1608285,15,,,0,100,,1608286,15,,,0,102,,1608287,15,,,0
8200,'20261008',616,,1608289,15,,,0,38,,1608290,15,,,0,77,,1608291,15,,,0,72,,1608292,15,,,0,33,,1608293,15,,,0,108,,1608294,15,,,0,86,,1608295,15,,,0,100,,1608296,15,,,0,99,,1608297,15,,,0,98,,1608298,15,,,0,93,,1608299,15,,,0,98,,1608300,15,,,0,93,,1608288,15,,,0,28,,1608301,15,,,0,71,,1608302,15,,,0,31,,1608303,15,,,0,100,,1608304,15,,,0,74,,1608305,15,,,0,99,,1608306,15,,,0,102,,1608307,15,,,0,100,,1608308,15,,,0,102,,1608309,15,,,0
8200,'20261009',616,,1608311,15,,,0,38,,1608312,15,,,0,77,,1608313,15,,,0,72,,1608314,15,,,0,33,,1608315,15,,,0,108,,1608316,15,,,0,86,,1608317,15,,,0,100,,1608318,15,,,0,99,,1608319,15,,,0,98,,1608320,15,,,0,93,,1608321,15,,,0,98,,1608322,15,,,0,93,,1608310,15,,,0,28,,1608323,15,,,0,71,,1608324,15,,,0,31,,1608325,15,,,0,100,,1608326,15,,,0,74,,1608327,15,,,0,99,,1608328,15,,,0,102,,1608329,15,,,0,100,,1608330,15,,,0,102,,1608331,15,,,0
8200,'20261010',646,,1550522,15,,,0,100,,1550508,15,,,0,99,,1550512,15,,,0,100,,1550513,15,,,0,100,,1550520,15,,,0,99,,1550514,15,,,0,98,,1550509,15,,,0,100,,1550515,15,,,0,100,,1550521,15,,,0,100,,1550516,15,,,0,100,,1550524,15,,,0,101,,1550510,15,,,0,104,,1550517,15,,,0,100,,1550519,15,,,0,100,,1550523,15,,,0,100,,1550518,15,,,0,171,,1550511,15,,,0
8200,'20261011',646,,1550537,15,,,0,100,,1550538,15,,,0,99,,1550534,15,,,0,100,,1550539,15,,,0,100,,1550533,15,,,0,99,,1550535,15,,,0,98,,1550528,15,,,0,100,,1550525,15,,,0,100,,1550531,15,,,0,100,,1550532,15,,,0,100,,1550541,15,,,0,101,,1550529,15,,,0,104,,1550526,15,,,0,100,,1550536,15,,,0,100,,1550540,15,,,0,100,,1550527,15,,,0,171,,1550530,15,,,0
8200,'20261012',646,,1550554,15,,,0,100,,1550555,15,,,0,99,,1550551,15,,,0,100,,1550556,15,,,0,100,,1550550,15,,,0,99,,1550552,15,,,0,98,,1550545,15,,,0,100,,1550542,15,,,0,100,,1550548,15,,,0,100,,1550549,15,,,0,100,,1550558,15,,,0,101,,1550546,15,,,0,104,,1550543,15,,,0,100,,1550553,15,,,0,100,,1550557,15,,,0,100,,1550544,15,,,0,171,,1550547,15,,,0
8200,'20261013',616,,1576607,15,,,0,38,,1576590,15,,,0,77,,1576611,15,,,0,72,,1576597,15,,,0,33,,1576606,15,,,0,108,,1576598,15,,,0,86,,1576605,15,,,0,100,,1576599,15,,,0,99,,1576591,15,,,0,98,,1576600,15,,,0,93,,1576604,15,,,0,98,,1576601,15,,,0,93,,1576592,15,,,0,28,,1576593,15,,,0,71,,1576594,15,,,0,31,,1576595,15,,,0,100,,1576602,15,,,0,74,,1576603,15,,,0,99,,1576609,15,,,0,102,,1576608,15,,,0,100,,1576610,15,,,0,102,,1576596,15,,,0
8200,'20261014',616,,1576629,15,,,0,38,,1576612,15,,,0,77,,1576633,15,,,0,72,,1576619,15,,,0,33,,1576628,15,,,0,108,,1576620,15,,,0,86,,1576627,15,,,0,100,,1576621,15,,,0,99,,1576613,15,,,0,98,,1576622,15,,,0,93,,1576626,15,,,0,98,,1576623,15,,,0,93,,1576614,15,,,0,28,,1576615,15,,,0,71,,1576616,15,,,0,31,,1576617,15,,,0,100,,1576624,15,,,0,74,,1576625,15,,,0,99,,1576631,15,,,0,102,,1576630,15,,,0,100,,1576632,15,,,0,102,,1576618,15,,,0
8200,'20261015',616,,1576651,15,,,0,38,,1576634,15,,,0,77,,1576655,15,,,0,72,,1576641,15,,,0,33,,1576650,15,,,0,108,,1576642,15,,,0,86,,1576649,15,,,0,100,,1576643,15,,,0,99,,1576635,15,,,0,98,,1576644,15,,,0,93,,1576648,15,,,0,98,,1576645,15,,,0,93,,1576636,15,,,0,28,,1576637,15,,,0,71,,1576638,15,,,0,31,,1576639,15,,,0,100,,1576646,15,,,0,74,,1576647,15,,,0,99,,1576653,15,,,0,102,,1576652,15,,,0,100,,1576654,15,,,0,102,,1576640,15,,,0
8200,'20261016',616,,1576673,15,,,0,38,,1576656,15,,,0,77,,1576677,15,,,0,72,,1576663,15,,,0,33,,1576672,15,,,0,108,,1576664,15,,,0,86,,1576671,15,,,0,100,,1576665,15,,,0,99,,1576657,15,,,0,98,,1576666,15,,,0,93,,1576670,15,,,0,98,,1576667,15,,,0,93,,1576658,15,,,0,28,,1576659,15,,,0,71,,1576660,15,,,0,31,,1576661,15,,,0,100,,1576668,15,,,0,74,,1576669,15,,,0,99,,1576675,15,,,0,102,,1576674,15,,,0,100,,1576676,15,,,0,102,,1576662,15,,,0
8200,'20261017',646,,1608346,15,,,0,100,,1608332,15,,,0,99,,1608336,15,,,0,100,,1608337,15,,,0,100,,1608344,15,,,0,99,,1608338,15,,,0,98,,1608333,15,,,0,100,,1608339,15,,,0,100,,1608345,15,,,0,100,,1608340,15,,,0,100,,1608348,15,,,0,101,,1608334,15,,,0,104,,1608341,15,,,0,100,,1608343,15,,,0,100,,1608347,15,,,0,100,,1608342,15,,,0,171,,1608335,15,,,0
8200,'20261018',646,,1608361,15,,,0,100,,1608362,15,,,0,99,,1608358,15,,,0,100,,1608363,15,,,0,100,,1608357,15,,,0,99,,1608359,15,,,0,98,,1608352,15,,,0,100,,1608349,15,,,0,100,,1608355,15,,,0,100,,1608356,15,,,0,100,,1608365,15,,,0,101,,1608353,15,,,0,104,,1608350,15,,,0,100,,1608360,15,,,0,100,,1608364,15,,,0,100,,1608351,15,,,0,171,,1608354,15,,,0
8200,'20261019',616,,1608383,15,,,0,38,,1608366,15,,,0,77,,1608387,15,,,0,72,,1608373,15,,,0,33,,1608382,15,,,0,108,,1608374,15,,,0,86,,1608381,15,,,0,100,,1608375,15,,,0,99,,1608367,15,,,0,98,,1608376,15,,,0,93,,1608380,15,,,0,98,,1608377,15,,,0,93,,1608368,15,,,0,28,,1608369,15,,,0,71,,1608370,15,,,0,31,,1608371,15,,,0,100,,1608378,15,,,0,74,,1608379,15,,,0,99,,1608385,15,,,0,102,,1608384,15,,,0,100,,1608386,15,,,0,102,,1608372,15,,,0
8200,'20261020',616,,1608405,15,,,0,38,,1608388,15,,,0,77,,1608409,15,,,0,72,,1608395,15,,,0,33,,1608404,15,,,0,108,,1608396,15,,,0,86,,1608403,15,,,0,100,,1608397,15,,,0,99,,1608389,15,,,0,98,,1608398,15,,,0,93,,1608402,15,,,0,98,,1608399,15,,,0,93,,1608390,15,,,0,28,,1608391,15,,,0,71,,1608392,15,,,0,31,,1608393,15,,,0,100,,1608400,15,,,0,74,,1608401,15,,,0,99,,1608407,15,,,0,102,,1608406,15,,,0,100,,1608408,15,,,0,102,,1608394,15,,,0
98200,'20261009',2546,,1625340,19,,,0
98200,'20261010',2546,,1561868,19,,,0
98200,'20261016',2546,,1593534,19,,,0
98200,'20261017',2546,,1625341,19,,,0
1008200,'20261006',754,,1625364,3,,,0
1008200,'20261007',754,,1625365,3,,,0
1008200,'20261008',754,,1625366,3,,,0
1008200,'20261009',754,,1625367,3,,,0
1008200,'20261013',754,,1593564,3,,,0
1008200,'20261014',754,,1593565,3,,,0
1008200,'20261015',754,,1593566,3,,,0
1008200,'20261016',754,,1593567,3,,,0
1008200,'20261019',754,,1625368,3,,,0
1008200,'20261020',754,,1625369,3,,,0
