7001,'20261002',607,,1573015,42,,,0,19,,1573016,42,,,0,16,,1573017,42,,,0,59,,1573018,42,,,0,20,,1573019,42,,,0,20,,1573020,42,,,0,59,,1573021,42,,,0,18,,1573022,42,,,0,21,,1573023,42,,,0,61,,1573024,42,,,0,19,,1573025,42,,,0,19,,1573026,42,,,0,18,,1573027,42,,,0,59,,1573028,42,,,0,20,,1573029,42,,,0,20,,1573030,42,,,0,60,,1573031,42,,,0,21,,1573032,42,,,0,20,,1573033,42,,,0,60,,1573034,42,,,0,21,,1573035,42,,,0,20,,1573036,42,,,0,60,,1573037,42,,,0,17,,1573038,42,,,0,22,,1573039,42,,,0,58,,1573040,42,,,0,22,,1573041,42,,,0,19,,1573042,42,,,0,63,,1573043,42,,,0,21,,1573044,42,,,0,19,,1573045,42,,,0,62,,1573046,42,,,0,26,,1573047,42,,,0,63,,1573048,42,,,0,23,,1573049,42,,,0,22,,1573050,42,,,0,62,,1573051,42,,,0,21,,1573052,42,,,0,69,,1573053,42,,,0,30,,1573054,42,,,0,71,,1573055,42,,,0,30,,1573056,42,,,0,70,,1573057,42,,,0,31,,1573058,42,,,0,71,,1573059,42,,,0,30,,1573060,42,,,0,70,,1573061,42,,,0
7001,'20261003',607,,1573062,42,,,0,30,,1573063,42,,,0,70,,1573064,42,,,0,30,,1573065,42,,,0,69,,1573066,42,,,0,30,,1573067,42,,,0,69,,1573068,42,,,0,30,,1573069,42,,,0,70,,1573070,42,,,0,30,,1573071,42,,,0,70,,1573072,42,,,0,29,,1573073,42,,,0,69,,1573074,42,,,0,30,,1573075,42,,,0,70,,1573076,42,,,0,30,,1573077,42,,,0,70,,1573078,42,,,0,30,,1573079,42,,,0,70,,1573080,42,,,0,30,,1573081,42,,,0,68,,1573082,42,,,0,30,,1573083,42,,,0,72,,1573084,42,,,0,32,,1573085,42,,,0,73,,1573086,42,,,0,30,,1573087,42,,,0,70,,1573088,42,,,0,30,,1573089,42,,,0,70,,1573090,42,,,0,30,,1573091,42,,,0,71,,1573092,42,,,0,30,,1573093,42,,,0,70,,1573094,42,,,0,30,,1573095,42,,,0
7001,'20261004',607,,1573096,42,,,0,30,,1573097,42,,,0,70,,1573098,42,,,0,30,,1573099,42,,,0,69,,1573100,42,,,0,30,,1573101,42,,,0,69,,1573102,42,,,0,30,,1573103,42,,,0,70,,1573104,42,,,0,30,,1573105,42,,,0,70,,1573106,42,,,0,29,,1573107,42,,,0,69,,1573108,42,,,0,30,,1573109,42,,,0,70,,1573110,42,,,0,30,,1573111,42,,,0,70,,1573112,42,,,0,30,,1573113,42,,,0,70,,1573114,42,,,0,30,,1573115,42,,,0,68,,1573116,42,,,0,30,,1573117,42,,,0,72,,1573118,42,,,0,32,,1573119,42,,,0,73,,1573120,42,,,0,30,,1573121,42,,,0,70,,1573122,42,,,0,30,,1573123,42,,,0,70,,1573124,42,,,0,30,,1573125,42,,,0,71,,1573126,42,,,0,30,,1573127,42,,,0,70,,1573128,42,,,0,30,,1573129,42,,,0
7001,'20261005',607,,1573130,42,,,0,19,,1573131,42,,,0,16,,1573132,42,,,0,59,,1573133,42,,,0,20,,1573134,42,,,0,20,,1573135,42,,,0,59,,1573136,42,,,0,18,,1573137,42,,,0,21,,1573138,42,,,0,61,,1573139,42,,,0,19,,1573140,42,,,0,19,,1573141,42,,,0,18,,1573142,42,,,0,59,,1573143,42,,,0,20,,1573144,42,,,0,20,,1573145,42,,,0,60,,1573146,42,,,0,21,,1573147,42,,,0,20,,1573148,42,,,0,60,,1573149,42,,,0,21,,1573150,42,,,0,20,,1573151,42,,,0,60,,1573152,42,,,0,17,,1573153,42,,,0,22,,1573154,42,,,0,58,,1573155,42,,,0,22,,1573156,42,,,0,19,,1573157,42,,,0,63,,1573158,42,,,0,21,,1573159,42,,,0,19,,1573160,42,,,0,62,,1573161,42,,,0,26,,1573162,42,,,0,63,,1573163,42,,,0,23,,1573164,42,,,0,22,,1573165,42,,,0,62,,1573166,42,,,0,21,,1573167,42,,,0,69,,1573168,42,,,0,30,,1573169,42,,,0,71,,1573170,42,,,0,30,,1573171,42,,,0,70,,1573172,42,,,0,31,,1573173,42,,,0,71,,1573174,42,,,0,30,,1573175,42,,,0,70,,1573176,42,,,0
7001,'20261006',607,,1519902,42,,,0,19,,1519919,42,,,0,16,,1519920,42,,,0,59,,1519903,42,,,0,20,,1519921,42,,,0,20,,1519922,42,,,0,59,,1519904,42,,,0,18,,1519923,42,,,0,21,,1519924,42,,,0,61,,1519905,42,,,0,19,,1519925,42,,,0,19,,1519926,42,,,0,18,,1519906,42,,,0,59,,1519927,42,,,0,20,,1519928,42,,,0,20,,1519907,42,,,0,60,,1519929,42,,,0,21,,1519930,42,,,0,20,,1519908,42,,,0,60,,1519931,42,,,0,21,,1519932,42,,,0,20,,1519909,42,,,0,60,,1519933,42,,,0,17,,1519934,42,,,0,22,,1519910,42,,,0,58,,1519935,42,,,0,22,,1519936,42,,,0,19,,1519911,42,,,0,63,,1519937,42,,,0,21,,1519938,42,,,0,19,,1519912,42,,,0,62,,1519939,42,,,0,26,,1519940,42,,,0,63,,1519913,42,,,0,23,,1519941,42,,,0,22,,1519942,42,,,0,62,,1519914,42,,,0,21,,1519943,42,,,0,69,,1519915,42,,,0,30,,1519944,42,,,0,71,,1519916,42,,,0,30,,1519945,42,,,0,70,,1519917,42,,,0,31,,1519946,42,,,0,71,,1519918,42,,,0,30,,1519947,42,,,0,70,,1519948,42,,,0
7001,'20261007',607,,1519949,42,,,0,19,,1519966,42,,,0,16,,1519967,42,,,0,59,,1519950,42,,,0,20,,1519968,42,,,0,20,,1519969,42,,,0,59,,1519951,42,,,0,18,,1519970,42,,,0,21,,1519971,42,,,0,61,,1519952,42,,,0,19,,1519972,42,,,0,19,,1519973,42,,,0,18,,1519953,42,,,0,59,,1519974,42,,,0,20,,1519975,42,,,0,20,,1519954,42,,,0,60,,1519976,42,,,0,21,,1519977,42,,,0,20,,1519955,42,,,0,60,,1519978,42,,,0,21,,1519979,42,,,0,20,,1519956,42,,,0,60,,1519980,42,,,0,17,,1519981,42,,,0,22,,1519957,42,,,0,58,,1519982,42,,,0,22,,1519983,42,,,0,19,,1519958,42,,,0,63,,1519984,42,,,0,21,,1519985,42,,,0,19,,1519959,42,,,0,62,,1519986,42,,,0,26,,1519987,42,,,0,63,,1519960,42,,,0,23,,1519988,42,,,0,22,,1519989,42,,,0,62,,1519961,42,,,0,21,,1519990,42,,,0,69,,1519962,42,,,0,30,,1519991,42,,,0,71,,1519963,42,,,0,30,,1519992,42,,,0,70,,1519964,42,,,0,31,,1519993,42,,,0,71,,1519965,42,,,0,30,,1519994,42,,,0,70,,1519995,42,,,0
7001,'20261008',607,,1519996,42,,,0,19,,1520013,42,,,0,16,,1520014,42,,,0,59,,1519997,42,,,0,20,,1520015,42,,,0,20,,1520016,42,,,0,59,,1519998,42,,,0,18,,1520017,42,,,0,21,,1520018,42,,,0,61,,1519999,42,,,0,19,,1520019,42,,,0,19,,1520020,42,,,0,18,,1520000,42,,,0,59,,1520021,42,,,0,20,,1520022,42,,,0,20,,1520001,42,,,0,60,,1520023,42,,,0,21,,1520024,42,,,0,20,,1520002,42,,,0,60,,1520025,42,,,0,21,,1520026,42,,,0,20,,1520003,42,,,0,60,,1520027,42,,,0,17,,1520028,42,,,0,22,,1520004,42,,,0,58,,1520029,42,,,0,22,,1520030,42,,,0,19,,1520005,42,,,0,63,,1520031,42,,,0,21,,1520032,42,,,0,19,,1520006,42,,,0,62,,1520033,42,,,0,26,,1520034,42,,,0,63,,1520007,42,,,0,23,,1520035,42,,,0,22,,1520036,42,,,0,62,,1520008,42,,,0,21,,1520037,42,,,0,69,,1520009,42,,,0,30,,1520038,42,,,0,71,,1520010,42,,,0,30,,1520039,42,,,0,70,,1520011,42,,,0,31,,1520040,42,,,0,71,,1520012,42,,,0,30,,1520041,42,,,0,70,,1520042,42,,,0
7001,'20261009',607,,1520043,42,,,0,19,,1520060,42,,,0,16,,1520061,42,,,0,59,,1520044,42,,,0,20,,1520062,42,,,0,20,,1520063,42,,,0,59,,1520045,42,,,0,18,,1520064,42,,,0,21,,1520065,42,,,0,61,,1520046,42,,,0,19,,1520066,42,,,0,19,,1520067,42,,,0,18,,1520047,42,,,0,59,,1520068,42,,,0,20,,1520069,42,,,0,20,,1520048,42,,,0,60,,1520070,42,,,0,21,,1520071,42,,,0,20,,1520049,42,,,0,60,,1520072,42,,,0,21,,1520073,42,,,0,20,,1520050,42,,,0,60,,1520074,42,,,0,17,,1520075,42,,,0,22,,1520051,42,,,0,58,,1520076,42,,,0,22,,1520077,42,,,0,19,,1520052,42,,,0,63,,1520078,42,,,0,21,,1520079,42,,,0,19,,1520053,42,,,0,62,,1520080,42,,,0,26,,1520081,42,,,0,63,,1520054,42,,,0,23,,1520082,42,,,0,22,,1520083,42,,,0,62,,1520055,42,,,0,21,,1520084,42,,,0,69,,1520056,42,,,0,30,,1520085,42,,,0,71,,1520057,42,,,0,30,,1520086,42,,,0,70,,1520058,42,,,0,31,,1520087,42,,,0,71,,1520059,42,,,0,30,,1520088,42,,,0,70,,1520089,42,,,0
7001,'20261010',607,,1548099,42,,,0,30,,1548115,42,,,0,70,,1548100,42,,,0,30,,1548116,42,,,0,69,,1548101,42,,,0,30,,1548117,42,,,0,69,,1548102,42,,,0,30,,1548118,42,,,0,70,,1548103,42,,,0,30,,1548119,42,,,0,70,,1548104,42,,,0,29,,1548120,42,,,0,69,,1548105,42,,,0,30,,1548121,42,,,0,70,,1548106,42,,,0,30,,1548122,42,,,0,70,,1548123,42,,,0,30,,1548124,42,,,0,70,,1548125,42,,,0,30,,1548126,42,,,0,68,,1548107,42,,,0,30,,1548127,42,,,0,72,,1548108,42,,,0,32,,1548128,42,,,0,73,,1548109,42,,,0,30,,1548129,42,,,0,70,,1548130,42,,,0,30,,1548110,42,,,0,70,,1548131,42,,,0,30,,1548111,42,,,0,71,,1548114,42,,,0,30,,1548112,42,,,0,70,,1548132,42,,,0,30,,1548113,42,,,0
7001,'20261011',607,,1548133,42,,,0,30,,1548150,42,,,0,70,,1548134,42,,,0,30,,1548151,42,,,0,69,,1548135,42,,,0,30,,1548149,42,,,0,69,,1548136,42,,,0,30,,1548152,42,,,0,70,,1548137,42,,,0,30,,1548153,42,,,0,70,,1548138,42,,,0,29,,1548154,42,,,0,69,,1548139,42,,,0,30,,1548155,42,,,0,70,,1548140,42,,,0,30,,1548156,42,,,0,70,,1548157,42,,,0,30,,1548158,42,,,0,70,,1548159,42,,,0,30,,1548160,42,,,0,68,,1548141,42,,,0,30,,1548161,42,,,0,72,,1548142,42,,,0,32,,1548162,42,,,0,73,,1548143,42,,,0,30,,1548163,42,,,0,70,,1548164,42,,,0,30,,1548144,42,,,0,70,,1548165,42,,,0,30,,1548145,42,,,0,71,,1548148,42,,,0,30,,1548146,42,,,0,70,,1548166,42,,,0,30,,1548147,42,,,0
7001,'20261012',607,,1548167,42,,,0,30,,1548184,42,,,0,70,,1548168,42,,,0,30,,1548185,42,,,0,69,,1548169,42,,,0,30,,1548183,42,,,0,69,,1548170,42,,,0,30,,1548186,42,,,0,70,,1548171,42,,,0,30,,1548187,42,,,0,70,,1548172,42,,,0,29,,1548188,42,,,0,69,,1548173,42,,,0,30,,1548189,42,,,0,70,,1548174,42,,,0,30,,1548190,42,,,0,70,,1548191,42,,,0,30,,1548192,42,,,0,70,,1548193,42,,,0,30,,1548194,42,,,0,68,,1548175,42,,,0,30,,1548195,42,,,0,72,,1548176,42,,,0,32,,1548196,42,,,0,73,,1548177,42,,,0,30,,1548197,42,,,0,70,,1548198,42,,,0,30,,1548178,42,,,0,70,,1548199,42,,,0,30,,1548179,42,,,0,71,,1548182,42,,,0,30,,1548180,42,,,0,70,,1548200,42,,,0,30,,1548181,42,,,0
7001,'20261013',607,,1573177,42,,,0,19,,1573194,42,,,0,16,,1573195,42,,,0,59,,1573178,42,,,0,20,,1573196,42,,,0,20,,1573197,42,,,0,59,,1573179,42,,,0,18,,1573198,42,,,0,21,,1573199,42,,,0,61,,1573180,42,,,0,19,,1573200,42,,,0,19,,1573201,42,,,0,18,,1573181,42,,,0,59,,1573202,42,,,0,20,,1573203,42,,,0,20,,1573182,42,,,0,60,,1573204,42,,,0,21,,1573205,42,,,0,20,,1573183,42,,,0,60,,1573206,42,,,0,21,,1573207,42,,,0,20,,1573184,42,,,0,60,,1573208,42,,,0,17,,1573209,42,,,0,22,,1573185,42,,,0,58,,1573210,42,,,0,22,,1573211,42,,,0,19,,1573186,42,,,0,63,,1573212,42,,,0,21,,1573213,42,,,0,19,,1573187,42,,,0,62,,1573214,42,,,0,26,,1573215,42,,,0,63,,1573188,42,,,0,23,,1573216,42,,,0,22,,1573217,42,,,0,62,,1573189,42,,,0,21,,1573218,42,,,0,69,,1573190,42,,,0,30,,1573219,42,,,0,71,,1573191,42,,,0,30,,1573220,42,,,0,70,,1573192,42,,,0,31,,1573221,42,,,0,71,,1573193,42,,,0,30,,1573222,42,,,0,70,,1573223,42,,,0
7001,'20261014',607,,1573224,42,,,0,19,,1573241,42,,,0,16,,1573242,42,,,0,59,,1573225,42,,,0,20,,1573243,42,,,0,20,,1573244,42,,,0,59,,1573226,42,,,0,18,,1573245,42,,,0,21,,1573246,42,,,0,61,,1573227,42,,,0,19,,1573247,42,,,0,19,,1573248,42,,,0,18,,1573228,42,,,0,59,,1573249,42,,,0,20,,1573250,42,,,0,20,,1573229,42,,,0,60,,1573251,42,,,0,21,,1573252,42,,,0,20,,1573230,42,,,0,60,,1573253,42,,,0,21,,1573254,42,,,0,20,,1573231,42,,,0,60,,1573255,42,,,0,17,,1573256,42,,,0,22,,1573232,42,,,0,58,,1573257,42,,,0,22,,1573258,42,,,0,19,,1573233,42,,,0,63,,1573259,42,,,0,21,,1573260,42,,,0,19,,1573234,42,,,0,62,,1573261,42,,,0,26,,1573262,42,,,0,63,,1573235,42,,,0,23,,1573263,42,,,0,22,,1573264,42,,,0,62,,1573236,42,,,0,21,,1573265,42,,,0,69,,1573237,42,,,0,30,,1573266,42,,,0,71,,1573238,42,,,0,30,,1573267,42,,,0,70,,1573239,42,,,0,31,,1573268,42,,,0,71,,1573240,42,,,0,30,,1573269,42,,,0,70,,1573270,42,,,0
7001,'20261015',607,,1573271,42,,,0,19,,1573288,42,,,0,16,,1573289,42,,,0,59,,1573272,42,,,0,20,,1573290,42,,,0,20,,1573291,42,,,0,59,,1573273,42,,,0,18,,1573292,42,,,0,21,,1573293,42,,,0,61,,1573274,42,,,0,19,,1573294,42,,,0,19,,1573295,42,,,0,18,,1573275,42,,,0,59,,1573296,42,,,0,20,,1573297,42,,,0,20,,1573276,42,,,0,60,,1573298,42,,,0,21,,1573299,42,,,0,20,,1573277,42,,,0,60,,1573300,42,,,0,21,,1573301,42,,,0,20,,1573278,42,,,0,60,,1573302,42,,,0,17,,1573303,42,,,0,22,,1573279,42,,,0,58,,1573304,42,,,0,22,,1573305,42,,,0,19,,1573280,42,,,0,63,,1573306,42,,,0,21,,1573307,42,,,0,19,,1573281,42,,,0,62,,1573308,42,,,0,26,,1573309,42,,,0,63,,1573282,42,,,0,23,,1573310,42,,,0,22,,1573311,42,,,0,62,,1573283,42,,,0,21,,1573312,42,,,0,69,,1573284,42,,,0,30,,1573313,42,,,0,71,,1573285,42,,,0,30,,1573314,42,,,0,70,,1573286,42,,,0,31,,1573315,42,,,0,71,,1573287,42,,,0,30,,1573316,42,,,0,70,,1573317,42,,,0
7001,'20261016',607,,1573318,42,,,0,19,,1573335,42,,,0,16,,1573336,42,,,0,59,,1573319,42,,,0,20,,1573337,42,,,0,20,,1573338,42,,,0,59,,1573320,42,,,0,18,,1573339,42,,,0,21,,1573340,42,,,0,61,,1573321,42,,,0,19,,1573341,42,,,0,19,,1573342,42,,,0,18,,1573322,42,,,0,59,,1573343,42,,,0,20,,1573344,42,,,0,20,,1573323,42,,,0,60,,1573345,42,,,0,21,,1573346,42,,,0,20,,1573324,42,,,0,60,,1573347,42,,,0,21,,1573348,42,,,0,20,,1573325,42,,,0,60,,1573349,42,,,0,17,,1573350,42,,,0,22,,1573326,42,,,0,58,,1573351,42,,,0,22,,1573352,42,,,0,19,,1573327,42,,,0,63,,1573353,42,,,0,21,,1573354,42,,,0,19,,1573328,42,,,0,62,,1573355,42,,,0,26,,1573356,42,,,0,63,,1573329,42,,,0,23,,1573357,42,,,0,22,,1573358,42,,,0,62,,1573330,42,,,0,21,,1573359,42,,,0,69,,1573331,42,,,0,30,,1573360,42,,,0,71,,1573332,42,,,0,30,,1573361,42,,,0,70,,1573333,42,,,0,31,,1573362,42,,,0,71,,1573334,42,,,0,30,,1573363,42,,,0,70,,1573364,42,,,0
27401,'20261002',629,,1580639,4,,,0,20,,1580640,4,,,0,66,,1580641,4,,,0,7,,1580642,4,,,0,35,,1580643,4,,,0
27401,'20261005',629,,1580644,4,,,0,20,,1580645,4,,,0,66,,1580646,4,,,0,7,,1580647,4,,,0,35,,1580648,4,,,0
27401,'20261006',629,,1527373,4,,,0,20,,1527374,4,,,0,66,,1527375,4,,,0,7,,1527377,4,,,0,35,,1527376,4,,,0
27401,'20261007',629,,1527378,4,,,0,20,,1527379,4,,,0,66,,1527380,4,,,0,7,,1527382,4,,,0,35,,1527381,4,,,0
27401,'20261008',629,,1527383,4,,,0,20,,1527384,4,,,0,66,,1527385,4,,,0,7,,1527387,4,,,0,35,,1527386,4,,,0
27401,'20261009',629,,1527388,4,,,0,20,,1527389,4,,,0,66,,1527390,4,,,0,7,,1527392,4,,,0,35,,1527391,4,,,0
27401,'20261013',629,,1580649,4,,,0,20,,1580650,4,,,0,66,,1580651,4,,,0,7,,1580653,4,,,0,35,,1580652,4,,,0
27401,'20261014',629,,1580654,4,,,0,20,,1580655,4,,,0,66,,1580656,4,,,0,7,,1580658,4,,,0,35,,1580657,4,,,0
27401,'20261015',629,,1580659,4,,,0,20,,1580660,4,,,0,66,,1580661,4,,,0,7,,1580663,4,,,0,35,,1580662,4,,,0
27401,'20261016',629,,1580664,4,,,0,20,,1580665,4,,,0,66,,1580666,4,,,0,7,,1580668,4,,,0,35,,1580667,4,,,0
37401,'20261002',649,,1581863,4,,,0,85,,1581864,4,,,0,174,,1581865,4,,,0
37401,'20261005',649,,1581866,4,,,0,85,,1581867,4,,,0,174,,1581868,4,,,0
37401,'20261006',649,,1528593,4,,,0,85,,1528594,4,,,0,174,,1528595,4,,,0
37401,'20261007',649,,1528596,4,,,0,85,,1528597,4,,,0,174,,1528598,4,,,0
37401,'20261008',649,,1528599,4,,,0,85,,1528600,4,,,0,174,,1528601,4,,,0
37401,'20261009',649,,1528602,4,,,0,85,,1528603,4,,,0,174,,1528604,4,,,0
37401,'20261013',649,,1581869,4,,,0,85,,1581870,4,,,0,174,,1581871,4,,,0
37401,'20261014',649,,1581872,4,,,0,85,,1581873,4,,,0,174,,1581874,4,,,0
37401,'20261015',649,,1581875,4,,,0,85,,1581876,4,,,0,174,,1581877,4,,,0
37401,'20261016',649,,1581878,4,,,0,85,,1581879,4,,,0,174,,1581880,4,,,0
57401,'20261002',623,,1582606,4,,,0,23,,1582607,4,,,0,75,,1582608,4,,,0
57401,'20261005',623,,1582609,4,,,0,23,,1582610,4,,,0,75,,1582611,4,,,0
57401,'20261006',623,,1529337,4,,,0,23,,1529338,4,,,0,75,,1529336,4,,,0
57401,'20261007',623,,1529340,4,,,0,23,,1529341,4,,,0,75,,1529339,4,,,0
57401,'20261008',623,,1529343,4,,,0,23,,1529344,4,,,0,75,,1529342,4,,,0
57401,'20261009',623,,1529346,4,,,0,23,,1529347,4,,,0,75,,1529345,4,,,0
57401,'20261013',623,,1582613,4,,,0,23,,1582614,4,,,0,75,,1582612,4,,,0
57401,'20261014',623,,1582616,4,,,0,23,,1582617,4,,,0,75,,1582615,4,,,0
57401,'20261015',623,,1582619,4,,,0,23,,1582620,4,,,0,75,,1582618,4,,,0
57401,'20261016',623,,1582622,4,,,0,23,,1582623,4,,,0,75,,1582621,4,,,0
80401,'20261002',521,,1589323,10,,,1,15,,1589324,10,,,1,14,,1589325,10,,,1,55,,1589326,10,,,1,14,,1589327,10,,,1,15,,1589328,10,,,1,11,,1589329,10,,,1,9,,1589330,10,,,1,49,,1589331,10,,,1,10,,1589332,10,,,1,9,,1589333,10,,,1,10,,1589334,10,,,1,10,,1589335,10,,,1,11,,1589336,10,,,1,51,,1589337,10,,,1,12,,1589338,10,,,1,13,,1589339,10,,,1,15,,1589340,10,,,1,56,,1589341,10,,,1,15,,1589342,10,,,1,14,,1589343,10,,,1,14,,1589344,10,,,1,15,,1589345,10,,,1,55,,1589346,10,,,1,14,,1589347,10,,,1,16,,1589348,10,,,1,14,,1589349,10,,,1,55,,1589350,10,,,1,13,,1589351,10,,,1,17,,1589352,10,,,1,15,,1589353,10,,,1,55,,1589354,10,,,1,15,,1589355,10,,,1,15,,1589356,10,,,1,15,,1589357,10,,,1,56,,1589358,10,,,1,15,,1589359,10,,,1,14,,1589360,10,,,1,14,,1589361,10,,,1,56,,1589362,10,,,1,15,,1589363,10,,,1,15,,1589364,10,,,1,16,,1589365,10,,,1,52,,1589366,10,,,1,15,,1589367,10,,,1,14,,1589368,10,,,1,16,,1589369,10,,,1,54,,1589370,10,,,1,10,,1589371,10,,,1,13,,1589372,10,,,1,14,,1589373,10,,,1,12,,1589374,10,,,1,57,,1589375,10,,,1,15,,1589376,10,,,1,15,,1589377,10,,,1,55,,1589378,10,,,1,18,,1589379,10,,,1,19,,1589380,10,,,1,18,,1589381,10,,,1,58,,1589382,10,,,1,18,,1589383,10,,,1,18,,1589384,10,,,1,60,,1589385,10,,,1,18,,1589386,10,,,1,18,,1589387,10,,,1,58,,1589388,10,,,1,18,,1589389,10,,,1,18,,1589390,10,,,1,18,,1589391,10,,,1,56,,1589392,10,,,1,18,,1589393,10,,,1,17,,1589394,10,,,1,58,,1589395,10,,,1,17,,1589396,10,,,1,18,,1589397,10,,,1,17,,1589398,10,,,1,57,,1589399,10,,,1,18,,1589400,10,,,1
80401,'20261003',632,,1589401,10,,,1,19,,1589402,10,,,1,58,,1589403,10,,,1,18,,1589404,10,,,1,17,,1589405,10,,,1,58,,1589406,10,,,1,17,,1589407,10,,,1,16,,1589408,10,,,1,14,,1589409,10,,,1,56,,1589410,10,,,1,15,,1589411,10,,,1,16,,1589412,10,,,1,15,,1589413,10,,,1,56,,1589414,10,,,1,16,,1589415,10,,,1,14,,1589416,10,,,1,15,,1589417,10,,,1,54,,1589418,10,,,1,14,,1589419,10,,,1,15,,1589420,10,,,1,14,,1589421,10,,,1,54,,1589422,10,,,1,15,,1589423,10,,,1,14,,1589424,10,,,1,15,,1589425,10,,,1,54,,1589426,10,,,1,15,,1589427,10,,,1,15,,1589428,10,,,1,15,,1589429,10,,,1,55,,1589430,10,,,1,15,,1589431,10,,,1,15,,1589432,10,,,1,15,,1589433,10,,,1,55,,1589434,10,,,1,15,,1589435,10,,,1,14,,1589436,10,,,1,15,,1589437,10,,,1,14,,1589438,10,,,1,55,,1589439,10,,,1,14,,1589440,10,,,1,16,,1589441,10,,,1,56,,1589442,10,,,1,19,,1589443,10,,,1,19,,1589444,10,,,1,19,,1589445,10,,,1,59,,1589446,10,,,1,19,,1589447,10,,,1,19,,1589448,10,,,1,58,,1589449,10,,,1,18,,1589450,10,,,1,19,,1589451,10,,,1,58,,1589452,10,,,1,18,,1589453,10,,,1,18,,1589454,10,,,1,58,,1589455,10,,,1,18,,1589456,10,,,1,18,,1589457,10,,,1,18,,1589458,10,,,1,58,,1589459,10,,,1,18,,1589460,10,,,1,19,,1589461,10,,,1,58,,1589462,10,,,1,18,,1589463,10,,,1,18,,1589464,10,,,1,58,,1589465,10,,,1
80401,'20261004',632,,1589466,10,,,1,19,,1589467,10,,,1,58,,1589468,10,,,1,18,,1589469,10,,,1,17,,1589470,10,,,1,58,,1589471,10,,,1,17,,1589472,10,,,1,16,,1589473,10,,,1,14,,1589474,10,,,1,56,,1589475,10,,,1,15,,1589476,10,,,1,16,,1589477,10,,,1,15,,1589478,10,,,1,56,,1589479,10,,,1,16,,1589480,10,,,1,14,,1589481,10,,,1,15,,1589482,10,,,1,54,,1589483,10,,,1,14,,1589484,10,,,1,15,,1589485,10,,,1,14,,1589486,10,,,1,54,,1589487,10,,,1,15,,1589488,10,,,1,14,,1589489,10,,,1,15,,1589490,10,,,1,54,,1589491,10,,,1,15,,1589492,10,,,1,15,,1589493,10,,,1,15,,1589494,10,,,1,55,,1589495,10,,,1,15,,1589496,10,,,1,15,,1589497,10,,,1,15,,1589498,10,,,1,55,,1589499,10,,,1,15,,1589500,10,,,1,14,,1589501,10,,,1,15,,1589502,10,,,1,14,,1589503,10,,,1,55,,1589504,10,,,1,14,,1589505,10,,,1,16,,1589506,10,,,1,56,,1589507,10,,,1,19,,1589508,10,,,1,19,,1589509,10,,,1,19,,1589510,10,,,1,59,,1589511,10,,,1,19,,1589512,10,,,1,19,,1589513,10,,,1,58,,1589514,10,,,1,18,,1589515,10,,,1,19,,1589516,10,,,1,58,,1589517,10,,,1,18,,1589518,10,,,1,18,,1589519,10,,,1,58,,1589520,10,,,1,18,,1589521,10,,,1,18,,1589522,10,,,1,18,,1589523,10,,,1,58,,1589524,10,,,1,18,,1589525,10,,,1,19,,1589526,10,,,1,58,,1589527,10,,,1,18,,1589528,10,,,1,18,,1589529,10,,,1,58,,1589530,10,,,1
80401,'20261005',521,,1589531,10,,,1,15,,1589532,10,,,1,14,,1589533,10,,,1,55,,1589534,10,,,1,14,,1589535,10,,,1,15,,1589536,10,,,1,11,,1589537,10,,,1,9,,1589538,10,,,1,49,,1589539,10,,,1,10,,1589540,10,,,1,9,,1589541,10,,,1,10,,1589542,10,,,1,10,,1589543,10,,,1,11,,1589544,10,,,1,51,,1589545,10,,,1,12,,1589546,10,,,1,13,,1589547,10,,,1,15,,1589548,10,,,1,56,,1589549,10,,,1,15,,1589550,10,,,1,14,,1589551,10,,,1,14,,1589552,10,,,1,15,,1589553,10,,,1,55,,1589554,10,,,1,14,,1589555,10,,,1,16,,1589556,10,,,1,14,,1589557,10,,,1,55,,1589558,10,,,1,13,,1589559,10,,,1,17,,1589560,10,,,1,15,,1589561,10,,,1,55,,1589562,10,,,1,15,,1589563,10,,,1,15,,1589564,10,,,1,15,,1589565,10,,,1,56,,1589566,10,,,1,15,,1589567,10,,,1,14,,1589568,10,,,1,14,,1589569,10,,,1,56,,1589570,10,,,1,15,,1589571,10,,,1,15,,1589572,10,,,1,16,,1589573,10,,,1,52,,1589574,10,,,1,15,,1589575,10,,,1,14,,1589576,10,,,1,16,,1589577,10,,,1,54,,1589578,10,,,1,10,,1589579,10,,,1,13,,1589580,10,,,1,14,,1589581,10,,,1,12,,1589582,10,,,1,57,,1589583,10,,,1,15,,1589584,10,,,1,15,,1589585,10,,,1,55,,1589586,10,,,1,18,,1589587,10,,,1,19,,1589588,10,,,1,18,,1589589,10,,,1,58,,1589590,10,,,1,18,,1589591,10,,,1,18,,1589592,10,,,1,60,,1589593,10,,,1,18,,1589594,10,,,1,18,,1589595,10,,,1,58,,1589596,10,,,1,18,,1589597,10,,,1,18,,1589598,10,,,1,18,,1589599,10,,,1,56,,1589600,10,,,1,18,,1589601,10,,,1,17,,1589602,10,,,1,58,,1589603,10,,,1,17,,1589604,10,,,1,18,,1589605,10,,,1,17,,1589606,10,,,1,57,,1589607,10,,,1,18,,1589608,10,,,1
80401,'20261006',521,,1536398,10,,,1,15,,1536386,10,,,1,14,,1536322,10,,,1,55,,1536387,10,,,1,14,,1536369,10,,,1,15,,1536323,10,,,1,11,,1536324,10,,,1,9,,1536325,10,,,1,49,,1536326,10,,,1,10,,1536382,10,,,1,9,,1536376,10,,,1,10,,1536327,10,,,1,10,,1536328,10,,,1,11,,1536329,10,,,1,51,,1536330,10,,,1,12,,1536343,10,,,1,13,,1536344,10,,,1,15,,1536345,10,,,1,56,,1536383,10,,,1,15,,1536331,10,,,1,14,,1536332,10,,,1,14,,1536333,10,,,1,15,,1536334,10,,,1,55,,1536335,10,,,1,14,,1536384,10,,,1,16,,1536377,10,,,1,14,,1536336,10,,,1,55,,1536337,10,,,1,13,,1536338,10,,,1,17,,1536339,10,,,1,15,,1536340,10,,,1,55,,1536381,10,,,1,15,,1536341,10,,,1,15,,1536346,10,,,1,15,,1536347,10,,,1,56,,1536378,10,,,1,15,,1536342,10,,,1,14,,1536348,10,,,1,14,,1536349,10,,,1,56,,1536350,10,,,1,15,,1536351,10,,,1,15,,1536352,10,,,1,16,,1536380,10,,,1,52,,1536353,10,,,1,15,,1536354,10,,,1,14,,1536356,10,,,1,16,,1536385,10,,,1,54,,1536357,10,,,1,10,,1536358,10,,,1,13,,1536355,10,,,1,14,,1536359,10,,,1,12,,1536368,10,,,1,57,,1536393,10,,,1,15,,1536370,10,,,1,15,,1536360,10,,,1,55,,1536396,10,,,1,18,,1536379,10,,,1,19,,1536371,10,,,1,18,,1536372,10,,,1,58,,1536361,10,,,1,18,,1536362,10,,,1,18,,1536390,10,,,1,60,,1536373,10,,,1,18,,1536391,10,,,1,18,,1536392,10,,,1,58,,1536389,10,,,1,18,,1536388,10,,,1,18,,1536375,10,,,1,18,,1536374,10,,,1,56,,1536363,10,,,1,18,,1536364,10,,,1,17,,1536395,10,,,1,58,,1536365,10,,,1,17,,1536394,10,,,1,18,,1536366,10,,,1,17,,1536367,10,,,1,57,,1536397,10,,,1,18,,1536399,10,,,1
80401,'20261007',521,,1536476,10,,,1,15,,1536464,10,,,1,14,,1536400,10,,,1,55,,1536465,10,,,1,14,,1536447,10,,,1,15,,1536401,10,,,1,11,,1536402,10,,,1,9,,1536403,10,,,1,49,,1536404,10,,,1,10,,1536460,10,,,1,9,,1536454,10,,,1,10,,1536405,10,,,1,10,,1536406,10,,,1,11,,1536407,10,,,1,51,,1536408,10,,,1,12,,1536421,10,,,1,13,,1536422,10,,,1,15,,1536423,10,,,1,56,,1536461,10,,,1,15,,1536409,10,,,1,14,,1536410,10,,,1,14,,1536411,10,,,1,15,,1536412,10,,,1,55,,1536413,10,,,1,14,,1536462,10,,,1,16,,1536455,10,,,1,14,,1536414,10,,,1,55,,1536415,10,,,1,13,,1536416,10,,,1,17,,1536417,10,,,1,15,,1536418,10,,,1,55,,1536459,10,,,1,15,,1536419,10,,,1,15,,1536424,10,,,1,15,,1536425,10,,,1,56,,1536456,10,,,1,15,,1536420,10,,,1,14,,1536426,10,,,1,14,,1536427,10,,,1,56,,1536428,10,,,1,15,,1536429,10,,,1,15,,1536430,10,,,1,16,,1536458,10,,,1,52,,1536431,10,,,1,15,,1536432,10,,,1,14,,1536434,10,,,1,16,,1536463,10,,,1,54,,1536435,10,,,1,10,,1536436,10,,,1,13,,1536433,10,,,1,14,,1536437,10,,,1,12,,1536446,10,,,1,57,,1536471,10,,,1,15,,1536448,10,,,1,15,,1536438,10,,,1,55,,1536474,10,,,1,18,,1536457,10,,,1,19,,1536449,10,,,1,18,,1536450,10,,,1,58,,1536439,10,,,1,18,,1536440,10,,,1,18,,1536468,10,,,1,60,,1536451,10,,,1,18,,1536469,10,,,1,18,,1536470,10,,,1,58,,1536467,10,,,1,18,,1536466,10,,,1,18,,1536453,10,,,1,18,,1536452,10,,,1,56,,1536441,10,,,1,18,,1536442,10,,,1,17,,1536473,10,,,1,58,,1536443,10,,,1,17,,1536472,10,,,1,18,,1536444,10,,,1,17,,1536445,10,,,1,57,,1536475,10,,,1,18,,1536477,10,,,1
80401,'20261008',521,,1536554,10,,,1,15,,1536542,10,,,1,14,,1536478,10,,,1,55,,1536543,10,,,1,14,,1536525,10,,,1,15,,1536479,10,,,1,11,,1536480,10,,,1,9,,1536481,10,,,1,49,,1536482,10,,,1,10,,1536538,10,,,1,9,,1536532,10,,,1,10,,1536483,10,,,1,10,,1536484,10,,,1,11,,1536485,10,,,1,51,,1536486,10,,,1,12,,1536499,10,,,1,13,,1536500,10,,,1,15,,1536501,10,,,1,56,,1536539,10,,,1,15,,1536487,10,,,1,14,,1536488,10,,,1,14,,1536489,10,,,1,15,,1536490,10,,,1,55,,1536491,10,,,1,14,,1536540,10,,,1,16,,1536533,10,,,1,14,,1536492,10,,,1,55,,1536493,10,,,1,13,,1536494,10,,,1,17,,1536495,10,,,1,15,,1536496,10,,,1,55,,1536537,10,,,1,15,,1536497,10,,,1,15,,1536502,10,,,1,15,,1536503,10,,,1,56,,1536534,10,,,1,15,,1536498,10,,,1,14,,1536504,10,,,1,14,,1536505,10,,,1,56,,1536506,10,,,1,15,,1536507,10,,,1,15,,1536508,10,,,1,16,,1536536,10,,,1,52,,1536509,10,,,1,15,,1536510,10,,,1,14,,1536512,10,,,1,16,,1536541,10,,,1,54,,1536513,10,,,1,10,,1536514,10,,,1,13,,1536511,10,,,1,14,,1536515,10,,,1,12,,1536524,10,,,1,57,,1536549,10,,,1,15,,1536526,10,,,1,15,,1536516,10,,,1,55,,1536552,10,,,1,18,,1536535,10,,,1,19,,1536527,10,,,1,18,,1536528,10,,,1,58,,1536517,10,,,1,18,,1536518,10,,,1,18,,1536546,10,,,1,60,,1536529,10,,,1,18,,1536547,10,,,1,18,,1536548,10,,,1,58,,1536545,10,,,1,18,,1536544,10,,,1,18,,1536531,10,,,1,18,,1536530,10,,,1,56,,1536519,10,,,1,18,,1536520,10,,,1,17,,1536551,10,,,1,58,,1536521,10,,,1,17,,1536550,10,,,1,18,,1536522,10,,,1,17,,1536523,10,,,1,57,,1536553,10,,,1,18,,1536555,10,,,1
80401,'20261009',521,,1536632,10,,,1,15,,1536620,10,,,1,14,,1536556,10,,,1,55,,1536621,10,,,1,14,,1536603,10,,,1,15,,1536557,10,,,1,11,,1536558,10,,,1,9,,1536559,10,,,1,49,,1536560,10,,,1,10,,1536616,10,,,1,9,,1536610,10,,,1,10,,1536561,10,,,1,10,,1536562,10,,,1,11,,1536563,10,,,1,51,,1536564,10,,,1,12,,1536577,10,,,1,13,,1536578,10,,,1,15,,1536579,10,,,1,56,,1536617,10,,,1,15,,1536565,10,,,1,14,,1536566,10,,,1,14,,1536567,10,,,1,15,,1536568,10,,,1,55,,1536569,10,,,1,14,,1536618,10,,,1,16,,1536611,10,,,1,14,,1536570,10,,,1,55,,1536571,10,,,1,13,,1536572,10,,,1,17,,1536573,10,,,1,15,,1536574,10,,,1,55,,1536615,10,,,1,15,,1536575,10,,,1,15,,1536580,10,,,1,15,,1536581,10,,,1,56,,1536612,10,,,1,15,,1536576,10,,,1,14,,1536582,10,,,1,14,,1536583,10,,,1,56,,1536584,10,,,1,15,,1536585,10,,,1,15,,1536586,10,,,1,16,,1536614,10,,,1,52,,1536587,10,,,1,15,,1536588,10,,,1,14,,1536590,10,,,1,16,,1536619,10,,,1,54,,1536591,10,,,1,10,,1536592,10,,,1,13,,1536589,10,,,1,14,,1536593,10,,,1,12,,1536602,10,,,1,57,,1536627,10,,,1,15,,1536604,10,,,1,15,,1536594,10,,,1,55,,1536630,10,,,1,18,,1536613,10,,,1,19,,1536605,10,,,1,18,,1536606,10,,,1,58,,1536595,10,,,1,18,,1536596,10,,,1,18,,1536624,10,,,1,60,,1536607,10,,,1,18,,1536625,10,,,1,18,,1536626,10,,,1,58,,1536623,10,,,1,18,,1536622,10,,,1,18,,1536609,10,,,1,18,,1536608,10,,,1,56,,1536597,10,,,1,18,,1536598,10,,,1,17,,1536629,10,,,1,58,,1536599,10,,,1,17,,1536628,10,,,1,18,,1536600,10,,,1,17,,1536601,10,,,1,57,,1536631,10,,,1,18,,1536633,10,,,1
80401,'20261010',632,,1559088,10,,,1,19,,1559140,10,,,1,58,,1559139,10,,,1,18,,1559089,10,,,1,17,,1559090,10,,,1,58,,1559141,10,,,1,17,,1559128,10,,,1,16,,1559129,10,,,1,14,,1559130,10,,,1,56,,1559142,10,,,1,15,,1559091,10,,,1,16,,1559131,10,,,1,15,,1559132,10,,,1,56,,1559143,10,,,1,16,,1559092,10,,,1,14,,1559133,10,,,1,15,,1559134,10,,,1,54,,1559144,10,,,1,14,,1559093,10,,,1,15,,1559135,10,,,1,14,,1559136,10,,,1,54,,1559094,10,,,1,15,,1559137,10,,,1,14,,1559095,10,,,1,15,,1559096,10,,,1,54,,1559097,10,,,1,15,,1559098,10,,,1,15,,1559099,10,,,1,15,,1559100,10,,,1,55,,1559101,10,,,1,15,,1559102,10,,,1,15,,1559103,10,,,1,15,,1559104,10,,,1,55,,1559105,10,,,1,15,,1559106,10,,,1,14,,1559107,10,,,1,15,,1559108,10,,,1,14,,1559109,10,,,1,55,,1559110,10,,,1,14,,1559111,10,,,1,16,,1559112,10,,,1,56,,1559113,10,,,1,19,,1559114,10,,,1,19,,1559115,10,,,1,19,,1559138,10,,,1,59,,1559149,10,,,1,19,,1559116,10,,,1,19,,1559117,10,,,1,58,,1559150,10,,,1,18,,1559118,10,,,1,19,,1559151,10,,,1,58,,1559119,10,,,1,18,,1559120,10,,,1,18,,1559152,10,,,1,58,,1559121,10,,,1,18,,1559147,10,,,1,18,,1559122,10,,,1,18,,1559123,10,,,1,58,,1559146,10,,,1,18,,1559124,10,,,1,19,,1559145,10,,,1,58,,1559125,10,,,1,18,,1559126,10,,,1,18,,1559148,10,,,1,58,,1559127,10,,,1
80401,'20261011',632,,1559153,10,,,1,19,,1559154,10,,,1,58,,1559205,10,,,1,18,,1559204,10,,,1,17,,1559155,10,,,1,58,,1559206,10,,,1,17,,1559193,10,,,1,16,,1559194,10,,,1,14,,1559195,10,,,1,56,,1559207,10,,,1,15,,1559157,10,,,1,16,,1559196,10,,,1,15,,1559197,10,,,1,56,,1559208,10,,,1,16,,1559156,10,,,1,14,,1559198,10,,,1,15,,1559199,10,,,1,54,,1559209,10,,,1,14,,1559158,10,,,1,15,,1559200,10,,,1,14,,1559201,10,,,1,54,,1559159,10,,,1,15,,1559202,10,,,1,14,,1559160,10,,,1,15,,1559161,10,,,1,54,,1559162,10,,,1,15,,1559163,10,,,1,15,,1559164,10,,,1,15,,1559165,10,,,1,55,,1559166,10,,,1,15,,1559167,10,,,1,15,,1559168,10,,,1,15,,1559169,10,,,1,55,,1559170,10,,,1,15,,1559171,10,,,1,14,,1559172,10,,,1,15,,1559173,10,,,1,14,,1559174,10,,,1,55,,1559175,10,,,1,14,,1559176,10,,,1,16,,1559177,10,,,1,56,,1559178,10,,,1,19,,1559179,10,,,1,19,,1559180,10,,,1,19,,1559181,10,,,1,59,,1559203,10,,,1,19,,1559210,10,,,1,19,,1559182,10,,,1,58,,1559183,10,,,1,18,,1559211,10,,,1,19,,1559184,10,,,1,58,,1559212,10,,,1,18,,1559185,10,,,1,18,,1559186,10,,,1,58,,1559213,10,,,1,18,,1559187,10,,,1,18,,1559214,10,,,1,18,,1559188,10,,,1,58,,1559189,10,,,1,18,,1559215,10,,,1,19,,1559190,10,,,1,58,,1559216,10,,,1,18,,1559191,10,,,1,18,,1559217,10,,,1,58,,1559192,10,,,1
80401,'20261012',632,,1559218,10,,,1,19,,1559219,10,,,1,58,,1559270,10,,,1,18,,1559269,10,,,1,17,,1559220,10,,,1,58,,1559271,10,,,1,17,,1559258,10,,,1,16,,1559259,10,,,1,14,,1559260,10,,,1,56,,1559272,10,,,1,15,,1559222,10,,,1,16,,1559261,10,,,1,15,,1559262,10,,,1,56,,1559273,10,,,1,16,,1559221,10,,,1,14,,1559263,10,,,1,15,,1559264,10,,,1,54,,1559274,10,,,1,14,,1559223,10,,,1,15,,1559265,10,,,1,14,,1559266,10,,,1,54,,1559224,10,,,1,15,,1559267,10,,,1,14,,1559225,10,,,1,15,,1559226,10,,,1,54,,1559227,10,,,1,15,,1559228,10,,,1,15,,1559229,10,,,1,15,,1559230,10,,,1,55,,1559231,10,,,1,15,,1559232,10,,,1,15,,1559233,10,,,1,15,,1559234,10,,,1,55,,1559235,10,,,1,15,,1559236,10,,,1,14,,1559237,10,,,1,15,,1559238,10,,,1,14,,1559239,10,,,1,55,,1559240,10,,,1,14,,1559241,10,,,1,16,,1559242,10,,,1,56,,1559243,10,,,1,19,,1559244,10,,,1,19,,1559245,10,,,1,19,,1559246,10,,,1,59,,1559268,10,,,1,19,,1559275,10,,,1,19,,1559247,10,,,1,58,,1559248,10,,,1,18,,1559276,10,,,1,19,,1559249,10,,,1,58,,1559277,10,,,1,18,,1559250,10,,,1,18,,1559251,10,,,1,58,,1559278,10,,,1,18,,1559252,10,,,1,18,,1559279,10,,,1,18,,1559253,10,,,1,58,,1559254,10,,,1,18,,1559280,10,,,1,19,,1559255,10,,,1,58,,1559281,10,,,1,18,,1559256,10,,,1,18,,1559282,10,,,1,58,,1559257,10,,,1
80401,'20261013',521,,1589685,10,,,1,15,,1589673,10,,,1,14,,1589609,10,,,1,55,,1589674,10,,,1,14,,1589656,10,,,1,15,,1589610,10,,,1,11,,1589611,10,,,1,9,,1589612,10,,,1,49,,1589613,10,,,1,10,,1589669,10,,,1,9,,1589663,10,,,1,10,,1589614,10,,,1,10,,1589615,10,,,1,11,,1589616,10,,,1,51,,1589617,10,,,1,12,,1589630,10,,,1,13,,1589631,10,,,1,15,,1589632,10,,,1,56,,1589670,10,,,1,15,,1589618,10,,,1,14,,1589619,10,,,1,14,,1589620,10,,,1,15,,1589621,10,,,1,55,,1589622,10,,,1,14,,1589671,10,,,1,16,,1589664,10,,,1,14,,1589623,10,,,1,55,,1589624,10,,,1,13,,1589625,10,,,1,17,,1589626,10,,,1,15,,1589627,10,,,1,55,,1589668,10,,,1,15,,1589628,10,,,1,15,,1589633,10,,,1,15,,1589634,10,,,1,56,,1589665,10,,,1,15,,1589629,10,,,1,14,,1589635,10,,,1,14,,1589636,10,,,1,56,,1589637,10,,,1,15,,1589638,10,,,1,15,,1589639,10,,,1,16,,1589667,10,,,1,52,,1589640,10,,,1,15,,1589641,10,,,1,14,,1589643,10,,,1,16,,1589672,10,,,1,54,,1589644,10,,,1,10,,1589645,10,,,1,13,,1589642,10,,,1,14,,1589646,10,,,1,12,,1589655,10,,,1,57,,1589680,10,,,1,15,,1589657,10,,,1,15,,1589647,10,,,1,55,,1589683,10,,,1,18,,1589666,10,,,1,19,,1589658,10,,,1,18,,1589659,10,,,1,58,,1589648,10,,,1,18,,1589649,10,,,1,18,,1589677,10,,,1,60,,1589660,10,,,1,18,,1589678,10,,,1,18,,1589679,10,,,1,58,,1589676,10,,,1,18,,1589675,10,,,1,18,,1589662,10,,,1,18,,1589661,10,,,1,56,,1589650,10,,,1,18,,1589651,10,,,1,17,,1589682,10,,,1,58,,1589652,10,,,1,17,,1589681,10,,,1,18,,1589653,10,,,1,17,,1589654,10,,,1,57,,1589684,10,,,1,18,,1589686,10,,,1
80401,'20261014',521,,1589763,10,,,1,15,,1589751,10,,,1,14,,1589687,10,,,1,55,,1589752,10,,,1,14,,1589734,10,,,1,15,,1589688,10,,,1,11,,1589689,10,,,1,9,,1589690,10,,,1,49,,1589691,10,,,1,10,,1589747,10,,,1,9,,1589741,10,,,1,10,,1589692,10,,,1,10,,1589693,10,,,1,11,,1589694,10,,,1,51,,1589695,10,,,1,12,,1589708,10,,,1,13,,1589709,10,,,1,15,,1589710,10,,,1,56,,1589748,10,,,1,15,,1589696,10,,,1,14,,1589697,10,,,1,14,,1589698,10,,,1,15,,1589699,10,,,1,55,,1589700,10,,,1,14,,1589749,10,,,1,16,,1589742,10,,,1,14,,1589701,10,,,1,55,,1589702,10,,,1,13,,1589703,10,,,1,17,,1589704,10,,,1,15,,1589705,10,,,1,55,,1589746,10,,,1,15,,1589706,10,,,1,15,,1589711,10,,,1,15,,1589712,10,,,1,56,,1589743,10,,,1,15,,1589707,10,,,1,14,,1589713,10,,,1,14,,1589714,10,,,1,56,,1589715,10,,,1,15,,1589716,10,,,1,15,,1589717,10,,,1,16,,1589745,10,,,1,52,,1589718,10,,,1,15,,1589719,10,,,1,14,,1589721,10,,,1,16,,1589750,10,,,1,54,,1589722,10,,,1,10,,1589723,10,,,1,13,,1589720,10,,,1,14,,1589724,10,,,1,12,,1589733,10,,,1,57,,1589758,10,,,1,15,,1589735,10,,,1,15,,1589725,10,,,1,55,,1589761,10,,,1,18,,1589744,10,,,1,19,,1589736,10,,,1,18,,1589737,10,,,1,58,,1589726,10,,,1,18,,1589727,10,,,1,18,,1589755,10,,,1,60,,1589738,10,,,1,18,,1589756,10,,,1,18,,1589757,10,,,1,58,,1589754,10,,,1,18,,1589753,10,,,1,18,,1589740,10,,,1,18,,1589739,10,,,1,56,,1589728,10,,,1,18,,1589729,10,,,1,17,,1589760,10,,,1,58,,1589730,10,,,1,17,,1589759,10,,,1,18,,1589731,10,,,1,17,,1589732,10,,,1,57,,1589762,10,,,1,18,,1589764,10,,,1
80401,'20261015',521,,1589841,10,,,1,15,,1589829,10,,,1,14,,1589765,10,,,1,55,,1589830,10,,,1,14,,1589812,10,,,1,15,,1589766,10,,,1,11,,1589767,10,,,1,9,,1589768,10,,,1,49,,1589769,10,,,1,10,,1589825,10,,,1,9,,1589819,10,,,1,10,,1589770,10,,,1,10,,1589771,10,,,1,11,,1589772,10,,,1,51,,1589773,10,,,1,12,,1589786,10,,,1,13,,1589787,10,,,1,15,,1589788,10,,,1,56,,1589826,10,,,1,15,,1589774,10,,,1,14,,1589775,10,,,1,14,,1589776,10,,,1,15,,1589777,10,,,1,55,,1589778,10,,,1,14,,1589827,10,,,1,16,,1589820,10,,,1,14,,1589779,10,,,1,55,,1589780,10,,,1,13,,1589781,10,,,1,17,,1589782,10,,,1,15,,1589783,10,,,1,55,,1589824,10,,,1,15,,1589784,10,,,1,15,,1589789,10,,,1,15,,1589790,10,,,1,56,,1589821,10,,,1,15,,1589785,10,,,1,14,,1589791,10,,,1,14,,1589792,10,,,1,56,,1589793,10,,,1,15,,1589794,10,,,1,15,,1589795,10,,,1,16,,1589823,10,,,1,52,,1589796,10,,,1,15,,1589797,10,,,1,14,,1589799,10,,,1,16,,1589828,10,,,1,54,,1589800,10,,,1,10,,1589801,10,,,1,13,,1589798,10,,,1,14,,1589802,10,,,1,12,,1589811,10,,,1,57,,1589836,10,,,1,15,,1589813,10,,,1,15,,1589803,10,,,1,55,,1589839,10,,,1,18,,1589822,10,,,1,19,,1589814,10,,,1,18,,1589815,10,,,1,58,,1589804,10,,,1,18,,1589805,10,,,1,18,,1589833,10,,,1,60,,1589816,10,,,1,18,,1589834,10,,,1,18,,1589835,10,,,1,58,,1589832,10,,,1,18,,1589831,10,,,1,18,,1589818,10,,,1,18,,1589817,10,,,1,56,,1589806,10,,,1,18,,1589807,10,,,1,17,,1589838,10,,,1,58,,1589808,10,,,1,17,,1589837,10,,,1,18,,1589809,10,,,1,17,,1589810,10,,,1,57,,1589840,10,,,1,18,,1589842,10,,,1
80401,'20261016',521,,1589919,10,,,1,15,,1589907,10,,,1,14,,1589843,10,,,1,55,,1589908,10,,,1,14,,1589890,10,,,1,15,,1589844,10,,,1,11,,1589845,10,,,1,9,,1589846,10,,,1,49,,1589847,10,,,1,10,,1589903,10,,,1,9,,1589897,10,,,1,10,,1589848,10,,,1,10,,1589849,10,,,1,11,,1589850,10,,,1,51,,1589851,10,,,1,12,,1589864,10,,,1,13,,1589865,10,,,1,15,,1589866,10,,,1,56,,1589904,10,,,1,15,,1589852,10,,,1,14,,1589853,10,,,1,14,,1589854,10,,,1,15,,1589855,10,,,1,55,,1589856,10,,,1,14,,1589905,10,,,1,16,,1589898,10,,,1,14,,1589857,10,,,1,55,,1589858,10,,,1,13,,1589859,10,,,1,17,,1589860,10,,,1,15,,1589861,10,,,1,55,,1589902,10,,,1,15,,1589862,10,,,1,15,,1589867,10,,,1,15,,1589868,10,,,1,56,,1589899,10,,,1,15,,1589863,10,,,1,14,,1589869,10,,,1,14,,1589870,10,,,1,56,,1589871,10,,,1,15,,1589872,10,,,1,15,,1589873,10,,,1,16,,1589901,10,,,1,52,,1589874,10,,,1,15,,1589875,10,,,1,14,,1589877,10,,,1,16,,1589906,10,,,1,54,,1589878,10,,,1,10,,1589879,10,,,1,13,,1589876,10,,,1,14,,1589880,10,,,1,12,,1589889,10,,,1,57,,1589914,10,,,1,15,,1589891,10,,,1,15,,1589881,10,,,1,55,,1589917,10,,,1,18,,1589900,10,,,1,19,,1589892,10,,,1,18,,1589893,10,,,1,58,,1589882,10,,,1,18,,1589883,10,,,1,18,,1589911,10,,,1,60,,1589894,10,,,1,18,,1589912,10,,,1,18,,1589913,10,,,1,58,,1589910,10,,,1,18,,1589909,10,,,1,18,,1589896,10,,,1,18,,1589895,10,,,1,56,,1589884,10,,,1,18,,1589885,10,,,1,17,,1589916,10,,,1,58,,1589886,10,,,1,17,,1589915,10,,,1,18,,1589887,10,,,1,17,,1589888,10,,,1,57,,1589918,10,,,1,18,,1589920,10,,,1
