1303,'20261009',648,,1597521,10,,,0,104,,1597522,10,,,0,68,,1597543,8,,,0,2,,1597523,10,,,0,100,,1597524,10,,,0,100,,1597525,10,,,0,99,,1597526,10,,,0,102,,1597527,10,,,0,98,,1597528,10,,,0,100,,1597529,10,,,0,98,,1597530,10,,,0,32,,1597531,10,,,0,70,,1597532,10,,,0,32,,1597533,10,,,0,75,,1597534,10,,,0,25,,1597535,10,,,0,70,,1597536,10,,,0,27,,1597537,10,,,0,68,,1597538,10,,,0,100,,1597539,10,,,0,100,,1597540,10,,,0,100,,1597541,10,,,0,99,,1597542,10,,,0
1303,'20261010',800,,1628112,10,,,0,102,,1628113,10,,,0,102,,1628114,10,,,0,102,,1628115,10,,,0,102,,1628116,10,,,0,102,,1628117,10,,,0,101,,1628118,10,,,0,104,,1628119,10,,,0,97,,1628120,10,,,0,100,,1628121,10,,,0,98,,1628122,10,,,0,98,,1628123,10,,,0,98,,1628124,10,,,0,98,,1628125,10,,,0,98,,1628126,10,,,0,98,,1628127,10,,,0
1303,'20261011',800,,1628128,10,,,0,102,,1628129,10,,,0,102,,1628130,10,,,0,102,,1628131,10,,,0,102,,1628132,10,,,0,102,,1628133,10,,,0,101,,1628134,10,,,0,104,,1628135,10,,,0,97,,1628136,10,,,0,100,,1628137,10,,,0,98,,1628138,10,,,0,98,,1628139,10,,,0,98,,1628140,10,,,0,98,,1628141,10,,,0,98,,1628142,10,,,0,98,,1628143,10,,,0
1303,'20261012',800,,1628144,10,,,0,102,,1628145,10,,,0,102,,1628146,10,,,0,102,,1628147,10,,,0,102,,1628148,10,,,0,102,,1628149,10,,,0,101,,1628150,10,,,0,104,,1628151,10,,,0,97,,1628152,10,,,0,100,,1628153,10,,,0,98,,1628154,10,,,0,98,,1628155,10,,,0,98,,1628156,10,,,0,98,,1628157,10,,,0,98,,1628158,10,,,0,98,,1628159,10,,,0
1303,'20261013',648,,1565817,10,,,0,104,,1565818,10,,,0,68,,1565839,8,,,0,2,,1565819,10,,,0,100,,1565820,10,,,0,100,,1565821,10,,,0,99,,1565822,10,,,0,102,,1565823,10,,,0,98,,1565824,10,,,0,100,,1565825,10,,,0,98,,1565826,10,,,0,32,,1565835,10,,,0,70,,1565827,10,,,0,32,,1565836,10,,,0,75,,1565828,10,,,0,25,,1565837,10,,,0,70,,1565829,10,,,0,27,,1565838,10,,,0,68,,1565830,10,,,0,100,,1565831,10,,,0,100,,1565832,10,,,0,100,,1565833,10,,,0,99,,1565834,10,,,0
1303,'20261014',648,,1565840,10,,,0,104,,1565841,10,,,0,68,,1565862,8,,,0,2,,1565842,10,,,0,100,,1565843,10,,,0,100,,1565844,10,,,0,99,,1565845,10,,,0,102,,1565846,10,,,0,98,,1565847,10,,,0,100,,1565848,10,,,0,98,,1565849,10,,,0,32,,1565858,10,,,0,70,,1565850,10,,,0,32,,1565859,10,,,0,75,,1565851,10,,,0,25,,1565860,10,,,0,70,,1565852,10,,,0,27,,1565861,10,,,0,68,,1565853,10,,,0,100,,1565854,10,,,0,100,,1565855,10,,,0,100,,1565856,10,,,0,99,,1565857,10,,,0
1303,'20261015',648,,1565863,10,,,0,104,,1565864,10,,,0,68,,1565885,8,,,0,2,,1565865,10,,,0,100,,1565866,10,,,0,100,,1565867,10,,,0,99,,1565868,10,,,0,102,,1565869,10,,,0,98,,1565870,10,,,0,100,,1565871,10,,,0,98,,1565872,10,,,0,32,,1565881,10,,,0,70,,1565873,10,,,0,32,,1565882,10,,,0,75,,1565874,10,,,0,25,,1565883,10,,,0,70,,1565875,10,,,0,27,,1565884,10,,,0,68,,1565876,10,,,0,100,,1565877,10,,,0,100,,1565878,10,,,0,100,,1565879,10,,,0,99,,1565880,10,,,0
1303,'20261016',648,,1565886,10,,,0,104,,1565887,10,,,0,68,,1565908,8,,,0,2,,1565888,10,,,0,100,,1565889,10,,,0,100,,1565890,10,,,0,99,,1565891,10,,,0,102,,1565892,10,,,0,98,,1565893,10,,,0,100,,1565894,10,,,0,98,,1565895,10,,,0,32,,1565904,10,,,0,70,,1565896,10,,,0,32,,1565905,10,,,0,75,,1565897,10,,,0,25,,1565906,10,,,0,70,,1565898,10,,,0,27,,1565907,10,,,0,68,,1565899,10,,,0,100,,1565900,10,,,0,100,,1565901,10,,,0,100,,1565902,10,,,0,99,,1565903,10,,,0
1303,'20261017',800,,1597545,10,,,0,102,,1597546,10,,,0,102,,1597547,10,,,0,102,,1597548,10,,,0,102,,1597549,10,,,0,102,,1597550,10,,,0,101,,1597551,10,,,0,104,,1597552,10,,,0,97,,1597553,10,,,0,100,,1597554,10,,,0,98,,1597555,10,,,0,98,,1597556,10,,,0,98,,1597557,10,,,0,98,,1597558,10,,,0,98,,1597559,10,,,0,98,,1597544,10,,,0
1303,'20261018',800,,1597560,10,,,0,102,,1597561,10,,,0,102,,1597562,10,,,0,102,,1597563,10,,,0,102,,1597564,10,,,0,102,,1597565,10,,,0,101,,1597566,10,,,0,104,,1597567,10,,,0,97,,1597568,10,,,0,100,,1597569,10,,,0,98,,1597570,10,,,0,98,,1597571,10,,,0,98,,1597572,10,,,0,98,,1597573,10,,,0,98,,1597574,10,,,0,98,,1597575,10,,,0
1303,'20261019',648,,1597576,10,,,0,104,,1597577,10,,,0,68,,1597598,8,,,0,2,,1597578,10,,,0,100,,1597579,10,,,0,100,,1597580,10,,,0,99,,1597581,10,,,0,102,,1597582,10,,,0,98,,1597583,10,,,0,100,,1597584,10,,,0,98,,1597585,10,,,0,32,,1597594,10,,,0,70,,1597586,10,,,0,32,,1597595,10,,,0,75,,1597587,10,,,0,25,,1597596,10,,,0,70,,1597588,10,,,0,27,,1597597,10,,,0,68,,1597589,10,,,0,100,,1597590,10,,,0,100,,1597591,10,,,0,100,,1597592,10,,,0,99,,1597593,10,,,0
1303,'20261020',648,,1597599,10,,,0,104,,1597600,10,,,0,68,,1597621,8,,,0,2,,1597601,10,,,0,100,,1597602,10,,,0,100,,1597603,10,,,0,99,,1597604,10,,,0,102,,1597605,10,,,0,98,,1597606,10,,,0,100,,1597607,10,,,0,98,,1597608,10,,,0,32,,1597617,10,,,0,70,,1597609,10,,,0,32,,1597618,10,,,0,75,,1597610,10,,,0,25,,1597619,10,,,0,70,,1597611,10,,,0,27,,1597620,10,,,0,68,,1597612,10,,,0,100,,1597613,10,,,0,100,,1597614,10,,,0,100,,1597615,10,,,0,99,,1597616,10,,,0
1303,'20261021',648,,1628160,10,,,0,104,,1628161,10,,,0,68,,1628182,8,,,0,2,,1628162,10,,,0,100,,1628163,10,,,0,100,,1628164,10,,,0,99,,1628165,10,,,0,102,,1628166,10,,,0,98,,1628167,10,,,0,100,,1628168,10,,,0,98,,1628169,10,,,0,32,,1628178,10,,,0,70,,1628170,10,,,0,32,,1628179,10,,,0,75,,1628171,10,,,0,25,,1628180,10,,,0,70,,1628172,10,,,0,27,,1628181,10,,,0,68,,1628173,10,,,0,100,,1628174,10,,,0,100,,1628175,10,,,0,100,,1628176,10,,,0,99,,1628177,10,,,0
1303,'20261022',648,,1628183,10,,,0,104,,1628184,10,,,0,68,,1628205,8,,,0,2,,1628185,10,,,0,100,,1628186,10,,,0,100,,1628187,10,,,0,99,,1628188,10,,,0,102,,1628189,10,,,0,98,,1628190,10,,,0,100,,1628191,10,,,0,98,,1628192,10,,,0,32,,1628201,10,,,0,70,,1628193,10,,,0,32,,1628202,10,,,0,75,,1628194,10,,,0,25,,1628203,10,,,0,70,,1628195,10,,,0,27,,1628204,10,,,0,68,,1628196,10,,,0,100,,1628197,10,,,0,100,,1628198,10,,,0,100,,1628199,10,,,0,99,,1628200,10,,,0
1303,'20261023',648,,1628206,10,,,0,104,,1628207,10,,,0,68,,1628228,8,,,0,2,,1628208,10,,,0,100,,1628209,10,,,0,100,,1628210,10,,,0,99,,1628211,10,,,0,102,,1628212,10,,,0,98,,1628213,10,,,0,100,,1628214,10,,,0,98,,1628215,10,,,0,32,,1628224,10,,,0,70,,1628216,10,,,0,32,,1628225,10,,,0,75,,1628217,10,,,0,25,,1628226,10,,,0,70,,1628218,10,,,0,27,,1628227,10,,,0,68,,1628219,10,,,0,100,,1628220,10,,,0,100,,1628221,10,,,0,100,,1628222,10,,,0,99,,1628223,10,,,0
7600,'20261009',530,,1606625,14,,,1,78,,1606626,14,,,1,100,,1606627,14,,,1,33,,1606628,14,,,1,84,,1606629,14,,,1,31,,1606630,14,,,1,78,,1606631,14,,,1,97,,1606632,14,,,1,85,,1606633,14,,,1,102,,1606634,14,,,1,33,,1606635,14,,,1,67,,1606636,14,,,1,35,,1606637,14,,,1,99,,1606638,14,,,1,98,,1606639,14,,,1,87,,1606640,14,,,1,73,,1606641,14,,,1,22,,1606642,14,,,1,72,,1606643,14,,,1,23,,1606644,14,,,1,76,,1606645,14,,,1,126,,1606646,14,,,1,100,,1606647,14,,,1,103,,1606648,14,,,1,93,,1606649,14,,,1
7600,'20261010',609,,1634301,14,,,1,29,,1634302,14,,,1,70,,1634303,14,,,1,28,,1634304,14,,,1,72,,1634305,14,,,1,30,,1634306,14,,,1,62,,1634307,14,,,1,103,,1634308,14,,,1,55,,1634309,14,,,1,94,,1634310,14,,,1,74,,1634311,14,,,1,29,,1634312,14,,,1,70,,1634313,14,,,1,34,,1634314,14,,,1,145,,1634315,14,,,1,50,,1634316,14,,,1,73,,1634317,14,,,1,27,,1634318,14,,,1,73,,1634319,14,,,1,31,,1634320,14,,,1,68,,1634321,14,,,1,30,,1634322,14,,,1,100,,1634323,14,,,1,102,,1634324,14,,,1,146,,1634325,14,,,1,99,,1634326,14,,,1
7600,'20261011',609,,1634327,14,,,1,29,,1634328,14,,,1,70,,1634329,14,,,1,28,,1634330,14,,,1,72,,1634331,14,,,1,30,,1634332,14,,,1,62,,1634333,14,,,1,103,,1634334,14,,,1,55,,1634335,14,,,1,94,,1634336,14,,,1,74,,1634337,14,,,1,29,,1634338,14,,,1,70,,1634339,14,,,1,34,,1634340,14,,,1,145,,1634341,14,,,1,50,,1634342,14,,,1,73,,1634343,14,,,1,27,,1634344,14,,,1,73,,1634345,14,,,1,31,,1634346,14,,,1,68,,1634347,14,,,1,30,,1634348,14,,,1,100,,1634349,14,,,1,102,,1634350,14,,,1,146,,1634351,14,,,1,99,,1634352,14,,,1
7600,'20261012',609,,1634353,14,,,1,29,,1634354,14,,,1,70,,1634355,14,,,1,28,,1634356,14,,,1,72,,1634357,14,,,1,30,,1634358,14,,,1,62,,1634359,14,,,1,103,,1634360,14,,,1,55,,1634361,14,,,1,94,,1634362,14,,,1,74,,1634363,14,,,1,29,,1634364,14,,,1,70,,1634365,14,,,1,34,,1634366,14,,,1,145,,1634367,14,,,1,50,,1634368,14,,,1,73,,1634369,14,,,1,27,,1634370,14,,,1,73,,1634371,14,,,1,31,,1634372,14,,,1,68,,1634373,14,,,1,30,,1634374,14,,,1,100,,1634375,14,,,1,102,,1634376,14,,,1,146,,1634377,14,,,1,99,,1634378,14,,,1
7600,'20261013',530,,1574929,14,,,1,78,,1574930,14,,,1,100,,1574931,14,,,1,33,,1574932,14,,,1,84,,1574933,14,,,1,31,,1574934,14,,,1,78,,1574935,14,,,1,97,,1574936,14,,,1,85,,1574937,14,,,1,102,,1574938,14,,,1,33,,1574939,14,,,1,67,,1574940,14,,,1,35,,1574941,14,,,1,99,,1574942,14,,,1,98,,1574943,14,,,1,87,,1574944,14,,,1,73,,1574945,14,,,1,22,,1574946,14,,,1,72,,1574947,14,,,1,23,,1574948,14,,,1,76,,1574949,14,,,1,126,,1574950,14,,,1,100,,1574951,14,,,1,103,,1574952,14,,,1,93,,1574953,14,,,1
7600,'20261014',530,,1574954,14,,,1,78,,1574955,14,,,1,100,,1574956,14,,,1,33,,1574957,14,,,1,84,,1574958,14,,,1,31,,1574959,14,,,1,78,,1574960,14,,,1,97,,1574961,14,,,1,85,,1574962,14,,,1,102,,1574963,14,,,1,33,,1574964,14,,,1,67,,1574965,14,,,1,35,,1574966,14,,,1,99,,1574967,14,,,1,98,,1574968,14,,,1,87,,1574969,14,,,1,73,,1574970,14,,,1,22,,1574971,14,,,1,72,,1574972,14,,,1,23,,1574973,14,,,1,76,,1574974,14,,,1,126,,1574975,14,,,1,100,,1574976,14,,,1,103,,1574977,14,,,1,93,,1574978,14,,,1
7600,'20261015',530,,1574979,14,,,1,78,,1574980,14,,,1,100,,1574981,14,,,1,33,,1574982,14,,,1,84,,1574983,14,,,1,31,,1574984,14,,,1,78,,1574985,14,,,1,97,,1574986,14,,,1,85,,1574987,14,,,1,102,,1574988,14,,,1,33,,1574989,14,,,1,67,,1574990,14,,,1,35,,1574991,14,,,1,99,,1574992,14,,,1,98,,1574993,14,,,1,87,,1574994,14,,,1,73,,1574995,14,,,1,22,,1574996,14,,,1,72,,1574997,14,,,1,23,,1574998,14,,,1,76,,1574999,14,,,1,126,,1575000,14,,,1,100,,1575001,14,,,1,103,,1575002,14,,,1,93,,1575003,14,,,1
7600,'20261016',530,,1575004,14,,,1,78,,1575005,14,,,1,100,,1575006,14,,,1,33,,1575007,14,,,1,84,,1575008,14,,,1,31,,1575009,14,,,1,78,,1575010,14,,,1,97,,1575011,14,,,1,85,,1575012,14,,,1,102,,1575013,14,,,1,33,,1575014,14,,,1,67,,1575015,14,,,1,35,,1575016,14,,,1,99,,1575017,14,,,1,98,,1575018,14,,,1,87,,1575019,14,,,1,73,,1575020,14,,,1,22,,1575021,14,,,1,72,,1575022,14,,,1,23,,1575023,14,,,1,76,,1575024,14,,,1,126,,1575025,14,,,1,100,,1575026,14,,,1,103,,1575027,14,,,1,93,,1575028,14,,,1
7600,'20261017',609,,1606665,14,,,1,29,,1606669,14,,,1,70,,1606673,14,,,1,28,,1606668,14,,,1,72,,1606650,14,,,1,30,,1606670,14,,,1,62,,1606651,14,,,1,103,,1606652,14,,,1,55,,1606653,14,,,1,94,,1606654,14,,,1,74,,1606671,14,,,1,29,,1606655,14,,,1,70,,1606672,14,,,1,34,,1606656,14,,,1,145,,1606657,14,,,1,50,,1606658,14,,,1,73,,1606674,14,,,1,27,,1606659,14,,,1,73,,1606675,14,,,1,31,,1606660,14,,,1,68,,1606667,14,,,1,30,,1606661,14,,,1,100,,1606662,14,,,1,102,,1606663,14,,,1,146,,1606664,14,,,1,99,,1606666,14,,,1
7600,'20261018',609,,1606693,14,,,1,29,,1606694,14,,,1,70,,1606676,14,,,1,28,,1606695,14,,,1,72,,1606677,14,,,1,30,,1606696,14,,,1,62,,1606678,14,,,1,103,,1606679,14,,,1,55,,1606680,14,,,1,94,,1606681,14,,,1,74,,1606697,14,,,1,29,,1606682,14,,,1,70,,1606698,14,,,1,34,,1606683,14,,,1,145,,1606684,14,,,1,50,,1606685,14,,,1,73,,1606699,14,,,1,27,,1606686,14,,,1,73,,1606700,14,,,1,31,,1606687,14,,,1,68,,1606701,14,,,1,30,,1606688,14,,,1,100,,1606689,14,,,1,102,,1606690,14,,,1,146,,1606691,14,,,1,99,,1606692,14,,,1
7600,'20261019',530,,1606702,14,,,1,78,,1606703,14,,,1,100,,1606704,14,,,1,33,,1606705,14,,,1,84,,1606706,14,,,1,31,,1606707,14,,,1,78,,1606708,14,,,1,97,,1606709,14,,,1,85,,1606710,14,,,1,102,,1606711,14,,,1,33,,1606712,14,,,1,67,,1606713,14,,,1,35,,1606714,14,,,1,99,,1606715,14,,,1,98,,1606716,14,,,1,87,,1606717,14,,,1,73,,1606718,14,,,1,22,,1606719,14,,,1,72,,1606720,14,,,1,23,,1606721,14,,,1,76,,1606722,14,,,1,126,,1606723,14,,,1,100,,1606724,14,,,1,103,,1606725,14,,,1,93,,1606726,14,,,1
7600,'20261020',530,,1606727,14,,,1,78,,1606728,14,,,1,100,,1606729,14,,,1,33,,1606730,14,,,1,84,,1606731,14,,,1,31,,1606732,14,,,1,78,,1606733,14,,,1,97,,1606734,14,,,1,85,,1606735,14,,,1,102,,1606736,14,,,1,33,,1606737,14,,,1,67,,1606738,14,,,1,35,,1606739,14,,,1,99,,1606740,14,,,1,98,,1606741,14,,,1,87,,1606742,14,,,1,73,,1606743,14,,,1,22,,1606744,14,,,1,72,,1606745,14,,,1,23,,1606746,14,,,1,76,,1606747,14,,,1,126,,1606748,14,,,1,100,,1606749,14,,,1,103,,1606750,14,,,1,93,,1606751,14,,,1
7600,'20261021',530,,1634379,14,,,1,78,,1634380,14,,,1,100,,1634381,14,,,1,33,,1634382,14,,,1,84,,1634383,14,,,1,31,,1634384,14,,,1,78,,1634385,14,,,1,97,,1634386,14,,,1,85,,1634387,14,,,1,102,,1634388,14,,,1,33,,1634389,14,,,1,67,,1634390,14,,,1,35,,1634391,14,,,1,99,,1634392,14,,,1,98,,1634393,14,,,1,87,,1634394,14,,,1,73,,1634395,14,,,1,22,,1634396,14,,,1,72,,1634397,14,,,1,23,,1634398,14,,,1,76,,1634399,14,,,1,126,,1634400,14,,,1,100,,1634401,14,,,1,103,,1634402,14,,,1,93,,1634403,14,,,1
7600,'20261022',530,,1634404,14,,,1,78,,1634405,14,,,1,100,,1634406,14,,,1,33,,1634407,14,,,1,84,,1634408,14,,,1,31,,1634409,14,,,1,78,,1634410,14,,,1,97,,1634411,14,,,1,85,,1634412,14,,,1,102,,1634413,14,,,1,33,,1634414,14,,,1,67,,1634415,14,,,1,35,,1634416,14,,,1,99,,1634417,14,,,1,98,,1634418,14,,,1,87,,1634419,14,,,1,73,,1634420,14,,,1,22,,1634421,14,,,1,72,,1634422,14,,,1,23,,1634423,14,,,1,76,,1634424,14,,,1,126,,1634425,14,,,1,100,,1634426,14,,,1,103,,1634427,14,,,1,93,,1634428,14,,,1
7600,'20261023',530,,1634429,14,,,1,78,,1634430,14,,,1,100,,1634431,14,,,1,33,,1634432,14,,,1,84,,1634433,14,,,1,31,,1634434,14,,,1,78,,1634435,14,,,1,97,,1634436,14,,,1,85,,1634437,14,,,1,102,,1634438,14,,,1,33,,1634439,14,,,1,67,,1634440,14,,,1,35,,1634441,14,,,1,99,,1634442,14,,,1,98,,1634443,14,,,1,87,,1634444,14,,,1,73,,1634445,14,,,1,22,,1634446,14,,,1,72,,1634447,14,,,1,23,,1634448,14,,,1,76,,1634449,14,,,1,126,,1634450,14,,,1,100,,1634451,14,,,1,103,,1634452,14,,,1,93,,1634453,14,,,1
