300,'20260929',641,,1540837,56,,,0,101,,1540839,56,,,0,99,,1540841,56,,,0,100,,1540843,56,,,0,100,,1540845,56,,,0,100,,1540847,56,,,0,100,,1540849,56,,,0,100,,1540851,56,,,0,100,,1540853,56,,,0,100,,1540855,56,,,0,71,,1540856,56,,,0,30,,1540857,56,,,0,69,,1540859,56,,,0,30,,1540861,56,,,0,70,,1540863,56,,,0,30,,1540865,56,,,0,100,,1540867,56,,,0,99,,1540869,56,,,0,100,,1540871,56,,,0,100,,1540873,56,,,0,100,,1540875,56,,,0
300,'20260930',641,,1540880,56,,,0,101,,1540882,56,,,0,99,,1540884,56,,,0,100,,1540886,56,,,0,100,,1540888,56,,,0,100,,1540890,56,,,0,100,,1540892,56,,,0,100,,1540894,56,,,0,100,,1540896,56,,,0,100,,1540898,56,,,0,71,,1540899,56,,,0,30,,1540900,56,,,0,69,,1540902,56,,,0,30,,1540903,56,,,0,70,,1540905,56,,,0,30,,1540907,56,,,0,100,,1540909,56,,,0,99,,1540911,56,,,0,100,,1540913,56,,,0,100,,1540915,56,,,0,100,,1540917,56,,,0
300,'20261001',641,,1540922,56,,,0,101,,1540924,56,,,0,99,,1540926,56,,,0,100,,1540928,56,,,0,100,,1540930,56,,,0,100,,1540932,56,,,0,100,,1540934,56,,,0,100,,1540936,56,,,0,100,,1540938,56,,,0,100,,1540940,56,,,0,71,,1540941,56,,,0,30,,1540942,56,,,0,69,,1540944,56,,,0,30,,1540945,56,,,0,70,,1540947,56,,,0,30,,1540949,56,,,0,100,,1540951,56,,,0,99,,1540953,56,,,0,100,,1540955,56,,,0,100,,1540957,56,,,0,100,,1540959,56,,,0
300,'20261002',641,,1463293,56,,,0,101,,1463294,56,,,0,99,,1463295,56,,,0,100,,1463296,56,,,0,100,,1463297,56,,,0,100,,1463298,56,,,0,100,,1463299,56,,,0,100,,1463300,56,,,0,100,,1463301,56,,,0,100,,1463302,56,,,0,71,,1463303,56,,,0,30,,1463304,56,,,0,69,,1463305,56,,,0,30,,1463306,56,,,0,70,,1463307,56,,,0,30,,1463308,56,,,0,100,,1463309,56,,,0,99,,1463310,56,,,0,100,,1463311,56,,,0,100,,1463312,56,,,0,100,,1463313,56,,,0
300,'20261003',740,,1486278,56,,,0,100,,1486279,56,,,0,100,,1486280,56,,,0,100,,1486281,56,,,0,100,,1486282,56,,,0,100,,1486283,56,,,0,100,,1486284,56,,,0,100,,1486285,56,,,0,100,,1486286,56,,,0,100,,1486287,56,,,0,100,,1486288,56,,,0,100,,1486289,56,,,0,100,,1486290,56,,,0,100,,1486291,56,,,0,100,,1486292,56,,,0,100,,1486293,56,,,0,100,,1486294,56,,,0,100,,1486295,56,,,0
300,'20261004',740,,1486315,56,,,0,100,,1486316,56,,,0,100,,1486317,56,,,0,100,,1486318,56,,,0,100,,1486319,56,,,0,100,,1486320,56,,,0,100,,1486321,56,,,0,100,,1486322,56,,,0,100,,1486323,56,,,0,100,,1486324,56,,,0,100,,1486325,56,,,0,100,,1486326,56,,,0,100,,1486327,56,,,0,100,,1486328,56,,,0,100,,1486329,56,,,0,100,,1486330,56,,,0,100,,1486331,56,,,0,100,,1486332,56,,,0
300,'20261005',641,,1486352,56,,,0,101,,1486353,56,,,0,99,,1486354,56,,,0,100,,1486355,56,,,0,100,,1486356,56,,,0,100,,1486357,56,,,0,100,,1486358,56,,,0,100,,1486359,56,,,0,100,,1486360,56,,,0,100,,1486361,56,,,0,71,,1486362,56,,,0,30,,1486363,56,,,0,69,,1486364,56,,,0,30,,1486365,56,,,0,70,,1486366,56,,,0,30,,1486367,56,,,0,100,,1486368,56,,,0,99,,1486369,56,,,0,100,,1486370,56,,,0,100,,1486371,56,,,0,100,,1486372,56,,,0
300,'20261006',641,,1509467,56,,,0,101,,1509468,56,,,0,99,,1509469,56,,,0,100,,1509470,56,,,0,100,,1509471,56,,,0,100,,1509472,56,,,0,100,,1509473,56,,,0,100,,1509474,56,,,0,100,,1509475,56,,,0,100,,1509476,56,,,0,71,,1509477,56,,,0,30,,1509478,56,,,0,69,,1509479,56,,,0,30,,1509480,56,,,0,70,,1509481,56,,,0,30,,1509482,56,,,0,100,,1509483,56,,,0,99,,1509484,56,,,0,100,,1509485,56,,,0,100,,1509486,56,,,0,100,,1509487,56,,,0
300,'20261007',641,,1509509,56,,,0,101,,1509510,56,,,0,99,,1509511,56,,,0,100,,1509512,56,,,0,100,,1509513,56,,,0,100,,1509514,56,,,0,100,,1509515,56,,,0,100,,1509516,56,,,0,100,,1509517,56,,,0,100,,1509518,56,,,0,71,,1509519,56,,,0,30,,1509520,56,,,0,69,,1509521,56,,,0,30,,1509522,56,,,0,70,,1509523,56,,,0,30,,1509524,56,,,0,100,,1509525,56,,,0,99,,1509526,56,,,0,100,,1509527,56,,,0,100,,1509528,56,,,0,100,,1509529,56,,,0
300,'20261008',641,,1509551,56,,,0,101,,1509552,56,,,0,99,,1509553,56,,,0,100,,1509554,56,,,0,100,,1509555,56,,,0,100,,1509556,56,,,0,100,,1509557,56,,,0,100,,1509558,56,,,0,100,,1509559,56,,,0,100,,1509560,56,,,0,71,,1509561,56,,,0,30,,1509562,56,,,0,69,,1509563,56,,,0,30,,1509564,56,,,0,70,,1509565,56,,,0,30,,1509566,56,,,0,100,,1509567,56,,,0,99,,1509568,56,,,0,100,,1509569,56,,,0,100,,1509570,56,,,0,100,,1509571,56,,,0
300,'20261009',641,,1509593,56,,,0,101,,1509594,56,,,0,99,,1509595,56,,,0,100,,1509596,56,,,0,100,,1509597,56,,,0,100,,1509598,56,,,0,100,,1509599,56,,,0,100,,1509600,56,,,0,100,,1509601,56,,,0,100,,1509602,56,,,0,71,,1509603,56,,,0,30,,1509604,56,,,0,69,,1509605,56,,,0,30,,1509606,56,,,0,70,,1509607,56,,,0,30,,1509608,56,,,0,100,,1509609,56,,,0,99,,1509610,56,,,0,100,,1509611,56,,,0,100,,1509612,56,,,0,100,,1509613,56,,,0
300,'20261010',740,,1540962,56,,,0,100,,1540963,56,,,0,100,,1540964,56,,,0,100,,1540965,56,,,0,100,,1540966,56,,,0,100,,1540967,56,,,0,100,,1540968,56,,,0,100,,1540969,56,,,0,100,,1540970,56,,,0,100,,1540971,56,,,0,100,,1540972,56,,,0,100,,1540973,56,,,0,100,,1540974,56,,,0,100,,1540975,56,,,0,100,,1540976,56,,,0,100,,1540977,56,,,0,100,,1540978,56,,,0,100,,1540979,56,,,0
300,'20261011',740,,1540999,56,,,0,100,,1541000,56,,,0,100,,1541001,56,,,0,100,,1541002,56,,,0,100,,1541003,56,,,0,100,,1541004,56,,,0,100,,1541005,56,,,0,100,,1541006,56,,,0,100,,1541007,56,,,0,100,,1541008,56,,,0,100,,1541009,56,,,0,100,,1541010,56,,,0,100,,1541011,56,,,0,100,,1541012,56,,,0,100,,1541013,56,,,0,100,,1541014,56,,,0,100,,1541015,56,,,0,100,,1541016,56,,,0
300,'20261012',740,,1541036,56,,,0,100,,1541037,56,,,0,100,,1541038,56,,,0,100,,1541039,56,,,0,100,,1541040,56,,,0,100,,1541041,56,,,0,100,,1541042,56,,,0,100,,1541043,56,,,0,100,,1541044,56,,,0,100,,1541045,56,,,0,100,,1541046,56,,,0,100,,1541047,56,,,0,100,,1541048,56,,,0,100,,1541049,56,,,0,100,,1541050,56,,,0,100,,1541051,56,,,0,100,,1541052,56,,,0,100,,1541053,56,,,0
23700,'20260929',1549,,1552721,12,4,,0,56,,1552722,12,4,,0,17,,1552723,12,4,,0,18,,1552724,12,4,,0,62,,1552725,12,4,,0,12,,1552726,12,4,,0,22,,1552727,12,4,,0,23,,1552728,12,4,,0
23700,'20260930',1549,,1552729,12,4,,0,56,,1552730,12,4,,0,17,,1552731,12,4,,0,18,,1552732,12,4,,0,62,,1552733,12,4,,0,12,,1552734,12,4,,0,22,,1552735,12,4,,0,23,,1552736,12,4,,0
23700,'20261001',1549,,1552737,12,4,,0,56,,1552738,12,4,,0,17,,1552739,12,4,,0,18,,1552740,12,4,,0,62,,1552741,12,4,,0,12,,1552742,12,4,,0,22,,1552743,12,4,,0,23,,1552744,12,4,,0
23700,'20261002',1549,,1475715,12,4,,0,56,,1475716,12,4,,0,17,,1475717,12,4,,0,18,,1475718,12,4,,0,62,,1475719,12,4,,0,12,,1475720,12,4,,0,22,,1475721,12,4,,0,23,,1475722,12,4,,0
23700,'20261005',1549,,1498750,12,4,,0,56,,1498751,12,4,,0,17,,1498752,12,4,,0,18,,1498753,12,4,,0,62,,1498754,12,4,,0,12,,1498755,12,4,,0,22,,1498756,12,4,,0,23,,1498757,12,4,,0
23700,'20261006',1549,,1526621,12,4,,0,56,,1526622,12,4,,0,17,,1526623,12,4,,0,18,,1526624,12,4,,0,62,,1526625,12,4,,0,12,,1526626,12,4,,0,22,,1526627,12,4,,0,23,,1526628,12,4,,0
23700,'20261007',1549,,1526629,12,4,,0,56,,1526630,12,4,,0,17,,1526631,12,4,,0,18,,1526632,12,4,,0,62,,1526633,12,4,,0,12,,1526634,12,4,,0,22,,1526635,12,4,,0,23,,1526636,12,4,,0
23700,'20261008',1549,,1526637,12,4,,0,56,,1526638,12,4,,0,17,,1526639,12,4,,0,18,,1526640,12,4,,0,62,,1526641,12,4,,0,12,,1526642,12,4,,0,22,,1526643,12,4,,0,23,,1526644,12,4,,0
23700,'20261009',1549,,1526645,12,4,,0,56,,1526646,12,4,,0,17,,1526647,12,4,,0,18,,1526648,12,4,,0,62,,1526649,12,4,,0,12,,1526650,12,4,,0,22,,1526651,12,4,,0,23,,1526652,12,4,,0
33700,'20260929',1239,,1553504,17,4,,0,304,,1553505,17,4,,0,103,,1553506,17,4,,0,98,,1553507,17,4,,0,104,,1553508,17,4,,0
33700,'20260930',1239,,1553509,17,4,,0,304,,1553510,17,4,,0,103,,1553511,17,4,,0,98,,1553512,17,4,,0,104,,1553513,17,4,,0
33700,'20261001',1239,,1553514,17,4,,0,304,,1553515,17,4,,0,103,,1553516,17,4,,0,98,,1553517,17,4,,0,104,,1553518,17,4,,0
33700,'20261002',1239,,1476740,17,4,,0,304,,1476744,17,4,,0,103,,1476741,17,4,,0,98,,1476742,17,4,,0,104,,1476743,17,4,,0
33700,'20261005',1239,,1499779,17,4,,0,304,,1499783,17,4,,0,103,,1499780,17,4,,0,98,,1499781,17,4,,0,104,,1499782,17,4,,0
33700,'20261006',1239,,1528167,17,4,,0,304,,1528171,17,4,,0,103,,1528168,17,4,,0,98,,1528169,17,4,,0,104,,1528170,17,4,,0
33700,'20261007',1239,,1528172,17,4,,0,304,,1528176,17,4,,0,103,,1528173,17,4,,0,98,,1528174,17,4,,0,104,,1528175,17,4,,0
33700,'20261008',1239,,1528177,17,4,,0,304,,1528181,17,4,,0,103,,1528178,17,4,,0,98,,1528179,17,4,,0,104,,1528180,17,4,,0
33700,'20261009',1239,,1528182,17,4,,0,304,,1528186,17,4,,0,103,,1528183,17,4,,0,98,,1528184,17,4,,0,104,,1528185,17,4,,0
53700,'20260929',1626,,1553931,15,4,,0,74,,1553932,15,4,,0,29,,1553933,15,4,,0,72,,1553934,15,4,,0
53700,'20260930',1626,,1553935,15,4,,0,74,,1553936,15,4,,0,29,,1553937,15,4,,0,72,,1553938,15,4,,0
53700,'20261001',1626,,1553939,15,4,,0,74,,1553940,15,4,,0,29,,1553941,15,4,,0,72,,1553942,15,4,,0
53700,'20261002',1626,,1477366,15,4,,0,74,,1477363,15,4,,0,29,,1477365,15,4,,0,72,,1477364,15,4,,0
53700,'20261005',1626,,1500339,15,4,,0,74,,1500336,15,4,,0,29,,1500338,15,4,,0,72,,1500337,15,4,,0
53700,'20261006',1626,,1529005,15,4,,0,74,,1529002,15,4,,0,29,,1529004,15,4,,0,72,,1529003,15,4,,0
53700,'20261007',1626,,1529009,15,4,,0,74,,1529006,15,4,,0,29,,1529008,15,4,,0,72,,1529007,15,4,,0
53700,'20261008',1626,,1529013,15,4,,0,74,,1529010,15,4,,0,29,,1529012,15,4,,0,72,,1529011,15,4,,0
53700,'20261009',1626,,1529017,15,4,,0,74,,1529014,15,4,,0,29,,1529016,15,4,,0,72,,1529015,15,4,,0
1008200,'20260929',816,,1561880,33,,,0
1008200,'20260930',816,,1561881,33,,,0
1008200,'20261001',816,,1561882,33,,,0
1008200,'20261002',816,,1485630,33,,,0
1008200,'20261005',816,,1508584,33,,,0
1008200,'20261006',816,,1540277,33,,,0
1008200,'20261007',816,,1540278,33,,,0
1008200,'20261008',816,,1540279,33,,,0
1008200,'20261009',816,,1540280,33,,,0
