9203,'20261009',555,,1610067,16,,,0,102,,1610068,16,,,0,144,,1610069,16,,,0,57,,1610070,16,,,0,100,,1610071,16,,,0,100,,1610072,16,,,0,101,,1610073,16,,,0,100,,1610074,16,,,0,100,,1610075,16,,,0,98,,1610076,16,,,0,71,,1610077,16,,,0,30,,1610078,16,,,0,71,,1610079,16,,,0,29,,1610080,16,,,0,76,,1610081,16,,,0,70,,1610082,16,,,0,54,,1610083,16,,,0,100,,1610084,16,,,0,100,,1610085,16,,,0,100,,1610086,16,,,0,100,,1610087,16,,,0
9203,'20261010',714,,1636722,16,,,0,100,,1636723,16,,,0,100,,1636724,16,,,0,102,,1636725,16,,,0,97,,1636726,16,,,0,100,,1636727,16,,,0,101,,1636728,16,,,0,102,,1636729,16,,,0,101,,1636730,16,,,0,104,,1636731,16,,,0,99,,1636732,16,,,0,101,,1636733,16,,,0,93,,1636734,16,,,0,100,,1636735,16,,,0,100,,1636736,16,,,0,100,,1636737,16,,,0,100,,1636738,16,,,0
9203,'20261011',714,,1636739,16,,,0,100,,1636740,16,,,0,100,,1636741,16,,,0,102,,1636742,16,,,0,97,,1636743,16,,,0,100,,1636744,16,,,0,101,,1636745,16,,,0,102,,1636746,16,,,0,101,,1636747,16,,,0,104,,1636748,16,,,0,99,,1636749,16,,,0,101,,1636750,16,,,0,93,,1636751,16,,,0,100,,1636752,16,,,0,100,,1636753,16,,,0,100,,1636754,16,,,0,100,,1636755,16,,,0
9203,'20261012',714,,1636756,16,,,0,100,,1636757,16,,,0,100,,1636758,16,,,0,102,,1636759,16,,,0,97,,1636760,16,,,0,100,,1636761,16,,,0,101,,1636762,16,,,0,102,,1636763,16,,,0,101,,1636764,16,,,0,104,,1636765,16,,,0,99,,1636766,16,,,0,101,,1636767,16,,,0,93,,1636768,16,,,0,100,,1636769,16,,,0,100,,1636770,16,,,0,100,,1636771,16,,,0,100,,1636772,16,,,0
9203,'20261013',555,,1578359,16,,,0,102,,1578343,16,,,0,144,,1578344,16,,,0,57,,1578345,16,,,0,100,,1578346,16,,,0,100,,1578347,16,,,0,101,,1578348,16,,,0,100,,1578349,16,,,0,100,,1578352,16,,,0,98,,1578362,16,,,0,71,,1578354,16,,,0,30,,1578360,16,,,0,71,,1578355,16,,,0,29,,1578363,16,,,0,76,,1578361,16,,,0,70,,1578356,16,,,0,54,,1578353,16,,,0,100,,1578357,16,,,0,100,,1578350,16,,,0,100,,1578351,16,,,0,100,,1578358,16,,,0
9203,'20261014',555,,1578380,16,,,0,102,,1578364,16,,,0,144,,1578365,16,,,0,57,,1578366,16,,,0,100,,1578367,16,,,0,100,,1578368,16,,,0,101,,1578369,16,,,0,100,,1578370,16,,,0,100,,1578373,16,,,0,98,,1578383,16,,,0,71,,1578375,16,,,0,30,,1578381,16,,,0,71,,1578376,16,,,0,29,,1578384,16,,,0,76,,1578382,16,,,0,70,,1578377,16,,,0,54,,1578374,16,,,0,100,,1578378,16,,,0,100,,1578371,16,,,0,100,,1578372,16,,,0,100,,1578379,16,,,0
9203,'20261015',555,,1578401,16,,,0,102,,1578385,16,,,0,144,,1578386,16,,,0,57,,1578387,16,,,0,100,,1578388,16,,,0,100,,1578389,16,,,0,101,,1578390,16,,,0,100,,1578391,16,,,0,100,,1578394,16,,,0,98,,1578404,16,,,0,71,,1578396,16,,,0,30,,1578402,16,,,0,71,,1578397,16,,,0,29,,1578405,16,,,0,76,,1578403,16,,,0,70,,1578398,16,,,0,54,,1578395,16,,,0,100,,1578399,16,,,0,100,,1578392,16,,,0,100,,1578393,16,,,0,100,,1578400,16,,,0
9203,'20261016',555,,1578422,16,,,0,102,,1578406,16,,,0,144,,1578407,16,,,0,57,,1578408,16,,,0,100,,1578409,16,,,0,100,,1578410,16,,,0,101,,1578411,16,,,0,100,,1578412,16,,,0,100,,1578415,16,,,0,98,,1578425,16,,,0,71,,1578417,16,,,0,30,,1578423,16,,,0,71,,1578418,16,,,0,29,,1578426,16,,,0,76,,1578424,16,,,0,70,,1578419,16,,,0,54,,1578416,16,,,0,100,,1578420,16,,,0,100,,1578413,16,,,0,100,,1578414,16,,,0,100,,1578421,16,,,0
9203,'20261017',714,,1610104,16,,,0,100,,1610098,16,,,0,100,,1610088,16,,,0,102,,1610097,16,,,0,97,,1610099,16,,,0,100,,1610089,16,,,0,101,,1610090,16,,,0,102,,1610091,16,,,0,101,,1610092,16,,,0,104,,1610100,16,,,0,99,,1610093,16,,,0,101,,1610094,16,,,0,93,,1610095,16,,,0,100,,1610096,16,,,0,100,,1610101,16,,,0,100,,1610103,16,,,0,100,,1610102,16,,,0
9203,'20261018',714,,1610121,16,,,0,100,,1610116,16,,,0,100,,1610105,16,,,0,102,,1610115,16,,,0,97,,1610117,16,,,0,100,,1610106,16,,,0,101,,1610107,16,,,0,102,,1610118,16,,,0,101,,1610108,16,,,0,104,,1610109,16,,,0,99,,1610119,16,,,0,101,,1610110,16,,,0,93,,1610111,16,,,0,100,,1610112,16,,,0,100,,1610120,16,,,0,100,,1610113,16,,,0,100,,1610114,16,,,0
9203,'20261019',555,,1610138,16,,,0,102,,1610122,16,,,0,144,,1610123,16,,,0,57,,1610124,16,,,0,100,,1610125,16,,,0,100,,1610126,16,,,0,101,,1610127,16,,,0,100,,1610128,16,,,0,100,,1610131,16,,,0,98,,1610141,16,,,0,71,,1610133,16,,,0,30,,1610139,16,,,0,71,,1610134,16,,,0,29,,1610142,16,,,0,76,,1610140,16,,,0,70,,1610135,16,,,0,54,,1610132,16,,,0,100,,1610136,16,,,0,100,,1610129,16,,,0,100,,1610130,16,,,0,100,,1610137,16,,,0
9203,'20261020',555,,1610159,16,,,0,102,,1610143,16,,,0,144,,1610144,16,,,0,57,,1610145,16,,,0,100,,1610146,16,,,0,100,,1610147,16,,,0,101,,1610148,16,,,0,100,,1610149,16,,,0,100,,1610152,16,,,0,98,,1610162,16,,,0,71,,1610154,16,,,0,30,,1610160,16,,,0,71,,1610155,16,,,0,29,,1610163,16,,,0,76,,1610161,16,,,0,70,,1610156,16,,,0,54,,1610153,16,,,0,100,,1610157,16,,,0,100,,1610150,16,,,0,100,,1610151,16,,,0,100,,1610158,16,,,0
9203,'20261021',555,,1636789,16,,,0,102,,1636773,16,,,0,144,,1636774,16,,,0,57,,1636775,16,,,0,100,,1636776,16,,,0,100,,1636777,16,,,0,101,,1636778,16,,,0,100,,1636779,16,,,0,100,,1636782,16,,,0,98,,1636792,16,,,0,71,,1636784,16,,,0,30,,1636790,16,,,0,71,,1636785,16,,,0,29,,1636793,16,,,0,76,,1636791,16,,,0,70,,1636786,16,,,0,54,,1636783,16,,,0,100,,1636787,16,,,0,100,,1636780,16,,,0,100,,1636781,16,,,0,100,,1636788,16,,,0
9203,'20261022',555,,1636810,16,,,0,102,,1636794,16,,,0,144,,1636795,16,,,0,57,,1636796,16,,,0,100,,1636797,16,,,0,100,,1636798,16,,,0,101,,1636799,16,,,0,100,,1636800,16,,,0,100,,1636803,16,,,0,98,,1636813,16,,,0,71,,1636805,16,,,0,30,,1636811,16,,,0,71,,1636806,16,,,0,29,,1636814,16,,,0,76,,1636812,16,,,0,70,,1636807,16,,,0,54,,1636804,16,,,0,100,,1636808,16,,,0,100,,1636801,16,,,0,100,,1636802,16,,,0,100,,1636809,16,,,0
9203,'20261023',555,,1636831,16,,,0,102,,1636815,16,,,0,144,,1636816,16,,,0,57,,1636817,16,,,0,100,,1636818,16,,,0,100,,1636819,16,,,0,101,,1636820,16,,,0,100,,1636821,16,,,0,100,,1636824,16,,,0,98,,1636834,16,,,0,71,,1636826,16,,,0,30,,1636832,16,,,0,71,,1636827,16,,,0,29,,1636835,16,,,0,76,,1636833,16,,,0,70,,1636828,16,,,0,54,,1636825,16,,,0,100,,1636829,16,,,0,100,,1636822,16,,,0,100,,1636823,16,,,0,100,,1636830,16,,,0
