3101,'20261002',632,,1568095,26,,,0,72,,1568096,26,,,0,43,,1568097,26,,,0,70,,1568098,26,,,0,29,,1568099,26,,,0,78,,1568100,26,,,0,96,,1568101,26,,,0,99,,1568102,26,,,0,100,,1568103,26,,,0,102,,1568104,26,,,0,99,,1568105,26,,,0,101,,1568106,26,,,0,101,,1568107,26,,,0,97,,1568108,26,,,0,19,,1568109,26,,,0,70,,1568110,26,,,0,26,,1568111,26,,,0,66,,1568112,26,,,0,29,,1568113,26,,,0,28,,1568114,26,,,0,77,,1568115,26,,,0,95,,1568116,26,,,0,100,,1568117,26,,,0,100,,1568118,26,,,0
3101,'20261003',608,,1568119,26,,,0,194,,1568120,26,,,0,202,,1568121,26,,,0,200,,1568122,26,,,0,200,,1568123,26,,,0,200,,1568124,26,,,0,201,,1568125,26,,,0,202,,1568126,26,,,0,202,,1568127,26,,,0,198,,1568128,26,,,0
3101,'20261004',608,,1568129,26,,,0,194,,1568130,26,,,0,202,,1568131,26,,,0,200,,1568132,26,,,0,200,,1568133,26,,,0,200,,1568134,26,,,0,201,,1568135,26,,,0,202,,1568136,26,,,0,202,,1568137,26,,,0,198,,1568138,26,,,0
3101,'20261005',632,,1568139,26,,,0,72,,1568140,26,,,0,43,,1568141,26,,,0,70,,1568142,26,,,0,29,,1568143,26,,,0,78,,1568144,26,,,0,96,,1568145,26,,,0,99,,1568146,26,,,0,100,,1568147,26,,,0,102,,1568148,26,,,0,99,,1568149,26,,,0,101,,1568150,26,,,0,101,,1568151,26,,,0,97,,1568152,26,,,0,19,,1568153,26,,,0,70,,1568154,26,,,0,26,,1568155,26,,,0,66,,1568156,26,,,0,29,,1568157,26,,,0,28,,1568158,26,,,0,77,,1568159,26,,,0,95,,1568160,26,,,0,100,,1568161,26,,,0,100,,1568162,26,,,0
3101,'20261006',632,,1514886,26,,,0,72,,1514887,26,,,0,43,,1514888,26,,,0,70,,1514889,26,,,0,29,,1514890,26,,,0,78,,1514891,26,,,0,96,,1514892,26,,,0,99,,1514893,26,,,0,100,,1514894,26,,,0,102,,1514895,26,,,0,99,,1514896,26,,,0,101,,1514897,26,,,0,101,,1514898,26,,,0,97,,1514906,26,,,0,19,,1514899,26,,,0,70,,1514908,26,,,0,26,,1514900,26,,,0,66,,1514907,26,,,0,29,,1514901,26,,,0,28,,1514909,26,,,0,77,,1514902,26,,,0,95,,1514903,26,,,0,100,,1514904,26,,,0,100,,1514905,26,,,0
3101,'20261007',632,,1514910,26,,,0,72,,1514911,26,,,0,43,,1514912,26,,,0,70,,1514913,26,,,0,29,,1514914,26,,,0,78,,1514915,26,,,0,96,,1514916,26,,,0,99,,1514917,26,,,0,100,,1514918,26,,,0,102,,1514919,26,,,0,99,,1514920,26,,,0,101,,1514921,26,,,0,101,,1514922,26,,,0,97,,1514930,26,,,0,19,,1514923,26,,,0,70,,1514932,26,,,0,26,,1514924,26,,,0,66,,1514931,26,,,0,29,,1514925,26,,,0,28,,1514933,26,,,0,77,,1514926,26,,,0,95,,1514927,26,,,0,100,,1514928,26,,,0,100,,1514929,26,,,0
3101,'20261008',632,,1514934,26,,,0,72,,1514935,26,,,0,43,,1514936,26,,,0,70,,1514937,26,,,0,29,,1514938,26,,,0,78,,1514939,26,,,0,96,,1514940,26,,,0,99,,1514941,26,,,0,100,,1514942,26,,,0,102,,1514943,26,,,0,99,,1514944,26,,,0,101,,1514945,26,,,0,101,,1514946,26,,,0,97,,1514954,26,,,0,19,,1514947,26,,,0,70,,1514956,26,,,0,26,,1514948,26,,,0,66,,1514955,26,,,0,29,,1514949,26,,,0,28,,1514957,26,,,0,77,,1514950,26,,,0,95,,1514951,26,,,0,100,,1514952,26,,,0,100,,1514953,26,,,0
3101,'20261009',632,,1514958,26,,,0,72,,1514959,26,,,0,43,,1514960,26,,,0,70,,1514961,26,,,0,29,,1514962,26,,,0,78,,1514963,26,,,0,96,,1514964,26,,,0,99,,1514965,26,,,0,100,,1514966,26,,,0,102,,1514967,26,,,0,99,,1514968,26,,,0,101,,1514969,26,,,0,101,,1514970,26,,,0,97,,1514978,26,,,0,19,,1514971,26,,,0,70,,1514980,26,,,0,26,,1514972,26,,,0,66,,1514979,26,,,0,29,,1514973,26,,,0,28,,1514981,26,,,0,77,,1514974,26,,,0,95,,1514975,26,,,0,100,,1514976,26,,,0,100,,1514977,26,,,0
3101,'20261010',608,,1544603,26,,,0,194,,1544595,26,,,0,202,,1544596,26,,,0,200,,1544597,26,,,0,200,,1544598,26,,,0,200,,1544599,26,,,0,201,,1544600,26,,,0,202,,1544601,26,,,0,202,,1544602,26,,,0,198,,1544604,26,,,0
3101,'20261011',608,,1544613,26,,,0,194,,1544605,26,,,0,202,,1544606,26,,,0,200,,1544607,26,,,0,200,,1544608,26,,,0,200,,1544609,26,,,0,201,,1544610,26,,,0,202,,1544611,26,,,0,202,,1544612,26,,,0,198,,1544614,26,,,0
3101,'20261012',608,,1544623,26,,,0,194,,1544615,26,,,0,202,,1544616,26,,,0,200,,1544617,26,,,0,200,,1544618,26,,,0,200,,1544619,26,,,0,201,,1544620,26,,,0,202,,1544621,26,,,0,202,,1544622,26,,,0,198,,1544624,26,,,0
3101,'20261013',632,,1568163,26,,,0,72,,1568164,26,,,0,43,,1568165,26,,,0,70,,1568166,26,,,0,29,,1568167,26,,,0,78,,1568168,26,,,0,96,,1568169,26,,,0,99,,1568170,26,,,0,100,,1568171,26,,,0,102,,1568172,26,,,0,99,,1568173,26,,,0,101,,1568174,26,,,0,101,,1568175,26,,,0,97,,1568183,26,,,0,19,,1568176,26,,,0,70,,1568185,26,,,0,26,,1568177,26,,,0,66,,1568184,26,,,0,29,,1568178,26,,,0,28,,1568186,26,,,0,77,,1568179,26,,,0,95,,1568180,26,,,0,100,,1568181,26,,,0,100,,1568182,26,,,0
3101,'20261014',632,,1568187,26,,,0,72,,1568188,26,,,0,43,,1568189,26,,,0,70,,1568190,26,,,0,29,,1568191,26,,,0,78,,1568192,26,,,0,96,,1568193,26,,,0,99,,1568194,26,,,0,100,,1568195,26,,,0,102,,1568196,26,,,0,99,,1568197,26,,,0,101,,1568198,26,,,0,101,,1568199,26,,,0,97,,1568207,26,,,0,19,,1568200,26,,,0,70,,1568209,26,,,0,26,,1568201,26,,,0,66,,1568208,26,,,0,29,,1568202,26,,,0,28,,1568210,26,,,0,77,,1568203,26,,,0,95,,1568204,26,,,0,100,,1568205,26,,,0,100,,1568206,26,,,0
3101,'20261015',632,,1568211,26,,,0,72,,1568212,26,,,0,43,,1568213,26,,,0,70,,1568214,26,,,0,29,,1568215,26,,,0,78,,1568216,26,,,0,96,,1568217,26,,,0,99,,1568218,26,,,0,100,,1568219,26,,,0,102,,1568220,26,,,0,99,,1568221,26,,,0,101,,1568222,26,,,0,101,,1568223,26,,,0,97,,1568231,26,,,0,19,,1568224,26,,,0,70,,1568233,26,,,0,26,,1568225,26,,,0,66,,1568232,26,,,0,29,,1568226,26,,,0,28,,1568234,26,,,0,77,,1568227,26,,,0,95,,1568228,26,,,0,100,,1568229,26,,,0,100,,1568230,26,,,0
3101,'20261016',632,,1568235,26,,,0,72,,1568236,26,,,0,43,,1568237,26,,,0,70,,1568238,26,,,0,29,,1568239,26,,,0,78,,1568240,26,,,0,96,,1568241,26,,,0,99,,1568242,26,,,0,100,,1568243,26,,,0,102,,1568244,26,,,0,99,,1568245,26,,,0,101,,1568246,26,,,0,101,,1568247,26,,,0,97,,1568255,26,,,0,19,,1568248,26,,,0,70,,1568257,26,,,0,26,,1568249,26,,,0,66,,1568256,26,,,0,29,,1568250,26,,,0,28,,1568258,26,,,0,77,,1568251,26,,,0,95,,1568252,26,,,0,100,,1568253,26,,,0,100,,1568254,26,,,0
3401,'20261002',630,,1568607,42,,,0,74,,1568608,42,,,0,37,,1568609,42,,,0,78,,1568610,42,,,0,22,,1568611,42,,,0,215,,1568612,42,,,0,200,,1568613,42,,,0,200,,1568614,42,,,0,199,,1568615,42,,,0,68,,1568616,42,,,0,29,,1568617,42,,,0,70,,1568618,42,,,0,31,,1568619,42,,,0,155,,1568620,42,,,0,192,,1568621,42,,,0,200,,1568622,42,,,0
3401,'20261003',707,,1568623,42,,,0,202,,1568624,42,,,0,200,,1568625,42,,,0,200,,1568626,42,,,0,200,,1568627,42,,,0,200,,1568628,42,,,0,202,,1568629,42,,,0,201,,1568630,42,,,0,200,,1568631,42,,,0
3401,'20261004',707,,1568632,42,,,0,202,,1568633,42,,,0,200,,1568634,42,,,0,200,,1568635,42,,,0,200,,1568636,42,,,0,200,,1568637,42,,,0,202,,1568638,42,,,0,201,,1568639,42,,,0,200,,1568640,42,,,0
3401,'20261005',630,,1568641,42,,,0,74,,1568642,42,,,0,37,,1568643,42,,,0,78,,1568644,42,,,0,22,,1568645,42,,,0,215,,1568646,42,,,0,200,,1568647,42,,,0,200,,1568648,42,,,0,199,,1568649,42,,,0,68,,1568650,42,,,0,29,,1568651,42,,,0,70,,1568652,42,,,0,31,,1568653,42,,,0,155,,1568654,42,,,0,192,,1568655,42,,,0,200,,1568656,42,,,0
3401,'20261006',630,,1515387,42,,,0,74,,1515380,42,,,0,37,,1515381,42,,,0,78,,1515382,42,,,0,22,,1515395,42,,,0,215,,1515388,42,,,0,200,,1515383,42,,,0,200,,1515389,42,,,0,199,,1515393,42,,,0,68,,1515386,42,,,0,29,,1515384,42,,,0,70,,1515385,42,,,0,31,,1515394,42,,,0,155,,1515390,42,,,0,192,,1515391,42,,,0,200,,1515392,42,,,0
3401,'20261007',630,,1515403,42,,,0,74,,1515396,42,,,0,37,,1515397,42,,,0,78,,1515398,42,,,0,22,,1515411,42,,,0,215,,1515404,42,,,0,200,,1515399,42,,,0,200,,1515405,42,,,0,199,,1515409,42,,,0,68,,1515402,42,,,0,29,,1515400,42,,,0,70,,1515401,42,,,0,31,,1515410,42,,,0,155,,1515406,42,,,0,192,,1515407,42,,,0,200,,1515408,42,,,0
3401,'20261008',630,,1515419,42,,,0,74,,1515412,42,,,0,37,,1515413,42,,,0,78,,1515414,42,,,0,22,,1515427,42,,,0,215,,1515420,42,,,0,200,,1515415,42,,,0,200,,1515421,42,,,0,199,,1515425,42,,,0,68,,1515418,42,,,0,29,,1515416,42,,,0,70,,1515417,42,,,0,31,,1515426,42,,,0,155,,1515422,42,,,0,192,,1515423,42,,,0,200,,1515424,42,,,0
3401,'20261009',630,,1515435,42,,,0,74,,1515428,42,,,0,37,,1515429,42,,,0,78,,1515430,42,,,0,22,,1515443,42,,,0,215,,1515436,42,,,0,200,,1515431,42,,,0,200,,1515437,42,,,0,199,,1515441,42,,,0,68,,1515434,42,,,0,29,,1515432,42,,,0,70,,1515433,42,,,0,31,,1515442,42,,,0,155,,1515438,42,,,0,192,,1515439,42,,,0,200,,1515440,42,,,0
3401,'20261010',707,,1544901,42,,,0,202,,1544904,42,,,0,200,,1544902,42,,,0,200,,1544906,42,,,0,200,,1544903,42,,,0,200,,1544907,42,,,0,202,,1544908,42,,,0,201,,1544909,42,,,0,200,,1544905,42,,,0
3401,'20261011',707,,1544910,42,,,0,202,,1544911,42,,,0,200,,1544912,42,,,0,200,,1544913,42,,,0,200,,1544914,42,,,0,200,,1544915,42,,,0,202,,1544916,42,,,0,201,,1544917,42,,,0,200,,1544918,42,,,0
3401,'20261012',707,,1544919,42,,,0,202,,1544920,42,,,0,200,,1544921,42,,,0,200,,1544922,42,,,0,200,,1544923,42,,,0,200,,1544924,42,,,0,202,,1544925,42,,,0,201,,1544926,42,,,0,200,,1544927,42,,,0
3401,'20261013',630,,1568664,42,,,0,74,,1568657,42,,,0,37,,1568658,42,,,0,78,,1568659,42,,,0,22,,1568672,42,,,0,215,,1568665,42,,,0,200,,1568660,42,,,0,200,,1568666,42,,,0,199,,1568670,42,,,0,68,,1568663,42,,,0,29,,1568661,42,,,0,70,,1568662,42,,,0,31,,1568671,42,,,0,155,,1568667,42,,,0,192,,1568668,42,,,0,200,,1568669,42,,,0
3401,'20261014',630,,1568680,42,,,0,74,,1568673,42,,,0,37,,1568674,42,,,0,78,,1568675,42,,,0,22,,1568688,42,,,0,215,,1568681,42,,,0,200,,1568676,42,,,0,200,,1568682,42,,,0,199,,1568686,42,,,0,68,,1568679,42,,,0,29,,1568677,42,,,0,70,,1568678,42,,,0,31,,1568687,42,,,0,155,,1568683,42,,,0,192,,1568684,42,,,0,200,,1568685,42,,,0
3401,'20261015',630,,1568696,42,,,0,74,,1568689,42,,,0,37,,1568690,42,,,0,78,,1568691,42,,,0,22,,1568704,42,,,0,215,,1568697,42,,,0,200,,1568692,42,,,0,200,,1568698,42,,,0,199,,1568702,42,,,0,68,,1568695,42,,,0,29,,1568693,42,,,0,70,,1568694,42,,,0,31,,1568703,42,,,0,155,,1568699,42,,,0,192,,1568700,42,,,0,200,,1568701,42,,,0
3401,'20261016',630,,1568712,42,,,0,74,,1568705,42,,,0,37,,1568706,42,,,0,78,,1568707,42,,,0,22,,1568720,42,,,0,215,,1568713,42,,,0,200,,1568708,42,,,0,200,,1568714,42,,,0,199,,1568718,42,,,0,68,,1568711,42,,,0,29,,1568709,42,,,0,70,,1568710,42,,,0,31,,1568719,42,,,0,155,,1568715,42,,,0,192,,1568716,42,,,0,200,,1568717,42,,,0
