7203,'20260929',642,,1548831,16,,,0,72,,1548832,16,,,0,32,,1548833,16,,,0,70,,1548834,16,,,0,28,,1548835,16,,,0,69,,1548836,16,,,0,30,,1548837,16,,,0,70,,1548838,16,,,0,30,,1548839,16,,,0,70,,1548840,16,,,0,30,,1548841,16,,,0,70,,1548842,16,,,0,30,,1548843,16,,,0,70,,1548844,16,,,0,30,,1548845,16,,,0,70,,1548846,16,,,0,30,,1548847,16,,,0,70,,1548848,16,,,0,31,,1548849,16,,,0,72,,1548850,16,,,0,30,,1548851,16,,,0,68,,1548852,16,,,0,29,,1548853,16,,,0,70,,1548854,16,,,0,29,,1548855,16,,,0,70,,1548856,16,,,0,100,,1548857,16,,,0,100,,1548858,16,,,0,100,,1548859,16,,,0,99,,1548860,16,,,0,100,,1548861,16,,,0
7203,'20260930',642,,1548862,16,,,0,72,,1548863,16,,,0,32,,1548864,16,,,0,70,,1548865,16,,,0,28,,1548866,16,,,0,69,,1548867,16,,,0,30,,1548868,16,,,0,70,,1548869,16,,,0,30,,1548870,16,,,0,70,,1548871,16,,,0,30,,1548872,16,,,0,70,,1548873,16,,,0,30,,1548874,16,,,0,70,,1548875,16,,,0,30,,1548876,16,,,0,70,,1548877,16,,,0,30,,1548878,16,,,0,70,,1548879,16,,,0,31,,1548880,16,,,0,72,,1548881,16,,,0,30,,1548882,16,,,0,68,,1548883,16,,,0,29,,1548884,16,,,0,70,,1548885,16,,,0,29,,1548886,16,,,0,70,,1548887,16,,,0,100,,1548888,16,,,0,100,,1548889,16,,,0,100,,1548890,16,,,0,99,,1548891,16,,,0,100,,1548892,16,,,0
7203,'20261001',642,,1548893,16,,,0,72,,1548894,16,,,0,32,,1548895,16,,,0,70,,1548896,16,,,0,28,,1548897,16,,,0,69,,1548898,16,,,0,30,,1548899,16,,,0,70,,1548900,16,,,0,30,,1548901,16,,,0,70,,1548902,16,,,0,30,,1548903,16,,,0,70,,1548904,16,,,0,30,,1548905,16,,,0,70,,1548906,16,,,0,30,,1548907,16,,,0,70,,1548908,16,,,0,30,,1548909,16,,,0,70,,1548910,16,,,0,31,,1548911,16,,,0,72,,1548912,16,,,0,30,,1548913,16,,,0,68,,1548914,16,,,0,29,,1548915,16,,,0,70,,1548916,16,,,0,29,,1548917,16,,,0,70,,1548918,16,,,0,100,,1548919,16,,,0,100,,1548920,16,,,0,100,,1548921,16,,,0,99,,1548922,16,,,0,100,,1548923,16,,,0
7203,'20261002',642,,1471734,16,,,0,72,,1471735,16,,,0,32,,1471736,16,,,0,70,,1471737,16,,,0,28,,1471738,16,,,0,69,,1471739,16,,,0,30,,1471740,16,,,0,70,,1471741,16,,,0,30,,1471742,16,,,0,70,,1471743,16,,,0,30,,1471744,16,,,0,70,,1471745,16,,,0,30,,1471746,16,,,0,70,,1471747,16,,,0,30,,1471748,16,,,0,70,,1471749,16,,,0,30,,1471751,16,,,0,70,,1471752,16,,,0,31,,1471753,16,,,0,72,,1471750,16,,,0,30,,1471754,16,,,0,68,,1471755,16,,,0,29,,1471756,16,,,0,70,,1471757,16,,,0,29,,1471758,16,,,0,70,,1471759,16,,,0,100,,1471760,16,,,0,100,,1471761,16,,,0,100,,1471762,16,,,0,99,,1471763,16,,,0,100,,1471764,16,,,0
7203,'20261003',712,,1494741,16,,,0,100,,1494742,16,,,0,100,,1494743,16,,,0,100,,1494744,16,,,0,100,,1494745,16,,,0,100,,1494746,16,,,0,100,,1494747,16,,,0,100,,1494748,16,,,0,100,,1494749,16,,,0,100,,1494750,16,,,0,100,,1494751,16,,,0,100,,1494752,16,,,0,100,,1494753,16,,,0,100,,1494754,16,,,0,100,,1494755,16,,,0,99,,1494756,16,,,0,100,,1494757,16,,,0,100,,1494758,16,,,0,30,,1494759,16,,,0
7203,'20261004',712,,1494760,16,,,0,100,,1494761,16,,,0,100,,1494762,16,,,0,100,,1494763,16,,,0,100,,1494764,16,,,0,100,,1494765,16,,,0,100,,1494766,16,,,0,100,,1494767,16,,,0,100,,1494768,16,,,0,100,,1494769,16,,,0,100,,1494770,16,,,0,100,,1494778,16,,,0,100,,1494775,16,,,0,100,,1494771,16,,,0,100,,1494772,16,,,0,99,,1494773,16,,,0,100,,1494774,16,,,0,100,,1494777,16,,,0,30,,1494776,16,,,0
7203,'20261005',642,,1494779,16,,,0,72,,1494780,16,,,0,32,,1494781,16,,,0,70,,1494782,16,,,0,28,,1494783,16,,,0,69,,1494784,16,,,0,30,,1494785,16,,,0,70,,1494786,16,,,0,30,,1494787,16,,,0,70,,1494788,16,,,0,30,,1494789,16,,,0,70,,1494790,16,,,0,30,,1494791,16,,,0,70,,1494792,16,,,0,30,,1494793,16,,,0,70,,1494794,16,,,0,30,,1494796,16,,,0,70,,1494797,16,,,0,31,,1494798,16,,,0,72,,1494795,16,,,0,30,,1494799,16,,,0,68,,1494800,16,,,0,29,,1494801,16,,,0,70,,1494802,16,,,0,29,,1494803,16,,,0,70,,1494804,16,,,0,100,,1494805,16,,,0,100,,1494806,16,,,0,100,,1494807,16,,,0,99,,1494808,16,,,0,100,,1494809,16,,,0
7203,'20261006',642,,1521114,16,,,0,72,,1521115,16,,,0,32,,1521116,16,,,0,70,,1521117,16,,,0,28,,1521118,16,,,0,69,,1521119,16,,,0,30,,1521120,16,,,0,70,,1521121,16,,,0,30,,1521122,16,,,0,70,,1521123,16,,,0,30,,1521124,16,,,0,70,,1521125,16,,,0,30,,1521126,16,,,0,70,,1521127,16,,,0,30,,1521128,16,,,0,70,,1521129,16,,,0,30,,1521131,16,,,0,70,,1521132,16,,,0,31,,1521133,16,,,0,72,,1521130,16,,,0,30,,1521134,16,,,0,68,,1521135,16,,,0,29,,1521136,16,,,0,70,,1521137,16,,,0,29,,1521138,16,,,0,70,,1521139,16,,,0,100,,1521140,16,,,0,100,,1521141,16,,,0,100,,1521142,16,,,0,99,,1521143,16,,,0,100,,1521144,16,,,0
7203,'20261007',642,,1521145,16,,,0,72,,1521146,16,,,0,32,,1521147,16,,,0,70,,1521148,16,,,0,28,,1521149,16,,,0,69,,1521150,16,,,0,30,,1521151,16,,,0,70,,1521152,16,,,0,30,,1521153,16,,,0,70,,1521154,16,,,0,30,,1521155,16,,,0,70,,1521156,16,,,0,30,,1521157,16,,,0,70,,1521158,16,,,0,30,,1521159,16,,,0,70,,1521160,16,,,0,30,,1521162,16,,,0,70,,1521163,16,,,0,31,,1521164,16,,,0,72,,1521161,16,,,0,30,,1521165,16,,,0,68,,1521166,16,,,0,29,,1521167,16,,,0,70,,1521168,16,,,0,29,,1521169,16,,,0,70,,1521170,16,,,0,100,,1521171,16,,,0,100,,1521172,16,,,0,100,,1521173,16,,,0,99,,1521174,16,,,0,100,,1521175,16,,,0
7203,'20261008',642,,1521176,16,,,0,72,,1521177,16,,,0,32,,1521178,16,,,0,70,,1521179,16,,,0,28,,1521180,16,,,0,69,,1521181,16,,,0,30,,1521182,16,,,0,70,,1521183,16,,,0,30,,1521184,16,,,0,70,,1521185,16,,,0,30,,1521186,16,,,0,70,,1521187,16,,,0,30,,1521188,16,,,0,70,,1521189,16,,,0,30,,1521190,16,,,0,70,,1521191,16,,,0,30,,1521193,16,,,0,70,,1521194,16,,,0,31,,1521195,16,,,0,72,,1521192,16,,,0,30,,1521196,16,,,0,68,,1521197,16,,,0,29,,1521198,16,,,0,70,,1521199,16,,,0,29,,1521200,16,,,0,70,,1521201,16,,,0,100,,1521202,16,,,0,100,,1521203,16,,,0,100,,1521204,16,,,0,99,,1521205,16,,,0,100,,1521206,16,,,0
7203,'20261009',642,,1521207,16,,,0,72,,1521208,16,,,0,32,,1521209,16,,,0,70,,1521210,16,,,0,28,,1521211,16,,,0,69,,1521212,16,,,0,30,,1521213,16,,,0,70,,1521214,16,,,0,30,,1521215,16,,,0,70,,1521216,16,,,0,30,,1521217,16,,,0,70,,1521218,16,,,0,30,,1521219,16,,,0,70,,1521220,16,,,0,30,,1521221,16,,,0,70,,1521222,16,,,0,30,,1521224,16,,,0,70,,1521225,16,,,0,31,,1521226,16,,,0,72,,1521223,16,,,0,30,,1521227,16,,,0,68,,1521228,16,,,0,29,,1521229,16,,,0,70,,1521230,16,,,0,29,,1521231,16,,,0,70,,1521232,16,,,0,100,,1521233,16,,,0,100,,1521234,16,,,0,100,,1521235,16,,,0,99,,1521236,16,,,0,100,,1521237,16,,,0
7203,'20261010',712,,1548924,16,,,0,100,,1548925,16,,,0,100,,1548926,16,,,0,100,,1548927,16,,,0,100,,1548928,16,,,0,100,,1548929,16,,,0,100,,1548930,16,,,0,100,,1548931,16,,,0,100,,1548932,16,,,0,100,,1548933,16,,,0,100,,1548934,16,,,0,100,,1548935,16,,,0,100,,1548936,16,,,0,100,,1548937,16,,,0,100,,1548938,16,,,0,99,,1548939,16,,,0,100,,1548940,16,,,0,100,,1548941,16,,,0,30,,1548942,16,,,0
7203,'20261011',712,,1548943,16,,,0,100,,1548944,16,,,0,100,,1548945,16,,,0,100,,1548946,16,,,0,100,,1548947,16,,,0,100,,1548948,16,,,0,100,,1548949,16,,,0,100,,1548950,16,,,0,100,,1548951,16,,,0,100,,1548952,16,,,0,100,,1548953,16,,,0,100,,1548961,16,,,0,100,,1548958,16,,,0,100,,1548954,16,,,0,100,,1548955,16,,,0,99,,1548956,16,,,0,100,,1548957,16,,,0,100,,1548960,16,,,0,30,,1548959,16,,,0
7203,'20261012',712,,1548962,16,,,0,100,,1548963,16,,,0,100,,1548964,16,,,0,100,,1548965,16,,,0,100,,1548966,16,,,0,100,,1548967,16,,,0,100,,1548968,16,,,0,100,,1548969,16,,,0,100,,1548970,16,,,0,100,,1548971,16,,,0,100,,1548972,16,,,0,100,,1548980,16,,,0,100,,1548977,16,,,0,100,,1548973,16,,,0,100,,1548974,16,,,0,99,,1548975,16,,,0,100,,1548976,16,,,0,100,,1548979,16,,,0,30,,1548978,16,,,0
8200,'20260929',644,,1550442,43,,,0,78,,1550443,43,,,0,78,,1550444,43,,,0,30,,1550445,43,,,0,73,,1550446,43,,,0,108,,1550447,43,,,0,46,,1550448,43,,,0,101,,1550449,43,,,0,99,,1550450,43,,,0,99,,1550451,43,,,0,93,,1550452,43,,,0,99,,1550453,43,,,0,93,,1550454,43,,,0,70,,1550455,43,,,0,29,,1550456,43,,,0,68,,1550457,43,,,0,99,,1550458,43,,,0,37,,1550459,45,,,0,100,,1550460,45,,,0,100,,1550461,45,,,0,100,,1550462,45,,,0,100,,1550463,45,,,0
8200,'20260930',644,,1550464,43,,,0,78,,1550465,43,,,0,78,,1550466,43,,,0,30,,1550467,43,,,0,73,,1550468,43,,,0,108,,1550469,43,,,0,46,,1550470,43,,,0,101,,1550471,43,,,0,99,,1550472,43,,,0,99,,1550473,43,,,0,93,,1550474,43,,,0,99,,1550475,43,,,0,93,,1550476,43,,,0,70,,1550477,43,,,0,29,,1550478,43,,,0,68,,1550479,43,,,0,99,,1550480,43,,,0,37,,1550481,45,,,0,100,,1550482,45,,,0,100,,1550483,45,,,0,100,,1550484,45,,,0,100,,1550485,45,,,0
8200,'20261001',644,,1550486,43,,,0,78,,1550487,43,,,0,78,,1550488,43,,,0,30,,1550489,43,,,0,73,,1550490,43,,,0,108,,1550491,43,,,0,46,,1550492,43,,,0,101,,1550493,43,,,0,99,,1550494,43,,,0,99,,1550495,43,,,0,93,,1550496,43,,,0,99,,1550497,43,,,0,93,,1550498,43,,,0,70,,1550499,43,,,0,29,,1550500,43,,,0,68,,1550501,43,,,0,99,,1550502,43,,,0,37,,1550503,45,,,0,100,,1550504,45,,,0,100,,1550505,45,,,0,100,,1550506,45,,,0,100,,1550507,45,,,0
8200,'20261002',644,,1473366,43,,,0,78,,1473349,43,,,0,78,,1473370,43,,,0,30,,1473356,43,,,0,73,,1473365,43,,,0,108,,1473357,43,,,0,46,,1473364,43,,,0,101,,1473358,43,,,0,99,,1473350,43,,,0,99,,1473359,43,,,0,93,,1473363,43,,,0,99,,1473360,43,,,0,93,,1473351,43,,,0,70,,1473352,43,,,0,29,,1473353,43,,,0,68,,1473354,43,,,0,99,,1473361,43,,,0,37,,1473362,45,,,0,100,,1473368,45,,,0,100,,1473367,45,,,0,100,,1473369,45,,,0,100,,1473355,45,,,0
8200,'20261003',713,,1496365,45,,,0,100,,1496351,45,,,0,100,,1496355,45,,,0,101,,1496356,45,,,0,100,,1496363,45,,,0,101,,1496357,45,,,0,100,,1496352,45,,,0,100,,1496358,45,,,0,100,,1496364,45,,,0,100,,1496359,45,,,0,100,,1496367,45,,,0,100,,1496353,45,,,0,99,,1496360,45,,,0,100,,1496362,45,,,0,100,,1496366,45,,,0,100,,1496361,45,,,0,130,,1496354,45,,,0
8200,'20261004',713,,1496380,45,,,0,100,,1496381,45,,,0,100,,1496377,45,,,0,101,,1496382,45,,,0,100,,1496376,45,,,0,101,,1496378,45,,,0,100,,1496371,45,,,0,100,,1496368,45,,,0,100,,1496374,45,,,0,100,,1496375,45,,,0,100,,1496384,45,,,0,100,,1496372,45,,,0,99,,1496369,45,,,0,100,,1496379,45,,,0,100,,1496383,45,,,0,100,,1496370,45,,,0,130,,1496373,45,,,0
8200,'20261005',644,,1496402,43,,,0,78,,1496385,43,,,0,78,,1496406,43,,,0,30,,1496392,43,,,0,73,,1496401,43,,,0,108,,1496393,43,,,0,46,,1496400,43,,,0,101,,1496394,43,,,0,99,,1496386,43,,,0,99,,1496395,43,,,0,93,,1496399,43,,,0,99,,1496396,43,,,0,93,,1496387,43,,,0,70,,1496388,43,,,0,29,,1496389,43,,,0,68,,1496390,43,,,0,99,,1496397,43,,,0,37,,1496398,45,,,0,100,,1496404,45,,,0,100,,1496403,45,,,0,100,,1496405,45,,,0,100,,1496391,45,,,0
8200,'20261006',644,,1523335,43,,,0,78,,1523318,43,,,0,78,,1523339,43,,,0,30,,1523325,43,,,0,73,,1523334,43,,,0,108,,1523326,43,,,0,46,,1523333,43,,,0,101,,1523327,43,,,0,99,,1523319,43,,,0,99,,1523328,43,,,0,93,,1523332,43,,,0,99,,1523329,43,,,0,93,,1523320,43,,,0,70,,1523321,43,,,0,29,,1523322,43,,,0,68,,1523323,43,,,0,99,,1523330,43,,,0,37,,1523331,45,,,0,100,,1523337,45,,,0,100,,1523336,45,,,0,100,,1523338,45,,,0,100,,1523324,45,,,0
8200,'20261007',644,,1523357,43,,,0,78,,1523340,43,,,0,78,,1523361,43,,,0,30,,1523347,43,,,0,73,,1523356,43,,,0,108,,1523348,43,,,0,46,,1523355,43,,,0,101,,1523349,43,,,0,99,,1523341,43,,,0,99,,1523350,43,,,0,93,,1523354,43,,,0,99,,1523351,43,,,0,93,,1523342,43,,,0,70,,1523343,43,,,0,29,,1523344,43,,,0,68,,1523345,43,,,0,99,,1523352,43,,,0,37,,1523353,45,,,0,100,,1523359,45,,,0,100,,1523358,45,,,0,100,,1523360,45,,,0,100,,1523346,45,,,0
8200,'20261008',644,,1523379,43,,,0,78,,1523362,43,,,0,78,,1523383,43,,,0,30,,1523369,43,,,0,73,,1523378,43,,,0,108,,1523370,43,,,0,46,,1523377,43,,,0,101,,1523371,43,,,0,99,,1523363,43,,,0,99,,1523372,43,,,0,93,,1523376,43,,,0,99,,1523373,43,,,0,93,,1523364,43,,,0,70,,1523365,43,,,0,29,,1523366,43,,,0,68,,1523367,43,,,0,99,,1523374,43,,,0,37,,1523375,45,,,0,100,,1523381,45,,,0,100,,1523380,45,,,0,100,,1523382,45,,,0,100,,1523368,45,,,0
8200,'20261009',644,,1523401,43,,,0,78,,1523384,43,,,0,78,,1523405,43,,,0,30,,1523391,43,,,0,73,,1523400,43,,,0,108,,1523392,43,,,0,46,,1523399,43,,,0,101,,1523393,43,,,0,99,,1523385,43,,,0,99,,1523394,43,,,0,93,,1523398,43,,,0,99,,1523395,43,,,0,93,,1523386,43,,,0,70,,1523387,43,,,0,29,,1523388,43,,,0,68,,1523389,43,,,0,99,,1523396,43,,,0,37,,1523397,45,,,0,100,,1523403,45,,,0,100,,1523402,45,,,0,100,,1523404,45,,,0,100,,1523390,45,,,0
8200,'20261010',713,,1550522,45,,,0,100,,1550508,45,,,0,100,,1550512,45,,,0,101,,1550513,45,,,0,100,,1550520,45,,,0,101,,1550514,45,,,0,100,,1550509,45,,,0,100,,1550515,45,,,0,100,,1550521,45,,,0,100,,1550516,45,,,0,100,,1550524,45,,,0,100,,1550510,45,,,0,99,,1550517,45,,,0,100,,1550519,45,,,0,100,,1550523,45,,,0,100,,1550518,45,,,0,130,,1550511,45,,,0
8200,'20261011',713,,1550537,45,,,0,100,,1550538,45,,,0,100,,1550534,45,,,0,101,,1550539,45,,,0,100,,1550533,45,,,0,101,,1550535,45,,,0,100,,1550528,45,,,0,100,,1550525,45,,,0,100,,1550531,45,,,0,100,,1550532,45,,,0,100,,1550541,45,,,0,100,,1550529,45,,,0,99,,1550526,45,,,0,100,,1550536,45,,,0,100,,1550540,45,,,0,100,,1550527,45,,,0,130,,1550530,45,,,0
8200,'20261012',713,,1550554,45,,,0,100,,1550555,45,,,0,100,,1550551,45,,,0,101,,1550556,45,,,0,100,,1550550,45,,,0,101,,1550552,45,,,0,100,,1550545,45,,,0,100,,1550542,45,,,0,100,,1550548,45,,,0,100,,1550549,45,,,0,100,,1550558,45,,,0,100,,1550546,45,,,0,99,,1550543,45,,,0,100,,1550553,45,,,0,100,,1550557,45,,,0,100,,1550544,45,,,0,130,,1550547,45,,,0
27300,'20260929',1626,,1553066,10,4,,0,30,,1553067,10,4,,0,66,,1553068,10,4,,0,32,,1553069,10,4,,0
27300,'20260930',1626,,1553070,10,4,,0,30,,1553071,10,4,,0,66,,1553072,10,4,,0,32,,1553073,10,4,,0
27300,'20261001',1626,,1553074,10,4,,0,30,,1553075,10,4,,0,66,,1553076,10,4,,0,32,,1553077,10,4,,0
27300,'20261002',1626,,1476156,10,4,,0,30,,1476157,10,4,,0,66,,1476158,10,4,,0,32,,1476159,10,4,,0
27300,'20261005',1626,,1499193,10,4,,0,30,,1499194,10,4,,0,66,,1499195,10,4,,0,32,,1499196,10,4,,0
27300,'20261006',1626,,1527293,10,4,,0,30,,1527294,10,4,,0,66,,1527295,10,4,,0,32,,1527296,10,4,,0
27300,'20261007',1626,,1527297,10,4,,0,30,,1527298,10,4,,0,66,,1527299,10,4,,0,32,,1527300,10,4,,0
27300,'20261008',1626,,1527301,10,4,,0,30,,1527302,10,4,,0,66,,1527303,10,4,,0,32,,1527304,10,4,,0
27300,'20261009',1626,,1527305,10,4,,0,30,,1527306,10,4,,0,66,,1527307,10,4,,0,32,,1527308,10,4,,0
28400,'20260929',1623,,1553264,10,4,,0,29,,1553265,10,4,,0,71,,1553266,10,4,,0,23,,1553267,10,4,,0,73,,1553268,10,4,,0
28400,'20260930',1623,,1553269,10,4,,0,29,,1553270,10,4,,0,71,,1553271,10,4,,0,23,,1553272,10,4,,0,73,,1553273,10,4,,0
28400,'20261001',1623,,1553274,10,4,,0,29,,1553275,10,4,,0,71,,1553276,10,4,,0,23,,1553277,10,4,,0,73,,1553278,10,4,,0
28400,'20261002',1623,,1476423,10,4,,0,29,,1476424,10,4,,0,71,,1476425,10,4,,0,23,,1476426,10,4,,0,73,,1476427,10,4,,0
28400,'20261005',1623,,1499460,10,4,,0,29,,1499461,10,4,,0,71,,1499462,10,4,,0,23,,1499463,10,4,,0,73,,1499464,10,4,,0
28400,'20261006',1623,,1527691,10,4,,0,29,,1527692,10,4,,0,71,,1527693,10,4,,0,23,,1527694,10,4,,0,73,,1527695,10,4,,0
28400,'20261007',1623,,1527696,10,4,,0,29,,1527697,10,4,,0,71,,1527698,10,4,,0,23,,1527699,10,4,,0,73,,1527700,10,4,,0
28400,'20261008',1623,,1527701,10,4,,0,29,,1527702,10,4,,0,71,,1527703,10,4,,0,23,,1527704,10,4,,0,73,,1527705,10,4,,0
28400,'20261009',1623,,1527706,10,4,,0,29,,1527707,10,4,,0,71,,1527708,10,4,,0,23,,1527709,10,4,,0,73,,1527710,10,4,,0
38200,'20260929',1241,,1553783,19,4,,0,408,,1553784,19,4,,0,99,,1553785,19,4,,0,96,,1553786,19,4,,0
38200,'20260930',1241,,1553787,19,4,,0,408,,1553788,19,4,,0,99,,1553789,19,4,,0,96,,1553790,19,4,,0
38200,'20261001',1241,,1553791,19,4,,0,408,,1553792,19,4,,0,99,,1553793,19,4,,0,96,,1553794,19,4,,0
38200,'20261002',1241,,1477103,19,4,,0,408,,1477104,19,4,,0,99,,1477105,19,4,,0,96,,1477106,19,4,,0
38200,'20261005',1241,,1500146,19,4,,0,408,,1500147,19,4,,0,99,,1500148,19,4,,0,96,,1500149,19,4,,0
38200,'20261006',1241,,1528715,19,4,,0,408,,1528716,19,4,,0,99,,1528717,19,4,,0,96,,1528718,19,4,,0
38200,'20261007',1241,,1528719,19,4,,0,408,,1528720,19,4,,0,99,,1528721,19,4,,0,96,,1528722,19,4,,0
38200,'20261008',1241,,1528723,19,4,,0,408,,1528724,19,4,,0,99,,1528725,19,4,,0,96,,1528726,19,4,,0
38200,'20261009',1241,,1528727,19,4,,0,408,,1528728,19,4,,0,99,,1528729,19,4,,0,96,,1528730,19,4,,0
58200,'20260929',1609,,1554147,17,4,,0,23,,1554148,17,4,,0,27,,1554149,17,4,,0,76,,1554150,17,4,,0,68,,1554151,17,4,,0
58200,'20260930',1609,,1554152,17,4,,0,23,,1554153,17,4,,0,27,,1554154,17,4,,0,76,,1554155,17,4,,0,68,,1554156,17,4,,0
58200,'20261001',1609,,1554157,17,4,,0,23,,1554158,17,4,,0,27,,1554159,17,4,,0,76,,1554160,17,4,,0,68,,1554161,17,4,,0
58200,'20261002',1609,,1477657,17,4,,0,23,,1477658,17,4,,0,27,,1477655,17,4,,0,76,,1477656,17,4,,0,68,,1477654,17,4,,0
58200,'20261005',1609,,1500630,17,4,,0,23,,1500631,17,4,,0,27,,1500628,17,4,,0,76,,1500629,17,4,,0,68,,1500627,17,4,,0
58200,'20261006',1609,,1529439,17,4,,0,23,,1529440,17,4,,0,27,,1529437,17,4,,0,76,,1529438,17,4,,0,68,,1529436,17,4,,0
58200,'20261007',1609,,1529444,17,4,,0,23,,1529445,17,4,,0,27,,1529442,17,4,,0,76,,1529443,17,4,,0,68,,1529441,17,4,,0
58200,'20261008',1609,,1529449,17,4,,0,23,,1529450,17,4,,0,27,,1529447,17,4,,0,76,,1529448,17,4,,0,68,,1529446,17,4,,0
58200,'20261009',1609,,1529454,17,4,,0,23,,1529455,17,4,,0,27,,1529452,17,4,,0,76,,1529453,17,4,,0,68,,1529451,17,4,,0
97203,'20261002',2602,,1485607,27,,,0
97203,'20261003',2602,,1508565,27,,,0
97203,'20261009',2602,,1540241,27,,,0
97203,'20261010',2602,,1561866,27,,,0
98200,'20261002',2605,,1485611,50,,,0
98200,'20261003',2605,,1508567,50,,,0
98200,'20261009',2605,,1540247,50,,,0
98200,'20261010',2605,,1561868,50,,,0
