9203,'20261009',616,,1610067,42,,,0,103,,1610068,42,,,0,105,,1610069,42,,,0,96,,1610070,42,,,0,100,,1610071,42,,,0,100,,1610072,42,,,0,102,,1610073,42,,,0,100,,1610074,42,,,0,99,,1610075,42,,,0,99,,1610076,42,,,0,31,,1610077,42,,,0,71,,1610078,42,,,0,32,,1610079,42,,,0,68,,1610080,42,,,0,35,,1610081,42,,,0,70,,1610082,42,,,0,93,,1610083,42,,,0,99,,1610084,42,,,0,100,,1610085,42,,,0,100,,1610086,42,,,0,100,,1610087,42,,,0
9203,'20261010',736,,1636722,42,,,0,100,,1636723,42,,,0,100,,1636724,42,,,0,102,,1636725,42,,,0,97,,1636726,42,,,0,100,,1636727,42,,,0,101,,1636728,42,,,0,102,,1636729,42,,,0,101,,1636730,42,,,0,104,,1636731,42,,,0,99,,1636732,42,,,0,101,,1636733,42,,,0,93,,1636734,42,,,0,99,,1636735,42,,,0,100,,1636736,42,,,0,100,,1636737,42,,,0,100,,1636738,42,,,0
9203,'20261011',736,,1636739,42,,,0,100,,1636740,42,,,0,100,,1636741,42,,,0,102,,1636742,42,,,0,97,,1636743,42,,,0,100,,1636744,42,,,0,101,,1636745,42,,,0,102,,1636746,42,,,0,101,,1636747,42,,,0,104,,1636748,42,,,0,99,,1636749,42,,,0,101,,1636750,42,,,0,93,,1636751,42,,,0,99,,1636752,42,,,0,100,,1636753,42,,,0,100,,1636754,42,,,0,100,,1636755,42,,,0
9203,'20261012',736,,1636756,42,,,0,100,,1636757,42,,,0,100,,1636758,42,,,0,102,,1636759,42,,,0,97,,1636760,42,,,0,100,,1636761,42,,,0,101,,1636762,42,,,0,102,,1636763,42,,,0,101,,1636764,42,,,0,104,,1636765,42,,,0,99,,1636766,42,,,0,101,,1636767,42,,,0,93,,1636768,42,,,0,99,,1636769,42,,,0,100,,1636770,42,,,0,100,,1636771,42,,,0,100,,1636772,42,,,0
9203,'20261013',616,,1578359,42,,,0,103,,1578343,42,,,0,105,,1578344,42,,,0,96,,1578345,42,,,0,100,,1578346,42,,,0,100,,1578347,42,,,0,102,,1578348,42,,,0,100,,1578349,42,,,0,99,,1578352,42,,,0,99,,1578362,42,,,0,31,,1578354,42,,,0,71,,1578360,42,,,0,32,,1578355,42,,,0,68,,1578363,42,,,0,35,,1578361,42,,,0,70,,1578356,42,,,0,93,,1578353,42,,,0,99,,1578357,42,,,0,100,,1578350,42,,,0,100,,1578351,42,,,0,100,,1578358,42,,,0
9203,'20261014',616,,1578380,42,,,0,103,,1578364,42,,,0,105,,1578365,42,,,0,96,,1578366,42,,,0,100,,1578367,42,,,0,100,,1578368,42,,,0,102,,1578369,42,,,0,100,,1578370,42,,,0,99,,1578373,42,,,0,99,,1578383,42,,,0,31,,1578375,42,,,0,71,,1578381,42,,,0,32,,1578376,42,,,0,68,,1578384,42,,,0,35,,1578382,42,,,0,70,,1578377,42,,,0,93,,1578374,42,,,0,99,,1578378,42,,,0,100,,1578371,42,,,0,100,,1578372,42,,,0,100,,1578379,42,,,0
9203,'20261015',616,,1578401,42,,,0,103,,1578385,42,,,0,105,,1578386,42,,,0,96,,1578387,42,,,0,100,,1578388,42,,,0,100,,1578389,42,,,0,102,,1578390,42,,,0,100,,1578391,42,,,0,99,,1578394,42,,,0,99,,1578404,42,,,0,31,,1578396,42,,,0,71,,1578402,42,,,0,32,,1578397,42,,,0,68,,1578405,42,,,0,35,,1578403,42,,,0,70,,1578398,42,,,0,93,,1578395,42,,,0,99,,1578399,42,,,0,100,,1578392,42,,,0,100,,1578393,42,,,0,100,,1578400,42,,,0
9203,'20261016',616,,1578422,42,,,0,103,,1578406,42,,,0,105,,1578407,42,,,0,96,,1578408,42,,,0,100,,1578409,42,,,0,100,,1578410,42,,,0,102,,1578411,42,,,0,100,,1578412,42,,,0,99,,1578415,42,,,0,99,,1578425,42,,,0,31,,1578417,42,,,0,71,,1578423,42,,,0,32,,1578418,42,,,0,68,,1578426,42,,,0,35,,1578424,42,,,0,70,,1578419,42,,,0,93,,1578416,42,,,0,99,,1578420,42,,,0,100,,1578413,42,,,0,100,,1578414,42,,,0,100,,1578421,42,,,0
9203,'20261017',736,,1610104,42,,,0,100,,1610098,42,,,0,100,,1610088,42,,,0,102,,1610097,42,,,0,97,,1610099,42,,,0,100,,1610089,42,,,0,101,,1610090,42,,,0,102,,1610091,42,,,0,101,,1610092,42,,,0,104,,1610100,42,,,0,99,,1610093,42,,,0,101,,1610094,42,,,0,93,,1610095,42,,,0,99,,1610096,42,,,0,100,,1610101,42,,,0,100,,1610103,42,,,0,100,,1610102,42,,,0
9203,'20261018',736,,1610121,42,,,0,100,,1610116,42,,,0,100,,1610105,42,,,0,102,,1610115,42,,,0,97,,1610117,42,,,0,100,,1610106,42,,,0,101,,1610107,42,,,0,102,,1610118,42,,,0,101,,1610108,42,,,0,104,,1610109,42,,,0,99,,1610119,42,,,0,101,,1610110,42,,,0,93,,1610111,42,,,0,99,,1610112,42,,,0,100,,1610120,42,,,0,100,,1610113,42,,,0,100,,1610114,42,,,0
9203,'20261019',616,,1610138,42,,,0,103,,1610122,42,,,0,105,,1610123,42,,,0,96,,1610124,42,,,0,100,,1610125,42,,,0,100,,1610126,42,,,0,102,,1610127,42,,,0,100,,1610128,42,,,0,99,,1610131,42,,,0,99,,1610141,42,,,0,31,,1610133,42,,,0,71,,1610139,42,,,0,32,,1610134,42,,,0,68,,1610142,42,,,0,35,,1610140,42,,,0,70,,1610135,42,,,0,93,,1610132,42,,,0,99,,1610136,42,,,0,100,,1610129,42,,,0,100,,1610130,42,,,0,100,,1610137,42,,,0
9203,'20261020',616,,1610159,42,,,0,103,,1610143,42,,,0,105,,1610144,42,,,0,96,,1610145,42,,,0,100,,1610146,42,,,0,100,,1610147,42,,,0,102,,1610148,42,,,0,100,,1610149,42,,,0,99,,1610152,42,,,0,99,,1610162,42,,,0,31,,1610154,42,,,0,71,,1610160,42,,,0,32,,1610155,42,,,0,68,,1610163,42,,,0,35,,1610161,42,,,0,70,,1610156,42,,,0,93,,1610153,42,,,0,99,,1610157,42,,,0,100,,1610150,42,,,0,100,,1610151,42,,,0,100,,1610158,42,,,0
9203,'20261021',616,,1636789,42,,,0,103,,1636773,42,,,0,105,,1636774,42,,,0,96,,1636775,42,,,0,100,,1636776,42,,,0,100,,1636777,42,,,0,102,,1636778,42,,,0,100,,1636779,42,,,0,99,,1636782,42,,,0,99,,1636792,42,,,0,31,,1636784,42,,,0,71,,1636790,42,,,0,32,,1636785,42,,,0,68,,1636793,42,,,0,35,,1636791,42,,,0,70,,1636786,42,,,0,93,,1636783,42,,,0,99,,1636787,42,,,0,100,,1636780,42,,,0,100,,1636781,42,,,0,100,,1636788,42,,,0
9203,'20261022',616,,1636810,42,,,0,103,,1636794,42,,,0,105,,1636795,42,,,0,96,,1636796,42,,,0,100,,1636797,42,,,0,100,,1636798,42,,,0,102,,1636799,42,,,0,100,,1636800,42,,,0,99,,1636803,42,,,0,99,,1636813,42,,,0,31,,1636805,42,,,0,71,,1636811,42,,,0,32,,1636806,42,,,0,68,,1636814,42,,,0,35,,1636812,42,,,0,70,,1636807,42,,,0,93,,1636804,42,,,0,99,,1636808,42,,,0,100,,1636801,42,,,0,100,,1636802,42,,,0,100,,1636809,42,,,0
9203,'20261023',616,,1636831,42,,,0,103,,1636815,42,,,0,105,,1636816,42,,,0,96,,1636817,42,,,0,100,,1636818,42,,,0,100,,1636819,42,,,0,102,,1636820,42,,,0,100,,1636821,42,,,0,99,,1636824,42,,,0,99,,1636834,42,,,0,31,,1636826,42,,,0,71,,1636832,42,,,0,32,,1636827,42,,,0,68,,1636835,42,,,0,35,,1636833,42,,,0,70,,1636828,42,,,0,93,,1636825,42,,,0,99,,1636829,42,,,0,100,,1636822,42,,,0,100,,1636823,42,,,0,100,,1636830,42,,,0
29203,'20261009',1640,,1612953,35,4,,0,70,,1612954,35,4,,0,33,,1612955,35,4,,0
29203,'20261013',1640,,1581204,35,4,,0,70,,1581205,35,4,,0,33,,1581203,35,4,,0
29203,'20261014',1640,,1581207,35,4,,0,70,,1581208,35,4,,0,33,,1581206,35,4,,0
29203,'20261015',1640,,1581210,35,4,,0,70,,1581211,35,4,,0,33,,1581209,35,4,,0
29203,'20261016',1640,,1581213,35,4,,0,70,,1581214,35,4,,0,33,,1581212,35,4,,0
29203,'20261019',1640,,1612957,35,4,,0,70,,1612958,35,4,,0,33,,1612956,35,4,,0
29203,'20261020',1640,,1612960,35,4,,0,70,,1612961,35,4,,0,33,,1612959,35,4,,0
29203,'20261021',1640,,1638457,35,4,,0,70,,1638458,35,4,,0,33,,1638456,35,4,,0
29203,'20261022',1640,,1638460,35,4,,0,70,,1638461,35,4,,0,33,,1638459,35,4,,0
29203,'20261023',1640,,1638463,35,4,,0,70,,1638464,35,4,,0,33,,1638462,35,4,,0
99203,'20261009',2625,,1625348,75,,,0,130,,1625349,75,,,0
99203,'20261010',2625,,1646909,75,,,0,130,,1646910,75,,,0
99203,'20261016',2625,,1593548,75,,,0,130,,1593549,75,,,0
99203,'20261017',2625,,1625350,75,,,0,130,,1625351,75,,,0
99203,'20261023',2625,,1646911,75,,,0,130,,1646912,75,,,0
