23700,'20261002',1555,,1579877,19,4,,0,57,,1579878,19,4,,0,17,,1579879,19,4,,0,18,,1579880,19,4,,0,62,,1579881,19,4,,0,12,,1579882,19,4,,0,21,,1579883,19,4,,0,62,,1579884,19,4,,0
23700,'20261005',1555,,1579885,19,4,,0,57,,1579886,19,4,,0,17,,1579887,19,4,,0,18,,1579888,19,4,,0,62,,1579889,19,4,,0,12,,1579890,19,4,,0,21,,1579891,19,4,,0,62,,1579892,19,4,,0
23700,'20261006',1555,,1526621,19,4,,0,57,,1526622,19,4,,0,17,,1526623,19,4,,0,18,,1526624,19,4,,0,62,,1526625,19,4,,0,12,,1526626,19,4,,0,21,,1526627,19,4,,0,62,,1526628,19,4,,0
23700,'20261007',1555,,1526629,19,4,,0,57,,1526630,19,4,,0,17,,1526631,19,4,,0,18,,1526632,19,4,,0,62,,1526633,19,4,,0,12,,1526634,19,4,,0,21,,1526635,19,4,,0,62,,1526636,19,4,,0
23700,'20261008',1555,,1526637,19,4,,0,57,,1526638,19,4,,0,17,,1526639,19,4,,0,18,,1526640,19,4,,0,62,,1526641,19,4,,0,12,,1526642,19,4,,0,21,,1526643,19,4,,0,62,,1526644,19,4,,0
23700,'20261009',1555,,1526645,19,4,,0,57,,1526646,19,4,,0,17,,1526647,19,4,,0,18,,1526648,19,4,,0,62,,1526649,19,4,,0,12,,1526650,19,4,,0,21,,1526651,19,4,,0,62,,1526652,19,4,,0
23700,'20261013',1555,,1579893,19,4,,0,57,,1579894,19,4,,0,17,,1579895,19,4,,0,18,,1579896,19,4,,0,62,,1579897,19,4,,0,12,,1579898,19,4,,0,21,,1579899,19,4,,0,62,,1579900,19,4,,0
23700,'20261014',1555,,1579901,19,4,,0,57,,1579902,19,4,,0,17,,1579903,19,4,,0,18,,1579904,19,4,,0,62,,1579905,19,4,,0,12,,1579906,19,4,,0,21,,1579907,19,4,,0,62,,1579908,19,4,,0
23700,'20261015',1555,,1579909,19,4,,0,57,,1579910,19,4,,0,17,,1579911,19,4,,0,18,,1579912,19,4,,0,62,,1579913,19,4,,0,12,,1579914,19,4,,0,21,,1579915,19,4,,0,62,,1579916,19,4,,0
23700,'20261016',1555,,1579917,19,4,,0,57,,1579918,19,4,,0,17,,1579919,19,4,,0,18,,1579920,19,4,,0,62,,1579921,19,4,,0,12,,1579922,19,4,,0,21,,1579923,19,4,,0,62,,1579924,19,4,,0
33700,'20261002',1245,,1581433,24,4,,0,305,,1581434,24,4,,0,106,,1581435,24,4,,0,96,,1581436,24,4,,0,103,,1581437,24,4,,0
33700,'20261005',1245,,1581438,24,4,,0,305,,1581439,24,4,,0,106,,1581440,24,4,,0,96,,1581441,24,4,,0,103,,1581442,24,4,,0
33700,'20261006',1245,,1528167,24,4,,0,305,,1528171,24,4,,0,106,,1528168,24,4,,0,96,,1528169,24,4,,0,103,,1528170,24,4,,0
33700,'20261007',1245,,1528172,24,4,,0,305,,1528176,24,4,,0,106,,1528173,24,4,,0,96,,1528174,24,4,,0,103,,1528175,24,4,,0
33700,'20261008',1245,,1528177,24,4,,0,305,,1528181,24,4,,0,106,,1528178,24,4,,0,96,,1528179,24,4,,0,103,,1528180,24,4,,0
33700,'20261009',1245,,1528182,24,4,,0,305,,1528186,24,4,,0,106,,1528183,24,4,,0,96,,1528184,24,4,,0,103,,1528185,24,4,,0
33700,'20261013',1245,,1581443,24,4,,0,305,,1581447,24,4,,0,106,,1581444,24,4,,0,96,,1581445,24,4,,0,103,,1581446,24,4,,0
33700,'20261014',1245,,1581448,24,4,,0,305,,1581452,24,4,,0,106,,1581449,24,4,,0,96,,1581450,24,4,,0,103,,1581451,24,4,,0
33700,'20261015',1245,,1581453,24,4,,0,305,,1581457,24,4,,0,106,,1581454,24,4,,0,96,,1581455,24,4,,0,103,,1581456,24,4,,0
33700,'20261016',1245,,1581458,24,4,,0,305,,1581462,24,4,,0,106,,1581459,24,4,,0,96,,1581460,24,4,,0,103,,1581461,24,4,,0
53700,'20261002',1636,,1582270,22,4,,0,73,,1582271,22,4,,0,28,,1582272,22,4,,0,71,,1582273,22,4,,0
53700,'20261005',1636,,1582274,22,4,,0,73,,1582275,22,4,,0,28,,1582276,22,4,,0,71,,1582277,22,4,,0
53700,'20261006',1636,,1529005,22,4,,0,73,,1529002,22,4,,0,28,,1529004,22,4,,0,71,,1529003,22,4,,0
53700,'20261007',1636,,1529009,22,4,,0,73,,1529006,22,4,,0,28,,1529008,22,4,,0,71,,1529007,22,4,,0
53700,'20261008',1636,,1529013,22,4,,0,73,,1529010,22,4,,0,28,,1529012,22,4,,0,71,,1529011,22,4,,0
53700,'20261009',1636,,1529017,22,4,,0,73,,1529014,22,4,,0,28,,1529016,22,4,,0,71,,1529015,22,4,,0
53700,'20261013',1636,,1582281,22,4,,0,73,,1582278,22,4,,0,28,,1582280,22,4,,0,71,,1582279,22,4,,0
53700,'20261014',1636,,1582285,22,4,,0,73,,1582282,22,4,,0,28,,1582284,22,4,,0,71,,1582283,22,4,,0
53700,'20261015',1636,,1582289,22,4,,0,73,,1582286,22,4,,0,28,,1582288,22,4,,0,71,,1582287,22,4,,0
53700,'20261016',1636,,1582293,22,4,,0,73,,1582290,22,4,,0,28,,1582292,22,4,,0,71,,1582291,22,4,,0
80102,'20261002',621,,1584388,30,,,1,12,,1584389,30,,,1,10,,1584390,30,,,1,10,,1584391,30,,,1,51,,1584392,30,,,1,14,,1584393,30,,,1,11,,1584394,30,,,1,12,,1584395,30,,,1,10,,1584396,30,,,1,50,,1584397,30,,,1,9,,1584398,30,,,1,12,,1584399,30,,,1,8,,1584400,30,,,1,10,,1584401,30,,,1,9,,1584402,30,,,1,9,,1584403,30,,,1,48,,1584404,30,,,1,7,,1584405,30,,,1,9,,1584406,30,,,1,13,,1584407,30,,,1,13,,1584408,30,,,1,55,,1584409,30,,,1,15,,1584410,30,,,1,15,,1584411,30,,,1,15,,1584412,30,,,1,55,,1584413,30,,,1,15,,1584414,30,,,1,15,,1584415,30,,,1,15,,1584416,30,,,1,55,,1584417,30,,,1,15,,1584418,30,,,1,15,,1584419,30,,,1,13,,1584420,30,,,1,55,,1584421,30,,,1,15,,1584422,30,,,1,15,,1584423,30,,,1,14,,1584424,30,,,1,14,,1584425,30,,,1,52,,1584426,30,,,1,12,,1584427,30,,,1,14,,1584428,30,,,1,13,,1584429,30,,,1,52,,1584430,30,,,1,12,,1584431,30,,,1,10,,1584432,30,,,1,10,,1584433,30,,,1,12,,1584434,30,,,1,9,,1584435,30,,,1,49,,1584436,30,,,1,12,,1584437,30,,,1,9,,1584438,30,,,1,10,,1584439,30,,,1,9,,1584440,30,,,1,8,,1584441,30,,,1,49,,1584442,30,,,1,9,,1584443,30,,,1,8,,1584444,30,,,1,9,,1584445,30,,,1,9,,1584446,30,,,1,10,,1584447,30,,,1,9,,1584448,30,,,1,49,,1584449,30,,,1,10,,1584450,30,,,1,10,,1584451,30,,,1,15,,1584452,30,,,1,15,,1584453,30,,,1,52,,1584387,30,,,1,3,,1584454,23,,,1,15,,1584455,30,,,1,15,,1584456,30,,,1,15,,1584457,30,,,1,55,,1584458,30,,,1,15,,1584459,30,,,1,15,,1584460,30,,,1,15,,1584461,30,,,1,55,,1584462,30,,,1,15,,1584463,30,,,1,15,,1584464,30,,,1,15,,1584465,30,,,1,55,,1584466,30,,,1,14,,1584467,30,,,1,15,,1584468,30,,,1,15,,1584469,30,,,1,54,,1584470,30,,,1,15,,1584471,30,,,1,15,,1584472,30,,,1,15,,1584473,30,,,1,54,,1584474,30,,,1,15,,1584475,30,,,1,13,,1584476,30,,,1,14,,1584477,30,,,1,55,,1584478,30,,,1,14,,1584479,30,,,1,15,,1584480,30,,,1,15,,1584481,30,,,1,55,,1584482,30,,,1,15,,1584483,30,,,1
80102,'20261003',633,,1584484,30,,,1,17,,1584485,30,,,1,55,,1584486,30,,,1,17,,1584487,30,,,1,15,,1584488,30,,,1,15,,1584489,30,,,1,55,,1584490,30,,,1,16,,1584491,30,,,1,15,,1584492,30,,,1,15,,1584493,30,,,1,56,,1584494,30,,,1,15,,1584495,30,,,1,16,,1584496,30,,,1,16,,1584497,30,,,1,55,,1584498,30,,,1,14,,1584499,30,,,1,16,,1584500,30,,,1,15,,1584501,30,,,1,55,,1584502,30,,,1,16,,1584503,30,,,1,15,,1584504,30,,,1,16,,1584505,30,,,1,56,,1584506,30,,,1,16,,1584507,30,,,1,14,,1584508,30,,,1,15,,1584509,30,,,1,55,,1584510,30,,,1,15,,1584511,30,,,1,15,,1584512,30,,,1,15,,1584513,30,,,1,55,,1584514,30,,,1,15,,1584515,30,,,1,15,,1584516,30,,,1,56,,1584517,30,,,1,16,,1584518,30,,,1,14,,1584519,30,,,1,14,,1584520,30,,,1,56,,1584521,30,,,1,16,,1584522,30,,,1,15,,1584523,30,,,1,15,,1584524,30,,,1,55,,1584525,30,,,1,15,,1584526,30,,,1,15,,1584527,30,,,1,15,,1584528,30,,,1,55,,1584529,30,,,1,15,,1584530,30,,,1,15,,1584531,30,,,1,14,,1584532,30,,,1,55,,1584533,30,,,1,15,,1584534,30,,,1,14,,1584535,30,,,1,15,,1584536,30,,,1,15,,1584537,30,,,1,54,,1584538,30,,,1,15,,1584539,30,,,1,15,,1584540,30,,,1,15,,1584541,30,,,1,55,,1584542,30,,,1,15,,1584543,30,,,1,15,,1584544,30,,,1,14,,1584545,30,,,1,55,,1584546,30,,,1,15,,1584547,30,,,1,15,,1584548,30,,,1,15,,1584549,30,,,1,55,,1584550,30,,,1,15,,1584551,30,,,1,15,,1584552,30,,,1,15,,1584553,30,,,1,55,,1584554,30,,,1,15,,1584555,30,,,1,15,,1584556,30,,,1,16,,1584557,30,,,1,55,,1584558,30,,,1,16,,1584559,30,,,1,16,,1584560,30,,,1,58,,1584561,30,,,1
80102,'20261004',633,,1584562,30,,,1,17,,1584563,30,,,1,55,,1584564,30,,,1,17,,1584565,30,,,1,15,,1584566,30,,,1,15,,1584567,30,,,1,55,,1584568,30,,,1,16,,1584569,30,,,1,15,,1584570,30,,,1,15,,1584571,30,,,1,56,,1584572,30,,,1,15,,1584573,30,,,1,16,,1584574,30,,,1,16,,1584575,30,,,1,55,,1584576,30,,,1,14,,1584577,30,,,1,16,,1584578,30,,,1,15,,1584579,30,,,1,55,,1584580,30,,,1,16,,1584581,30,,,1,15,,1584582,30,,,1,16,,1584583,30,,,1,56,,1584584,30,,,1,16,,1584585,30,,,1,14,,1584586,30,,,1,15,,1584587,30,,,1,55,,1584588,30,,,1,15,,1584589,30,,,1,15,,1584590,30,,,1,15,,1584591,30,,,1,55,,1584592,30,,,1,15,,1584593,30,,,1,15,,1584594,30,,,1,56,,1584595,30,,,1,16,,1584596,30,,,1,14,,1584597,30,,,1,14,,1584598,30,,,1,56,,1584599,30,,,1,16,,1584600,30,,,1,15,,1584601,30,,,1,15,,1584602,30,,,1,55,,1584603,30,,,1,15,,1584604,30,,,1,15,,1584605,30,,,1,15,,1584606,30,,,1,55,,1584607,30,,,1,15,,1584608,30,,,1,15,,1584609,30,,,1,14,,1584610,30,,,1,55,,1584611,30,,,1,15,,1584612,30,,,1,14,,1584613,30,,,1,15,,1584614,30,,,1,15,,1584615,30,,,1,54,,1584616,30,,,1,15,,1584617,30,,,1,15,,1584618,30,,,1,15,,1584619,30,,,1,55,,1584620,30,,,1,15,,1584621,30,,,1,15,,1584622,30,,,1,14,,1584623,30,,,1,55,,1584624,30,,,1,15,,1584625,30,,,1,15,,1584626,30,,,1,15,,1584627,30,,,1,55,,1584628,30,,,1,15,,1584629,30,,,1,15,,1584630,30,,,1,15,,1584631,30,,,1,55,,1584632,30,,,1,15,,1584633,30,,,1,15,,1584634,30,,,1,16,,1584635,30,,,1,55,,1584636,30,,,1,16,,1584637,30,,,1,16,,1584638,30,,,1,58,,1584639,30,,,1
80102,'20261005',621,,1584652,30,,,1,12,,1584653,30,,,1,10,,1584654,30,,,1,10,,1584655,30,,,1,51,,1584656,30,,,1,14,,1584657,30,,,1,11,,1584658,30,,,1,12,,1584659,30,,,1,10,,1584660,30,,,1,50,,1584661,30,,,1,9,,1584662,30,,,1,12,,1584663,30,,,1,8,,1584664,30,,,1,10,,1584665,30,,,1,9,,1584666,30,,,1,9,,1584667,30,,,1,48,,1584668,30,,,1,7,,1584669,30,,,1,9,,1584670,30,,,1,13,,1584671,30,,,1,13,,1584672,30,,,1,55,,1584673,30,,,1,15,,1584674,30,,,1,15,,1584675,30,,,1,15,,1584676,30,,,1,55,,1584677,30,,,1,15,,1584678,30,,,1,15,,1584679,30,,,1,15,,1584680,30,,,1,55,,1584681,30,,,1,15,,1584682,30,,,1,15,,1584683,30,,,1,13,,1584684,30,,,1,55,,1584685,30,,,1,15,,1584686,30,,,1,15,,1584687,30,,,1,14,,1584688,30,,,1,14,,1584689,30,,,1,52,,1584690,30,,,1,12,,1584691,30,,,1,14,,1584692,30,,,1,13,,1584693,30,,,1,52,,1584694,30,,,1,12,,1584695,30,,,1,10,,1584696,30,,,1,10,,1584697,30,,,1,12,,1584698,30,,,1,9,,1584699,30,,,1,49,,1584700,30,,,1,12,,1584701,30,,,1,9,,1584702,30,,,1,10,,1584703,30,,,1,9,,1584704,30,,,1,8,,1584705,30,,,1,49,,1584706,30,,,1,9,,1584707,30,,,1,8,,1584708,30,,,1,9,,1584709,30,,,1,9,,1584710,30,,,1,10,,1584711,30,,,1,9,,1584712,30,,,1,49,,1584713,30,,,1,10,,1584714,30,,,1,10,,1584715,30,,,1,15,,1584716,30,,,1,15,,1584717,30,,,1,52,,1584651,30,,,1,3,,1584718,23,,,1,15,,1584719,30,,,1,15,,1584720,30,,,1,15,,1584721,30,,,1,55,,1584722,30,,,1,15,,1584723,30,,,1,15,,1584724,30,,,1,15,,1584725,30,,,1,55,,1584726,30,,,1,15,,1584727,30,,,1,15,,1584728,30,,,1,15,,1584729,30,,,1,55,,1584730,30,,,1,14,,1584731,30,,,1,15,,1584732,30,,,1,15,,1584733,30,,,1,54,,1584734,30,,,1,15,,1584735,30,,,1,15,,1584736,30,,,1,15,,1584737,30,,,1,54,,1584738,30,,,1,15,,1584739,30,,,1,13,,1584740,30,,,1,14,,1584741,30,,,1,55,,1584742,30,,,1,14,,1584743,30,,,1,15,,1584744,30,,,1,15,,1584745,30,,,1,55,,1584746,30,,,1,15,,1584747,30,,,1
80102,'20261006',621,,1531560,30,,,1,12,,1531564,30,,,1,10,,1531472,30,,,1,10,,1531473,30,,,1,51,,1531474,30,,,1,14,,1531475,30,,,1,11,,1531476,30,,,1,12,,1531477,30,,,1,10,,1531478,30,,,1,50,,1531479,30,,,1,9,,1531480,30,,,1,12,,1531481,30,,,1,8,,1531562,30,,,1,10,,1531482,30,,,1,9,,1531483,30,,,1,9,,1531484,30,,,1,48,,1531485,30,,,1,7,,1531486,30,,,1,9,,1531487,30,,,1,13,,1531488,30,,,1,13,,1531489,30,,,1,55,,1531490,30,,,1,15,,1531491,30,,,1,15,,1531492,30,,,1,15,,1531493,30,,,1,55,,1531494,30,,,1,15,,1531495,30,,,1,15,,1531496,30,,,1,15,,1531497,30,,,1,55,,1531498,30,,,1,15,,1531499,30,,,1,15,,1531500,30,,,1,13,,1531501,30,,,1,55,,1531502,30,,,1,15,,1531504,30,,,1,15,,1531505,30,,,1,14,,1531507,30,,,1,14,,1531503,30,,,1,52,,1531508,30,,,1,12,,1531509,30,,,1,14,,1531506,30,,,1,13,,1531510,30,,,1,52,,1531511,30,,,1,12,,1531513,30,,,1,10,,1531567,30,,,1,10,,1531514,30,,,1,12,,1531515,30,,,1,9,,1531512,30,,,1,49,,1531516,30,,,1,12,,1531517,30,,,1,9,,1531519,30,,,1,10,,1531520,30,,,1,9,,1531521,30,,,1,8,,1531518,30,,,1,49,,1531522,30,,,1,9,,1531523,30,,,1,8,,1531524,30,,,1,9,,1531525,30,,,1,9,,1531526,30,,,1,10,,1531527,30,,,1,9,,1531528,30,,,1,49,,1531529,30,,,1,10,,1531565,30,,,1,10,,1531530,30,,,1,15,,1531531,30,,,1,15,,1531532,30,,,1,55,,1531533,30,,,1,15,,1531534,30,,,1,15,,1531536,30,,,1,15,,1531537,30,,,1,55,,1531538,30,,,1,15,,1531535,30,,,1,15,,1531539,30,,,1,15,,1531542,30,,,1,55,,1531543,30,,,1,15,,1531544,30,,,1,15,,1531541,30,,,1,15,,1531545,30,,,1,55,,1531540,30,,,1,14,,1531546,30,,,1,15,,1531547,30,,,1,15,,1531548,30,,,1,54,,1531549,30,,,1,15,,1531550,30,,,1,15,,1531551,30,,,1,15,,1531552,30,,,1,54,,1531553,30,,,1,15,,1531554,30,,,1,13,,1531555,30,,,1,14,,1531556,30,,,1,55,,1531557,30,,,1,14,,1531558,30,,,1,15,,1531559,30,,,1,15,,1531561,30,,,1,55,,1531563,30,,,1,15,,1531566,30,,,1
80102,'20261007',621,,1531656,30,,,1,12,,1531660,30,,,1,10,,1531568,30,,,1,10,,1531569,30,,,1,51,,1531570,30,,,1,14,,1531571,30,,,1,11,,1531572,30,,,1,12,,1531573,30,,,1,10,,1531574,30,,,1,50,,1531575,30,,,1,9,,1531576,30,,,1,12,,1531577,30,,,1,8,,1531658,30,,,1,10,,1531578,30,,,1,9,,1531579,30,,,1,9,,1531580,30,,,1,48,,1531581,30,,,1,7,,1531582,30,,,1,9,,1531583,30,,,1,13,,1531584,30,,,1,13,,1531585,30,,,1,55,,1531586,30,,,1,15,,1531587,30,,,1,15,,1531588,30,,,1,15,,1531589,30,,,1,55,,1531590,30,,,1,15,,1531591,30,,,1,15,,1531592,30,,,1,15,,1531593,30,,,1,55,,1531594,30,,,1,15,,1531595,30,,,1,15,,1531596,30,,,1,13,,1531597,30,,,1,55,,1531598,30,,,1,15,,1531600,30,,,1,15,,1531601,30,,,1,14,,1531603,30,,,1,14,,1531599,30,,,1,52,,1531604,30,,,1,12,,1531605,30,,,1,14,,1531602,30,,,1,13,,1531606,30,,,1,52,,1531607,30,,,1,12,,1531609,30,,,1,10,,1531663,30,,,1,10,,1531610,30,,,1,12,,1531611,30,,,1,9,,1531608,30,,,1,49,,1531612,30,,,1,12,,1531613,30,,,1,9,,1531615,30,,,1,10,,1531616,30,,,1,9,,1531617,30,,,1,8,,1531614,30,,,1,49,,1531618,30,,,1,9,,1531619,30,,,1,8,,1531620,30,,,1,9,,1531621,30,,,1,9,,1531622,30,,,1,10,,1531623,30,,,1,9,,1531624,30,,,1,49,,1531625,30,,,1,10,,1531661,30,,,1,10,,1531626,30,,,1,15,,1531627,30,,,1,15,,1531628,30,,,1,55,,1531629,30,,,1,15,,1531630,30,,,1,15,,1531632,30,,,1,15,,1531633,30,,,1,55,,1531634,30,,,1,15,,1531631,30,,,1,15,,1531635,30,,,1,15,,1531638,30,,,1,55,,1531639,30,,,1,15,,1531640,30,,,1,15,,1531637,30,,,1,15,,1531641,30,,,1,55,,1531636,30,,,1,14,,1531642,30,,,1,15,,1531643,30,,,1,15,,1531644,30,,,1,54,,1531645,30,,,1,15,,1531646,30,,,1,15,,1531647,30,,,1,15,,1531648,30,,,1,54,,1531649,30,,,1,15,,1531650,30,,,1,13,,1531651,30,,,1,14,,1531652,30,,,1,55,,1531653,30,,,1,14,,1531654,30,,,1,15,,1531655,30,,,1,15,,1531657,30,,,1,55,,1531659,30,,,1,15,,1531662,30,,,1
80102,'20261008',621,,1531752,30,,,1,12,,1531756,30,,,1,10,,1531664,30,,,1,10,,1531665,30,,,1,51,,1531666,30,,,1,14,,1531667,30,,,1,11,,1531668,30,,,1,12,,1531669,30,,,1,10,,1531670,30,,,1,50,,1531671,30,,,1,9,,1531672,30,,,1,12,,1531673,30,,,1,8,,1531754,30,,,1,10,,1531674,30,,,1,9,,1531675,30,,,1,9,,1531676,30,,,1,48,,1531677,30,,,1,7,,1531678,30,,,1,9,,1531679,30,,,1,13,,1531680,30,,,1,13,,1531681,30,,,1,55,,1531682,30,,,1,15,,1531683,30,,,1,15,,1531684,30,,,1,15,,1531685,30,,,1,55,,1531686,30,,,1,15,,1531687,30,,,1,15,,1531688,30,,,1,15,,1531689,30,,,1,55,,1531690,30,,,1,15,,1531691,30,,,1,15,,1531692,30,,,1,13,,1531693,30,,,1,55,,1531694,30,,,1,15,,1531696,30,,,1,15,,1531697,30,,,1,14,,1531699,30,,,1,14,,1531695,30,,,1,52,,1531700,30,,,1,12,,1531701,30,,,1,14,,1531698,30,,,1,13,,1531702,30,,,1,52,,1531703,30,,,1,12,,1531705,30,,,1,10,,1531759,30,,,1,10,,1531706,30,,,1,12,,1531707,30,,,1,9,,1531704,30,,,1,49,,1531708,30,,,1,12,,1531709,30,,,1,9,,1531711,30,,,1,10,,1531712,30,,,1,9,,1531713,30,,,1,8,,1531710,30,,,1,49,,1531714,30,,,1,9,,1531715,30,,,1,8,,1531716,30,,,1,9,,1531717,30,,,1,9,,1531718,30,,,1,10,,1531719,30,,,1,9,,1531720,30,,,1,49,,1531721,30,,,1,10,,1531757,30,,,1,10,,1531722,30,,,1,15,,1531723,30,,,1,15,,1531724,30,,,1,55,,1531725,30,,,1,15,,1531726,30,,,1,15,,1531728,30,,,1,15,,1531729,30,,,1,55,,1531730,30,,,1,15,,1531727,30,,,1,15,,1531731,30,,,1,15,,1531734,30,,,1,55,,1531735,30,,,1,15,,1531736,30,,,1,15,,1531733,30,,,1,15,,1531737,30,,,1,55,,1531732,30,,,1,14,,1531738,30,,,1,15,,1531739,30,,,1,15,,1531740,30,,,1,54,,1531741,30,,,1,15,,1531742,30,,,1,15,,1531743,30,,,1,15,,1531744,30,,,1,54,,1531745,30,,,1,15,,1531746,30,,,1,13,,1531747,30,,,1,14,,1531748,30,,,1,55,,1531749,30,,,1,14,,1531750,30,,,1,15,,1531751,30,,,1,15,,1531753,30,,,1,55,,1531755,30,,,1,15,,1531758,30,,,1
80102,'20261009',621,,1531848,30,,,1,12,,1531852,30,,,1,10,,1531760,30,,,1,10,,1531761,30,,,1,51,,1531762,30,,,1,14,,1531763,30,,,1,11,,1531764,30,,,1,12,,1531765,30,,,1,10,,1531766,30,,,1,50,,1531767,30,,,1,9,,1531768,30,,,1,12,,1531769,30,,,1,8,,1531850,30,,,1,10,,1531770,30,,,1,9,,1531771,30,,,1,9,,1531772,30,,,1,48,,1531773,30,,,1,7,,1531774,30,,,1,9,,1531775,30,,,1,13,,1531776,30,,,1,13,,1531777,30,,,1,55,,1531778,30,,,1,15,,1531779,30,,,1,15,,1531780,30,,,1,15,,1531781,30,,,1,55,,1531782,30,,,1,15,,1531783,30,,,1,15,,1531784,30,,,1,15,,1531785,30,,,1,55,,1531786,30,,,1,15,,1531787,30,,,1,15,,1531788,30,,,1,13,,1531789,30,,,1,55,,1531790,30,,,1,15,,1531792,30,,,1,15,,1531793,30,,,1,14,,1531795,30,,,1,14,,1531791,30,,,1,52,,1531796,30,,,1,12,,1531797,30,,,1,14,,1531794,30,,,1,13,,1531798,30,,,1,52,,1531799,30,,,1,12,,1531801,30,,,1,10,,1531855,30,,,1,10,,1531802,30,,,1,12,,1531803,30,,,1,9,,1531800,30,,,1,49,,1531804,30,,,1,12,,1531805,30,,,1,9,,1531807,30,,,1,10,,1531808,30,,,1,9,,1531809,30,,,1,8,,1531806,30,,,1,49,,1531810,30,,,1,9,,1531811,30,,,1,8,,1531812,30,,,1,9,,1531813,30,,,1,9,,1531814,30,,,1,10,,1531815,30,,,1,9,,1531816,30,,,1,49,,1531817,30,,,1,10,,1531853,30,,,1,10,,1531818,30,,,1,15,,1531819,30,,,1,15,,1531820,30,,,1,55,,1531821,30,,,1,15,,1531822,30,,,1,15,,1531824,30,,,1,15,,1531825,30,,,1,55,,1531826,30,,,1,15,,1531823,30,,,1,15,,1531827,30,,,1,15,,1531830,30,,,1,55,,1531831,30,,,1,15,,1531832,30,,,1,15,,1531829,30,,,1,15,,1531833,30,,,1,55,,1531828,30,,,1,14,,1531834,30,,,1,15,,1531835,30,,,1,15,,1531836,30,,,1,54,,1531837,30,,,1,15,,1531838,30,,,1,15,,1531839,30,,,1,15,,1531840,30,,,1,54,,1531841,30,,,1,15,,1531842,30,,,1,13,,1531843,30,,,1,14,,1531844,30,,,1,55,,1531845,30,,,1,14,,1531846,30,,,1,15,,1531847,30,,,1,15,,1531849,30,,,1,55,,1531851,30,,,1,15,,1531854,30,,,1
80102,'20261010',633,,1555626,30,,,1,17,,1555627,30,,,1,55,,1555628,30,,,1,17,,1555629,30,,,1,15,,1555630,30,,,1,15,,1555631,30,,,1,55,,1555632,30,,,1,16,,1555633,30,,,1,15,,1555634,30,,,1,15,,1555635,30,,,1,56,,1555636,30,,,1,15,,1555637,30,,,1,16,,1555638,30,,,1,16,,1555639,30,,,1,55,,1555640,30,,,1,14,,1555641,30,,,1,16,,1555642,30,,,1,15,,1555643,30,,,1,55,,1555644,30,,,1,16,,1555645,30,,,1,15,,1555646,30,,,1,16,,1555647,30,,,1,56,,1555648,30,,,1,16,,1555649,30,,,1,14,,1555650,30,,,1,15,,1555651,30,,,1,55,,1555652,30,,,1,15,,1555653,30,,,1,15,,1555654,30,,,1,15,,1555655,30,,,1,55,,1555656,30,,,1,15,,1555657,30,,,1,15,,1555658,30,,,1,56,,1555659,30,,,1,16,,1555660,30,,,1,14,,1555661,30,,,1,14,,1555698,30,,,1,56,,1555662,30,,,1,16,,1555663,30,,,1,15,,1555664,30,,,1,15,,1555699,30,,,1,55,,1555666,30,,,1,15,,1555667,30,,,1,15,,1555669,30,,,1,15,,1555700,30,,,1,55,,1555665,30,,,1,15,,1555670,30,,,1,15,,1555671,30,,,1,14,,1555668,30,,,1,55,,1555672,30,,,1,15,,1555673,30,,,1,14,,1555674,30,,,1,15,,1555675,30,,,1,15,,1555676,30,,,1,54,,1555677,30,,,1,15,,1555678,30,,,1,15,,1555679,30,,,1,15,,1555680,30,,,1,55,,1555681,30,,,1,15,,1555682,30,,,1,15,,1555683,30,,,1,14,,1555684,30,,,1,55,,1555685,30,,,1,15,,1555686,30,,,1,15,,1555687,30,,,1,15,,1555688,30,,,1,55,,1555689,30,,,1,15,,1555691,30,,,1,15,,1555692,30,,,1,15,,1555693,30,,,1,55,,1555690,30,,,1,15,,1555694,30,,,1,15,,1555695,30,,,1,16,,1555696,30,,,1,55,,1555697,30,,,1,16,,1555701,30,,,1,16,,1555702,30,,,1,58,,1555703,30,,,1
80102,'20261011',633,,1555739,30,,,1,17,,1555733,30,,,1,55,,1555737,30,,,1,17,,1555738,30,,,1,15,,1555752,30,,,1,15,,1555736,30,,,1,55,,1555776,30,,,1,16,,1555778,30,,,1,15,,1555779,30,,,1,15,,1555780,30,,,1,56,,1555777,30,,,1,15,,1555734,30,,,1,16,,1555735,30,,,1,16,,1555730,30,,,1,55,,1555731,30,,,1,14,,1555732,30,,,1,16,,1555722,30,,,1,15,,1555721,30,,,1,55,,1555720,30,,,1,16,,1555723,30,,,1,15,,1555724,30,,,1,16,,1555709,30,,,1,56,,1555708,30,,,1,16,,1555707,30,,,1,14,,1555705,30,,,1,15,,1555706,30,,,1,55,,1555718,30,,,1,15,,1555719,30,,,1,15,,1555715,30,,,1,15,,1555717,30,,,1,55,,1555716,30,,,1,15,,1555774,30,,,1,15,,1555771,30,,,1,56,,1555772,30,,,1,16,,1555773,30,,,1,14,,1555775,30,,,1,14,,1555725,30,,,1,56,,1555758,30,,,1,16,,1555751,30,,,1,15,,1555756,30,,,1,15,,1555726,30,,,1,55,,1555760,30,,,1,15,,1555759,30,,,1,15,,1555748,30,,,1,15,,1555727,30,,,1,55,,1555749,30,,,1,15,,1555755,30,,,1,15,,1555750,30,,,1,14,,1555757,30,,,1,55,,1555745,30,,,1,15,,1555753,30,,,1,14,,1555741,30,,,1,15,,1555754,30,,,1,15,,1555746,30,,,1,54,,1555743,30,,,1,15,,1555742,30,,,1,15,,1555744,30,,,1,15,,1555740,30,,,1,55,,1555747,30,,,1,15,,1555770,30,,,1,15,,1555763,30,,,1,14,,1555765,30,,,1,55,,1555769,30,,,1,15,,1555767,30,,,1,15,,1555761,30,,,1,15,,1555768,30,,,1,55,,1555762,30,,,1,15,,1555766,30,,,1,15,,1555711,30,,,1,15,,1555710,30,,,1,55,,1555764,30,,,1,15,,1555712,30,,,1,15,,1555713,30,,,1,16,,1555714,30,,,1,55,,1555704,30,,,1,16,,1555729,30,,,1,16,,1555728,30,,,1,58,,1555781,30,,,1
80102,'20261012',633,,1555817,30,,,1,17,,1555811,30,,,1,55,,1555815,30,,,1,17,,1555816,30,,,1,15,,1555830,30,,,1,15,,1555814,30,,,1,55,,1555854,30,,,1,16,,1555856,30,,,1,15,,1555857,30,,,1,15,,1555858,30,,,1,56,,1555855,30,,,1,15,,1555812,30,,,1,16,,1555813,30,,,1,16,,1555808,30,,,1,55,,1555809,30,,,1,14,,1555810,30,,,1,16,,1555800,30,,,1,15,,1555799,30,,,1,55,,1555798,30,,,1,16,,1555801,30,,,1,15,,1555802,30,,,1,16,,1555787,30,,,1,56,,1555786,30,,,1,16,,1555785,30,,,1,14,,1555783,30,,,1,15,,1555784,30,,,1,55,,1555796,30,,,1,15,,1555797,30,,,1,15,,1555793,30,,,1,15,,1555795,30,,,1,55,,1555794,30,,,1,15,,1555852,30,,,1,15,,1555849,30,,,1,56,,1555850,30,,,1,16,,1555851,30,,,1,14,,1555853,30,,,1,14,,1555803,30,,,1,56,,1555836,30,,,1,16,,1555829,30,,,1,15,,1555834,30,,,1,15,,1555804,30,,,1,55,,1555838,30,,,1,15,,1555837,30,,,1,15,,1555826,30,,,1,15,,1555805,30,,,1,55,,1555827,30,,,1,15,,1555833,30,,,1,15,,1555828,30,,,1,14,,1555835,30,,,1,55,,1555823,30,,,1,15,,1555831,30,,,1,14,,1555819,30,,,1,15,,1555832,30,,,1,15,,1555824,30,,,1,54,,1555821,30,,,1,15,,1555820,30,,,1,15,,1555822,30,,,1,15,,1555818,30,,,1,55,,1555825,30,,,1,15,,1555848,30,,,1,15,,1555841,30,,,1,14,,1555843,30,,,1,55,,1555847,30,,,1,15,,1555845,30,,,1,15,,1555839,30,,,1,15,,1555846,30,,,1,55,,1555840,30,,,1,15,,1555844,30,,,1,15,,1555789,30,,,1,15,,1555788,30,,,1,55,,1555842,30,,,1,15,,1555790,30,,,1,15,,1555791,30,,,1,16,,1555792,30,,,1,55,,1555782,30,,,1,16,,1555807,30,,,1,16,,1555806,30,,,1,58,,1555859,30,,,1
80102,'20261013',621,,1584836,30,,,1,12,,1584840,30,,,1,10,,1584748,30,,,1,10,,1584749,30,,,1,51,,1584750,30,,,1,14,,1584751,30,,,1,11,,1584752,30,,,1,12,,1584753,30,,,1,10,,1584754,30,,,1,50,,1584755,30,,,1,9,,1584756,30,,,1,12,,1584757,30,,,1,8,,1584838,30,,,1,10,,1584758,30,,,1,9,,1584759,30,,,1,9,,1584760,30,,,1,48,,1584761,30,,,1,7,,1584762,30,,,1,9,,1584763,30,,,1,13,,1584764,30,,,1,13,,1584765,30,,,1,55,,1584766,30,,,1,15,,1584767,30,,,1,15,,1584768,30,,,1,15,,1584769,30,,,1,55,,1584770,30,,,1,15,,1584771,30,,,1,15,,1584772,30,,,1,15,,1584773,30,,,1,55,,1584774,30,,,1,15,,1584775,30,,,1,15,,1584776,30,,,1,13,,1584777,30,,,1,55,,1584778,30,,,1,15,,1584780,30,,,1,15,,1584781,30,,,1,14,,1584783,30,,,1,14,,1584779,30,,,1,52,,1584784,30,,,1,12,,1584785,30,,,1,14,,1584782,30,,,1,13,,1584786,30,,,1,52,,1584787,30,,,1,12,,1584789,30,,,1,10,,1584843,30,,,1,10,,1584790,30,,,1,12,,1584791,30,,,1,9,,1584788,30,,,1,49,,1584792,30,,,1,12,,1584793,30,,,1,9,,1584795,30,,,1,10,,1584796,30,,,1,9,,1584797,30,,,1,8,,1584794,30,,,1,49,,1584798,30,,,1,9,,1584799,30,,,1,8,,1584800,30,,,1,9,,1584801,30,,,1,9,,1584802,30,,,1,10,,1584803,30,,,1,9,,1584804,30,,,1,49,,1584805,30,,,1,10,,1584841,30,,,1,10,,1584806,30,,,1,15,,1584807,30,,,1,15,,1584808,30,,,1,55,,1584809,30,,,1,15,,1584810,30,,,1,15,,1584812,30,,,1,15,,1584813,30,,,1,55,,1584814,30,,,1,15,,1584811,30,,,1,15,,1584815,30,,,1,15,,1584818,30,,,1,55,,1584819,30,,,1,15,,1584820,30,,,1,15,,1584817,30,,,1,15,,1584821,30,,,1,55,,1584816,30,,,1,14,,1584822,30,,,1,15,,1584823,30,,,1,15,,1584824,30,,,1,54,,1584825,30,,,1,15,,1584826,30,,,1,15,,1584827,30,,,1,15,,1584828,30,,,1,54,,1584829,30,,,1,15,,1584830,30,,,1,13,,1584831,30,,,1,14,,1584832,30,,,1,55,,1584833,30,,,1,14,,1584834,30,,,1,15,,1584835,30,,,1,15,,1584837,30,,,1,55,,1584839,30,,,1,15,,1584842,30,,,1
80102,'20261014',621,,1584932,30,,,1,12,,1584936,30,,,1,10,,1584844,30,,,1,10,,1584845,30,,,1,51,,1584846,30,,,1,14,,1584847,30,,,1,11,,1584848,30,,,1,12,,1584849,30,,,1,10,,1584850,30,,,1,50,,1584851,30,,,1,9,,1584852,30,,,1,12,,1584853,30,,,1,8,,1584934,30,,,1,10,,1584854,30,,,1,9,,1584855,30,,,1,9,,1584856,30,,,1,48,,1584857,30,,,1,7,,1584858,30,,,1,9,,1584859,30,,,1,13,,1584860,30,,,1,13,,1584861,30,,,1,55,,1584862,30,,,1,15,,1584863,30,,,1,15,,1584864,30,,,1,15,,1584865,30,,,1,55,,1584866,30,,,1,15,,1584867,30,,,1,15,,1584868,30,,,1,15,,1584869,30,,,1,55,,1584870,30,,,1,15,,1584871,30,,,1,15,,1584872,30,,,1,13,,1584873,30,,,1,55,,1584874,30,,,1,15,,1584876,30,,,1,15,,1584877,30,,,1,14,,1584879,30,,,1,14,,1584875,30,,,1,52,,1584880,30,,,1,12,,1584881,30,,,1,14,,1584878,30,,,1,13,,1584882,30,,,1,52,,1584883,30,,,1,12,,1584885,30,,,1,10,,1584939,30,,,1,10,,1584886,30,,,1,12,,1584887,30,,,1,9,,1584884,30,,,1,49,,1584888,30,,,1,12,,1584889,30,,,1,9,,1584891,30,,,1,10,,1584892,30,,,1,9,,1584893,30,,,1,8,,1584890,30,,,1,49,,1584894,30,,,1,9,,1584895,30,,,1,8,,1584896,30,,,1,9,,1584897,30,,,1,9,,1584898,30,,,1,10,,1584899,30,,,1,9,,1584900,30,,,1,49,,1584901,30,,,1,10,,1584937,30,,,1,10,,1584902,30,,,1,15,,1584903,30,,,1,15,,1584904,30,,,1,55,,1584905,30,,,1,15,,1584906,30,,,1,15,,1584908,30,,,1,15,,1584909,30,,,1,55,,1584910,30,,,1,15,,1584907,30,,,1,15,,1584911,30,,,1,15,,1584914,30,,,1,55,,1584915,30,,,1,15,,1584916,30,,,1,15,,1584913,30,,,1,15,,1584917,30,,,1,55,,1584912,30,,,1,14,,1584918,30,,,1,15,,1584919,30,,,1,15,,1584920,30,,,1,54,,1584921,30,,,1,15,,1584922,30,,,1,15,,1584923,30,,,1,15,,1584924,30,,,1,54,,1584925,30,,,1,15,,1584926,30,,,1,13,,1584927,30,,,1,14,,1584928,30,,,1,55,,1584929,30,,,1,14,,1584930,30,,,1,15,,1584931,30,,,1,15,,1584933,30,,,1,55,,1584935,30,,,1,15,,1584938,30,,,1
80102,'20261015',621,,1585028,30,,,1,12,,1585032,30,,,1,10,,1584940,30,,,1,10,,1584941,30,,,1,51,,1584942,30,,,1,14,,1584943,30,,,1,11,,1584944,30,,,1,12,,1584945,30,,,1,10,,1584946,30,,,1,50,,1584947,30,,,1,9,,1584948,30,,,1,12,,1584949,30,,,1,8,,1585030,30,,,1,10,,1584950,30,,,1,9,,1584951,30,,,1,9,,1584952,30,,,1,48,,1584953,30,,,1,7,,1584954,30,,,1,9,,1584955,30,,,1,13,,1584956,30,,,1,13,,1584957,30,,,1,55,,1584958,30,,,1,15,,1584959,30,,,1,15,,1584960,30,,,1,15,,1584961,30,,,1,55,,1584962,30,,,1,15,,1584963,30,,,1,15,,1584964,30,,,1,15,,1584965,30,,,1,55,,1584966,30,,,1,15,,1584967,30,,,1,15,,1584968,30,,,1,13,,1584969,30,,,1,55,,1584970,30,,,1,15,,1584972,30,,,1,15,,1584973,30,,,1,14,,1584975,30,,,1,14,,1584971,30,,,1,52,,1584976,30,,,1,12,,1584977,30,,,1,14,,1584974,30,,,1,13,,1584978,30,,,1,52,,1584979,30,,,1,12,,1584981,30,,,1,10,,1585035,30,,,1,10,,1584982,30,,,1,12,,1584983,30,,,1,9,,1584980,30,,,1,49,,1584984,30,,,1,12,,1584985,30,,,1,9,,1584987,30,,,1,10,,1584988,30,,,1,9,,1584989,30,,,1,8,,1584986,30,,,1,49,,1584990,30,,,1,9,,1584991,30,,,1,8,,1584992,30,,,1,9,,1584993,30,,,1,9,,1584994,30,,,1,10,,1584995,30,,,1,9,,1584996,30,,,1,49,,1584997,30,,,1,10,,1585033,30,,,1,10,,1584998,30,,,1,15,,1584999,30,,,1,15,,1585000,30,,,1,55,,1585001,30,,,1,15,,1585002,30,,,1,15,,1585004,30,,,1,15,,1585005,30,,,1,55,,1585006,30,,,1,15,,1585003,30,,,1,15,,1585007,30,,,1,15,,1585010,30,,,1,55,,1585011,30,,,1,15,,1585012,30,,,1,15,,1585009,30,,,1,15,,1585013,30,,,1,55,,1585008,30,,,1,14,,1585014,30,,,1,15,,1585015,30,,,1,15,,1585016,30,,,1,54,,1585017,30,,,1,15,,1585018,30,,,1,15,,1585019,30,,,1,15,,1585020,30,,,1,54,,1585021,30,,,1,15,,1585022,30,,,1,13,,1585023,30,,,1,14,,1585024,30,,,1,55,,1585025,30,,,1,14,,1585026,30,,,1,15,,1585027,30,,,1,15,,1585029,30,,,1,55,,1585031,30,,,1,15,,1585034,30,,,1
80102,'20261016',621,,1585124,30,,,1,12,,1585128,30,,,1,10,,1585036,30,,,1,10,,1585037,30,,,1,51,,1585038,30,,,1,14,,1585039,30,,,1,11,,1585040,30,,,1,12,,1585041,30,,,1,10,,1585042,30,,,1,50,,1585043,30,,,1,9,,1585044,30,,,1,12,,1585045,30,,,1,8,,1585126,30,,,1,10,,1585046,30,,,1,9,,1585047,30,,,1,9,,1585048,30,,,1,48,,1585049,30,,,1,7,,1585050,30,,,1,9,,1585051,30,,,1,13,,1585052,30,,,1,13,,1585053,30,,,1,55,,1585054,30,,,1,15,,1585055,30,,,1,15,,1585056,30,,,1,15,,1585057,30,,,1,55,,1585058,30,,,1,15,,1585059,30,,,1,15,,1585060,30,,,1,15,,1585061,30,,,1,55,,1585062,30,,,1,15,,1585063,30,,,1,15,,1585064,30,,,1,13,,1585065,30,,,1,55,,1585066,30,,,1,15,,1585068,30,,,1,15,,1585069,30,,,1,14,,1585071,30,,,1,14,,1585067,30,,,1,52,,1585072,30,,,1,12,,1585073,30,,,1,14,,1585070,30,,,1,13,,1585074,30,,,1,52,,1585075,30,,,1,12,,1585077,30,,,1,10,,1585131,30,,,1,10,,1585078,30,,,1,12,,1585079,30,,,1,9,,1585076,30,,,1,49,,1585080,30,,,1,12,,1585081,30,,,1,9,,1585083,30,,,1,10,,1585084,30,,,1,9,,1585085,30,,,1,8,,1585082,30,,,1,49,,1585086,30,,,1,9,,1585087,30,,,1,8,,1585088,30,,,1,9,,1585089,30,,,1,9,,1585090,30,,,1,10,,1585091,30,,,1,9,,1585092,30,,,1,49,,1585093,30,,,1,10,,1585129,30,,,1,10,,1585094,30,,,1,15,,1585095,30,,,1,15,,1585096,30,,,1,55,,1585097,30,,,1,15,,1585098,30,,,1,15,,1585100,30,,,1,15,,1585101,30,,,1,55,,1585102,30,,,1,15,,1585099,30,,,1,15,,1585103,30,,,1,15,,1585106,30,,,1,55,,1585107,30,,,1,15,,1585108,30,,,1,15,,1585105,30,,,1,15,,1585109,30,,,1,55,,1585104,30,,,1,14,,1585110,30,,,1,15,,1585111,30,,,1,15,,1585112,30,,,1,54,,1585113,30,,,1,15,,1585114,30,,,1,15,,1585115,30,,,1,15,,1585116,30,,,1,54,,1585117,30,,,1,15,,1585118,30,,,1,13,,1585119,30,,,1,14,,1585120,30,,,1,55,,1585121,30,,,1,14,,1585122,30,,,1,15,,1585123,30,,,1,15,,1585125,30,,,1,55,,1585127,30,,,1,15,,1585130,30,,,1
93100,'20261002',2601,,1593502,28,,,0,125,,1593503,49,,,0
93100,'20261003',2601,,1593504,28,,,0,125,,1593505,49,,,0
93100,'20261009',2601,,1540219,28,,,0,125,,1540220,49,,,0
93100,'20261010',2601,,1561858,28,,,0,125,,1561859,49,,,0
93100,'20261016',2601,,1593506,28,,,0,125,,1593507,49,,,0
