3601,'20261006',605,,1600606,3,,,0,28,,1600607,3,,,0,67,,1600608,3,,,0,28,,1600609,3,,,0,30,,1600610,3,,,0,144,,1600611,3,,,0,101,,1600612,3,,,0,100,,1600613,3,,,0,99,,1600614,3,,,0,100,,1600615,3,,,0,100,,1600616,3,,,0,99,,1600617,3,,,0,56,,1600618,3,,,0,102,,1600619,3,,,0,143,,1600620,3,,,0,101,,1600621,3,,,0,102,,1600622,3,,,0,100,,1600623,3,,,0,100,,1600624,3,,,0,100,,1600625,3,,,0
3601,'20261007',605,,1600626,3,,,0,28,,1600627,3,,,0,67,,1600628,3,,,0,28,,1600629,3,,,0,30,,1600630,3,,,0,144,,1600631,3,,,0,101,,1600632,3,,,0,100,,1600633,3,,,0,99,,1600634,3,,,0,100,,1600635,3,,,0,100,,1600636,3,,,0,99,,1600637,3,,,0,56,,1600638,3,,,0,102,,1600639,3,,,0,143,,1600640,3,,,0,101,,1600641,3,,,0,102,,1600642,3,,,0,100,,1600643,3,,,0,100,,1600644,3,,,0,100,,1600645,3,,,0
3601,'20261008',605,,1600646,3,,,0,28,,1600647,3,,,0,67,,1600648,3,,,0,28,,1600649,3,,,0,30,,1600650,3,,,0,144,,1600651,3,,,0,101,,1600652,3,,,0,100,,1600653,3,,,0,99,,1600654,3,,,0,100,,1600655,3,,,0,100,,1600656,3,,,0,99,,1600657,3,,,0,56,,1600658,3,,,0,102,,1600659,3,,,0,143,,1600660,3,,,0,101,,1600661,3,,,0,102,,1600662,3,,,0,100,,1600663,3,,,0,100,,1600664,3,,,0,100,,1600665,3,,,0
3601,'20261009',605,,1600666,3,,,0,28,,1600667,3,,,0,67,,1600668,3,,,0,28,,1600669,3,,,0,30,,1600670,3,,,0,144,,1600671,3,,,0,101,,1600672,3,,,0,100,,1600673,3,,,0,99,,1600674,3,,,0,100,,1600675,3,,,0,100,,1600676,3,,,0,99,,1600677,3,,,0,56,,1600678,3,,,0,102,,1600679,3,,,0,143,,1600680,3,,,0,101,,1600681,3,,,0,102,,1600682,3,,,0,100,,1600683,3,,,0,100,,1600684,3,,,0,100,,1600685,3,,,0
3601,'20261010',608,,1545128,3,,,0,98,,1545111,3,,,0,100,,1545112,3,,,0,100,,1545113,3,,,0,99,,1545114,3,,,0,99,,1545115,3,,,0,100,,1545116,3,,,0,100,,1545117,3,,,0,100,,1545118,3,,,0,101,,1545119,3,,,0,100,,1545120,3,,,0,101,,1545121,3,,,0,100,,1545122,3,,,0,101,,1545123,3,,,0,100,,1545127,3,,,0,100,,1545124,3,,,0,102,,1545126,3,,,0,100,,1545125,3,,,0
3601,'20261011',608,,1545146,3,,,0,98,,1545139,3,,,0,100,,1545144,3,,,0,100,,1545138,3,,,0,99,,1545137,3,,,0,99,,1545136,3,,,0,100,,1545135,3,,,0,100,,1545134,3,,,0,100,,1545133,3,,,0,101,,1545132,3,,,0,100,,1545131,3,,,0,101,,1545130,3,,,0,100,,1545129,3,,,0,101,,1545143,3,,,0,100,,1545145,3,,,0,100,,1545142,3,,,0,102,,1545141,3,,,0,100,,1545140,3,,,0
3601,'20261012',608,,1545164,3,,,0,98,,1545157,3,,,0,100,,1545162,3,,,0,100,,1545156,3,,,0,99,,1545155,3,,,0,99,,1545154,3,,,0,100,,1545153,3,,,0,100,,1545152,3,,,0,100,,1545151,3,,,0,101,,1545150,3,,,0,100,,1545149,3,,,0,101,,1545148,3,,,0,100,,1545147,3,,,0,101,,1545161,3,,,0,100,,1545163,3,,,0,100,,1545160,3,,,0,102,,1545159,3,,,0,100,,1545158,3,,,0
3601,'20261013',605,,1568967,3,,,0,28,,1568968,3,,,0,67,,1568969,3,,,0,28,,1568970,3,,,0,30,,1568971,3,,,0,144,,1568972,3,,,0,101,,1568973,3,,,0,100,,1568974,3,,,0,99,,1568975,3,,,0,100,,1568976,3,,,0,100,,1568977,3,,,0,99,,1568978,3,,,0,56,,1568979,3,,,0,102,,1568980,3,,,0,143,,1568981,3,,,0,101,,1568982,3,,,0,102,,1568983,3,,,0,100,,1568984,3,,,0,100,,1568986,3,,,0,100,,1568985,3,,,0
3601,'20261014',605,,1568987,3,,,0,28,,1568988,3,,,0,67,,1568989,3,,,0,28,,1568990,3,,,0,30,,1568991,3,,,0,144,,1568992,3,,,0,101,,1568993,3,,,0,100,,1568994,3,,,0,99,,1568995,3,,,0,100,,1568996,3,,,0,100,,1568997,3,,,0,99,,1568998,3,,,0,56,,1568999,3,,,0,102,,1569000,3,,,0,143,,1569001,3,,,0,101,,1569002,3,,,0,102,,1569003,3,,,0,100,,1569004,3,,,0,100,,1569006,3,,,0,100,,1569005,3,,,0
3601,'20261015',605,,1569007,3,,,0,28,,1569008,3,,,0,67,,1569009,3,,,0,28,,1569010,3,,,0,30,,1569011,3,,,0,144,,1569012,3,,,0,101,,1569013,3,,,0,100,,1569014,3,,,0,99,,1569015,3,,,0,100,,1569016,3,,,0,100,,1569017,3,,,0,99,,1569018,3,,,0,56,,1569019,3,,,0,102,,1569020,3,,,0,143,,1569021,3,,,0,101,,1569022,3,,,0,102,,1569023,3,,,0,100,,1569024,3,,,0,100,,1569026,3,,,0,100,,1569025,3,,,0
3601,'20261016',605,,1569027,3,,,0,28,,1569028,3,,,0,67,,1569029,3,,,0,28,,1569030,3,,,0,30,,1569031,3,,,0,144,,1569032,3,,,0,101,,1569033,3,,,0,100,,1569034,3,,,0,99,,1569035,3,,,0,100,,1569036,3,,,0,100,,1569037,3,,,0,99,,1569038,3,,,0,56,,1569039,3,,,0,102,,1569040,3,,,0,143,,1569041,3,,,0,101,,1569042,3,,,0,102,,1569043,3,,,0,100,,1569044,3,,,0,100,,1569046,3,,,0,100,,1569045,3,,,0
3601,'20261017',608,,1600703,3,,,0,98,,1600686,3,,,0,100,,1600687,3,,,0,100,,1600688,3,,,0,99,,1600689,3,,,0,99,,1600690,3,,,0,100,,1600691,3,,,0,100,,1600692,3,,,0,100,,1600693,3,,,0,101,,1600694,3,,,0,100,,1600695,3,,,0,101,,1600696,3,,,0,100,,1600697,3,,,0,101,,1600698,3,,,0,100,,1600702,3,,,0,100,,1600699,3,,,0,102,,1600701,3,,,0,100,,1600700,3,,,0
3601,'20261018',608,,1600721,3,,,0,98,,1600714,3,,,0,100,,1600719,3,,,0,100,,1600713,3,,,0,99,,1600712,3,,,0,99,,1600711,3,,,0,100,,1600710,3,,,0,100,,1600709,3,,,0,100,,1600708,3,,,0,101,,1600707,3,,,0,100,,1600706,3,,,0,101,,1600705,3,,,0,100,,1600704,3,,,0,101,,1600718,3,,,0,100,,1600720,3,,,0,100,,1600717,3,,,0,102,,1600716,3,,,0,100,,1600715,3,,,0
3601,'20261019',605,,1600722,3,,,0,28,,1600723,3,,,0,67,,1600724,3,,,0,28,,1600725,3,,,0,30,,1600726,3,,,0,144,,1600727,3,,,0,101,,1600728,3,,,0,100,,1600729,3,,,0,99,,1600730,3,,,0,100,,1600731,3,,,0,100,,1600732,3,,,0,99,,1600733,3,,,0,56,,1600734,3,,,0,102,,1600735,3,,,0,143,,1600736,3,,,0,101,,1600737,3,,,0,102,,1600738,3,,,0,100,,1600739,3,,,0,100,,1600741,3,,,0,100,,1600740,3,,,0
3601,'20261020',605,,1600742,3,,,0,28,,1600743,3,,,0,67,,1600744,3,,,0,28,,1600745,3,,,0,30,,1600746,3,,,0,144,,1600747,3,,,0,101,,1600748,3,,,0,100,,1600749,3,,,0,99,,1600750,3,,,0,100,,1600751,3,,,0,100,,1600752,3,,,0,99,,1600753,3,,,0,56,,1600754,3,,,0,102,,1600755,3,,,0,143,,1600756,3,,,0,101,,1600757,3,,,0,102,,1600758,3,,,0,100,,1600759,3,,,0,100,,1600761,3,,,0,100,,1600760,3,,,0
23601,'20261006',623,,1611588,3,,,0,12,,1611589,3,,,0,24,,1611590,3,,,0,62,,1611591,3,,,0,84,,1611592,3,,,0
23601,'20261007',623,,1611593,3,,,0,12,,1611594,3,,,0,24,,1611595,3,,,0,62,,1611596,3,,,0,84,,1611597,3,,,0
23601,'20261008',623,,1611598,3,,,0,12,,1611599,3,,,0,24,,1611600,3,,,0,62,,1611601,3,,,0,84,,1611602,3,,,0
23601,'20261009',623,,1611603,3,,,0,12,,1611604,3,,,0,24,,1611605,3,,,0,62,,1611606,3,,,0,84,,1611607,3,,,0
23601,'20261013',623,,1579857,3,,,0,12,,1579858,3,,,0,24,,1579861,3,,,0,62,,1579859,3,,,0,84,,1579860,3,,,0
23601,'20261014',623,,1579862,3,,,0,12,,1579863,3,,,0,24,,1579866,3,,,0,62,,1579864,3,,,0,84,,1579865,3,,,0
23601,'20261015',623,,1579867,3,,,0,12,,1579868,3,,,0,24,,1579871,3,,,0,62,,1579869,3,,,0,84,,1579870,3,,,0
23601,'20261016',623,,1579872,3,,,0,12,,1579873,3,,,0,24,,1579876,3,,,0,62,,1579874,3,,,0,84,,1579875,3,,,0
23601,'20261019',623,,1611608,3,,,0,12,,1611609,3,,,0,24,,1611612,3,,,0,62,,1611610,3,,,0,84,,1611611,3,,,0
23601,'20261020',623,,1611613,3,,,0,12,,1611614,3,,,0,24,,1611617,3,,,0,62,,1611615,3,,,0,84,,1611616,3,,,0
23801,'20261006',636,,1611726,3,,,0,13,,1611727,3,,,0,53,,1611728,3,,,0,22,,1611729,3,,,0
23801,'20261007',636,,1611730,3,,,0,13,,1611731,3,,,0,53,,1611732,3,,,0,22,,1611733,3,,,0
23801,'20261008',636,,1611734,3,,,0,13,,1611735,3,,,0,53,,1611736,3,,,0,22,,1611737,3,,,0
23801,'20261009',636,,1611738,3,,,0,13,,1611739,3,,,0,53,,1611740,3,,,0,22,,1611741,3,,,0
23801,'20261013',636,,1579993,3,,,0,13,,1579994,3,,,0,53,,1579995,3,,,0,22,,1579996,3,,,0
23801,'20261014',636,,1579997,3,,,0,13,,1579998,3,,,0,53,,1579999,3,,,0,22,,1580000,3,,,0
23801,'20261015',636,,1580001,3,,,0,13,,1580002,3,,,0,53,,1580003,3,,,0,22,,1580004,3,,,0
23801,'20261016',636,,1580005,3,,,0,13,,1580006,3,,,0,53,,1580007,3,,,0,22,,1580008,3,,,0
23801,'20261019',636,,1611742,3,,,0,13,,1611743,3,,,0,53,,1611744,3,,,0,22,,1611745,3,,,0
23801,'20261020',636,,1611746,3,,,0,13,,1611747,3,,,0,53,,1611748,3,,,0,22,,1611749,3,,,0
33601,'20261006',641,,1613174,3,,,0,59,,1613175,3,,,0
33601,'20261007',641,,1613176,3,,,0,59,,1613177,3,,,0
33601,'20261008',641,,1613178,3,,,0,59,,1613179,3,,,0
33601,'20261009',641,,1613180,3,,,0,59,,1613181,3,,,0
33601,'20261013',641,,1581425,3,,,0,59,,1581426,3,,,0
33601,'20261014',641,,1581427,3,,,0,59,,1581428,3,,,0
33601,'20261015',641,,1581429,3,,,0,59,,1581430,3,,,0
33601,'20261016',641,,1581431,3,,,0,59,,1581432,3,,,0
33601,'20261019',641,,1613182,3,,,0,59,,1613183,3,,,0
33601,'20261020',641,,1613184,3,,,0,59,,1613185,3,,,0
33801,'20261006',631,,1613282,3,,,0,14,,1613283,3,,,0,71,,1613284,3,,,0,389,,1613285,3,,,0
33801,'20261007',631,,1613286,3,,,0,14,,1613287,3,,,0,71,,1613288,3,,,0,389,,1613289,3,,,0
33801,'20261008',631,,1613290,3,,,0,14,,1613291,3,,,0,71,,1613292,3,,,0,389,,1613293,3,,,0
33801,'20261009',631,,1613294,3,,,0,14,,1613295,3,,,0,71,,1613296,3,,,0,389,,1613297,3,,,0
33801,'20261013',631,,1581537,3,,,0,14,,1581538,3,,,0,71,,1581539,3,,,0,389,,1581540,3,,,0
33801,'20261014',631,,1581541,3,,,0,14,,1581542,3,,,0,71,,1581543,3,,,0,389,,1581544,3,,,0
33801,'20261015',631,,1581545,3,,,0,14,,1581546,3,,,0,71,,1581547,3,,,0,389,,1581548,3,,,0
33801,'20261016',631,,1581549,3,,,0,14,,1581550,3,,,0,71,,1581551,3,,,0,389,,1581552,3,,,0
33801,'20261019',631,,1613298,3,,,0,14,,1613299,3,,,0,71,,1613300,3,,,0,389,,1613301,3,,,0
33801,'20261020',631,,1613302,3,,,0,14,,1613303,3,,,0,71,,1613304,3,,,0,389,,1613305,3,,,0
53601,'20261006',637,,1614016,3,,,0,65,,1614017,3,,,0
53601,'20261007',637,,1614018,3,,,0,65,,1614019,3,,,0
53601,'20261008',637,,1614020,3,,,0,65,,1614021,3,,,0
53601,'20261009',637,,1614022,3,,,0,65,,1614023,3,,,0
53601,'20261013',637,,1582262,3,,,0,65,,1582263,3,,,0
53601,'20261014',637,,1582264,3,,,0,65,,1582265,3,,,0
53601,'20261015',637,,1582266,3,,,0,65,,1582267,3,,,0
53601,'20261016',637,,1582268,3,,,0,65,,1582269,3,,,0
53601,'20261019',637,,1614024,3,,,0,65,,1614025,3,,,0
53601,'20261020',637,,1614026,3,,,0,65,,1614027,3,,,0
53801,'20261006',620,,1614082,3,,,0,33,,1614083,3,,,0,69,,1614084,3,,,0
53801,'20261007',620,,1614085,3,,,0,33,,1614086,3,,,0,69,,1614087,3,,,0
53801,'20261008',620,,1614088,3,,,0,33,,1614089,3,,,0,69,,1614090,3,,,0
53801,'20261009',620,,1614091,3,,,0,33,,1614092,3,,,0,69,,1614093,3,,,0
53801,'20261013',620,,1582330,3,,,0,33,,1582331,3,,,0,69,,1582332,3,,,0
53801,'20261014',620,,1582333,3,,,0,33,,1582334,3,,,0,69,,1582335,3,,,0
53801,'20261015',620,,1582336,3,,,0,33,,1582337,3,,,0,69,,1582338,3,,,0
53801,'20261016',620,,1582339,3,,,0,33,,1582340,3,,,0,69,,1582341,3,,,0
53801,'20261019',620,,1614094,3,,,0,33,,1614095,3,,,0,69,,1614096,3,,,0
53801,'20261020',620,,1614097,3,,,0,33,,1614098,3,,,0,69,,1614099,3,,,0
