400,'20260929',712,,1541322,23,,,0,18,,1541323,23,,,0,15,,1541324,23,,,0,13,,1541325,23,,,0,56,,1541326,23,,,0,9,,1541327,23,,,0,21,,1541328,23,,,0,58,,1541329,23,,,0,26,,1541330,23,,,0,73,,1541331,23,,,0,30,,1541332,23,,,0,71,,1541333,23,,,0,30,,1541334,23,,,0,14,,1541335,23,,,0,54,,1541336,23,,,0,15,,1541337,23,,,0,16,,1541338,23,,,0,15,,1541339,23,,,0,56,,1541340,23,,,0,28,,1541341,23,,,0,71,,1541342,23,,,0,30,,1541343,23,,,0,70,,1541344,23,,,0,14,,1541345,23,,,0,16,,1541346,23,,,0,16,,1541347,23,,,0,6,,1541348,23,,,0,48,,1541349,23,,,0,6,,1541350,23,,,0,7,,1541351,23,,,0,14,,1541352,23,,,0,17,,1541353,23,,,0,64,,1541354,23,,,0,19,,1541355,23,,,0,23,,1541356,23,,,0,65,,1541357,23,,,0,33,,1541358,23,,,0,98,,1541359,23,,,0,100,,1541360,23,,,0,101,,1541361,23,,,0,98,,1541362,23,,,0,99,,1541363,23,,,0
400,'20260930',712,,1541364,23,,,0,18,,1541365,23,,,0,15,,1541366,23,,,0,13,,1541367,23,,,0,56,,1541368,23,,,0,9,,1541369,23,,,0,21,,1541370,23,,,0,58,,1541371,23,,,0,26,,1541372,23,,,0,73,,1541373,23,,,0,30,,1541374,23,,,0,71,,1541375,23,,,0,30,,1541376,23,,,0,14,,1541377,23,,,0,54,,1541378,23,,,0,15,,1541379,23,,,0,16,,1541380,23,,,0,15,,1541381,23,,,0,56,,1541382,23,,,0,28,,1541383,23,,,0,71,,1541384,23,,,0,30,,1541385,23,,,0,70,,1541386,23,,,0,14,,1541387,23,,,0,16,,1541388,23,,,0,16,,1541389,23,,,0,6,,1541390,23,,,0,48,,1541391,23,,,0,6,,1541392,23,,,0,7,,1541393,23,,,0,14,,1541394,23,,,0,17,,1541395,23,,,0,64,,1541396,23,,,0,19,,1541397,23,,,0,23,,1541398,23,,,0,65,,1541399,23,,,0,33,,1541400,23,,,0,98,,1541401,23,,,0,100,,1541402,23,,,0,101,,1541403,23,,,0,98,,1541404,23,,,0,99,,1541405,23,,,0
400,'20261001',712,,1541406,23,,,0,18,,1541407,23,,,0,15,,1541408,23,,,0,13,,1541409,23,,,0,56,,1541410,23,,,0,9,,1541411,23,,,0,21,,1541412,23,,,0,58,,1541413,23,,,0,26,,1541414,23,,,0,73,,1541415,23,,,0,30,,1541416,23,,,0,71,,1541417,23,,,0,30,,1541418,23,,,0,14,,1541419,23,,,0,54,,1541420,23,,,0,15,,1541421,23,,,0,16,,1541422,23,,,0,15,,1541423,23,,,0,56,,1541424,23,,,0,28,,1541425,23,,,0,71,,1541426,23,,,0,30,,1541427,23,,,0,70,,1541428,23,,,0,14,,1541429,23,,,0,16,,1541430,23,,,0,16,,1541431,23,,,0,6,,1541432,23,,,0,48,,1541433,23,,,0,6,,1541434,23,,,0,7,,1541435,23,,,0,14,,1541436,23,,,0,17,,1541437,23,,,0,64,,1541438,23,,,0,19,,1541439,23,,,0,23,,1541440,23,,,0,65,,1541441,23,,,0,33,,1541442,23,,,0,98,,1541443,23,,,0,100,,1541444,23,,,0,101,,1541445,23,,,0,98,,1541446,23,,,0,99,,1541447,23,,,0
400,'20261002',712,,1463772,23,,,0,18,,1463776,23,,,0,15,,1463757,23,,,0,13,,1463777,23,,,0,56,,1463758,23,,,0,9,,1463778,23,,,0,21,,1463779,23,,,0,58,,1463762,23,,,0,26,,1463771,23,,,0,73,,1463759,23,,,0,30,,1463773,23,,,0,71,,1463763,23,,,0,30,,1463760,23,,,0,14,,1463780,23,,,0,54,,1463761,23,,,0,15,,1463781,23,,,0,16,,1463770,23,,,0,15,,1463782,23,,,0,56,,1463749,23,,,0,28,,1463751,23,,,0,71,,1463755,23,,,0,30,,1463752,23,,,0,70,,1463750,23,,,0,14,,1463783,23,,,0,16,,1463775,23,,,0,16,,1463784,23,,,0,6,,1463789,23,,,0,48,,1463766,23,,,0,6,,1463790,23,,,0,7,,1463785,23,,,0,14,,1463786,23,,,0,17,,1463754,23,,,0,64,,1463787,23,,,0,19,,1463764,23,,,0,23,,1463765,23,,,0,65,,1463788,23,,,0,33,,1463774,23,,,0,98,,1463767,23,,,0,100,,1463753,23,,,0,101,,1463756,23,,,0,98,,1463768,23,,,0,99,,1463769,23,,,0
400,'20261003',727,,1486771,23,,,0,99,,1486772,23,,,0,99,,1486773,23,,,0,101,,1486774,23,,,0,101,,1486775,23,,,0,99,,1486776,23,,,0,101,,1486777,23,,,0,100,,1486778,23,,,0,101,,1486779,23,,,0,96,,1486780,23,,,0,110,,1486781,23,,,0,94,,1486782,23,,,0,98,,1486783,23,,,0,97,,1486784,23,,,0,100,,1486785,23,,,0,97,,1486786,23,,,0,99,,1486787,23,,,0
400,'20261004',727,,1486788,23,,,0,99,,1486789,23,,,0,99,,1486790,23,,,0,101,,1486791,23,,,0,101,,1486792,23,,,0,99,,1486793,23,,,0,101,,1486794,23,,,0,100,,1486795,23,,,0,101,,1486796,23,,,0,96,,1486797,23,,,0,110,,1486798,23,,,0,94,,1486799,23,,,0,98,,1486800,23,,,0,97,,1486801,23,,,0,100,,1486802,23,,,0,97,,1486803,23,,,0,99,,1486804,23,,,0
400,'20261005',712,,1486828,23,,,0,18,,1486832,23,,,0,15,,1486813,23,,,0,13,,1486833,23,,,0,56,,1486814,23,,,0,9,,1486834,23,,,0,21,,1486835,23,,,0,58,,1486818,23,,,0,26,,1486827,23,,,0,73,,1486815,23,,,0,30,,1486829,23,,,0,71,,1486819,23,,,0,30,,1486816,23,,,0,14,,1486836,23,,,0,54,,1486817,23,,,0,15,,1486837,23,,,0,16,,1486826,23,,,0,15,,1486838,23,,,0,56,,1486805,23,,,0,28,,1486807,23,,,0,71,,1486811,23,,,0,30,,1486808,23,,,0,70,,1486806,23,,,0,14,,1486839,23,,,0,16,,1486831,23,,,0,16,,1486840,23,,,0,6,,1486845,23,,,0,48,,1486822,23,,,0,6,,1486846,23,,,0,7,,1486841,23,,,0,14,,1486842,23,,,0,17,,1486810,23,,,0,64,,1486843,23,,,0,19,,1486820,23,,,0,23,,1486821,23,,,0,65,,1486844,23,,,0,33,,1486830,23,,,0,98,,1486823,23,,,0,100,,1486809,23,,,0,101,,1486812,23,,,0,98,,1486824,23,,,0,99,,1486825,23,,,0
400,'20261006',712,,1510118,23,,,0,18,,1510122,23,,,0,15,,1510103,23,,,0,13,,1510123,23,,,0,56,,1510104,23,,,0,9,,1510124,23,,,0,21,,1510125,23,,,0,58,,1510108,23,,,0,26,,1510117,23,,,0,73,,1510105,23,,,0,30,,1510119,23,,,0,71,,1510109,23,,,0,30,,1510106,23,,,0,14,,1510126,23,,,0,54,,1510107,23,,,0,15,,1510127,23,,,0,16,,1510116,23,,,0,15,,1510128,23,,,0,56,,1510095,23,,,0,28,,1510097,23,,,0,71,,1510101,23,,,0,30,,1510098,23,,,0,70,,1510096,23,,,0,14,,1510129,23,,,0,16,,1510121,23,,,0,16,,1510130,23,,,0,6,,1510135,23,,,0,48,,1510112,23,,,0,6,,1510136,23,,,0,7,,1510131,23,,,0,14,,1510132,23,,,0,17,,1510100,23,,,0,64,,1510133,23,,,0,19,,1510110,23,,,0,23,,1510111,23,,,0,65,,1510134,23,,,0,33,,1510120,23,,,0,98,,1510113,23,,,0,100,,1510099,23,,,0,101,,1510102,23,,,0,98,,1510114,23,,,0,99,,1510115,23,,,0
400,'20261007',712,,1510160,23,,,0,18,,1510164,23,,,0,15,,1510145,23,,,0,13,,1510165,23,,,0,56,,1510146,23,,,0,9,,1510166,23,,,0,21,,1510167,23,,,0,58,,1510150,23,,,0,26,,1510159,23,,,0,73,,1510147,23,,,0,30,,1510161,23,,,0,71,,1510151,23,,,0,30,,1510148,23,,,0,14,,1510168,23,,,0,54,,1510149,23,,,0,15,,1510169,23,,,0,16,,1510158,23,,,0,15,,1510170,23,,,0,56,,1510137,23,,,0,28,,1510139,23,,,0,71,,1510143,23,,,0,30,,1510140,23,,,0,70,,1510138,23,,,0,14,,1510171,23,,,0,16,,1510163,23,,,0,16,,1510172,23,,,0,6,,1510177,23,,,0,48,,1510154,23,,,0,6,,1510178,23,,,0,7,,1510173,23,,,0,14,,1510174,23,,,0,17,,1510142,23,,,0,64,,1510175,23,,,0,19,,1510152,23,,,0,23,,1510153,23,,,0,65,,1510176,23,,,0,33,,1510162,23,,,0,98,,1510155,23,,,0,100,,1510141,23,,,0,101,,1510144,23,,,0,98,,1510156,23,,,0,99,,1510157,23,,,0
400,'20261008',712,,1510202,23,,,0,18,,1510206,23,,,0,15,,1510187,23,,,0,13,,1510207,23,,,0,56,,1510188,23,,,0,9,,1510208,23,,,0,21,,1510209,23,,,0,58,,1510192,23,,,0,26,,1510201,23,,,0,73,,1510189,23,,,0,30,,1510203,23,,,0,71,,1510193,23,,,0,30,,1510190,23,,,0,14,,1510210,23,,,0,54,,1510191,23,,,0,15,,1510211,23,,,0,16,,1510200,23,,,0,15,,1510212,23,,,0,56,,1510179,23,,,0,28,,1510181,23,,,0,71,,1510185,23,,,0,30,,1510182,23,,,0,70,,1510180,23,,,0,14,,1510213,23,,,0,16,,1510205,23,,,0,16,,1510214,23,,,0,6,,1510219,23,,,0,48,,1510196,23,,,0,6,,1510220,23,,,0,7,,1510215,23,,,0,14,,1510216,23,,,0,17,,1510184,23,,,0,64,,1510217,23,,,0,19,,1510194,23,,,0,23,,1510195,23,,,0,65,,1510218,23,,,0,33,,1510204,23,,,0,98,,1510197,23,,,0,100,,1510183,23,,,0,101,,1510186,23,,,0,98,,1510198,23,,,0,99,,1510199,23,,,0
400,'20261009',712,,1510244,23,,,0,18,,1510248,23,,,0,15,,1510229,23,,,0,13,,1510249,23,,,0,56,,1510230,23,,,0,9,,1510250,23,,,0,21,,1510251,23,,,0,58,,1510234,23,,,0,26,,1510243,23,,,0,73,,1510231,23,,,0,30,,1510245,23,,,0,71,,1510235,23,,,0,30,,1510232,23,,,0,14,,1510252,23,,,0,54,,1510233,23,,,0,15,,1510253,23,,,0,16,,1510242,23,,,0,15,,1510254,23,,,0,56,,1510221,23,,,0,28,,1510223,23,,,0,71,,1510227,23,,,0,30,,1510224,23,,,0,70,,1510222,23,,,0,14,,1510255,23,,,0,16,,1510247,23,,,0,16,,1510256,23,,,0,6,,1510261,23,,,0,48,,1510238,23,,,0,6,,1510262,23,,,0,7,,1510257,23,,,0,14,,1510258,23,,,0,17,,1510226,23,,,0,64,,1510259,23,,,0,19,,1510236,23,,,0,23,,1510237,23,,,0,65,,1510260,23,,,0,33,,1510246,23,,,0,98,,1510239,23,,,0,100,,1510225,23,,,0,101,,1510228,23,,,0,98,,1510240,23,,,0,99,,1510241,23,,,0
400,'20261010',727,,1541448,23,,,0,99,,1541449,23,,,0,99,,1541450,23,,,0,101,,1541451,23,,,0,101,,1541452,23,,,0,99,,1541453,23,,,0,101,,1541454,23,,,0,100,,1541455,23,,,0,101,,1541456,23,,,0,96,,1541457,23,,,0,110,,1541458,23,,,0,94,,1541459,23,,,0,98,,1541460,23,,,0,97,,1541461,23,,,0,100,,1541462,23,,,0,97,,1541463,23,,,0,99,,1541464,23,,,0
400,'20261011',727,,1541465,23,,,0,99,,1541466,23,,,0,99,,1541467,23,,,0,101,,1541468,23,,,0,101,,1541469,23,,,0,99,,1541470,23,,,0,101,,1541471,23,,,0,100,,1541472,23,,,0,101,,1541473,23,,,0,96,,1541474,23,,,0,110,,1541475,23,,,0,94,,1541476,23,,,0,98,,1541477,23,,,0,97,,1541478,23,,,0,100,,1541479,23,,,0,97,,1541480,23,,,0,99,,1541481,23,,,0
400,'20261012',727,,1541482,23,,,0,99,,1541483,23,,,0,99,,1541484,23,,,0,101,,1541485,23,,,0,101,,1541486,23,,,0,99,,1541487,23,,,0,101,,1541488,23,,,0,100,,1541489,23,,,0,101,,1541490,23,,,0,96,,1541491,23,,,0,110,,1541492,23,,,0,94,,1541493,23,,,0,98,,1541494,23,,,0,97,,1541495,23,,,0,100,,1541496,23,,,0,97,,1541497,23,,,0,99,,1541498,23,,,0
