7401,'20261009',543,,1606458,2,,,1,95,,1606459,2,,,1,99,,1606460,2,,,1,104,,1606461,2,,,1,101,,1606462,2,,,1,100,,1606463,2,,,1,99,,1606464,2,,,1,101,,1606465,2,,,1,100,,1606466,2,,,1,99,,1606467,2,,,1,96,,1606468,2,,,1,100,,1606469,2,,,1,102,,1606470,2,,,1,105,,1606471,2,,,1,100,,1606472,2,,,1,100,,1606473,2,,,1,100,,1606474,2,,,1,170,,1606475,2,,,1
7401,'20261010',644,,1634190,2,,,1,99,,1634191,2,,,1,100,,1634192,2,,,1,100,,1634193,2,,,1,99,,1634194,2,,,1,101,,1634195,2,,,1,99,,1634196,2,,,1,100,,1634197,2,,,1,100,,1634198,2,,,1,98,,1634199,2,,,1,100,,1634200,2,,,1,103,,1634201,2,,,1,100,,1634202,2,,,1,100,,1634203,2,,,1,99,,1634204,2,,,1,104,,1634205,2,,,1,170,,1634206,2,,,1
7401,'20261011',644,,1634207,2,,,1,99,,1634208,2,,,1,100,,1634209,2,,,1,100,,1634210,2,,,1,99,,1634211,2,,,1,101,,1634212,2,,,1,99,,1634213,2,,,1,100,,1634214,2,,,1,100,,1634215,2,,,1,98,,1634216,2,,,1,100,,1634217,2,,,1,103,,1634218,2,,,1,100,,1634219,2,,,1,100,,1634220,2,,,1,99,,1634221,2,,,1,104,,1634222,2,,,1,170,,1634223,2,,,1
7401,'20261012',644,,1634224,2,,,1,99,,1634225,2,,,1,100,,1634226,2,,,1,100,,1634227,2,,,1,99,,1634228,2,,,1,101,,1634229,2,,,1,99,,1634230,2,,,1,100,,1634231,2,,,1,100,,1634232,2,,,1,98,,1634233,2,,,1,100,,1634234,2,,,1,103,,1634235,2,,,1,100,,1634236,2,,,1,100,,1634237,2,,,1,99,,1634238,2,,,1,104,,1634239,2,,,1,170,,1634240,2,,,1
7401,'20261013',543,,1574747,2,,,1,95,,1574748,2,,,1,99,,1574749,2,,,1,104,,1574750,2,,,1,101,,1574751,2,,,1,100,,1574752,2,,,1,99,,1574753,2,,,1,101,,1574754,2,,,1,100,,1574755,2,,,1,99,,1574756,2,,,1,96,,1574762,2,,,1,100,,1574757,2,,,1,102,,1574758,2,,,1,105,,1574764,2,,,1,100,,1574759,2,,,1,100,,1574763,2,,,1,100,,1574760,2,,,1,170,,1574761,2,,,1
7401,'20261014',543,,1574767,2,,,1,95,,1574768,2,,,1,99,,1574769,2,,,1,104,,1574770,2,,,1,101,,1574771,2,,,1,100,,1574772,2,,,1,99,,1574773,2,,,1,101,,1574774,2,,,1,100,,1574775,2,,,1,99,,1574776,2,,,1,96,,1574782,2,,,1,100,,1574777,2,,,1,102,,1574778,2,,,1,105,,1574784,2,,,1,100,,1574779,2,,,1,100,,1574783,2,,,1,100,,1574780,2,,,1,170,,1574781,2,,,1
7401,'20261015',543,,1574787,2,,,1,95,,1574788,2,,,1,99,,1574789,2,,,1,104,,1574790,2,,,1,101,,1574791,2,,,1,100,,1574792,2,,,1,99,,1574793,2,,,1,101,,1574794,2,,,1,100,,1574795,2,,,1,99,,1574796,2,,,1,96,,1574802,2,,,1,100,,1574797,2,,,1,102,,1574798,2,,,1,105,,1574804,2,,,1,100,,1574799,2,,,1,100,,1574803,2,,,1,100,,1574800,2,,,1,170,,1574801,2,,,1
7401,'20261016',543,,1574807,2,,,1,95,,1574808,2,,,1,99,,1574809,2,,,1,104,,1574810,2,,,1,101,,1574811,2,,,1,100,,1574812,2,,,1,99,,1574813,2,,,1,101,,1574814,2,,,1,100,,1574815,2,,,1,99,,1574816,2,,,1,96,,1574822,2,,,1,100,,1574817,2,,,1,102,,1574818,2,,,1,105,,1574824,2,,,1,100,,1574819,2,,,1,100,,1574823,2,,,1,100,,1574820,2,,,1,170,,1574821,2,,,1
7401,'20261017',644,,1606490,2,,,1,99,,1606476,2,,,1,100,,1606477,2,,,1,100,,1606491,2,,,1,99,,1606484,2,,,1,101,,1606485,2,,,1,99,,1606486,2,,,1,100,,1606487,2,,,1,100,,1606488,2,,,1,98,,1606489,2,,,1,100,,1606478,2,,,1,103,,1606482,2,,,1,100,,1606483,2,,,1,100,,1606479,2,,,1,99,,1606480,2,,,1,104,,1606481,2,,,1,170,,1606492,2,,,1
7401,'20261018',644,,1606493,2,,,1,99,,1606508,2,,,1,100,,1606494,2,,,1,100,,1606509,2,,,1,99,,1606496,2,,,1,101,,1606497,2,,,1,99,,1606498,2,,,1,100,,1606499,2,,,1,100,,1606500,2,,,1,98,,1606501,2,,,1,100,,1606502,2,,,1,103,,1606503,2,,,1,100,,1606504,2,,,1,100,,1606505,2,,,1,99,,1606506,2,,,1,104,,1606507,2,,,1,170,,1606495,2,,,1
7401,'20261019',543,,1606510,2,,,1,95,,1606511,2,,,1,99,,1606512,2,,,1,104,,1606513,2,,,1,101,,1606514,2,,,1,100,,1606515,2,,,1,99,,1606516,2,,,1,101,,1606517,2,,,1,100,,1606518,2,,,1,99,,1606519,2,,,1,96,,1606525,2,,,1,100,,1606520,2,,,1,102,,1606521,2,,,1,105,,1606527,2,,,1,100,,1606522,2,,,1,100,,1606526,2,,,1,100,,1606523,2,,,1,170,,1606524,2,,,1
7401,'20261020',543,,1606530,2,,,1,95,,1606531,2,,,1,99,,1606532,2,,,1,104,,1606533,2,,,1,101,,1606534,2,,,1,100,,1606535,2,,,1,99,,1606536,2,,,1,101,,1606537,2,,,1,100,,1606538,2,,,1,99,,1606539,2,,,1,96,,1606545,2,,,1,100,,1606540,2,,,1,102,,1606541,2,,,1,105,,1606547,2,,,1,100,,1606542,2,,,1,100,,1606546,2,,,1,100,,1606543,2,,,1,170,,1606544,2,,,1
7401,'20261021',543,,1634241,2,,,1,95,,1634242,2,,,1,99,,1634243,2,,,1,104,,1634244,2,,,1,101,,1634245,2,,,1,100,,1634246,2,,,1,99,,1634247,2,,,1,101,,1634248,2,,,1,100,,1634249,2,,,1,99,,1634250,2,,,1,96,,1634256,2,,,1,100,,1634251,2,,,1,102,,1634252,2,,,1,105,,1634258,2,,,1,100,,1634253,2,,,1,100,,1634257,2,,,1,100,,1634254,2,,,1,170,,1634255,2,,,1
7401,'20261022',543,,1634261,2,,,1,95,,1634262,2,,,1,99,,1634263,2,,,1,104,,1634264,2,,,1,101,,1634265,2,,,1,100,,1634266,2,,,1,99,,1634267,2,,,1,101,,1634268,2,,,1,100,,1634269,2,,,1,99,,1634270,2,,,1,96,,1634276,2,,,1,100,,1634271,2,,,1,102,,1634272,2,,,1,105,,1634278,2,,,1,100,,1634273,2,,,1,100,,1634277,2,,,1,100,,1634274,2,,,1,170,,1634275,2,,,1
7401,'20261023',543,,1634281,2,,,1,95,,1634282,2,,,1,99,,1634283,2,,,1,104,,1634284,2,,,1,101,,1634285,2,,,1,100,,1634286,2,,,1,99,,1634287,2,,,1,101,,1634288,2,,,1,100,,1634289,2,,,1,99,,1634290,2,,,1,96,,1634296,2,,,1,100,,1634291,2,,,1,102,,1634292,2,,,1,105,,1634298,2,,,1,100,,1634293,2,,,1,100,,1634297,2,,,1,100,,1634294,2,,,1,170,,1634295,2,,,1
8401,'20261009',606,,1608781,2,,,1,27,,1608782,2,,,1,67,,1608783,2,,,1,29,,1608784,2,,,1,29,,1608785,2,,,1,73,,1608786,2,,,1,73,,1608787,2,,,1,101,,1608788,2,,,1,100,,1608789,2,,,1,98,,1608790,2,,,1,102,,1608791,2,,,1,99,,1608792,2,,,1,97,,1608793,2,,,1,54,,1608794,2,,,1,147,,1608795,2,,,1,104,,1608796,2,,,1,101,,1608797,2,,,1,100,,1608798,2,,,1,102,,1608799,2,,,1,100,,1608800,2,,,1,100,,1608801,2,,,1
8401,'20261010',610,,1635867,2,,,1,98,,1635868,2,,,1,99,,1635869,2,,,1,99,,1635870,2,,,1,100,,1635871,2,,,1,100,,1635872,2,,,1,100,,1635873,2,,,1,98,,1635874,2,,,1,100,,1635875,2,,,1,99,,1635876,2,,,1,102,,1635877,2,,,1,101,,1635878,2,,,1,102,,1635879,2,,,1,100,,1635880,2,,,1,100,,1635881,2,,,1,100,,1635882,2,,,1,102,,1635883,2,,,1,100,,1635884,2,,,1
8401,'20261011',610,,1635885,2,,,1,98,,1635886,2,,,1,99,,1635887,2,,,1,99,,1635888,2,,,1,100,,1635889,2,,,1,100,,1635890,2,,,1,100,,1635891,2,,,1,98,,1635892,2,,,1,100,,1635893,2,,,1,99,,1635894,2,,,1,102,,1635895,2,,,1,101,,1635896,2,,,1,102,,1635897,2,,,1,100,,1635898,2,,,1,100,,1635899,2,,,1,100,,1635900,2,,,1,102,,1635901,2,,,1,100,,1635902,2,,,1
8401,'20261012',610,,1635903,2,,,1,98,,1635904,2,,,1,99,,1635905,2,,,1,99,,1635906,2,,,1,100,,1635907,2,,,1,100,,1635908,2,,,1,100,,1635909,2,,,1,98,,1635910,2,,,1,100,,1635911,2,,,1,99,,1635912,2,,,1,102,,1635913,2,,,1,101,,1635914,2,,,1,102,,1635915,2,,,1,100,,1635916,2,,,1,100,,1635917,2,,,1,100,,1635918,2,,,1,102,,1635919,2,,,1,100,,1635920,2,,,1
8401,'20261013',606,,1577064,2,,,1,27,,1577083,2,,,1,67,,1577065,2,,,1,29,,1577084,2,,,1,29,,1577066,2,,,1,73,,1577081,2,,,1,73,,1577067,2,,,1,101,,1577068,2,,,1,100,,1577069,2,,,1,98,,1577070,2,,,1,102,,1577071,2,,,1,99,,1577072,2,,,1,97,,1577073,2,,,1,54,,1577074,2,,,1,147,,1577075,2,,,1,104,,1577076,2,,,1,101,,1577077,2,,,1,100,,1577078,2,,,1,102,,1577079,2,,,1,100,,1577080,2,,,1,100,,1577082,2,,,1
8401,'20261014',606,,1577085,2,,,1,27,,1577104,2,,,1,67,,1577086,2,,,1,29,,1577105,2,,,1,29,,1577087,2,,,1,73,,1577102,2,,,1,73,,1577088,2,,,1,101,,1577089,2,,,1,100,,1577090,2,,,1,98,,1577091,2,,,1,102,,1577092,2,,,1,99,,1577093,2,,,1,97,,1577094,2,,,1,54,,1577095,2,,,1,147,,1577096,2,,,1,104,,1577097,2,,,1,101,,1577098,2,,,1,100,,1577099,2,,,1,102,,1577100,2,,,1,100,,1577101,2,,,1,100,,1577103,2,,,1
8401,'20261015',606,,1577106,2,,,1,27,,1577125,2,,,1,67,,1577107,2,,,1,29,,1577126,2,,,1,29,,1577108,2,,,1,73,,1577123,2,,,1,73,,1577109,2,,,1,101,,1577110,2,,,1,100,,1577111,2,,,1,98,,1577112,2,,,1,102,,1577113,2,,,1,99,,1577114,2,,,1,97,,1577115,2,,,1,54,,1577116,2,,,1,147,,1577117,2,,,1,104,,1577118,2,,,1,101,,1577119,2,,,1,100,,1577120,2,,,1,102,,1577121,2,,,1,100,,1577122,2,,,1,100,,1577124,2,,,1
8401,'20261016',606,,1577127,2,,,1,27,,1577146,2,,,1,67,,1577128,2,,,1,29,,1577147,2,,,1,29,,1577129,2,,,1,73,,1577144,2,,,1,73,,1577130,2,,,1,101,,1577131,2,,,1,100,,1577132,2,,,1,98,,1577133,2,,,1,102,,1577134,2,,,1,99,,1577135,2,,,1,97,,1577136,2,,,1,54,,1577137,2,,,1,147,,1577138,2,,,1,104,,1577139,2,,,1,101,,1577140,2,,,1,100,,1577141,2,,,1,102,,1577142,2,,,1,100,,1577143,2,,,1,100,,1577145,2,,,1
8401,'20261017',610,,1608802,2,,,1,98,,1608817,2,,,1,99,,1608803,2,,,1,99,,1608816,2,,,1,100,,1608804,2,,,1,100,,1608811,2,,,1,100,,1608812,2,,,1,98,,1608813,2,,,1,100,,1608814,2,,,1,99,,1608815,2,,,1,102,,1608806,2,,,1,101,,1608805,2,,,1,102,,1608807,2,,,1,100,,1608810,2,,,1,100,,1608809,2,,,1,100,,1608808,2,,,1,102,,1608818,2,,,1,100,,1608819,2,,,1
8401,'20261018',610,,1608832,2,,,1,98,,1608836,2,,,1,99,,1608835,2,,,1,99,,1608833,2,,,1,100,,1608820,2,,,1,100,,1608826,2,,,1,100,,1608821,2,,,1,98,,1608827,2,,,1,100,,1608822,2,,,1,99,,1608828,2,,,1,102,,1608823,2,,,1,101,,1608829,2,,,1,102,,1608824,2,,,1,100,,1608830,2,,,1,100,,1608825,2,,,1,100,,1608831,2,,,1,102,,1608834,2,,,1,100,,1608837,2,,,1
8401,'20261019',606,,1608838,2,,,1,27,,1608857,2,,,1,67,,1608839,2,,,1,29,,1608858,2,,,1,29,,1608840,2,,,1,73,,1608855,2,,,1,73,,1608841,2,,,1,101,,1608842,2,,,1,100,,1608843,2,,,1,98,,1608844,2,,,1,102,,1608845,2,,,1,99,,1608846,2,,,1,97,,1608847,2,,,1,54,,1608848,2,,,1,147,,1608849,2,,,1,104,,1608850,2,,,1,101,,1608851,2,,,1,100,,1608852,2,,,1,102,,1608853,2,,,1,100,,1608854,2,,,1,100,,1608856,2,,,1
8401,'20261020',606,,1608859,2,,,1,27,,1608878,2,,,1,67,,1608860,2,,,1,29,,1608879,2,,,1,29,,1608861,2,,,1,73,,1608876,2,,,1,73,,1608862,2,,,1,101,,1608863,2,,,1,100,,1608864,2,,,1,98,,1608865,2,,,1,102,,1608866,2,,,1,99,,1608867,2,,,1,97,,1608868,2,,,1,54,,1608869,2,,,1,147,,1608870,2,,,1,104,,1608871,2,,,1,101,,1608872,2,,,1,100,,1608873,2,,,1,102,,1608874,2,,,1,100,,1608875,2,,,1,100,,1608877,2,,,1
8401,'20261021',606,,1635921,2,,,1,27,,1635940,2,,,1,67,,1635922,2,,,1,29,,1635941,2,,,1,29,,1635923,2,,,1,73,,1635938,2,,,1,73,,1635924,2,,,1,101,,1635925,2,,,1,100,,1635926,2,,,1,98,,1635927,2,,,1,102,,1635928,2,,,1,99,,1635929,2,,,1,97,,1635930,2,,,1,54,,1635931,2,,,1,147,,1635932,2,,,1,104,,1635933,2,,,1,101,,1635934,2,,,1,100,,1635935,2,,,1,102,,1635936,2,,,1,100,,1635937,2,,,1,100,,1635939,2,,,1
8401,'20261022',606,,1635942,2,,,1,27,,1635961,2,,,1,67,,1635943,2,,,1,29,,1635962,2,,,1,29,,1635944,2,,,1,73,,1635959,2,,,1,73,,1635945,2,,,1,101,,1635946,2,,,1,100,,1635947,2,,,1,98,,1635948,2,,,1,102,,1635949,2,,,1,99,,1635950,2,,,1,97,,1635951,2,,,1,54,,1635952,2,,,1,147,,1635953,2,,,1,104,,1635954,2,,,1,101,,1635955,2,,,1,100,,1635956,2,,,1,102,,1635957,2,,,1,100,,1635958,2,,,1,100,,1635960,2,,,1
8401,'20261023',606,,1635963,2,,,1,27,,1635982,2,,,1,67,,1635964,2,,,1,29,,1635983,2,,,1,29,,1635965,2,,,1,73,,1635980,2,,,1,73,,1635966,2,,,1,101,,1635967,2,,,1,100,,1635968,2,,,1,98,,1635969,2,,,1,102,,1635970,2,,,1,99,,1635971,2,,,1,97,,1635972,2,,,1,54,,1635973,2,,,1,147,,1635974,2,,,1,104,,1635975,2,,,1,101,,1635976,2,,,1,100,,1635977,2,,,1,102,,1635978,2,,,1,100,,1635979,2,,,1,100,,1635981,2,,,1
