5401,'20261006',557,,1602334,53,,,1,101,,1602337,53,,,1,83,,1602339,53,,,1,74,,1602341,53,,,1
5401,'20261007',557,,1602369,53,,,1,101,,1602372,53,,,1,83,,1602374,53,,,1,74,,1602376,53,,,1
5401,'20261008',557,,1602404,53,,,1,101,,1602407,53,,,1,83,,1602409,53,,,1,74,,1602411,53,,,1
5401,'20261009',557,,1602439,53,,,1,101,,1602442,53,,,1,83,,1602444,53,,,1,74,,1602446,53,,,1
5401,'20261013',557,,1570739,53,,,1,101,,1570742,53,,,1,83,,1570744,53,,,1,74,,1570746,53,,,1
5401,'20261014',557,,1570774,53,,,1,101,,1570777,53,,,1,83,,1570779,53,,,1,74,,1570781,53,,,1
5401,'20261015',557,,1570809,53,,,1,101,,1570812,53,,,1,83,,1570814,53,,,1,74,,1570816,53,,,1
5401,'20261016',557,,1570844,53,,,1,101,,1570847,53,,,1,83,,1570849,53,,,1,74,,1570851,53,,,1
5401,'20261019',557,,1602524,53,,,1,101,,1602527,53,,,1,83,,1602529,53,,,1,74,,1602531,53,,,1
5401,'20261020',557,,1602559,53,,,1,101,,1602562,53,,,1,83,,1602564,53,,,1,74,,1602566,53,,,1
13601,'20261006',636,,1611358,33,,,0,9,,1611359,33,,,0,11,,1611360,33,,,0,49,,1611361,33,,,0,9,,1611362,33,,,0,7,,1611363,33,,,0,9,,1611364,33,,,0,9,,1611365,33,,,0,8,,1611366,33,,,0,9,,1611367,33,,,0,53,,1611368,33,,,0,10,,1611369,33,,,0,8,,1611370,33,,,0,12,,1611371,33,,,0
13601,'20261007',636,,1611372,33,,,0,9,,1611373,33,,,0,11,,1611374,33,,,0,49,,1611375,33,,,0,9,,1611376,33,,,0,7,,1611377,33,,,0,9,,1611378,33,,,0,9,,1611379,33,,,0,8,,1611380,33,,,0,9,,1611381,33,,,0,53,,1611382,33,,,0,10,,1611383,33,,,0,8,,1611384,33,,,0,12,,1611385,33,,,0
13601,'20261008',636,,1611386,33,,,0,9,,1611387,33,,,0,11,,1611388,33,,,0,49,,1611389,33,,,0,9,,1611390,33,,,0,7,,1611391,33,,,0,9,,1611392,33,,,0,9,,1611393,33,,,0,8,,1611394,33,,,0,9,,1611395,33,,,0,53,,1611396,33,,,0,10,,1611397,33,,,0,8,,1611398,33,,,0,12,,1611399,33,,,0
13601,'20261009',636,,1611400,33,,,0,9,,1611401,33,,,0,11,,1611402,33,,,0,49,,1611403,33,,,0,9,,1611404,33,,,0,7,,1611405,33,,,0,9,,1611406,33,,,0,9,,1611407,33,,,0,8,,1611408,33,,,0,9,,1611409,33,,,0,53,,1611410,33,,,0,10,,1611411,33,,,0,8,,1611412,33,,,0,12,,1611413,33,,,0
13601,'20261013',636,,1579649,33,,,0,9,,1579650,33,,,0,11,,1579651,33,,,0,49,,1579655,33,,,0,9,,1579643,33,,,0,7,,1579644,33,,,0,9,,1579652,33,,,0,9,,1579656,33,,,0,8,,1579645,33,,,0,9,,1579646,33,,,0,53,,1579653,33,,,0,10,,1579647,33,,,0,8,,1579654,33,,,0,12,,1579648,33,,,0
13601,'20261014',636,,1579663,33,,,0,9,,1579664,33,,,0,11,,1579665,33,,,0,49,,1579669,33,,,0,9,,1579657,33,,,0,7,,1579658,33,,,0,9,,1579666,33,,,0,9,,1579670,33,,,0,8,,1579659,33,,,0,9,,1579660,33,,,0,53,,1579667,33,,,0,10,,1579661,33,,,0,8,,1579668,33,,,0,12,,1579662,33,,,0
13601,'20261015',636,,1579677,33,,,0,9,,1579678,33,,,0,11,,1579679,33,,,0,49,,1579683,33,,,0,9,,1579671,33,,,0,7,,1579672,33,,,0,9,,1579680,33,,,0,9,,1579684,33,,,0,8,,1579673,33,,,0,9,,1579674,33,,,0,53,,1579681,33,,,0,10,,1579675,33,,,0,8,,1579682,33,,,0,12,,1579676,33,,,0
13601,'20261016',636,,1579691,33,,,0,9,,1579692,33,,,0,11,,1579693,33,,,0,49,,1579697,33,,,0,9,,1579685,33,,,0,7,,1579686,33,,,0,9,,1579694,33,,,0,9,,1579698,33,,,0,8,,1579687,33,,,0,9,,1579688,33,,,0,53,,1579695,33,,,0,10,,1579689,33,,,0,8,,1579696,33,,,0,12,,1579690,33,,,0
13601,'20261019',636,,1611420,33,,,0,9,,1611421,33,,,0,11,,1611422,33,,,0,49,,1611426,33,,,0,9,,1611414,33,,,0,7,,1611415,33,,,0,9,,1611423,33,,,0,9,,1611427,33,,,0,8,,1611416,33,,,0,9,,1611417,33,,,0,53,,1611424,33,,,0,10,,1611418,33,,,0,8,,1611425,33,,,0,12,,1611419,33,,,0
13601,'20261020',636,,1611434,33,,,0,9,,1611435,33,,,0,11,,1611436,33,,,0,49,,1611440,33,,,0,9,,1611428,33,,,0,7,,1611429,33,,,0,9,,1611437,33,,,0,9,,1611441,33,,,0,8,,1611430,33,,,0,9,,1611431,33,,,0,53,,1611438,33,,,0,10,,1611432,33,,,0,8,,1611439,33,,,0,12,,1611433,33,,,0
29001,'20261006',712,,1612854,33,4,,0,37,,1612855,33,4,,0,79,,1612856,33,4,,0,21,,1612857,33,4,,0
29001,'20261007',712,,1612858,33,4,,0,37,,1612859,33,4,,0,79,,1612860,33,4,,0,21,,1612861,33,4,,0
29001,'20261008',712,,1612862,33,4,,0,37,,1612863,33,4,,0,79,,1612864,33,4,,0,21,,1612865,33,4,,0
29001,'20261009',712,,1612866,33,4,,0,37,,1612867,33,4,,0,79,,1612868,33,4,,0,21,,1612869,33,4,,0
29001,'20261013',712,,1581117,33,4,,0,37,,1581115,33,4,,0,79,,1581116,33,4,,0,21,,1581118,33,4,,0
29001,'20261014',712,,1581121,33,4,,0,37,,1581119,33,4,,0,79,,1581120,33,4,,0,21,,1581122,33,4,,0
29001,'20261015',712,,1581125,33,4,,0,37,,1581123,33,4,,0,79,,1581124,33,4,,0,21,,1581126,33,4,,0
29001,'20261016',712,,1581129,33,4,,0,37,,1581127,33,4,,0,79,,1581128,33,4,,0,21,,1581130,33,4,,0
29001,'20261019',712,,1612872,33,4,,0,37,,1612870,33,4,,0,79,,1612871,33,4,,0,21,,1612873,33,4,,0
29001,'20261020',712,,1612876,33,4,,0,37,,1612874,33,4,,0,79,,1612875,33,4,,0,21,,1612877,33,4,,0
80003,'20261006',511,,1615433,27,,,1,15,,1615434,27,,,1,15,,1615435,27,,,1,15,,1615436,27,,,1,53,,1615437,27,,,1,10,,1615438,27,,,1,10,,1615439,27,,,1,10,,1615440,27,,,1,10,,1615441,27,,,1,10,,1615442,27,,,1,51,,1615443,27,,,1,9,,1615444,27,,,1,11,,1615445,27,,,1,10,,1615446,27,,,1,8,,1615447,27,,,1,9,,1615448,27,,,1,50,,1615449,27,,,1,10,,1615450,27,,,1,13,,1615451,27,,,1,14,,1615452,27,,,1,14,,1615453,27,,,1,54,,1615454,27,,,1,14,,1615455,27,,,1,15,,1615456,27,,,1,15,,1615457,27,,,1,56,,1615458,27,,,1,13,,1615459,27,,,1,15,,1615460,27,,,1,15,,1615461,27,,,1,56,,1615462,27,,,1,15,,1615463,27,,,1,15,,1615464,27,,,1,15,,1615465,27,,,1,56,,1615466,27,,,1,15,,1615467,27,,,1,15,,1615468,27,,,1,15,,1615469,27,,,1,55,,1615470,27,,,1,15,,1615471,27,,,1,15,,1615472,27,,,1,15,,1615473,27,,,1,55,,1615474,27,,,1,14,,1615475,27,,,1,16,,1615476,27,,,1,15,,1615477,27,,,1,55,,1615478,27,,,1,12,,1615479,27,,,1,11,,1615480,27,,,1,11,,1615481,27,,,1,10,,1615482,27,,,1,49,,1615483,27,,,1,11,,1615484,27,,,1,10,,1615485,27,,,1,10,,1615486,27,,,1,10,,1615487,27,,,1,10,,1615488,27,,,1,50,,1615489,27,,,1,10,,1615490,27,,,1,10,,1615491,27,,,1,10,,1615492,27,,,1,9,,1615493,27,,,1,10,,1615494,27,,,1,51,,1615495,27,,,1,9,,1615496,27,,,1,13,,1615497,27,,,1,15,,1615498,27,,,1,15,,1615499,27,,,1,56,,1615500,27,,,1,14,,1615501,27,,,1,14,,1615502,27,,,1,14,,1615503,27,,,1,55,,1615504,27,,,1,16,,1615505,27,,,1,15,,1615506,27,,,1,15,,1615507,27,,,1,55,,1615508,27,,,1,16,,1615509,27,,,1,15,,1615510,27,,,1,15,,1615511,27,,,1,55,,1615512,27,,,1,15,,1615513,27,,,1,15,,1615514,27,,,1,15,,1615515,27,,,1,53,,1615516,27,,,1,15,,1615517,27,,,1,16,,1615518,27,,,1,15,,1615519,27,,,1,53,,1615520,27,,,1,16,,1615521,27,,,1,16,,1615522,27,,,1,15,,1615523,27,,,1
80003,'20261007',511,,1615525,27,,,1,15,,1615526,27,,,1,15,,1615527,27,,,1,15,,1615528,27,,,1,53,,1615529,27,,,1,10,,1615530,27,,,1,10,,1615531,27,,,1,10,,1615532,27,,,1,10,,1615533,27,,,1,10,,1615534,27,,,1,51,,1615535,27,,,1,9,,1615536,27,,,1,11,,1615537,27,,,1,10,,1615538,27,,,1,8,,1615539,27,,,1,9,,1615540,27,,,1,50,,1615541,27,,,1,10,,1615542,27,,,1,13,,1615543,27,,,1,14,,1615544,27,,,1,14,,1615545,27,,,1,54,,1615546,27,,,1,14,,1615547,27,,,1,15,,1615548,27,,,1,15,,1615549,27,,,1,56,,1615550,27,,,1,13,,1615551,27,,,1,15,,1615552,27,,,1,15,,1615553,27,,,1,56,,1615554,27,,,1,15,,1615555,27,,,1,15,,1615556,27,,,1,15,,1615557,27,,,1,56,,1615558,27,,,1,15,,1615559,27,,,1,15,,1615560,27,,,1,15,,1615561,27,,,1,55,,1615562,27,,,1,15,,1615563,27,,,1,15,,1615564,27,,,1,15,,1615565,27,,,1,55,,1615566,27,,,1,14,,1615567,27,,,1,16,,1615568,27,,,1,15,,1615569,27,,,1,55,,1615570,27,,,1,12,,1615571,27,,,1,11,,1615572,27,,,1,11,,1615573,27,,,1,10,,1615574,27,,,1,49,,1615575,27,,,1,11,,1615576,27,,,1,10,,1615577,27,,,1,10,,1615578,27,,,1,10,,1615579,27,,,1,10,,1615580,27,,,1,50,,1615581,27,,,1,10,,1615582,27,,,1,10,,1615583,27,,,1,10,,1615584,27,,,1,9,,1615585,27,,,1,10,,1615586,27,,,1,51,,1615587,27,,,1,9,,1615588,27,,,1,13,,1615589,27,,,1,15,,1615590,27,,,1,15,,1615591,27,,,1,56,,1615592,27,,,1,14,,1615593,27,,,1,14,,1615594,27,,,1,14,,1615595,27,,,1,55,,1615596,27,,,1,16,,1615597,27,,,1,15,,1615598,27,,,1,15,,1615599,27,,,1,55,,1615600,27,,,1,16,,1615601,27,,,1,15,,1615602,27,,,1,15,,1615603,27,,,1,55,,1615604,27,,,1,15,,1615605,27,,,1,15,,1615606,27,,,1,15,,1615607,27,,,1,53,,1615608,27,,,1,15,,1615609,27,,,1,16,,1615610,27,,,1,15,,1615611,27,,,1,53,,1615612,27,,,1,16,,1615613,27,,,1,16,,1615614,27,,,1,15,,1615615,27,,,1
80003,'20261008',511,,1615617,27,,,1,15,,1615618,27,,,1,15,,1615619,27,,,1,15,,1615620,27,,,1,53,,1615621,27,,,1,10,,1615622,27,,,1,10,,1615623,27,,,1,10,,1615624,27,,,1,10,,1615625,27,,,1,10,,1615626,27,,,1,51,,1615627,27,,,1,9,,1615628,27,,,1,11,,1615629,27,,,1,10,,1615630,27,,,1,8,,1615631,27,,,1,9,,1615632,27,,,1,50,,1615633,27,,,1,10,,1615634,27,,,1,13,,1615635,27,,,1,14,,1615636,27,,,1,14,,1615637,27,,,1,54,,1615638,27,,,1,14,,1615639,27,,,1,15,,1615640,27,,,1,15,,1615641,27,,,1,56,,1615642,27,,,1,13,,1615643,27,,,1,15,,1615644,27,,,1,15,,1615645,27,,,1,56,,1615646,27,,,1,15,,1615647,27,,,1,15,,1615648,27,,,1,15,,1615649,27,,,1,56,,1615650,27,,,1,15,,1615651,27,,,1,15,,1615652,27,,,1,15,,1615653,27,,,1,55,,1615654,27,,,1,15,,1615655,27,,,1,15,,1615656,27,,,1,15,,1615657,27,,,1,55,,1615658,27,,,1,14,,1615659,27,,,1,16,,1615660,27,,,1,15,,1615661,27,,,1,55,,1615662,27,,,1,12,,1615663,27,,,1,11,,1615664,27,,,1,11,,1615665,27,,,1,10,,1615666,27,,,1,49,,1615667,27,,,1,11,,1615668,27,,,1,10,,1615669,27,,,1,10,,1615670,27,,,1,10,,1615671,27,,,1,10,,1615672,27,,,1,50,,1615673,27,,,1,10,,1615674,27,,,1,10,,1615675,27,,,1,10,,1615676,27,,,1,9,,1615677,27,,,1,10,,1615678,27,,,1,51,,1615679,27,,,1,9,,1615680,27,,,1,13,,1615681,27,,,1,15,,1615682,27,,,1,15,,1615683,27,,,1,56,,1615684,27,,,1,14,,1615685,27,,,1,14,,1615686,27,,,1,14,,1615687,27,,,1,55,,1615688,27,,,1,16,,1615689,27,,,1,15,,1615690,27,,,1,15,,1615691,27,,,1,55,,1615692,27,,,1,16,,1615693,27,,,1,15,,1615694,27,,,1,15,,1615695,27,,,1,55,,1615696,27,,,1,15,,1615697,27,,,1,15,,1615698,27,,,1,15,,1615699,27,,,1,53,,1615700,27,,,1,15,,1615701,27,,,1,16,,1615702,27,,,1,15,,1615703,27,,,1,53,,1615704,27,,,1,16,,1615705,27,,,1,16,,1615706,27,,,1,15,,1615707,27,,,1
80003,'20261009',511,,1615709,27,,,1,15,,1615710,27,,,1,15,,1615711,27,,,1,15,,1615712,27,,,1,53,,1615713,27,,,1,10,,1615714,27,,,1,10,,1615715,27,,,1,10,,1615716,27,,,1,10,,1615717,27,,,1,10,,1615718,27,,,1,51,,1615719,27,,,1,9,,1615720,27,,,1,11,,1615721,27,,,1,10,,1615722,27,,,1,8,,1615723,27,,,1,9,,1615724,27,,,1,50,,1615725,27,,,1,10,,1615726,27,,,1,13,,1615727,27,,,1,14,,1615728,27,,,1,14,,1615729,27,,,1,54,,1615730,27,,,1,14,,1615731,27,,,1,15,,1615732,27,,,1,15,,1615733,27,,,1,56,,1615734,27,,,1,13,,1615735,27,,,1,15,,1615736,27,,,1,15,,1615737,27,,,1,56,,1615738,27,,,1,15,,1615739,27,,,1,15,,1615740,27,,,1,15,,1615741,27,,,1,56,,1615742,27,,,1,15,,1615743,27,,,1,15,,1615744,27,,,1,15,,1615745,27,,,1,55,,1615746,27,,,1,15,,1615747,27,,,1,15,,1615748,27,,,1,15,,1615749,27,,,1,55,,1615750,27,,,1,14,,1615751,27,,,1,16,,1615752,27,,,1,15,,1615753,27,,,1,55,,1615754,27,,,1,12,,1615755,27,,,1,11,,1615756,27,,,1,11,,1615757,27,,,1,10,,1615758,27,,,1,49,,1615759,27,,,1,11,,1615760,27,,,1,10,,1615761,27,,,1,10,,1615762,27,,,1,10,,1615763,27,,,1,10,,1615764,27,,,1,50,,1615765,27,,,1,10,,1615766,27,,,1,10,,1615767,27,,,1,10,,1615768,27,,,1,9,,1615769,27,,,1,10,,1615770,27,,,1,51,,1615771,27,,,1,9,,1615772,27,,,1,13,,1615773,27,,,1,15,,1615774,27,,,1,15,,1615775,27,,,1,56,,1615776,27,,,1,14,,1615777,27,,,1,14,,1615778,27,,,1,14,,1615779,27,,,1,55,,1615780,27,,,1,16,,1615781,27,,,1,15,,1615782,27,,,1,15,,1615783,27,,,1,55,,1615784,27,,,1,16,,1615785,27,,,1,15,,1615786,27,,,1,15,,1615787,27,,,1,55,,1615788,27,,,1,15,,1615789,27,,,1,15,,1615790,27,,,1,15,,1615791,27,,,1,53,,1615792,27,,,1,15,,1615793,27,,,1,16,,1615794,27,,,1,15,,1615795,27,,,1,53,,1615796,27,,,1,16,,1615797,27,,,1,16,,1615798,27,,,1,15,,1615799,27,,,1
80003,'20261010',550,,1555071,27,,,1,55,,1555072,27,,,1,15,,1555073,27,,,1,15,,1555074,27,,,1,16,,1555075,27,,,1,56,,1555076,27,,,1,15,,1555077,27,,,1,15,,1555079,27,,,1,15,,1555080,27,,,1,55,,1555081,27,,,1,16,,1555078,27,,,1,15,,1555082,27,,,1,15,,1555083,27,,,1,55,,1555084,27,,,1,15,,1555085,27,,,1,15,,1555086,27,,,1,14,,1555087,27,,,1,55,,1555088,27,,,1,15,,1555089,27,,,1,16,,1555091,27,,,1,16,,1555092,27,,,1,55,,1555093,27,,,1,15,,1555090,27,,,1,15,,1555094,27,,,1,16,,1555095,27,,,1,56,,1555096,27,,,1,13,,1555097,27,,,1,14,,1555098,27,,,1,15,,1555100,27,,,1,55,,1555099,27,,,1,15,,1555101,27,,,1,14,,1555102,27,,,1,16,,1555103,27,,,1,55,,1555104,27,,,1,15,,1555105,27,,,1,15,,1555106,27,,,1,14,,1555107,27,,,1,55,,1555109,27,,,1,15,,1555110,27,,,1,15,,1555111,27,,,1,14,,1555108,27,,,1,56,,1555112,27,,,1,15,,1555113,27,,,1,16,,1555114,27,,,1,14,,1555115,27,,,1,56,,1555116,27,,,1,16,,1555117,27,,,1,14,,1555118,27,,,1,16,,1555120,27,,,1,56,,1555121,27,,,1,15,,1555122,27,,,1,16,,1555119,27,,,1,13,,1555123,27,,,1,55,,1555124,27,,,1,15,,1555125,27,,,1,15,,1555126,27,,,1,15,,1555128,27,,,1,55,,1555129,27,,,1,17,,1555130,27,,,1,17,,1555127,27,,,1,14,,1555131,27,,,1,54,,1555132,27,,,1,15,,1555133,27,,,1,15,,1555134,27,,,1,15,,1555135,27,,,1,55,,1555136,27,,,1,16,,1555137,27,,,1,14,,1555139,27,,,1,15,,1555140,27,,,1,55,,1555141,27,,,1,15,,1555138,27,,,1,15,,1555142,27,,,1,14,,1555143,27,,,1,55,,1555144,27,,,1,14,,1555145,27,,,1,15,,1555146,27,,,1,15,,1555147,27,,,1
80003,'20261011',550,,1555165,27,,,1,55,,1555155,27,,,1,15,,1555160,27,,,1,15,,1555153,27,,,1,16,,1555166,27,,,1,56,,1555151,27,,,1,15,,1555150,27,,,1,15,,1555159,27,,,1,15,,1555167,27,,,1,55,,1555148,27,,,1,16,,1555161,27,,,1,15,,1555154,27,,,1,15,,1555149,27,,,1,55,,1555168,27,,,1,15,,1555169,27,,,1,15,,1555163,27,,,1,14,,1555156,27,,,1,55,,1555164,27,,,1,15,,1555157,27,,,1,16,,1555171,27,,,1,16,,1555152,27,,,1,55,,1555172,27,,,1,15,,1555170,27,,,1,15,,1555175,27,,,1,16,,1555173,27,,,1,56,,1555158,27,,,1,13,,1555180,27,,,1,14,,1555174,27,,,1,15,,1555181,27,,,1,55,,1555176,27,,,1,15,,1555177,27,,,1,14,,1555178,27,,,1,16,,1555179,27,,,1,55,,1555162,27,,,1,15,,1555182,27,,,1,15,,1555198,27,,,1,14,,1555191,27,,,1,55,,1555194,27,,,1,15,,1555188,27,,,1,15,,1555197,27,,,1,14,,1555189,27,,,1,56,,1555190,27,,,1,15,,1555184,27,,,1,16,,1555199,27,,,1,14,,1555200,27,,,1,56,,1555195,27,,,1,16,,1555185,27,,,1,14,,1555192,27,,,1,16,,1555196,27,,,1,56,,1555201,27,,,1,15,,1555202,27,,,1,16,,1555193,27,,,1,13,,1555183,27,,,1,55,,1555203,27,,,1,15,,1555204,27,,,1,15,,1555205,27,,,1,15,,1555206,27,,,1,55,,1555187,27,,,1,17,,1555216,27,,,1,17,,1555186,27,,,1,14,,1555221,27,,,1,54,,1555208,27,,,1,15,,1555210,27,,,1,15,,1555218,27,,,1,15,,1555212,27,,,1,55,,1555211,27,,,1,16,,1555219,27,,,1,14,,1555207,27,,,1,15,,1555215,27,,,1,55,,1555214,27,,,1,15,,1555213,27,,,1,15,,1555220,27,,,1,14,,1555222,27,,,1,55,,1555223,27,,,1,14,,1555209,27,,,1,15,,1555217,27,,,1,15,,1555224,27,,,1
80003,'20261012',550,,1555242,27,,,1,55,,1555232,27,,,1,15,,1555237,27,,,1,15,,1555230,27,,,1,16,,1555243,27,,,1,56,,1555228,27,,,1,15,,1555227,27,,,1,15,,1555236,27,,,1,15,,1555244,27,,,1,55,,1555225,27,,,1,16,,1555238,27,,,1,15,,1555231,27,,,1,15,,1555226,27,,,1,55,,1555245,27,,,1,15,,1555246,27,,,1,15,,1555240,27,,,1,14,,1555233,27,,,1,55,,1555241,27,,,1,15,,1555234,27,,,1,16,,1555248,27,,,1,16,,1555229,27,,,1,55,,1555249,27,,,1,15,,1555247,27,,,1,15,,1555252,27,,,1,16,,1555250,27,,,1,56,,1555235,27,,,1,13,,1555257,27,,,1,14,,1555251,27,,,1,15,,1555258,27,,,1,55,,1555253,27,,,1,15,,1555254,27,,,1,14,,1555255,27,,,1,16,,1555256,27,,,1,55,,1555239,27,,,1,15,,1555259,27,,,1,15,,1555275,27,,,1,14,,1555268,27,,,1,55,,1555271,27,,,1,15,,1555265,27,,,1,15,,1555274,27,,,1,14,,1555266,27,,,1,56,,1555267,27,,,1,15,,1555261,27,,,1,16,,1555276,27,,,1,14,,1555277,27,,,1,56,,1555272,27,,,1,16,,1555262,27,,,1,14,,1555269,27,,,1,16,,1555273,27,,,1,56,,1555278,27,,,1,15,,1555279,27,,,1,16,,1555270,27,,,1,13,,1555260,27,,,1,55,,1555280,27,,,1,15,,1555281,27,,,1,15,,1555282,27,,,1,15,,1555283,27,,,1,55,,1555264,27,,,1,17,,1555293,27,,,1,17,,1555263,27,,,1,14,,1555298,27,,,1,54,,1555285,27,,,1,15,,1555287,27,,,1,15,,1555295,27,,,1,15,,1555289,27,,,1,55,,1555288,27,,,1,16,,1555296,27,,,1,14,,1555284,27,,,1,15,,1555292,27,,,1,55,,1555291,27,,,1,15,,1555290,27,,,1,15,,1555297,27,,,1,14,,1555299,27,,,1,55,,1555300,27,,,1,14,,1555286,27,,,1,15,,1555294,27,,,1,15,,1555301,27,,,1
80003,'20261013',511,,1584102,27,,,1,15,,1584015,27,,,1,15,,1584041,27,,,1,15,,1584038,27,,,1,53,,1584020,27,,,1,10,,1584040,27,,,1,10,,1584017,27,,,1,10,,1584028,27,,,1,10,,1584096,27,,,1,10,,1584095,27,,,1,51,,1584094,27,,,1,9,,1584093,27,,,1,11,,1584092,27,,,1,10,,1584091,27,,,1,8,,1584090,27,,,1,9,,1584089,27,,,1,50,,1584088,27,,,1,10,,1584087,27,,,1,13,,1584086,27,,,1,14,,1584085,27,,,1,14,,1584084,27,,,1,54,,1584083,27,,,1,14,,1584082,27,,,1,15,,1584081,27,,,1,15,,1584080,27,,,1,56,,1584079,27,,,1,13,,1584078,27,,,1,15,,1584077,27,,,1,15,,1584076,27,,,1,56,,1584075,27,,,1,15,,1584074,27,,,1,15,,1584073,27,,,1,15,,1584072,27,,,1,56,,1584071,27,,,1,15,,1584070,27,,,1,15,,1584069,27,,,1,15,,1584068,27,,,1,55,,1584067,27,,,1,15,,1584066,27,,,1,15,,1584065,27,,,1,15,,1584064,27,,,1,55,,1584063,27,,,1,14,,1584030,27,,,1,16,,1584062,27,,,1,15,,1584039,27,,,1,55,,1584036,27,,,1,12,,1584061,27,,,1,11,,1584043,27,,,1,11,,1584101,27,,,1,10,,1584098,27,,,1,49,,1584042,27,,,1,11,,1584025,27,,,1,10,,1584044,27,,,1,10,,1584060,27,,,1,10,,1584019,27,,,1,10,,1584012,27,,,1,50,,1584033,27,,,1,10,,1584059,27,,,1,10,,1584014,27,,,1,10,,1584013,27,,,1,9,,1584058,27,,,1,10,,1584057,27,,,1,51,,1584099,27,,,1,9,,1584016,27,,,1,13,,1584018,27,,,1,15,,1584056,27,,,1,15,,1584034,27,,,1,56,,1584100,27,,,1,14,,1584055,27,,,1,14,,1584022,27,,,1,14,,1584021,27,,,1,55,,1584054,27,,,1,16,,1584023,27,,,1,15,,1584053,27,,,1,15,,1584052,27,,,1,55,,1584024,27,,,1,16,,1584051,27,,,1,15,,1584027,27,,,1,15,,1584026,27,,,1,55,,1584050,27,,,1,15,,1584029,27,,,1,15,,1584049,27,,,1,15,,1584031,27,,,1,53,,1584048,27,,,1,15,,1584032,27,,,1,16,,1584047,27,,,1,15,,1584035,27,,,1,53,,1584046,27,,,1,16,,1584037,27,,,1,16,,1584045,27,,,1,15,,1584097,27,,,1
80003,'20261014',511,,1584193,27,,,1,15,,1584106,27,,,1,15,,1584132,27,,,1,15,,1584129,27,,,1,53,,1584111,27,,,1,10,,1584131,27,,,1,10,,1584108,27,,,1,10,,1584119,27,,,1,10,,1584187,27,,,1,10,,1584186,27,,,1,51,,1584185,27,,,1,9,,1584184,27,,,1,11,,1584183,27,,,1,10,,1584182,27,,,1,8,,1584181,27,,,1,9,,1584180,27,,,1,50,,1584179,27,,,1,10,,1584178,27,,,1,13,,1584177,27,,,1,14,,1584176,27,,,1,14,,1584175,27,,,1,54,,1584174,27,,,1,14,,1584173,27,,,1,15,,1584172,27,,,1,15,,1584171,27,,,1,56,,1584170,27,,,1,13,,1584169,27,,,1,15,,1584168,27,,,1,15,,1584167,27,,,1,56,,1584166,27,,,1,15,,1584165,27,,,1,15,,1584164,27,,,1,15,,1584163,27,,,1,56,,1584162,27,,,1,15,,1584161,27,,,1,15,,1584160,27,,,1,15,,1584159,27,,,1,55,,1584158,27,,,1,15,,1584157,27,,,1,15,,1584156,27,,,1,15,,1584155,27,,,1,55,,1584154,27,,,1,14,,1584121,27,,,1,16,,1584153,27,,,1,15,,1584130,27,,,1,55,,1584127,27,,,1,12,,1584152,27,,,1,11,,1584134,27,,,1,11,,1584192,27,,,1,10,,1584189,27,,,1,49,,1584133,27,,,1,11,,1584116,27,,,1,10,,1584135,27,,,1,10,,1584151,27,,,1,10,,1584110,27,,,1,10,,1584103,27,,,1,50,,1584124,27,,,1,10,,1584150,27,,,1,10,,1584105,27,,,1,10,,1584104,27,,,1,9,,1584149,27,,,1,10,,1584148,27,,,1,51,,1584190,27,,,1,9,,1584107,27,,,1,13,,1584109,27,,,1,15,,1584147,27,,,1,15,,1584125,27,,,1,56,,1584191,27,,,1,14,,1584146,27,,,1,14,,1584113,27,,,1,14,,1584112,27,,,1,55,,1584145,27,,,1,16,,1584114,27,,,1,15,,1584144,27,,,1,15,,1584143,27,,,1,55,,1584115,27,,,1,16,,1584142,27,,,1,15,,1584118,27,,,1,15,,1584117,27,,,1,55,,1584141,27,,,1,15,,1584120,27,,,1,15,,1584140,27,,,1,15,,1584122,27,,,1,53,,1584139,27,,,1,15,,1584123,27,,,1,16,,1584138,27,,,1,15,,1584126,27,,,1,53,,1584137,27,,,1,16,,1584128,27,,,1,16,,1584136,27,,,1,15,,1584188,27,,,1
80003,'20261015',511,,1584284,27,,,1,15,,1584197,27,,,1,15,,1584223,27,,,1,15,,1584220,27,,,1,53,,1584202,27,,,1,10,,1584222,27,,,1,10,,1584199,27,,,1,10,,1584210,27,,,1,10,,1584278,27,,,1,10,,1584277,27,,,1,51,,1584276,27,,,1,9,,1584275,27,,,1,11,,1584274,27,,,1,10,,1584273,27,,,1,8,,1584272,27,,,1,9,,1584271,27,,,1,50,,1584270,27,,,1,10,,1584269,27,,,1,13,,1584268,27,,,1,14,,1584267,27,,,1,14,,1584266,27,,,1,54,,1584265,27,,,1,14,,1584264,27,,,1,15,,1584263,27,,,1,15,,1584262,27,,,1,56,,1584261,27,,,1,13,,1584260,27,,,1,15,,1584259,27,,,1,15,,1584258,27,,,1,56,,1584257,27,,,1,15,,1584256,27,,,1,15,,1584255,27,,,1,15,,1584254,27,,,1,56,,1584253,27,,,1,15,,1584252,27,,,1,15,,1584251,27,,,1,15,,1584250,27,,,1,55,,1584249,27,,,1,15,,1584248,27,,,1,15,,1584247,27,,,1,15,,1584246,27,,,1,55,,1584245,27,,,1,14,,1584212,27,,,1,16,,1584244,27,,,1,15,,1584221,27,,,1,55,,1584218,27,,,1,12,,1584243,27,,,1,11,,1584225,27,,,1,11,,1584283,27,,,1,10,,1584280,27,,,1,49,,1584224,27,,,1,11,,1584207,27,,,1,10,,1584226,27,,,1,10,,1584242,27,,,1,10,,1584201,27,,,1,10,,1584194,27,,,1,50,,1584215,27,,,1,10,,1584241,27,,,1,10,,1584196,27,,,1,10,,1584195,27,,,1,9,,1584240,27,,,1,10,,1584239,27,,,1,51,,1584281,27,,,1,9,,1584198,27,,,1,13,,1584200,27,,,1,15,,1584238,27,,,1,15,,1584216,27,,,1,56,,1584282,27,,,1,14,,1584237,27,,,1,14,,1584204,27,,,1,14,,1584203,27,,,1,55,,1584236,27,,,1,16,,1584205,27,,,1,15,,1584235,27,,,1,15,,1584234,27,,,1,55,,1584206,27,,,1,16,,1584233,27,,,1,15,,1584209,27,,,1,15,,1584208,27,,,1,55,,1584232,27,,,1,15,,1584211,27,,,1,15,,1584231,27,,,1,15,,1584213,27,,,1,53,,1584230,27,,,1,15,,1584214,27,,,1,16,,1584229,27,,,1,15,,1584217,27,,,1,53,,1584228,27,,,1,16,,1584219,27,,,1,16,,1584227,27,,,1,15,,1584279,27,,,1
80003,'20261016',511,,1584375,27,,,1,15,,1584288,27,,,1,15,,1584314,27,,,1,15,,1584311,27,,,1,53,,1584293,27,,,1,10,,1584313,27,,,1,10,,1584290,27,,,1,10,,1584301,27,,,1,10,,1584369,27,,,1,10,,1584368,27,,,1,51,,1584367,27,,,1,9,,1584366,27,,,1,11,,1584365,27,,,1,10,,1584364,27,,,1,8,,1584363,27,,,1,9,,1584362,27,,,1,50,,1584361,27,,,1,10,,1584360,27,,,1,13,,1584359,27,,,1,14,,1584358,27,,,1,14,,1584357,27,,,1,54,,1584356,27,,,1,14,,1584355,27,,,1,15,,1584354,27,,,1,15,,1584353,27,,,1,56,,1584352,27,,,1,13,,1584351,27,,,1,15,,1584350,27,,,1,15,,1584349,27,,,1,56,,1584348,27,,,1,15,,1584347,27,,,1,15,,1584346,27,,,1,15,,1584345,27,,,1,56,,1584344,27,,,1,15,,1584343,27,,,1,15,,1584342,27,,,1,15,,1584341,27,,,1,55,,1584340,27,,,1,15,,1584339,27,,,1,15,,1584338,27,,,1,15,,1584337,27,,,1,55,,1584336,27,,,1,14,,1584303,27,,,1,16,,1584335,27,,,1,15,,1584312,27,,,1,55,,1584309,27,,,1,12,,1584334,27,,,1,11,,1584316,27,,,1,11,,1584374,27,,,1,10,,1584371,27,,,1,49,,1584315,27,,,1,11,,1584298,27,,,1,10,,1584317,27,,,1,10,,1584333,27,,,1,10,,1584292,27,,,1,10,,1584285,27,,,1,50,,1584306,27,,,1,10,,1584332,27,,,1,10,,1584287,27,,,1,10,,1584286,27,,,1,9,,1584331,27,,,1,10,,1584330,27,,,1,51,,1584372,27,,,1,9,,1584289,27,,,1,13,,1584291,27,,,1,15,,1584329,27,,,1,15,,1584307,27,,,1,56,,1584373,27,,,1,14,,1584328,27,,,1,14,,1584295,27,,,1,14,,1584294,27,,,1,55,,1584327,27,,,1,16,,1584296,27,,,1,15,,1584326,27,,,1,15,,1584325,27,,,1,55,,1584297,27,,,1,16,,1584324,27,,,1,15,,1584300,27,,,1,15,,1584299,27,,,1,55,,1584323,27,,,1,15,,1584302,27,,,1,15,,1584322,27,,,1,15,,1584304,27,,,1,53,,1584321,27,,,1,15,,1584305,27,,,1,16,,1584320,27,,,1,15,,1584308,27,,,1,53,,1584319,27,,,1,16,,1584310,27,,,1,16,,1584318,27,,,1,15,,1584370,27,,,1
80003,'20261017',550,,1615800,27,,,1,55,,1615801,27,,,1,15,,1615802,27,,,1,15,,1615803,27,,,1,16,,1615804,27,,,1,56,,1615805,27,,,1,15,,1615806,27,,,1,15,,1615808,27,,,1,15,,1615809,27,,,1,55,,1615810,27,,,1,16,,1615807,27,,,1,15,,1615811,27,,,1,15,,1615812,27,,,1,55,,1615813,27,,,1,15,,1615814,27,,,1,15,,1615815,27,,,1,14,,1615816,27,,,1,55,,1615817,27,,,1,15,,1615818,27,,,1,16,,1615820,27,,,1,16,,1615821,27,,,1,55,,1615822,27,,,1,15,,1615819,27,,,1,15,,1615823,27,,,1,16,,1615824,27,,,1,56,,1615825,27,,,1,13,,1615826,27,,,1,14,,1615827,27,,,1,15,,1615829,27,,,1,55,,1615828,27,,,1,15,,1615830,27,,,1,14,,1615831,27,,,1,16,,1615832,27,,,1,55,,1615833,27,,,1,15,,1615834,27,,,1,15,,1615835,27,,,1,14,,1615836,27,,,1,55,,1615838,27,,,1,15,,1615839,27,,,1,15,,1615840,27,,,1,14,,1615837,27,,,1,56,,1615841,27,,,1,15,,1615842,27,,,1,16,,1615843,27,,,1,14,,1615844,27,,,1,56,,1615845,27,,,1,16,,1615846,27,,,1,14,,1615847,27,,,1,16,,1615849,27,,,1,56,,1615850,27,,,1,15,,1615851,27,,,1,16,,1615848,27,,,1,13,,1615852,27,,,1,55,,1615853,27,,,1,15,,1615854,27,,,1,15,,1615855,27,,,1,15,,1615857,27,,,1,55,,1615858,27,,,1,17,,1615859,27,,,1,17,,1615856,27,,,1,14,,1615860,27,,,1,54,,1615861,27,,,1,15,,1615862,27,,,1,15,,1615863,27,,,1,15,,1615864,27,,,1,55,,1615865,27,,,1,16,,1615866,27,,,1,14,,1615868,27,,,1,15,,1615869,27,,,1,55,,1615870,27,,,1,15,,1615867,27,,,1,15,,1615871,27,,,1,14,,1615872,27,,,1,55,,1615873,27,,,1,14,,1615874,27,,,1,15,,1615875,27,,,1,15,,1615876,27,,,1
80003,'20261018',550,,1615894,27,,,1,55,,1615884,27,,,1,15,,1615889,27,,,1,15,,1615882,27,,,1,16,,1615895,27,,,1,56,,1615880,27,,,1,15,,1615879,27,,,1,15,,1615888,27,,,1,15,,1615896,27,,,1,55,,1615877,27,,,1,16,,1615890,27,,,1,15,,1615883,27,,,1,15,,1615878,27,,,1,55,,1615897,27,,,1,15,,1615898,27,,,1,15,,1615892,27,,,1,14,,1615885,27,,,1,55,,1615893,27,,,1,15,,1615886,27,,,1,16,,1615900,27,,,1,16,,1615881,27,,,1,55,,1615901,27,,,1,15,,1615899,27,,,1,15,,1615904,27,,,1,16,,1615902,27,,,1,56,,1615887,27,,,1,13,,1615909,27,,,1,14,,1615903,27,,,1,15,,1615910,27,,,1,55,,1615905,27,,,1,15,,1615906,27,,,1,14,,1615907,27,,,1,16,,1615908,27,,,1,55,,1615891,27,,,1,15,,1615911,27,,,1,15,,1615927,27,,,1,14,,1615920,27,,,1,55,,1615923,27,,,1,15,,1615917,27,,,1,15,,1615926,27,,,1,14,,1615918,27,,,1,56,,1615919,27,,,1,15,,1615913,27,,,1,16,,1615928,27,,,1,14,,1615929,27,,,1,56,,1615924,27,,,1,16,,1615914,27,,,1,14,,1615921,27,,,1,16,,1615925,27,,,1,56,,1615930,27,,,1,15,,1615931,27,,,1,16,,1615922,27,,,1,13,,1615912,27,,,1,55,,1615932,27,,,1,15,,1615933,27,,,1,15,,1615934,27,,,1,15,,1615935,27,,,1,55,,1615916,27,,,1,17,,1615945,27,,,1,17,,1615915,27,,,1,14,,1615950,27,,,1,54,,1615937,27,,,1,15,,1615939,27,,,1,15,,1615947,27,,,1,15,,1615941,27,,,1,55,,1615940,27,,,1,16,,1615948,27,,,1,14,,1615936,27,,,1,15,,1615944,27,,,1,55,,1615943,27,,,1,15,,1615942,27,,,1,15,,1615949,27,,,1,14,,1615951,27,,,1,55,,1615952,27,,,1,14,,1615938,27,,,1,15,,1615946,27,,,1,15,,1615953,27,,,1
80003,'20261019',511,,1616044,27,,,1,15,,1615957,27,,,1,15,,1615983,27,,,1,15,,1615980,27,,,1,53,,1615962,27,,,1,10,,1615982,27,,,1,10,,1615959,27,,,1,10,,1615970,27,,,1,10,,1616038,27,,,1,10,,1616037,27,,,1,51,,1616036,27,,,1,9,,1616035,27,,,1,11,,1616034,27,,,1,10,,1616033,27,,,1,8,,1616032,27,,,1,9,,1616031,27,,,1,50,,1616030,27,,,1,10,,1616029,27,,,1,13,,1616028,27,,,1,14,,1616027,27,,,1,14,,1616026,27,,,1,54,,1616025,27,,,1,14,,1616024,27,,,1,15,,1616023,27,,,1,15,,1616022,27,,,1,56,,1616021,27,,,1,13,,1616020,27,,,1,15,,1616019,27,,,1,15,,1616018,27,,,1,56,,1616017,27,,,1,15,,1616016,27,,,1,15,,1616015,27,,,1,15,,1616014,27,,,1,56,,1616013,27,,,1,15,,1616012,27,,,1,15,,1616011,27,,,1,15,,1616010,27,,,1,55,,1616009,27,,,1,15,,1616008,27,,,1,15,,1616007,27,,,1,15,,1616006,27,,,1,55,,1616005,27,,,1,14,,1615972,27,,,1,16,,1616004,27,,,1,15,,1615981,27,,,1,55,,1615978,27,,,1,12,,1616003,27,,,1,11,,1615985,27,,,1,11,,1616043,27,,,1,10,,1616040,27,,,1,49,,1615984,27,,,1,11,,1615967,27,,,1,10,,1615986,27,,,1,10,,1616002,27,,,1,10,,1615961,27,,,1,10,,1615954,27,,,1,50,,1615975,27,,,1,10,,1616001,27,,,1,10,,1615956,27,,,1,10,,1615955,27,,,1,9,,1616000,27,,,1,10,,1615999,27,,,1,51,,1616041,27,,,1,9,,1615958,27,,,1,13,,1615960,27,,,1,15,,1615998,27,,,1,15,,1615976,27,,,1,56,,1616042,27,,,1,14,,1615997,27,,,1,14,,1615964,27,,,1,14,,1615963,27,,,1,55,,1615996,27,,,1,16,,1615965,27,,,1,15,,1615995,27,,,1,15,,1615994,27,,,1,55,,1615966,27,,,1,16,,1615993,27,,,1,15,,1615969,27,,,1,15,,1615968,27,,,1,55,,1615992,27,,,1,15,,1615971,27,,,1,15,,1615991,27,,,1,15,,1615973,27,,,1,53,,1615990,27,,,1,15,,1615974,27,,,1,16,,1615989,27,,,1,15,,1615977,27,,,1,53,,1615988,27,,,1,16,,1615979,27,,,1,16,,1615987,27,,,1,15,,1616039,27,,,1
80003,'20261020',511,,1616135,27,,,1,15,,1616048,27,,,1,15,,1616074,27,,,1,15,,1616071,27,,,1,53,,1616053,27,,,1,10,,1616073,27,,,1,10,,1616050,27,,,1,10,,1616061,27,,,1,10,,1616129,27,,,1,10,,1616128,27,,,1,51,,1616127,27,,,1,9,,1616126,27,,,1,11,,1616125,27,,,1,10,,1616124,27,,,1,8,,1616123,27,,,1,9,,1616122,27,,,1,50,,1616121,27,,,1,10,,1616120,27,,,1,13,,1616119,27,,,1,14,,1616118,27,,,1,14,,1616117,27,,,1,54,,1616116,27,,,1,14,,1616115,27,,,1,15,,1616114,27,,,1,15,,1616113,27,,,1,56,,1616112,27,,,1,13,,1616111,27,,,1,15,,1616110,27,,,1,15,,1616109,27,,,1,56,,1616108,27,,,1,15,,1616107,27,,,1,15,,1616106,27,,,1,15,,1616105,27,,,1,56,,1616104,27,,,1,15,,1616103,27,,,1,15,,1616102,27,,,1,15,,1616101,27,,,1,55,,1616100,27,,,1,15,,1616099,27,,,1,15,,1616098,27,,,1,15,,1616097,27,,,1,55,,1616096,27,,,1,14,,1616063,27,,,1,16,,1616095,27,,,1,15,,1616072,27,,,1,55,,1616069,27,,,1,12,,1616094,27,,,1,11,,1616076,27,,,1,11,,1616134,27,,,1,10,,1616131,27,,,1,49,,1616075,27,,,1,11,,1616058,27,,,1,10,,1616077,27,,,1,10,,1616093,27,,,1,10,,1616052,27,,,1,10,,1616045,27,,,1,50,,1616066,27,,,1,10,,1616092,27,,,1,10,,1616047,27,,,1,10,,1616046,27,,,1,9,,1616091,27,,,1,10,,1616090,27,,,1,51,,1616132,27,,,1,9,,1616049,27,,,1,13,,1616051,27,,,1,15,,1616089,27,,,1,15,,1616067,27,,,1,56,,1616133,27,,,1,14,,1616088,27,,,1,14,,1616055,27,,,1,14,,1616054,27,,,1,55,,1616087,27,,,1,16,,1616056,27,,,1,15,,1616086,27,,,1,15,,1616085,27,,,1,55,,1616057,27,,,1,16,,1616084,27,,,1,15,,1616060,27,,,1,15,,1616059,27,,,1,55,,1616083,27,,,1,15,,1616062,27,,,1,15,,1616082,27,,,1,15,,1616064,27,,,1,53,,1616081,27,,,1,15,,1616065,27,,,1,16,,1616080,27,,,1,15,,1616068,27,,,1,53,,1616079,27,,,1,16,,1616070,27,,,1,16,,1616078,27,,,1,15,,1616130,27,,,1
