8101,'20261006',642,,1608070,56,,,0,69,,1608071,56,,,0,30,,1608072,56,,,0,69,,1608073,56,,,0,32,,1608074,56,,,0,70,,1608075,56,,,0,30,,1608076,56,,,0,100,,1608077,56,,,0,100,,1608078,56,,,0,100,,1608079,56,,,0,100,,1608080,56,,,0,100,,1608081,56,,,0,99,,1608082,56,,,0,69,,1608083,56,,,0,30,,1608084,56,,,0,70,,1608085,56,,,0,30,,1608086,56,,,0,102,,1608087,56,,,0,101,,1608088,56,,,0,100,,1608089,56,,,0,100,,1608090,56,,,0,100,,1608091,56,,,0,100,,1608092,56,,,0
8101,'20261007',642,,1608093,56,,,0,69,,1608094,56,,,0,30,,1608095,56,,,0,69,,1608096,56,,,0,32,,1608097,56,,,0,70,,1608098,56,,,0,30,,1608099,56,,,0,100,,1608100,56,,,0,100,,1608101,56,,,0,100,,1608102,56,,,0,100,,1608103,56,,,0,100,,1608104,56,,,0,99,,1608105,56,,,0,69,,1608106,56,,,0,30,,1608107,56,,,0,70,,1608108,56,,,0,30,,1608109,56,,,0,102,,1608110,56,,,0,101,,1608111,56,,,0,100,,1608112,56,,,0,100,,1608113,56,,,0,100,,1608114,56,,,0,100,,1608115,56,,,0
8101,'20261008',642,,1608116,56,,,0,69,,1608117,56,,,0,30,,1608118,56,,,0,69,,1608119,56,,,0,32,,1608120,56,,,0,70,,1608121,56,,,0,30,,1608122,56,,,0,100,,1608123,56,,,0,100,,1608124,56,,,0,100,,1608125,56,,,0,100,,1608126,56,,,0,100,,1608127,56,,,0,99,,1608128,56,,,0,69,,1608129,56,,,0,30,,1608130,56,,,0,70,,1608131,56,,,0,30,,1608132,56,,,0,102,,1608133,56,,,0,101,,1608134,56,,,0,100,,1608135,56,,,0,100,,1608136,56,,,0,100,,1608137,56,,,0,100,,1608138,56,,,0
8101,'20261009',642,,1608139,56,,,0,69,,1608140,56,,,0,30,,1608141,56,,,0,69,,1608142,56,,,0,32,,1608143,56,,,0,70,,1608144,56,,,0,30,,1608145,56,,,0,100,,1608146,56,,,0,100,,1608147,56,,,0,100,,1608148,56,,,0,100,,1608149,56,,,0,100,,1608150,56,,,0,99,,1608151,56,,,0,69,,1608152,56,,,0,30,,1608153,56,,,0,70,,1608154,56,,,0,30,,1608155,56,,,0,102,,1608156,56,,,0,101,,1608157,56,,,0,100,,1608158,56,,,0,100,,1608159,56,,,0,100,,1608160,56,,,0,100,,1608161,56,,,0
8101,'20261010',644,,1550388,56,,,0,99,,1550389,56,,,0,100,,1550390,56,,,0,100,,1550391,56,,,0,100,,1550392,56,,,0,99,,1550393,56,,,0,100,,1550394,56,,,0,99,,1550395,56,,,0,100,,1550396,56,,,0,100,,1550397,56,,,0,100,,1550398,56,,,0,102,,1550399,56,,,0,100,,1550400,56,,,0,100,,1550401,56,,,0,100,,1550402,56,,,0,100,,1550403,56,,,0,101,,1550404,56,,,0,100,,1550405,56,,,0
8101,'20261011',644,,1550406,56,,,0,99,,1550407,56,,,0,100,,1550408,56,,,0,100,,1550409,56,,,0,100,,1550410,56,,,0,99,,1550411,56,,,0,100,,1550412,56,,,0,99,,1550413,56,,,0,100,,1550414,56,,,0,100,,1550415,56,,,0,100,,1550416,56,,,0,102,,1550417,56,,,0,100,,1550418,56,,,0,100,,1550419,56,,,0,100,,1550420,56,,,0,100,,1550421,56,,,0,101,,1550422,56,,,0,100,,1550423,56,,,0
8101,'20261012',644,,1550424,56,,,0,99,,1550425,56,,,0,100,,1550426,56,,,0,100,,1550427,56,,,0,100,,1550428,56,,,0,99,,1550429,56,,,0,100,,1550430,56,,,0,99,,1550431,56,,,0,100,,1550432,56,,,0,100,,1550433,56,,,0,100,,1550434,56,,,0,102,,1550435,56,,,0,100,,1550436,56,,,0,100,,1550437,56,,,0,100,,1550438,56,,,0,100,,1550439,56,,,0,101,,1550440,56,,,0,100,,1550441,56,,,0
8101,'20261013',642,,1576420,56,,,0,69,,1576421,56,,,0,30,,1576422,56,,,0,69,,1576423,56,,,0,32,,1576424,56,,,0,70,,1576425,56,,,0,30,,1576426,56,,,0,100,,1576427,56,,,0,100,,1576428,56,,,0,100,,1576429,56,,,0,100,,1576430,56,,,0,100,,1576431,56,,,0,99,,1576432,56,,,0,69,,1576433,56,,,0,30,,1576434,56,,,0,70,,1576435,56,,,0,30,,1576436,56,,,0,102,,1576437,56,,,0,101,,1576438,56,,,0,100,,1576439,56,,,0,100,,1576440,56,,,0,100,,1576441,56,,,0,100,,1576442,56,,,0
8101,'20261014',642,,1576443,56,,,0,69,,1576444,56,,,0,30,,1576445,56,,,0,69,,1576446,56,,,0,32,,1576447,56,,,0,70,,1576448,56,,,0,30,,1576449,56,,,0,100,,1576450,56,,,0,100,,1576451,56,,,0,100,,1576452,56,,,0,100,,1576453,56,,,0,100,,1576454,56,,,0,99,,1576455,56,,,0,69,,1576456,56,,,0,30,,1576457,56,,,0,70,,1576458,56,,,0,30,,1576459,56,,,0,102,,1576460,56,,,0,101,,1576461,56,,,0,100,,1576462,56,,,0,100,,1576463,56,,,0,100,,1576464,56,,,0,100,,1576465,56,,,0
8101,'20261015',642,,1576466,56,,,0,69,,1576467,56,,,0,30,,1576468,56,,,0,69,,1576469,56,,,0,32,,1576470,56,,,0,70,,1576471,56,,,0,30,,1576472,56,,,0,100,,1576473,56,,,0,100,,1576474,56,,,0,100,,1576475,56,,,0,100,,1576476,56,,,0,100,,1576477,56,,,0,99,,1576478,56,,,0,69,,1576479,56,,,0,30,,1576480,56,,,0,70,,1576481,56,,,0,30,,1576482,56,,,0,102,,1576483,56,,,0,101,,1576484,56,,,0,100,,1576485,56,,,0,100,,1576486,56,,,0,100,,1576487,56,,,0,100,,1576488,56,,,0
8101,'20261016',642,,1576489,56,,,0,69,,1576490,56,,,0,30,,1576491,56,,,0,69,,1576492,56,,,0,32,,1576493,56,,,0,70,,1576494,56,,,0,30,,1576495,56,,,0,100,,1576496,56,,,0,100,,1576497,56,,,0,100,,1576498,56,,,0,100,,1576499,56,,,0,100,,1576500,56,,,0,99,,1576501,56,,,0,69,,1576502,56,,,0,30,,1576503,56,,,0,70,,1576504,56,,,0,30,,1576505,56,,,0,102,,1576506,56,,,0,101,,1576507,56,,,0,100,,1576508,56,,,0,100,,1576509,56,,,0,100,,1576510,56,,,0,100,,1576511,56,,,0
8101,'20261017',644,,1608162,56,,,0,99,,1608163,56,,,0,100,,1608164,56,,,0,100,,1608165,56,,,0,100,,1608166,56,,,0,99,,1608167,56,,,0,100,,1608168,56,,,0,99,,1608169,56,,,0,100,,1608170,56,,,0,100,,1608171,56,,,0,100,,1608172,56,,,0,102,,1608173,56,,,0,100,,1608174,56,,,0,100,,1608175,56,,,0,100,,1608176,56,,,0,100,,1608177,56,,,0,101,,1608178,56,,,0,100,,1608179,56,,,0
8101,'20261018',644,,1608180,56,,,0,99,,1608181,56,,,0,100,,1608182,56,,,0,100,,1608183,56,,,0,100,,1608184,56,,,0,99,,1608185,56,,,0,100,,1608186,56,,,0,99,,1608187,56,,,0,100,,1608188,56,,,0,100,,1608189,56,,,0,100,,1608190,56,,,0,102,,1608191,56,,,0,100,,1608192,56,,,0,100,,1608193,56,,,0,100,,1608194,56,,,0,100,,1608195,56,,,0,101,,1608196,56,,,0,100,,1608197,56,,,0
8101,'20261019',642,,1608198,56,,,0,69,,1608199,56,,,0,30,,1608200,56,,,0,69,,1608201,56,,,0,32,,1608202,56,,,0,70,,1608203,56,,,0,30,,1608204,56,,,0,100,,1608205,56,,,0,100,,1608206,56,,,0,100,,1608207,56,,,0,100,,1608208,56,,,0,100,,1608209,56,,,0,99,,1608210,56,,,0,69,,1608211,56,,,0,30,,1608212,56,,,0,70,,1608213,56,,,0,30,,1608214,56,,,0,102,,1608215,56,,,0,101,,1608216,56,,,0,100,,1608217,56,,,0,100,,1608218,56,,,0,100,,1608219,56,,,0,100,,1608220,56,,,0
8101,'20261020',642,,1608221,56,,,0,69,,1608222,56,,,0,30,,1608223,56,,,0,69,,1608224,56,,,0,32,,1608225,56,,,0,70,,1608226,56,,,0,30,,1608227,56,,,0,100,,1608228,56,,,0,100,,1608229,56,,,0,100,,1608230,56,,,0,100,,1608231,56,,,0,100,,1608232,56,,,0,99,,1608233,56,,,0,69,,1608234,56,,,0,30,,1608235,56,,,0,70,,1608236,56,,,0,30,,1608237,56,,,0,102,,1608238,56,,,0,101,,1608239,56,,,0,100,,1608240,56,,,0,100,,1608241,56,,,0,100,,1608242,56,,,0,100,,1608243,56,,,0
80303,'20261006',605,,1619810,33,,,1,15,,1619811,33,,,1,15,,1619812,33,,,1,14,,1619813,33,,,1,54,,1619814,33,,,1,12,,1619815,33,,,1,13,,1619816,33,,,1,13,,1619817,33,,,1,11,,1619818,33,,,1,50,,1619819,33,,,1,9,,1619820,33,,,1,9,,1619821,33,,,1,7,,1619822,33,,,1,8,,1619823,33,,,1,9,,1619824,33,,,1,6,,1619825,33,,,1,9,,1619826,33,,,1,47,,1619827,33,,,1,10,,1619828,33,,,1,10,,1619829,33,,,1,9,,1619830,33,,,1,10,,1619831,33,,,1,10,,1619832,33,,,1,50,,1619833,33,,,1,12,,1619834,33,,,1,12,,1619835,33,,,1,12,,1619836,33,,,1,12,,1619837,33,,,1,52,,1619838,33,,,1,12,,1619839,33,,,1,12,,1619840,33,,,1,13,,1619841,33,,,1,12,,1619842,33,,,1,52,,1619843,33,,,1,14,,1619844,33,,,1,13,,1619845,33,,,1,13,,1619846,33,,,1,12,,1619847,33,,,1,51,,1619848,33,,,1,12,,1619849,33,,,1,12,,1619850,33,,,1,12,,1619851,33,,,1,12,,1619852,33,,,1,52,,1619853,33,,,1,12,,1619854,33,,,1,12,,1619855,33,,,1,11,,1619856,33,,,1,13,,1619857,33,,,1,52,,1619858,33,,,1,11,,1619859,33,,,1,12,,1619860,33,,,1,11,,1619861,33,,,1,10,,1619862,33,,,1,50,,1619863,33,,,1,10,,1619864,33,,,1,9,,1619865,33,,,1,11,,1619866,33,,,1,9,,1619867,33,,,1,11,,1619868,33,,,1,50,,1619869,33,,,1,10,,1619870,33,,,1,11,,1619871,33,,,1,8,,1619872,33,,,1,11,,1619873,33,,,1,9,,1619874,33,,,1,49,,1619875,33,,,1,10,,1619876,33,,,1,9,,1619877,33,,,1,10,,1619878,33,,,1,11,,1619879,33,,,1,12,,1619880,33,,,1,52,,1619881,33,,,1,14,,1619882,33,,,1,14,,1619883,33,,,1,16,,1619884,33,,,1,53,,1619885,33,,,1,15,,1619886,33,,,1,15,,1619887,33,,,1,14,,1619888,33,,,1,55,,1619889,33,,,1,15,,1619890,33,,,1,15,,1619891,33,,,1,15,,1619892,33,,,1,55,,1619893,33,,,1,14,,1619894,33,,,1,15,,1619895,33,,,1,14,,1619896,33,,,1,15,,1619897,33,,,1,55,,1619898,33,,,1,15,,1619899,33,,,1,15,,1619900,33,,,1,15,,1619901,33,,,1,55,,1619902,33,,,1,15,,1619903,33,,,1,15,,1619904,33,,,1,15,,1619905,33,,,1,56,,1619906,33,,,1,15,,1619907,33,,,1
80303,'20261007',605,,1619908,33,,,1,15,,1619909,33,,,1,15,,1619910,33,,,1,14,,1619911,33,,,1,54,,1619912,33,,,1,12,,1619913,33,,,1,13,,1619914,33,,,1,13,,1619915,33,,,1,11,,1619916,33,,,1,50,,1619917,33,,,1,9,,1619918,33,,,1,9,,1619919,33,,,1,7,,1619920,33,,,1,8,,1619921,33,,,1,9,,1619922,33,,,1,6,,1619923,33,,,1,9,,1619924,33,,,1,47,,1619925,33,,,1,10,,1619926,33,,,1,10,,1619927,33,,,1,9,,1619928,33,,,1,10,,1619929,33,,,1,10,,1619930,33,,,1,50,,1619931,33,,,1,12,,1619932,33,,,1,12,,1619933,33,,,1,12,,1619934,33,,,1,12,,1619935,33,,,1,52,,1619936,33,,,1,12,,1619937,33,,,1,12,,1619938,33,,,1,13,,1619939,33,,,1,12,,1619940,33,,,1,52,,1619941,33,,,1,14,,1619942,33,,,1,13,,1619943,33,,,1,13,,1619944,33,,,1,12,,1619945,33,,,1,51,,1619946,33,,,1,12,,1619947,33,,,1,12,,1619948,33,,,1,12,,1619949,33,,,1,12,,1619950,33,,,1,52,,1619951,33,,,1,12,,1619952,33,,,1,12,,1619953,33,,,1,11,,1619954,33,,,1,13,,1619955,33,,,1,52,,1619956,33,,,1,11,,1619957,33,,,1,12,,1619958,33,,,1,11,,1619959,33,,,1,10,,1619960,33,,,1,50,,1619961,33,,,1,10,,1619962,33,,,1,9,,1619963,33,,,1,11,,1619964,33,,,1,9,,1619965,33,,,1,11,,1619966,33,,,1,50,,1619967,33,,,1,10,,1619968,33,,,1,11,,1619969,33,,,1,8,,1619970,33,,,1,11,,1619971,33,,,1,9,,1619972,33,,,1,49,,1619973,33,,,1,10,,1619974,33,,,1,9,,1619975,33,,,1,10,,1619976,33,,,1,11,,1619977,33,,,1,12,,1619978,33,,,1,52,,1619979,33,,,1,14,,1619980,33,,,1,14,,1619981,33,,,1,16,,1619982,33,,,1,53,,1619983,33,,,1,15,,1619984,33,,,1,15,,1619985,33,,,1,14,,1619986,33,,,1,55,,1619987,33,,,1,15,,1619988,33,,,1,15,,1619989,33,,,1,15,,1619990,33,,,1,55,,1619991,33,,,1,14,,1619992,33,,,1,15,,1619993,33,,,1,14,,1619994,33,,,1,15,,1619995,33,,,1,55,,1619996,33,,,1,15,,1619997,33,,,1,15,,1619998,33,,,1,15,,1619999,33,,,1,55,,1620000,33,,,1,15,,1620001,33,,,1,15,,1620002,33,,,1,15,,1620003,33,,,1,56,,1620004,33,,,1,15,,1620005,33,,,1
80303,'20261008',605,,1620006,33,,,1,15,,1620007,33,,,1,15,,1620008,33,,,1,14,,1620009,33,,,1,54,,1620010,33,,,1,12,,1620011,33,,,1,13,,1620012,33,,,1,13,,1620013,33,,,1,11,,1620014,33,,,1,50,,1620015,33,,,1,9,,1620016,33,,,1,9,,1620017,33,,,1,7,,1620018,33,,,1,8,,1620019,33,,,1,9,,1620020,33,,,1,6,,1620021,33,,,1,9,,1620022,33,,,1,47,,1620023,33,,,1,10,,1620024,33,,,1,10,,1620025,33,,,1,9,,1620026,33,,,1,10,,1620027,33,,,1,10,,1620028,33,,,1,50,,1620029,33,,,1,12,,1620030,33,,,1,12,,1620031,33,,,1,12,,1620032,33,,,1,12,,1620033,33,,,1,52,,1620034,33,,,1,12,,1620035,33,,,1,12,,1620036,33,,,1,13,,1620037,33,,,1,12,,1620038,33,,,1,52,,1620039,33,,,1,14,,1620040,33,,,1,13,,1620041,33,,,1,13,,1620042,33,,,1,12,,1620043,33,,,1,51,,1620044,33,,,1,12,,1620045,33,,,1,12,,1620046,33,,,1,12,,1620047,33,,,1,12,,1620048,33,,,1,52,,1620049,33,,,1,12,,1620050,33,,,1,12,,1620051,33,,,1,11,,1620052,33,,,1,13,,1620053,33,,,1,52,,1620054,33,,,1,11,,1620055,33,,,1,12,,1620056,33,,,1,11,,1620057,33,,,1,10,,1620058,33,,,1,50,,1620059,33,,,1,10,,1620060,33,,,1,9,,1620061,33,,,1,11,,1620062,33,,,1,9,,1620063,33,,,1,11,,1620064,33,,,1,50,,1620065,33,,,1,10,,1620066,33,,,1,11,,1620067,33,,,1,8,,1620068,33,,,1,11,,1620069,33,,,1,9,,1620070,33,,,1,49,,1620071,33,,,1,10,,1620072,33,,,1,9,,1620073,33,,,1,10,,1620074,33,,,1,11,,1620075,33,,,1,12,,1620076,33,,,1,52,,1620077,33,,,1,14,,1620078,33,,,1,14,,1620079,33,,,1,16,,1620080,33,,,1,53,,1620081,33,,,1,15,,1620082,33,,,1,15,,1620083,33,,,1,14,,1620084,33,,,1,55,,1620085,33,,,1,15,,1620086,33,,,1,15,,1620087,33,,,1,15,,1620088,33,,,1,55,,1620089,33,,,1,14,,1620090,33,,,1,15,,1620091,33,,,1,14,,1620092,33,,,1,15,,1620093,33,,,1,55,,1620094,33,,,1,15,,1620095,33,,,1,15,,1620096,33,,,1,15,,1620097,33,,,1,55,,1620098,33,,,1,15,,1620099,33,,,1,15,,1620100,33,,,1,15,,1620101,33,,,1,56,,1620102,33,,,1,15,,1620103,33,,,1
80303,'20261009',605,,1620104,33,,,1,15,,1620105,33,,,1,15,,1620106,33,,,1,14,,1620107,33,,,1,54,,1620108,33,,,1,12,,1620109,33,,,1,13,,1620110,33,,,1,13,,1620111,33,,,1,11,,1620112,33,,,1,50,,1620113,33,,,1,9,,1620114,33,,,1,9,,1620115,33,,,1,7,,1620116,33,,,1,8,,1620117,33,,,1,9,,1620118,33,,,1,6,,1620119,33,,,1,9,,1620120,33,,,1,47,,1620121,33,,,1,10,,1620122,33,,,1,10,,1620123,33,,,1,9,,1620124,33,,,1,10,,1620125,33,,,1,10,,1620126,33,,,1,50,,1620127,33,,,1,12,,1620128,33,,,1,12,,1620129,33,,,1,12,,1620130,33,,,1,12,,1620131,33,,,1,52,,1620132,33,,,1,12,,1620133,33,,,1,12,,1620134,33,,,1,13,,1620135,33,,,1,12,,1620136,33,,,1,52,,1620137,33,,,1,14,,1620138,33,,,1,13,,1620139,33,,,1,13,,1620140,33,,,1,12,,1620141,33,,,1,51,,1620142,33,,,1,12,,1620143,33,,,1,12,,1620144,33,,,1,12,,1620145,33,,,1,12,,1620146,33,,,1,52,,1620147,33,,,1,12,,1620148,33,,,1,12,,1620149,33,,,1,11,,1620150,33,,,1,13,,1620151,33,,,1,52,,1620152,33,,,1,11,,1620153,33,,,1,12,,1620154,33,,,1,11,,1620155,33,,,1,10,,1620156,33,,,1,50,,1620157,33,,,1,10,,1620158,33,,,1,9,,1620159,33,,,1,11,,1620160,33,,,1,9,,1620161,33,,,1,11,,1620162,33,,,1,50,,1620163,33,,,1,10,,1620164,33,,,1,11,,1620165,33,,,1,8,,1620166,33,,,1,11,,1620167,33,,,1,9,,1620168,33,,,1,49,,1620169,33,,,1,10,,1620170,33,,,1,9,,1620171,33,,,1,10,,1620172,33,,,1,11,,1620173,33,,,1,12,,1620174,33,,,1,52,,1620175,33,,,1,14,,1620176,33,,,1,14,,1620177,33,,,1,16,,1620178,33,,,1,53,,1620179,33,,,1,15,,1620180,33,,,1,15,,1620181,33,,,1,14,,1620182,33,,,1,55,,1620183,33,,,1,15,,1620184,33,,,1,15,,1620185,33,,,1,15,,1620186,33,,,1,55,,1620187,33,,,1,14,,1620188,33,,,1,15,,1620189,33,,,1,14,,1620190,33,,,1,15,,1620191,33,,,1,55,,1620192,33,,,1,15,,1620193,33,,,1,15,,1620194,33,,,1,15,,1620195,33,,,1,55,,1620196,33,,,1,15,,1620197,33,,,1,15,,1620198,33,,,1,15,,1620199,33,,,1,56,,1620200,33,,,1,15,,1620201,33,,,1
80303,'20261010',606,,1558197,33,,,1,15,,1558198,33,,,1,15,,1558202,33,,,1,15,,1558260,33,,,1,54,,1558200,33,,,1,14,,1558199,33,,,1,15,,1558201,33,,,1,15,,1558261,33,,,1,56,,1558212,33,,,1,16,,1558208,33,,,1,16,,1558206,33,,,1,15,,1558262,33,,,1,55,,1558205,33,,,1,15,,1558203,33,,,1,15,,1558263,33,,,1,15,,1558204,33,,,1,55,,1558213,33,,,1,15,,1558214,33,,,1,16,,1558210,33,,,1,15,,1558211,33,,,1,55,,1558207,33,,,1,15,,1558209,33,,,1,15,,1558253,33,,,1,16,,1558251,33,,,1,55,,1558256,33,,,1,15,,1558252,33,,,1,18,,1558218,33,,,1,15,,1558222,33,,,1,56,,1558220,33,,,1,13,,1558238,33,,,1,15,,1558243,33,,,1,14,,1558244,33,,,1,57,,1558241,33,,,1,15,,1558239,33,,,1,14,,1558233,33,,,1,15,,1558247,33,,,1,56,,1558234,33,,,1,13,,1558246,33,,,1,16,,1558249,33,,,1,16,,1558248,33,,,1,56,,1558227,33,,,1,14,,1558258,33,,,1,15,,1558242,33,,,1,16,,1558221,33,,,1,55,,1558223,33,,,1,13,,1558240,33,,,1,14,,1558245,33,,,1,15,,1558230,33,,,1,54,,1558229,33,,,1,16,,1558232,33,,,1,14,,1558231,33,,,1,15,,1558236,33,,,1,55,,1558237,33,,,1,15,,1558264,33,,,1,15,,1558255,33,,,1,14,,1558224,33,,,1,55,,1558225,33,,,1,15,,1558265,33,,,1,15,,1558215,33,,,1,15,,1558217,33,,,1,55,,1558267,33,,,1,15,,1558254,33,,,1,15,,1558268,33,,,1,15,,1558216,33,,,1,55,,1558269,33,,,1,15,,1558250,33,,,1,15,,1558266,33,,,1,15,,1558228,33,,,1,55,,1558270,33,,,1,15,,1558226,33,,,1,16,,1558271,33,,,1,15,,1558257,33,,,1,55,,1558272,33,,,1,14,,1558219,33,,,1,15,,1558273,33,,,1,15,,1558235,33,,,1,55,,1558259,33,,,1
80303,'20261011',606,,1558350,33,,,1,15,,1558347,33,,,1,15,,1558345,33,,,1,15,,1558283,33,,,1,54,,1558343,33,,,1,14,,1558342,33,,,1,15,,1558346,33,,,1,15,,1558279,33,,,1,56,,1558334,33,,,1,16,,1558339,33,,,1,16,,1558349,33,,,1,15,,1558286,33,,,1,55,,1558344,33,,,1,15,,1558348,33,,,1,15,,1558284,33,,,1,15,,1558341,33,,,1,55,,1558321,33,,,1,15,,1558327,33,,,1,16,,1558337,33,,,1,15,,1558328,33,,,1,55,,1558338,33,,,1,15,,1558336,33,,,1,15,,1558319,33,,,1,16,,1558313,33,,,1,55,,1558317,33,,,1,15,,1558314,33,,,1,18,,1558330,33,,,1,15,,1558326,33,,,1,56,,1558324,33,,,1,13,,1558295,33,,,1,15,,1558293,33,,,1,14,,1558308,33,,,1,57,,1558306,33,,,1,15,,1558304,33,,,1,14,,1558298,33,,,1,15,,1558311,33,,,1,56,,1558300,33,,,1,13,,1558310,33,,,1,16,,1558312,33,,,1,16,,1558303,33,,,1,56,,1558290,33,,,1,14,,1558320,33,,,1,15,,1558307,33,,,1,16,,1558323,33,,,1,55,,1558331,33,,,1,13,,1558289,33,,,1,14,,1558309,33,,,1,15,,1558305,33,,,1,54,,1558292,33,,,1,16,,1558299,33,,,1,14,,1558296,33,,,1,15,,1558301,33,,,1,55,,1558297,33,,,1,15,,1558282,33,,,1,15,,1558316,33,,,1,14,,1558332,33,,,1,55,,1558333,33,,,1,15,,1558275,33,,,1,15,,1558329,33,,,1,15,,1558325,33,,,1,55,,1558288,33,,,1,15,,1558315,33,,,1,15,,1558277,33,,,1,15,,1558340,33,,,1,55,,1558287,33,,,1,15,,1558302,33,,,1,15,,1558276,33,,,1,15,,1558291,33,,,1,55,,1558278,33,,,1,15,,1558335,33,,,1,16,,1558281,33,,,1,15,,1558318,33,,,1,55,,1558280,33,,,1,14,,1558322,33,,,1,15,,1558285,33,,,1,15,,1558294,33,,,1,55,,1558274,33,,,1
80303,'20261012',606,,1558427,33,,,1,15,,1558424,33,,,1,15,,1558422,33,,,1,15,,1558360,33,,,1,54,,1558420,33,,,1,14,,1558419,33,,,1,15,,1558423,33,,,1,15,,1558356,33,,,1,56,,1558411,33,,,1,16,,1558416,33,,,1,16,,1558426,33,,,1,15,,1558363,33,,,1,55,,1558421,33,,,1,15,,1558425,33,,,1,15,,1558361,33,,,1,15,,1558418,33,,,1,55,,1558398,33,,,1,15,,1558404,33,,,1,16,,1558414,33,,,1,15,,1558405,33,,,1,55,,1558415,33,,,1,15,,1558413,33,,,1,15,,1558396,33,,,1,16,,1558390,33,,,1,55,,1558394,33,,,1,15,,1558391,33,,,1,18,,1558407,33,,,1,15,,1558403,33,,,1,56,,1558401,33,,,1,13,,1558372,33,,,1,15,,1558370,33,,,1,14,,1558385,33,,,1,57,,1558383,33,,,1,15,,1558381,33,,,1,14,,1558375,33,,,1,15,,1558388,33,,,1,56,,1558377,33,,,1,13,,1558387,33,,,1,16,,1558389,33,,,1,16,,1558380,33,,,1,56,,1558367,33,,,1,14,,1558397,33,,,1,15,,1558384,33,,,1,16,,1558400,33,,,1,55,,1558408,33,,,1,13,,1558366,33,,,1,14,,1558386,33,,,1,15,,1558382,33,,,1,54,,1558369,33,,,1,16,,1558376,33,,,1,14,,1558373,33,,,1,15,,1558378,33,,,1,55,,1558374,33,,,1,15,,1558359,33,,,1,15,,1558393,33,,,1,14,,1558409,33,,,1,55,,1558410,33,,,1,15,,1558352,33,,,1,15,,1558406,33,,,1,15,,1558402,33,,,1,55,,1558365,33,,,1,15,,1558392,33,,,1,15,,1558354,33,,,1,15,,1558417,33,,,1,55,,1558364,33,,,1,15,,1558379,33,,,1,15,,1558353,33,,,1,15,,1558368,33,,,1,55,,1558355,33,,,1,15,,1558412,33,,,1,16,,1558358,33,,,1,15,,1558395,33,,,1,55,,1558357,33,,,1,14,,1558399,33,,,1,15,,1558362,33,,,1,15,,1558371,33,,,1,55,,1558351,33,,,1
80303,'20261013',605,,1588343,33,,,1,15,,1588344,33,,,1,15,,1588345,33,,,1,14,,1588346,33,,,1,54,,1588347,33,,,1,12,,1588348,33,,,1,13,,1588350,33,,,1,13,,1588352,33,,,1,11,,1588354,33,,,1,50,,1588432,33,,,1,9,,1588356,33,,,1,9,,1588431,33,,,1,7,,1588359,33,,,1,8,,1588360,33,,,1,9,,1588430,33,,,1,6,,1588363,33,,,1,9,,1588365,33,,,1,47,,1588429,33,,,1,10,,1588368,33,,,1,10,,1588440,33,,,1,9,,1588370,33,,,1,10,,1588433,33,,,1,10,,1588428,33,,,1,50,,1588372,33,,,1,12,,1588374,33,,,1,12,,1588377,33,,,1,12,,1588378,33,,,1,12,,1588427,33,,,1,52,,1588381,33,,,1,12,,1588383,33,,,1,12,,1588386,33,,,1,13,,1588388,33,,,1,12,,1588439,33,,,1,52,,1588426,33,,,1,14,,1588390,33,,,1,13,,1588425,33,,,1,13,,1588393,33,,,1,12,,1588394,33,,,1,51,,1588424,33,,,1,12,,1588397,33,,,1,12,,1588395,33,,,1,12,,1588423,33,,,1,12,,1588402,33,,,1,52,,1588422,33,,,1,12,,1588405,33,,,1,12,,1588407,33,,,1,11,,1588409,33,,,1,13,,1588411,33,,,1,52,,1588421,33,,,1,11,,1588349,33,,,1,12,,1588420,33,,,1,11,,1588366,33,,,1,10,,1588419,33,,,1,50,,1588375,33,,,1,10,,1588380,33,,,1,9,,1588387,33,,,1,11,,1588418,33,,,1,9,,1588396,33,,,1,11,,1588401,33,,,1,50,,1588417,33,,,1,10,,1588413,33,,,1,11,,1588362,33,,,1,8,,1588416,33,,,1,11,,1588357,33,,,1,9,,1588404,33,,,1,49,,1588414,33,,,1,10,,1588410,33,,,1,9,,1588399,33,,,1,10,,1588434,33,,,1,11,,1588415,33,,,1,12,,1588384,33,,,1,52,,1588369,33,,,1,14,,1588435,33,,,1,14,,1588351,33,,,1,16,,1588412,33,,,1,53,,1588408,33,,,1,15,,1588406,33,,,1,15,,1588403,33,,,1,14,,1588400,33,,,1,55,,1588398,33,,,1,15,,1588392,33,,,1,15,,1588391,33,,,1,15,,1588389,33,,,1,55,,1588385,33,,,1,14,,1588382,33,,,1,15,,1588379,33,,,1,14,,1588376,33,,,1,15,,1588373,33,,,1,55,,1588371,33,,,1,15,,1588367,33,,,1,15,,1588364,33,,,1,15,,1588361,33,,,1,55,,1588358,33,,,1,15,,1588355,33,,,1,15,,1588353,33,,,1,15,,1588436,33,,,1,56,,1588437,33,,,1,15,,1588438,33,,,1
80303,'20261014',605,,1588441,33,,,1,15,,1588442,33,,,1,15,,1588443,33,,,1,14,,1588444,33,,,1,54,,1588445,33,,,1,12,,1588446,33,,,1,13,,1588448,33,,,1,13,,1588450,33,,,1,11,,1588452,33,,,1,50,,1588530,33,,,1,9,,1588454,33,,,1,9,,1588529,33,,,1,7,,1588457,33,,,1,8,,1588458,33,,,1,9,,1588528,33,,,1,6,,1588461,33,,,1,9,,1588463,33,,,1,47,,1588527,33,,,1,10,,1588466,33,,,1,10,,1588538,33,,,1,9,,1588468,33,,,1,10,,1588531,33,,,1,10,,1588526,33,,,1,50,,1588470,33,,,1,12,,1588472,33,,,1,12,,1588475,33,,,1,12,,1588476,33,,,1,12,,1588525,33,,,1,52,,1588479,33,,,1,12,,1588481,33,,,1,12,,1588484,33,,,1,13,,1588486,33,,,1,12,,1588537,33,,,1,52,,1588524,33,,,1,14,,1588488,33,,,1,13,,1588523,33,,,1,13,,1588491,33,,,1,12,,1588492,33,,,1,51,,1588522,33,,,1,12,,1588495,33,,,1,12,,1588493,33,,,1,12,,1588521,33,,,1,12,,1588500,33,,,1,52,,1588520,33,,,1,12,,1588503,33,,,1,12,,1588505,33,,,1,11,,1588507,33,,,1,13,,1588509,33,,,1,52,,1588519,33,,,1,11,,1588447,33,,,1,12,,1588518,33,,,1,11,,1588464,33,,,1,10,,1588517,33,,,1,50,,1588473,33,,,1,10,,1588478,33,,,1,9,,1588485,33,,,1,11,,1588516,33,,,1,9,,1588494,33,,,1,11,,1588499,33,,,1,50,,1588515,33,,,1,10,,1588511,33,,,1,11,,1588460,33,,,1,8,,1588514,33,,,1,11,,1588455,33,,,1,9,,1588502,33,,,1,49,,1588512,33,,,1,10,,1588508,33,,,1,9,,1588497,33,,,1,10,,1588532,33,,,1,11,,1588513,33,,,1,12,,1588482,33,,,1,52,,1588467,33,,,1,14,,1588533,33,,,1,14,,1588449,33,,,1,16,,1588510,33,,,1,53,,1588506,33,,,1,15,,1588504,33,,,1,15,,1588501,33,,,1,14,,1588498,33,,,1,55,,1588496,33,,,1,15,,1588490,33,,,1,15,,1588489,33,,,1,15,,1588487,33,,,1,55,,1588483,33,,,1,14,,1588480,33,,,1,15,,1588477,33,,,1,14,,1588474,33,,,1,15,,1588471,33,,,1,55,,1588469,33,,,1,15,,1588465,33,,,1,15,,1588462,33,,,1,15,,1588459,33,,,1,55,,1588456,33,,,1,15,,1588453,33,,,1,15,,1588451,33,,,1,15,,1588534,33,,,1,56,,1588535,33,,,1,15,,1588536,33,,,1
80303,'20261015',605,,1588539,33,,,1,15,,1588540,33,,,1,15,,1588541,33,,,1,14,,1588542,33,,,1,54,,1588543,33,,,1,12,,1588544,33,,,1,13,,1588546,33,,,1,13,,1588548,33,,,1,11,,1588550,33,,,1,50,,1588628,33,,,1,9,,1588552,33,,,1,9,,1588627,33,,,1,7,,1588555,33,,,1,8,,1588556,33,,,1,9,,1588626,33,,,1,6,,1588559,33,,,1,9,,1588561,33,,,1,47,,1588625,33,,,1,10,,1588564,33,,,1,10,,1588636,33,,,1,9,,1588566,33,,,1,10,,1588629,33,,,1,10,,1588624,33,,,1,50,,1588568,33,,,1,12,,1588570,33,,,1,12,,1588573,33,,,1,12,,1588574,33,,,1,12,,1588623,33,,,1,52,,1588577,33,,,1,12,,1588579,33,,,1,12,,1588582,33,,,1,13,,1588584,33,,,1,12,,1588635,33,,,1,52,,1588622,33,,,1,14,,1588586,33,,,1,13,,1588621,33,,,1,13,,1588589,33,,,1,12,,1588590,33,,,1,51,,1588620,33,,,1,12,,1588593,33,,,1,12,,1588591,33,,,1,12,,1588619,33,,,1,12,,1588598,33,,,1,52,,1588618,33,,,1,12,,1588601,33,,,1,12,,1588603,33,,,1,11,,1588605,33,,,1,13,,1588607,33,,,1,52,,1588617,33,,,1,11,,1588545,33,,,1,12,,1588616,33,,,1,11,,1588562,33,,,1,10,,1588615,33,,,1,50,,1588571,33,,,1,10,,1588576,33,,,1,9,,1588583,33,,,1,11,,1588614,33,,,1,9,,1588592,33,,,1,11,,1588597,33,,,1,50,,1588613,33,,,1,10,,1588609,33,,,1,11,,1588558,33,,,1,8,,1588612,33,,,1,11,,1588553,33,,,1,9,,1588600,33,,,1,49,,1588610,33,,,1,10,,1588606,33,,,1,9,,1588595,33,,,1,10,,1588630,33,,,1,11,,1588611,33,,,1,12,,1588580,33,,,1,52,,1588565,33,,,1,14,,1588631,33,,,1,14,,1588547,33,,,1,16,,1588608,33,,,1,53,,1588604,33,,,1,15,,1588602,33,,,1,15,,1588599,33,,,1,14,,1588596,33,,,1,55,,1588594,33,,,1,15,,1588588,33,,,1,15,,1588587,33,,,1,15,,1588585,33,,,1,55,,1588581,33,,,1,14,,1588578,33,,,1,15,,1588575,33,,,1,14,,1588572,33,,,1,15,,1588569,33,,,1,55,,1588567,33,,,1,15,,1588563,33,,,1,15,,1588560,33,,,1,15,,1588557,33,,,1,55,,1588554,33,,,1,15,,1588551,33,,,1,15,,1588549,33,,,1,15,,1588632,33,,,1,56,,1588633,33,,,1,15,,1588634,33,,,1
80303,'20261016',605,,1588637,33,,,1,15,,1588638,33,,,1,15,,1588639,33,,,1,14,,1588640,33,,,1,54,,1588641,33,,,1,12,,1588642,33,,,1,13,,1588644,33,,,1,13,,1588646,33,,,1,11,,1588648,33,,,1,50,,1588726,33,,,1,9,,1588650,33,,,1,9,,1588725,33,,,1,7,,1588653,33,,,1,8,,1588654,33,,,1,9,,1588724,33,,,1,6,,1588657,33,,,1,9,,1588659,33,,,1,47,,1588723,33,,,1,10,,1588662,33,,,1,10,,1588734,33,,,1,9,,1588664,33,,,1,10,,1588727,33,,,1,10,,1588722,33,,,1,50,,1588666,33,,,1,12,,1588668,33,,,1,12,,1588671,33,,,1,12,,1588672,33,,,1,12,,1588721,33,,,1,52,,1588675,33,,,1,12,,1588677,33,,,1,12,,1588680,33,,,1,13,,1588682,33,,,1,12,,1588733,33,,,1,52,,1588720,33,,,1,14,,1588684,33,,,1,13,,1588719,33,,,1,13,,1588687,33,,,1,12,,1588688,33,,,1,51,,1588718,33,,,1,12,,1588691,33,,,1,12,,1588689,33,,,1,12,,1588717,33,,,1,12,,1588696,33,,,1,52,,1588716,33,,,1,12,,1588699,33,,,1,12,,1588701,33,,,1,11,,1588703,33,,,1,13,,1588705,33,,,1,52,,1588715,33,,,1,11,,1588643,33,,,1,12,,1588714,33,,,1,11,,1588660,33,,,1,10,,1588713,33,,,1,50,,1588669,33,,,1,10,,1588674,33,,,1,9,,1588681,33,,,1,11,,1588712,33,,,1,9,,1588690,33,,,1,11,,1588695,33,,,1,50,,1588711,33,,,1,10,,1588707,33,,,1,11,,1588656,33,,,1,8,,1588710,33,,,1,11,,1588651,33,,,1,9,,1588698,33,,,1,49,,1588708,33,,,1,10,,1588704,33,,,1,9,,1588693,33,,,1,10,,1588728,33,,,1,11,,1588709,33,,,1,12,,1588678,33,,,1,52,,1588663,33,,,1,14,,1588729,33,,,1,14,,1588645,33,,,1,16,,1588706,33,,,1,53,,1588702,33,,,1,15,,1588700,33,,,1,15,,1588697,33,,,1,14,,1588694,33,,,1,55,,1588692,33,,,1,15,,1588686,33,,,1,15,,1588685,33,,,1,15,,1588683,33,,,1,55,,1588679,33,,,1,14,,1588676,33,,,1,15,,1588673,33,,,1,14,,1588670,33,,,1,15,,1588667,33,,,1,55,,1588665,33,,,1,15,,1588661,33,,,1,15,,1588658,33,,,1,15,,1588655,33,,,1,55,,1588652,33,,,1,15,,1588649,33,,,1,15,,1588647,33,,,1,15,,1588730,33,,,1,56,,1588731,33,,,1,15,,1588732,33,,,1
80303,'20261017',606,,1620202,33,,,1,15,,1620203,33,,,1,15,,1620207,33,,,1,15,,1620265,33,,,1,54,,1620205,33,,,1,14,,1620204,33,,,1,15,,1620206,33,,,1,15,,1620266,33,,,1,56,,1620217,33,,,1,16,,1620213,33,,,1,16,,1620211,33,,,1,15,,1620267,33,,,1,55,,1620210,33,,,1,15,,1620208,33,,,1,15,,1620268,33,,,1,15,,1620209,33,,,1,55,,1620218,33,,,1,15,,1620219,33,,,1,16,,1620215,33,,,1,15,,1620216,33,,,1,55,,1620212,33,,,1,15,,1620214,33,,,1,15,,1620258,33,,,1,16,,1620256,33,,,1,55,,1620261,33,,,1,15,,1620257,33,,,1,18,,1620223,33,,,1,15,,1620227,33,,,1,56,,1620225,33,,,1,13,,1620243,33,,,1,15,,1620248,33,,,1,14,,1620249,33,,,1,57,,1620246,33,,,1,15,,1620244,33,,,1,14,,1620238,33,,,1,15,,1620252,33,,,1,56,,1620239,33,,,1,13,,1620251,33,,,1,16,,1620254,33,,,1,16,,1620253,33,,,1,56,,1620232,33,,,1,14,,1620263,33,,,1,15,,1620247,33,,,1,16,,1620226,33,,,1,55,,1620228,33,,,1,13,,1620245,33,,,1,14,,1620250,33,,,1,15,,1620235,33,,,1,54,,1620234,33,,,1,16,,1620237,33,,,1,14,,1620236,33,,,1,15,,1620241,33,,,1,55,,1620242,33,,,1,15,,1620269,33,,,1,15,,1620260,33,,,1,14,,1620229,33,,,1,55,,1620230,33,,,1,15,,1620270,33,,,1,15,,1620220,33,,,1,15,,1620222,33,,,1,55,,1620272,33,,,1,15,,1620259,33,,,1,15,,1620273,33,,,1,15,,1620221,33,,,1,55,,1620274,33,,,1,15,,1620255,33,,,1,15,,1620271,33,,,1,15,,1620233,33,,,1,55,,1620275,33,,,1,15,,1620231,33,,,1,16,,1620276,33,,,1,15,,1620262,33,,,1,55,,1620277,33,,,1,14,,1620224,33,,,1,15,,1620278,33,,,1,15,,1620240,33,,,1,55,,1620264,33,,,1
80303,'20261018',606,,1620355,33,,,1,15,,1620352,33,,,1,15,,1620350,33,,,1,15,,1620288,33,,,1,54,,1620348,33,,,1,14,,1620347,33,,,1,15,,1620351,33,,,1,15,,1620284,33,,,1,56,,1620339,33,,,1,16,,1620344,33,,,1,16,,1620354,33,,,1,15,,1620291,33,,,1,55,,1620349,33,,,1,15,,1620353,33,,,1,15,,1620289,33,,,1,15,,1620346,33,,,1,55,,1620326,33,,,1,15,,1620332,33,,,1,16,,1620342,33,,,1,15,,1620333,33,,,1,55,,1620343,33,,,1,15,,1620341,33,,,1,15,,1620324,33,,,1,16,,1620318,33,,,1,55,,1620322,33,,,1,15,,1620319,33,,,1,18,,1620335,33,,,1,15,,1620331,33,,,1,56,,1620329,33,,,1,13,,1620300,33,,,1,15,,1620298,33,,,1,14,,1620313,33,,,1,57,,1620311,33,,,1,15,,1620309,33,,,1,14,,1620303,33,,,1,15,,1620316,33,,,1,56,,1620305,33,,,1,13,,1620315,33,,,1,16,,1620317,33,,,1,16,,1620308,33,,,1,56,,1620295,33,,,1,14,,1620325,33,,,1,15,,1620312,33,,,1,16,,1620328,33,,,1,55,,1620336,33,,,1,13,,1620294,33,,,1,14,,1620314,33,,,1,15,,1620310,33,,,1,54,,1620297,33,,,1,16,,1620304,33,,,1,14,,1620301,33,,,1,15,,1620306,33,,,1,55,,1620302,33,,,1,15,,1620287,33,,,1,15,,1620321,33,,,1,14,,1620337,33,,,1,55,,1620338,33,,,1,15,,1620280,33,,,1,15,,1620334,33,,,1,15,,1620330,33,,,1,55,,1620293,33,,,1,15,,1620320,33,,,1,15,,1620282,33,,,1,15,,1620345,33,,,1,55,,1620292,33,,,1,15,,1620307,33,,,1,15,,1620281,33,,,1,15,,1620296,33,,,1,55,,1620283,33,,,1,15,,1620340,33,,,1,16,,1620286,33,,,1,15,,1620323,33,,,1,55,,1620285,33,,,1,14,,1620327,33,,,1,15,,1620290,33,,,1,15,,1620299,33,,,1,55,,1620279,33,,,1
80303,'20261019',605,,1620356,33,,,1,15,,1620357,33,,,1,15,,1620358,33,,,1,14,,1620359,33,,,1,54,,1620360,33,,,1,12,,1620361,33,,,1,13,,1620363,33,,,1,13,,1620365,33,,,1,11,,1620367,33,,,1,50,,1620445,33,,,1,9,,1620369,33,,,1,9,,1620444,33,,,1,7,,1620372,33,,,1,8,,1620373,33,,,1,9,,1620443,33,,,1,6,,1620376,33,,,1,9,,1620378,33,,,1,47,,1620442,33,,,1,10,,1620381,33,,,1,10,,1620453,33,,,1,9,,1620383,33,,,1,10,,1620446,33,,,1,10,,1620441,33,,,1,50,,1620385,33,,,1,12,,1620387,33,,,1,12,,1620390,33,,,1,12,,1620391,33,,,1,12,,1620440,33,,,1,52,,1620394,33,,,1,12,,1620396,33,,,1,12,,1620399,33,,,1,13,,1620401,33,,,1,12,,1620452,33,,,1,52,,1620439,33,,,1,14,,1620403,33,,,1,13,,1620438,33,,,1,13,,1620406,33,,,1,12,,1620407,33,,,1,51,,1620437,33,,,1,12,,1620410,33,,,1,12,,1620408,33,,,1,12,,1620436,33,,,1,12,,1620415,33,,,1,52,,1620435,33,,,1,12,,1620418,33,,,1,12,,1620420,33,,,1,11,,1620422,33,,,1,13,,1620424,33,,,1,52,,1620434,33,,,1,11,,1620362,33,,,1,12,,1620433,33,,,1,11,,1620379,33,,,1,10,,1620432,33,,,1,50,,1620388,33,,,1,10,,1620393,33,,,1,9,,1620400,33,,,1,11,,1620431,33,,,1,9,,1620409,33,,,1,11,,1620414,33,,,1,50,,1620430,33,,,1,10,,1620426,33,,,1,11,,1620375,33,,,1,8,,1620429,33,,,1,11,,1620370,33,,,1,9,,1620417,33,,,1,49,,1620427,33,,,1,10,,1620423,33,,,1,9,,1620412,33,,,1,10,,1620447,33,,,1,11,,1620428,33,,,1,12,,1620397,33,,,1,52,,1620382,33,,,1,14,,1620448,33,,,1,14,,1620364,33,,,1,16,,1620425,33,,,1,53,,1620421,33,,,1,15,,1620419,33,,,1,15,,1620416,33,,,1,14,,1620413,33,,,1,55,,1620411,33,,,1,15,,1620405,33,,,1,15,,1620404,33,,,1,15,,1620402,33,,,1,55,,1620398,33,,,1,14,,1620395,33,,,1,15,,1620392,33,,,1,14,,1620389,33,,,1,15,,1620386,33,,,1,55,,1620384,33,,,1,15,,1620380,33,,,1,15,,1620377,33,,,1,15,,1620374,33,,,1,55,,1620371,33,,,1,15,,1620368,33,,,1,15,,1620366,33,,,1,15,,1620449,33,,,1,56,,1620450,33,,,1,15,,1620451,33,,,1
80303,'20261020',605,,1620454,33,,,1,15,,1620455,33,,,1,15,,1620456,33,,,1,14,,1620457,33,,,1,54,,1620458,33,,,1,12,,1620459,33,,,1,13,,1620461,33,,,1,13,,1620463,33,,,1,11,,1620465,33,,,1,50,,1620543,33,,,1,9,,1620467,33,,,1,9,,1620542,33,,,1,7,,1620470,33,,,1,8,,1620471,33,,,1,9,,1620541,33,,,1,6,,1620474,33,,,1,9,,1620476,33,,,1,47,,1620540,33,,,1,10,,1620479,33,,,1,10,,1620551,33,,,1,9,,1620481,33,,,1,10,,1620544,33,,,1,10,,1620539,33,,,1,50,,1620483,33,,,1,12,,1620485,33,,,1,12,,1620488,33,,,1,12,,1620489,33,,,1,12,,1620538,33,,,1,52,,1620492,33,,,1,12,,1620494,33,,,1,12,,1620497,33,,,1,13,,1620499,33,,,1,12,,1620550,33,,,1,52,,1620537,33,,,1,14,,1620501,33,,,1,13,,1620536,33,,,1,13,,1620504,33,,,1,12,,1620505,33,,,1,51,,1620535,33,,,1,12,,1620508,33,,,1,12,,1620506,33,,,1,12,,1620534,33,,,1,12,,1620513,33,,,1,52,,1620533,33,,,1,12,,1620516,33,,,1,12,,1620518,33,,,1,11,,1620520,33,,,1,13,,1620522,33,,,1,52,,1620532,33,,,1,11,,1620460,33,,,1,12,,1620531,33,,,1,11,,1620477,33,,,1,10,,1620530,33,,,1,50,,1620486,33,,,1,10,,1620491,33,,,1,9,,1620498,33,,,1,11,,1620529,33,,,1,9,,1620507,33,,,1,11,,1620512,33,,,1,50,,1620528,33,,,1,10,,1620524,33,,,1,11,,1620473,33,,,1,8,,1620527,33,,,1,11,,1620468,33,,,1,9,,1620515,33,,,1,49,,1620525,33,,,1,10,,1620521,33,,,1,9,,1620510,33,,,1,10,,1620545,33,,,1,11,,1620526,33,,,1,12,,1620495,33,,,1,52,,1620480,33,,,1,14,,1620546,33,,,1,14,,1620462,33,,,1,16,,1620523,33,,,1,53,,1620519,33,,,1,15,,1620517,33,,,1,15,,1620514,33,,,1,14,,1620511,33,,,1,55,,1620509,33,,,1,15,,1620503,33,,,1,15,,1620502,33,,,1,15,,1620500,33,,,1,55,,1620496,33,,,1,14,,1620493,33,,,1,15,,1620490,33,,,1,14,,1620487,33,,,1,15,,1620484,33,,,1,55,,1620482,33,,,1,15,,1620478,33,,,1,15,,1620475,33,,,1,15,,1620472,33,,,1,55,,1620469,33,,,1,15,,1620466,33,,,1,15,,1620464,33,,,1,15,,1620547,33,,,1,56,,1620548,33,,,1,15,,1620549,33,,,1
