80103,'20261002',447,,1585132,4,,,1,56,,1585133,4,,,1,15,,1585134,4,,,1,14,,1585135,4,,,1,10,,1585136,4,,,1,9,,1585137,4,,,1,50,,1585138,4,,,1,9,,1585139,4,,,1,9,,1585140,4,,,1,10,,1585141,4,,,1,11,,1585142,4,,,1,10,,1585143,4,,,1,9,,1585144,4,,,1,48,,1585145,4,,,1,8,,1585146,4,,,1,7,,1585147,4,,,1,10,,1585148,4,,,1,9,,1585149,4,,,1,11,,1585150,4,,,1,53,,1585151,4,,,1,9,,1585152,4,,,1,8,,1585153,4,,,1,9,,1585154,4,,,1,11,,1585155,4,,,1,13,,1585156,4,,,1,55,,1585157,4,,,1,16,,1585158,4,,,1,16,,1585159,4,,,1,14,,1585160,4,,,1,54,,1585161,4,,,1,15,,1585162,4,,,1,15,,1585163,4,,,1,15,,1585164,4,,,1,55,,1585165,4,,,1,15,,1585166,4,,,1,15,,1585167,4,,,1,15,,1585168,4,,,1,55,,1585169,4,,,1,16,,1585170,4,,,1,14,,1585171,4,,,1,15,,1585172,4,,,1,53,,1585173,4,,,1,15,,1585174,4,,,1,15,,1585175,4,,,1,15,,1585176,4,,,1,54,,1585177,4,,,1,14,,1585178,4,,,1,12,,1585179,4,,,1,12,,1585180,4,,,1,8,,1585181,4,,,1,48,,1585182,4,,,1,8,,1585183,4,,,1,8,,1585184,4,,,1,9,,1585185,4,,,1,10,,1585186,4,,,1,8,,1585187,4,,,1,9,,1585188,4,,,1,50,,1585189,4,,,1,8,,1585190,4,,,1,9,,1585191,4,,,1,7,,1585192,4,,,1,8,,1585193,4,,,1,11,,1585194,4,,,1,12,,1585195,4,,,1,50,,1585196,4,,,1,11,,1585197,4,,,1,10,,1585198,4,,,1,13,,1585199,4,,,1,14,,1585200,4,,,1,54,,1585201,4,,,1,16,,1585202,4,,,1,17,,1585203,4,,,1,15,,1585204,4,,,1,55,,1585205,4,,,1,16,,1585206,4,,,1,16,,1585207,4,,,1,55,,1585208,4,,,1,15,,1585209,4,,,1,16,,1585210,4,,,1,15,,1585211,4,,,1,55,,1585212,4,,,1,15,,1585213,4,,,1,15,,1585214,4,,,1,15,,1585215,4,,,1,55,,1585216,4,,,1,15,,1585217,4,,,1,15,,1585218,4,,,1,16,,1585219,4,,,1,55,,1585220,4,,,1,16,,1585221,4,,,1,15,,1585222,4,,,1,15,,1585223,4,,,1,55,,1585224,4,,,1,15,,1585225,4,,,1,15,,1585226,4,,,1,15,,1585227,4,,,1
80103,'20261003',533,,1585228,4,,,1,18,,1585229,4,,,1,54,,1585230,4,,,1,15,,1585231,4,,,1,14,,1585232,4,,,1,13,,1585233,4,,,1,55,,1585234,4,,,1,15,,1585235,4,,,1,15,,1585236,4,,,1,14,,1585237,4,,,1,55,,1585238,4,,,1,15,,1585239,4,,,1,14,,1585240,4,,,1,15,,1585241,4,,,1,55,,1585242,4,,,1,16,,1585243,4,,,1,16,,1585244,4,,,1,15,,1585245,4,,,1,55,,1585246,4,,,1,16,,1585247,4,,,1,15,,1585248,4,,,1,14,,1585249,4,,,1,56,,1585250,4,,,1,15,,1585251,4,,,1,15,,1585252,4,,,1,16,,1585253,4,,,1,55,,1585254,4,,,1,16,,1585255,4,,,1,16,,1585256,4,,,1,16,,1585257,4,,,1,56,,1585258,4,,,1,15,,1585259,4,,,1,15,,1585260,4,,,1,15,,1585261,4,,,1,55,,1585262,4,,,1,16,,1585263,4,,,1,16,,1585264,4,,,1,14,,1585265,4,,,1,55,,1585266,4,,,1,16,,1585267,4,,,1,15,,1585268,4,,,1,15,,1585269,4,,,1,57,,1585270,4,,,1,15,,1585271,4,,,1,15,,1585272,4,,,1,15,,1585273,4,,,1,55,,1585274,4,,,1,16,,1585275,4,,,1,15,,1585276,4,,,1,57,,1585277,4,,,1,17,,1585278,4,,,1,16,,1585279,4,,,1,14,,1585280,4,,,1,55,,1585281,4,,,1,14,,1585282,4,,,1,16,,1585283,4,,,1,14,,1585284,4,,,1,55,,1585285,4,,,1,15,,1585286,4,,,1,18,,1585287,4,,,1,15,,1585288,4,,,1,55,,1585289,4,,,1,15,,1585290,4,,,1,13,,1585291,4,,,1,15,,1585292,4,,,1,55,,1585293,4,,,1,15,,1585294,4,,,1,16,,1585295,4,,,1,16,,1585296,4,,,1,54,,1585297,4,,,1,15,,1585298,4,,,1,15,,1585299,4,,,1,15,,1585300,4,,,1,55,,1585301,4,,,1,15,,1585302,4,,,1,15,,1585303,4,,,1,14,,1585304,4,,,1
80103,'20261004',533,,1585305,4,,,1,18,,1585306,4,,,1,54,,1585307,4,,,1,15,,1585308,4,,,1,14,,1585309,4,,,1,13,,1585310,4,,,1,55,,1585311,4,,,1,15,,1585312,4,,,1,15,,1585313,4,,,1,14,,1585314,4,,,1,55,,1585315,4,,,1,15,,1585316,4,,,1,14,,1585317,4,,,1,15,,1585318,4,,,1,55,,1585319,4,,,1,16,,1585320,4,,,1,16,,1585321,4,,,1,15,,1585322,4,,,1,55,,1585323,4,,,1,16,,1585324,4,,,1,15,,1585325,4,,,1,14,,1585326,4,,,1,56,,1585327,4,,,1,15,,1585328,4,,,1,15,,1585329,4,,,1,16,,1585330,4,,,1,55,,1585331,4,,,1,16,,1585332,4,,,1,16,,1585333,4,,,1,16,,1585334,4,,,1,56,,1585335,4,,,1,15,,1585336,4,,,1,15,,1585337,4,,,1,15,,1585338,4,,,1,55,,1585339,4,,,1,16,,1585340,4,,,1,16,,1585341,4,,,1,14,,1585342,4,,,1,55,,1585343,4,,,1,16,,1585344,4,,,1,15,,1585345,4,,,1,15,,1585346,4,,,1,57,,1585347,4,,,1,15,,1585348,4,,,1,15,,1585349,4,,,1,15,,1585350,4,,,1,55,,1585351,4,,,1,16,,1585352,4,,,1,15,,1585353,4,,,1,57,,1585354,4,,,1,17,,1585355,4,,,1,16,,1585356,4,,,1,14,,1585357,4,,,1,55,,1585358,4,,,1,14,,1585359,4,,,1,16,,1585360,4,,,1,14,,1585361,4,,,1,55,,1585362,4,,,1,15,,1585363,4,,,1,18,,1585364,4,,,1,15,,1585365,4,,,1,55,,1585366,4,,,1,15,,1585367,4,,,1,13,,1585368,4,,,1,15,,1585369,4,,,1,55,,1585370,4,,,1,15,,1585371,4,,,1,16,,1585372,4,,,1,16,,1585373,4,,,1,54,,1585374,4,,,1,15,,1585375,4,,,1,15,,1585376,4,,,1,15,,1585377,4,,,1,55,,1585378,4,,,1,15,,1585379,4,,,1,15,,1585380,4,,,1,14,,1585381,4,,,1
80103,'20261005',447,,1585393,4,,,1,56,,1585394,4,,,1,15,,1585395,4,,,1,14,,1585396,4,,,1,10,,1585397,4,,,1,9,,1585398,4,,,1,50,,1585399,4,,,1,9,,1585400,4,,,1,9,,1585401,4,,,1,10,,1585402,4,,,1,11,,1585403,4,,,1,10,,1585404,4,,,1,9,,1585405,4,,,1,48,,1585406,4,,,1,8,,1585407,4,,,1,7,,1585408,4,,,1,10,,1585409,4,,,1,9,,1585410,4,,,1,11,,1585411,4,,,1,53,,1585412,4,,,1,9,,1585413,4,,,1,8,,1585414,4,,,1,9,,1585415,4,,,1,11,,1585416,4,,,1,13,,1585417,4,,,1,55,,1585418,4,,,1,16,,1585419,4,,,1,16,,1585420,4,,,1,14,,1585421,4,,,1,54,,1585422,4,,,1,15,,1585423,4,,,1,15,,1585424,4,,,1,15,,1585425,4,,,1,55,,1585426,4,,,1,15,,1585427,4,,,1,15,,1585428,4,,,1,15,,1585429,4,,,1,55,,1585430,4,,,1,16,,1585431,4,,,1,14,,1585432,4,,,1,15,,1585433,4,,,1,53,,1585434,4,,,1,15,,1585435,4,,,1,15,,1585436,4,,,1,15,,1585437,4,,,1,54,,1585438,4,,,1,14,,1585439,4,,,1,12,,1585440,4,,,1,12,,1585441,4,,,1,8,,1585442,4,,,1,48,,1585443,4,,,1,8,,1585444,4,,,1,8,,1585445,4,,,1,9,,1585446,4,,,1,10,,1585447,4,,,1,8,,1585448,4,,,1,9,,1585449,4,,,1,50,,1585450,4,,,1,8,,1585451,4,,,1,9,,1585452,4,,,1,7,,1585453,4,,,1,8,,1585454,4,,,1,11,,1585455,4,,,1,12,,1585456,4,,,1,50,,1585457,4,,,1,11,,1585458,4,,,1,10,,1585459,4,,,1,13,,1585460,4,,,1,14,,1585461,4,,,1,54,,1585462,4,,,1,16,,1585463,4,,,1,17,,1585464,4,,,1,15,,1585465,4,,,1,55,,1585466,4,,,1,16,,1585467,4,,,1,16,,1585468,4,,,1,55,,1585469,4,,,1,15,,1585470,4,,,1,16,,1585471,4,,,1,15,,1585472,4,,,1,55,,1585473,4,,,1,15,,1585474,4,,,1,15,,1585475,4,,,1,15,,1585476,4,,,1,55,,1585477,4,,,1,15,,1585478,4,,,1,15,,1585479,4,,,1,16,,1585480,4,,,1,55,,1585481,4,,,1,16,,1585482,4,,,1,15,,1585483,4,,,1,15,,1585484,4,,,1,55,,1585485,4,,,1,15,,1585486,4,,,1,15,,1585487,4,,,1,15,,1585488,4,,,1
80103,'20261006',447,,1532297,4,,,1,56,,1532290,4,,,1,15,,1532203,4,,,1,14,,1532204,4,,,1,10,,1532202,4,,,1,9,,1532206,4,,,1,50,,1532207,4,,,1,9,,1532208,4,,,1,9,,1532205,4,,,1,10,,1532210,4,,,1,11,,1532296,4,,,1,10,,1532211,4,,,1,9,,1532212,4,,,1,48,,1532209,4,,,1,8,,1532213,4,,,1,7,,1532214,4,,,1,10,,1532215,4,,,1,9,,1532216,4,,,1,11,,1532217,4,,,1,53,,1532218,4,,,1,9,,1532219,4,,,1,8,,1532220,4,,,1,9,,1532221,4,,,1,11,,1532222,4,,,1,13,,1532223,4,,,1,55,,1532224,4,,,1,16,,1532225,4,,,1,16,,1532226,4,,,1,14,,1532227,4,,,1,54,,1532228,4,,,1,15,,1532231,4,,,1,15,,1532232,4,,,1,15,,1532233,4,,,1,55,,1532229,4,,,1,15,,1532230,4,,,1,15,,1532234,4,,,1,15,,1532236,4,,,1,55,,1532237,4,,,1,16,,1532235,4,,,1,14,,1532239,4,,,1,15,,1532240,4,,,1,53,,1532238,4,,,1,15,,1532241,4,,,1,15,,1532295,4,,,1,15,,1532242,4,,,1,54,,1532243,4,,,1,14,,1532244,4,,,1,12,,1532245,4,,,1,12,,1532293,4,,,1,8,,1532246,4,,,1,48,,1532247,4,,,1,8,,1532248,4,,,1,8,,1532249,4,,,1,9,,1532250,4,,,1,10,,1532251,4,,,1,8,,1532252,4,,,1,9,,1532254,4,,,1,50,,1532255,4,,,1,8,,1532256,4,,,1,9,,1532253,4,,,1,7,,1532294,4,,,1,8,,1532257,4,,,1,11,,1532258,4,,,1,12,,1532260,4,,,1,50,,1532261,4,,,1,11,,1532262,4,,,1,10,,1532291,4,,,1,13,,1532259,4,,,1,14,,1532263,4,,,1,54,,1532265,4,,,1,16,,1532267,4,,,1,17,,1532264,4,,,1,15,,1532268,4,,,1,55,,1532266,4,,,1,16,,1532269,4,,,1,16,,1532270,4,,,1,55,,1532271,4,,,1,15,,1532272,4,,,1,16,,1532273,4,,,1,15,,1532274,4,,,1,55,,1532275,4,,,1,15,,1532276,4,,,1,15,,1532277,4,,,1,15,,1532278,4,,,1,55,,1532279,4,,,1,15,,1532281,4,,,1,15,,1532282,4,,,1,16,,1532283,4,,,1,55,,1532280,4,,,1,16,,1532284,4,,,1,15,,1532285,4,,,1,15,,1532286,4,,,1,55,,1532287,4,,,1,15,,1532288,4,,,1,15,,1532289,4,,,1,15,,1532292,4,,,1
80103,'20261007',447,,1532393,4,,,1,56,,1532386,4,,,1,15,,1532299,4,,,1,14,,1532300,4,,,1,10,,1532298,4,,,1,9,,1532302,4,,,1,50,,1532303,4,,,1,9,,1532304,4,,,1,9,,1532301,4,,,1,10,,1532306,4,,,1,11,,1532392,4,,,1,10,,1532307,4,,,1,9,,1532308,4,,,1,48,,1532305,4,,,1,8,,1532309,4,,,1,7,,1532310,4,,,1,10,,1532311,4,,,1,9,,1532312,4,,,1,11,,1532313,4,,,1,53,,1532314,4,,,1,9,,1532315,4,,,1,8,,1532316,4,,,1,9,,1532317,4,,,1,11,,1532318,4,,,1,13,,1532319,4,,,1,55,,1532320,4,,,1,16,,1532321,4,,,1,16,,1532322,4,,,1,14,,1532323,4,,,1,54,,1532324,4,,,1,15,,1532327,4,,,1,15,,1532328,4,,,1,15,,1532329,4,,,1,55,,1532325,4,,,1,15,,1532326,4,,,1,15,,1532330,4,,,1,15,,1532332,4,,,1,55,,1532333,4,,,1,16,,1532331,4,,,1,14,,1532335,4,,,1,15,,1532336,4,,,1,53,,1532334,4,,,1,15,,1532337,4,,,1,15,,1532391,4,,,1,15,,1532338,4,,,1,54,,1532339,4,,,1,14,,1532340,4,,,1,12,,1532341,4,,,1,12,,1532389,4,,,1,8,,1532342,4,,,1,48,,1532343,4,,,1,8,,1532344,4,,,1,8,,1532345,4,,,1,9,,1532346,4,,,1,10,,1532347,4,,,1,8,,1532348,4,,,1,9,,1532350,4,,,1,50,,1532351,4,,,1,8,,1532352,4,,,1,9,,1532349,4,,,1,7,,1532390,4,,,1,8,,1532353,4,,,1,11,,1532354,4,,,1,12,,1532356,4,,,1,50,,1532357,4,,,1,11,,1532358,4,,,1,10,,1532387,4,,,1,13,,1532355,4,,,1,14,,1532359,4,,,1,54,,1532361,4,,,1,16,,1532363,4,,,1,17,,1532360,4,,,1,15,,1532364,4,,,1,55,,1532362,4,,,1,16,,1532365,4,,,1,16,,1532366,4,,,1,55,,1532367,4,,,1,15,,1532368,4,,,1,16,,1532369,4,,,1,15,,1532370,4,,,1,55,,1532371,4,,,1,15,,1532372,4,,,1,15,,1532373,4,,,1,15,,1532374,4,,,1,55,,1532375,4,,,1,15,,1532377,4,,,1,15,,1532378,4,,,1,16,,1532379,4,,,1,55,,1532376,4,,,1,16,,1532380,4,,,1,15,,1532381,4,,,1,15,,1532382,4,,,1,55,,1532383,4,,,1,15,,1532384,4,,,1,15,,1532385,4,,,1,15,,1532388,4,,,1
80103,'20261008',447,,1532489,4,,,1,56,,1532482,4,,,1,15,,1532395,4,,,1,14,,1532396,4,,,1,10,,1532394,4,,,1,9,,1532398,4,,,1,50,,1532399,4,,,1,9,,1532400,4,,,1,9,,1532397,4,,,1,10,,1532402,4,,,1,11,,1532488,4,,,1,10,,1532403,4,,,1,9,,1532404,4,,,1,48,,1532401,4,,,1,8,,1532405,4,,,1,7,,1532406,4,,,1,10,,1532407,4,,,1,9,,1532408,4,,,1,11,,1532409,4,,,1,53,,1532410,4,,,1,9,,1532411,4,,,1,8,,1532412,4,,,1,9,,1532413,4,,,1,11,,1532414,4,,,1,13,,1532415,4,,,1,55,,1532416,4,,,1,16,,1532417,4,,,1,16,,1532418,4,,,1,14,,1532419,4,,,1,54,,1532420,4,,,1,15,,1532423,4,,,1,15,,1532424,4,,,1,15,,1532425,4,,,1,55,,1532421,4,,,1,15,,1532422,4,,,1,15,,1532426,4,,,1,15,,1532428,4,,,1,55,,1532429,4,,,1,16,,1532427,4,,,1,14,,1532431,4,,,1,15,,1532432,4,,,1,53,,1532430,4,,,1,15,,1532433,4,,,1,15,,1532487,4,,,1,15,,1532434,4,,,1,54,,1532435,4,,,1,14,,1532436,4,,,1,12,,1532437,4,,,1,12,,1532485,4,,,1,8,,1532438,4,,,1,48,,1532439,4,,,1,8,,1532440,4,,,1,8,,1532441,4,,,1,9,,1532442,4,,,1,10,,1532443,4,,,1,8,,1532444,4,,,1,9,,1532446,4,,,1,50,,1532447,4,,,1,8,,1532448,4,,,1,9,,1532445,4,,,1,7,,1532486,4,,,1,8,,1532449,4,,,1,11,,1532450,4,,,1,12,,1532452,4,,,1,50,,1532453,4,,,1,11,,1532454,4,,,1,10,,1532483,4,,,1,13,,1532451,4,,,1,14,,1532455,4,,,1,54,,1532457,4,,,1,16,,1532459,4,,,1,17,,1532456,4,,,1,15,,1532460,4,,,1,55,,1532458,4,,,1,16,,1532461,4,,,1,16,,1532462,4,,,1,55,,1532463,4,,,1,15,,1532464,4,,,1,16,,1532465,4,,,1,15,,1532466,4,,,1,55,,1532467,4,,,1,15,,1532468,4,,,1,15,,1532469,4,,,1,15,,1532470,4,,,1,55,,1532471,4,,,1,15,,1532473,4,,,1,15,,1532474,4,,,1,16,,1532475,4,,,1,55,,1532472,4,,,1,16,,1532476,4,,,1,15,,1532477,4,,,1,15,,1532478,4,,,1,55,,1532479,4,,,1,15,,1532480,4,,,1,15,,1532481,4,,,1,15,,1532484,4,,,1
80103,'20261009',447,,1532585,4,,,1,56,,1532578,4,,,1,15,,1532491,4,,,1,14,,1532492,4,,,1,10,,1532490,4,,,1,9,,1532494,4,,,1,50,,1532495,4,,,1,9,,1532496,4,,,1,9,,1532493,4,,,1,10,,1532498,4,,,1,11,,1532584,4,,,1,10,,1532499,4,,,1,9,,1532500,4,,,1,48,,1532497,4,,,1,8,,1532501,4,,,1,7,,1532502,4,,,1,10,,1532503,4,,,1,9,,1532504,4,,,1,11,,1532505,4,,,1,53,,1532506,4,,,1,9,,1532507,4,,,1,8,,1532508,4,,,1,9,,1532509,4,,,1,11,,1532510,4,,,1,13,,1532511,4,,,1,55,,1532512,4,,,1,16,,1532513,4,,,1,16,,1532514,4,,,1,14,,1532515,4,,,1,54,,1532516,4,,,1,15,,1532519,4,,,1,15,,1532520,4,,,1,15,,1532521,4,,,1,55,,1532517,4,,,1,15,,1532518,4,,,1,15,,1532522,4,,,1,15,,1532524,4,,,1,55,,1532525,4,,,1,16,,1532523,4,,,1,14,,1532527,4,,,1,15,,1532528,4,,,1,53,,1532526,4,,,1,15,,1532529,4,,,1,15,,1532583,4,,,1,15,,1532530,4,,,1,54,,1532531,4,,,1,14,,1532532,4,,,1,12,,1532533,4,,,1,12,,1532581,4,,,1,8,,1532534,4,,,1,48,,1532535,4,,,1,8,,1532536,4,,,1,8,,1532537,4,,,1,9,,1532538,4,,,1,10,,1532539,4,,,1,8,,1532540,4,,,1,9,,1532542,4,,,1,50,,1532543,4,,,1,8,,1532544,4,,,1,9,,1532541,4,,,1,7,,1532582,4,,,1,8,,1532545,4,,,1,11,,1532546,4,,,1,12,,1532548,4,,,1,50,,1532549,4,,,1,11,,1532550,4,,,1,10,,1532579,4,,,1,13,,1532547,4,,,1,14,,1532551,4,,,1,54,,1532553,4,,,1,16,,1532555,4,,,1,17,,1532552,4,,,1,15,,1532556,4,,,1,55,,1532554,4,,,1,16,,1532557,4,,,1,16,,1532558,4,,,1,55,,1532559,4,,,1,15,,1532560,4,,,1,16,,1532561,4,,,1,15,,1532562,4,,,1,55,,1532563,4,,,1,15,,1532564,4,,,1,15,,1532565,4,,,1,15,,1532566,4,,,1,55,,1532567,4,,,1,15,,1532569,4,,,1,15,,1532570,4,,,1,16,,1532571,4,,,1,55,,1532568,4,,,1,16,,1532572,4,,,1,15,,1532573,4,,,1,15,,1532574,4,,,1,55,,1532575,4,,,1,15,,1532576,4,,,1,15,,1532577,4,,,1,15,,1532580,4,,,1
80103,'20261010',533,,1556148,4,,,1,18,,1556149,4,,,1,54,,1556150,4,,,1,15,,1556151,4,,,1,14,,1556152,4,,,1,13,,1556153,4,,,1,55,,1556154,4,,,1,15,,1556155,4,,,1,15,,1556156,4,,,1,14,,1556157,4,,,1,55,,1556158,4,,,1,15,,1556159,4,,,1,14,,1556160,4,,,1,15,,1556161,4,,,1,55,,1556162,4,,,1,16,,1556163,4,,,1,16,,1556164,4,,,1,15,,1556165,4,,,1,55,,1556166,4,,,1,16,,1556167,4,,,1,15,,1556168,4,,,1,14,,1556169,4,,,1,56,,1556171,4,,,1,15,,1556172,4,,,1,15,,1556173,4,,,1,16,,1556170,4,,,1,55,,1556174,4,,,1,16,,1556175,4,,,1,16,,1556176,4,,,1,16,,1556177,4,,,1,56,,1556178,4,,,1,15,,1556179,4,,,1,15,,1556180,4,,,1,15,,1556181,4,,,1,55,,1556182,4,,,1,16,,1556183,4,,,1,16,,1556184,4,,,1,14,,1556185,4,,,1,55,,1556186,4,,,1,16,,1556187,4,,,1,15,,1556188,4,,,1,15,,1556189,4,,,1,57,,1556190,4,,,1,15,,1556191,4,,,1,15,,1556192,4,,,1,15,,1556193,4,,,1,55,,1556194,4,,,1,16,,1556195,4,,,1,15,,1556196,4,,,1,57,,1556197,4,,,1,17,,1556198,4,,,1,16,,1556199,4,,,1,14,,1556201,4,,,1,55,,1556202,4,,,1,14,,1556203,4,,,1,16,,1556200,4,,,1,14,,1556204,4,,,1,55,,1556205,4,,,1,15,,1556206,4,,,1,18,,1556207,4,,,1,15,,1556208,4,,,1,55,,1556209,4,,,1,15,,1556210,4,,,1,13,,1556211,4,,,1,15,,1556212,4,,,1,55,,1556213,4,,,1,15,,1556214,4,,,1,16,,1556215,4,,,1,16,,1556216,4,,,1,54,,1556217,4,,,1,15,,1556218,4,,,1,15,,1556219,4,,,1,15,,1556220,4,,,1,55,,1556221,4,,,1,15,,1556222,4,,,1,15,,1556223,4,,,1,14,,1556224,4,,,1
80103,'20261011',533,,1556232,4,,,1,18,,1556225,4,,,1,54,,1556233,4,,,1,15,,1556226,4,,,1,14,,1556228,4,,,1,13,,1556227,4,,,1,55,,1556229,4,,,1,15,,1556230,4,,,1,15,,1556231,4,,,1,14,,1556239,4,,,1,55,,1556234,4,,,1,15,,1556242,4,,,1,14,,1556243,4,,,1,15,,1556240,4,,,1,55,,1556235,4,,,1,16,,1556237,4,,,1,16,,1556241,4,,,1,15,,1556236,4,,,1,55,,1556238,4,,,1,16,,1556253,4,,,1,15,,1556259,4,,,1,14,,1556258,4,,,1,56,,1556256,4,,,1,15,,1556246,4,,,1,15,,1556251,4,,,1,16,,1556255,4,,,1,55,,1556261,4,,,1,16,,1556262,4,,,1,16,,1556245,4,,,1,16,,1556263,4,,,1,56,,1556250,4,,,1,15,,1556260,4,,,1,15,,1556252,4,,,1,15,,1556244,4,,,1,55,,1556254,4,,,1,16,,1556247,4,,,1,16,,1556264,4,,,1,14,,1556257,4,,,1,55,,1556248,4,,,1,16,,1556249,4,,,1,15,,1556274,4,,,1,15,,1556275,4,,,1,57,,1556281,4,,,1,15,,1556279,4,,,1,15,,1556283,4,,,1,15,,1556282,4,,,1,55,,1556276,4,,,1,16,,1556277,4,,,1,15,,1556269,4,,,1,57,,1556278,4,,,1,17,,1556280,4,,,1,16,,1556284,4,,,1,14,,1556268,4,,,1,55,,1556265,4,,,1,14,,1556285,4,,,1,16,,1556272,4,,,1,14,,1556266,4,,,1,55,,1556270,4,,,1,15,,1556267,4,,,1,18,,1556271,4,,,1,15,,1556273,4,,,1,55,,1556286,4,,,1,15,,1556293,4,,,1,13,,1556299,4,,,1,15,,1556300,4,,,1,55,,1556287,4,,,1,15,,1556288,4,,,1,16,,1556294,4,,,1,16,,1556301,4,,,1,54,,1556289,4,,,1,15,,1556296,4,,,1,15,,1556290,4,,,1,15,,1556297,4,,,1,55,,1556291,4,,,1,15,,1556292,4,,,1,15,,1556298,4,,,1,14,,1556295,4,,,1
80103,'20261012',533,,1556309,4,,,1,18,,1556302,4,,,1,54,,1556310,4,,,1,15,,1556303,4,,,1,14,,1556305,4,,,1,13,,1556304,4,,,1,55,,1556306,4,,,1,15,,1556307,4,,,1,15,,1556308,4,,,1,14,,1556316,4,,,1,55,,1556311,4,,,1,15,,1556319,4,,,1,14,,1556320,4,,,1,15,,1556317,4,,,1,55,,1556312,4,,,1,16,,1556314,4,,,1,16,,1556318,4,,,1,15,,1556313,4,,,1,55,,1556315,4,,,1,16,,1556330,4,,,1,15,,1556336,4,,,1,14,,1556335,4,,,1,56,,1556333,4,,,1,15,,1556323,4,,,1,15,,1556328,4,,,1,16,,1556332,4,,,1,55,,1556338,4,,,1,16,,1556339,4,,,1,16,,1556322,4,,,1,16,,1556340,4,,,1,56,,1556327,4,,,1,15,,1556337,4,,,1,15,,1556329,4,,,1,15,,1556321,4,,,1,55,,1556331,4,,,1,16,,1556324,4,,,1,16,,1556341,4,,,1,14,,1556334,4,,,1,55,,1556325,4,,,1,16,,1556326,4,,,1,15,,1556351,4,,,1,15,,1556352,4,,,1,57,,1556358,4,,,1,15,,1556356,4,,,1,15,,1556360,4,,,1,15,,1556359,4,,,1,55,,1556353,4,,,1,16,,1556354,4,,,1,15,,1556346,4,,,1,57,,1556355,4,,,1,17,,1556357,4,,,1,16,,1556361,4,,,1,14,,1556345,4,,,1,55,,1556342,4,,,1,14,,1556362,4,,,1,16,,1556349,4,,,1,14,,1556343,4,,,1,55,,1556347,4,,,1,15,,1556344,4,,,1,18,,1556348,4,,,1,15,,1556350,4,,,1,55,,1556363,4,,,1,15,,1556370,4,,,1,13,,1556376,4,,,1,15,,1556377,4,,,1,55,,1556364,4,,,1,15,,1556365,4,,,1,16,,1556371,4,,,1,16,,1556378,4,,,1,54,,1556366,4,,,1,15,,1556373,4,,,1,15,,1556367,4,,,1,15,,1556374,4,,,1,55,,1556368,4,,,1,15,,1556369,4,,,1,15,,1556375,4,,,1,14,,1556372,4,,,1
80103,'20261013',447,,1585584,4,,,1,56,,1585577,4,,,1,15,,1585490,4,,,1,14,,1585491,4,,,1,10,,1585489,4,,,1,9,,1585493,4,,,1,50,,1585494,4,,,1,9,,1585495,4,,,1,9,,1585492,4,,,1,10,,1585497,4,,,1,11,,1585583,4,,,1,10,,1585498,4,,,1,9,,1585499,4,,,1,48,,1585496,4,,,1,8,,1585500,4,,,1,7,,1585501,4,,,1,10,,1585502,4,,,1,9,,1585503,4,,,1,11,,1585504,4,,,1,53,,1585505,4,,,1,9,,1585506,4,,,1,8,,1585507,4,,,1,9,,1585508,4,,,1,11,,1585509,4,,,1,13,,1585510,4,,,1,55,,1585511,4,,,1,16,,1585512,4,,,1,16,,1585513,4,,,1,14,,1585514,4,,,1,54,,1585515,4,,,1,15,,1585518,4,,,1,15,,1585519,4,,,1,15,,1585520,4,,,1,55,,1585516,4,,,1,15,,1585517,4,,,1,15,,1585521,4,,,1,15,,1585523,4,,,1,55,,1585524,4,,,1,16,,1585522,4,,,1,14,,1585526,4,,,1,15,,1585527,4,,,1,53,,1585525,4,,,1,15,,1585528,4,,,1,15,,1585582,4,,,1,15,,1585529,4,,,1,54,,1585530,4,,,1,14,,1585531,4,,,1,12,,1585532,4,,,1,12,,1585580,4,,,1,8,,1585533,4,,,1,48,,1585534,4,,,1,8,,1585535,4,,,1,8,,1585536,4,,,1,9,,1585537,4,,,1,10,,1585538,4,,,1,8,,1585539,4,,,1,9,,1585541,4,,,1,50,,1585542,4,,,1,8,,1585543,4,,,1,9,,1585540,4,,,1,7,,1585581,4,,,1,8,,1585544,4,,,1,11,,1585545,4,,,1,12,,1585547,4,,,1,50,,1585548,4,,,1,11,,1585549,4,,,1,10,,1585578,4,,,1,13,,1585546,4,,,1,14,,1585550,4,,,1,54,,1585552,4,,,1,16,,1585554,4,,,1,17,,1585551,4,,,1,15,,1585555,4,,,1,55,,1585553,4,,,1,16,,1585556,4,,,1,16,,1585557,4,,,1,55,,1585558,4,,,1,15,,1585559,4,,,1,16,,1585560,4,,,1,15,,1585561,4,,,1,55,,1585562,4,,,1,15,,1585563,4,,,1,15,,1585564,4,,,1,15,,1585565,4,,,1,55,,1585566,4,,,1,15,,1585568,4,,,1,15,,1585569,4,,,1,16,,1585570,4,,,1,55,,1585567,4,,,1,16,,1585571,4,,,1,15,,1585572,4,,,1,15,,1585573,4,,,1,55,,1585574,4,,,1,15,,1585575,4,,,1,15,,1585576,4,,,1,15,,1585579,4,,,1
80103,'20261014',447,,1585680,4,,,1,56,,1585673,4,,,1,15,,1585586,4,,,1,14,,1585587,4,,,1,10,,1585585,4,,,1,9,,1585589,4,,,1,50,,1585590,4,,,1,9,,1585591,4,,,1,9,,1585588,4,,,1,10,,1585593,4,,,1,11,,1585679,4,,,1,10,,1585594,4,,,1,9,,1585595,4,,,1,48,,1585592,4,,,1,8,,1585596,4,,,1,7,,1585597,4,,,1,10,,1585598,4,,,1,9,,1585599,4,,,1,11,,1585600,4,,,1,53,,1585601,4,,,1,9,,1585602,4,,,1,8,,1585603,4,,,1,9,,1585604,4,,,1,11,,1585605,4,,,1,13,,1585606,4,,,1,55,,1585607,4,,,1,16,,1585608,4,,,1,16,,1585609,4,,,1,14,,1585610,4,,,1,54,,1585611,4,,,1,15,,1585614,4,,,1,15,,1585615,4,,,1,15,,1585616,4,,,1,55,,1585612,4,,,1,15,,1585613,4,,,1,15,,1585617,4,,,1,15,,1585619,4,,,1,55,,1585620,4,,,1,16,,1585618,4,,,1,14,,1585622,4,,,1,15,,1585623,4,,,1,53,,1585621,4,,,1,15,,1585624,4,,,1,15,,1585678,4,,,1,15,,1585625,4,,,1,54,,1585626,4,,,1,14,,1585627,4,,,1,12,,1585628,4,,,1,12,,1585676,4,,,1,8,,1585629,4,,,1,48,,1585630,4,,,1,8,,1585631,4,,,1,8,,1585632,4,,,1,9,,1585633,4,,,1,10,,1585634,4,,,1,8,,1585635,4,,,1,9,,1585637,4,,,1,50,,1585638,4,,,1,8,,1585639,4,,,1,9,,1585636,4,,,1,7,,1585677,4,,,1,8,,1585640,4,,,1,11,,1585641,4,,,1,12,,1585643,4,,,1,50,,1585644,4,,,1,11,,1585645,4,,,1,10,,1585674,4,,,1,13,,1585642,4,,,1,14,,1585646,4,,,1,54,,1585648,4,,,1,16,,1585650,4,,,1,17,,1585647,4,,,1,15,,1585651,4,,,1,55,,1585649,4,,,1,16,,1585652,4,,,1,16,,1585653,4,,,1,55,,1585654,4,,,1,15,,1585655,4,,,1,16,,1585656,4,,,1,15,,1585657,4,,,1,55,,1585658,4,,,1,15,,1585659,4,,,1,15,,1585660,4,,,1,15,,1585661,4,,,1,55,,1585662,4,,,1,15,,1585664,4,,,1,15,,1585665,4,,,1,16,,1585666,4,,,1,55,,1585663,4,,,1,16,,1585667,4,,,1,15,,1585668,4,,,1,15,,1585669,4,,,1,55,,1585670,4,,,1,15,,1585671,4,,,1,15,,1585672,4,,,1,15,,1585675,4,,,1
80103,'20261015',447,,1585776,4,,,1,56,,1585769,4,,,1,15,,1585682,4,,,1,14,,1585683,4,,,1,10,,1585681,4,,,1,9,,1585685,4,,,1,50,,1585686,4,,,1,9,,1585687,4,,,1,9,,1585684,4,,,1,10,,1585689,4,,,1,11,,1585775,4,,,1,10,,1585690,4,,,1,9,,1585691,4,,,1,48,,1585688,4,,,1,8,,1585692,4,,,1,7,,1585693,4,,,1,10,,1585694,4,,,1,9,,1585695,4,,,1,11,,1585696,4,,,1,53,,1585697,4,,,1,9,,1585698,4,,,1,8,,1585699,4,,,1,9,,1585700,4,,,1,11,,1585701,4,,,1,13,,1585702,4,,,1,55,,1585703,4,,,1,16,,1585704,4,,,1,16,,1585705,4,,,1,14,,1585706,4,,,1,54,,1585707,4,,,1,15,,1585710,4,,,1,15,,1585711,4,,,1,15,,1585712,4,,,1,55,,1585708,4,,,1,15,,1585709,4,,,1,15,,1585713,4,,,1,15,,1585715,4,,,1,55,,1585716,4,,,1,16,,1585714,4,,,1,14,,1585718,4,,,1,15,,1585719,4,,,1,53,,1585717,4,,,1,15,,1585720,4,,,1,15,,1585774,4,,,1,15,,1585721,4,,,1,54,,1585722,4,,,1,14,,1585723,4,,,1,12,,1585724,4,,,1,12,,1585772,4,,,1,8,,1585725,4,,,1,48,,1585726,4,,,1,8,,1585727,4,,,1,8,,1585728,4,,,1,9,,1585729,4,,,1,10,,1585730,4,,,1,8,,1585731,4,,,1,9,,1585733,4,,,1,50,,1585734,4,,,1,8,,1585735,4,,,1,9,,1585732,4,,,1,7,,1585773,4,,,1,8,,1585736,4,,,1,11,,1585737,4,,,1,12,,1585739,4,,,1,50,,1585740,4,,,1,11,,1585741,4,,,1,10,,1585770,4,,,1,13,,1585738,4,,,1,14,,1585742,4,,,1,54,,1585744,4,,,1,16,,1585746,4,,,1,17,,1585743,4,,,1,15,,1585747,4,,,1,55,,1585745,4,,,1,16,,1585748,4,,,1,16,,1585749,4,,,1,55,,1585750,4,,,1,15,,1585751,4,,,1,16,,1585752,4,,,1,15,,1585753,4,,,1,55,,1585754,4,,,1,15,,1585755,4,,,1,15,,1585756,4,,,1,15,,1585757,4,,,1,55,,1585758,4,,,1,15,,1585760,4,,,1,15,,1585761,4,,,1,16,,1585762,4,,,1,55,,1585759,4,,,1,16,,1585763,4,,,1,15,,1585764,4,,,1,15,,1585765,4,,,1,55,,1585766,4,,,1,15,,1585767,4,,,1,15,,1585768,4,,,1,15,,1585771,4,,,1
80103,'20261016',447,,1585872,4,,,1,56,,1585865,4,,,1,15,,1585778,4,,,1,14,,1585779,4,,,1,10,,1585777,4,,,1,9,,1585781,4,,,1,50,,1585782,4,,,1,9,,1585783,4,,,1,9,,1585780,4,,,1,10,,1585785,4,,,1,11,,1585871,4,,,1,10,,1585786,4,,,1,9,,1585787,4,,,1,48,,1585784,4,,,1,8,,1585788,4,,,1,7,,1585789,4,,,1,10,,1585790,4,,,1,9,,1585791,4,,,1,11,,1585792,4,,,1,53,,1585793,4,,,1,9,,1585794,4,,,1,8,,1585795,4,,,1,9,,1585796,4,,,1,11,,1585797,4,,,1,13,,1585798,4,,,1,55,,1585799,4,,,1,16,,1585800,4,,,1,16,,1585801,4,,,1,14,,1585802,4,,,1,54,,1585803,4,,,1,15,,1585806,4,,,1,15,,1585807,4,,,1,15,,1585808,4,,,1,55,,1585804,4,,,1,15,,1585805,4,,,1,15,,1585809,4,,,1,15,,1585811,4,,,1,55,,1585812,4,,,1,16,,1585810,4,,,1,14,,1585814,4,,,1,15,,1585815,4,,,1,53,,1585813,4,,,1,15,,1585816,4,,,1,15,,1585870,4,,,1,15,,1585817,4,,,1,54,,1585818,4,,,1,14,,1585819,4,,,1,12,,1585820,4,,,1,12,,1585868,4,,,1,8,,1585821,4,,,1,48,,1585822,4,,,1,8,,1585823,4,,,1,8,,1585824,4,,,1,9,,1585825,4,,,1,10,,1585826,4,,,1,8,,1585827,4,,,1,9,,1585829,4,,,1,50,,1585830,4,,,1,8,,1585831,4,,,1,9,,1585828,4,,,1,7,,1585869,4,,,1,8,,1585832,4,,,1,11,,1585833,4,,,1,12,,1585835,4,,,1,50,,1585836,4,,,1,11,,1585837,4,,,1,10,,1585866,4,,,1,13,,1585834,4,,,1,14,,1585838,4,,,1,54,,1585840,4,,,1,16,,1585842,4,,,1,17,,1585839,4,,,1,15,,1585843,4,,,1,55,,1585841,4,,,1,16,,1585844,4,,,1,16,,1585845,4,,,1,55,,1585846,4,,,1,15,,1585847,4,,,1,16,,1585848,4,,,1,15,,1585849,4,,,1,55,,1585850,4,,,1,15,,1585851,4,,,1,15,,1585852,4,,,1,15,,1585853,4,,,1,55,,1585854,4,,,1,15,,1585856,4,,,1,15,,1585857,4,,,1,16,,1585858,4,,,1,55,,1585855,4,,,1,16,,1585859,4,,,1,15,,1585860,4,,,1,15,,1585861,4,,,1,55,,1585862,4,,,1,15,,1585863,4,,,1,15,,1585864,4,,,1,15,,1585867,4,,,1
