1302,'20261009',648,,1597352,18,,,0,100,,1597353,18,,,0,71,,1597354,18,,,0,102,,1597355,18,,,0,97,,1597356,18,,,0,98,,1597357,18,,,0,101,,1597358,18,,,0,101,,1597359,18,,,0,99,,1597360,18,,,0,97,,1597361,18,,,0,97,,1597362,18,,,0,33,,1597363,18,,,0,2,,1597364,18,,,0,78,,1597365,18,,,0,98,,1597366,18,,,0,101,,1597367,18,,,0,99,,1597368,18,,,0,100,,1597369,18,,,0,100,,1597370,18,,,0,97,,1597371,18,,,0
1302,'20261010',759,,1627992,18,,,0,98,,1627993,18,,,0,99,,1627994,18,,,0,99,,1627995,18,,,0,99,,1627996,18,,,0,99,,1627997,18,,,0,97,,1627998,18,,,0,103,,1627999,18,,,0,101,,1628000,18,,,0,101,,1628001,18,,,0,101,,1628002,18,,,0,101,,1628003,18,,,0,101,,1628004,18,,,0,101,,1628005,18,,,0,100,,1628006,18,,,0
1302,'20261011',759,,1628007,18,,,0,98,,1628008,18,,,0,99,,1628009,18,,,0,99,,1628010,18,,,0,99,,1628011,18,,,0,99,,1628012,18,,,0,97,,1628013,18,,,0,103,,1628014,18,,,0,101,,1628015,18,,,0,101,,1628016,18,,,0,101,,1628017,18,,,0,101,,1628018,18,,,0,101,,1628019,18,,,0,101,,1628020,18,,,0,100,,1628021,18,,,0
1302,'20261012',759,,1628022,18,,,0,98,,1628023,18,,,0,99,,1628024,18,,,0,99,,1628025,18,,,0,99,,1628026,18,,,0,99,,1628027,18,,,0,97,,1628028,18,,,0,103,,1628029,18,,,0,101,,1628030,18,,,0,101,,1628031,18,,,0,101,,1628032,18,,,0,101,,1628033,18,,,0,101,,1628034,18,,,0,101,,1628035,18,,,0,100,,1628036,18,,,0
1302,'20261013',648,,1565640,18,,,0,100,,1565641,18,,,0,71,,1565642,18,,,0,102,,1565643,18,,,0,97,,1565644,18,,,0,98,,1565645,18,,,0,101,,1565646,18,,,0,101,,1565647,18,,,0,99,,1565648,18,,,0,97,,1565649,18,,,0,97,,1565650,18,,,0,33,,1565664,18,,,0,2,,1565663,18,,,0,78,,1565651,18,,,0,98,,1565652,18,,,0,101,,1565653,18,,,0,99,,1565654,18,,,0,100,,1565655,18,,,0,100,,1565656,18,,,0,97,,1565657,18,,,0
1302,'20261014',648,,1565665,18,,,0,100,,1565666,18,,,0,71,,1565667,18,,,0,102,,1565668,18,,,0,97,,1565669,18,,,0,98,,1565670,18,,,0,101,,1565671,18,,,0,101,,1565672,18,,,0,99,,1565673,18,,,0,97,,1565674,18,,,0,97,,1565675,18,,,0,33,,1565689,18,,,0,2,,1565688,18,,,0,78,,1565676,18,,,0,98,,1565677,18,,,0,101,,1565678,18,,,0,99,,1565679,18,,,0,100,,1565680,18,,,0,100,,1565681,18,,,0,97,,1565682,18,,,0
1302,'20261015',648,,1565690,18,,,0,100,,1565691,18,,,0,71,,1565692,18,,,0,102,,1565693,18,,,0,97,,1565694,18,,,0,98,,1565695,18,,,0,101,,1565696,18,,,0,101,,1565697,18,,,0,99,,1565698,18,,,0,97,,1565699,18,,,0,97,,1565700,18,,,0,33,,1565714,18,,,0,2,,1565713,18,,,0,78,,1565701,18,,,0,98,,1565702,18,,,0,101,,1565703,18,,,0,99,,1565704,18,,,0,100,,1565705,18,,,0,100,,1565706,18,,,0,97,,1565707,18,,,0
1302,'20261016',648,,1565715,18,,,0,100,,1565716,18,,,0,71,,1565717,18,,,0,102,,1565718,18,,,0,97,,1565719,18,,,0,98,,1565720,18,,,0,101,,1565721,18,,,0,101,,1565722,18,,,0,99,,1565723,18,,,0,97,,1565724,18,,,0,97,,1565725,18,,,0,33,,1565739,18,,,0,2,,1565738,18,,,0,78,,1565726,18,,,0,98,,1565727,18,,,0,101,,1565728,18,,,0,99,,1565729,18,,,0,100,,1565730,18,,,0,100,,1565731,18,,,0,97,,1565732,18,,,0
1302,'20261017',759,,1597372,18,,,0,98,,1597373,18,,,0,99,,1597374,18,,,0,99,,1597375,18,,,0,99,,1597376,18,,,0,99,,1597377,18,,,0,97,,1597378,18,,,0,103,,1597379,18,,,0,101,,1597380,18,,,0,101,,1597381,18,,,0,101,,1597382,18,,,0,101,,1597383,18,,,0,101,,1597384,18,,,0,101,,1597385,18,,,0,100,,1597386,18,,,0
1302,'20261018',759,,1597387,18,,,0,98,,1597388,18,,,0,99,,1597389,18,,,0,99,,1597390,18,,,0,99,,1597391,18,,,0,99,,1597392,18,,,0,97,,1597393,18,,,0,103,,1597394,18,,,0,101,,1597395,18,,,0,101,,1597396,18,,,0,101,,1597397,18,,,0,101,,1597398,18,,,0,101,,1597399,18,,,0,101,,1597400,18,,,0,100,,1597401,18,,,0
1302,'20261019',648,,1597402,18,,,0,100,,1597403,18,,,0,71,,1597404,18,,,0,102,,1597405,18,,,0,97,,1597406,18,,,0,98,,1597407,18,,,0,101,,1597408,18,,,0,101,,1597409,18,,,0,99,,1597410,18,,,0,97,,1597411,18,,,0,97,,1597412,18,,,0,33,,1597426,18,,,0,2,,1597425,18,,,0,78,,1597413,18,,,0,98,,1597414,18,,,0,101,,1597415,18,,,0,99,,1597416,18,,,0,100,,1597417,18,,,0,100,,1597418,18,,,0,97,,1597419,18,,,0
1302,'20261020',648,,1597427,18,,,0,100,,1597428,18,,,0,71,,1597429,18,,,0,102,,1597430,18,,,0,97,,1597431,18,,,0,98,,1597432,18,,,0,101,,1597433,18,,,0,101,,1597434,18,,,0,99,,1597435,18,,,0,97,,1597436,18,,,0,97,,1597437,18,,,0,33,,1597451,18,,,0,2,,1597450,18,,,0,78,,1597438,18,,,0,98,,1597439,18,,,0,101,,1597440,18,,,0,99,,1597441,18,,,0,100,,1597442,18,,,0,100,,1597443,18,,,0,97,,1597444,18,,,0
1302,'20261021',648,,1628037,18,,,0,100,,1628038,18,,,0,71,,1628039,18,,,0,102,,1628040,18,,,0,97,,1628041,18,,,0,98,,1628042,18,,,0,101,,1628043,18,,,0,101,,1628044,18,,,0,99,,1628045,18,,,0,97,,1628046,18,,,0,97,,1628047,18,,,0,33,,1628061,18,,,0,2,,1628060,18,,,0,78,,1628048,18,,,0,98,,1628049,18,,,0,101,,1628050,18,,,0,99,,1628051,18,,,0,100,,1628052,18,,,0,100,,1628053,18,,,0,97,,1628054,18,,,0
1302,'20261022',648,,1628062,18,,,0,100,,1628063,18,,,0,71,,1628064,18,,,0,102,,1628065,18,,,0,97,,1628066,18,,,0,98,,1628067,18,,,0,101,,1628068,18,,,0,101,,1628069,18,,,0,99,,1628070,18,,,0,97,,1628071,18,,,0,97,,1628072,18,,,0,33,,1628086,18,,,0,2,,1628085,18,,,0,78,,1628073,18,,,0,98,,1628074,18,,,0,101,,1628075,18,,,0,99,,1628076,18,,,0,100,,1628077,18,,,0,100,,1628078,18,,,0,97,,1628079,18,,,0
1302,'20261023',648,,1628087,18,,,0,100,,1628088,18,,,0,71,,1628089,18,,,0,102,,1628090,18,,,0,97,,1628091,18,,,0,98,,1628092,18,,,0,101,,1628093,18,,,0,101,,1628094,18,,,0,99,,1628095,18,,,0,97,,1628096,18,,,0,97,,1628097,18,,,0,33,,1628111,18,,,0,2,,1628110,18,,,0,78,,1628098,18,,,0,98,,1628099,18,,,0,101,,1628100,18,,,0,99,,1628101,18,,,0,100,,1628102,18,,,0,100,,1628103,18,,,0,97,,1628104,18,,,0
