3601,'20261002',646,,1568891,71,,,0,71,,1568892,71,,,0,32,,1568893,71,,,0,70,,1568894,71,,,0,28,,1568895,71,,,0,99,,1568896,71,,,0,100,,1568897,71,,,0,100,,1568898,71,,,0,100,,1568899,71,,,0,100,,1568900,71,,,0,100,,1568901,71,,,0,100,,1568902,71,,,0,103,,1568903,71,,,0,97,,1568904,71,,,0,100,,1568905,71,,,0,99,,1568906,71,,,0,99,,1568907,71,,,0,100,,1568908,71,,,0,99,,1568909,71,,,0,100,,1568910,71,,,0
3601,'20261003',644,,1568911,71,,,0,100,,1568912,71,,,0,100,,1568913,71,,,0,101,,1568914,71,,,0,100,,1568915,71,,,0,100,,1568916,71,,,0,100,,1568917,71,,,0,100,,1568918,71,,,0,100,,1568919,71,,,0,100,,1568920,71,,,0,100,,1568921,71,,,0,99,,1568922,71,,,0,100,,1568923,71,,,0,100,,1568924,71,,,0,100,,1568925,71,,,0,100,,1568926,71,,,0,100,,1568927,71,,,0,100,,1568928,71,,,0
3601,'20261004',644,,1568929,71,,,0,100,,1568930,71,,,0,100,,1568931,71,,,0,101,,1568932,71,,,0,100,,1568933,71,,,0,100,,1568934,71,,,0,100,,1568935,71,,,0,100,,1568936,71,,,0,100,,1568937,71,,,0,100,,1568938,71,,,0,100,,1568939,71,,,0,99,,1568940,71,,,0,100,,1568941,71,,,0,100,,1568942,71,,,0,100,,1568943,71,,,0,100,,1568944,71,,,0,100,,1568945,71,,,0,100,,1568946,71,,,0
3601,'20261005',646,,1568947,71,,,0,71,,1568948,71,,,0,32,,1568949,71,,,0,70,,1568950,71,,,0,28,,1568951,71,,,0,99,,1568952,71,,,0,100,,1568953,71,,,0,100,,1568954,71,,,0,100,,1568955,71,,,0,100,,1568956,71,,,0,100,,1568957,71,,,0,100,,1568958,71,,,0,103,,1568959,71,,,0,97,,1568960,71,,,0,100,,1568961,71,,,0,99,,1568962,71,,,0,99,,1568963,71,,,0,100,,1568964,71,,,0,99,,1568965,71,,,0,100,,1568966,71,,,0
3601,'20261006',646,,1515690,71,,,0,71,,1515691,71,,,0,32,,1515692,71,,,0,70,,1515693,71,,,0,28,,1515694,71,,,0,99,,1515695,71,,,0,100,,1515696,71,,,0,100,,1515697,71,,,0,100,,1515698,71,,,0,100,,1515699,71,,,0,100,,1515700,71,,,0,100,,1515701,71,,,0,103,,1515702,71,,,0,97,,1515703,71,,,0,100,,1515704,71,,,0,99,,1515705,71,,,0,99,,1515706,71,,,0,100,,1515707,71,,,0,99,,1515709,71,,,0,100,,1515708,71,,,0
3601,'20261007',646,,1515710,71,,,0,71,,1515711,71,,,0,32,,1515712,71,,,0,70,,1515713,71,,,0,28,,1515714,71,,,0,99,,1515715,71,,,0,100,,1515716,71,,,0,100,,1515717,71,,,0,100,,1515718,71,,,0,100,,1515719,71,,,0,100,,1515720,71,,,0,100,,1515721,71,,,0,103,,1515722,71,,,0,97,,1515723,71,,,0,100,,1515724,71,,,0,99,,1515725,71,,,0,99,,1515726,71,,,0,100,,1515727,71,,,0,99,,1515729,71,,,0,100,,1515728,71,,,0
3601,'20261008',646,,1515730,71,,,0,71,,1515731,71,,,0,32,,1515732,71,,,0,70,,1515733,71,,,0,28,,1515734,71,,,0,99,,1515735,71,,,0,100,,1515736,71,,,0,100,,1515737,71,,,0,100,,1515738,71,,,0,100,,1515739,71,,,0,100,,1515740,71,,,0,100,,1515741,71,,,0,103,,1515742,71,,,0,97,,1515743,71,,,0,100,,1515744,71,,,0,99,,1515745,71,,,0,99,,1515746,71,,,0,100,,1515747,71,,,0,99,,1515749,71,,,0,100,,1515748,71,,,0
3601,'20261009',646,,1515750,71,,,0,71,,1515751,71,,,0,32,,1515752,71,,,0,70,,1515753,71,,,0,28,,1515754,71,,,0,99,,1515755,71,,,0,100,,1515756,71,,,0,100,,1515757,71,,,0,100,,1515758,71,,,0,100,,1515759,71,,,0,100,,1515760,71,,,0,100,,1515761,71,,,0,103,,1515762,71,,,0,97,,1515763,71,,,0,100,,1515764,71,,,0,99,,1515765,71,,,0,99,,1515766,71,,,0,100,,1515767,71,,,0,99,,1515769,71,,,0,100,,1515768,71,,,0
3601,'20261010',644,,1545128,71,,,0,100,,1545111,71,,,0,100,,1545112,71,,,0,101,,1545113,71,,,0,100,,1545114,71,,,0,100,,1545115,71,,,0,100,,1545116,71,,,0,100,,1545117,71,,,0,100,,1545118,71,,,0,100,,1545119,71,,,0,100,,1545120,71,,,0,99,,1545121,71,,,0,100,,1545122,71,,,0,100,,1545123,71,,,0,100,,1545127,71,,,0,100,,1545124,71,,,0,100,,1545126,71,,,0,100,,1545125,71,,,0
3601,'20261011',644,,1545146,71,,,0,100,,1545139,71,,,0,100,,1545144,71,,,0,101,,1545138,71,,,0,100,,1545137,71,,,0,100,,1545136,71,,,0,100,,1545135,71,,,0,100,,1545134,71,,,0,100,,1545133,71,,,0,100,,1545132,71,,,0,100,,1545131,71,,,0,99,,1545130,71,,,0,100,,1545129,71,,,0,100,,1545143,71,,,0,100,,1545145,71,,,0,100,,1545142,71,,,0,100,,1545141,71,,,0,100,,1545140,71,,,0
3601,'20261012',644,,1545164,71,,,0,100,,1545157,71,,,0,100,,1545162,71,,,0,101,,1545156,71,,,0,100,,1545155,71,,,0,100,,1545154,71,,,0,100,,1545153,71,,,0,100,,1545152,71,,,0,100,,1545151,71,,,0,100,,1545150,71,,,0,100,,1545149,71,,,0,99,,1545148,71,,,0,100,,1545147,71,,,0,100,,1545161,71,,,0,100,,1545163,71,,,0,100,,1545160,71,,,0,100,,1545159,71,,,0,100,,1545158,71,,,0
3601,'20261013',646,,1568967,71,,,0,71,,1568968,71,,,0,32,,1568969,71,,,0,70,,1568970,71,,,0,28,,1568971,71,,,0,99,,1568972,71,,,0,100,,1568973,71,,,0,100,,1568974,71,,,0,100,,1568975,71,,,0,100,,1568976,71,,,0,100,,1568977,71,,,0,100,,1568978,71,,,0,103,,1568979,71,,,0,97,,1568980,71,,,0,100,,1568981,71,,,0,99,,1568982,71,,,0,99,,1568983,71,,,0,100,,1568984,71,,,0,99,,1568986,71,,,0,100,,1568985,71,,,0
3601,'20261014',646,,1568987,71,,,0,71,,1568988,71,,,0,32,,1568989,71,,,0,70,,1568990,71,,,0,28,,1568991,71,,,0,99,,1568992,71,,,0,100,,1568993,71,,,0,100,,1568994,71,,,0,100,,1568995,71,,,0,100,,1568996,71,,,0,100,,1568997,71,,,0,100,,1568998,71,,,0,103,,1568999,71,,,0,97,,1569000,71,,,0,100,,1569001,71,,,0,99,,1569002,71,,,0,99,,1569003,71,,,0,100,,1569004,71,,,0,99,,1569006,71,,,0,100,,1569005,71,,,0
3601,'20261015',646,,1569007,71,,,0,71,,1569008,71,,,0,32,,1569009,71,,,0,70,,1569010,71,,,0,28,,1569011,71,,,0,99,,1569012,71,,,0,100,,1569013,71,,,0,100,,1569014,71,,,0,100,,1569015,71,,,0,100,,1569016,71,,,0,100,,1569017,71,,,0,100,,1569018,71,,,0,103,,1569019,71,,,0,97,,1569020,71,,,0,100,,1569021,71,,,0,99,,1569022,71,,,0,99,,1569023,71,,,0,100,,1569024,71,,,0,99,,1569026,71,,,0,100,,1569025,71,,,0
3601,'20261016',646,,1569027,71,,,0,71,,1569028,71,,,0,32,,1569029,71,,,0,70,,1569030,71,,,0,28,,1569031,71,,,0,99,,1569032,71,,,0,100,,1569033,71,,,0,100,,1569034,71,,,0,100,,1569035,71,,,0,100,,1569036,71,,,0,100,,1569037,71,,,0,100,,1569038,71,,,0,103,,1569039,71,,,0,97,,1569040,71,,,0,100,,1569041,71,,,0,99,,1569042,71,,,0,99,,1569043,71,,,0,100,,1569044,71,,,0,99,,1569046,71,,,0,100,,1569045,71,,,0
6102,'20261002',628,,1572195,27,,,1,31,,1572196,27,,,1,71,,1572197,27,,,1,70,,1572198,27,,,1,30,,1572199,27,,,1,70,,1572200,27,,,1,30,,1572201,27,,,1,70,,1572202,27,,,1,31,,1572203,27,,,1,71,,1572204,27,,,1,30,,1572205,27,,,1,71,,1572206,27,,,1,30,,1572207,27,,,1,71,,1572208,27,,,1,30,,1572209,27,,,1,70,,1572210,27,,,1,30,,1572211,27,,,1,70,,1572212,27,,,1,30,,1572213,27,,,1,72,,1572214,27,,,1,32,,1572215,27,,,1,68,,1572216,27,,,1,34,,1572217,27,,,1,61,,1572218,27,,,1,30,,1572219,27,,,1,100,,1572220,27,,,1,100,,1572221,27,,,1,100,,1572222,27,,,1,69,,1572223,27,,,1,29,,1572224,27,,,1,99,,1572225,27,,,1
6102,'20261003',727,,1572226,27,,,1,100,,1572227,27,,,1,31,,1572228,27,,,1,70,,1572229,27,,,1,102,,1572230,27,,,1,101,,1572231,27,,,1,70,,1572232,27,,,1,30,,1572233,27,,,1,71,,1572234,27,,,1,31,,1572235,27,,,1,70,,1572236,27,,,1,30,,1572237,27,,,1,70,,1572238,27,,,1,30,,1572239,27,,,1,70,,1572240,27,,,1,30,,1572241,27,,,1,70,,1572242,27,,,1,30,,1572243,27,,,1,69,,1572244,27,,,1,28,,1572245,27,,,1,100,,1572246,27,,,1,98,,1572247,27,,,1,100,,1572248,27,,,1,100,,1572249,27,,,1,100,,1572250,27,,,1
6102,'20261004',727,,1572251,27,,,1,100,,1572252,27,,,1,31,,1572253,27,,,1,70,,1572254,27,,,1,102,,1572255,27,,,1,101,,1572256,27,,,1,70,,1572257,27,,,1,30,,1572258,27,,,1,71,,1572259,27,,,1,31,,1572260,27,,,1,70,,1572261,27,,,1,30,,1572262,27,,,1,70,,1572263,27,,,1,30,,1572264,27,,,1,70,,1572265,27,,,1,30,,1572266,27,,,1,70,,1572267,27,,,1,30,,1572268,27,,,1,69,,1572269,27,,,1,28,,1572270,27,,,1,100,,1572271,27,,,1,98,,1572272,27,,,1,100,,1572273,27,,,1,100,,1572274,27,,,1,100,,1572275,27,,,1
6102,'20261005',628,,1572276,27,,,1,31,,1572277,27,,,1,71,,1572278,27,,,1,70,,1572279,27,,,1,30,,1572280,27,,,1,70,,1572281,27,,,1,30,,1572282,27,,,1,70,,1572283,27,,,1,31,,1572284,27,,,1,71,,1572285,27,,,1,30,,1572286,27,,,1,71,,1572287,27,,,1,30,,1572288,27,,,1,71,,1572289,27,,,1,30,,1572290,27,,,1,70,,1572291,27,,,1,30,,1572292,27,,,1,70,,1572293,27,,,1,30,,1572294,27,,,1,72,,1572295,27,,,1,32,,1572296,27,,,1,68,,1572297,27,,,1,34,,1572298,27,,,1,61,,1572299,27,,,1,30,,1572300,27,,,1,100,,1572301,27,,,1,100,,1572302,27,,,1,100,,1572303,27,,,1,69,,1572304,27,,,1,29,,1572305,27,,,1,99,,1572306,27,,,1
6102,'20261006',628,,1519032,27,,,1,31,,1519033,27,,,1,71,,1519034,27,,,1,70,,1519035,27,,,1,30,,1519036,27,,,1,70,,1519037,27,,,1,30,,1519038,27,,,1,70,,1519056,27,,,1,31,,1519039,27,,,1,71,,1519057,27,,,1,30,,1519040,27,,,1,71,,1519058,27,,,1,30,,1519041,27,,,1,71,,1519059,27,,,1,30,,1519042,27,,,1,70,,1519060,27,,,1,30,,1519043,27,,,1,70,,1519061,27,,,1,30,,1519044,27,,,1,72,,1519062,27,,,1,32,,1519045,27,,,1,68,,1519046,27,,,1,34,,1519047,27,,,1,61,,1519048,27,,,1,30,,1519049,27,,,1,100,,1519050,27,,,1,100,,1519051,27,,,1,100,,1519052,27,,,1,69,,1519055,27,,,1,29,,1519053,27,,,1,99,,1519054,27,,,1
6102,'20261007',628,,1519063,27,,,1,31,,1519064,27,,,1,71,,1519065,27,,,1,70,,1519066,27,,,1,30,,1519067,27,,,1,70,,1519068,27,,,1,30,,1519069,27,,,1,70,,1519087,27,,,1,31,,1519070,27,,,1,71,,1519088,27,,,1,30,,1519071,27,,,1,71,,1519089,27,,,1,30,,1519072,27,,,1,71,,1519090,27,,,1,30,,1519073,27,,,1,70,,1519091,27,,,1,30,,1519074,27,,,1,70,,1519092,27,,,1,30,,1519075,27,,,1,72,,1519093,27,,,1,32,,1519076,27,,,1,68,,1519077,27,,,1,34,,1519078,27,,,1,61,,1519079,27,,,1,30,,1519080,27,,,1,100,,1519081,27,,,1,100,,1519082,27,,,1,100,,1519083,27,,,1,69,,1519086,27,,,1,29,,1519084,27,,,1,99,,1519085,27,,,1
6102,'20261008',628,,1519094,27,,,1,31,,1519095,27,,,1,71,,1519096,27,,,1,70,,1519097,27,,,1,30,,1519098,27,,,1,70,,1519099,27,,,1,30,,1519100,27,,,1,70,,1519118,27,,,1,31,,1519101,27,,,1,71,,1519119,27,,,1,30,,1519102,27,,,1,71,,1519120,27,,,1,30,,1519103,27,,,1,71,,1519121,27,,,1,30,,1519104,27,,,1,70,,1519122,27,,,1,30,,1519105,27,,,1,70,,1519123,27,,,1,30,,1519106,27,,,1,72,,1519124,27,,,1,32,,1519107,27,,,1,68,,1519108,27,,,1,34,,1519109,27,,,1,61,,1519110,27,,,1,30,,1519111,27,,,1,100,,1519112,27,,,1,100,,1519113,27,,,1,100,,1519114,27,,,1,69,,1519117,27,,,1,29,,1519115,27,,,1,99,,1519116,27,,,1
6102,'20261009',628,,1519125,27,,,1,31,,1519126,27,,,1,71,,1519127,27,,,1,70,,1519128,27,,,1,30,,1519129,27,,,1,70,,1519130,27,,,1,30,,1519131,27,,,1,70,,1519149,27,,,1,31,,1519132,27,,,1,71,,1519150,27,,,1,30,,1519133,27,,,1,71,,1519151,27,,,1,30,,1519134,27,,,1,71,,1519152,27,,,1,30,,1519135,27,,,1,70,,1519153,27,,,1,30,,1519136,27,,,1,70,,1519154,27,,,1,30,,1519137,27,,,1,72,,1519155,27,,,1,32,,1519138,27,,,1,68,,1519139,27,,,1,34,,1519140,27,,,1,61,,1519141,27,,,1,30,,1519142,27,,,1,100,,1519143,27,,,1,100,,1519144,27,,,1,100,,1519145,27,,,1,69,,1519148,27,,,1,29,,1519146,27,,,1,99,,1519147,27,,,1
6102,'20261010',727,,1547475,27,,,1,100,,1547476,27,,,1,31,,1547492,27,,,1,70,,1547477,27,,,1,102,,1547478,27,,,1,101,,1547479,27,,,1,70,,1547493,27,,,1,30,,1547480,27,,,1,71,,1547494,27,,,1,31,,1547481,27,,,1,70,,1547495,27,,,1,30,,1547482,27,,,1,70,,1547496,27,,,1,30,,1547483,27,,,1,70,,1547497,27,,,1,30,,1547484,27,,,1,70,,1547498,27,,,1,30,,1547485,27,,,1,69,,1547499,27,,,1,28,,1547486,27,,,1,100,,1547487,27,,,1,98,,1547488,27,,,1,100,,1547489,27,,,1,100,,1547490,27,,,1,100,,1547491,27,,,1
6102,'20261011',727,,1547500,27,,,1,100,,1547501,27,,,1,31,,1547517,27,,,1,70,,1547502,27,,,1,102,,1547503,27,,,1,101,,1547504,27,,,1,70,,1547518,27,,,1,30,,1547505,27,,,1,71,,1547519,27,,,1,31,,1547506,27,,,1,70,,1547520,27,,,1,30,,1547507,27,,,1,70,,1547521,27,,,1,30,,1547508,27,,,1,70,,1547522,27,,,1,30,,1547509,27,,,1,70,,1547523,27,,,1,30,,1547510,27,,,1,69,,1547524,27,,,1,28,,1547511,27,,,1,100,,1547512,27,,,1,98,,1547513,27,,,1,100,,1547514,27,,,1,100,,1547515,27,,,1,100,,1547516,27,,,1
6102,'20261012',727,,1547525,27,,,1,100,,1547526,27,,,1,31,,1547542,27,,,1,70,,1547527,27,,,1,102,,1547528,27,,,1,101,,1547529,27,,,1,70,,1547543,27,,,1,30,,1547530,27,,,1,71,,1547544,27,,,1,31,,1547531,27,,,1,70,,1547545,27,,,1,30,,1547532,27,,,1,70,,1547546,27,,,1,30,,1547533,27,,,1,70,,1547547,27,,,1,30,,1547534,27,,,1,70,,1547548,27,,,1,30,,1547535,27,,,1,69,,1547549,27,,,1,28,,1547536,27,,,1,100,,1547537,27,,,1,98,,1547538,27,,,1,100,,1547539,27,,,1,100,,1547540,27,,,1,100,,1547541,27,,,1
6102,'20261013',628,,1572307,27,,,1,31,,1572308,27,,,1,71,,1572309,27,,,1,70,,1572310,27,,,1,30,,1572311,27,,,1,70,,1572312,27,,,1,30,,1572313,27,,,1,70,,1572331,27,,,1,31,,1572314,27,,,1,71,,1572332,27,,,1,30,,1572315,27,,,1,71,,1572333,27,,,1,30,,1572316,27,,,1,71,,1572334,27,,,1,30,,1572317,27,,,1,70,,1572335,27,,,1,30,,1572318,27,,,1,70,,1572336,27,,,1,30,,1572319,27,,,1,72,,1572337,27,,,1,32,,1572320,27,,,1,68,,1572321,27,,,1,34,,1572322,27,,,1,61,,1572323,27,,,1,30,,1572324,27,,,1,100,,1572325,27,,,1,100,,1572326,27,,,1,100,,1572327,27,,,1,69,,1572330,27,,,1,29,,1572328,27,,,1,99,,1572329,27,,,1
6102,'20261014',628,,1572338,27,,,1,31,,1572339,27,,,1,71,,1572340,27,,,1,70,,1572341,27,,,1,30,,1572342,27,,,1,70,,1572343,27,,,1,30,,1572344,27,,,1,70,,1572362,27,,,1,31,,1572345,27,,,1,71,,1572363,27,,,1,30,,1572346,27,,,1,71,,1572364,27,,,1,30,,1572347,27,,,1,71,,1572365,27,,,1,30,,1572348,27,,,1,70,,1572366,27,,,1,30,,1572349,27,,,1,70,,1572367,27,,,1,30,,1572350,27,,,1,72,,1572368,27,,,1,32,,1572351,27,,,1,68,,1572352,27,,,1,34,,1572353,27,,,1,61,,1572354,27,,,1,30,,1572355,27,,,1,100,,1572356,27,,,1,100,,1572357,27,,,1,100,,1572358,27,,,1,69,,1572361,27,,,1,29,,1572359,27,,,1,99,,1572360,27,,,1
6102,'20261015',628,,1572369,27,,,1,31,,1572370,27,,,1,71,,1572371,27,,,1,70,,1572372,27,,,1,30,,1572373,27,,,1,70,,1572374,27,,,1,30,,1572375,27,,,1,70,,1572393,27,,,1,31,,1572376,27,,,1,71,,1572394,27,,,1,30,,1572377,27,,,1,71,,1572395,27,,,1,30,,1572378,27,,,1,71,,1572396,27,,,1,30,,1572379,27,,,1,70,,1572397,27,,,1,30,,1572380,27,,,1,70,,1572398,27,,,1,30,,1572381,27,,,1,72,,1572399,27,,,1,32,,1572382,27,,,1,68,,1572383,27,,,1,34,,1572384,27,,,1,61,,1572385,27,,,1,30,,1572386,27,,,1,100,,1572387,27,,,1,100,,1572388,27,,,1,100,,1572389,27,,,1,69,,1572392,27,,,1,29,,1572390,27,,,1,99,,1572391,27,,,1
6102,'20261016',628,,1572400,27,,,1,31,,1572401,27,,,1,71,,1572402,27,,,1,70,,1572403,27,,,1,30,,1572404,27,,,1,70,,1572405,27,,,1,30,,1572406,27,,,1,70,,1572424,27,,,1,31,,1572407,27,,,1,71,,1572425,27,,,1,30,,1572408,27,,,1,71,,1572426,27,,,1,30,,1572409,27,,,1,71,,1572427,27,,,1,30,,1572410,27,,,1,70,,1572428,27,,,1,30,,1572411,27,,,1,70,,1572429,27,,,1,30,,1572412,27,,,1,72,,1572430,27,,,1,32,,1572413,27,,,1,68,,1572414,27,,,1,34,,1572415,27,,,1,61,,1572416,27,,,1,30,,1572417,27,,,1,100,,1572418,27,,,1,100,,1572419,27,,,1,100,,1572420,27,,,1,69,,1572423,27,,,1,29,,1572421,27,,,1,99,,1572422,27,,,1
13601,'20261002',629,,1579615,28,,,0,9,,1579616,28,,,0,10,,1579617,28,,,0,8,,1579618,28,,,0,49,,1579619,28,,,0,7,,1579620,28,,,0,9,,1579621,28,,,0,9,,1579622,28,,,0,8,,1579623,28,,,0,9,,1579624,28,,,0,53,,1579625,28,,,0,10,,1579626,28,,,0,8,,1579627,28,,,0,12,,1579628,28,,,0
13601,'20261005',629,,1579629,28,,,0,9,,1579630,28,,,0,10,,1579631,28,,,0,8,,1579632,28,,,0,49,,1579633,28,,,0,7,,1579634,28,,,0,9,,1579635,28,,,0,9,,1579636,28,,,0,8,,1579637,28,,,0,9,,1579638,28,,,0,53,,1579639,28,,,0,10,,1579640,28,,,0,8,,1579641,28,,,0,12,,1579642,28,,,0
13601,'20261006',629,,1526377,28,,,0,9,,1526378,28,,,0,10,,1526379,28,,,0,8,,1526383,28,,,0,49,,1526371,28,,,0,7,,1526372,28,,,0,9,,1526380,28,,,0,9,,1526384,28,,,0,8,,1526373,28,,,0,9,,1526374,28,,,0,53,,1526381,28,,,0,10,,1526375,28,,,0,8,,1526382,28,,,0,12,,1526376,28,,,0
13601,'20261007',629,,1526391,28,,,0,9,,1526392,28,,,0,10,,1526393,28,,,0,8,,1526397,28,,,0,49,,1526385,28,,,0,7,,1526386,28,,,0,9,,1526394,28,,,0,9,,1526398,28,,,0,8,,1526387,28,,,0,9,,1526388,28,,,0,53,,1526395,28,,,0,10,,1526389,28,,,0,8,,1526396,28,,,0,12,,1526390,28,,,0
13601,'20261008',629,,1526405,28,,,0,9,,1526406,28,,,0,10,,1526407,28,,,0,8,,1526411,28,,,0,49,,1526399,28,,,0,7,,1526400,28,,,0,9,,1526408,28,,,0,9,,1526412,28,,,0,8,,1526401,28,,,0,9,,1526402,28,,,0,53,,1526409,28,,,0,10,,1526403,28,,,0,8,,1526410,28,,,0,12,,1526404,28,,,0
13601,'20261009',629,,1526419,28,,,0,9,,1526420,28,,,0,10,,1526421,28,,,0,8,,1526425,28,,,0,49,,1526413,28,,,0,7,,1526414,28,,,0,9,,1526422,28,,,0,9,,1526426,28,,,0,8,,1526415,28,,,0,9,,1526416,28,,,0,53,,1526423,28,,,0,10,,1526417,28,,,0,8,,1526424,28,,,0,12,,1526418,28,,,0
13601,'20261013',629,,1579649,28,,,0,9,,1579650,28,,,0,10,,1579651,28,,,0,8,,1579655,28,,,0,49,,1579643,28,,,0,7,,1579644,28,,,0,9,,1579652,28,,,0,9,,1579656,28,,,0,8,,1579645,28,,,0,9,,1579646,28,,,0,53,,1579653,28,,,0,10,,1579647,28,,,0,8,,1579654,28,,,0,12,,1579648,28,,,0
13601,'20261014',629,,1579663,28,,,0,9,,1579664,28,,,0,10,,1579665,28,,,0,8,,1579669,28,,,0,49,,1579657,28,,,0,7,,1579658,28,,,0,9,,1579666,28,,,0,9,,1579670,28,,,0,8,,1579659,28,,,0,9,,1579660,28,,,0,53,,1579667,28,,,0,10,,1579661,28,,,0,8,,1579668,28,,,0,12,,1579662,28,,,0
13601,'20261015',629,,1579677,28,,,0,9,,1579678,28,,,0,10,,1579679,28,,,0,8,,1579683,28,,,0,49,,1579671,28,,,0,7,,1579672,28,,,0,9,,1579680,28,,,0,9,,1579684,28,,,0,8,,1579673,28,,,0,9,,1579674,28,,,0,53,,1579681,28,,,0,10,,1579675,28,,,0,8,,1579682,28,,,0,12,,1579676,28,,,0
13601,'20261016',629,,1579691,28,,,0,9,,1579692,28,,,0,10,,1579693,28,,,0,8,,1579697,28,,,0,49,,1579685,28,,,0,7,,1579686,28,,,0,9,,1579694,28,,,0,9,,1579698,28,,,0,8,,1579687,28,,,0,9,,1579688,28,,,0,53,,1579695,28,,,0,10,,1579689,28,,,0,8,,1579696,28,,,0,12,,1579690,28,,,0
23801,'20261002',658,,1579985,37,,,0,54,,1579986,37,,,0,13,,1579987,37,,,0,24,,1579988,37,,,0
23801,'20261005',658,,1579989,37,,,0,54,,1579990,37,,,0,13,,1579991,37,,,0,24,,1579992,37,,,0
23801,'20261006',658,,1526721,37,,,0,54,,1526722,37,,,0,13,,1526723,37,,,0,24,,1526724,37,,,0
23801,'20261007',658,,1526725,37,,,0,54,,1526726,37,,,0,13,,1526727,37,,,0,24,,1526728,37,,,0
23801,'20261008',658,,1526729,37,,,0,54,,1526730,37,,,0,13,,1526731,37,,,0,24,,1526732,37,,,0
23801,'20261009',658,,1526733,37,,,0,54,,1526734,37,,,0,13,,1526735,37,,,0,24,,1526736,37,,,0
23801,'20261013',658,,1579993,37,,,0,54,,1579994,37,,,0,13,,1579995,37,,,0,24,,1579996,37,,,0
23801,'20261014',658,,1579997,37,,,0,54,,1579998,37,,,0,13,,1579999,37,,,0,24,,1580000,37,,,0
23801,'20261015',658,,1580001,37,,,0,54,,1580002,37,,,0,13,,1580003,37,,,0,24,,1580004,37,,,0
23801,'20261016',658,,1580005,37,,,0,54,,1580006,37,,,0,13,,1580007,37,,,0,24,,1580008,37,,,0
29001,'20261002',703,,1581107,27,,,0,33,,1581108,27,,,0,79,,1581109,27,,,0,23,,1581110,27,,,0
29001,'20261005',703,,1581111,27,,,0,33,,1581112,27,,,0,79,,1581113,27,,,0,23,,1581114,27,,,0
29001,'20261006',703,,1527841,27,,,0,33,,1527839,27,,,0,79,,1527840,27,,,0,23,,1527842,27,,,0
29001,'20261007',703,,1527845,27,,,0,33,,1527843,27,,,0,79,,1527844,27,,,0,23,,1527846,27,,,0
29001,'20261008',703,,1527849,27,,,0,33,,1527847,27,,,0,79,,1527848,27,,,0,23,,1527850,27,,,0
29001,'20261009',703,,1527853,27,,,0,33,,1527851,27,,,0,79,,1527852,27,,,0,23,,1527854,27,,,0
29001,'20261013',703,,1581117,27,,,0,33,,1581115,27,,,0,79,,1581116,27,,,0,23,,1581118,27,,,0
29001,'20261014',703,,1581121,27,,,0,33,,1581119,27,,,0,79,,1581120,27,,,0,23,,1581122,27,,,0
29001,'20261015',703,,1581125,27,,,0,33,,1581123,27,,,0,79,,1581124,27,,,0,23,,1581126,27,,,0
29001,'20261016',703,,1581129,27,,,0,33,,1581127,27,,,0,79,,1581128,27,,,0,23,,1581130,27,,,0
