9202,'20261009',531,,1609910,3,,,0,96,,1609911,3,,,0,73,,1609912,3,,,0,31,,1609913,3,,,0,72,,1609914,3,,,0,31,,1609915,3,,,0,99,,1609916,3,,,0,100,,1609917,3,,,0,100,,1609918,3,,,0,101,,1609919,3,,,0,100,,1609920,3,,,0,100,,1609921,3,,,0,98,,1609922,3,,,0,103,,1609923,3,,,0,100,,1609924,3,,,0,100,,1609925,3,,,0,98,,1609926,3,,,0,99,,1609927,3,,,0,99,,1609928,3,,,0,99,,1609929,3,,,0
9202,'20261010',552,,1636611,3,,,0,100,,1636612,3,,,0,99,,1636613,3,,,0,100,,1636614,3,,,0,98,,1636615,3,,,0,100,,1636616,3,,,0,97,,1636617,3,,,0,101,,1636618,3,,,0,101,,1636619,3,,,0,102,,1636620,3,,,0,101,,1636621,3,,,0,104,,1636622,3,,,0,99,,1636623,3,,,0,100,,1636624,3,,,0,97,,1636625,3,,,0,101,,1636626,3,,,0,100,,1636627,3,,,0
9202,'20261011',552,,1636628,3,,,0,100,,1636629,3,,,0,99,,1636630,3,,,0,100,,1636631,3,,,0,98,,1636632,3,,,0,100,,1636633,3,,,0,97,,1636634,3,,,0,101,,1636635,3,,,0,101,,1636636,3,,,0,102,,1636637,3,,,0,101,,1636638,3,,,0,104,,1636639,3,,,0,99,,1636640,3,,,0,100,,1636641,3,,,0,97,,1636642,3,,,0,101,,1636643,3,,,0,100,,1636644,3,,,0
9202,'20261012',552,,1636645,3,,,0,100,,1636646,3,,,0,99,,1636647,3,,,0,100,,1636648,3,,,0,98,,1636649,3,,,0,100,,1636650,3,,,0,97,,1636651,3,,,0,101,,1636652,3,,,0,101,,1636653,3,,,0,102,,1636654,3,,,0,101,,1636655,3,,,0,104,,1636656,3,,,0,99,,1636657,3,,,0,100,,1636658,3,,,0,97,,1636659,3,,,0,101,,1636660,3,,,0,100,,1636661,3,,,0
9202,'20261013',531,,1578206,3,,,0,96,,1578205,3,,,0,73,,1578204,3,,,0,31,,1578187,3,,,0,72,,1578203,3,,,0,31,,1578188,3,,,0,99,,1578189,3,,,0,100,,1578190,3,,,0,100,,1578192,3,,,0,101,,1578193,3,,,0,100,,1578191,3,,,0,100,,1578199,3,,,0,98,,1578197,3,,,0,103,,1578198,3,,,0,100,,1578200,3,,,0,100,,1578194,3,,,0,98,,1578195,3,,,0,99,,1578196,3,,,0,99,,1578201,3,,,0,99,,1578202,3,,,0
9202,'20261014',531,,1578226,3,,,0,96,,1578225,3,,,0,73,,1578224,3,,,0,31,,1578207,3,,,0,72,,1578223,3,,,0,31,,1578208,3,,,0,99,,1578209,3,,,0,100,,1578210,3,,,0,100,,1578212,3,,,0,101,,1578213,3,,,0,100,,1578211,3,,,0,100,,1578219,3,,,0,98,,1578217,3,,,0,103,,1578218,3,,,0,100,,1578220,3,,,0,100,,1578214,3,,,0,98,,1578215,3,,,0,99,,1578216,3,,,0,99,,1578221,3,,,0,99,,1578222,3,,,0
9202,'20261015',531,,1578246,3,,,0,96,,1578245,3,,,0,73,,1578244,3,,,0,31,,1578227,3,,,0,72,,1578243,3,,,0,31,,1578228,3,,,0,99,,1578229,3,,,0,100,,1578230,3,,,0,100,,1578232,3,,,0,101,,1578233,3,,,0,100,,1578231,3,,,0,100,,1578239,3,,,0,98,,1578237,3,,,0,103,,1578238,3,,,0,100,,1578240,3,,,0,100,,1578234,3,,,0,98,,1578235,3,,,0,99,,1578236,3,,,0,99,,1578241,3,,,0,99,,1578242,3,,,0
9202,'20261016',531,,1578266,3,,,0,96,,1578265,3,,,0,73,,1578264,3,,,0,31,,1578247,3,,,0,72,,1578263,3,,,0,31,,1578248,3,,,0,99,,1578249,3,,,0,100,,1578250,3,,,0,100,,1578252,3,,,0,101,,1578253,3,,,0,100,,1578251,3,,,0,100,,1578259,3,,,0,98,,1578257,3,,,0,103,,1578258,3,,,0,100,,1578260,3,,,0,100,,1578254,3,,,0,98,,1578255,3,,,0,99,,1578256,3,,,0,99,,1578261,3,,,0,99,,1578262,3,,,0
9202,'20261017',552,,1609946,3,,,0,100,,1609945,3,,,0,99,,1609930,3,,,0,100,,1609941,3,,,0,98,,1609940,3,,,0,100,,1609931,3,,,0,97,,1609942,3,,,0,101,,1609934,3,,,0,101,,1609936,3,,,0,102,,1609935,3,,,0,101,,1609943,3,,,0,104,,1609932,3,,,0,99,,1609933,3,,,0,100,,1609944,3,,,0,97,,1609937,3,,,0,101,,1609938,3,,,0,100,,1609939,3,,,0
9202,'20261018',552,,1609963,3,,,0,100,,1609962,3,,,0,99,,1609947,3,,,0,100,,1609957,3,,,0,98,,1609956,3,,,0,100,,1609948,3,,,0,97,,1609958,3,,,0,101,,1609951,3,,,0,101,,1609953,3,,,0,102,,1609952,3,,,0,101,,1609959,3,,,0,104,,1609949,3,,,0,99,,1609950,3,,,0,100,,1609960,3,,,0,97,,1609954,3,,,0,101,,1609955,3,,,0,100,,1609961,3,,,0
9202,'20261019',531,,1609983,3,,,0,96,,1609982,3,,,0,73,,1609981,3,,,0,31,,1609964,3,,,0,72,,1609980,3,,,0,31,,1609965,3,,,0,99,,1609966,3,,,0,100,,1609967,3,,,0,100,,1609969,3,,,0,101,,1609970,3,,,0,100,,1609968,3,,,0,100,,1609976,3,,,0,98,,1609974,3,,,0,103,,1609975,3,,,0,100,,1609977,3,,,0,100,,1609971,3,,,0,98,,1609972,3,,,0,99,,1609973,3,,,0,99,,1609978,3,,,0,99,,1609979,3,,,0
9202,'20261020',531,,1610003,3,,,0,96,,1610002,3,,,0,73,,1610001,3,,,0,31,,1609984,3,,,0,72,,1610000,3,,,0,31,,1609985,3,,,0,99,,1609986,3,,,0,100,,1609987,3,,,0,100,,1609989,3,,,0,101,,1609990,3,,,0,100,,1609988,3,,,0,100,,1609996,3,,,0,98,,1609994,3,,,0,103,,1609995,3,,,0,100,,1609997,3,,,0,100,,1609991,3,,,0,98,,1609992,3,,,0,99,,1609993,3,,,0,99,,1609998,3,,,0,99,,1609999,3,,,0
9202,'20261021',531,,1636681,3,,,0,96,,1636680,3,,,0,73,,1636679,3,,,0,31,,1636662,3,,,0,72,,1636678,3,,,0,31,,1636663,3,,,0,99,,1636664,3,,,0,100,,1636665,3,,,0,100,,1636667,3,,,0,101,,1636668,3,,,0,100,,1636666,3,,,0,100,,1636674,3,,,0,98,,1636672,3,,,0,103,,1636673,3,,,0,100,,1636675,3,,,0,100,,1636669,3,,,0,98,,1636670,3,,,0,99,,1636671,3,,,0,99,,1636676,3,,,0,99,,1636677,3,,,0
9202,'20261022',531,,1636701,3,,,0,96,,1636700,3,,,0,73,,1636699,3,,,0,31,,1636682,3,,,0,72,,1636698,3,,,0,31,,1636683,3,,,0,99,,1636684,3,,,0,100,,1636685,3,,,0,100,,1636687,3,,,0,101,,1636688,3,,,0,100,,1636686,3,,,0,100,,1636694,3,,,0,98,,1636692,3,,,0,103,,1636693,3,,,0,100,,1636695,3,,,0,100,,1636689,3,,,0,98,,1636690,3,,,0,99,,1636691,3,,,0,99,,1636696,3,,,0,99,,1636697,3,,,0
9202,'20261023',531,,1636721,3,,,0,96,,1636720,3,,,0,73,,1636719,3,,,0,31,,1636702,3,,,0,72,,1636718,3,,,0,31,,1636703,3,,,0,99,,1636704,3,,,0,100,,1636705,3,,,0,100,,1636707,3,,,0,101,,1636708,3,,,0,100,,1636706,3,,,0,100,,1636714,3,,,0,98,,1636712,3,,,0,103,,1636713,3,,,0,100,,1636715,3,,,0,100,,1636709,3,,,0,98,,1636710,3,,,0,99,,1636711,3,,,0,99,,1636716,3,,,0,99,,1636717,3,,,0
29202,'20261009',632,,1612935,3,,,0,18,,1612936,3,,,0,69,,1612937,3,,,0
29202,'20261013',632,,1581187,3,,,0,18,,1581186,3,,,0,69,,1581185,3,,,0
29202,'20261014',632,,1581190,3,,,0,18,,1581189,3,,,0,69,,1581188,3,,,0
29202,'20261015',632,,1581193,3,,,0,18,,1581192,3,,,0,69,,1581191,3,,,0
29202,'20261016',632,,1581196,3,,,0,18,,1581195,3,,,0,69,,1581194,3,,,0
29202,'20261019',632,,1612940,3,,,0,18,,1612939,3,,,0,69,,1612938,3,,,0
29202,'20261020',632,,1612943,3,,,0,18,,1612942,3,,,0,69,,1612941,3,,,0
29202,'20261021',632,,1638449,3,,,0,18,,1638448,3,,,0,69,,1638447,3,,,0
29202,'20261022',632,,1638452,3,,,0,18,,1638451,3,,,0,69,,1638450,3,,,0
29202,'20261023',632,,1638455,3,,,0,18,,1638454,3,,,0,69,,1638453,3,,,0
