5501,'20261009',548,,1602849,36,,,0,68,,1602850,36,,,0,26,,1602851,36,,,0,73,,1602852,36,,,0,35,,1602853,36,,,0,77,,1602854,36,,,0,28,,1602855,36,,,0,92,,1602856,36,,,0,100,,1602857,36,,,0,99,,1602858,36,,,0,104,,1602859,36,,,0,94,,1602860,36,,,0,100,,1602861,36,,,0,101,,1602862,36,,,0,79,,1602863,36,,,0,79,,1602864,36,,,0,26,,1602865,36,,,0,28,,1602866,36,,,0,71,,1602867,36,,,0,30,,1602868,36,,,0,83,,1602869,36,,,0,90,,1602870,36,,,0,100,,1602871,36,,,0,102,,1602872,36,,,0,100,,1602873,36,,,0
5501,'20261010',720,,1631685,36,,,0,103,,1631686,36,,,0,99,,1631687,36,,,0,102,,1631688,36,,,0,94,,1631689,36,,,0,104,,1631690,36,,,0,98,,1631691,36,,,0,103,,1631692,36,,,0,99,,1631693,36,,,0,99,,1631694,36,,,0,102,,1631695,36,,,0,107,,1631696,36,,,0,93,,1631697,36,,,0,99,,1631698,36,,,0,103,,1631699,36,,,0,102,,1631700,36,,,0,102,,1631701,36,,,0
5501,'20261011',720,,1631702,36,,,0,103,,1631703,36,,,0,99,,1631704,36,,,0,102,,1631705,36,,,0,94,,1631706,36,,,0,104,,1631707,36,,,0,98,,1631708,36,,,0,103,,1631709,36,,,0,99,,1631710,36,,,0,99,,1631711,36,,,0,102,,1631712,36,,,0,107,,1631713,36,,,0,93,,1631714,36,,,0,99,,1631715,36,,,0,103,,1631716,36,,,0,102,,1631717,36,,,0,102,,1631718,36,,,0
5501,'20261012',720,,1631719,36,,,0,103,,1631720,36,,,0,99,,1631721,36,,,0,102,,1631722,36,,,0,94,,1631723,36,,,0,104,,1631724,36,,,0,98,,1631725,36,,,0,103,,1631726,36,,,0,99,,1631727,36,,,0,99,,1631728,36,,,0,102,,1631729,36,,,0,107,,1631730,36,,,0,93,,1631731,36,,,0,99,,1631732,36,,,0,103,,1631733,36,,,0,102,,1631734,36,,,0,102,,1631735,36,,,0
5501,'20261013',548,,1571157,36,,,0,68,,1571158,36,,,0,26,,1571147,36,,,0,73,,1571165,36,,,0,35,,1571143,36,,,0,77,,1571144,36,,,0,28,,1571159,36,,,0,92,,1571145,36,,,0,100,,1571146,36,,,0,99,,1571148,36,,,0,104,,1571161,36,,,0,94,,1571162,36,,,0,100,,1571166,36,,,0,101,,1571167,36,,,0,79,,1571149,36,,,0,79,,1571163,36,,,0,26,,1571150,36,,,0,28,,1571164,36,,,0,71,,1571151,36,,,0,30,,1571152,36,,,0,83,,1571153,36,,,0,90,,1571154,36,,,0,100,,1571155,36,,,0,102,,1571156,36,,,0,100,,1571160,36,,,0
5501,'20261014',548,,1571182,36,,,0,68,,1571183,36,,,0,26,,1571172,36,,,0,73,,1571190,36,,,0,35,,1571168,36,,,0,77,,1571169,36,,,0,28,,1571184,36,,,0,92,,1571170,36,,,0,100,,1571171,36,,,0,99,,1571173,36,,,0,104,,1571186,36,,,0,94,,1571187,36,,,0,100,,1571191,36,,,0,101,,1571192,36,,,0,79,,1571174,36,,,0,79,,1571188,36,,,0,26,,1571175,36,,,0,28,,1571189,36,,,0,71,,1571176,36,,,0,30,,1571177,36,,,0,83,,1571178,36,,,0,90,,1571179,36,,,0,100,,1571180,36,,,0,102,,1571181,36,,,0,100,,1571185,36,,,0
5501,'20261015',548,,1571207,36,,,0,68,,1571208,36,,,0,26,,1571197,36,,,0,73,,1571215,36,,,0,35,,1571193,36,,,0,77,,1571194,36,,,0,28,,1571209,36,,,0,92,,1571195,36,,,0,100,,1571196,36,,,0,99,,1571198,36,,,0,104,,1571211,36,,,0,94,,1571212,36,,,0,100,,1571216,36,,,0,101,,1571217,36,,,0,79,,1571199,36,,,0,79,,1571213,36,,,0,26,,1571200,36,,,0,28,,1571214,36,,,0,71,,1571201,36,,,0,30,,1571202,36,,,0,83,,1571203,36,,,0,90,,1571204,36,,,0,100,,1571205,36,,,0,102,,1571206,36,,,0,100,,1571210,36,,,0
5501,'20261016',548,,1571232,36,,,0,68,,1571233,36,,,0,26,,1571222,36,,,0,73,,1571240,36,,,0,35,,1571218,36,,,0,77,,1571219,36,,,0,28,,1571234,36,,,0,92,,1571220,36,,,0,100,,1571221,36,,,0,99,,1571223,36,,,0,104,,1571236,36,,,0,94,,1571237,36,,,0,100,,1571241,36,,,0,101,,1571242,36,,,0,79,,1571224,36,,,0,79,,1571238,36,,,0,26,,1571225,36,,,0,28,,1571239,36,,,0,71,,1571226,36,,,0,30,,1571227,36,,,0,83,,1571228,36,,,0,90,,1571229,36,,,0,100,,1571230,36,,,0,102,,1571231,36,,,0,100,,1571235,36,,,0
5501,'20261017',720,,1602874,36,,,0,103,,1602875,36,,,0,99,,1602876,36,,,0,102,,1602877,36,,,0,94,,1602878,36,,,0,104,,1602879,36,,,0,98,,1602880,36,,,0,103,,1602881,36,,,0,99,,1602882,36,,,0,99,,1602883,36,,,0,102,,1602884,36,,,0,107,,1602885,36,,,0,93,,1602886,36,,,0,99,,1602887,36,,,0,103,,1602888,36,,,0,102,,1602889,36,,,0,102,,1602890,36,,,0
5501,'20261018',720,,1602893,36,,,0,103,,1602891,36,,,0,99,,1602894,36,,,0,102,,1602895,36,,,0,94,,1602892,36,,,0,104,,1602904,36,,,0,98,,1602899,36,,,0,103,,1602900,36,,,0,99,,1602906,36,,,0,99,,1602901,36,,,0,102,,1602907,36,,,0,107,,1602903,36,,,0,93,,1602898,36,,,0,99,,1602905,36,,,0,103,,1602897,36,,,0,102,,1602902,36,,,0,102,,1602896,36,,,0
5501,'20261019',548,,1602922,36,,,0,68,,1602923,36,,,0,26,,1602912,36,,,0,73,,1602930,36,,,0,35,,1602908,36,,,0,77,,1602909,36,,,0,28,,1602924,36,,,0,92,,1602910,36,,,0,100,,1602911,36,,,0,99,,1602913,36,,,0,104,,1602926,36,,,0,94,,1602927,36,,,0,100,,1602931,36,,,0,101,,1602932,36,,,0,79,,1602914,36,,,0,79,,1602928,36,,,0,26,,1602915,36,,,0,28,,1602929,36,,,0,71,,1602916,36,,,0,30,,1602917,36,,,0,83,,1602918,36,,,0,90,,1602919,36,,,0,100,,1602920,36,,,0,102,,1602921,36,,,0,100,,1602925,36,,,0
5501,'20261020',548,,1602947,36,,,0,68,,1602948,36,,,0,26,,1602937,36,,,0,73,,1602955,36,,,0,35,,1602933,36,,,0,77,,1602934,36,,,0,28,,1602949,36,,,0,92,,1602935,36,,,0,100,,1602936,36,,,0,99,,1602938,36,,,0,104,,1602951,36,,,0,94,,1602952,36,,,0,100,,1602956,36,,,0,101,,1602957,36,,,0,79,,1602939,36,,,0,79,,1602953,36,,,0,26,,1602940,36,,,0,28,,1602954,36,,,0,71,,1602941,36,,,0,30,,1602942,36,,,0,83,,1602943,36,,,0,90,,1602944,36,,,0,100,,1602945,36,,,0,102,,1602946,36,,,0,100,,1602950,36,,,0
5501,'20261021',548,,1631750,36,,,0,68,,1631751,36,,,0,26,,1631740,36,,,0,73,,1631758,36,,,0,35,,1631736,36,,,0,77,,1631737,36,,,0,28,,1631752,36,,,0,92,,1631738,36,,,0,100,,1631739,36,,,0,99,,1631741,36,,,0,104,,1631754,36,,,0,94,,1631755,36,,,0,100,,1631759,36,,,0,101,,1631760,36,,,0,79,,1631742,36,,,0,79,,1631756,36,,,0,26,,1631743,36,,,0,28,,1631757,36,,,0,71,,1631744,36,,,0,30,,1631745,36,,,0,83,,1631746,36,,,0,90,,1631747,36,,,0,100,,1631748,36,,,0,102,,1631749,36,,,0,100,,1631753,36,,,0
5501,'20261022',548,,1631775,36,,,0,68,,1631776,36,,,0,26,,1631765,36,,,0,73,,1631783,36,,,0,35,,1631761,36,,,0,77,,1631762,36,,,0,28,,1631777,36,,,0,92,,1631763,36,,,0,100,,1631764,36,,,0,99,,1631766,36,,,0,104,,1631779,36,,,0,94,,1631780,36,,,0,100,,1631784,36,,,0,101,,1631785,36,,,0,79,,1631767,36,,,0,79,,1631781,36,,,0,26,,1631768,36,,,0,28,,1631782,36,,,0,71,,1631769,36,,,0,30,,1631770,36,,,0,83,,1631771,36,,,0,90,,1631772,36,,,0,100,,1631773,36,,,0,102,,1631774,36,,,0,100,,1631778,36,,,0
5501,'20261023',548,,1631800,36,,,0,68,,1631801,36,,,0,26,,1631790,36,,,0,73,,1631808,36,,,0,35,,1631786,36,,,0,77,,1631787,36,,,0,28,,1631802,36,,,0,92,,1631788,36,,,0,100,,1631789,36,,,0,99,,1631791,36,,,0,104,,1631804,36,,,0,94,,1631805,36,,,0,100,,1631809,36,,,0,101,,1631810,36,,,0,79,,1631792,36,,,0,79,,1631806,36,,,0,26,,1631793,36,,,0,28,,1631807,36,,,0,71,,1631794,36,,,0,30,,1631795,36,,,0,83,,1631796,36,,,0,90,,1631797,36,,,0,100,,1631798,36,,,0,102,,1631799,36,,,0,100,,1631803,36,,,0
5601,'20261009',1626,,1602985,30,,,0,28,,1602986,30,,,0,71,,1602987,30,,,0
5601,'20261013',1626,,1571267,30,,,0,28,,1571269,30,,,0,71,,1571268,30,,,0
5601,'20261014',1626,,1571270,30,,,0,28,,1571272,30,,,0,71,,1571271,30,,,0
5601,'20261015',1626,,1571273,30,,,0,28,,1571275,30,,,0,71,,1571274,30,,,0
5601,'20261016',1626,,1571276,30,,,0,28,,1571278,30,,,0,71,,1571277,30,,,0
5601,'20261019',1626,,1602988,30,,,0,28,,1602990,30,,,0,71,,1602989,30,,,0
5601,'20261020',1626,,1602991,30,,,0,28,,1602993,30,,,0,71,,1602992,30,,,0
5601,'20261021',1626,,1631820,30,,,0,28,,1631822,30,,,0,71,,1631821,30,,,0
5601,'20261022',1626,,1631823,30,,,0,28,,1631825,30,,,0,71,,1631824,30,,,0
5601,'20261023',1626,,1631826,30,,,0,28,,1631828,30,,,0,71,,1631827,30,,,0
5701,'20261009',614,,1603202,28,,,0,28,,1603203,28,,,0,66,,1603204,28,,,0,33,,1603205,28,,,0,74,,1603206,28,,,0,30,,1603207,28,,,0,62,,1603208,28,,,0,39,,1603209,28,,,0,99,,1603210,28,,,0,101,,1603211,28,,,0,100,,1603212,28,,,0,101,,1603213,28,,,0,101,,1603214,28,,,0,104,,1603215,28,,,0,271,,1603216,28,,,0,99,,1603217,28,,,0,97,,1603218,28,,,0,100,,1603219,28,,,0,100,,1603220,28,,,0,101,,1603221,28,,,0
5701,'20261010',746,,1631937,28,,,0,101,,1631938,28,,,0,101,,1631939,28,,,0,100,,1631940,28,,,0,101,,1631941,28,,,0,97,,1631942,28,,,0,98,,1631943,28,,,0,98,,1631944,28,,,0,105,,1631945,28,,,0,104,,1631946,28,,,0,100,,1631947,28,,,0,96,,1631948,28,,,0,100,,1631949,28,,,0,99,,1631950,28,,,0,100,,1631951,28,,,0,101,,1631952,28,,,0
5701,'20261011',746,,1631953,28,,,0,101,,1631954,28,,,0,101,,1631955,28,,,0,100,,1631956,28,,,0,101,,1631957,28,,,0,97,,1631958,28,,,0,98,,1631959,28,,,0,98,,1631960,28,,,0,105,,1631961,28,,,0,104,,1631962,28,,,0,100,,1631963,28,,,0,96,,1631964,28,,,0,100,,1631965,28,,,0,99,,1631966,28,,,0,100,,1631967,28,,,0,101,,1631968,28,,,0
5701,'20261012',746,,1631969,28,,,0,101,,1631970,28,,,0,101,,1631971,28,,,0,100,,1631972,28,,,0,101,,1631973,28,,,0,97,,1631974,28,,,0,98,,1631975,28,,,0,98,,1631976,28,,,0,105,,1631977,28,,,0,104,,1631978,28,,,0,100,,1631979,28,,,0,96,,1631980,28,,,0,100,,1631981,28,,,0,99,,1631982,28,,,0,100,,1631983,28,,,0,101,,1631984,28,,,0
5701,'20261013',614,,1571499,28,,,0,28,,1571500,28,,,0,66,,1571501,28,,,0,33,,1571502,28,,,0,74,,1571503,28,,,0,30,,1571504,28,,,0,62,,1571505,28,,,0,39,,1571506,28,,,0,99,,1571507,28,,,0,101,,1571508,28,,,0,100,,1571509,28,,,0,101,,1571510,28,,,0,101,,1571518,28,,,0,104,,1571511,28,,,0,271,,1571512,28,,,0,99,,1571513,28,,,0,97,,1571514,28,,,0,100,,1571515,28,,,0,100,,1571516,28,,,0,101,,1571517,28,,,0
5701,'20261014',614,,1571519,28,,,0,28,,1571520,28,,,0,66,,1571521,28,,,0,33,,1571522,28,,,0,74,,1571523,28,,,0,30,,1571524,28,,,0,62,,1571525,28,,,0,39,,1571526,28,,,0,99,,1571527,28,,,0,101,,1571528,28,,,0,100,,1571529,28,,,0,101,,1571530,28,,,0,101,,1571538,28,,,0,104,,1571531,28,,,0,271,,1571532,28,,,0,99,,1571533,28,,,0,97,,1571534,28,,,0,100,,1571535,28,,,0,100,,1571536,28,,,0,101,,1571537,28,,,0
5701,'20261015',614,,1571539,28,,,0,28,,1571540,28,,,0,66,,1571541,28,,,0,33,,1571542,28,,,0,74,,1571543,28,,,0,30,,1571544,28,,,0,62,,1571545,28,,,0,39,,1571546,28,,,0,99,,1571547,28,,,0,101,,1571548,28,,,0,100,,1571549,28,,,0,101,,1571550,28,,,0,101,,1571558,28,,,0,104,,1571551,28,,,0,271,,1571552,28,,,0,99,,1571553,28,,,0,97,,1571554,28,,,0,100,,1571555,28,,,0,100,,1571556,28,,,0,101,,1571557,28,,,0
5701,'20261016',614,,1571559,28,,,0,28,,1571560,28,,,0,66,,1571561,28,,,0,33,,1571562,28,,,0,74,,1571563,28,,,0,30,,1571564,28,,,0,62,,1571565,28,,,0,39,,1571566,28,,,0,99,,1571567,28,,,0,101,,1571568,28,,,0,100,,1571569,28,,,0,101,,1571570,28,,,0,101,,1571578,28,,,0,104,,1571571,28,,,0,271,,1571572,28,,,0,99,,1571573,28,,,0,97,,1571574,28,,,0,100,,1571575,28,,,0,100,,1571576,28,,,0,101,,1571577,28,,,0
5701,'20261017',746,,1603222,28,,,0,101,,1603223,28,,,0,101,,1603224,28,,,0,100,,1603225,28,,,0,101,,1603226,28,,,0,97,,1603227,28,,,0,98,,1603228,28,,,0,98,,1603229,28,,,0,105,,1603230,28,,,0,104,,1603231,28,,,0,100,,1603232,28,,,0,96,,1603233,28,,,0,100,,1603234,28,,,0,99,,1603235,28,,,0,100,,1603236,28,,,0,101,,1603237,28,,,0
5701,'20261018',746,,1603240,28,,,0,101,,1603239,28,,,0,101,,1603238,28,,,0,100,,1603243,28,,,0,101,,1603245,28,,,0,97,,1603241,28,,,0,98,,1603251,28,,,0,98,,1603247,28,,,0,105,,1603242,28,,,0,104,,1603244,28,,,0,100,,1603250,28,,,0,96,,1603246,28,,,0,100,,1603252,28,,,0,99,,1603248,28,,,0,100,,1603249,28,,,0,101,,1603253,28,,,0
5701,'20261019',614,,1603254,28,,,0,28,,1603255,28,,,0,66,,1603256,28,,,0,33,,1603257,28,,,0,74,,1603258,28,,,0,30,,1603259,28,,,0,62,,1603260,28,,,0,39,,1603261,28,,,0,99,,1603262,28,,,0,101,,1603263,28,,,0,100,,1603264,28,,,0,101,,1603265,28,,,0,101,,1603273,28,,,0,104,,1603266,28,,,0,271,,1603267,28,,,0,99,,1603268,28,,,0,97,,1603269,28,,,0,100,,1603270,28,,,0,100,,1603271,28,,,0,101,,1603272,28,,,0
5701,'20261020',614,,1603274,28,,,0,28,,1603275,28,,,0,66,,1603276,28,,,0,33,,1603277,28,,,0,74,,1603278,28,,,0,30,,1603279,28,,,0,62,,1603280,28,,,0,39,,1603281,28,,,0,99,,1603282,28,,,0,101,,1603283,28,,,0,100,,1603284,28,,,0,101,,1603285,28,,,0,101,,1603293,28,,,0,104,,1603286,28,,,0,271,,1603287,28,,,0,99,,1603288,28,,,0,97,,1603289,28,,,0,100,,1603290,28,,,0,100,,1603291,28,,,0,101,,1603292,28,,,0
5701,'20261021',614,,1631985,28,,,0,28,,1631986,28,,,0,66,,1631987,28,,,0,33,,1631988,28,,,0,74,,1631989,28,,,0,30,,1631990,28,,,0,62,,1631991,28,,,0,39,,1631992,28,,,0,99,,1631993,28,,,0,101,,1631994,28,,,0,100,,1631995,28,,,0,101,,1631996,28,,,0,101,,1632004,28,,,0,104,,1631997,28,,,0,271,,1631998,28,,,0,99,,1631999,28,,,0,97,,1632000,28,,,0,100,,1632001,28,,,0,100,,1632002,28,,,0,101,,1632003,28,,,0
5701,'20261022',614,,1632005,28,,,0,28,,1632006,28,,,0,66,,1632007,28,,,0,33,,1632008,28,,,0,74,,1632009,28,,,0,30,,1632010,28,,,0,62,,1632011,28,,,0,39,,1632012,28,,,0,99,,1632013,28,,,0,101,,1632014,28,,,0,100,,1632015,28,,,0,101,,1632016,28,,,0,101,,1632024,28,,,0,104,,1632017,28,,,0,271,,1632018,28,,,0,99,,1632019,28,,,0,97,,1632020,28,,,0,100,,1632021,28,,,0,100,,1632022,28,,,0,101,,1632023,28,,,0
5701,'20261023',614,,1632025,28,,,0,28,,1632026,28,,,0,66,,1632027,28,,,0,33,,1632028,28,,,0,74,,1632029,28,,,0,30,,1632030,28,,,0,62,,1632031,28,,,0,39,,1632032,28,,,0,99,,1632033,28,,,0,101,,1632034,28,,,0,100,,1632035,28,,,0,101,,1632036,28,,,0,101,,1632044,28,,,0,104,,1632037,28,,,0,271,,1632038,28,,,0,99,,1632039,28,,,0,97,,1632040,28,,,0,100,,1632041,28,,,0,100,,1632042,28,,,0,101,,1632043,28,,,0
25001,'20261009',624,,1611820,15,,,0,23,,1611821,15,,,0,63,,1611822,15,,,0,29,,1611823,15,,,0,18,,1611819,15,,,0,60,,1611824,15,,,0,2,,1611825,15,,,0
25001,'20261013',624,,1580071,15,,,0,23,,1580072,15,,,0,63,,1580073,15,,,0,29,,1580074,15,,,0,78,,1580075,15,,,0,2,,1580076,15,,,0
25001,'20261014',624,,1580077,15,,,0,23,,1580078,15,,,0,63,,1580079,15,,,0,29,,1580080,15,,,0,78,,1580081,15,,,0,2,,1580082,15,,,0
25001,'20261015',624,,1580083,15,,,0,23,,1580084,15,,,0,63,,1580085,15,,,0,29,,1580086,15,,,0,78,,1580087,15,,,0,2,,1580088,15,,,0
25001,'20261016',624,,1580089,15,,,0,23,,1580090,15,,,0,63,,1580091,15,,,0,29,,1580092,15,,,0,78,,1580093,15,,,0,2,,1580094,15,,,0
25001,'20261019',624,,1611826,15,,,0,23,,1611827,15,,,0,63,,1611828,15,,,0,29,,1611829,15,,,0,78,,1611830,15,,,0,2,,1611831,15,,,0
25001,'20261020',624,,1611832,15,,,0,23,,1611833,15,,,0,63,,1611834,15,,,0,29,,1611835,15,,,0,78,,1611836,15,,,0,2,,1611837,15,,,0
25001,'20261021',624,,1637889,15,,,0,23,,1637890,15,,,0,63,,1637891,15,,,0,29,,1637892,15,,,0,78,,1637893,15,,,0,2,,1637894,15,,,0
25001,'20261022',624,,1637895,15,,,0,23,,1637896,15,,,0,63,,1637897,15,,,0,29,,1637898,15,,,0,78,,1637899,15,,,0,2,,1637900,15,,,0
25001,'20261023',624,,1637901,15,,,0,23,,1637902,15,,,0,63,,1637903,15,,,0,29,,1637904,15,,,0,78,,1637905,15,,,0,2,,1637906,15,,,0
25401,'20261009',628,,1611986,33,,,0,28,,1611987,33,,,0,63,,1611988,33,,,0,17,,1611989,33,,,0,11,,1611990,33,,,0,78,,1611991,33,,,0
25401,'20261013',628,,1580235,33,,,0,28,,1580236,33,,,0,63,,1580237,33,,,0,17,,1580238,33,,,0,11,,1580239,33,,,0,78,,1580240,33,,,0
25401,'20261014',628,,1580241,33,,,0,28,,1580242,33,,,0,63,,1580243,33,,,0,17,,1580244,33,,,0,11,,1580245,33,,,0,78,,1580246,33,,,0
25401,'20261015',628,,1580247,33,,,0,28,,1580248,33,,,0,63,,1580249,33,,,0,17,,1580250,33,,,0,11,,1580251,33,,,0,78,,1580252,33,,,0
25401,'20261016',628,,1580253,33,,,0,28,,1580254,33,,,0,63,,1580255,33,,,0,17,,1580256,33,,,0,11,,1580257,33,,,0,78,,1580258,33,,,0
25401,'20261019',628,,1611992,33,,,0,28,,1611993,33,,,0,63,,1611994,33,,,0,17,,1611995,33,,,0,11,,1611996,33,,,0,78,,1611997,33,,,0
25401,'20261020',628,,1611998,33,,,0,28,,1611999,33,,,0,63,,1612000,33,,,0,17,,1612001,33,,,0,11,,1612002,33,,,0,78,,1612003,33,,,0
25401,'20261021',628,,1637970,33,,,0,28,,1637971,33,,,0,63,,1637972,33,,,0,17,,1637973,33,,,0,11,,1637974,33,,,0,78,,1637975,33,,,0
25401,'20261022',628,,1637976,33,,,0,28,,1637977,33,,,0,63,,1637978,33,,,0,17,,1637979,33,,,0,11,,1637980,33,,,0,78,,1637981,33,,,0
25401,'20261023',628,,1637982,33,,,0,28,,1637983,33,,,0,63,,1637984,33,,,0,17,,1637985,33,,,0,11,,1637986,33,,,0,78,,1637987,33,,,0
25501,'20261009',653,,1612040,36,,,0,67,,1612041,36,,,0,17,,1612042,36,,,0,13,,1612043,36,,,0
25501,'20261013',653,,1580291,36,,,0,67,,1580292,36,,,0,17,,1580293,36,,,0,13,,1580294,36,,,0
25501,'20261014',653,,1580295,36,,,0,67,,1580296,36,,,0,17,,1580297,36,,,0,13,,1580298,36,,,0
25501,'20261015',653,,1580299,36,,,0,67,,1580300,36,,,0,17,,1580301,36,,,0,13,,1580302,36,,,0
25501,'20261016',653,,1580303,36,,,0,67,,1580304,36,,,0,17,,1580305,36,,,0,13,,1580306,36,,,0
25501,'20261019',653,,1612044,36,,,0,67,,1612045,36,,,0,17,,1612046,36,,,0,13,,1612047,36,,,0
25501,'20261020',653,,1612048,36,,,0,67,,1612049,36,,,0,17,,1612050,36,,,0,13,,1612051,36,,,0
25501,'20261021',653,,1638000,36,,,0,67,,1638001,36,,,0,17,,1638002,36,,,0,13,,1638003,36,,,0
25501,'20261022',653,,1638004,36,,,0,67,,1638005,36,,,0,17,,1638006,36,,,0,13,,1638007,36,,,0
25501,'20261023',653,,1638008,36,,,0,67,,1638009,36,,,0,17,,1638010,36,,,0,13,,1638011,36,,,0
35001,'20261009',630,,1613358,29,,,0,17,,1613359,29,,,0,72,,1613360,29,,,0,34,,1613361,29,,,0,155,,1613362,29,,,0,200,,1613363,29,,,0
35001,'20261013',630,,1581596,29,,,0,17,,1581597,29,,,0,72,,1581600,29,,,0,34,,1581601,29,,,0,155,,1581598,29,,,0,200,,1581599,29,,,0
35001,'20261014',630,,1581602,29,,,0,17,,1581603,29,,,0,72,,1581606,29,,,0,34,,1581607,29,,,0,155,,1581604,29,,,0,200,,1581605,29,,,0
35001,'20261015',630,,1581608,29,,,0,17,,1581609,29,,,0,72,,1581612,29,,,0,34,,1581613,29,,,0,155,,1581610,29,,,0,200,,1581611,29,,,0
35001,'20261016',630,,1581614,29,,,0,17,,1581615,29,,,0,72,,1581618,29,,,0,34,,1581619,29,,,0,155,,1581616,29,,,0,200,,1581617,29,,,0
35001,'20261019',630,,1613364,29,,,0,17,,1613365,29,,,0,72,,1613368,29,,,0,34,,1613369,29,,,0,155,,1613366,29,,,0,200,,1613367,29,,,0
35001,'20261020',630,,1613370,29,,,0,17,,1613371,29,,,0,72,,1613374,29,,,0,34,,1613375,29,,,0,155,,1613372,29,,,0,200,,1613373,29,,,0
35001,'20261021',630,,1638648,29,,,0,17,,1638649,29,,,0,72,,1638652,29,,,0,34,,1638653,29,,,0,155,,1638650,29,,,0,200,,1638651,29,,,0
35001,'20261022',630,,1638654,29,,,0,17,,1638655,29,,,0,72,,1638658,29,,,0,34,,1638659,29,,,0,155,,1638656,29,,,0,200,,1638657,29,,,0
35001,'20261023',630,,1638660,29,,,0,17,,1638661,29,,,0,72,,1638664,29,,,0,34,,1638665,29,,,0,155,,1638662,29,,,0,200,,1638663,29,,,0
55001,'20261009',618,,1614142,29,,,0,28,,1614143,29,,,0,64,,1614144,29,,,0,113,,1614145,29,,,0
55001,'20261013',618,,1582381,29,,,0,28,,1582380,29,,,0,64,,1582382,29,,,0,113,,1582383,29,,,0
55001,'20261014',618,,1582385,29,,,0,28,,1582384,29,,,0,64,,1582386,29,,,0,113,,1582387,29,,,0
55001,'20261015',618,,1582389,29,,,0,28,,1582388,29,,,0,64,,1582390,29,,,0,113,,1582391,29,,,0
55001,'20261016',618,,1582393,29,,,0,28,,1582392,29,,,0,64,,1582394,29,,,0,113,,1582395,29,,,0
55001,'20261019',618,,1614147,29,,,0,28,,1614146,29,,,0,64,,1614148,29,,,0,113,,1614149,29,,,0
55001,'20261020',618,,1614151,29,,,0,28,,1614150,29,,,0,64,,1614152,29,,,0,113,,1614153,29,,,0
55001,'20261021',618,,1639044,29,,,0,28,,1639043,29,,,0,64,,1639045,29,,,0,113,,1639046,29,,,0
55001,'20261022',618,,1639048,29,,,0,28,,1639047,29,,,0,64,,1639049,29,,,0,113,,1639050,29,,,0
55001,'20261023',618,,1639052,29,,,0,28,,1639051,29,,,0,64,,1639053,29,,,0,113,,1639054,29,,,0
80003,'20261009',456,,1615709,15,,,1,55,,1615710,15,,,1,15,,1615711,15,,,1,15,,1615712,15,,,1,13,,1615713,15,,,1,49,,1615714,15,,,1,10,,1615715,15,,,1,10,,1615716,15,,,1,9,,1615717,15,,,1,10,,1615718,15,,,1,10,,1615719,15,,,1,49,,1615720,15,,,1,9,,1615721,15,,,1,7,,1615708,15,,,1,2,,1615722,15,,,1,7,,1615723,15,,,1,8,,1615724,15,,,1,11,,1615725,15,,,1,10,,1615726,15,,,1,54,,1615727,15,,,1,15,,1615728,15,,,1,15,,1615729,15,,,1,15,,1615730,15,,,1,55,,1615731,15,,,1,15,,1615732,15,,,1,15,,1615733,15,,,1,16,,1615734,15,,,1,53,,1615735,15,,,1,15,,1615736,15,,,1,15,,1615737,15,,,1,16,,1615738,15,,,1,55,,1615739,15,,,1,15,,1615740,15,,,1,15,,1615741,15,,,1,15,,1615742,15,,,1,55,,1615743,15,,,1,15,,1615744,15,,,1,15,,1615745,15,,,1,15,,1615746,15,,,1,55,,1615747,15,,,1,15,,1615748,15,,,1,15,,1615749,15,,,1,15,,1615750,15,,,1,54,,1615751,15,,,1,16,,1615752,15,,,1,15,,1615753,15,,,1,14,,1615754,15,,,1,52,,1615755,15,,,1,11,,1615756,15,,,1,10,,1615757,15,,,1,9,,1615758,15,,,1,9,,1615759,15,,,1,11,,1615760,15,,,1,50,,1615761,15,,,1,10,,1615762,15,,,1,10,,1615763,15,,,1,10,,1615764,15,,,1,10,,1615765,15,,,1,10,,1615766,15,,,1,51,,1615767,15,,,1,10,,1615768,15,,,1,10,,1615769,15,,,1,10,,1615770,15,,,1,12,,1615771,15,,,1,10,,1615772,15,,,1,53,,1615773,15,,,1,15,,1615774,15,,,1,15,,1615775,15,,,1,17,,1615776,15,,,1,54,,1615777,15,,,1,14,,1615778,15,,,1,14,,1615779,15,,,1,15,,1615780,15,,,1,56,,1615781,15,,,1,15,,1615782,15,,,1,15,,1615783,15,,,1,15,,1615784,15,,,1,57,,1615785,15,,,1,15,,1615786,15,,,1,15,,1615787,15,,,1,15,,1615788,15,,,1,55,,1615789,15,,,1,15,,1615790,15,,,1,16,,1615791,15,,,1,13,,1615792,15,,,1,55,,1615793,15,,,1,16,,1615794,15,,,1,16,,1615795,15,,,1,14,,1615796,15,,,1,56,,1615797,15,,,1,16,,1615798,15,,,1,15,,1615799,15,,,1
80003,'20261010',537,,1639856,15,,,1,15,,1639857,15,,,1,54,,1639858,15,,,1,15,,1639859,15,,,1,15,,1639860,15,,,1,16,,1639861,15,,,1,55,,1639862,15,,,1,15,,1639863,15,,,1,15,,1639864,15,,,1,15,,1639865,15,,,1,56,,1639866,15,,,1,15,,1639867,15,,,1,15,,1639868,15,,,1,15,,1639869,15,,,1,55,,1639870,15,,,1,15,,1639871,15,,,1,14,,1639872,15,,,1,15,,1639873,15,,,1,55,,1639874,15,,,1,16,,1639875,15,,,1,16,,1639876,15,,,1,15,,1639877,15,,,1,55,,1639878,15,,,1,14,,1639879,15,,,1,16,,1639880,15,,,1,16,,1639881,15,,,1,53,,1639882,15,,,1,14,,1639883,15,,,1,15,,1639884,15,,,1,15,,1639885,15,,,1,55,,1639886,15,,,1,14,,1639887,15,,,1,16,,1639888,15,,,1,15,,1639889,15,,,1,55,,1639890,15,,,1,15,,1639891,15,,,1,14,,1639892,15,,,1,15,,1639893,15,,,1,55,,1639894,15,,,1,15,,1639895,15,,,1,14,,1639896,15,,,1,16,,1639897,15,,,1,55,,1639898,15,,,1,16,,1639899,15,,,1,14,,1639900,15,,,1,16,,1639901,15,,,1,57,,1639902,15,,,1,14,,1639903,15,,,1,16,,1639904,15,,,1,16,,1639905,15,,,1,55,,1639906,15,,,1,17,,1639907,15,,,1,13,,1639908,15,,,1,15,,1639909,15,,,1,55,,1639910,15,,,1,15,,1639911,15,,,1,15,,1639912,15,,,1,15,,1639913,15,,,1,57,,1639914,15,,,1,17,,1639915,15,,,1,14,,1639916,15,,,1,14,,1639917,15,,,1,55,,1639918,15,,,1,15,,1639919,15,,,1,15,,1639920,15,,,1,15,,1639921,15,,,1,56,,1639922,15,,,1,14,,1639923,15,,,1,15,,1639924,15,,,1,15,,1639925,15,,,1,55,,1639926,15,,,1,15,,1639927,15,,,1,14,,1639928,15,,,1,15,,1639929,15,,,1,55,,1639930,15,,,1,15,,1639931,15,,,1,15,,1639932,15,,,1
80003,'20261011',537,,1639933,15,,,1,15,,1639934,15,,,1,54,,1639935,15,,,1,15,,1639936,15,,,1,15,,1639937,15,,,1,16,,1639938,15,,,1,55,,1639939,15,,,1,15,,1639940,15,,,1,15,,1639941,15,,,1,15,,1639942,15,,,1,56,,1639943,15,,,1,15,,1639944,15,,,1,15,,1639945,15,,,1,15,,1639946,15,,,1,55,,1639947,15,,,1,15,,1639948,15,,,1,14,,1639949,15,,,1,15,,1639950,15,,,1,55,,1639951,15,,,1,16,,1639952,15,,,1,16,,1639953,15,,,1,15,,1639954,15,,,1,55,,1639955,15,,,1,14,,1639956,15,,,1,16,,1639957,15,,,1,16,,1639958,15,,,1,53,,1639959,15,,,1,14,,1639960,15,,,1,15,,1639961,15,,,1,15,,1639962,15,,,1,55,,1639963,15,,,1,14,,1639964,15,,,1,16,,1639965,15,,,1,15,,1639966,15,,,1,55,,1639967,15,,,1,15,,1639968,15,,,1,14,,1639969,15,,,1,15,,1639970,15,,,1,55,,1639971,15,,,1,15,,1639972,15,,,1,14,,1639973,15,,,1,16,,1639974,15,,,1,55,,1639975,15,,,1,16,,1639976,15,,,1,14,,1639977,15,,,1,16,,1639978,15,,,1,57,,1639979,15,,,1,14,,1639980,15,,,1,16,,1639981,15,,,1,16,,1639982,15,,,1,55,,1639983,15,,,1,17,,1639984,15,,,1,13,,1639985,15,,,1,15,,1639986,15,,,1,55,,1639987,15,,,1,15,,1639988,15,,,1,15,,1639989,15,,,1,15,,1639990,15,,,1,57,,1639991,15,,,1,17,,1639992,15,,,1,14,,1639993,15,,,1,14,,1639994,15,,,1,55,,1639995,15,,,1,15,,1639996,15,,,1,15,,1639997,15,,,1,15,,1639998,15,,,1,56,,1639999,15,,,1,14,,1640000,15,,,1,15,,1640001,15,,,1,15,,1640002,15,,,1,55,,1640003,15,,,1,15,,1640004,15,,,1,14,,1640005,15,,,1,15,,1640006,15,,,1,55,,1640007,15,,,1,15,,1640008,15,,,1,15,,1640009,15,,,1
80003,'20261012',537,,1640010,15,,,1,15,,1640011,15,,,1,54,,1640012,15,,,1,15,,1640013,15,,,1,15,,1640014,15,,,1,16,,1640015,15,,,1,55,,1640016,15,,,1,15,,1640017,15,,,1,15,,1640018,15,,,1,15,,1640019,15,,,1,56,,1640020,15,,,1,15,,1640021,15,,,1,15,,1640022,15,,,1,15,,1640023,15,,,1,55,,1640024,15,,,1,15,,1640025,15,,,1,14,,1640026,15,,,1,15,,1640027,15,,,1,55,,1640028,15,,,1,16,,1640029,15,,,1,16,,1640030,15,,,1,15,,1640031,15,,,1,55,,1640032,15,,,1,14,,1640033,15,,,1,16,,1640034,15,,,1,16,,1640035,15,,,1,53,,1640036,15,,,1,14,,1640037,15,,,1,15,,1640038,15,,,1,15,,1640039,15,,,1,55,,1640040,15,,,1,14,,1640041,15,,,1,16,,1640042,15,,,1,15,,1640043,15,,,1,55,,1640044,15,,,1,15,,1640045,15,,,1,14,,1640046,15,,,1,15,,1640047,15,,,1,55,,1640048,15,,,1,15,,1640049,15,,,1,14,,1640050,15,,,1,16,,1640051,15,,,1,55,,1640052,15,,,1,16,,1640053,15,,,1,14,,1640054,15,,,1,16,,1640055,15,,,1,57,,1640056,15,,,1,14,,1640057,15,,,1,16,,1640058,15,,,1,16,,1640059,15,,,1,55,,1640060,15,,,1,17,,1640061,15,,,1,13,,1640062,15,,,1,15,,1640063,15,,,1,55,,1640064,15,,,1,15,,1640065,15,,,1,15,,1640066,15,,,1,15,,1640067,15,,,1,57,,1640068,15,,,1,17,,1640069,15,,,1,14,,1640070,15,,,1,14,,1640071,15,,,1,55,,1640072,15,,,1,15,,1640073,15,,,1,15,,1640074,15,,,1,15,,1640075,15,,,1,56,,1640076,15,,,1,14,,1640077,15,,,1,15,,1640078,15,,,1,15,,1640079,15,,,1,55,,1640080,15,,,1,15,,1640081,15,,,1,14,,1640082,15,,,1,15,,1640083,15,,,1,55,,1640084,15,,,1,15,,1640085,15,,,1,15,,1640086,15,,,1
80003,'20261013',456,,1584102,15,,,1,55,,1584015,15,,,1,15,,1584041,15,,,1,15,,1584038,15,,,1,13,,1584020,15,,,1,49,,1584040,15,,,1,10,,1584017,15,,,1,10,,1584028,15,,,1,9,,1584096,15,,,1,10,,1584095,15,,,1,10,,1584094,15,,,1,49,,1584093,15,,,1,9,,1584092,15,,,1,9,,1584091,15,,,1,7,,1584090,15,,,1,8,,1584089,15,,,1,11,,1584088,15,,,1,10,,1584087,15,,,1,54,,1584086,15,,,1,15,,1584085,15,,,1,15,,1584084,15,,,1,15,,1584083,15,,,1,55,,1584082,15,,,1,15,,1584081,15,,,1,15,,1584080,15,,,1,16,,1584079,15,,,1,53,,1584078,15,,,1,15,,1584077,15,,,1,15,,1584076,15,,,1,16,,1584075,15,,,1,55,,1584074,15,,,1,15,,1584073,15,,,1,15,,1584072,15,,,1,15,,1584071,15,,,1,55,,1584070,15,,,1,15,,1584069,15,,,1,15,,1584068,15,,,1,15,,1584067,15,,,1,55,,1584066,15,,,1,15,,1584065,15,,,1,15,,1584064,15,,,1,15,,1584063,15,,,1,54,,1584030,15,,,1,16,,1584062,15,,,1,15,,1584039,15,,,1,14,,1584036,15,,,1,52,,1584061,15,,,1,11,,1584043,15,,,1,10,,1584101,15,,,1,9,,1584098,15,,,1,9,,1584042,15,,,1,11,,1584025,15,,,1,50,,1584044,15,,,1,10,,1584060,15,,,1,10,,1584019,15,,,1,10,,1584012,15,,,1,10,,1584033,15,,,1,10,,1584059,15,,,1,51,,1584014,15,,,1,10,,1584013,15,,,1,10,,1584058,15,,,1,10,,1584057,15,,,1,12,,1584099,15,,,1,10,,1584016,15,,,1,53,,1584018,15,,,1,15,,1584056,15,,,1,15,,1584034,15,,,1,17,,1584100,15,,,1,54,,1584055,15,,,1,14,,1584022,15,,,1,14,,1584021,15,,,1,15,,1584054,15,,,1,56,,1584023,15,,,1,15,,1584053,15,,,1,15,,1584052,15,,,1,15,,1584024,15,,,1,57,,1584051,15,,,1,15,,1584027,15,,,1,15,,1584026,15,,,1,15,,1584050,15,,,1,55,,1584029,15,,,1,15,,1584049,15,,,1,16,,1584031,15,,,1,13,,1584048,15,,,1,55,,1584032,15,,,1,16,,1584047,15,,,1,16,,1584035,15,,,1,14,,1584046,15,,,1,56,,1584037,15,,,1,16,,1584045,15,,,1,15,,1584097,15,,,1
80003,'20261014',456,,1584193,15,,,1,55,,1584106,15,,,1,15,,1584132,15,,,1,15,,1584129,15,,,1,13,,1584111,15,,,1,49,,1584131,15,,,1,10,,1584108,15,,,1,10,,1584119,15,,,1,9,,1584187,15,,,1,10,,1584186,15,,,1,10,,1584185,15,,,1,49,,1584184,15,,,1,9,,1584183,15,,,1,9,,1584182,15,,,1,7,,1584181,15,,,1,8,,1584180,15,,,1,11,,1584179,15,,,1,10,,1584178,15,,,1,54,,1584177,15,,,1,15,,1584176,15,,,1,15,,1584175,15,,,1,15,,1584174,15,,,1,55,,1584173,15,,,1,15,,1584172,15,,,1,15,,1584171,15,,,1,16,,1584170,15,,,1,53,,1584169,15,,,1,15,,1584168,15,,,1,15,,1584167,15,,,1,16,,1584166,15,,,1,55,,1584165,15,,,1,15,,1584164,15,,,1,15,,1584163,15,,,1,15,,1584162,15,,,1,55,,1584161,15,,,1,15,,1584160,15,,,1,15,,1584159,15,,,1,15,,1584158,15,,,1,55,,1584157,15,,,1,15,,1584156,15,,,1,15,,1584155,15,,,1,15,,1584154,15,,,1,54,,1584121,15,,,1,16,,1584153,15,,,1,15,,1584130,15,,,1,14,,1584127,15,,,1,52,,1584152,15,,,1,11,,1584134,15,,,1,10,,1584192,15,,,1,9,,1584189,15,,,1,9,,1584133,15,,,1,11,,1584116,15,,,1,50,,1584135,15,,,1,10,,1584151,15,,,1,10,,1584110,15,,,1,10,,1584103,15,,,1,10,,1584124,15,,,1,10,,1584150,15,,,1,51,,1584105,15,,,1,10,,1584104,15,,,1,10,,1584149,15,,,1,10,,1584148,15,,,1,12,,1584190,15,,,1,10,,1584107,15,,,1,53,,1584109,15,,,1,15,,1584147,15,,,1,15,,1584125,15,,,1,17,,1584191,15,,,1,54,,1584146,15,,,1,14,,1584113,15,,,1,14,,1584112,15,,,1,15,,1584145,15,,,1,56,,1584114,15,,,1,15,,1584144,15,,,1,15,,1584143,15,,,1,15,,1584115,15,,,1,57,,1584142,15,,,1,15,,1584118,15,,,1,15,,1584117,15,,,1,15,,1584141,15,,,1,55,,1584120,15,,,1,15,,1584140,15,,,1,16,,1584122,15,,,1,13,,1584139,15,,,1,55,,1584123,15,,,1,16,,1584138,15,,,1,16,,1584126,15,,,1,14,,1584137,15,,,1,56,,1584128,15,,,1,16,,1584136,15,,,1,15,,1584188,15,,,1
80003,'20261015',456,,1584284,15,,,1,55,,1584197,15,,,1,15,,1584223,15,,,1,15,,1584220,15,,,1,13,,1584202,15,,,1,49,,1584222,15,,,1,10,,1584199,15,,,1,10,,1584210,15,,,1,9,,1584278,15,,,1,10,,1584277,15,,,1,10,,1584276,15,,,1,49,,1584275,15,,,1,9,,1584274,15,,,1,9,,1584273,15,,,1,7,,1584272,15,,,1,8,,1584271,15,,,1,11,,1584270,15,,,1,10,,1584269,15,,,1,54,,1584268,15,,,1,15,,1584267,15,,,1,15,,1584266,15,,,1,15,,1584265,15,,,1,55,,1584264,15,,,1,15,,1584263,15,,,1,15,,1584262,15,,,1,16,,1584261,15,,,1,53,,1584260,15,,,1,15,,1584259,15,,,1,15,,1584258,15,,,1,16,,1584257,15,,,1,55,,1584256,15,,,1,15,,1584255,15,,,1,15,,1584254,15,,,1,15,,1584253,15,,,1,55,,1584252,15,,,1,15,,1584251,15,,,1,15,,1584250,15,,,1,15,,1584249,15,,,1,55,,1584248,15,,,1,15,,1584247,15,,,1,15,,1584246,15,,,1,15,,1584245,15,,,1,54,,1584212,15,,,1,16,,1584244,15,,,1,15,,1584221,15,,,1,14,,1584218,15,,,1,52,,1584243,15,,,1,11,,1584225,15,,,1,10,,1584283,15,,,1,9,,1584280,15,,,1,9,,1584224,15,,,1,11,,1584207,15,,,1,50,,1584226,15,,,1,10,,1584242,15,,,1,10,,1584201,15,,,1,10,,1584194,15,,,1,10,,1584215,15,,,1,10,,1584241,15,,,1,51,,1584196,15,,,1,10,,1584195,15,,,1,10,,1584240,15,,,1,10,,1584239,15,,,1,12,,1584281,15,,,1,10,,1584198,15,,,1,53,,1584200,15,,,1,15,,1584238,15,,,1,15,,1584216,15,,,1,17,,1584282,15,,,1,54,,1584237,15,,,1,14,,1584204,15,,,1,14,,1584203,15,,,1,15,,1584236,15,,,1,56,,1584205,15,,,1,15,,1584235,15,,,1,15,,1584234,15,,,1,15,,1584206,15,,,1,57,,1584233,15,,,1,15,,1584209,15,,,1,15,,1584208,15,,,1,15,,1584232,15,,,1,55,,1584211,15,,,1,15,,1584231,15,,,1,16,,1584213,15,,,1,13,,1584230,15,,,1,55,,1584214,15,,,1,16,,1584229,15,,,1,16,,1584217,15,,,1,14,,1584228,15,,,1,56,,1584219,15,,,1,16,,1584227,15,,,1,15,,1584279,15,,,1
80003,'20261016',456,,1584375,15,,,1,55,,1584288,15,,,1,15,,1584314,15,,,1,15,,1584311,15,,,1,13,,1584293,15,,,1,49,,1584313,15,,,1,10,,1584290,15,,,1,10,,1584301,15,,,1,9,,1584369,15,,,1,10,,1584368,15,,,1,10,,1584367,15,,,1,49,,1584366,15,,,1,9,,1584365,15,,,1,9,,1584364,15,,,1,7,,1584363,15,,,1,8,,1584362,15,,,1,11,,1584361,15,,,1,10,,1584360,15,,,1,54,,1584359,15,,,1,15,,1584358,15,,,1,15,,1584357,15,,,1,15,,1584356,15,,,1,55,,1584355,15,,,1,15,,1584354,15,,,1,15,,1584353,15,,,1,16,,1584352,15,,,1,53,,1584351,15,,,1,15,,1584350,15,,,1,15,,1584349,15,,,1,16,,1584348,15,,,1,55,,1584347,15,,,1,15,,1584346,15,,,1,15,,1584345,15,,,1,15,,1584344,15,,,1,55,,1584343,15,,,1,15,,1584342,15,,,1,15,,1584341,15,,,1,15,,1584340,15,,,1,55,,1584339,15,,,1,15,,1584338,15,,,1,15,,1584337,15,,,1,15,,1584336,15,,,1,54,,1584303,15,,,1,16,,1584335,15,,,1,15,,1584312,15,,,1,14,,1584309,15,,,1,52,,1584334,15,,,1,11,,1584316,15,,,1,10,,1584374,15,,,1,9,,1584371,15,,,1,9,,1584315,15,,,1,11,,1584298,15,,,1,50,,1584317,15,,,1,10,,1584333,15,,,1,10,,1584292,15,,,1,10,,1584285,15,,,1,10,,1584306,15,,,1,10,,1584332,15,,,1,51,,1584287,15,,,1,10,,1584286,15,,,1,10,,1584331,15,,,1,10,,1584330,15,,,1,12,,1584372,15,,,1,10,,1584289,15,,,1,53,,1584291,15,,,1,15,,1584329,15,,,1,15,,1584307,15,,,1,17,,1584373,15,,,1,54,,1584328,15,,,1,14,,1584295,15,,,1,14,,1584294,15,,,1,15,,1584327,15,,,1,56,,1584296,15,,,1,15,,1584326,15,,,1,15,,1584325,15,,,1,15,,1584297,15,,,1,57,,1584324,15,,,1,15,,1584300,15,,,1,15,,1584299,15,,,1,15,,1584323,15,,,1,55,,1584302,15,,,1,15,,1584322,15,,,1,16,,1584304,15,,,1,13,,1584321,15,,,1,55,,1584305,15,,,1,16,,1584320,15,,,1,16,,1584308,15,,,1,14,,1584319,15,,,1,56,,1584310,15,,,1,16,,1584318,15,,,1,15,,1584370,15,,,1
80003,'20261017',537,,1615800,15,,,1,15,,1615801,15,,,1,54,,1615802,15,,,1,15,,1615803,15,,,1,15,,1615804,15,,,1,16,,1615805,15,,,1,55,,1615806,15,,,1,15,,1615808,15,,,1,15,,1615809,15,,,1,15,,1615810,15,,,1,56,,1615807,15,,,1,15,,1615811,15,,,1,15,,1615812,15,,,1,15,,1615813,15,,,1,55,,1615814,15,,,1,15,,1615815,15,,,1,14,,1615816,15,,,1,15,,1615817,15,,,1,55,,1615818,15,,,1,16,,1615820,15,,,1,16,,1615821,15,,,1,15,,1615822,15,,,1,55,,1615819,15,,,1,14,,1615823,15,,,1,16,,1615824,15,,,1,16,,1615825,15,,,1,53,,1615826,15,,,1,14,,1615827,15,,,1,15,,1615829,15,,,1,15,,1615828,15,,,1,55,,1615830,15,,,1,14,,1615831,15,,,1,16,,1615832,15,,,1,15,,1615833,15,,,1,55,,1615834,15,,,1,15,,1615835,15,,,1,14,,1615836,15,,,1,15,,1615838,15,,,1,55,,1615839,15,,,1,15,,1615840,15,,,1,14,,1615837,15,,,1,16,,1615841,15,,,1,55,,1615842,15,,,1,16,,1615843,15,,,1,14,,1615844,15,,,1,16,,1615845,15,,,1,57,,1615846,15,,,1,14,,1615847,15,,,1,16,,1615849,15,,,1,16,,1615850,15,,,1,55,,1615851,15,,,1,17,,1615848,15,,,1,13,,1615852,15,,,1,15,,1615853,15,,,1,55,,1615854,15,,,1,15,,1615855,15,,,1,15,,1615857,15,,,1,15,,1615858,15,,,1,57,,1615859,15,,,1,17,,1615856,15,,,1,14,,1615860,15,,,1,14,,1615861,15,,,1,55,,1615862,15,,,1,15,,1615863,15,,,1,15,,1615864,15,,,1,15,,1615865,15,,,1,56,,1615866,15,,,1,14,,1615868,15,,,1,15,,1615869,15,,,1,15,,1615870,15,,,1,55,,1615867,15,,,1,15,,1615871,15,,,1,14,,1615872,15,,,1,15,,1615873,15,,,1,55,,1615874,15,,,1,15,,1615875,15,,,1,15,,1615876,15,,,1
80003,'20261018',537,,1615894,15,,,1,15,,1615884,15,,,1,54,,1615889,15,,,1,15,,1615882,15,,,1,15,,1615895,15,,,1,16,,1615880,15,,,1,55,,1615879,15,,,1,15,,1615888,15,,,1,15,,1615896,15,,,1,15,,1615877,15,,,1,56,,1615890,15,,,1,15,,1615883,15,,,1,15,,1615878,15,,,1,15,,1615897,15,,,1,55,,1615898,15,,,1,15,,1615892,15,,,1,14,,1615885,15,,,1,15,,1615893,15,,,1,55,,1615886,15,,,1,16,,1615900,15,,,1,16,,1615881,15,,,1,15,,1615901,15,,,1,55,,1615899,15,,,1,14,,1615904,15,,,1,16,,1615902,15,,,1,16,,1615887,15,,,1,53,,1615909,15,,,1,14,,1615903,15,,,1,15,,1615910,15,,,1,15,,1615905,15,,,1,55,,1615906,15,,,1,14,,1615907,15,,,1,16,,1615908,15,,,1,15,,1615891,15,,,1,55,,1615911,15,,,1,15,,1615927,15,,,1,14,,1615920,15,,,1,15,,1615923,15,,,1,55,,1615917,15,,,1,15,,1615926,15,,,1,14,,1615918,15,,,1,16,,1615919,15,,,1,55,,1615913,15,,,1,16,,1615928,15,,,1,14,,1615929,15,,,1,16,,1615924,15,,,1,57,,1615914,15,,,1,14,,1615921,15,,,1,16,,1615925,15,,,1,16,,1615930,15,,,1,55,,1615931,15,,,1,17,,1615922,15,,,1,13,,1615912,15,,,1,15,,1615932,15,,,1,55,,1615933,15,,,1,15,,1615934,15,,,1,15,,1615935,15,,,1,15,,1615916,15,,,1,57,,1615945,15,,,1,17,,1615915,15,,,1,14,,1615950,15,,,1,14,,1615937,15,,,1,55,,1615939,15,,,1,15,,1615947,15,,,1,15,,1615941,15,,,1,15,,1615940,15,,,1,56,,1615948,15,,,1,14,,1615936,15,,,1,15,,1615944,15,,,1,15,,1615943,15,,,1,55,,1615942,15,,,1,15,,1615949,15,,,1,14,,1615951,15,,,1,15,,1615952,15,,,1,55,,1615938,15,,,1,15,,1615946,15,,,1,15,,1615953,15,,,1
80003,'20261019',456,,1616044,15,,,1,55,,1615957,15,,,1,15,,1615983,15,,,1,15,,1615980,15,,,1,13,,1615962,15,,,1,49,,1615982,15,,,1,10,,1615959,15,,,1,10,,1615970,15,,,1,9,,1616038,15,,,1,10,,1616037,15,,,1,10,,1616036,15,,,1,49,,1616035,15,,,1,9,,1616034,15,,,1,9,,1616033,15,,,1,7,,1616032,15,,,1,8,,1616031,15,,,1,11,,1616030,15,,,1,10,,1616029,15,,,1,54,,1616028,15,,,1,15,,1616027,15,,,1,15,,1616026,15,,,1,15,,1616025,15,,,1,55,,1616024,15,,,1,15,,1616023,15,,,1,15,,1616022,15,,,1,16,,1616021,15,,,1,53,,1616020,15,,,1,15,,1616019,15,,,1,15,,1616018,15,,,1,16,,1616017,15,,,1,55,,1616016,15,,,1,15,,1616015,15,,,1,15,,1616014,15,,,1,15,,1616013,15,,,1,55,,1616012,15,,,1,15,,1616011,15,,,1,15,,1616010,15,,,1,15,,1616009,15,,,1,55,,1616008,15,,,1,15,,1616007,15,,,1,15,,1616006,15,,,1,15,,1616005,15,,,1,54,,1615972,15,,,1,16,,1616004,15,,,1,15,,1615981,15,,,1,14,,1615978,15,,,1,52,,1616003,15,,,1,11,,1615985,15,,,1,10,,1616043,15,,,1,9,,1616040,15,,,1,9,,1615984,15,,,1,11,,1615967,15,,,1,50,,1615986,15,,,1,10,,1616002,15,,,1,10,,1615961,15,,,1,10,,1615954,15,,,1,10,,1615975,15,,,1,10,,1616001,15,,,1,51,,1615956,15,,,1,10,,1615955,15,,,1,10,,1616000,15,,,1,10,,1615999,15,,,1,12,,1616041,15,,,1,10,,1615958,15,,,1,53,,1615960,15,,,1,15,,1615998,15,,,1,15,,1615976,15,,,1,17,,1616042,15,,,1,54,,1615997,15,,,1,14,,1615964,15,,,1,14,,1615963,15,,,1,15,,1615996,15,,,1,56,,1615965,15,,,1,15,,1615995,15,,,1,15,,1615994,15,,,1,15,,1615966,15,,,1,57,,1615993,15,,,1,15,,1615969,15,,,1,15,,1615968,15,,,1,15,,1615992,15,,,1,55,,1615971,15,,,1,15,,1615991,15,,,1,16,,1615973,15,,,1,13,,1615990,15,,,1,55,,1615974,15,,,1,16,,1615989,15,,,1,16,,1615977,15,,,1,14,,1615988,15,,,1,56,,1615979,15,,,1,16,,1615987,15,,,1,15,,1616039,15,,,1
80003,'20261020',456,,1616135,15,,,1,55,,1616048,15,,,1,15,,1616074,15,,,1,15,,1616071,15,,,1,13,,1616053,15,,,1,49,,1616073,15,,,1,10,,1616050,15,,,1,10,,1616061,15,,,1,9,,1616129,15,,,1,10,,1616128,15,,,1,10,,1616127,15,,,1,49,,1616126,15,,,1,9,,1616125,15,,,1,9,,1616124,15,,,1,7,,1616123,15,,,1,8,,1616122,15,,,1,11,,1616121,15,,,1,10,,1616120,15,,,1,54,,1616119,15,,,1,15,,1616118,15,,,1,15,,1616117,15,,,1,15,,1616116,15,,,1,55,,1616115,15,,,1,15,,1616114,15,,,1,15,,1616113,15,,,1,16,,1616112,15,,,1,53,,1616111,15,,,1,15,,1616110,15,,,1,15,,1616109,15,,,1,16,,1616108,15,,,1,55,,1616107,15,,,1,15,,1616106,15,,,1,15,,1616105,15,,,1,15,,1616104,15,,,1,55,,1616103,15,,,1,15,,1616102,15,,,1,15,,1616101,15,,,1,15,,1616100,15,,,1,55,,1616099,15,,,1,15,,1616098,15,,,1,15,,1616097,15,,,1,15,,1616096,15,,,1,54,,1616063,15,,,1,16,,1616095,15,,,1,15,,1616072,15,,,1,14,,1616069,15,,,1,52,,1616094,15,,,1,11,,1616076,15,,,1,10,,1616134,15,,,1,9,,1616131,15,,,1,9,,1616075,15,,,1,11,,1616058,15,,,1,50,,1616077,15,,,1,10,,1616093,15,,,1,10,,1616052,15,,,1,10,,1616045,15,,,1,10,,1616066,15,,,1,10,,1616092,15,,,1,51,,1616047,15,,,1,10,,1616046,15,,,1,10,,1616091,15,,,1,10,,1616090,15,,,1,12,,1616132,15,,,1,10,,1616049,15,,,1,53,,1616051,15,,,1,15,,1616089,15,,,1,15,,1616067,15,,,1,17,,1616133,15,,,1,54,,1616088,15,,,1,14,,1616055,15,,,1,14,,1616054,15,,,1,15,,1616087,15,,,1,56,,1616056,15,,,1,15,,1616086,15,,,1,15,,1616085,15,,,1,15,,1616057,15,,,1,57,,1616084,15,,,1,15,,1616060,15,,,1,15,,1616059,15,,,1,15,,1616083,15,,,1,55,,1616062,15,,,1,15,,1616082,15,,,1,16,,1616064,15,,,1,13,,1616081,15,,,1,55,,1616065,15,,,1,16,,1616080,15,,,1,16,,1616068,15,,,1,14,,1616079,15,,,1,56,,1616070,15,,,1,16,,1616078,15,,,1,15,,1616130,15,,,1
80003,'20261021',456,,1640177,15,,,1,55,,1640090,15,,,1,15,,1640116,15,,,1,15,,1640113,15,,,1,13,,1640095,15,,,1,49,,1640115,15,,,1,10,,1640092,15,,,1,10,,1640103,15,,,1,9,,1640171,15,,,1,10,,1640170,15,,,1,10,,1640169,15,,,1,49,,1640168,15,,,1,9,,1640167,15,,,1,9,,1640166,15,,,1,7,,1640165,15,,,1,8,,1640164,15,,,1,11,,1640163,15,,,1,10,,1640162,15,,,1,54,,1640161,15,,,1,15,,1640160,15,,,1,15,,1640159,15,,,1,15,,1640158,15,,,1,55,,1640157,15,,,1,15,,1640156,15,,,1,15,,1640155,15,,,1,16,,1640154,15,,,1,53,,1640153,15,,,1,15,,1640152,15,,,1,15,,1640151,15,,,1,16,,1640150,15,,,1,55,,1640149,15,,,1,15,,1640148,15,,,1,15,,1640147,15,,,1,15,,1640146,15,,,1,55,,1640145,15,,,1,15,,1640144,15,,,1,15,,1640143,15,,,1,15,,1640142,15,,,1,55,,1640141,15,,,1,15,,1640140,15,,,1,15,,1640139,15,,,1,15,,1640138,15,,,1,54,,1640105,15,,,1,16,,1640137,15,,,1,15,,1640114,15,,,1,14,,1640111,15,,,1,52,,1640136,15,,,1,11,,1640118,15,,,1,10,,1640176,15,,,1,9,,1640173,15,,,1,9,,1640117,15,,,1,11,,1640100,15,,,1,50,,1640119,15,,,1,10,,1640135,15,,,1,10,,1640094,15,,,1,10,,1640087,15,,,1,10,,1640108,15,,,1,10,,1640134,15,,,1,51,,1640089,15,,,1,10,,1640088,15,,,1,10,,1640133,15,,,1,10,,1640132,15,,,1,12,,1640174,15,,,1,10,,1640091,15,,,1,53,,1640093,15,,,1,15,,1640131,15,,,1,15,,1640109,15,,,1,17,,1640175,15,,,1,54,,1640130,15,,,1,14,,1640097,15,,,1,14,,1640096,15,,,1,15,,1640129,15,,,1,56,,1640098,15,,,1,15,,1640128,15,,,1,15,,1640127,15,,,1,15,,1640099,15,,,1,57,,1640126,15,,,1,15,,1640102,15,,,1,15,,1640101,15,,,1,15,,1640125,15,,,1,55,,1640104,15,,,1,15,,1640124,15,,,1,16,,1640106,15,,,1,13,,1640123,15,,,1,55,,1640107,15,,,1,16,,1640122,15,,,1,16,,1640110,15,,,1,14,,1640121,15,,,1,56,,1640112,15,,,1,16,,1640120,15,,,1,15,,1640172,15,,,1
80003,'20261022',456,,1640268,15,,,1,55,,1640181,15,,,1,15,,1640207,15,,,1,15,,1640204,15,,,1,13,,1640186,15,,,1,49,,1640206,15,,,1,10,,1640183,15,,,1,10,,1640194,15,,,1,9,,1640262,15,,,1,10,,1640261,15,,,1,10,,1640260,15,,,1,49,,1640259,15,,,1,9,,1640258,15,,,1,9,,1640257,15,,,1,7,,1640256,15,,,1,8,,1640255,15,,,1,11,,1640254,15,,,1,10,,1640253,15,,,1,54,,1640252,15,,,1,15,,1640251,15,,,1,15,,1640250,15,,,1,15,,1640249,15,,,1,55,,1640248,15,,,1,15,,1640247,15,,,1,15,,1640246,15,,,1,16,,1640245,15,,,1,53,,1640244,15,,,1,15,,1640243,15,,,1,15,,1640242,15,,,1,16,,1640241,15,,,1,55,,1640240,15,,,1,15,,1640239,15,,,1,15,,1640238,15,,,1,15,,1640237,15,,,1,55,,1640236,15,,,1,15,,1640235,15,,,1,15,,1640234,15,,,1,15,,1640233,15,,,1,55,,1640232,15,,,1,15,,1640231,15,,,1,15,,1640230,15,,,1,15,,1640229,15,,,1,54,,1640196,15,,,1,16,,1640228,15,,,1,15,,1640205,15,,,1,14,,1640202,15,,,1,52,,1640227,15,,,1,11,,1640209,15,,,1,10,,1640267,15,,,1,9,,1640264,15,,,1,9,,1640208,15,,,1,11,,1640191,15,,,1,50,,1640210,15,,,1,10,,1640226,15,,,1,10,,1640185,15,,,1,10,,1640178,15,,,1,10,,1640199,15,,,1,10,,1640225,15,,,1,51,,1640180,15,,,1,10,,1640179,15,,,1,10,,1640224,15,,,1,10,,1640223,15,,,1,12,,1640265,15,,,1,10,,1640182,15,,,1,53,,1640184,15,,,1,15,,1640222,15,,,1,15,,1640200,15,,,1,17,,1640266,15,,,1,54,,1640221,15,,,1,14,,1640188,15,,,1,14,,1640187,15,,,1,15,,1640220,15,,,1,56,,1640189,15,,,1,15,,1640219,15,,,1,15,,1640218,15,,,1,15,,1640190,15,,,1,57,,1640217,15,,,1,15,,1640193,15,,,1,15,,1640192,15,,,1,15,,1640216,15,,,1,55,,1640195,15,,,1,15,,1640215,15,,,1,16,,1640197,15,,,1,13,,1640214,15,,,1,55,,1640198,15,,,1,16,,1640213,15,,,1,16,,1640201,15,,,1,14,,1640212,15,,,1,56,,1640203,15,,,1,16,,1640211,15,,,1,15,,1640263,15,,,1
80003,'20261023',456,,1640359,15,,,1,55,,1640272,15,,,1,15,,1640298,15,,,1,15,,1640295,15,,,1,13,,1640277,15,,,1,49,,1640297,15,,,1,10,,1640274,15,,,1,10,,1640285,15,,,1,9,,1640353,15,,,1,10,,1640352,15,,,1,10,,1640351,15,,,1,49,,1640350,15,,,1,9,,1640349,15,,,1,9,,1640348,15,,,1,7,,1640347,15,,,1,8,,1640346,15,,,1,11,,1640345,15,,,1,10,,1640344,15,,,1,54,,1640343,15,,,1,15,,1640342,15,,,1,15,,1640341,15,,,1,15,,1640340,15,,,1,55,,1640339,15,,,1,15,,1640338,15,,,1,15,,1640337,15,,,1,16,,1640336,15,,,1,53,,1640335,15,,,1,15,,1640334,15,,,1,15,,1640333,15,,,1,16,,1640332,15,,,1,55,,1640331,15,,,1,15,,1640330,15,,,1,15,,1640329,15,,,1,15,,1640328,15,,,1,55,,1640327,15,,,1,15,,1640326,15,,,1,15,,1640325,15,,,1,15,,1640324,15,,,1,55,,1640323,15,,,1,15,,1640322,15,,,1,15,,1640321,15,,,1,15,,1640320,15,,,1,54,,1640287,15,,,1,16,,1640319,15,,,1,15,,1640296,15,,,1,14,,1640293,15,,,1,52,,1640318,15,,,1,11,,1640300,15,,,1,10,,1640358,15,,,1,9,,1640355,15,,,1,9,,1640299,15,,,1,11,,1640282,15,,,1,50,,1640301,15,,,1,10,,1640317,15,,,1,10,,1640276,15,,,1,10,,1640269,15,,,1,10,,1640290,15,,,1,10,,1640316,15,,,1,51,,1640271,15,,,1,10,,1640270,15,,,1,10,,1640315,15,,,1,10,,1640314,15,,,1,12,,1640356,15,,,1,10,,1640273,15,,,1,53,,1640275,15,,,1,15,,1640313,15,,,1,15,,1640291,15,,,1,17,,1640357,15,,,1,54,,1640312,15,,,1,14,,1640279,15,,,1,14,,1640278,15,,,1,15,,1640311,15,,,1,56,,1640280,15,,,1,15,,1640310,15,,,1,15,,1640309,15,,,1,15,,1640281,15,,,1,57,,1640308,15,,,1,15,,1640284,15,,,1,15,,1640283,15,,,1,15,,1640307,15,,,1,55,,1640286,15,,,1,15,,1640306,15,,,1,16,,1640288,15,,,1,13,,1640305,15,,,1,55,,1640289,15,,,1,16,,1640304,15,,,1,16,,1640292,15,,,1,14,,1640303,15,,,1,56,,1640294,15,,,1,16,,1640302,15,,,1,15,,1640354,15,,,1
