9300,'20261009',649,,1610277,30,,,0,102,,1610278,30,,,0,49,,1610266,36,,,0,51,,1610279,30,,,0,76,,1610267,36,,,0,24,,1610280,30,,,0,100,,1610281,30,,,0,4,,1610268,36,,,0,96,,1610282,30,,,0,77,,1610269,36,,,0,23,,1610283,30,,,0,99,,1610284,30,,,0,7,,1610270,36,,,0,88,,1610285,30,,,0,69,,1610286,30,,,0,17,,1610271,36,,,0,11,,1610287,30,,,0,70,,1610288,30,,,0,33,,1610276,26,,,0,2,,1610289,30,,,0,59,,1610272,36,,,0,7,,1610290,30,,,0,31,,1610291,30,,,0,72,,1610292,30,,,0,14,,1610273,36,,,0,12,,1610293,30,,,0,69,,1610294,30,,,0,42,,1610274,36,,,0,1,,1610295,30,,,0,100,,1610296,30,,,0,68,,1610275,36,,,0,32,,1610297,30,,,0,99,,1610298,30,,,0,100,,1610299,30,,,0
9300,'20261010',648,,1636846,30,,,0,102,,1636847,30,,,0,0,,1636836,36,,,0,100,,1636848,30,,,0,71,,1636837,36,,,0,28,,1636849,30,,,0,100,,1636850,30,,,0,3,,1636838,36,,,0,96,,1636851,30,,,0,76,,1636839,36,,,0,25,,1636852,30,,,0,101,,1636853,30,,,0,4,,1636840,36,,,0,96,,1636854,30,,,0,74,,1636841,36,,,0,26,,1636855,30,,,0,101,,1636856,30,,,0,5,,1636842,36,,,0,94,,1636857,30,,,0,74,,1636843,36,,,0,25,,1636858,30,,,0,99,,1636859,30,,,0,2,,1636844,36,,,0,168,,1636845,36,,,0,30,,1636860,30,,,0,200,,1636861,30,,,0
9300,'20261011',648,,1636872,30,,,0,102,,1636873,30,,,0,0,,1636862,36,,,0,100,,1636874,30,,,0,71,,1636863,36,,,0,28,,1636875,30,,,0,100,,1636876,30,,,0,3,,1636864,36,,,0,96,,1636877,30,,,0,76,,1636865,36,,,0,25,,1636878,30,,,0,101,,1636879,30,,,0,4,,1636866,36,,,0,96,,1636880,30,,,0,74,,1636867,36,,,0,26,,1636881,30,,,0,101,,1636882,30,,,0,5,,1636868,36,,,0,94,,1636883,30,,,0,74,,1636869,36,,,0,25,,1636884,30,,,0,99,,1636885,30,,,0,2,,1636870,36,,,0,168,,1636871,36,,,0,30,,1636886,30,,,0,200,,1636887,30,,,0
9300,'20261012',648,,1636898,30,,,0,102,,1636899,30,,,0,0,,1636888,36,,,0,100,,1636900,30,,,0,71,,1636889,36,,,0,28,,1636901,30,,,0,100,,1636902,30,,,0,3,,1636890,36,,,0,96,,1636903,30,,,0,76,,1636891,36,,,0,25,,1636904,30,,,0,101,,1636905,30,,,0,4,,1636892,36,,,0,96,,1636906,30,,,0,74,,1636893,36,,,0,26,,1636907,30,,,0,101,,1636908,30,,,0,5,,1636894,36,,,0,94,,1636909,30,,,0,74,,1636895,36,,,0,25,,1636910,30,,,0,99,,1636911,30,,,0,2,,1636896,36,,,0,168,,1636897,36,,,0,30,,1636912,30,,,0,200,,1636913,30,,,0
9300,'20261013',649,,1578567,30,,,0,102,,1578547,30,,,0,49,,1578570,36,,,0,51,,1578559,30,,,0,76,,1578571,36,,,0,24,,1578563,30,,,0,100,,1578564,30,,,0,4,,1578572,36,,,0,96,,1578565,30,,,0,77,,1578573,36,,,0,23,,1578548,30,,,0,99,,1578549,30,,,0,7,,1578574,36,,,0,88,,1578566,30,,,0,69,,1578556,30,,,0,17,,1578575,36,,,0,11,,1578568,30,,,0,70,,1578560,30,,,0,35,,1578550,30,,,0,59,,1578576,36,,,0,7,,1578551,30,,,0,31,,1578552,30,,,0,72,,1578553,30,,,0,14,,1578577,36,,,0,12,,1578554,30,,,0,69,,1578561,30,,,0,42,,1578578,36,,,0,1,,1578555,30,,,0,100,,1578557,30,,,0,68,,1578579,36,,,0,32,,1578562,30,,,0,99,,1578558,30,,,0,100,,1578569,30,,,0
9300,'20261014',649,,1578600,30,,,0,102,,1578580,30,,,0,49,,1578603,36,,,0,51,,1578592,30,,,0,76,,1578604,36,,,0,24,,1578596,30,,,0,100,,1578597,30,,,0,4,,1578605,36,,,0,96,,1578598,30,,,0,77,,1578606,36,,,0,23,,1578581,30,,,0,99,,1578582,30,,,0,7,,1578607,36,,,0,88,,1578599,30,,,0,69,,1578589,30,,,0,17,,1578608,36,,,0,11,,1578601,30,,,0,70,,1578593,30,,,0,35,,1578583,30,,,0,59,,1578609,36,,,0,7,,1578584,30,,,0,31,,1578585,30,,,0,72,,1578586,30,,,0,14,,1578610,36,,,0,12,,1578587,30,,,0,69,,1578594,30,,,0,42,,1578611,36,,,0,1,,1578588,30,,,0,100,,1578590,30,,,0,68,,1578612,36,,,0,32,,1578595,30,,,0,99,,1578591,30,,,0,100,,1578602,30,,,0
9300,'20261015',649,,1578633,30,,,0,102,,1578613,30,,,0,49,,1578636,36,,,0,51,,1578625,30,,,0,76,,1578637,36,,,0,24,,1578629,30,,,0,100,,1578630,30,,,0,4,,1578638,36,,,0,96,,1578631,30,,,0,77,,1578639,36,,,0,23,,1578614,30,,,0,99,,1578615,30,,,0,7,,1578640,36,,,0,88,,1578632,30,,,0,69,,1578622,30,,,0,17,,1578641,36,,,0,11,,1578634,30,,,0,70,,1578626,30,,,0,35,,1578616,30,,,0,59,,1578642,36,,,0,7,,1578617,30,,,0,31,,1578618,30,,,0,72,,1578619,30,,,0,14,,1578643,36,,,0,12,,1578620,30,,,0,69,,1578627,30,,,0,42,,1578644,36,,,0,1,,1578621,30,,,0,100,,1578623,30,,,0,68,,1578645,36,,,0,32,,1578628,30,,,0,99,,1578624,30,,,0,100,,1578635,30,,,0
9300,'20261016',649,,1578666,30,,,0,102,,1578646,30,,,0,49,,1578669,36,,,0,51,,1578658,30,,,0,76,,1578670,36,,,0,24,,1578662,30,,,0,100,,1578663,30,,,0,4,,1578671,36,,,0,96,,1578664,30,,,0,77,,1578672,36,,,0,23,,1578647,30,,,0,99,,1578648,30,,,0,7,,1578673,36,,,0,88,,1578665,30,,,0,69,,1578655,30,,,0,17,,1578674,36,,,0,11,,1578667,30,,,0,70,,1578659,30,,,0,35,,1578649,30,,,0,59,,1578675,36,,,0,7,,1578650,30,,,0,31,,1578651,30,,,0,72,,1578652,30,,,0,14,,1578676,36,,,0,12,,1578653,30,,,0,69,,1578660,30,,,0,42,,1578677,36,,,0,1,,1578654,30,,,0,100,,1578656,30,,,0,68,,1578678,36,,,0,32,,1578661,30,,,0,99,,1578657,30,,,0,100,,1578668,30,,,0
9300,'20261017',648,,1610315,30,,,0,102,,1610306,30,,,0,0,,1610316,36,,,0,100,,1610307,30,,,0,71,,1610317,36,,,0,28,,1610314,30,,,0,100,,1610300,30,,,0,3,,1610318,36,,,0,96,,1610311,30,,,0,76,,1610319,36,,,0,25,,1610308,30,,,0,101,,1610309,30,,,0,4,,1610320,36,,,0,96,,1610301,30,,,0,74,,1610321,36,,,0,26,,1610310,30,,,0,101,,1610312,30,,,0,5,,1610322,36,,,0,94,,1610302,30,,,0,74,,1610323,36,,,0,25,,1610313,30,,,0,99,,1610305,30,,,0,2,,1610324,36,,,0,168,,1610325,36,,,0,30,,1610303,30,,,0,200,,1610304,30,,,0
9300,'20261018',648,,1610341,30,,,0,102,,1610331,30,,,0,0,,1610342,36,,,0,100,,1610339,30,,,0,71,,1610343,36,,,0,28,,1610340,30,,,0,100,,1610332,30,,,0,3,,1610344,36,,,0,96,,1610336,30,,,0,76,,1610345,36,,,0,25,,1610326,30,,,0,101,,1610334,30,,,0,4,,1610346,36,,,0,96,,1610333,30,,,0,74,,1610347,36,,,0,26,,1610335,30,,,0,101,,1610337,30,,,0,5,,1610348,36,,,0,94,,1610327,30,,,0,74,,1610349,36,,,0,25,,1610338,30,,,0,99,,1610330,30,,,0,2,,1610350,36,,,0,168,,1610351,36,,,0,30,,1610328,30,,,0,200,,1610329,30,,,0
9300,'20261019',649,,1610372,30,,,0,102,,1610352,30,,,0,49,,1610375,36,,,0,51,,1610364,30,,,0,76,,1610376,36,,,0,24,,1610368,30,,,0,100,,1610369,30,,,0,4,,1610377,36,,,0,96,,1610370,30,,,0,77,,1610378,36,,,0,23,,1610353,30,,,0,99,,1610354,30,,,0,7,,1610379,36,,,0,88,,1610371,30,,,0,69,,1610361,30,,,0,17,,1610380,36,,,0,11,,1610373,30,,,0,70,,1610365,30,,,0,35,,1610355,30,,,0,59,,1610381,36,,,0,7,,1610356,30,,,0,31,,1610357,30,,,0,72,,1610358,30,,,0,14,,1610382,36,,,0,12,,1610359,30,,,0,69,,1610366,30,,,0,42,,1610383,36,,,0,1,,1610360,30,,,0,100,,1610362,30,,,0,68,,1610384,36,,,0,32,,1610367,30,,,0,99,,1610363,30,,,0,100,,1610374,30,,,0
9300,'20261020',649,,1610405,30,,,0,102,,1610385,30,,,0,49,,1610408,36,,,0,51,,1610397,30,,,0,76,,1610409,36,,,0,24,,1610401,30,,,0,100,,1610402,30,,,0,4,,1610410,36,,,0,96,,1610403,30,,,0,77,,1610411,36,,,0,23,,1610386,30,,,0,99,,1610387,30,,,0,7,,1610412,36,,,0,88,,1610404,30,,,0,69,,1610394,30,,,0,17,,1610413,36,,,0,11,,1610406,30,,,0,70,,1610398,30,,,0,35,,1610388,30,,,0,59,,1610414,36,,,0,7,,1610389,30,,,0,31,,1610390,30,,,0,72,,1610391,30,,,0,14,,1610415,36,,,0,12,,1610392,30,,,0,69,,1610399,30,,,0,42,,1610416,36,,,0,1,,1610393,30,,,0,100,,1610395,30,,,0,68,,1610417,36,,,0,32,,1610400,30,,,0,99,,1610396,30,,,0,100,,1610407,30,,,0
9300,'20261021',649,,1636934,30,,,0,102,,1636914,30,,,0,49,,1636937,36,,,0,51,,1636926,30,,,0,76,,1636938,36,,,0,24,,1636930,30,,,0,100,,1636931,30,,,0,4,,1636939,36,,,0,96,,1636932,30,,,0,77,,1636940,36,,,0,23,,1636915,30,,,0,99,,1636916,30,,,0,7,,1636941,36,,,0,88,,1636933,30,,,0,69,,1636923,30,,,0,17,,1636942,36,,,0,11,,1636935,30,,,0,70,,1636927,30,,,0,35,,1636917,30,,,0,59,,1636943,36,,,0,7,,1636918,30,,,0,31,,1636919,30,,,0,72,,1636920,30,,,0,14,,1636944,36,,,0,12,,1636921,30,,,0,69,,1636928,30,,,0,42,,1636945,36,,,0,1,,1636922,30,,,0,100,,1636924,30,,,0,68,,1636946,36,,,0,32,,1636929,30,,,0,99,,1636925,30,,,0,100,,1636936,30,,,0
9300,'20261022',649,,1636967,30,,,0,102,,1636947,30,,,0,49,,1636970,36,,,0,51,,1636959,30,,,0,76,,1636971,36,,,0,24,,1636963,30,,,0,100,,1636964,30,,,0,4,,1636972,36,,,0,96,,1636965,30,,,0,77,,1636973,36,,,0,23,,1636948,30,,,0,99,,1636949,30,,,0,7,,1636974,36,,,0,88,,1636966,30,,,0,69,,1636956,30,,,0,17,,1636975,36,,,0,11,,1636968,30,,,0,70,,1636960,30,,,0,35,,1636950,30,,,0,59,,1636976,36,,,0,7,,1636951,30,,,0,31,,1636952,30,,,0,72,,1636953,30,,,0,14,,1636977,36,,,0,12,,1636954,30,,,0,69,,1636961,30,,,0,42,,1636978,36,,,0,1,,1636955,30,,,0,100,,1636957,30,,,0,68,,1636979,36,,,0,32,,1636962,30,,,0,99,,1636958,30,,,0,100,,1636969,30,,,0
9300,'20261023',649,,1637000,30,,,0,102,,1636980,30,,,0,49,,1637003,36,,,0,51,,1636992,30,,,0,76,,1637004,36,,,0,24,,1636996,30,,,0,100,,1636997,30,,,0,4,,1637005,36,,,0,96,,1636998,30,,,0,77,,1637006,36,,,0,23,,1636981,30,,,0,99,,1636982,30,,,0,7,,1637007,36,,,0,88,,1636999,30,,,0,69,,1636989,30,,,0,17,,1637008,36,,,0,11,,1637001,30,,,0,70,,1636993,30,,,0,35,,1636983,30,,,0,59,,1637009,36,,,0,7,,1636984,30,,,0,31,,1636985,30,,,0,72,,1636986,30,,,0,14,,1637010,36,,,0,12,,1636987,30,,,0,69,,1636994,30,,,0,42,,1637011,36,,,0,1,,1636988,30,,,0,100,,1636990,30,,,0,68,,1637012,36,,,0,32,,1636995,30,,,0,99,,1636991,30,,,0,100,,1637002,30,,,0
28303,'20261009',1625,,1612692,31,4,,0,28,,1612693,31,4,,0,99,,1612694,31,4,,0,62,,1612695,31,4,,0
28303,'20261013',1625,,1580944,31,4,,0,28,,1580941,31,4,,0,99,,1580942,31,4,,0,62,,1580943,31,4,,0
28303,'20261014',1625,,1580948,31,4,,0,28,,1580945,31,4,,0,99,,1580946,31,4,,0,62,,1580947,31,4,,0
28303,'20261015',1625,,1580952,31,4,,0,28,,1580949,31,4,,0,99,,1580950,31,4,,0,62,,1580951,31,4,,0
28303,'20261016',1625,,1580956,31,4,,0,28,,1580953,31,4,,0,99,,1580954,31,4,,0,62,,1580955,31,4,,0
28303,'20261019',1625,,1612699,31,4,,0,28,,1612696,31,4,,0,99,,1612697,31,4,,0,62,,1612698,31,4,,0
28303,'20261020',1625,,1612703,31,4,,0,28,,1612700,31,4,,0,99,,1612701,31,4,,0,62,,1612702,31,4,,0
28303,'20261021',1625,,1638327,31,4,,0,28,,1638324,31,4,,0,99,,1638325,31,4,,0,62,,1638326,31,4,,0
28303,'20261022',1625,,1638331,31,4,,0,28,,1638328,31,4,,0,99,,1638329,31,4,,0,62,,1638330,31,4,,0
28303,'20261023',1625,,1638335,31,4,,0,28,,1638332,31,4,,0,99,,1638333,31,4,,0,62,,1638334,31,4,,0
99203,'20261009',2601,,1625348,32,,,0,130,,1625349,32,,,0
99203,'20261010',2601,,1646909,32,,,0,130,,1646910,32,,,0
99203,'20261016',2601,,1593548,32,,,0,130,,1593549,32,,,0
99203,'20261017',2601,,1625350,32,,,0,130,,1625351,32,,,0
99203,'20261023',2601,,1646911,32,,,0,130,,1646912,32,,,0
