1303,'20261006',653,,1597452,17,,,0,104,,1597453,17,,,0,68,,1597474,15,,,0,2,,1597454,17,,,0,100,,1597455,17,,,0,100,,1597456,17,,,0,99,,1597457,17,,,0,102,,1597458,17,,,0,98,,1597459,17,,,0,100,,1597460,17,,,0,99,,1597461,17,,,0,32,,1597462,17,,,0,70,,1597463,17,,,0,32,,1597464,17,,,0,75,,1597465,17,,,0,25,,1597466,17,,,0,70,,1597467,17,,,0,26,,1597468,17,,,0,68,,1597469,17,,,0,100,,1597470,17,,,0,100,,1597471,17,,,0,100,,1597472,17,,,0,99,,1597473,17,,,0
1303,'20261007',653,,1597475,17,,,0,104,,1597476,17,,,0,68,,1597497,15,,,0,2,,1597477,17,,,0,100,,1597478,17,,,0,100,,1597479,17,,,0,99,,1597480,17,,,0,102,,1597481,17,,,0,98,,1597482,17,,,0,100,,1597483,17,,,0,99,,1597484,17,,,0,32,,1597485,17,,,0,70,,1597486,17,,,0,32,,1597487,17,,,0,75,,1597488,17,,,0,25,,1597489,17,,,0,70,,1597490,17,,,0,26,,1597491,17,,,0,68,,1597492,17,,,0,100,,1597493,17,,,0,100,,1597494,17,,,0,100,,1597495,17,,,0,99,,1597496,17,,,0
1303,'20261008',653,,1597498,17,,,0,104,,1597499,17,,,0,68,,1597520,15,,,0,2,,1597500,17,,,0,100,,1597501,17,,,0,100,,1597502,17,,,0,99,,1597503,17,,,0,102,,1597504,17,,,0,98,,1597505,17,,,0,100,,1597506,17,,,0,99,,1597507,17,,,0,32,,1597508,17,,,0,70,,1597509,17,,,0,32,,1597510,17,,,0,75,,1597511,17,,,0,25,,1597512,17,,,0,70,,1597513,17,,,0,26,,1597514,17,,,0,68,,1597515,17,,,0,100,,1597516,17,,,0,100,,1597517,17,,,0,100,,1597518,17,,,0,99,,1597519,17,,,0
1303,'20261009',653,,1597521,17,,,0,104,,1597522,17,,,0,68,,1597543,15,,,0,2,,1597523,17,,,0,100,,1597524,17,,,0,100,,1597525,17,,,0,99,,1597526,17,,,0,102,,1597527,17,,,0,98,,1597528,17,,,0,100,,1597529,17,,,0,99,,1597530,17,,,0,32,,1597531,17,,,0,70,,1597532,17,,,0,32,,1597533,17,,,0,75,,1597534,17,,,0,25,,1597535,17,,,0,70,,1597536,17,,,0,26,,1597537,17,,,0,68,,1597538,17,,,0,100,,1597539,17,,,0,100,,1597540,17,,,0,100,,1597541,17,,,0,99,,1597542,17,,,0
1303,'20261010',805,,1543075,17,,,0,102,,1543076,17,,,0,102,,1543077,17,,,0,102,,1543078,17,,,0,102,,1543079,17,,,0,102,,1543080,17,,,0,101,,1543081,17,,,0,104,,1543082,17,,,0,97,,1543083,17,,,0,100,,1543084,17,,,0,98,,1543085,17,,,0,98,,1543086,17,,,0,98,,1543087,17,,,0,98,,1543088,17,,,0,98,,1543089,17,,,0,98,,1543074,17,,,0
1303,'20261011',805,,1543090,17,,,0,102,,1543091,17,,,0,102,,1543092,17,,,0,102,,1543093,17,,,0,102,,1543094,17,,,0,102,,1543095,17,,,0,101,,1543096,17,,,0,104,,1543097,17,,,0,97,,1543098,17,,,0,100,,1543099,17,,,0,98,,1543100,17,,,0,98,,1543101,17,,,0,98,,1543102,17,,,0,98,,1543103,17,,,0,98,,1543104,17,,,0,98,,1543105,17,,,0
1303,'20261012',805,,1543106,17,,,0,102,,1543107,17,,,0,102,,1543108,17,,,0,102,,1543109,17,,,0,102,,1543110,17,,,0,102,,1543111,17,,,0,101,,1543112,17,,,0,104,,1543113,17,,,0,97,,1543114,17,,,0,100,,1543115,17,,,0,98,,1543116,17,,,0,98,,1543117,17,,,0,98,,1543118,17,,,0,98,,1543119,17,,,0,98,,1543120,17,,,0,98,,1543121,17,,,0
1303,'20261013',653,,1565817,17,,,0,104,,1565818,17,,,0,68,,1565839,15,,,0,2,,1565819,17,,,0,100,,1565820,17,,,0,100,,1565821,17,,,0,99,,1565822,17,,,0,102,,1565823,17,,,0,98,,1565824,17,,,0,100,,1565825,17,,,0,99,,1565826,17,,,0,32,,1565835,17,,,0,70,,1565827,17,,,0,32,,1565836,17,,,0,75,,1565828,17,,,0,25,,1565837,17,,,0,70,,1565829,17,,,0,26,,1565838,17,,,0,68,,1565830,17,,,0,100,,1565831,17,,,0,100,,1565832,17,,,0,100,,1565833,17,,,0,99,,1565834,17,,,0
1303,'20261014',653,,1565840,17,,,0,104,,1565841,17,,,0,68,,1565862,15,,,0,2,,1565842,17,,,0,100,,1565843,17,,,0,100,,1565844,17,,,0,99,,1565845,17,,,0,102,,1565846,17,,,0,98,,1565847,17,,,0,100,,1565848,17,,,0,99,,1565849,17,,,0,32,,1565858,17,,,0,70,,1565850,17,,,0,32,,1565859,17,,,0,75,,1565851,17,,,0,25,,1565860,17,,,0,70,,1565852,17,,,0,26,,1565861,17,,,0,68,,1565853,17,,,0,100,,1565854,17,,,0,100,,1565855,17,,,0,100,,1565856,17,,,0,99,,1565857,17,,,0
1303,'20261015',653,,1565863,17,,,0,104,,1565864,17,,,0,68,,1565885,15,,,0,2,,1565865,17,,,0,100,,1565866,17,,,0,100,,1565867,17,,,0,99,,1565868,17,,,0,102,,1565869,17,,,0,98,,1565870,17,,,0,100,,1565871,17,,,0,99,,1565872,17,,,0,32,,1565881,17,,,0,70,,1565873,17,,,0,32,,1565882,17,,,0,75,,1565874,17,,,0,25,,1565883,17,,,0,70,,1565875,17,,,0,26,,1565884,17,,,0,68,,1565876,17,,,0,100,,1565877,17,,,0,100,,1565878,17,,,0,100,,1565879,17,,,0,99,,1565880,17,,,0
1303,'20261016',653,,1565886,17,,,0,104,,1565887,17,,,0,68,,1565908,15,,,0,2,,1565888,17,,,0,100,,1565889,17,,,0,100,,1565890,17,,,0,99,,1565891,17,,,0,102,,1565892,17,,,0,98,,1565893,17,,,0,100,,1565894,17,,,0,99,,1565895,17,,,0,32,,1565904,17,,,0,70,,1565896,17,,,0,32,,1565905,17,,,0,75,,1565897,17,,,0,25,,1565906,17,,,0,70,,1565898,17,,,0,26,,1565907,17,,,0,68,,1565899,17,,,0,100,,1565900,17,,,0,100,,1565901,17,,,0,100,,1565902,17,,,0,99,,1565903,17,,,0
1303,'20261017',805,,1597545,17,,,0,102,,1597546,17,,,0,102,,1597547,17,,,0,102,,1597548,17,,,0,102,,1597549,17,,,0,102,,1597550,17,,,0,101,,1597551,17,,,0,104,,1597552,17,,,0,97,,1597553,17,,,0,100,,1597554,17,,,0,98,,1597555,17,,,0,98,,1597556,17,,,0,98,,1597557,17,,,0,98,,1597558,17,,,0,98,,1597559,17,,,0,98,,1597544,17,,,0
1303,'20261018',805,,1597560,17,,,0,102,,1597561,17,,,0,102,,1597562,17,,,0,102,,1597563,17,,,0,102,,1597564,17,,,0,102,,1597565,17,,,0,101,,1597566,17,,,0,104,,1597567,17,,,0,97,,1597568,17,,,0,100,,1597569,17,,,0,98,,1597570,17,,,0,98,,1597571,17,,,0,98,,1597572,17,,,0,98,,1597573,17,,,0,98,,1597574,17,,,0,98,,1597575,17,,,0
1303,'20261019',653,,1597576,17,,,0,104,,1597577,17,,,0,68,,1597598,15,,,0,2,,1597578,17,,,0,100,,1597579,17,,,0,100,,1597580,17,,,0,99,,1597581,17,,,0,102,,1597582,17,,,0,98,,1597583,17,,,0,100,,1597584,17,,,0,99,,1597585,17,,,0,32,,1597594,17,,,0,70,,1597586,17,,,0,32,,1597595,17,,,0,75,,1597587,17,,,0,25,,1597596,17,,,0,70,,1597588,17,,,0,26,,1597597,17,,,0,68,,1597589,17,,,0,100,,1597590,17,,,0,100,,1597591,17,,,0,100,,1597592,17,,,0,99,,1597593,17,,,0
1303,'20261020',653,,1597599,17,,,0,104,,1597600,17,,,0,68,,1597621,15,,,0,2,,1597601,17,,,0,100,,1597602,17,,,0,100,,1597603,17,,,0,99,,1597604,17,,,0,102,,1597605,17,,,0,98,,1597606,17,,,0,100,,1597607,17,,,0,99,,1597608,17,,,0,32,,1597617,17,,,0,70,,1597609,17,,,0,32,,1597618,17,,,0,75,,1597610,17,,,0,25,,1597619,17,,,0,70,,1597611,17,,,0,26,,1597620,17,,,0,68,,1597612,17,,,0,100,,1597613,17,,,0,100,,1597614,17,,,0,100,,1597615,17,,,0,99,,1597616,17,,,0
4001303,'20261006',1633,,1625410,6,,,0
4001303,'20261007',1633,,1625413,6,,,0
4001303,'20261008',1633,,1625416,6,,,0
4001303,'20261009',1633,,1625419,6,,,0
4001303,'20261013',1633,,1593596,6,,,0
4001303,'20261014',1633,,1593597,6,,,0
4001303,'20261015',1633,,1593598,6,,,0
4001303,'20261016',1633,,1593599,6,,,0
4001303,'20261019',1633,,1625422,6,,,0
4001303,'20261020',1633,,1625423,6,,,0
