8601,'20260929',626,,1551071,10,,,0,30,,1551072,10,,,0,76,,1551073,10,,,0,25,,1551074,10,,,0,70,,1551075,10,,,0,30,,1551076,10,,,0,100,,1551077,10,,,0,100,,1551078,10,,,0,100,,1551079,10,,,0,100,,1551080,10,,,0,100,,1551081,10,,,0,100,,1551082,10,,,0,102,,1551083,10,,,0,68,,1551070,6,,,0,2,,1551084,10,,,0,30,,1551085,10,,,0,69,,1551086,10,,,0,29,,1551087,10,,,0,99,,1551088,10,,,0,100,,1551089,10,,,0,100,,1551090,10,,,0,100,,1551091,10,,,0,100,,1551092,10,,,0
8601,'20260930',626,,1551095,10,,,0,30,,1551096,10,,,0,76,,1551097,10,,,0,25,,1551098,10,,,0,70,,1551099,10,,,0,30,,1551100,10,,,0,100,,1551101,10,,,0,100,,1551102,10,,,0,100,,1551103,10,,,0,100,,1551104,10,,,0,100,,1551105,10,,,0,100,,1551106,10,,,0,102,,1551107,10,,,0,68,,1551094,6,,,0,2,,1551108,10,,,0,30,,1551109,10,,,0,69,,1551110,10,,,0,29,,1551111,10,,,0,99,,1551112,10,,,0,100,,1551113,10,,,0,100,,1551114,10,,,0,100,,1551115,10,,,0,100,,1551116,10,,,0
8601,'20261001',626,,1551119,10,,,0,30,,1551120,10,,,0,76,,1551121,10,,,0,25,,1551122,10,,,0,70,,1551123,10,,,0,30,,1551124,10,,,0,100,,1551125,10,,,0,100,,1551126,10,,,0,100,,1551127,10,,,0,100,,1551128,10,,,0,100,,1551129,10,,,0,100,,1551130,10,,,0,102,,1551131,10,,,0,68,,1551118,6,,,0,2,,1551132,10,,,0,30,,1551133,10,,,0,69,,1551134,10,,,0,29,,1551135,10,,,0,99,,1551136,10,,,0,100,,1551137,10,,,0,100,,1551138,10,,,0,100,,1551139,10,,,0,100,,1551140,10,,,0
8601,'20261002',626,,1474021,10,,,0,30,,1474011,10,,,0,76,,1474012,10,,,0,25,,1474013,10,,,0,70,,1474024,10,,,0,30,,1474027,10,,,0,100,,1474025,10,,,0,100,,1474028,10,,,0,100,,1474023,10,,,0,100,,1474029,10,,,0,100,,1474022,10,,,0,100,,1474030,10,,,0,102,,1474017,10,,,0,68,,1474034,6,,,0,2,,1474020,10,,,0,30,,1474016,10,,,0,69,,1474019,10,,,0,29,,1474014,10,,,0,99,,1474031,10,,,0,100,,1474018,10,,,0,100,,1474032,10,,,0,100,,1474015,10,,,0,100,,1474026,10,,,0
8601,'20261003',757,,1497015,10,,,0,100,,1497023,10,,,0,100,,1497019,10,,,0,100,,1497024,10,,,0,100,,1497016,10,,,0,100,,1497025,10,,,0,100,,1497020,10,,,0,100,,1497026,10,,,0,100,,1497021,10,,,0,100,,1497027,10,,,0,100,,1497017,10,,,0,100,,1497028,10,,,0,100,,1497022,10,,,0,100,,1497029,10,,,0,100,,1497018,10,,,0,100,,1497030,10,,,0
8601,'20261004',757,,1497034,10,,,0,100,,1497039,10,,,0,100,,1497035,10,,,0,100,,1497040,10,,,0,100,,1497031,10,,,0,100,,1497041,10,,,0,100,,1497036,10,,,0,100,,1497042,10,,,0,100,,1497037,10,,,0,100,,1497043,10,,,0,100,,1497032,10,,,0,100,,1497044,10,,,0,100,,1497038,10,,,0,100,,1497045,10,,,0,100,,1497033,10,,,0,100,,1497046,10,,,0
8601,'20261005',626,,1497057,10,,,0,30,,1497047,10,,,0,76,,1497048,10,,,0,25,,1497049,10,,,0,70,,1497060,10,,,0,30,,1497063,10,,,0,100,,1497061,10,,,0,100,,1497064,10,,,0,100,,1497059,10,,,0,100,,1497065,10,,,0,100,,1497058,10,,,0,100,,1497066,10,,,0,102,,1497053,10,,,0,68,,1497070,6,,,0,2,,1497056,10,,,0,30,,1497052,10,,,0,69,,1497055,10,,,0,29,,1497050,10,,,0,99,,1497067,10,,,0,100,,1497054,10,,,0,100,,1497068,10,,,0,100,,1497051,10,,,0,100,,1497062,10,,,0
8601,'20261006',626,,1524228,10,,,0,30,,1524218,10,,,0,76,,1524219,10,,,0,25,,1524220,10,,,0,70,,1524231,10,,,0,30,,1524234,10,,,0,100,,1524232,10,,,0,100,,1524235,10,,,0,100,,1524230,10,,,0,100,,1524236,10,,,0,100,,1524229,10,,,0,100,,1524237,10,,,0,102,,1524224,10,,,0,68,,1524241,6,,,0,2,,1524227,10,,,0,30,,1524223,10,,,0,69,,1524226,10,,,0,29,,1524221,10,,,0,99,,1524238,10,,,0,100,,1524225,10,,,0,100,,1524239,10,,,0,100,,1524222,10,,,0,100,,1524233,10,,,0
8601,'20261007',626,,1524252,10,,,0,30,,1524242,10,,,0,76,,1524243,10,,,0,25,,1524244,10,,,0,70,,1524255,10,,,0,30,,1524258,10,,,0,100,,1524256,10,,,0,100,,1524259,10,,,0,100,,1524254,10,,,0,100,,1524260,10,,,0,100,,1524253,10,,,0,100,,1524261,10,,,0,102,,1524248,10,,,0,68,,1524265,6,,,0,2,,1524251,10,,,0,30,,1524247,10,,,0,69,,1524250,10,,,0,29,,1524245,10,,,0,99,,1524262,10,,,0,100,,1524249,10,,,0,100,,1524263,10,,,0,100,,1524246,10,,,0,100,,1524257,10,,,0
8601,'20261008',626,,1524276,10,,,0,30,,1524266,10,,,0,76,,1524267,10,,,0,25,,1524268,10,,,0,70,,1524279,10,,,0,30,,1524282,10,,,0,100,,1524280,10,,,0,100,,1524283,10,,,0,100,,1524278,10,,,0,100,,1524284,10,,,0,100,,1524277,10,,,0,100,,1524285,10,,,0,102,,1524272,10,,,0,68,,1524289,6,,,0,2,,1524275,10,,,0,30,,1524271,10,,,0,69,,1524274,10,,,0,29,,1524269,10,,,0,99,,1524286,10,,,0,100,,1524273,10,,,0,100,,1524287,10,,,0,100,,1524270,10,,,0,100,,1524281,10,,,0
8601,'20261009',626,,1524300,10,,,0,30,,1524290,10,,,0,76,,1524291,10,,,0,25,,1524292,10,,,0,70,,1524303,10,,,0,30,,1524306,10,,,0,100,,1524304,10,,,0,100,,1524307,10,,,0,100,,1524302,10,,,0,100,,1524308,10,,,0,100,,1524301,10,,,0,100,,1524309,10,,,0,102,,1524296,10,,,0,68,,1524313,6,,,0,2,,1524299,10,,,0,30,,1524295,10,,,0,69,,1524298,10,,,0,29,,1524293,10,,,0,99,,1524310,10,,,0,100,,1524297,10,,,0,100,,1524311,10,,,0,100,,1524294,10,,,0,100,,1524305,10,,,0
8601,'20261010',757,,1551141,10,,,0,100,,1551149,10,,,0,100,,1551145,10,,,0,100,,1551150,10,,,0,100,,1551142,10,,,0,100,,1551151,10,,,0,100,,1551146,10,,,0,100,,1551152,10,,,0,100,,1551147,10,,,0,100,,1551153,10,,,0,100,,1551143,10,,,0,100,,1551154,10,,,0,100,,1551148,10,,,0,100,,1551155,10,,,0,100,,1551144,10,,,0,100,,1551156,10,,,0
8601,'20261011',757,,1551160,10,,,0,100,,1551165,10,,,0,100,,1551161,10,,,0,100,,1551166,10,,,0,100,,1551157,10,,,0,100,,1551167,10,,,0,100,,1551162,10,,,0,100,,1551168,10,,,0,100,,1551163,10,,,0,100,,1551169,10,,,0,100,,1551158,10,,,0,100,,1551170,10,,,0,100,,1551164,10,,,0,100,,1551171,10,,,0,100,,1551159,10,,,0,100,,1551172,10,,,0
8601,'20261012',757,,1551176,10,,,0,100,,1551181,10,,,0,100,,1551177,10,,,0,100,,1551182,10,,,0,100,,1551173,10,,,0,100,,1551183,10,,,0,100,,1551178,10,,,0,100,,1551184,10,,,0,100,,1551179,10,,,0,100,,1551185,10,,,0,100,,1551174,10,,,0,100,,1551186,10,,,0,100,,1551180,10,,,0,100,,1551187,10,,,0,100,,1551175,10,,,0,100,,1551188,10,,,0
