1102,'20260929',611,,1542223,2,,,1,16,,1542224,2,,,1,11,,1542225,2,,,1,8,,1542226,2,,,1,10,,1542227,2,,,1,51,,1542228,2,,,1,7,,1542222,2,,,1,2,,1542229,2,,,1,11,,1542230,2,,,1,11,,1542231,2,,,1,17,,1542232,2,,,1,54,,1542233,2,,,1,16,,1542234,2,,,1,17,,1542235,2,,,1,71,,1542236,2,,,1,31,,1542237,2,,,1,69,,1542238,2,,,1,30,,1542239,2,,,1,70,,1542240,2,,,1,30,,1542241,2,,,1,71,,1542242,2,,,1,30,,1542243,2,,,1,70,,1542244,2,,,1,30,,1542245,2,,,1,69,,1542246,2,,,1,28,,1542247,2,,,1,14,,1542248,2,,,1,54,,1542249,2,,,1,14,,1542250,2,,,1,15,,1542251,2,,,1,16,,1542252,2,,,1,53,,1542253,2,,,1,17,,1542254,2,,,1,15,,1542255,2,,,1,71,,1542256,2,,,1,31,,1542257,2,,,1,71,,1542258,2,,,1,30,,1542259,2,,,1,69,,1542260,2,,,1,29,,1542261,2,,,1,100,,1542262,2,,,1,99,,1542263,2,,,1,100,,1542264,2,,,1,100,,1542265,2,,,1
1102,'20260930',611,,1542267,2,,,1,16,,1542268,2,,,1,11,,1542269,2,,,1,8,,1542270,2,,,1,10,,1542271,2,,,1,51,,1542272,2,,,1,7,,1542266,2,,,1,2,,1542273,2,,,1,11,,1542274,2,,,1,11,,1542275,2,,,1,17,,1542276,2,,,1,54,,1542277,2,,,1,16,,1542278,2,,,1,17,,1542279,2,,,1,71,,1542280,2,,,1,31,,1542281,2,,,1,69,,1542282,2,,,1,30,,1542283,2,,,1,70,,1542284,2,,,1,30,,1542285,2,,,1,71,,1542286,2,,,1,30,,1542287,2,,,1,70,,1542288,2,,,1,30,,1542289,2,,,1,69,,1542290,2,,,1,28,,1542291,2,,,1,14,,1542292,2,,,1,54,,1542293,2,,,1,14,,1542294,2,,,1,15,,1542295,2,,,1,16,,1542296,2,,,1,53,,1542297,2,,,1,17,,1542298,2,,,1,15,,1542299,2,,,1,71,,1542300,2,,,1,31,,1542301,2,,,1,71,,1542302,2,,,1,30,,1542303,2,,,1,69,,1542304,2,,,1,29,,1542305,2,,,1,100,,1542306,2,,,1,99,,1542307,2,,,1,100,,1542308,2,,,1,100,,1542309,2,,,1
1102,'20261001',611,,1542311,2,,,1,16,,1542312,2,,,1,11,,1542313,2,,,1,8,,1542314,2,,,1,10,,1542315,2,,,1,51,,1542316,2,,,1,7,,1542310,2,,,1,2,,1542317,2,,,1,11,,1542318,2,,,1,11,,1542319,2,,,1,17,,1542320,2,,,1,54,,1542321,2,,,1,16,,1542322,2,,,1,17,,1542323,2,,,1,71,,1542324,2,,,1,31,,1542325,2,,,1,69,,1542326,2,,,1,30,,1542327,2,,,1,70,,1542328,2,,,1,30,,1542329,2,,,1,71,,1542330,2,,,1,30,,1542331,2,,,1,70,,1542332,2,,,1,30,,1542333,2,,,1,69,,1542334,2,,,1,28,,1542335,2,,,1,14,,1542336,2,,,1,54,,1542337,2,,,1,14,,1542338,2,,,1,15,,1542339,2,,,1,16,,1542340,2,,,1,53,,1542341,2,,,1,17,,1542342,2,,,1,15,,1542343,2,,,1,71,,1542344,2,,,1,31,,1542345,2,,,1,71,,1542346,2,,,1,30,,1542347,2,,,1,69,,1542348,2,,,1,29,,1542349,2,,,1,100,,1542350,2,,,1,99,,1542351,2,,,1,100,,1542352,2,,,1,100,,1542353,2,,,1
1102,'20261002',611,,1464771,2,,,1,16,,1464775,2,,,1,11,,1464780,2,,,1,8,,1464773,2,,,1,10,,1464769,2,,,1,51,,1464772,2,,,1,9,,1464767,2,,,1,11,,1464766,2,,,1,11,,1464768,2,,,1,17,,1464770,2,,,1,54,,1464781,2,,,1,16,,1464774,2,,,1,17,,1464776,2,,,1,71,,1464778,2,,,1,31,,1464777,2,,,1,69,,1464779,2,,,1,30,,1464801,2,,,1,70,,1464786,2,,,1,30,,1464798,2,,,1,71,,1464803,2,,,1,30,,1464785,2,,,1,70,,1464789,2,,,1,30,,1464799,2,,,1,69,,1464800,2,,,1,28,,1464792,2,,,1,14,,1464802,2,,,1,54,,1464795,2,,,1,14,,1464782,2,,,1,15,,1464804,2,,,1,16,,1464783,2,,,1,53,,1464787,2,,,1,17,,1464805,2,,,1,15,,1464784,2,,,1,71,,1464793,2,,,1,31,,1464797,2,,,1,71,,1464788,2,,,1,30,,1464807,2,,,1,69,,1464796,2,,,1,29,,1464790,2,,,1,100,,1464794,2,,,1,99,,1464806,2,,,1,100,,1464791,2,,,1,100,,1464808,2,,,1
1102,'20261003',542,,1487766,2,,,1,100,,1487767,2,,,1,100,,1487768,2,,,1,70,,1487769,2,,,1,30,,1487770,2,,,1,71,,1487771,2,,,1,30,,1487772,2,,,1,70,,1487773,2,,,1,30,,1487774,2,,,1,70,,1487775,2,,,1,30,,1487776,2,,,1,70,,1487777,2,,,1,28,,1487778,2,,,1,72,,1487779,2,,,1,28,,1487780,2,,,1,70,,1487781,2,,,1,29,,1487782,2,,,1,74,,1487783,2,,,1,27,,1487784,2,,,1,72,,1487785,2,,,1,30,,1487786,2,,,1,71,,1487787,2,,,1,30,,1487788,2,,,1,70,,1487794,2,,,1,30,,1487789,2,,,1,70,,1487793,2,,,1,29,,1487790,2,,,1,99,,1487791,2,,,1,101,,1487792,2,,,1,100,,1487765,2,,,1,100,,1487795,2,,,1
1102,'20261004',542,,1487797,2,,,1,100,,1487798,2,,,1,100,,1487799,2,,,1,70,,1487800,2,,,1,30,,1487801,2,,,1,71,,1487802,2,,,1,30,,1487803,2,,,1,70,,1487804,2,,,1,30,,1487805,2,,,1,70,,1487806,2,,,1,30,,1487807,2,,,1,70,,1487808,2,,,1,28,,1487809,2,,,1,72,,1487810,2,,,1,28,,1487811,2,,,1,70,,1487812,2,,,1,29,,1487813,2,,,1,74,,1487814,2,,,1,27,,1487815,2,,,1,72,,1487816,2,,,1,30,,1487817,2,,,1,71,,1487818,2,,,1,30,,1487819,2,,,1,70,,1487820,2,,,1,30,,1487822,2,,,1,70,,1487821,2,,,1,29,,1487823,2,,,1,99,,1487824,2,,,1,101,,1487825,2,,,1,100,,1487826,2,,,1,100,,1487796,2,,,1
1102,'20261005',611,,1487832,2,,,1,16,,1487836,2,,,1,11,,1487841,2,,,1,8,,1487834,2,,,1,10,,1487830,2,,,1,51,,1487833,2,,,1,9,,1487828,2,,,1,11,,1487827,2,,,1,11,,1487829,2,,,1,17,,1487831,2,,,1,54,,1487842,2,,,1,16,,1487835,2,,,1,17,,1487837,2,,,1,71,,1487839,2,,,1,31,,1487838,2,,,1,69,,1487840,2,,,1,30,,1487862,2,,,1,70,,1487847,2,,,1,30,,1487859,2,,,1,71,,1487864,2,,,1,30,,1487846,2,,,1,70,,1487850,2,,,1,30,,1487860,2,,,1,69,,1487861,2,,,1,28,,1487853,2,,,1,14,,1487863,2,,,1,54,,1487856,2,,,1,14,,1487843,2,,,1,15,,1487865,2,,,1,16,,1487844,2,,,1,53,,1487848,2,,,1,17,,1487866,2,,,1,15,,1487845,2,,,1,71,,1487854,2,,,1,31,,1487858,2,,,1,71,,1487849,2,,,1,30,,1487868,2,,,1,69,,1487857,2,,,1,29,,1487851,2,,,1,100,,1487855,2,,,1,99,,1487867,2,,,1,100,,1487852,2,,,1,100,,1487869,2,,,1
1102,'20261006',611,,1511504,2,,,1,16,,1511508,2,,,1,11,,1511513,2,,,1,8,,1511506,2,,,1,10,,1511502,2,,,1,51,,1511505,2,,,1,9,,1511500,2,,,1,11,,1511499,2,,,1,11,,1511501,2,,,1,17,,1511503,2,,,1,54,,1511514,2,,,1,16,,1511507,2,,,1,17,,1511509,2,,,1,71,,1511511,2,,,1,31,,1511510,2,,,1,69,,1511512,2,,,1,30,,1511534,2,,,1,70,,1511519,2,,,1,30,,1511531,2,,,1,71,,1511536,2,,,1,30,,1511518,2,,,1,70,,1511522,2,,,1,30,,1511532,2,,,1,69,,1511533,2,,,1,28,,1511525,2,,,1,14,,1511535,2,,,1,54,,1511528,2,,,1,14,,1511515,2,,,1,15,,1511537,2,,,1,16,,1511516,2,,,1,53,,1511520,2,,,1,17,,1511538,2,,,1,15,,1511517,2,,,1,71,,1511526,2,,,1,31,,1511530,2,,,1,71,,1511521,2,,,1,30,,1511540,2,,,1,69,,1511529,2,,,1,29,,1511523,2,,,1,100,,1511527,2,,,1,99,,1511539,2,,,1,100,,1511524,2,,,1,100,,1511541,2,,,1
1102,'20261007',611,,1511547,2,,,1,16,,1511551,2,,,1,11,,1511556,2,,,1,8,,1511549,2,,,1,10,,1511545,2,,,1,51,,1511548,2,,,1,9,,1511543,2,,,1,11,,1511542,2,,,1,11,,1511544,2,,,1,17,,1511546,2,,,1,54,,1511557,2,,,1,16,,1511550,2,,,1,17,,1511552,2,,,1,71,,1511554,2,,,1,31,,1511553,2,,,1,69,,1511555,2,,,1,30,,1511577,2,,,1,70,,1511562,2,,,1,30,,1511574,2,,,1,71,,1511579,2,,,1,30,,1511561,2,,,1,70,,1511565,2,,,1,30,,1511575,2,,,1,69,,1511576,2,,,1,28,,1511568,2,,,1,14,,1511578,2,,,1,54,,1511571,2,,,1,14,,1511558,2,,,1,15,,1511580,2,,,1,16,,1511559,2,,,1,53,,1511563,2,,,1,17,,1511581,2,,,1,15,,1511560,2,,,1,71,,1511569,2,,,1,31,,1511573,2,,,1,71,,1511564,2,,,1,30,,1511583,2,,,1,69,,1511572,2,,,1,29,,1511566,2,,,1,100,,1511570,2,,,1,99,,1511582,2,,,1,100,,1511567,2,,,1,100,,1511584,2,,,1
1102,'20261008',611,,1511590,2,,,1,16,,1511594,2,,,1,11,,1511599,2,,,1,8,,1511592,2,,,1,10,,1511588,2,,,1,51,,1511591,2,,,1,9,,1511586,2,,,1,11,,1511585,2,,,1,11,,1511587,2,,,1,17,,1511589,2,,,1,54,,1511600,2,,,1,16,,1511593,2,,,1,17,,1511595,2,,,1,71,,1511597,2,,,1,31,,1511596,2,,,1,69,,1511598,2,,,1,30,,1511620,2,,,1,70,,1511605,2,,,1,30,,1511617,2,,,1,71,,1511622,2,,,1,30,,1511604,2,,,1,70,,1511608,2,,,1,30,,1511618,2,,,1,69,,1511619,2,,,1,28,,1511611,2,,,1,14,,1511621,2,,,1,54,,1511614,2,,,1,14,,1511601,2,,,1,15,,1511623,2,,,1,16,,1511602,2,,,1,53,,1511606,2,,,1,17,,1511624,2,,,1,15,,1511603,2,,,1,71,,1511612,2,,,1,31,,1511616,2,,,1,71,,1511607,2,,,1,30,,1511626,2,,,1,69,,1511615,2,,,1,29,,1511609,2,,,1,100,,1511613,2,,,1,99,,1511625,2,,,1,100,,1511610,2,,,1,100,,1511627,2,,,1
1102,'20261009',611,,1511633,2,,,1,16,,1511637,2,,,1,11,,1511642,2,,,1,8,,1511635,2,,,1,10,,1511631,2,,,1,51,,1511634,2,,,1,9,,1511629,2,,,1,11,,1511628,2,,,1,11,,1511630,2,,,1,17,,1511632,2,,,1,54,,1511643,2,,,1,16,,1511636,2,,,1,17,,1511638,2,,,1,71,,1511640,2,,,1,31,,1511639,2,,,1,69,,1511641,2,,,1,30,,1511663,2,,,1,70,,1511648,2,,,1,30,,1511660,2,,,1,71,,1511665,2,,,1,30,,1511647,2,,,1,70,,1511651,2,,,1,30,,1511661,2,,,1,69,,1511662,2,,,1,28,,1511654,2,,,1,14,,1511664,2,,,1,54,,1511657,2,,,1,14,,1511644,2,,,1,15,,1511666,2,,,1,16,,1511645,2,,,1,53,,1511649,2,,,1,17,,1511667,2,,,1,15,,1511646,2,,,1,71,,1511655,2,,,1,31,,1511659,2,,,1,71,,1511650,2,,,1,30,,1511669,2,,,1,69,,1511658,2,,,1,29,,1511652,2,,,1,100,,1511656,2,,,1,99,,1511668,2,,,1,100,,1511653,2,,,1,100,,1511670,2,,,1
1102,'20261010',542,,1542355,2,,,1,100,,1542356,2,,,1,100,,1542357,2,,,1,70,,1542358,2,,,1,30,,1542359,2,,,1,71,,1542360,2,,,1,30,,1542361,2,,,1,70,,1542362,2,,,1,30,,1542363,2,,,1,70,,1542364,2,,,1,30,,1542365,2,,,1,70,,1542366,2,,,1,28,,1542367,2,,,1,72,,1542368,2,,,1,28,,1542369,2,,,1,70,,1542370,2,,,1,29,,1542371,2,,,1,74,,1542372,2,,,1,27,,1542373,2,,,1,72,,1542374,2,,,1,30,,1542375,2,,,1,71,,1542376,2,,,1,30,,1542377,2,,,1,70,,1542383,2,,,1,30,,1542378,2,,,1,70,,1542382,2,,,1,29,,1542379,2,,,1,99,,1542380,2,,,1,101,,1542381,2,,,1,100,,1542354,2,,,1,100,,1542384,2,,,1
1102,'20261011',542,,1542386,2,,,1,100,,1542387,2,,,1,100,,1542388,2,,,1,70,,1542389,2,,,1,30,,1542390,2,,,1,71,,1542391,2,,,1,30,,1542392,2,,,1,70,,1542393,2,,,1,30,,1542394,2,,,1,70,,1542395,2,,,1,30,,1542396,2,,,1,70,,1542397,2,,,1,28,,1542398,2,,,1,72,,1542399,2,,,1,28,,1542400,2,,,1,70,,1542401,2,,,1,29,,1542402,2,,,1,74,,1542403,2,,,1,27,,1542404,2,,,1,72,,1542405,2,,,1,30,,1542406,2,,,1,71,,1542407,2,,,1,30,,1542408,2,,,1,70,,1542409,2,,,1,30,,1542411,2,,,1,70,,1542410,2,,,1,29,,1542412,2,,,1,99,,1542413,2,,,1,101,,1542414,2,,,1,100,,1542415,2,,,1,100,,1542385,2,,,1
1102,'20261012',542,,1542417,2,,,1,100,,1542418,2,,,1,100,,1542419,2,,,1,70,,1542420,2,,,1,30,,1542421,2,,,1,71,,1542422,2,,,1,30,,1542423,2,,,1,70,,1542424,2,,,1,30,,1542425,2,,,1,70,,1542426,2,,,1,30,,1542427,2,,,1,70,,1542428,2,,,1,28,,1542429,2,,,1,72,,1542430,2,,,1,28,,1542431,2,,,1,70,,1542432,2,,,1,29,,1542433,2,,,1,74,,1542434,2,,,1,27,,1542435,2,,,1,72,,1542436,2,,,1,30,,1542437,2,,,1,71,,1542438,2,,,1,30,,1542439,2,,,1,70,,1542440,2,,,1,30,,1542442,2,,,1,70,,1542441,2,,,1,29,,1542443,2,,,1,99,,1542444,2,,,1,101,,1542445,2,,,1,100,,1542446,2,,,1,100,,1542416,2,,,1
9003,'20260929',1540,,1551273,4,,,0,70,,1551274,4,,,0,29,,1551275,4,,,0,2,,1551276,4,,,0,69,,1551277,4,,,0,30,,1551278,4,,,0
9003,'20260930',1540,,1551279,4,,,0,70,,1551280,4,,,0,29,,1551281,4,,,0,2,,1551282,4,,,0,69,,1551283,4,,,0,30,,1551284,4,,,0
9003,'20261001',1540,,1551285,4,,,0,70,,1551286,4,,,0,29,,1551287,4,,,0,2,,1551288,4,,,0,69,,1551289,4,,,0,30,,1551290,4,,,0
9003,'20261002',1540,,1474165,4,,,0,70,,1474166,4,,,0,29,,1474170,4,,,0,2,,1474167,4,,,0,69,,1474168,4,,,0,30,,1474169,4,,,0
9003,'20261005',1540,,1497201,4,,,0,70,,1497202,4,,,0,29,,1497206,4,,,0,2,,1497203,4,,,0,69,,1497204,4,,,0,30,,1497205,4,,,0
9003,'20261006',1540,,1524494,4,,,0,70,,1524495,4,,,0,29,,1524499,4,,,0,2,,1524496,4,,,0,69,,1524497,4,,,0,30,,1524498,4,,,0
9003,'20261007',1540,,1524500,4,,,0,70,,1524501,4,,,0,29,,1524505,4,,,0,2,,1524502,4,,,0,69,,1524503,4,,,0,30,,1524504,4,,,0
9003,'20261008',1540,,1524506,4,,,0,70,,1524507,4,,,0,29,,1524511,4,,,0,2,,1524508,4,,,0,69,,1524509,4,,,0,30,,1524510,4,,,0
9003,'20261009',1540,,1524512,4,,,0,70,,1524513,4,,,0,29,,1524517,4,,,0,2,,1524514,4,,,0,69,,1524515,4,,,0,30,,1524516,4,,,0
9600,'20260929',632,,1552346,4,,,0,100,,1552347,4,,,0,102,,1552348,4,,,0,100,,1552349,4,,,0,100,,1552350,4,,,0,99,,1552351,4,,,0,100,,1552352,4,,,0,100,,1552353,4,,,0,99,,1552354,4,,,0,98,,1552355,4,,,0,27,,1552356,4,,,0,79,,1552357,4,,,0,66,,1552358,4,,,0,31,,1552359,4,,,0,100,,1552360,4,,,0,100,,1552361,4,,,0,100,,1552362,4,,,0,101,,1552363,4,,,0,100,,1552364,4,,,0
9600,'20260930',632,,1552365,4,,,0,100,,1552366,4,,,0,102,,1552367,4,,,0,100,,1552368,4,,,0,100,,1552369,4,,,0,99,,1552370,4,,,0,100,,1552371,4,,,0,100,,1552372,4,,,0,99,,1552373,4,,,0,98,,1552374,4,,,0,27,,1552375,4,,,0,79,,1552376,4,,,0,66,,1552377,4,,,0,31,,1552378,4,,,0,100,,1552379,4,,,0,100,,1552380,4,,,0,100,,1552381,4,,,0,101,,1552382,4,,,0,100,,1552383,4,,,0
9600,'20261001',632,,1552384,4,,,0,100,,1552385,4,,,0,102,,1552386,4,,,0,100,,1552387,4,,,0,100,,1552388,4,,,0,99,,1552389,4,,,0,100,,1552390,4,,,0,100,,1552391,4,,,0,99,,1552392,4,,,0,98,,1552393,4,,,0,27,,1552394,4,,,0,79,,1552395,4,,,0,66,,1552396,4,,,0,31,,1552397,4,,,0,100,,1552398,4,,,0,100,,1552399,4,,,0,100,,1552400,4,,,0,101,,1552401,4,,,0,100,,1552402,4,,,0
9600,'20261002',632,,1475341,4,,,0,100,,1475342,4,,,0,102,,1475343,4,,,0,100,,1475344,4,,,0,100,,1475345,4,,,0,99,,1475346,4,,,0,100,,1475347,4,,,0,100,,1475348,4,,,0,99,,1475349,4,,,0,98,,1475350,4,,,0,27,,1475351,4,,,0,79,,1475352,4,,,0,66,,1475353,4,,,0,31,,1475359,4,,,0,100,,1475354,4,,,0,100,,1475355,4,,,0,100,,1475356,4,,,0,101,,1475357,4,,,0,100,,1475358,4,,,0
9600,'20261003',701,,1498361,4,,,0,100,,1498346,4,,,0,100,,1498347,4,,,0,99,,1498348,4,,,0,100,,1498349,4,,,0,56,,1498350,4,,,0,100,,1498351,4,,,0,148,,1498352,4,,,0,96,,1498353,4,,,0,56,,1498354,4,,,0,150,,1498355,4,,,0,95,,1498356,4,,,0,100,,1498357,4,,,0,100,,1498358,4,,,0,100,,1498359,4,,,0,100,,1498360,4,,,0
9600,'20261004',701,,1498362,4,,,0,100,,1498363,4,,,0,100,,1498364,4,,,0,99,,1498365,4,,,0,100,,1498366,4,,,0,56,,1498367,4,,,0,100,,1498368,4,,,0,148,,1498369,4,,,0,96,,1498370,4,,,0,56,,1498371,4,,,0,150,,1498372,4,,,0,95,,1498373,4,,,0,100,,1498374,4,,,0,100,,1498375,4,,,0,100,,1498376,4,,,0,100,,1498377,4,,,0
9600,'20261005',632,,1498378,4,,,0,100,,1498379,4,,,0,102,,1498380,4,,,0,100,,1498381,4,,,0,100,,1498382,4,,,0,99,,1498383,4,,,0,100,,1498384,4,,,0,100,,1498385,4,,,0,99,,1498386,4,,,0,98,,1498387,4,,,0,27,,1498388,4,,,0,79,,1498389,4,,,0,66,,1498390,4,,,0,31,,1498396,4,,,0,100,,1498391,4,,,0,100,,1498392,4,,,0,100,,1498393,4,,,0,101,,1498394,4,,,0,100,,1498395,4,,,0
9600,'20261006',632,,1526049,4,,,0,100,,1526050,4,,,0,102,,1526051,4,,,0,100,,1526052,4,,,0,100,,1526053,4,,,0,99,,1526054,4,,,0,100,,1526055,4,,,0,100,,1526056,4,,,0,99,,1526057,4,,,0,98,,1526058,4,,,0,27,,1526059,4,,,0,79,,1526060,4,,,0,66,,1526061,4,,,0,31,,1526067,4,,,0,100,,1526062,4,,,0,100,,1526063,4,,,0,100,,1526064,4,,,0,101,,1526065,4,,,0,100,,1526066,4,,,0
9600,'20261007',632,,1526068,4,,,0,100,,1526069,4,,,0,102,,1526070,4,,,0,100,,1526071,4,,,0,100,,1526072,4,,,0,99,,1526073,4,,,0,100,,1526074,4,,,0,100,,1526075,4,,,0,99,,1526076,4,,,0,98,,1526077,4,,,0,27,,1526078,4,,,0,79,,1526079,4,,,0,66,,1526080,4,,,0,31,,1526086,4,,,0,100,,1526081,4,,,0,100,,1526082,4,,,0,100,,1526083,4,,,0,101,,1526084,4,,,0,100,,1526085,4,,,0
9600,'20261008',632,,1526087,4,,,0,100,,1526088,4,,,0,102,,1526089,4,,,0,100,,1526090,4,,,0,100,,1526091,4,,,0,99,,1526092,4,,,0,100,,1526093,4,,,0,100,,1526094,4,,,0,99,,1526095,4,,,0,98,,1526096,4,,,0,27,,1526097,4,,,0,79,,1526098,4,,,0,66,,1526099,4,,,0,31,,1526105,4,,,0,100,,1526100,4,,,0,100,,1526101,4,,,0,100,,1526102,4,,,0,101,,1526103,4,,,0,100,,1526104,4,,,0
9600,'20261009',632,,1526106,4,,,0,100,,1526107,4,,,0,102,,1526108,4,,,0,100,,1526109,4,,,0,100,,1526110,4,,,0,99,,1526111,4,,,0,100,,1526112,4,,,0,100,,1526113,4,,,0,99,,1526114,4,,,0,98,,1526115,4,,,0,27,,1526116,4,,,0,79,,1526117,4,,,0,66,,1526118,4,,,0,31,,1526124,4,,,0,100,,1526119,4,,,0,100,,1526120,4,,,0,100,,1526121,4,,,0,101,,1526122,4,,,0,100,,1526123,4,,,0
9600,'20261010',701,,1552418,4,,,0,100,,1552403,4,,,0,100,,1552404,4,,,0,99,,1552405,4,,,0,100,,1552406,4,,,0,56,,1552407,4,,,0,100,,1552408,4,,,0,148,,1552409,4,,,0,96,,1552410,4,,,0,56,,1552411,4,,,0,150,,1552412,4,,,0,95,,1552413,4,,,0,100,,1552414,4,,,0,100,,1552415,4,,,0,100,,1552416,4,,,0,100,,1552417,4,,,0
9600,'20261011',701,,1552419,4,,,0,100,,1552420,4,,,0,100,,1552421,4,,,0,99,,1552422,4,,,0,100,,1552423,4,,,0,56,,1552424,4,,,0,100,,1552425,4,,,0,148,,1552426,4,,,0,96,,1552427,4,,,0,56,,1552428,4,,,0,150,,1552429,4,,,0,95,,1552430,4,,,0,100,,1552431,4,,,0,100,,1552432,4,,,0,100,,1552433,4,,,0,100,,1552434,4,,,0
9600,'20261012',701,,1552435,4,,,0,100,,1552436,4,,,0,100,,1552437,4,,,0,99,,1552438,4,,,0,100,,1552439,4,,,0,56,,1552440,4,,,0,100,,1552441,4,,,0,148,,1552442,4,,,0,96,,1552443,4,,,0,56,,1552444,4,,,0,150,,1552445,4,,,0,95,,1552446,4,,,0,100,,1552447,4,,,0,100,,1552448,4,,,0,100,,1552449,4,,,0,100,,1552450,4,,,0
80702,'20260929',511,,1560810,2,,,1,15,,1560811,2,,,1,14,,1560812,2,,,1,14,,1560813,2,,,1,54,,1560814,2,,,1,15,,1560815,2,,,1,13,,1560816,2,,,1,6,,1560817,2,,,1,6,,1560818,2,,,1,7,,1560819,2,,,1,48,,1560820,2,,,1,4,,1560821,2,,,1,5,,1560822,2,,,1,3,,1560823,2,,,1,5,,1560824,2,,,1,8,,1560825,2,,,1,4,,1560826,2,,,1,6,,1560827,2,,,1,10,,1560828,2,,,1,11,,1560829,2,,,1,53,,1560830,2,,,1,10,,1560831,2,,,1,12,,1560832,2,,,1,11,,1560833,2,,,1,14,,1560834,2,,,1,54,,1560835,2,,,1,15,,1560836,2,,,1,16,,1560837,2,,,1,15,,1560838,2,,,1,55,,1560839,2,,,1,15,,1560840,2,,,1,14,,1560841,2,,,1,14,,1560842,2,,,1,54,,1560843,2,,,1,13,,1560844,2,,,1,15,,1560845,2,,,1,16,,1560846,2,,,1,52,,1560847,2,,,1,13,,1560848,2,,,1,12,,1560849,2,,,1,12,,1560850,2,,,1,12,,1560851,2,,,1,52,,1560852,2,,,1,12,,1560853,2,,,1,12,,1560854,2,,,1,12,,1560855,2,,,1,11,,1560856,2,,,1,51,,1560857,2,,,1,12,,1560858,2,,,1,13,,1560859,2,,,1,10,,1560860,2,,,1,9,,1560861,2,,,1,9,,1560862,2,,,1,48,,1560863,2,,,1,9,,1560864,2,,,1,9,,1560865,2,,,1,11,,1560866,2,,,1,10,,1560867,2,,,1,11,,1560868,2,,,1,50,,1560869,2,,,1,9,,1560870,2,,,1,9,,1560871,2,,,1,12,,1560872,2,,,1,14,,1560873,2,,,1,52,,1560874,2,,,1,14,,1560875,2,,,1,12,,1560876,2,,,1,13,,1560877,2,,,1,16,,1560878,2,,,1,55,,1560879,2,,,1,16,,1560880,2,,,1,16,,1560881,2,,,1,56,,1560882,2,,,1,17,,1560883,2,,,1,16,,1560884,2,,,1,15,,1560885,2,,,1,56,,1560886,2,,,1,15,,1560887,2,,,1,15,,1560888,2,,,1,15,,1560889,2,,,1,54,,1560890,2,,,1,15,,1560891,2,,,1,15,,1560892,2,,,1,15,,1560893,2,,,1,55,,1560894,2,,,1,16,,1560895,2,,,1,15,,1560896,2,,,1,15,,1560897,2,,,1,55,,1560898,2,,,1,17,,1560899,2,,,1,16,,1560900,2,,,1,16,,1560901,2,,,1,55,,1560902,2,,,1,15,,1560903,2,,,1,15,,1560904,2,,,1,15,,1560905,2,,,1
80702,'20260930',511,,1560906,2,,,1,15,,1560907,2,,,1,14,,1560908,2,,,1,14,,1560909,2,,,1,54,,1560910,2,,,1,15,,1560911,2,,,1,13,,1560912,2,,,1,6,,1560913,2,,,1,6,,1560914,2,,,1,7,,1560915,2,,,1,48,,1560916,2,,,1,4,,1560917,2,,,1,5,,1560918,2,,,1,3,,1560919,2,,,1,5,,1560920,2,,,1,8,,1560921,2,,,1,4,,1560922,2,,,1,6,,1560923,2,,,1,10,,1560924,2,,,1,11,,1560925,2,,,1,53,,1560926,2,,,1,10,,1560927,2,,,1,12,,1560928,2,,,1,11,,1560929,2,,,1,14,,1560930,2,,,1,54,,1560931,2,,,1,15,,1560932,2,,,1,16,,1560933,2,,,1,15,,1560934,2,,,1,55,,1560935,2,,,1,15,,1560936,2,,,1,14,,1560937,2,,,1,14,,1560938,2,,,1,54,,1560939,2,,,1,13,,1560940,2,,,1,15,,1560941,2,,,1,16,,1560942,2,,,1,52,,1560943,2,,,1,13,,1560944,2,,,1,12,,1560945,2,,,1,12,,1560946,2,,,1,12,,1560947,2,,,1,52,,1560948,2,,,1,12,,1560949,2,,,1,12,,1560950,2,,,1,12,,1560951,2,,,1,11,,1560952,2,,,1,51,,1560953,2,,,1,12,,1560954,2,,,1,13,,1560955,2,,,1,10,,1560956,2,,,1,9,,1560957,2,,,1,9,,1560958,2,,,1,48,,1560959,2,,,1,9,,1560960,2,,,1,9,,1560961,2,,,1,11,,1560962,2,,,1,10,,1560963,2,,,1,11,,1560964,2,,,1,50,,1560965,2,,,1,9,,1560966,2,,,1,9,,1560967,2,,,1,12,,1560968,2,,,1,14,,1560969,2,,,1,52,,1560970,2,,,1,14,,1560971,2,,,1,12,,1560972,2,,,1,13,,1560973,2,,,1,16,,1560974,2,,,1,55,,1560975,2,,,1,16,,1560976,2,,,1,16,,1560977,2,,,1,56,,1560978,2,,,1,17,,1560979,2,,,1,16,,1560980,2,,,1,15,,1560981,2,,,1,56,,1560982,2,,,1,15,,1560983,2,,,1,15,,1560984,2,,,1,15,,1560985,2,,,1,54,,1560986,2,,,1,15,,1560987,2,,,1,15,,1560988,2,,,1,15,,1560989,2,,,1,55,,1560990,2,,,1,16,,1560991,2,,,1,15,,1560992,2,,,1,15,,1560993,2,,,1,55,,1560994,2,,,1,17,,1560995,2,,,1,16,,1560996,2,,,1,16,,1560997,2,,,1,55,,1560998,2,,,1,15,,1560999,2,,,1,15,,1561000,2,,,1,15,,1561001,2,,,1
80702,'20261001',511,,1561002,2,,,1,15,,1561003,2,,,1,14,,1561004,2,,,1,14,,1561005,2,,,1,54,,1561006,2,,,1,15,,1561007,2,,,1,13,,1561008,2,,,1,6,,1561009,2,,,1,6,,1561010,2,,,1,7,,1561011,2,,,1,48,,1561012,2,,,1,4,,1561013,2,,,1,5,,1561014,2,,,1,3,,1561015,2,,,1,5,,1561016,2,,,1,8,,1561017,2,,,1,4,,1561018,2,,,1,6,,1561019,2,,,1,10,,1561020,2,,,1,11,,1561021,2,,,1,53,,1561022,2,,,1,10,,1561023,2,,,1,12,,1561024,2,,,1,11,,1561025,2,,,1,14,,1561026,2,,,1,54,,1561027,2,,,1,15,,1561028,2,,,1,16,,1561029,2,,,1,15,,1561030,2,,,1,55,,1561031,2,,,1,15,,1561032,2,,,1,14,,1561033,2,,,1,14,,1561034,2,,,1,54,,1561035,2,,,1,13,,1561036,2,,,1,15,,1561037,2,,,1,16,,1561038,2,,,1,52,,1561039,2,,,1,13,,1561040,2,,,1,12,,1561041,2,,,1,12,,1561042,2,,,1,12,,1561043,2,,,1,52,,1561044,2,,,1,12,,1561045,2,,,1,12,,1561046,2,,,1,12,,1561047,2,,,1,11,,1561048,2,,,1,51,,1561049,2,,,1,12,,1561050,2,,,1,13,,1561051,2,,,1,10,,1561052,2,,,1,9,,1561053,2,,,1,9,,1561054,2,,,1,48,,1561055,2,,,1,9,,1561056,2,,,1,9,,1561057,2,,,1,11,,1561058,2,,,1,10,,1561059,2,,,1,11,,1561060,2,,,1,50,,1561061,2,,,1,9,,1561062,2,,,1,9,,1561063,2,,,1,12,,1561064,2,,,1,14,,1561065,2,,,1,52,,1561066,2,,,1,14,,1561067,2,,,1,12,,1561068,2,,,1,13,,1561069,2,,,1,16,,1561070,2,,,1,55,,1561071,2,,,1,16,,1561072,2,,,1,16,,1561073,2,,,1,56,,1561074,2,,,1,17,,1561075,2,,,1,16,,1561076,2,,,1,15,,1561077,2,,,1,56,,1561078,2,,,1,15,,1561079,2,,,1,15,,1561080,2,,,1,15,,1561081,2,,,1,54,,1561082,2,,,1,15,,1561083,2,,,1,15,,1561084,2,,,1,15,,1561085,2,,,1,55,,1561086,2,,,1,16,,1561087,2,,,1,15,,1561088,2,,,1,15,,1561089,2,,,1,55,,1561090,2,,,1,17,,1561091,2,,,1,16,,1561092,2,,,1,16,,1561093,2,,,1,55,,1561094,2,,,1,15,,1561095,2,,,1,15,,1561096,2,,,1,15,,1561097,2,,,1
80702,'20261002',511,,1485036,2,,,1,15,,1484996,2,,,1,14,,1484997,2,,,1,14,,1484998,2,,,1,54,,1484999,2,,,1,15,,1485000,2,,,1,13,,1485001,2,,,1,6,,1484945,2,,,1,6,,1485027,2,,,1,7,,1485028,2,,,1,48,,1485034,2,,,1,4,,1485037,2,,,1,5,,1485029,2,,,1,3,,1485038,2,,,1,5,,1485030,2,,,1,8,,1485031,2,,,1,4,,1485039,2,,,1,6,,1485032,2,,,1,10,,1485033,2,,,1,11,,1485026,2,,,1,53,,1484946,2,,,1,10,,1484947,2,,,1,12,,1484948,2,,,1,11,,1484949,2,,,1,14,,1484950,2,,,1,54,,1484951,2,,,1,15,,1484952,2,,,1,16,,1484953,2,,,1,15,,1484954,2,,,1,55,,1484955,2,,,1,15,,1484956,2,,,1,14,,1484957,2,,,1,14,,1484958,2,,,1,54,,1484959,2,,,1,13,,1484960,2,,,1,15,,1484961,2,,,1,16,,1484962,2,,,1,52,,1484963,2,,,1,13,,1484964,2,,,1,12,,1484965,2,,,1,12,,1484966,2,,,1,12,,1484967,2,,,1,52,,1484968,2,,,1,12,,1484969,2,,,1,12,,1484970,2,,,1,12,,1484971,2,,,1,11,,1484972,2,,,1,51,,1484973,2,,,1,12,,1484974,2,,,1,13,,1484975,2,,,1,10,,1484976,2,,,1,9,,1484977,2,,,1,9,,1484978,2,,,1,48,,1484979,2,,,1,9,,1484980,2,,,1,9,,1484981,2,,,1,11,,1484982,2,,,1,10,,1484983,2,,,1,11,,1484984,2,,,1,50,,1484985,2,,,1,9,,1484986,2,,,1,9,,1484987,2,,,1,12,,1484988,2,,,1,14,,1484989,2,,,1,52,,1484990,2,,,1,14,,1484991,2,,,1,12,,1484992,2,,,1,13,,1484993,2,,,1,16,,1484994,2,,,1,55,,1484995,2,,,1,16,,1485002,2,,,1,16,,1485003,2,,,1,56,,1485004,2,,,1,17,,1485005,2,,,1,16,,1485006,2,,,1,15,,1485007,2,,,1,56,,1485008,2,,,1,15,,1485009,2,,,1,15,,1485010,2,,,1,15,,1485011,2,,,1,54,,1485012,2,,,1,15,,1485013,2,,,1,15,,1485014,2,,,1,15,,1485015,2,,,1,55,,1485016,2,,,1,16,,1485017,2,,,1,15,,1485018,2,,,1,15,,1485019,2,,,1,55,,1485020,2,,,1,17,,1485021,2,,,1,16,,1485022,2,,,1,16,,1485023,2,,,1,55,,1485024,2,,,1,15,,1485025,2,,,1,15,,1484944,2,,,1,15,,1485035,2,,,1
80702,'20261003',532,,1507762,2,,,1,15,,1507763,2,,,1,54,,1507764,2,,,1,15,,1507838,2,,,1,14,,1507765,2,,,1,15,,1507766,2,,,1,55,,1507839,2,,,1,15,,1507767,2,,,1,15,,1507768,2,,,1,14,,1507769,2,,,1,14,,1507770,2,,,1,54,,1507771,2,,,1,14,,1507772,2,,,1,15,,1507773,2,,,1,15,,1507774,2,,,1,53,,1507775,2,,,1,14,,1507776,2,,,1,15,,1507777,2,,,1,14,,1507778,2,,,1,55,,1507779,2,,,1,15,,1507780,2,,,1,15,,1507781,2,,,1,15,,1507782,2,,,1,55,,1507783,2,,,1,14,,1507784,2,,,1,15,,1507785,2,,,1,16,,1507786,2,,,1,54,,1507787,2,,,1,14,,1507788,2,,,1,15,,1507789,2,,,1,15,,1507790,2,,,1,54,,1507791,2,,,1,15,,1507792,2,,,1,15,,1507793,2,,,1,15,,1507794,2,,,1,55,,1507795,2,,,1,14,,1507796,2,,,1,15,,1507797,2,,,1,15,,1507798,2,,,1,55,,1507799,2,,,1,15,,1507800,2,,,1,15,,1507801,2,,,1,15,,1507802,2,,,1,55,,1507803,2,,,1,15,,1507804,2,,,1,16,,1507805,2,,,1,16,,1507806,2,,,1,55,,1507807,2,,,1,15,,1507808,2,,,1,15,,1507809,2,,,1,16,,1507810,2,,,1,56,,1507811,2,,,1,16,,1507812,2,,,1,15,,1507813,2,,,1,15,,1507814,2,,,1,56,,1507815,2,,,1,15,,1507816,2,,,1,17,,1507817,2,,,1,15,,1507818,2,,,1,56,,1507819,2,,,1,15,,1507820,2,,,1,15,,1507821,2,,,1,15,,1507822,2,,,1,55,,1507823,2,,,1,16,,1507824,2,,,1,15,,1507825,2,,,1,15,,1507826,2,,,1,55,,1507827,2,,,1,15,,1507828,2,,,1,15,,1507829,2,,,1,16,,1507830,2,,,1,57,,1507831,2,,,1,15,,1507832,2,,,1,15,,1507833,2,,,1,56,,1507834,2,,,1,15,,1507835,2,,,1,15,,1507836,2,,,1,15,,1507837,2,,,1
80702,'20261004',532,,1507840,2,,,1,15,,1507841,2,,,1,54,,1507842,2,,,1,15,,1507916,2,,,1,14,,1507843,2,,,1,15,,1507844,2,,,1,55,,1507917,2,,,1,15,,1507845,2,,,1,15,,1507846,2,,,1,14,,1507847,2,,,1,14,,1507848,2,,,1,54,,1507849,2,,,1,14,,1507850,2,,,1,15,,1507851,2,,,1,15,,1507852,2,,,1,53,,1507853,2,,,1,14,,1507854,2,,,1,15,,1507855,2,,,1,14,,1507856,2,,,1,55,,1507857,2,,,1,15,,1507858,2,,,1,15,,1507859,2,,,1,15,,1507860,2,,,1,55,,1507861,2,,,1,14,,1507862,2,,,1,15,,1507863,2,,,1,16,,1507864,2,,,1,54,,1507865,2,,,1,14,,1507866,2,,,1,15,,1507867,2,,,1,15,,1507868,2,,,1,54,,1507869,2,,,1,15,,1507870,2,,,1,15,,1507871,2,,,1,15,,1507872,2,,,1,55,,1507873,2,,,1,14,,1507874,2,,,1,15,,1507875,2,,,1,15,,1507876,2,,,1,55,,1507877,2,,,1,15,,1507878,2,,,1,15,,1507879,2,,,1,15,,1507880,2,,,1,55,,1507881,2,,,1,15,,1507882,2,,,1,16,,1507883,2,,,1,16,,1507884,2,,,1,55,,1507885,2,,,1,15,,1507886,2,,,1,15,,1507887,2,,,1,16,,1507888,2,,,1,56,,1507889,2,,,1,16,,1507890,2,,,1,15,,1507891,2,,,1,15,,1507892,2,,,1,56,,1507893,2,,,1,15,,1507894,2,,,1,17,,1507895,2,,,1,15,,1507896,2,,,1,56,,1507897,2,,,1,15,,1507898,2,,,1,15,,1507899,2,,,1,15,,1507901,2,,,1,55,,1507902,2,,,1,16,,1507903,2,,,1,15,,1507900,2,,,1,15,,1507904,2,,,1,55,,1507905,2,,,1,15,,1507906,2,,,1,15,,1507907,2,,,1,16,,1507908,2,,,1,57,,1507909,2,,,1,15,,1507910,2,,,1,15,,1507911,2,,,1,56,,1507912,2,,,1,15,,1507913,2,,,1,15,,1507914,2,,,1,15,,1507915,2,,,1
80702,'20261005',511,,1508010,2,,,1,15,,1507970,2,,,1,14,,1507971,2,,,1,14,,1507972,2,,,1,54,,1507973,2,,,1,15,,1507974,2,,,1,13,,1507975,2,,,1,6,,1507919,2,,,1,6,,1508001,2,,,1,7,,1508002,2,,,1,48,,1508008,2,,,1,4,,1508011,2,,,1,5,,1508003,2,,,1,3,,1508012,2,,,1,5,,1508004,2,,,1,8,,1508005,2,,,1,4,,1508013,2,,,1,6,,1508006,2,,,1,10,,1508007,2,,,1,11,,1508000,2,,,1,53,,1507920,2,,,1,10,,1507921,2,,,1,12,,1507922,2,,,1,11,,1507923,2,,,1,14,,1507924,2,,,1,54,,1507925,2,,,1,15,,1507926,2,,,1,16,,1507927,2,,,1,15,,1507928,2,,,1,55,,1507929,2,,,1,15,,1507930,2,,,1,14,,1507931,2,,,1,14,,1507932,2,,,1,54,,1507933,2,,,1,13,,1507934,2,,,1,15,,1507935,2,,,1,16,,1507936,2,,,1,52,,1507937,2,,,1,13,,1507938,2,,,1,12,,1507939,2,,,1,12,,1507940,2,,,1,12,,1507941,2,,,1,52,,1507942,2,,,1,12,,1507943,2,,,1,12,,1507944,2,,,1,12,,1507945,2,,,1,11,,1507946,2,,,1,51,,1507947,2,,,1,12,,1507948,2,,,1,13,,1507949,2,,,1,10,,1507950,2,,,1,9,,1507951,2,,,1,9,,1507952,2,,,1,48,,1507953,2,,,1,9,,1507954,2,,,1,9,,1507955,2,,,1,11,,1507956,2,,,1,10,,1507957,2,,,1,11,,1507958,2,,,1,50,,1507959,2,,,1,9,,1507960,2,,,1,9,,1507961,2,,,1,12,,1507962,2,,,1,14,,1507963,2,,,1,52,,1507964,2,,,1,14,,1507965,2,,,1,12,,1507966,2,,,1,13,,1507967,2,,,1,16,,1507968,2,,,1,55,,1507969,2,,,1,16,,1507976,2,,,1,16,,1507977,2,,,1,56,,1507978,2,,,1,17,,1507979,2,,,1,16,,1507980,2,,,1,15,,1507981,2,,,1,56,,1507982,2,,,1,15,,1507983,2,,,1,15,,1507984,2,,,1,15,,1507985,2,,,1,54,,1507986,2,,,1,15,,1507987,2,,,1,15,,1507988,2,,,1,15,,1507989,2,,,1,55,,1507990,2,,,1,16,,1507991,2,,,1,15,,1507992,2,,,1,15,,1507993,2,,,1,55,,1507994,2,,,1,17,,1507995,2,,,1,16,,1507996,2,,,1,16,,1507997,2,,,1,55,,1507998,2,,,1,15,,1507999,2,,,1,15,,1507918,2,,,1,15,,1508009,2,,,1
80702,'20261006',511,,1539176,2,,,1,15,,1539136,2,,,1,14,,1539137,2,,,1,14,,1539138,2,,,1,54,,1539139,2,,,1,15,,1539140,2,,,1,13,,1539141,2,,,1,6,,1539085,2,,,1,6,,1539167,2,,,1,7,,1539168,2,,,1,48,,1539174,2,,,1,4,,1539177,2,,,1,5,,1539169,2,,,1,3,,1539178,2,,,1,5,,1539170,2,,,1,8,,1539171,2,,,1,4,,1539179,2,,,1,6,,1539172,2,,,1,10,,1539173,2,,,1,11,,1539166,2,,,1,53,,1539086,2,,,1,10,,1539087,2,,,1,12,,1539088,2,,,1,11,,1539089,2,,,1,14,,1539090,2,,,1,54,,1539091,2,,,1,15,,1539092,2,,,1,16,,1539093,2,,,1,15,,1539094,2,,,1,55,,1539095,2,,,1,15,,1539096,2,,,1,14,,1539097,2,,,1,14,,1539098,2,,,1,54,,1539099,2,,,1,13,,1539100,2,,,1,15,,1539101,2,,,1,16,,1539102,2,,,1,52,,1539103,2,,,1,13,,1539104,2,,,1,12,,1539105,2,,,1,12,,1539106,2,,,1,12,,1539107,2,,,1,52,,1539108,2,,,1,12,,1539109,2,,,1,12,,1539110,2,,,1,12,,1539111,2,,,1,11,,1539112,2,,,1,51,,1539113,2,,,1,12,,1539114,2,,,1,13,,1539115,2,,,1,10,,1539116,2,,,1,9,,1539117,2,,,1,9,,1539118,2,,,1,48,,1539119,2,,,1,9,,1539120,2,,,1,9,,1539121,2,,,1,11,,1539122,2,,,1,10,,1539123,2,,,1,11,,1539124,2,,,1,50,,1539125,2,,,1,9,,1539126,2,,,1,9,,1539127,2,,,1,12,,1539128,2,,,1,14,,1539129,2,,,1,52,,1539130,2,,,1,14,,1539131,2,,,1,12,,1539132,2,,,1,13,,1539133,2,,,1,16,,1539134,2,,,1,55,,1539135,2,,,1,16,,1539142,2,,,1,16,,1539143,2,,,1,56,,1539144,2,,,1,17,,1539145,2,,,1,16,,1539146,2,,,1,15,,1539147,2,,,1,56,,1539148,2,,,1,15,,1539149,2,,,1,15,,1539150,2,,,1,15,,1539151,2,,,1,54,,1539152,2,,,1,15,,1539153,2,,,1,15,,1539154,2,,,1,15,,1539155,2,,,1,55,,1539156,2,,,1,16,,1539157,2,,,1,15,,1539158,2,,,1,15,,1539159,2,,,1,55,,1539160,2,,,1,17,,1539161,2,,,1,16,,1539162,2,,,1,16,,1539163,2,,,1,55,,1539164,2,,,1,15,,1539165,2,,,1,15,,1539084,2,,,1,15,,1539175,2,,,1
80702,'20261007',511,,1539272,2,,,1,15,,1539232,2,,,1,14,,1539233,2,,,1,14,,1539234,2,,,1,54,,1539235,2,,,1,15,,1539236,2,,,1,13,,1539237,2,,,1,6,,1539181,2,,,1,6,,1539263,2,,,1,7,,1539264,2,,,1,48,,1539270,2,,,1,4,,1539273,2,,,1,5,,1539265,2,,,1,3,,1539274,2,,,1,5,,1539266,2,,,1,8,,1539267,2,,,1,4,,1539275,2,,,1,6,,1539268,2,,,1,10,,1539269,2,,,1,11,,1539262,2,,,1,53,,1539182,2,,,1,10,,1539183,2,,,1,12,,1539184,2,,,1,11,,1539185,2,,,1,14,,1539186,2,,,1,54,,1539187,2,,,1,15,,1539188,2,,,1,16,,1539189,2,,,1,15,,1539190,2,,,1,55,,1539191,2,,,1,15,,1539192,2,,,1,14,,1539193,2,,,1,14,,1539194,2,,,1,54,,1539195,2,,,1,13,,1539196,2,,,1,15,,1539197,2,,,1,16,,1539198,2,,,1,52,,1539199,2,,,1,13,,1539200,2,,,1,12,,1539201,2,,,1,12,,1539202,2,,,1,12,,1539203,2,,,1,52,,1539204,2,,,1,12,,1539205,2,,,1,12,,1539206,2,,,1,12,,1539207,2,,,1,11,,1539208,2,,,1,51,,1539209,2,,,1,12,,1539210,2,,,1,13,,1539211,2,,,1,10,,1539212,2,,,1,9,,1539213,2,,,1,9,,1539214,2,,,1,48,,1539215,2,,,1,9,,1539216,2,,,1,9,,1539217,2,,,1,11,,1539218,2,,,1,10,,1539219,2,,,1,11,,1539220,2,,,1,50,,1539221,2,,,1,9,,1539222,2,,,1,9,,1539223,2,,,1,12,,1539224,2,,,1,14,,1539225,2,,,1,52,,1539226,2,,,1,14,,1539227,2,,,1,12,,1539228,2,,,1,13,,1539229,2,,,1,16,,1539230,2,,,1,55,,1539231,2,,,1,16,,1539238,2,,,1,16,,1539239,2,,,1,56,,1539240,2,,,1,17,,1539241,2,,,1,16,,1539242,2,,,1,15,,1539243,2,,,1,56,,1539244,2,,,1,15,,1539245,2,,,1,15,,1539246,2,,,1,15,,1539247,2,,,1,54,,1539248,2,,,1,15,,1539249,2,,,1,15,,1539250,2,,,1,15,,1539251,2,,,1,55,,1539252,2,,,1,16,,1539253,2,,,1,15,,1539254,2,,,1,15,,1539255,2,,,1,55,,1539256,2,,,1,17,,1539257,2,,,1,16,,1539258,2,,,1,16,,1539259,2,,,1,55,,1539260,2,,,1,15,,1539261,2,,,1,15,,1539180,2,,,1,15,,1539271,2,,,1
80702,'20261008',511,,1539368,2,,,1,15,,1539328,2,,,1,14,,1539329,2,,,1,14,,1539330,2,,,1,54,,1539331,2,,,1,15,,1539332,2,,,1,13,,1539333,2,,,1,6,,1539277,2,,,1,6,,1539359,2,,,1,7,,1539360,2,,,1,48,,1539366,2,,,1,4,,1539369,2,,,1,5,,1539361,2,,,1,3,,1539370,2,,,1,5,,1539362,2,,,1,8,,1539363,2,,,1,4,,1539371,2,,,1,6,,1539364,2,,,1,10,,1539365,2,,,1,11,,1539358,2,,,1,53,,1539278,2,,,1,10,,1539279,2,,,1,12,,1539280,2,,,1,11,,1539281,2,,,1,14,,1539282,2,,,1,54,,1539283,2,,,1,15,,1539284,2,,,1,16,,1539285,2,,,1,15,,1539286,2,,,1,55,,1539287,2,,,1,15,,1539288,2,,,1,14,,1539289,2,,,1,14,,1539290,2,,,1,54,,1539291,2,,,1,13,,1539292,2,,,1,15,,1539293,2,,,1,16,,1539294,2,,,1,52,,1539295,2,,,1,13,,1539296,2,,,1,12,,1539297,2,,,1,12,,1539298,2,,,1,12,,1539299,2,,,1,52,,1539300,2,,,1,12,,1539301,2,,,1,12,,1539302,2,,,1,12,,1539303,2,,,1,11,,1539304,2,,,1,51,,1539305,2,,,1,12,,1539306,2,,,1,13,,1539307,2,,,1,10,,1539308,2,,,1,9,,1539309,2,,,1,9,,1539310,2,,,1,48,,1539311,2,,,1,9,,1539312,2,,,1,9,,1539313,2,,,1,11,,1539314,2,,,1,10,,1539315,2,,,1,11,,1539316,2,,,1,50,,1539317,2,,,1,9,,1539318,2,,,1,9,,1539319,2,,,1,12,,1539320,2,,,1,14,,1539321,2,,,1,52,,1539322,2,,,1,14,,1539323,2,,,1,12,,1539324,2,,,1,13,,1539325,2,,,1,16,,1539326,2,,,1,55,,1539327,2,,,1,16,,1539334,2,,,1,16,,1539335,2,,,1,56,,1539336,2,,,1,17,,1539337,2,,,1,16,,1539338,2,,,1,15,,1539339,2,,,1,56,,1539340,2,,,1,15,,1539341,2,,,1,15,,1539342,2,,,1,15,,1539343,2,,,1,54,,1539344,2,,,1,15,,1539345,2,,,1,15,,1539346,2,,,1,15,,1539347,2,,,1,55,,1539348,2,,,1,16,,1539349,2,,,1,15,,1539350,2,,,1,15,,1539351,2,,,1,55,,1539352,2,,,1,17,,1539353,2,,,1,16,,1539354,2,,,1,16,,1539355,2,,,1,55,,1539356,2,,,1,15,,1539357,2,,,1,15,,1539276,2,,,1,15,,1539367,2,,,1
80702,'20261009',511,,1539464,2,,,1,15,,1539424,2,,,1,14,,1539425,2,,,1,14,,1539426,2,,,1,54,,1539427,2,,,1,15,,1539428,2,,,1,13,,1539429,2,,,1,6,,1539373,2,,,1,6,,1539455,2,,,1,7,,1539456,2,,,1,48,,1539462,2,,,1,4,,1539465,2,,,1,5,,1539457,2,,,1,3,,1539466,2,,,1,5,,1539458,2,,,1,8,,1539459,2,,,1,4,,1539467,2,,,1,6,,1539460,2,,,1,10,,1539461,2,,,1,11,,1539454,2,,,1,53,,1539374,2,,,1,10,,1539375,2,,,1,12,,1539376,2,,,1,11,,1539377,2,,,1,14,,1539378,2,,,1,54,,1539379,2,,,1,15,,1539380,2,,,1,16,,1539381,2,,,1,15,,1539382,2,,,1,55,,1539383,2,,,1,15,,1539384,2,,,1,14,,1539385,2,,,1,14,,1539386,2,,,1,54,,1539387,2,,,1,13,,1539388,2,,,1,15,,1539389,2,,,1,16,,1539390,2,,,1,52,,1539391,2,,,1,13,,1539392,2,,,1,12,,1539393,2,,,1,12,,1539394,2,,,1,12,,1539395,2,,,1,52,,1539396,2,,,1,12,,1539397,2,,,1,12,,1539398,2,,,1,12,,1539399,2,,,1,11,,1539400,2,,,1,51,,1539401,2,,,1,12,,1539402,2,,,1,13,,1539403,2,,,1,10,,1539404,2,,,1,9,,1539405,2,,,1,9,,1539406,2,,,1,48,,1539407,2,,,1,9,,1539408,2,,,1,9,,1539409,2,,,1,11,,1539410,2,,,1,10,,1539411,2,,,1,11,,1539412,2,,,1,50,,1539413,2,,,1,9,,1539414,2,,,1,9,,1539415,2,,,1,12,,1539416,2,,,1,14,,1539417,2,,,1,52,,1539418,2,,,1,14,,1539419,2,,,1,12,,1539420,2,,,1,13,,1539421,2,,,1,16,,1539422,2,,,1,55,,1539423,2,,,1,16,,1539430,2,,,1,16,,1539431,2,,,1,56,,1539432,2,,,1,17,,1539433,2,,,1,16,,1539434,2,,,1,15,,1539435,2,,,1,56,,1539436,2,,,1,15,,1539437,2,,,1,15,,1539438,2,,,1,15,,1539439,2,,,1,54,,1539440,2,,,1,15,,1539441,2,,,1,15,,1539442,2,,,1,15,,1539443,2,,,1,55,,1539444,2,,,1,16,,1539445,2,,,1,15,,1539446,2,,,1,15,,1539447,2,,,1,55,,1539448,2,,,1,17,,1539449,2,,,1,16,,1539450,2,,,1,16,,1539451,2,,,1,55,,1539452,2,,,1,15,,1539453,2,,,1,15,,1539372,2,,,1,15,,1539463,2,,,1
80702,'20261010',532,,1561098,2,,,1,15,,1561099,2,,,1,54,,1561100,2,,,1,15,,1561174,2,,,1,14,,1561101,2,,,1,15,,1561102,2,,,1,55,,1561175,2,,,1,15,,1561103,2,,,1,15,,1561104,2,,,1,14,,1561105,2,,,1,14,,1561106,2,,,1,54,,1561107,2,,,1,14,,1561108,2,,,1,15,,1561109,2,,,1,15,,1561110,2,,,1,53,,1561111,2,,,1,14,,1561112,2,,,1,15,,1561113,2,,,1,14,,1561114,2,,,1,55,,1561115,2,,,1,15,,1561116,2,,,1,15,,1561117,2,,,1,15,,1561118,2,,,1,55,,1561119,2,,,1,14,,1561120,2,,,1,15,,1561121,2,,,1,16,,1561122,2,,,1,54,,1561123,2,,,1,14,,1561124,2,,,1,15,,1561125,2,,,1,15,,1561126,2,,,1,54,,1561127,2,,,1,15,,1561128,2,,,1,15,,1561129,2,,,1,15,,1561130,2,,,1,55,,1561131,2,,,1,14,,1561132,2,,,1,15,,1561133,2,,,1,15,,1561134,2,,,1,55,,1561135,2,,,1,15,,1561136,2,,,1,15,,1561137,2,,,1,15,,1561138,2,,,1,55,,1561139,2,,,1,15,,1561140,2,,,1,16,,1561141,2,,,1,16,,1561142,2,,,1,55,,1561143,2,,,1,15,,1561144,2,,,1,15,,1561145,2,,,1,16,,1561146,2,,,1,56,,1561147,2,,,1,16,,1561148,2,,,1,15,,1561149,2,,,1,15,,1561150,2,,,1,56,,1561151,2,,,1,15,,1561152,2,,,1,17,,1561153,2,,,1,15,,1561154,2,,,1,56,,1561155,2,,,1,15,,1561156,2,,,1,15,,1561157,2,,,1,15,,1561158,2,,,1,55,,1561159,2,,,1,16,,1561160,2,,,1,15,,1561161,2,,,1,15,,1561162,2,,,1,55,,1561163,2,,,1,15,,1561164,2,,,1,15,,1561165,2,,,1,16,,1561166,2,,,1,57,,1561167,2,,,1,15,,1561168,2,,,1,15,,1561169,2,,,1,56,,1561170,2,,,1,15,,1561171,2,,,1,15,,1561172,2,,,1,15,,1561173,2,,,1
80702,'20261011',532,,1561176,2,,,1,15,,1561177,2,,,1,54,,1561178,2,,,1,15,,1561252,2,,,1,14,,1561179,2,,,1,15,,1561180,2,,,1,55,,1561253,2,,,1,15,,1561181,2,,,1,15,,1561182,2,,,1,14,,1561183,2,,,1,14,,1561184,2,,,1,54,,1561185,2,,,1,14,,1561186,2,,,1,15,,1561187,2,,,1,15,,1561188,2,,,1,53,,1561189,2,,,1,14,,1561190,2,,,1,15,,1561191,2,,,1,14,,1561192,2,,,1,55,,1561193,2,,,1,15,,1561194,2,,,1,15,,1561195,2,,,1,15,,1561196,2,,,1,55,,1561197,2,,,1,14,,1561198,2,,,1,15,,1561199,2,,,1,16,,1561200,2,,,1,54,,1561201,2,,,1,14,,1561202,2,,,1,15,,1561203,2,,,1,15,,1561204,2,,,1,54,,1561205,2,,,1,15,,1561206,2,,,1,15,,1561207,2,,,1,15,,1561208,2,,,1,55,,1561209,2,,,1,14,,1561210,2,,,1,15,,1561211,2,,,1,15,,1561212,2,,,1,55,,1561213,2,,,1,15,,1561214,2,,,1,15,,1561215,2,,,1,15,,1561216,2,,,1,55,,1561217,2,,,1,15,,1561218,2,,,1,16,,1561219,2,,,1,16,,1561220,2,,,1,55,,1561221,2,,,1,15,,1561222,2,,,1,15,,1561223,2,,,1,16,,1561224,2,,,1,56,,1561225,2,,,1,16,,1561226,2,,,1,15,,1561227,2,,,1,15,,1561228,2,,,1,56,,1561229,2,,,1,15,,1561230,2,,,1,17,,1561231,2,,,1,15,,1561232,2,,,1,56,,1561233,2,,,1,15,,1561234,2,,,1,15,,1561235,2,,,1,15,,1561237,2,,,1,55,,1561238,2,,,1,16,,1561239,2,,,1,15,,1561236,2,,,1,15,,1561240,2,,,1,55,,1561241,2,,,1,15,,1561242,2,,,1,15,,1561243,2,,,1,16,,1561244,2,,,1,57,,1561245,2,,,1,15,,1561246,2,,,1,15,,1561247,2,,,1,56,,1561248,2,,,1,15,,1561249,2,,,1,15,,1561250,2,,,1,15,,1561251,2,,,1
80702,'20261012',532,,1561254,2,,,1,15,,1561255,2,,,1,54,,1561256,2,,,1,15,,1561330,2,,,1,14,,1561257,2,,,1,15,,1561258,2,,,1,55,,1561331,2,,,1,15,,1561259,2,,,1,15,,1561260,2,,,1,14,,1561261,2,,,1,14,,1561262,2,,,1,54,,1561263,2,,,1,14,,1561264,2,,,1,15,,1561265,2,,,1,15,,1561266,2,,,1,53,,1561267,2,,,1,14,,1561268,2,,,1,15,,1561269,2,,,1,14,,1561270,2,,,1,55,,1561271,2,,,1,15,,1561272,2,,,1,15,,1561273,2,,,1,15,,1561274,2,,,1,55,,1561275,2,,,1,14,,1561276,2,,,1,15,,1561277,2,,,1,16,,1561278,2,,,1,54,,1561279,2,,,1,14,,1561280,2,,,1,15,,1561281,2,,,1,15,,1561282,2,,,1,54,,1561283,2,,,1,15,,1561284,2,,,1,15,,1561285,2,,,1,15,,1561286,2,,,1,55,,1561287,2,,,1,14,,1561288,2,,,1,15,,1561289,2,,,1,15,,1561290,2,,,1,55,,1561291,2,,,1,15,,1561292,2,,,1,15,,1561293,2,,,1,15,,1561294,2,,,1,55,,1561295,2,,,1,15,,1561296,2,,,1,16,,1561297,2,,,1,16,,1561298,2,,,1,55,,1561299,2,,,1,15,,1561300,2,,,1,15,,1561301,2,,,1,16,,1561302,2,,,1,56,,1561303,2,,,1,16,,1561304,2,,,1,15,,1561305,2,,,1,15,,1561306,2,,,1,56,,1561307,2,,,1,15,,1561308,2,,,1,17,,1561309,2,,,1,15,,1561310,2,,,1,56,,1561311,2,,,1,15,,1561312,2,,,1,15,,1561313,2,,,1,15,,1561315,2,,,1,55,,1561316,2,,,1,16,,1561317,2,,,1,15,,1561314,2,,,1,15,,1561318,2,,,1,55,,1561319,2,,,1,15,,1561320,2,,,1,15,,1561321,2,,,1,16,,1561322,2,,,1,57,,1561323,2,,,1,15,,1561324,2,,,1,15,,1561325,2,,,1,56,,1561326,2,,,1,15,,1561327,2,,,1,15,,1561328,2,,,1,15,,1561329,2,,,1
90702,'20261002',2531,,1485580,2,,,0,85,,1485581,2,,,0
90702,'20261003',2531,,1508551,2,,,0,85,,1508552,2,,,0
90702,'20261009',2531,,1540201,2,,,0,85,,1540202,2,,,0
90702,'20261010',2531,,1561852,2,,,0,85,,1561853,2,,,0
99103,'20261002',2606,,1485616,31,,,0,130,,1485617,31,,,0
99103,'20261003',2606,,1508569,31,,,0,130,,1508570,31,,,0
99103,'20261009',2606,,1540255,31,,,0,130,,1540256,31,,,0
99103,'20261010',2606,,1561870,31,,,0,130,,1561871,31,,,0
