101,'20261009',558,,1594106,26,,,1,60,,1594107,26,,,1,20,,1594108,26,,,1,18,,1594109,26,,,1,54,,1594110,26,,,1,16,,1594111,26,,,1,17,,1594112,26,,,1,57,,1594113,26,,,1,13,,1594114,26,,,1,15,,1594115,26,,,1,15,,1594116,26,,,1,15,,1594117,26,,,1,55,,1594118,26,,,1,30,,1594119,26,,,1,69,,1594120,26,,,1,30,,1594121,26,,,1,70,,1594122,26,,,1,30,,1594123,26,,,1,70,,1594124,26,,,1,29,,1594125,26,,,1,70,,1594126,26,,,1,30,,1594127,26,,,1,70,,1594128,26,,,1,30,,1594129,26,,,1,69,,1594130,26,,,1,15,,1594131,26,,,1,14,,1594132,26,,,1,14,,1594133,26,,,1,55,,1594134,26,,,1,16,,1594135,26,,,1,16,,1594136,26,,,1,63,,1594137,26,,,1,29,,1594138,26,,,1,72,,1594139,26,,,1,31,,1594140,26,,,1,70,,1594141,26,,,1,30,,1594142,26,,,1,70,,1594143,26,,,1,100,,1594144,26,,,1,101,,1594145,26,,,1,100,,1594146,26,,,1,100,,1594147,26,,,1
101,'20261010',608,,1625761,26,,,1,100,,1625762,26,,,1,100,,1625763,26,,,1,100,,1625764,26,,,1,99,,1625765,26,,,1,99,,1625766,26,,,1,30,,1625767,26,,,1,71,,1625768,26,,,1,29,,1625769,26,,,1,71,,1625770,26,,,1,28,,1625771,26,,,1,70,,1625772,26,,,1,30,,1625773,26,,,1,70,,1625774,26,,,1,30,,1625775,26,,,1,69,,1625760,26,,,1,31,,1625776,26,,,1,70,,1625777,26,,,1,101,,1625778,26,,,1,101,,1625779,26,,,1,101,,1625780,26,,,1,100,,1625781,26,,,1,100,,1625782,26,,,1,100,,1625783,26,,,1,100,,1625784,26,,,1
101,'20261011',608,,1625785,26,,,1,100,,1625786,26,,,1,100,,1625787,26,,,1,100,,1625788,26,,,1,99,,1625789,26,,,1,99,,1625790,26,,,1,30,,1625791,26,,,1,71,,1625792,26,,,1,29,,1625793,26,,,1,71,,1625794,26,,,1,28,,1625795,26,,,1,70,,1625796,26,,,1,30,,1625797,26,,,1,70,,1625798,26,,,1,30,,1625799,26,,,1,69,,1625800,26,,,1,31,,1625801,26,,,1,70,,1625802,26,,,1,101,,1625803,26,,,1,101,,1625804,26,,,1,101,,1625805,26,,,1,100,,1625806,26,,,1,100,,1625807,26,,,1,100,,1625808,26,,,1,100,,1625809,26,,,1
101,'20261012',608,,1625810,26,,,1,100,,1625811,26,,,1,100,,1625812,26,,,1,100,,1625813,26,,,1,99,,1625814,26,,,1,99,,1625815,26,,,1,30,,1625816,26,,,1,71,,1625817,26,,,1,29,,1625818,26,,,1,71,,1625819,26,,,1,28,,1625820,26,,,1,70,,1625821,26,,,1,30,,1625822,26,,,1,70,,1625823,26,,,1,30,,1625824,26,,,1,69,,1625825,26,,,1,31,,1625826,26,,,1,70,,1625827,26,,,1,101,,1625828,26,,,1,101,,1625829,26,,,1,101,,1625830,26,,,1,100,,1625831,26,,,1,100,,1625832,26,,,1,100,,1625833,26,,,1,100,,1625834,26,,,1
101,'20261013',558,,1562418,26,,,1,60,,1562419,26,,,1,20,,1562456,26,,,1,18,,1562420,26,,,1,54,,1562457,26,,,1,16,,1562421,26,,,1,17,,1562458,26,,,1,57,,1562422,26,,,1,13,,1562448,26,,,1,15,,1562423,26,,,1,15,,1562454,26,,,1,15,,1562424,26,,,1,55,,1562425,26,,,1,30,,1562426,26,,,1,69,,1562427,26,,,1,30,,1562428,26,,,1,70,,1562429,26,,,1,30,,1562430,26,,,1,70,,1562431,26,,,1,29,,1562432,26,,,1,70,,1562433,26,,,1,30,,1562434,26,,,1,70,,1562435,26,,,1,30,,1562436,26,,,1,69,,1562437,26,,,1,15,,1562438,26,,,1,14,,1562439,26,,,1,14,,1562459,26,,,1,55,,1562455,26,,,1,16,,1562440,26,,,1,16,,1562441,26,,,1,63,,1562453,26,,,1,29,,1562442,26,,,1,72,,1562443,26,,,1,31,,1562444,26,,,1,70,,1562445,26,,,1,30,,1562446,26,,,1,70,,1562447,26,,,1,100,,1562452,26,,,1,101,,1562449,26,,,1,100,,1562450,26,,,1,100,,1562451,26,,,1
101,'20261014',558,,1562460,26,,,1,60,,1562461,26,,,1,20,,1562498,26,,,1,18,,1562462,26,,,1,54,,1562499,26,,,1,16,,1562463,26,,,1,17,,1562500,26,,,1,57,,1562464,26,,,1,13,,1562490,26,,,1,15,,1562465,26,,,1,15,,1562496,26,,,1,15,,1562466,26,,,1,55,,1562467,26,,,1,30,,1562468,26,,,1,69,,1562469,26,,,1,30,,1562470,26,,,1,70,,1562471,26,,,1,30,,1562472,26,,,1,70,,1562473,26,,,1,29,,1562474,26,,,1,70,,1562475,26,,,1,30,,1562476,26,,,1,70,,1562477,26,,,1,30,,1562478,26,,,1,69,,1562479,26,,,1,15,,1562480,26,,,1,14,,1562481,26,,,1,14,,1562501,26,,,1,55,,1562497,26,,,1,16,,1562482,26,,,1,16,,1562483,26,,,1,63,,1562495,26,,,1,29,,1562484,26,,,1,72,,1562485,26,,,1,31,,1562486,26,,,1,70,,1562487,26,,,1,30,,1562488,26,,,1,70,,1562489,26,,,1,100,,1562494,26,,,1,101,,1562491,26,,,1,100,,1562492,26,,,1,100,,1562493,26,,,1
101,'20261015',558,,1562502,26,,,1,60,,1562503,26,,,1,20,,1562540,26,,,1,18,,1562504,26,,,1,54,,1562541,26,,,1,16,,1562505,26,,,1,17,,1562542,26,,,1,57,,1562506,26,,,1,13,,1562532,26,,,1,15,,1562507,26,,,1,15,,1562538,26,,,1,15,,1562508,26,,,1,55,,1562509,26,,,1,30,,1562510,26,,,1,69,,1562511,26,,,1,30,,1562512,26,,,1,70,,1562513,26,,,1,30,,1562514,26,,,1,70,,1562515,26,,,1,29,,1562516,26,,,1,70,,1562517,26,,,1,30,,1562518,26,,,1,70,,1562519,26,,,1,30,,1562520,26,,,1,69,,1562521,26,,,1,15,,1562522,26,,,1,14,,1562523,26,,,1,14,,1562543,26,,,1,55,,1562539,26,,,1,16,,1562524,26,,,1,16,,1562525,26,,,1,63,,1562537,26,,,1,29,,1562526,26,,,1,72,,1562527,26,,,1,31,,1562528,26,,,1,70,,1562529,26,,,1,30,,1562530,26,,,1,70,,1562531,26,,,1,100,,1562536,26,,,1,101,,1562533,26,,,1,100,,1562534,26,,,1,100,,1562535,26,,,1
101,'20261016',558,,1562544,26,,,1,60,,1562545,26,,,1,20,,1562582,26,,,1,18,,1562546,26,,,1,54,,1562583,26,,,1,16,,1562547,26,,,1,17,,1562584,26,,,1,57,,1562548,26,,,1,13,,1562574,26,,,1,15,,1562549,26,,,1,15,,1562580,26,,,1,15,,1562550,26,,,1,55,,1562551,26,,,1,30,,1562552,26,,,1,69,,1562553,26,,,1,30,,1562554,26,,,1,70,,1562555,26,,,1,30,,1562556,26,,,1,70,,1562557,26,,,1,29,,1562558,26,,,1,70,,1562559,26,,,1,30,,1562560,26,,,1,70,,1562561,26,,,1,30,,1562562,26,,,1,69,,1562563,26,,,1,15,,1562564,26,,,1,14,,1562565,26,,,1,14,,1562585,26,,,1,55,,1562581,26,,,1,16,,1562566,26,,,1,16,,1562567,26,,,1,63,,1562579,26,,,1,29,,1562568,26,,,1,72,,1562569,26,,,1,31,,1562570,26,,,1,70,,1562571,26,,,1,30,,1562572,26,,,1,70,,1562573,26,,,1,100,,1562578,26,,,1,101,,1562575,26,,,1,100,,1562576,26,,,1,100,,1562577,26,,,1
101,'20261017',608,,1594171,26,,,1,100,,1594148,26,,,1,100,,1594149,26,,,1,100,,1594150,26,,,1,99,,1594151,26,,,1,99,,1594152,26,,,1,30,,1594170,26,,,1,71,,1594153,26,,,1,29,,1594154,26,,,1,71,,1594155,26,,,1,28,,1594156,26,,,1,70,,1594157,26,,,1,30,,1594158,26,,,1,70,,1594159,26,,,1,30,,1594160,26,,,1,69,,1594161,26,,,1,31,,1594162,26,,,1,70,,1594163,26,,,1,101,,1594164,26,,,1,101,,1594165,26,,,1,101,,1594166,26,,,1,100,,1594167,26,,,1,100,,1594168,26,,,1,100,,1594169,26,,,1,100,,1594172,26,,,1
101,'20261018',608,,1594196,26,,,1,100,,1594173,26,,,1,100,,1594174,26,,,1,100,,1594175,26,,,1,99,,1594176,26,,,1,99,,1594177,26,,,1,30,,1594195,26,,,1,71,,1594178,26,,,1,29,,1594179,26,,,1,71,,1594180,26,,,1,28,,1594181,26,,,1,70,,1594182,26,,,1,30,,1594183,26,,,1,70,,1594184,26,,,1,30,,1594185,26,,,1,69,,1594186,26,,,1,31,,1594187,26,,,1,70,,1594188,26,,,1,101,,1594189,26,,,1,101,,1594190,26,,,1,101,,1594191,26,,,1,100,,1594192,26,,,1,100,,1594193,26,,,1,100,,1594194,26,,,1,100,,1594197,26,,,1
101,'20261019',558,,1594198,26,,,1,60,,1594199,26,,,1,20,,1594236,26,,,1,18,,1594200,26,,,1,54,,1594237,26,,,1,16,,1594201,26,,,1,17,,1594238,26,,,1,57,,1594202,26,,,1,13,,1594228,26,,,1,15,,1594203,26,,,1,15,,1594234,26,,,1,15,,1594204,26,,,1,55,,1594205,26,,,1,30,,1594206,26,,,1,69,,1594207,26,,,1,30,,1594208,26,,,1,70,,1594209,26,,,1,30,,1594210,26,,,1,70,,1594211,26,,,1,29,,1594212,26,,,1,70,,1594213,26,,,1,30,,1594214,26,,,1,70,,1594215,26,,,1,30,,1594216,26,,,1,69,,1594217,26,,,1,15,,1594218,26,,,1,14,,1594219,26,,,1,14,,1594239,26,,,1,55,,1594235,26,,,1,16,,1594220,26,,,1,16,,1594221,26,,,1,63,,1594233,26,,,1,29,,1594222,26,,,1,72,,1594223,26,,,1,31,,1594224,26,,,1,70,,1594225,26,,,1,30,,1594226,26,,,1,70,,1594227,26,,,1,100,,1594232,26,,,1,101,,1594229,26,,,1,100,,1594230,26,,,1,100,,1594231,26,,,1
101,'20261020',558,,1594240,26,,,1,60,,1594241,26,,,1,20,,1594278,26,,,1,18,,1594242,26,,,1,54,,1594279,26,,,1,16,,1594243,26,,,1,17,,1594280,26,,,1,57,,1594244,26,,,1,13,,1594270,26,,,1,15,,1594245,26,,,1,15,,1594276,26,,,1,15,,1594246,26,,,1,55,,1594247,26,,,1,30,,1594248,26,,,1,69,,1594249,26,,,1,30,,1594250,26,,,1,70,,1594251,26,,,1,30,,1594252,26,,,1,70,,1594253,26,,,1,29,,1594254,26,,,1,70,,1594255,26,,,1,30,,1594256,26,,,1,70,,1594257,26,,,1,30,,1594258,26,,,1,69,,1594259,26,,,1,15,,1594260,26,,,1,14,,1594261,26,,,1,14,,1594281,26,,,1,55,,1594277,26,,,1,16,,1594262,26,,,1,16,,1594263,26,,,1,63,,1594275,26,,,1,29,,1594264,26,,,1,72,,1594265,26,,,1,31,,1594266,26,,,1,70,,1594267,26,,,1,30,,1594268,26,,,1,70,,1594269,26,,,1,100,,1594274,26,,,1,101,,1594271,26,,,1,100,,1594272,26,,,1,100,,1594273,26,,,1
101,'20261021',558,,1625835,26,,,1,60,,1625836,26,,,1,20,,1625873,26,,,1,18,,1625837,26,,,1,54,,1625874,26,,,1,16,,1625838,26,,,1,17,,1625875,26,,,1,57,,1625839,26,,,1,13,,1625865,26,,,1,15,,1625840,26,,,1,15,,1625871,26,,,1,15,,1625841,26,,,1,55,,1625842,26,,,1,30,,1625843,26,,,1,69,,1625844,26,,,1,30,,1625845,26,,,1,70,,1625846,26,,,1,30,,1625847,26,,,1,70,,1625848,26,,,1,29,,1625849,26,,,1,70,,1625850,26,,,1,30,,1625851,26,,,1,70,,1625852,26,,,1,30,,1625853,26,,,1,69,,1625854,26,,,1,15,,1625855,26,,,1,14,,1625856,26,,,1,14,,1625876,26,,,1,55,,1625872,26,,,1,16,,1625857,26,,,1,16,,1625858,26,,,1,63,,1625870,26,,,1,29,,1625859,26,,,1,72,,1625860,26,,,1,31,,1625861,26,,,1,70,,1625862,26,,,1,30,,1625863,26,,,1,70,,1625864,26,,,1,100,,1625869,26,,,1,101,,1625866,26,,,1,100,,1625867,26,,,1,100,,1625868,26,,,1
101,'20261022',558,,1625877,26,,,1,60,,1625878,26,,,1,20,,1625915,26,,,1,18,,1625879,26,,,1,54,,1625916,26,,,1,16,,1625880,26,,,1,17,,1625917,26,,,1,57,,1625881,26,,,1,13,,1625907,26,,,1,15,,1625882,26,,,1,15,,1625913,26,,,1,15,,1625883,26,,,1,55,,1625884,26,,,1,30,,1625885,26,,,1,69,,1625886,26,,,1,30,,1625887,26,,,1,70,,1625888,26,,,1,30,,1625889,26,,,1,70,,1625890,26,,,1,29,,1625891,26,,,1,70,,1625892,26,,,1,30,,1625893,26,,,1,70,,1625894,26,,,1,30,,1625895,26,,,1,69,,1625896,26,,,1,15,,1625897,26,,,1,14,,1625898,26,,,1,14,,1625918,26,,,1,55,,1625914,26,,,1,16,,1625899,26,,,1,16,,1625900,26,,,1,63,,1625912,26,,,1,29,,1625901,26,,,1,72,,1625902,26,,,1,31,,1625903,26,,,1,70,,1625904,26,,,1,30,,1625905,26,,,1,70,,1625906,26,,,1,100,,1625911,26,,,1,101,,1625908,26,,,1,100,,1625909,26,,,1,100,,1625910,26,,,1
101,'20261023',558,,1625919,26,,,1,60,,1625920,26,,,1,20,,1625957,26,,,1,18,,1625921,26,,,1,54,,1625958,26,,,1,16,,1625922,26,,,1,17,,1625959,26,,,1,57,,1625923,26,,,1,13,,1625949,26,,,1,15,,1625924,26,,,1,15,,1625955,26,,,1,15,,1625925,26,,,1,55,,1625926,26,,,1,30,,1625927,26,,,1,69,,1625928,26,,,1,30,,1625929,26,,,1,70,,1625930,26,,,1,30,,1625931,26,,,1,70,,1625932,26,,,1,29,,1625933,26,,,1,70,,1625934,26,,,1,30,,1625935,26,,,1,70,,1625936,26,,,1,30,,1625937,26,,,1,69,,1625938,26,,,1,15,,1625939,26,,,1,14,,1625940,26,,,1,14,,1625960,26,,,1,55,,1625956,26,,,1,16,,1625941,26,,,1,16,,1625942,26,,,1,63,,1625954,26,,,1,29,,1625943,26,,,1,72,,1625944,26,,,1,31,,1625945,26,,,1,70,,1625946,26,,,1,30,,1625947,26,,,1,70,,1625948,26,,,1,100,,1625953,26,,,1,101,,1625950,26,,,1,100,,1625951,26,,,1,100,,1625952,26,,,1
502,'20261009',619,,1595589,5,,,0,31,,1595590,5,,,0,73,,1595591,5,,,0,29,,1595592,5,,,0,66,,1595593,5,,,0,31,,1595594,5,,,0,600,,1595595,5,,,0,70,,1595596,5,,,0,31,,1595597,5,,,0,71,,1595598,5,,,0,28,,1595599,5,,,0,74,,1595600,5,,,0,27,,1595601,5,,,0
502,'20261013',619,,1563876,5,,,0,31,,1563877,5,,,0,73,,1563878,5,,,0,29,,1563879,5,,,0,66,,1563880,5,,,0,31,,1563881,5,,,0,600,,1563888,5,,,0,70,,1563887,5,,,0,31,,1563882,5,,,0,71,,1563883,5,,,0,28,,1563884,5,,,0,74,,1563885,5,,,0,27,,1563886,5,,,0
502,'20261014',619,,1563889,5,,,0,31,,1563890,5,,,0,73,,1563891,5,,,0,29,,1563892,5,,,0,66,,1563893,5,,,0,31,,1563894,5,,,0,600,,1563901,5,,,0,70,,1563900,5,,,0,31,,1563895,5,,,0,71,,1563896,5,,,0,28,,1563897,5,,,0,74,,1563898,5,,,0,27,,1563899,5,,,0
502,'20261015',619,,1563902,5,,,0,31,,1563903,5,,,0,73,,1563904,5,,,0,29,,1563905,5,,,0,66,,1563906,5,,,0,31,,1563907,5,,,0,600,,1563914,5,,,0,70,,1563913,5,,,0,31,,1563908,5,,,0,71,,1563909,5,,,0,28,,1563910,5,,,0,74,,1563911,5,,,0,27,,1563912,5,,,0
502,'20261016',619,,1563915,5,,,0,31,,1563916,5,,,0,73,,1563917,5,,,0,29,,1563918,5,,,0,66,,1563919,5,,,0,31,,1563920,5,,,0,600,,1563927,5,,,0,70,,1563926,5,,,0,31,,1563921,5,,,0,71,,1563922,5,,,0,28,,1563923,5,,,0,74,,1563924,5,,,0,27,,1563925,5,,,0
502,'20261019',619,,1595602,5,,,0,31,,1595603,5,,,0,73,,1595604,5,,,0,29,,1595605,5,,,0,66,,1595606,5,,,0,31,,1595607,5,,,0,600,,1595614,5,,,0,70,,1595613,5,,,0,31,,1595608,5,,,0,71,,1595609,5,,,0,28,,1595610,5,,,0,74,,1595611,5,,,0,27,,1595612,5,,,0
502,'20261020',619,,1595615,5,,,0,31,,1595616,5,,,0,73,,1595617,5,,,0,29,,1595618,5,,,0,66,,1595619,5,,,0,31,,1595620,5,,,0,600,,1595627,5,,,0,70,,1595626,5,,,0,31,,1595621,5,,,0,71,,1595622,5,,,0,28,,1595623,5,,,0,74,,1595624,5,,,0,27,,1595625,5,,,0
502,'20261021',619,,1626813,5,,,0,31,,1626814,5,,,0,73,,1626815,5,,,0,29,,1626816,5,,,0,66,,1626817,5,,,0,31,,1626818,5,,,0,600,,1626825,5,,,0,70,,1626824,5,,,0,31,,1626819,5,,,0,71,,1626820,5,,,0,28,,1626821,5,,,0,74,,1626822,5,,,0,27,,1626823,5,,,0
502,'20261022',619,,1626826,5,,,0,31,,1626827,5,,,0,73,,1626828,5,,,0,29,,1626829,5,,,0,66,,1626830,5,,,0,31,,1626831,5,,,0,600,,1626838,5,,,0,70,,1626837,5,,,0,31,,1626832,5,,,0,71,,1626833,5,,,0,28,,1626834,5,,,0,74,,1626835,5,,,0,27,,1626836,5,,,0
502,'20261023',619,,1626839,5,,,0,31,,1626840,5,,,0,73,,1626841,5,,,0,29,,1626842,5,,,0,66,,1626843,5,,,0,31,,1626844,5,,,0,600,,1626851,5,,,0,70,,1626850,5,,,0,31,,1626845,5,,,0,71,,1626846,5,,,0,28,,1626847,5,,,0,74,,1626848,5,,,0,27,,1626849,5,,,0
602,'20261009',611,,1595811,10,,,0,30,,1595812,10,,,0,65,,1595813,10,,,0,32,,1595814,10,,,0,72,,1595815,10,,,0,31,,1595816,10,,,0,70,,1595817,10,,,0,29,,1595818,10,,,0,70,,1595819,10,,,0,30,,1595820,10,,,0,70,,1595821,10,,,0,30,,1595822,10,,,0,70,,1595823,10,,,0,30,,1595824,10,,,0,70,,1595825,10,,,0,30,,1595826,10,,,0,70,,1595827,10,,,0,31,,1595828,10,,,0,72,,1595829,10,,,0,30,,1595830,10,,,0,69,,1595831,10,,,0,31,,1595832,10,,,0,71,,1595833,10,,,0,28,,1595834,10,,,0,70,,1595835,10,,,0,30,,1595836,10,,,0,69,,1595837,10,,,0,31,,1595838,10,,,0,70,,1595839,10,,,0,29,,1595840,10,,,0,70,,1595841,10,,,0,30,,1595842,10,,,0,70,,1595843,10,,,0,30,,1595844,10,,,0,70,,1595845,10,,,0
602,'20261010',609,,1626891,10,,,0,30,,1626892,10,,,0,70,,1626893,10,,,0,30,,1626894,10,,,0,70,,1626895,10,,,0,30,,1626896,10,,,0,70,,1626897,10,,,0,29,,1626898,10,,,0,70,,1626899,10,,,0,30,,1626900,10,,,0,70,,1626901,10,,,0,31,,1626902,10,,,0,71,,1626903,10,,,0,30,,1626904,10,,,0,71,,1626905,10,,,0,33,,1626906,10,,,0,69,,1626907,10,,,0,28,,1626908,10,,,0,70,,1626909,10,,,0,26,,1626910,10,,,0,70,,1626911,10,,,0,30,,1626912,10,,,0,71,,1626913,10,,,0,31,,1626914,10,,,0,71,,1626915,10,,,0,30,,1626916,10,,,0,69,,1626917,10,,,0,30,,1626918,10,,,0,70,,1626919,10,,,0,30,,1626920,10,,,0,70,,1626921,10,,,0,30,,1626922,10,,,0,70,,1626923,10,,,0,30,,1626924,10,,,0,70,,1626925,10,,,0
602,'20261011',609,,1626926,10,,,0,30,,1626927,10,,,0,70,,1626928,10,,,0,30,,1626929,10,,,0,70,,1626930,10,,,0,30,,1626931,10,,,0,70,,1626932,10,,,0,29,,1626933,10,,,0,70,,1626934,10,,,0,30,,1626935,10,,,0,70,,1626936,10,,,0,31,,1626937,10,,,0,71,,1626938,10,,,0,30,,1626939,10,,,0,71,,1626940,10,,,0,33,,1626941,10,,,0,69,,1626942,10,,,0,28,,1626943,10,,,0,70,,1626944,10,,,0,26,,1626945,10,,,0,70,,1626946,10,,,0,30,,1626947,10,,,0,71,,1626948,10,,,0,31,,1626949,10,,,0,71,,1626950,10,,,0,30,,1626951,10,,,0,69,,1626952,10,,,0,30,,1626953,10,,,0,70,,1626954,10,,,0,30,,1626955,10,,,0,70,,1626956,10,,,0,30,,1626957,10,,,0,70,,1626958,10,,,0,30,,1626959,10,,,0,70,,1626960,10,,,0
602,'20261012',609,,1626961,10,,,0,30,,1626962,10,,,0,70,,1626963,10,,,0,30,,1626964,10,,,0,70,,1626965,10,,,0,30,,1626966,10,,,0,70,,1626967,10,,,0,29,,1626968,10,,,0,70,,1626969,10,,,0,30,,1626970,10,,,0,70,,1626971,10,,,0,31,,1626972,10,,,0,71,,1626973,10,,,0,30,,1626974,10,,,0,71,,1626975,10,,,0,33,,1626976,10,,,0,69,,1626977,10,,,0,28,,1626978,10,,,0,70,,1626979,10,,,0,26,,1626980,10,,,0,70,,1626981,10,,,0,30,,1626982,10,,,0,71,,1626983,10,,,0,31,,1626984,10,,,0,71,,1626985,10,,,0,30,,1626986,10,,,0,69,,1626987,10,,,0,30,,1626988,10,,,0,70,,1626989,10,,,0,30,,1626990,10,,,0,70,,1626991,10,,,0,30,,1626992,10,,,0,70,,1626993,10,,,0,30,,1626994,10,,,0,70,,1626995,10,,,0
602,'20261013',611,,1564146,10,,,0,30,,1564147,10,,,0,65,,1564148,10,,,0,32,,1564149,10,,,0,72,,1564150,10,,,0,31,,1564151,10,,,0,70,,1564152,10,,,0,29,,1564153,10,,,0,70,,1564154,10,,,0,30,,1564155,10,,,0,70,,1564156,10,,,0,30,,1564157,10,,,0,70,,1564158,10,,,0,30,,1564159,10,,,0,70,,1564160,10,,,0,30,,1564161,10,,,0,70,,1564162,10,,,0,31,,1564163,10,,,0,72,,1564164,10,,,0,30,,1564165,10,,,0,69,,1564166,10,,,0,31,,1564167,10,,,0,71,,1564168,10,,,0,28,,1564169,10,,,0,70,,1564170,10,,,0,30,,1564171,10,,,0,69,,1564172,10,,,0,31,,1564173,10,,,0,70,,1564174,10,,,0,29,,1564175,10,,,0,70,,1564176,10,,,0,30,,1564177,10,,,0,70,,1564178,10,,,0,30,,1564179,10,,,0,70,,1564180,10,,,0
602,'20261014',611,,1564181,10,,,0,30,,1564182,10,,,0,65,,1564183,10,,,0,32,,1564184,10,,,0,72,,1564185,10,,,0,31,,1564186,10,,,0,70,,1564187,10,,,0,29,,1564188,10,,,0,70,,1564189,10,,,0,30,,1564190,10,,,0,70,,1564191,10,,,0,30,,1564192,10,,,0,70,,1564193,10,,,0,30,,1564194,10,,,0,70,,1564195,10,,,0,30,,1564196,10,,,0,70,,1564197,10,,,0,31,,1564198,10,,,0,72,,1564199,10,,,0,30,,1564200,10,,,0,69,,1564201,10,,,0,31,,1564202,10,,,0,71,,1564203,10,,,0,28,,1564204,10,,,0,70,,1564205,10,,,0,30,,1564206,10,,,0,69,,1564207,10,,,0,31,,1564208,10,,,0,70,,1564209,10,,,0,29,,1564210,10,,,0,70,,1564211,10,,,0,30,,1564212,10,,,0,70,,1564213,10,,,0,30,,1564214,10,,,0,70,,1564215,10,,,0
602,'20261015',611,,1564216,10,,,0,30,,1564217,10,,,0,65,,1564218,10,,,0,32,,1564219,10,,,0,72,,1564220,10,,,0,31,,1564221,10,,,0,70,,1564222,10,,,0,29,,1564223,10,,,0,70,,1564224,10,,,0,30,,1564225,10,,,0,70,,1564226,10,,,0,30,,1564227,10,,,0,70,,1564228,10,,,0,30,,1564229,10,,,0,70,,1564230,10,,,0,30,,1564231,10,,,0,70,,1564232,10,,,0,31,,1564233,10,,,0,72,,1564234,10,,,0,30,,1564235,10,,,0,69,,1564236,10,,,0,31,,1564237,10,,,0,71,,1564238,10,,,0,28,,1564239,10,,,0,70,,1564240,10,,,0,30,,1564241,10,,,0,69,,1564242,10,,,0,31,,1564243,10,,,0,70,,1564244,10,,,0,29,,1564245,10,,,0,70,,1564246,10,,,0,30,,1564247,10,,,0,70,,1564248,10,,,0,30,,1564249,10,,,0,70,,1564250,10,,,0
602,'20261016',611,,1564251,10,,,0,30,,1564252,10,,,0,65,,1564253,10,,,0,32,,1564254,10,,,0,72,,1564255,10,,,0,31,,1564256,10,,,0,70,,1564257,10,,,0,29,,1564258,10,,,0,70,,1564259,10,,,0,30,,1564260,10,,,0,70,,1564261,10,,,0,30,,1564262,10,,,0,70,,1564263,10,,,0,30,,1564264,10,,,0,70,,1564265,10,,,0,30,,1564266,10,,,0,70,,1564267,10,,,0,31,,1564268,10,,,0,72,,1564269,10,,,0,30,,1564270,10,,,0,69,,1564271,10,,,0,31,,1564272,10,,,0,71,,1564273,10,,,0,28,,1564274,10,,,0,70,,1564275,10,,,0,30,,1564276,10,,,0,69,,1564277,10,,,0,31,,1564278,10,,,0,70,,1564279,10,,,0,29,,1564280,10,,,0,70,,1564281,10,,,0,30,,1564282,10,,,0,70,,1564283,10,,,0,30,,1564284,10,,,0,70,,1564285,10,,,0
602,'20261017',609,,1595846,10,,,0,30,,1595847,10,,,0,70,,1595848,10,,,0,30,,1595849,10,,,0,70,,1595850,10,,,0,30,,1595851,10,,,0,70,,1595852,10,,,0,29,,1595853,10,,,0,70,,1595854,10,,,0,30,,1595855,10,,,0,70,,1595856,10,,,0,31,,1595857,10,,,0,71,,1595858,10,,,0,30,,1595859,10,,,0,71,,1595860,10,,,0,33,,1595861,10,,,0,69,,1595862,10,,,0,28,,1595863,10,,,0,70,,1595864,10,,,0,26,,1595865,10,,,0,70,,1595866,10,,,0,30,,1595867,10,,,0,71,,1595868,10,,,0,31,,1595869,10,,,0,71,,1595870,10,,,0,30,,1595871,10,,,0,69,,1595872,10,,,0,30,,1595873,10,,,0,70,,1595874,10,,,0,30,,1595875,10,,,0,70,,1595876,10,,,0,30,,1595877,10,,,0,70,,1595878,10,,,0,30,,1595879,10,,,0,70,,1595880,10,,,0
602,'20261018',609,,1595881,10,,,0,30,,1595882,10,,,0,70,,1595883,10,,,0,30,,1595884,10,,,0,70,,1595885,10,,,0,30,,1595886,10,,,0,70,,1595887,10,,,0,29,,1595888,10,,,0,70,,1595889,10,,,0,30,,1595890,10,,,0,70,,1595891,10,,,0,31,,1595892,10,,,0,71,,1595893,10,,,0,30,,1595894,10,,,0,71,,1595895,10,,,0,33,,1595896,10,,,0,69,,1595897,10,,,0,28,,1595898,10,,,0,70,,1595899,10,,,0,26,,1595900,10,,,0,70,,1595901,10,,,0,30,,1595902,10,,,0,71,,1595903,10,,,0,31,,1595904,10,,,0,71,,1595905,10,,,0,30,,1595906,10,,,0,69,,1595907,10,,,0,30,,1595908,10,,,0,70,,1595909,10,,,0,30,,1595910,10,,,0,70,,1595911,10,,,0,30,,1595912,10,,,0,70,,1595913,10,,,0,30,,1595914,10,,,0,70,,1595915,10,,,0
602,'20261019',611,,1595916,10,,,0,30,,1595917,10,,,0,65,,1595918,10,,,0,32,,1595919,10,,,0,72,,1595920,10,,,0,31,,1595921,10,,,0,70,,1595922,10,,,0,29,,1595923,10,,,0,70,,1595924,10,,,0,30,,1595925,10,,,0,70,,1595926,10,,,0,30,,1595927,10,,,0,70,,1595928,10,,,0,30,,1595929,10,,,0,70,,1595930,10,,,0,30,,1595931,10,,,0,70,,1595932,10,,,0,31,,1595933,10,,,0,72,,1595934,10,,,0,30,,1595935,10,,,0,69,,1595936,10,,,0,31,,1595937,10,,,0,71,,1595938,10,,,0,28,,1595939,10,,,0,70,,1595940,10,,,0,30,,1595941,10,,,0,69,,1595942,10,,,0,31,,1595943,10,,,0,70,,1595944,10,,,0,29,,1595945,10,,,0,70,,1595946,10,,,0,30,,1595947,10,,,0,70,,1595948,10,,,0,30,,1595949,10,,,0,70,,1595950,10,,,0
602,'20261020',611,,1595951,10,,,0,30,,1595952,10,,,0,65,,1595953,10,,,0,32,,1595954,10,,,0,72,,1595955,10,,,0,31,,1595956,10,,,0,70,,1595957,10,,,0,29,,1595958,10,,,0,70,,1595959,10,,,0,30,,1595960,10,,,0,70,,1595961,10,,,0,30,,1595962,10,,,0,70,,1595963,10,,,0,30,,1595964,10,,,0,70,,1595965,10,,,0,30,,1595966,10,,,0,70,,1595967,10,,,0,31,,1595968,10,,,0,72,,1595969,10,,,0,30,,1595970,10,,,0,69,,1595971,10,,,0,31,,1595972,10,,,0,71,,1595973,10,,,0,28,,1595974,10,,,0,70,,1595975,10,,,0,30,,1595976,10,,,0,69,,1595977,10,,,0,31,,1595978,10,,,0,70,,1595979,10,,,0,29,,1595980,10,,,0,70,,1595981,10,,,0,30,,1595982,10,,,0,70,,1595983,10,,,0,30,,1595984,10,,,0,70,,1595985,10,,,0
602,'20261021',611,,1626996,10,,,0,30,,1626997,10,,,0,65,,1626998,10,,,0,32,,1626999,10,,,0,72,,1627000,10,,,0,31,,1627001,10,,,0,70,,1627002,10,,,0,29,,1627003,10,,,0,70,,1627004,10,,,0,30,,1627005,10,,,0,70,,1627006,10,,,0,30,,1627007,10,,,0,70,,1627008,10,,,0,30,,1627009,10,,,0,70,,1627010,10,,,0,30,,1627011,10,,,0,70,,1627012,10,,,0,31,,1627013,10,,,0,72,,1627014,10,,,0,30,,1627015,10,,,0,69,,1627016,10,,,0,31,,1627017,10,,,0,71,,1627018,10,,,0,28,,1627019,10,,,0,70,,1627020,10,,,0,30,,1627021,10,,,0,69,,1627022,10,,,0,31,,1627023,10,,,0,70,,1627024,10,,,0,29,,1627025,10,,,0,70,,1627026,10,,,0,30,,1627027,10,,,0,70,,1627028,10,,,0,30,,1627029,10,,,0,70,,1627030,10,,,0
602,'20261022',611,,1627031,10,,,0,30,,1627032,10,,,0,65,,1627033,10,,,0,32,,1627034,10,,,0,72,,1627035,10,,,0,31,,1627036,10,,,0,70,,1627037,10,,,0,29,,1627038,10,,,0,70,,1627039,10,,,0,30,,1627040,10,,,0,70,,1627041,10,,,0,30,,1627042,10,,,0,70,,1627043,10,,,0,30,,1627044,10,,,0,70,,1627045,10,,,0,30,,1627046,10,,,0,70,,1627047,10,,,0,31,,1627048,10,,,0,72,,1627049,10,,,0,30,,1627050,10,,,0,69,,1627051,10,,,0,31,,1627052,10,,,0,71,,1627053,10,,,0,28,,1627054,10,,,0,70,,1627055,10,,,0,30,,1627056,10,,,0,69,,1627057,10,,,0,31,,1627058,10,,,0,70,,1627059,10,,,0,29,,1627060,10,,,0,70,,1627061,10,,,0,30,,1627062,10,,,0,70,,1627063,10,,,0,30,,1627064,10,,,0,70,,1627065,10,,,0
602,'20261023',611,,1627066,10,,,0,30,,1627067,10,,,0,65,,1627068,10,,,0,32,,1627069,10,,,0,72,,1627070,10,,,0,31,,1627071,10,,,0,70,,1627072,10,,,0,29,,1627073,10,,,0,70,,1627074,10,,,0,30,,1627075,10,,,0,70,,1627076,10,,,0,30,,1627077,10,,,0,70,,1627078,10,,,0,30,,1627079,10,,,0,70,,1627080,10,,,0,30,,1627081,10,,,0,70,,1627082,10,,,0,31,,1627083,10,,,0,72,,1627084,10,,,0,30,,1627085,10,,,0,69,,1627086,10,,,0,31,,1627087,10,,,0,71,,1627088,10,,,0,28,,1627089,10,,,0,70,,1627090,10,,,0,30,,1627091,10,,,0,69,,1627092,10,,,0,31,,1627093,10,,,0,70,,1627094,10,,,0,29,,1627095,10,,,0,70,,1627096,10,,,0,30,,1627097,10,,,0,70,,1627098,10,,,0,30,,1627099,10,,,0,70,,1627100,10,,,0
