8601,'20261006',629,,1609144,15,,,0,30,,1609145,15,,,0,76,,1609146,15,,,0,65,,1609147,15,,,0,30,,1609148,15,,,0,70,,1609149,15,,,0,100,,1609150,15,,,0,100,,1609151,15,,,0,100,,1609152,15,,,0,100,,1609153,15,,,0,100,,1609154,15,,,0,100,,1609155,15,,,0,102,,1609156,15,,,0,28,,1609143,11,,,0,2,,1609157,15,,,0,70,,1609158,15,,,0,29,,1609159,15,,,0,69,,1609160,15,,,0,59,,1609161,15,,,0,100,,1609162,15,,,0,100,,1609163,15,,,0,100,,1609164,15,,,0,100,,1609165,15,,,0
8601,'20261007',629,,1609168,15,,,0,30,,1609169,15,,,0,76,,1609170,15,,,0,65,,1609171,15,,,0,30,,1609172,15,,,0,70,,1609173,15,,,0,100,,1609174,15,,,0,100,,1609175,15,,,0,100,,1609176,15,,,0,100,,1609177,15,,,0,100,,1609178,15,,,0,100,,1609179,15,,,0,102,,1609180,15,,,0,28,,1609167,11,,,0,2,,1609181,15,,,0,70,,1609182,15,,,0,29,,1609183,15,,,0,69,,1609184,15,,,0,59,,1609185,15,,,0,100,,1609186,15,,,0,100,,1609187,15,,,0,100,,1609188,15,,,0,100,,1609189,15,,,0
8601,'20261008',629,,1609192,15,,,0,30,,1609193,15,,,0,76,,1609194,15,,,0,65,,1609195,15,,,0,30,,1609196,15,,,0,70,,1609197,15,,,0,100,,1609198,15,,,0,100,,1609199,15,,,0,100,,1609200,15,,,0,100,,1609201,15,,,0,100,,1609202,15,,,0,100,,1609203,15,,,0,102,,1609204,15,,,0,28,,1609191,11,,,0,2,,1609205,15,,,0,70,,1609206,15,,,0,29,,1609207,15,,,0,69,,1609208,15,,,0,59,,1609209,15,,,0,100,,1609210,15,,,0,100,,1609211,15,,,0,100,,1609212,15,,,0,100,,1609213,15,,,0
8601,'20261009',629,,1609216,15,,,0,30,,1609217,15,,,0,76,,1609218,15,,,0,65,,1609219,15,,,0,30,,1609220,15,,,0,70,,1609221,15,,,0,100,,1609222,15,,,0,100,,1609223,15,,,0,100,,1609224,15,,,0,100,,1609225,15,,,0,100,,1609226,15,,,0,100,,1609227,15,,,0,102,,1609228,15,,,0,28,,1609215,11,,,0,2,,1609229,15,,,0,70,,1609230,15,,,0,29,,1609231,15,,,0,69,,1609232,15,,,0,59,,1609233,15,,,0,100,,1609234,15,,,0,100,,1609235,15,,,0,100,,1609236,15,,,0,100,,1609237,15,,,0
8601,'20261010',759,,1551141,15,,,0,100,,1551149,15,,,0,100,,1551145,15,,,0,141,,1551150,15,,,0,100,,1551142,15,,,0,100,,1551151,15,,,0,100,,1551146,15,,,0,100,,1551152,15,,,0,100,,1551147,15,,,0,100,,1551153,15,,,0,100,,1551143,15,,,0,59,,1551154,15,,,0,100,,1551148,15,,,0,100,,1551155,15,,,0,100,,1551144,15,,,0,100,,1551156,15,,,0
8601,'20261011',759,,1551160,15,,,0,100,,1551165,15,,,0,100,,1551161,15,,,0,141,,1551166,15,,,0,100,,1551157,15,,,0,100,,1551167,15,,,0,100,,1551162,15,,,0,100,,1551168,15,,,0,100,,1551163,15,,,0,100,,1551169,15,,,0,100,,1551158,15,,,0,59,,1551170,15,,,0,100,,1551164,15,,,0,100,,1551171,15,,,0,100,,1551159,15,,,0,100,,1551172,15,,,0
8601,'20261012',759,,1551176,15,,,0,100,,1551181,15,,,0,100,,1551177,15,,,0,141,,1551182,15,,,0,100,,1551173,15,,,0,100,,1551183,15,,,0,100,,1551178,15,,,0,100,,1551184,15,,,0,100,,1551179,15,,,0,100,,1551185,15,,,0,100,,1551174,15,,,0,59,,1551186,15,,,0,100,,1551180,15,,,0,100,,1551187,15,,,0,100,,1551175,15,,,0,100,,1551188,15,,,0
8601,'20261013',629,,1577498,15,,,0,30,,1577488,15,,,0,76,,1577489,15,,,0,65,,1577490,15,,,0,30,,1577501,15,,,0,70,,1577504,15,,,0,100,,1577502,15,,,0,100,,1577505,15,,,0,100,,1577500,15,,,0,100,,1577506,15,,,0,100,,1577499,15,,,0,100,,1577507,15,,,0,102,,1577494,15,,,0,28,,1577511,11,,,0,2,,1577497,15,,,0,70,,1577493,15,,,0,29,,1577496,15,,,0,69,,1577491,15,,,0,59,,1577508,15,,,0,100,,1577495,15,,,0,100,,1577509,15,,,0,100,,1577492,15,,,0,100,,1577503,15,,,0
8601,'20261014',629,,1577522,15,,,0,30,,1577512,15,,,0,76,,1577513,15,,,0,65,,1577514,15,,,0,30,,1577525,15,,,0,70,,1577528,15,,,0,100,,1577526,15,,,0,100,,1577529,15,,,0,100,,1577524,15,,,0,100,,1577530,15,,,0,100,,1577523,15,,,0,100,,1577531,15,,,0,102,,1577518,15,,,0,28,,1577535,11,,,0,2,,1577521,15,,,0,70,,1577517,15,,,0,29,,1577520,15,,,0,69,,1577515,15,,,0,59,,1577532,15,,,0,100,,1577519,15,,,0,100,,1577533,15,,,0,100,,1577516,15,,,0,100,,1577527,15,,,0
8601,'20261015',629,,1577546,15,,,0,30,,1577536,15,,,0,76,,1577537,15,,,0,65,,1577538,15,,,0,30,,1577549,15,,,0,70,,1577552,15,,,0,100,,1577550,15,,,0,100,,1577553,15,,,0,100,,1577548,15,,,0,100,,1577554,15,,,0,100,,1577547,15,,,0,100,,1577555,15,,,0,102,,1577542,15,,,0,28,,1577559,11,,,0,2,,1577545,15,,,0,70,,1577541,15,,,0,29,,1577544,15,,,0,69,,1577539,15,,,0,59,,1577556,15,,,0,100,,1577543,15,,,0,100,,1577557,15,,,0,100,,1577540,15,,,0,100,,1577551,15,,,0
8601,'20261016',629,,1577570,15,,,0,30,,1577560,15,,,0,76,,1577561,15,,,0,65,,1577562,15,,,0,30,,1577573,15,,,0,70,,1577576,15,,,0,100,,1577574,15,,,0,100,,1577577,15,,,0,100,,1577572,15,,,0,100,,1577578,15,,,0,100,,1577571,15,,,0,100,,1577579,15,,,0,102,,1577566,15,,,0,28,,1577583,11,,,0,2,,1577569,15,,,0,70,,1577565,15,,,0,29,,1577568,15,,,0,69,,1577563,15,,,0,59,,1577580,15,,,0,100,,1577567,15,,,0,100,,1577581,15,,,0,100,,1577564,15,,,0,100,,1577575,15,,,0
8601,'20261017',759,,1609238,15,,,0,100,,1609246,15,,,0,100,,1609242,15,,,0,141,,1609247,15,,,0,100,,1609239,15,,,0,100,,1609248,15,,,0,100,,1609243,15,,,0,100,,1609249,15,,,0,100,,1609244,15,,,0,100,,1609250,15,,,0,100,,1609240,15,,,0,59,,1609251,15,,,0,100,,1609245,15,,,0,100,,1609252,15,,,0,100,,1609241,15,,,0,100,,1609253,15,,,0
8601,'20261018',759,,1609257,15,,,0,100,,1609262,15,,,0,100,,1609258,15,,,0,141,,1609263,15,,,0,100,,1609254,15,,,0,100,,1609264,15,,,0,100,,1609259,15,,,0,100,,1609265,15,,,0,100,,1609260,15,,,0,100,,1609266,15,,,0,100,,1609255,15,,,0,59,,1609267,15,,,0,100,,1609261,15,,,0,100,,1609268,15,,,0,100,,1609256,15,,,0,100,,1609269,15,,,0
8601,'20261019',629,,1609280,15,,,0,30,,1609270,15,,,0,76,,1609271,15,,,0,65,,1609272,15,,,0,30,,1609283,15,,,0,70,,1609286,15,,,0,100,,1609284,15,,,0,100,,1609287,15,,,0,100,,1609282,15,,,0,100,,1609288,15,,,0,100,,1609281,15,,,0,100,,1609289,15,,,0,102,,1609276,15,,,0,28,,1609293,11,,,0,2,,1609279,15,,,0,70,,1609275,15,,,0,29,,1609278,15,,,0,69,,1609273,15,,,0,59,,1609290,15,,,0,100,,1609277,15,,,0,100,,1609291,15,,,0,100,,1609274,15,,,0,100,,1609285,15,,,0
8601,'20261020',629,,1609304,15,,,0,30,,1609294,15,,,0,76,,1609295,15,,,0,65,,1609296,15,,,0,30,,1609307,15,,,0,70,,1609310,15,,,0,100,,1609308,15,,,0,100,,1609311,15,,,0,100,,1609306,15,,,0,100,,1609312,15,,,0,100,,1609305,15,,,0,100,,1609313,15,,,0,102,,1609300,15,,,0,28,,1609317,11,,,0,2,,1609303,15,,,0,70,,1609299,15,,,0,29,,1609302,15,,,0,69,,1609297,15,,,0,59,,1609314,15,,,0,100,,1609301,15,,,0,100,,1609315,15,,,0,100,,1609298,15,,,0,100,,1609309,15,,,0
