1901,'20261006',635,,1598641,27,,,0,71,,1598642,27,,,0,40,,1598643,27,,,0,70,,1598644,27,,,0,25,,1598645,27,,,0,67,,1598646,27,,,0,29,,1598647,27,,,0,100,,1598648,27,,,0,101,,1598649,27,,,0,100,,1598650,27,,,0,100,,1598651,27,,,0,99,,1598652,27,,,0,102,,1598653,27,,,0,72,,1598640,27,,,0,33,,1598654,27,,,0,72,,1598655,27,,,0,29,,1598656,27,,,0,65,,1598657,27,,,0,29,,1598658,27,,,0,97,,1598659,27,,,0,99,,1598660,27,,,0,99,,1598661,27,,,0,100,,1598662,27,,,0,99,,1598663,27,,,0,100,,1598664,27,,,0
1901,'20261007',635,,1598666,27,,,0,71,,1598667,27,,,0,40,,1598668,27,,,0,70,,1598669,27,,,0,25,,1598670,27,,,0,67,,1598671,27,,,0,29,,1598672,27,,,0,100,,1598673,27,,,0,101,,1598674,27,,,0,100,,1598675,27,,,0,100,,1598676,27,,,0,99,,1598677,27,,,0,102,,1598678,27,,,0,72,,1598665,27,,,0,33,,1598679,27,,,0,72,,1598680,27,,,0,29,,1598681,27,,,0,65,,1598682,27,,,0,29,,1598683,27,,,0,97,,1598684,27,,,0,99,,1598685,27,,,0,99,,1598686,27,,,0,100,,1598687,27,,,0,99,,1598688,27,,,0,100,,1598689,27,,,0
1901,'20261008',635,,1598691,27,,,0,71,,1598692,27,,,0,40,,1598693,27,,,0,70,,1598694,27,,,0,25,,1598695,27,,,0,67,,1598696,27,,,0,29,,1598697,27,,,0,100,,1598698,27,,,0,101,,1598699,27,,,0,100,,1598700,27,,,0,100,,1598701,27,,,0,99,,1598702,27,,,0,102,,1598703,27,,,0,72,,1598690,27,,,0,33,,1598704,27,,,0,72,,1598705,27,,,0,29,,1598706,27,,,0,65,,1598707,27,,,0,29,,1598708,27,,,0,97,,1598709,27,,,0,99,,1598710,27,,,0,99,,1598711,27,,,0,100,,1598712,27,,,0,99,,1598713,27,,,0,100,,1598714,27,,,0
1901,'20261009',635,,1598716,27,,,0,71,,1598717,27,,,0,40,,1598718,27,,,0,70,,1598719,27,,,0,25,,1598720,27,,,0,67,,1598721,27,,,0,29,,1598722,27,,,0,100,,1598723,27,,,0,101,,1598724,27,,,0,100,,1598725,27,,,0,100,,1598726,27,,,0,99,,1598727,27,,,0,102,,1598728,27,,,0,72,,1598715,27,,,0,33,,1598729,27,,,0,72,,1598730,27,,,0,29,,1598731,27,,,0,65,,1598732,27,,,0,29,,1598733,27,,,0,97,,1598734,27,,,0,99,,1598735,27,,,0,99,,1598736,27,,,0,100,,1598737,27,,,0,99,,1598738,27,,,0,100,,1598739,27,,,0
1901,'20261010',627,,1543827,27,,,0,100,,1543828,27,,,0,100,,1543829,27,,,0,102,,1543830,27,,,0,100,,1543831,27,,,0,102,,1543832,27,,,0,100,,1543833,27,,,0,101,,1543834,27,,,0,101,,1543835,27,,,0,100,,1543836,27,,,0,99,,1543837,27,,,0,99,,1543838,27,,,0,99,,1543839,27,,,0,99,,1543840,27,,,0,99,,1543841,27,,,0,100,,1543842,27,,,0,100,,1543843,27,,,0,99,,1543844,27,,,0,100,,1543845,27,,,0
1901,'20261011',627,,1543846,27,,,0,100,,1543847,27,,,0,100,,1543848,27,,,0,102,,1543849,27,,,0,100,,1543850,27,,,0,102,,1543851,27,,,0,100,,1543852,27,,,0,101,,1543853,27,,,0,101,,1543854,27,,,0,100,,1543855,27,,,0,99,,1543856,27,,,0,99,,1543857,27,,,0,99,,1543858,27,,,0,99,,1543859,27,,,0,99,,1543860,27,,,0,100,,1543861,27,,,0,100,,1543862,27,,,0,99,,1543863,27,,,0,100,,1543864,27,,,0
1901,'20261012',627,,1543865,27,,,0,100,,1543866,27,,,0,100,,1543867,27,,,0,102,,1543868,27,,,0,100,,1543869,27,,,0,102,,1543870,27,,,0,100,,1543871,27,,,0,101,,1543872,27,,,0,101,,1543873,27,,,0,100,,1543874,27,,,0,99,,1543875,27,,,0,99,,1543876,27,,,0,99,,1543877,27,,,0,99,,1543878,27,,,0,99,,1543879,27,,,0,100,,1543880,27,,,0,100,,1543881,27,,,0,99,,1543882,27,,,0,100,,1543883,27,,,0
1901,'20261013',635,,1567013,27,,,0,71,,1567014,27,,,0,40,,1567015,27,,,0,70,,1567016,27,,,0,25,,1567017,27,,,0,67,,1567018,27,,,0,29,,1567019,27,,,0,100,,1567020,27,,,0,101,,1567021,27,,,0,100,,1567022,27,,,0,100,,1567023,27,,,0,99,,1567024,27,,,0,102,,1567025,27,,,0,72,,1567026,27,,,0,33,,1567027,27,,,0,72,,1567028,27,,,0,29,,1567029,27,,,0,65,,1567030,27,,,0,29,,1567031,27,,,0,97,,1567032,27,,,0,99,,1567033,27,,,0,99,,1567034,27,,,0,100,,1567035,27,,,0,99,,1567036,27,,,0,100,,1567037,27,,,0
1901,'20261014',635,,1567038,27,,,0,71,,1567039,27,,,0,40,,1567040,27,,,0,70,,1567041,27,,,0,25,,1567042,27,,,0,67,,1567043,27,,,0,29,,1567044,27,,,0,100,,1567045,27,,,0,101,,1567046,27,,,0,100,,1567047,27,,,0,100,,1567048,27,,,0,99,,1567049,27,,,0,102,,1567050,27,,,0,72,,1567051,27,,,0,33,,1567052,27,,,0,72,,1567053,27,,,0,29,,1567054,27,,,0,65,,1567055,27,,,0,29,,1567056,27,,,0,97,,1567057,27,,,0,99,,1567058,27,,,0,99,,1567059,27,,,0,100,,1567060,27,,,0,99,,1567061,27,,,0,100,,1567062,27,,,0
1901,'20261015',635,,1567063,27,,,0,71,,1567064,27,,,0,40,,1567065,27,,,0,70,,1567066,27,,,0,25,,1567067,27,,,0,67,,1567068,27,,,0,29,,1567069,27,,,0,100,,1567070,27,,,0,101,,1567071,27,,,0,100,,1567072,27,,,0,100,,1567073,27,,,0,99,,1567074,27,,,0,102,,1567075,27,,,0,72,,1567076,27,,,0,33,,1567077,27,,,0,72,,1567078,27,,,0,29,,1567079,27,,,0,65,,1567080,27,,,0,29,,1567081,27,,,0,97,,1567082,27,,,0,99,,1567083,27,,,0,99,,1567084,27,,,0,100,,1567085,27,,,0,99,,1567086,27,,,0,100,,1567087,27,,,0
1901,'20261016',635,,1567088,27,,,0,71,,1567089,27,,,0,40,,1567090,27,,,0,70,,1567091,27,,,0,25,,1567092,27,,,0,67,,1567093,27,,,0,29,,1567094,27,,,0,100,,1567095,27,,,0,101,,1567096,27,,,0,100,,1567097,27,,,0,100,,1567098,27,,,0,99,,1567099,27,,,0,102,,1567100,27,,,0,72,,1567101,27,,,0,33,,1567102,27,,,0,72,,1567103,27,,,0,29,,1567104,27,,,0,65,,1567105,27,,,0,29,,1567106,27,,,0,97,,1567107,27,,,0,99,,1567108,27,,,0,99,,1567109,27,,,0,100,,1567110,27,,,0,99,,1567111,27,,,0,100,,1567112,27,,,0
1901,'20261017',627,,1598740,27,,,0,100,,1598741,27,,,0,100,,1598742,27,,,0,102,,1598743,27,,,0,100,,1598744,27,,,0,102,,1598745,27,,,0,100,,1598746,27,,,0,101,,1598747,27,,,0,101,,1598748,27,,,0,100,,1598749,27,,,0,99,,1598750,27,,,0,99,,1598751,27,,,0,99,,1598752,27,,,0,99,,1598753,27,,,0,99,,1598754,27,,,0,100,,1598755,27,,,0,100,,1598756,27,,,0,99,,1598757,27,,,0,100,,1598758,27,,,0
1901,'20261018',627,,1598759,27,,,0,100,,1598760,27,,,0,100,,1598761,27,,,0,102,,1598762,27,,,0,100,,1598763,27,,,0,102,,1598764,27,,,0,100,,1598765,27,,,0,101,,1598766,27,,,0,101,,1598767,27,,,0,100,,1598768,27,,,0,99,,1598769,27,,,0,99,,1598770,27,,,0,99,,1598771,27,,,0,99,,1598772,27,,,0,99,,1598773,27,,,0,100,,1598774,27,,,0,100,,1598775,27,,,0,99,,1598776,27,,,0,100,,1598777,27,,,0
1901,'20261019',635,,1598778,27,,,0,71,,1598779,27,,,0,40,,1598780,27,,,0,70,,1598781,27,,,0,25,,1598782,27,,,0,67,,1598783,27,,,0,29,,1598784,27,,,0,100,,1598785,27,,,0,101,,1598786,27,,,0,100,,1598787,27,,,0,100,,1598788,27,,,0,99,,1598789,27,,,0,102,,1598790,27,,,0,72,,1598791,27,,,0,33,,1598792,27,,,0,72,,1598793,27,,,0,29,,1598794,27,,,0,65,,1598795,27,,,0,29,,1598796,27,,,0,97,,1598797,27,,,0,99,,1598798,27,,,0,99,,1598799,27,,,0,100,,1598800,27,,,0,99,,1598801,27,,,0,100,,1598802,27,,,0
1901,'20261020',635,,1598803,27,,,0,71,,1598804,27,,,0,40,,1598805,27,,,0,70,,1598806,27,,,0,25,,1598807,27,,,0,67,,1598808,27,,,0,29,,1598809,27,,,0,100,,1598810,27,,,0,101,,1598811,27,,,0,100,,1598812,27,,,0,100,,1598813,27,,,0,99,,1598814,27,,,0,102,,1598815,27,,,0,72,,1598816,27,,,0,33,,1598817,27,,,0,72,,1598818,27,,,0,29,,1598819,27,,,0,65,,1598820,27,,,0,29,,1598821,27,,,0,97,,1598822,27,,,0,99,,1598823,27,,,0,99,,1598824,27,,,0,100,,1598825,27,,,0,99,,1598826,27,,,0,100,,1598827,27,,,0
28302,'20261006',701,,1612662,49,4,,0,28,,1612663,49,4,,0,76,,1612664,49,4,,0
28302,'20261007',701,,1612665,49,4,,0,28,,1612666,49,4,,0,76,,1612667,49,4,,0
28302,'20261008',701,,1612668,49,4,,0,28,,1612669,49,4,,0,76,,1612670,49,4,,0
28302,'20261009',701,,1612671,49,4,,0,28,,1612672,49,4,,0,76,,1612673,49,4,,0
28302,'20261013',701,,1580923,49,4,,0,28,,1580921,49,4,,0,76,,1580922,49,4,,0
28302,'20261014',701,,1580926,49,4,,0,28,,1580924,49,4,,0,76,,1580925,49,4,,0
28302,'20261015',701,,1580929,49,4,,0,28,,1580927,49,4,,0,76,,1580928,49,4,,0
28302,'20261016',701,,1580932,49,4,,0,28,,1580930,49,4,,0,76,,1580931,49,4,,0
28302,'20261019',701,,1612676,49,4,,0,28,,1612674,49,4,,0,76,,1612675,49,4,,0
28302,'20261020',701,,1612679,49,4,,0,28,,1612677,49,4,,0,76,,1612678,49,4,,0
29102,'20261006',640,,1612878,56,4,,0,69,,1612879,56,4,,0,26,,1612880,56,4,,0,73,,1612881,56,4,,0
29102,'20261007',640,,1612882,56,4,,0,69,,1612883,56,4,,0,26,,1612884,56,4,,0,73,,1612885,56,4,,0
29102,'20261008',640,,1612886,56,4,,0,69,,1612887,56,4,,0,26,,1612888,56,4,,0,73,,1612889,56,4,,0
29102,'20261009',640,,1612890,56,4,,0,69,,1612891,56,4,,0,26,,1612892,56,4,,0,73,,1612893,56,4,,0
29102,'20261013',640,,1581139,56,4,,0,69,,1581142,56,4,,0,26,,1581140,56,4,,0,73,,1581141,56,4,,0
29102,'20261014',640,,1581143,56,4,,0,69,,1581146,56,4,,0,26,,1581144,56,4,,0,73,,1581145,56,4,,0
29102,'20261015',640,,1581147,56,4,,0,69,,1581150,56,4,,0,26,,1581148,56,4,,0,73,,1581149,56,4,,0
29102,'20261016',640,,1581151,56,4,,0,69,,1581154,56,4,,0,26,,1581152,56,4,,0,73,,1581153,56,4,,0
29102,'20261019',640,,1612894,56,4,,0,69,,1612897,56,4,,0,26,,1612895,56,4,,0,73,,1612896,56,4,,0
29102,'20261020',640,,1612898,56,4,,0,69,,1612901,56,4,,0,26,,1612899,56,4,,0,73,,1612900,56,4,,0
29202,'20261006',710,,1612926,32,4,,0,22,,1612927,32,4,,0,75,,1612928,32,4,,0
29202,'20261007',710,,1612929,32,4,,0,22,,1612930,32,4,,0,75,,1612931,32,4,,0
29202,'20261008',710,,1612932,32,4,,0,22,,1612933,32,4,,0,75,,1612934,32,4,,0
29202,'20261009',710,,1612935,32,4,,0,22,,1612936,32,4,,0,75,,1612937,32,4,,0
29202,'20261013',710,,1581187,32,4,,0,22,,1581186,32,4,,0,75,,1581185,32,4,,0
29202,'20261014',710,,1581190,32,4,,0,22,,1581189,32,4,,0,75,,1581188,32,4,,0
29202,'20261015',710,,1581193,32,4,,0,22,,1581192,32,4,,0,75,,1581191,32,4,,0
29202,'20261016',710,,1581196,32,4,,0,22,,1581195,32,4,,0,75,,1581194,32,4,,0
29202,'20261019',710,,1612940,32,4,,0,22,,1612939,32,4,,0,75,,1612938,32,4,,0
29202,'20261020',710,,1612943,32,4,,0,22,,1612942,32,4,,0,75,,1612941,32,4,,0
29402,'20261006',641,,1612962,46,4,,0,95,,1612963,46,4,,0,72,,1612964,46,4,,0
29402,'20261007',641,,1612965,46,4,,0,95,,1612966,46,4,,0,72,,1612967,46,4,,0
29402,'20261008',641,,1612968,46,4,,0,95,,1612969,46,4,,0,72,,1612970,46,4,,0
29402,'20261009',641,,1612971,46,4,,0,95,,1612972,46,4,,0,72,,1612973,46,4,,0
29402,'20261013',641,,1581221,46,4,,0,95,,1581222,46,4,,0,72,,1581223,46,4,,0
29402,'20261014',641,,1581224,46,4,,0,95,,1581225,46,4,,0,72,,1581226,46,4,,0
29402,'20261015',641,,1581227,46,4,,0,95,,1581228,46,4,,0,72,,1581229,46,4,,0
29402,'20261016',641,,1581230,46,4,,0,95,,1581231,46,4,,0,72,,1581232,46,4,,0
29402,'20261019',641,,1612974,46,4,,0,95,,1612975,46,4,,0,72,,1612976,46,4,,0
29402,'20261020',641,,1612977,46,4,,0,95,,1612978,46,4,,0,72,,1612979,46,4,,0
80702,'20261006',541,,1623848,30,,,1,15,,1623849,30,,,1,54,,1623850,30,,,1,16,,1623851,30,,,1,18,,1623852,30,,,1,57,,1623853,30,,,1,15,,1623854,30,,,1,6,,1623855,30,,,1,9,,1623856,30,,,1,8,,1623857,30,,,1,12,,1623858,30,,,1,4,,1623859,30,,,1,48,,1623860,30,,,1,3,,1623861,30,,,1,9,,1623862,30,,,1,8,,1623863,30,,,1,4,,1623864,30,,,1,5,,1623865,30,,,1,10,,1623866,30,,,1,6,,1623867,30,,,1,11,,1623868,30,,,1,50,,1623869,30,,,1,11,,1623870,30,,,1,10,,1623871,30,,,1,13,,1623872,30,,,1,14,,1623873,30,,,1,54,,1623874,30,,,1,15,,1623875,30,,,1,15,,1623876,30,,,1,15,,1623877,30,,,1,55,,1623878,30,,,1,14,,1623879,30,,,1,14,,1623880,30,,,1,15,,1623881,30,,,1,54,,1623882,30,,,1,15,,1623883,30,,,1,16,,1623884,30,,,1,12,,1623885,30,,,1,53,,1623886,30,,,1,12,,1623887,30,,,1,12,,1623888,30,,,1,12,,1623889,30,,,1,12,,1623890,30,,,1,52,,1623891,30,,,1,12,,1623892,30,,,1,16,,1623893,30,,,1,7,,1623894,30,,,1,11,,1623895,30,,,1,54,,1623896,30,,,1,14,,1623897,30,,,1,10,,1623898,30,,,1,12,,1623899,30,,,1,10,,1623900,30,,,1,51,,1623901,30,,,1,12,,1623902,30,,,1,9,,1623903,30,,,1,11,,1623904,30,,,1,10,,1623905,30,,,1,11,,1623906,30,,,1,50,,1623907,30,,,1,10,,1623908,30,,,1,10,,1623909,30,,,1,9,,1623910,30,,,1,12,,1623911,30,,,1,9,,1623912,30,,,1,52,,1623913,30,,,1,12,,1623914,30,,,1,13,,1623915,30,,,1,13,,1623916,30,,,1,14,,1623917,30,,,1,55,,1623918,30,,,1,13,,1623919,30,,,1,16,,1623920,30,,,1,14,,1623921,30,,,1,55,,1623922,30,,,1,15,,1623923,30,,,1,15,,1623924,30,,,1,15,,1623925,30,,,1,55,,1623926,30,,,1,15,,1623927,30,,,1,14,,1623928,30,,,1,15,,1623929,30,,,1,55,,1623930,30,,,1,15,,1623931,30,,,1,14,,1623932,30,,,1,15,,1623933,30,,,1,54,,1623934,30,,,1,15,,1623935,30,,,1,15,,1623936,30,,,1,14,,1623937,30,,,1,56,,1623938,30,,,1,16,,1623939,30,,,1,14,,1623940,30,,,1,14,,1623941,30,,,1,54,,1623942,30,,,1,15,,1623943,30,,,1
80702,'20261007',541,,1623944,30,,,1,15,,1623945,30,,,1,54,,1623946,30,,,1,16,,1623947,30,,,1,18,,1623948,30,,,1,57,,1623949,30,,,1,15,,1623950,30,,,1,6,,1623951,30,,,1,9,,1623952,30,,,1,8,,1623953,30,,,1,12,,1623954,30,,,1,4,,1623955,30,,,1,48,,1623956,30,,,1,3,,1623957,30,,,1,9,,1623958,30,,,1,8,,1623959,30,,,1,4,,1623960,30,,,1,5,,1623961,30,,,1,10,,1623962,30,,,1,6,,1623963,30,,,1,11,,1623964,30,,,1,50,,1623965,30,,,1,11,,1623966,30,,,1,10,,1623967,30,,,1,13,,1623968,30,,,1,14,,1623969,30,,,1,54,,1623970,30,,,1,15,,1623971,30,,,1,15,,1623972,30,,,1,15,,1623973,30,,,1,55,,1623974,30,,,1,14,,1623975,30,,,1,14,,1623976,30,,,1,15,,1623977,30,,,1,54,,1623978,30,,,1,15,,1623979,30,,,1,16,,1623980,30,,,1,12,,1623981,30,,,1,53,,1623982,30,,,1,12,,1623983,30,,,1,12,,1623984,30,,,1,12,,1623985,30,,,1,12,,1623986,30,,,1,52,,1623987,30,,,1,12,,1623988,30,,,1,16,,1623989,30,,,1,7,,1623990,30,,,1,11,,1623991,30,,,1,54,,1623992,30,,,1,14,,1623993,30,,,1,10,,1623994,30,,,1,12,,1623995,30,,,1,10,,1623996,30,,,1,51,,1623997,30,,,1,12,,1623998,30,,,1,9,,1623999,30,,,1,11,,1624000,30,,,1,10,,1624001,30,,,1,11,,1624002,30,,,1,50,,1624003,30,,,1,10,,1624004,30,,,1,10,,1624005,30,,,1,9,,1624006,30,,,1,12,,1624007,30,,,1,9,,1624008,30,,,1,52,,1624009,30,,,1,12,,1624010,30,,,1,13,,1624011,30,,,1,13,,1624012,30,,,1,14,,1624013,30,,,1,55,,1624014,30,,,1,13,,1624015,30,,,1,16,,1624016,30,,,1,14,,1624017,30,,,1,55,,1624018,30,,,1,15,,1624019,30,,,1,15,,1624020,30,,,1,15,,1624021,30,,,1,55,,1624022,30,,,1,15,,1624023,30,,,1,14,,1624024,30,,,1,15,,1624025,30,,,1,55,,1624026,30,,,1,15,,1624027,30,,,1,14,,1624028,30,,,1,15,,1624029,30,,,1,54,,1624030,30,,,1,15,,1624031,30,,,1,15,,1624032,30,,,1,14,,1624033,30,,,1,56,,1624034,30,,,1,16,,1624035,30,,,1,14,,1624036,30,,,1,14,,1624037,30,,,1,54,,1624038,30,,,1,15,,1624039,30,,,1
80702,'20261008',541,,1624040,30,,,1,15,,1624041,30,,,1,54,,1624042,30,,,1,16,,1624043,30,,,1,18,,1624044,30,,,1,57,,1624045,30,,,1,15,,1624046,30,,,1,6,,1624047,30,,,1,9,,1624048,30,,,1,8,,1624049,30,,,1,12,,1624050,30,,,1,4,,1624051,30,,,1,48,,1624052,30,,,1,3,,1624053,30,,,1,9,,1624054,30,,,1,8,,1624055,30,,,1,4,,1624056,30,,,1,5,,1624057,30,,,1,10,,1624058,30,,,1,6,,1624059,30,,,1,11,,1624060,30,,,1,50,,1624061,30,,,1,11,,1624062,30,,,1,10,,1624063,30,,,1,13,,1624064,30,,,1,14,,1624065,30,,,1,54,,1624066,30,,,1,15,,1624067,30,,,1,15,,1624068,30,,,1,15,,1624069,30,,,1,55,,1624070,30,,,1,14,,1624071,30,,,1,14,,1624072,30,,,1,15,,1624073,30,,,1,54,,1624074,30,,,1,15,,1624075,30,,,1,16,,1624076,30,,,1,12,,1624077,30,,,1,53,,1624078,30,,,1,12,,1624079,30,,,1,12,,1624080,30,,,1,12,,1624081,30,,,1,12,,1624082,30,,,1,52,,1624083,30,,,1,12,,1624084,30,,,1,16,,1624085,30,,,1,7,,1624086,30,,,1,11,,1624087,30,,,1,54,,1624088,30,,,1,14,,1624089,30,,,1,10,,1624090,30,,,1,12,,1624091,30,,,1,10,,1624092,30,,,1,51,,1624093,30,,,1,12,,1624094,30,,,1,9,,1624095,30,,,1,11,,1624096,30,,,1,10,,1624097,30,,,1,11,,1624098,30,,,1,50,,1624099,30,,,1,10,,1624100,30,,,1,10,,1624101,30,,,1,9,,1624102,30,,,1,12,,1624103,30,,,1,9,,1624104,30,,,1,52,,1624105,30,,,1,12,,1624106,30,,,1,13,,1624107,30,,,1,13,,1624108,30,,,1,14,,1624109,30,,,1,55,,1624110,30,,,1,13,,1624111,30,,,1,16,,1624112,30,,,1,14,,1624113,30,,,1,55,,1624114,30,,,1,15,,1624115,30,,,1,15,,1624116,30,,,1,15,,1624117,30,,,1,55,,1624118,30,,,1,15,,1624119,30,,,1,14,,1624120,30,,,1,15,,1624121,30,,,1,55,,1624122,30,,,1,15,,1624123,30,,,1,14,,1624124,30,,,1,15,,1624125,30,,,1,54,,1624126,30,,,1,15,,1624127,30,,,1,15,,1624128,30,,,1,14,,1624129,30,,,1,56,,1624130,30,,,1,16,,1624131,30,,,1,14,,1624132,30,,,1,14,,1624133,30,,,1,54,,1624134,30,,,1,15,,1624135,30,,,1
80702,'20261009',541,,1624136,30,,,1,15,,1624137,30,,,1,54,,1624138,30,,,1,16,,1624139,30,,,1,18,,1624140,30,,,1,57,,1624141,30,,,1,15,,1624142,30,,,1,6,,1624143,30,,,1,9,,1624144,30,,,1,8,,1624145,30,,,1,12,,1624146,30,,,1,4,,1624147,30,,,1,48,,1624148,30,,,1,3,,1624149,30,,,1,9,,1624150,30,,,1,8,,1624151,30,,,1,4,,1624152,30,,,1,5,,1624153,30,,,1,10,,1624154,30,,,1,6,,1624155,30,,,1,11,,1624156,30,,,1,50,,1624157,30,,,1,11,,1624158,30,,,1,10,,1624159,30,,,1,13,,1624160,30,,,1,14,,1624161,30,,,1,54,,1624162,30,,,1,15,,1624163,30,,,1,15,,1624164,30,,,1,15,,1624165,30,,,1,55,,1624166,30,,,1,14,,1624167,30,,,1,14,,1624168,30,,,1,15,,1624169,30,,,1,54,,1624170,30,,,1,15,,1624171,30,,,1,16,,1624172,30,,,1,12,,1624173,30,,,1,53,,1624174,30,,,1,12,,1624175,30,,,1,12,,1624176,30,,,1,12,,1624177,30,,,1,12,,1624178,30,,,1,52,,1624179,30,,,1,12,,1624180,30,,,1,16,,1624181,30,,,1,7,,1624182,30,,,1,11,,1624183,30,,,1,54,,1624184,30,,,1,14,,1624185,30,,,1,10,,1624186,30,,,1,12,,1624187,30,,,1,10,,1624188,30,,,1,51,,1624189,30,,,1,12,,1624190,30,,,1,9,,1624191,30,,,1,11,,1624192,30,,,1,10,,1624193,30,,,1,11,,1624194,30,,,1,50,,1624195,30,,,1,10,,1624196,30,,,1,10,,1624197,30,,,1,9,,1624198,30,,,1,12,,1624199,30,,,1,9,,1624200,30,,,1,52,,1624201,30,,,1,12,,1624202,30,,,1,13,,1624203,30,,,1,13,,1624204,30,,,1,14,,1624205,30,,,1,55,,1624206,30,,,1,13,,1624207,30,,,1,16,,1624208,30,,,1,14,,1624209,30,,,1,55,,1624210,30,,,1,15,,1624211,30,,,1,15,,1624212,30,,,1,15,,1624213,30,,,1,55,,1624214,30,,,1,15,,1624215,30,,,1,14,,1624216,30,,,1,15,,1624217,30,,,1,55,,1624218,30,,,1,15,,1624219,30,,,1,14,,1624220,30,,,1,15,,1624221,30,,,1,54,,1624222,30,,,1,15,,1624223,30,,,1,15,,1624224,30,,,1,14,,1624225,30,,,1,56,,1624226,30,,,1,16,,1624227,30,,,1,14,,1624228,30,,,1,14,,1624229,30,,,1,54,,1624230,30,,,1,15,,1624231,30,,,1
80702,'20261010',601,,1561098,30,,,1,15,,1561099,30,,,1,15,,1561100,30,,,1,15,,1561174,30,,,1,55,,1561101,30,,,1,15,,1561102,30,,,1,15,,1561175,30,,,1,15,,1561103,30,,,1,55,,1561104,30,,,1,15,,1561105,30,,,1,14,,1561106,30,,,1,14,,1561107,30,,,1,56,,1561108,30,,,1,15,,1561109,30,,,1,15,,1561110,30,,,1,15,,1561111,30,,,1,55,,1561112,30,,,1,16,,1561113,30,,,1,15,,1561114,30,,,1,16,,1561115,30,,,1,55,,1561116,30,,,1,15,,1561117,30,,,1,15,,1561118,30,,,1,15,,1561119,30,,,1,55,,1561120,30,,,1,15,,1561121,30,,,1,16,,1561122,30,,,1,14,,1561123,30,,,1,54,,1561124,30,,,1,15,,1561125,30,,,1,15,,1561126,30,,,1,15,,1561127,30,,,1,55,,1561128,30,,,1,15,,1561129,30,,,1,15,,1561130,30,,,1,15,,1561131,30,,,1,55,,1561132,30,,,1,15,,1561133,30,,,1,15,,1561134,30,,,1,15,,1561135,30,,,1,55,,1561136,30,,,1,15,,1561137,30,,,1,15,,1561138,30,,,1,15,,1561139,30,,,1,55,,1561140,30,,,1,16,,1561141,30,,,1,15,,1561142,30,,,1,15,,1561143,30,,,1,55,,1561144,30,,,1,15,,1561145,30,,,1,14,,1561146,30,,,1,15,,1561147,30,,,1,55,,1561148,30,,,1,15,,1561149,30,,,1,15,,1561150,30,,,1,14,,1561151,30,,,1,55,,1561152,30,,,1,15,,1561153,30,,,1,14,,1561154,30,,,1,16,,1561155,30,,,1,55,,1561156,30,,,1,15,,1561157,30,,,1,15,,1561158,30,,,1,15,,1561159,30,,,1,55,,1561160,30,,,1,15,,1561161,30,,,1,15,,1561162,30,,,1,15,,1561163,30,,,1,55,,1561164,30,,,1,15,,1561165,30,,,1,15,,1561166,30,,,1,16,,1561167,30,,,1,55,,1561168,30,,,1,14,,1561169,30,,,1,15,,1561170,30,,,1,15,,1561171,30,,,1,55,,1561172,30,,,1,15,,1561173,30,,,1
80702,'20261011',601,,1561176,30,,,1,15,,1561177,30,,,1,15,,1561178,30,,,1,15,,1561252,30,,,1,55,,1561179,30,,,1,15,,1561180,30,,,1,15,,1561253,30,,,1,15,,1561181,30,,,1,55,,1561182,30,,,1,15,,1561183,30,,,1,14,,1561184,30,,,1,14,,1561185,30,,,1,56,,1561186,30,,,1,15,,1561187,30,,,1,15,,1561188,30,,,1,15,,1561189,30,,,1,55,,1561190,30,,,1,16,,1561191,30,,,1,15,,1561192,30,,,1,16,,1561193,30,,,1,55,,1561194,30,,,1,15,,1561195,30,,,1,15,,1561196,30,,,1,15,,1561197,30,,,1,55,,1561198,30,,,1,15,,1561199,30,,,1,16,,1561200,30,,,1,14,,1561201,30,,,1,54,,1561202,30,,,1,15,,1561203,30,,,1,15,,1561204,30,,,1,15,,1561205,30,,,1,55,,1561206,30,,,1,15,,1561207,30,,,1,15,,1561208,30,,,1,15,,1561209,30,,,1,55,,1561210,30,,,1,15,,1561211,30,,,1,15,,1561212,30,,,1,15,,1561213,30,,,1,55,,1561214,30,,,1,15,,1561215,30,,,1,15,,1561216,30,,,1,15,,1561217,30,,,1,55,,1561218,30,,,1,16,,1561219,30,,,1,15,,1561220,30,,,1,15,,1561221,30,,,1,55,,1561222,30,,,1,15,,1561223,30,,,1,14,,1561224,30,,,1,15,,1561225,30,,,1,55,,1561226,30,,,1,15,,1561227,30,,,1,15,,1561228,30,,,1,14,,1561229,30,,,1,55,,1561230,30,,,1,15,,1561231,30,,,1,14,,1561232,30,,,1,16,,1561233,30,,,1,55,,1561234,30,,,1,15,,1561235,30,,,1,15,,1561237,30,,,1,15,,1561238,30,,,1,55,,1561239,30,,,1,15,,1561236,30,,,1,15,,1561240,30,,,1,15,,1561241,30,,,1,55,,1561242,30,,,1,15,,1561243,30,,,1,15,,1561244,30,,,1,16,,1561245,30,,,1,55,,1561246,30,,,1,14,,1561247,30,,,1,15,,1561248,30,,,1,15,,1561249,30,,,1,55,,1561250,30,,,1,15,,1561251,30,,,1
80702,'20261012',601,,1561254,30,,,1,15,,1561255,30,,,1,15,,1561256,30,,,1,15,,1561330,30,,,1,55,,1561257,30,,,1,15,,1561258,30,,,1,15,,1561331,30,,,1,15,,1561259,30,,,1,55,,1561260,30,,,1,15,,1561261,30,,,1,14,,1561262,30,,,1,14,,1561263,30,,,1,56,,1561264,30,,,1,15,,1561265,30,,,1,15,,1561266,30,,,1,15,,1561267,30,,,1,55,,1561268,30,,,1,16,,1561269,30,,,1,15,,1561270,30,,,1,16,,1561271,30,,,1,55,,1561272,30,,,1,15,,1561273,30,,,1,15,,1561274,30,,,1,15,,1561275,30,,,1,55,,1561276,30,,,1,15,,1561277,30,,,1,16,,1561278,30,,,1,14,,1561279,30,,,1,54,,1561280,30,,,1,15,,1561281,30,,,1,15,,1561282,30,,,1,15,,1561283,30,,,1,55,,1561284,30,,,1,15,,1561285,30,,,1,15,,1561286,30,,,1,15,,1561287,30,,,1,55,,1561288,30,,,1,15,,1561289,30,,,1,15,,1561290,30,,,1,15,,1561291,30,,,1,55,,1561292,30,,,1,15,,1561293,30,,,1,15,,1561294,30,,,1,15,,1561295,30,,,1,55,,1561296,30,,,1,16,,1561297,30,,,1,15,,1561298,30,,,1,15,,1561299,30,,,1,55,,1561300,30,,,1,15,,1561301,30,,,1,14,,1561302,30,,,1,15,,1561303,30,,,1,55,,1561304,30,,,1,15,,1561305,30,,,1,15,,1561306,30,,,1,14,,1561307,30,,,1,55,,1561308,30,,,1,15,,1561309,30,,,1,14,,1561310,30,,,1,16,,1561311,30,,,1,55,,1561312,30,,,1,15,,1561313,30,,,1,15,,1561315,30,,,1,15,,1561316,30,,,1,55,,1561317,30,,,1,15,,1561314,30,,,1,15,,1561318,30,,,1,15,,1561319,30,,,1,55,,1561320,30,,,1,15,,1561321,30,,,1,15,,1561322,30,,,1,16,,1561323,30,,,1,55,,1561324,30,,,1,14,,1561325,30,,,1,15,,1561326,30,,,1,15,,1561327,30,,,1,55,,1561328,30,,,1,15,,1561329,30,,,1
80702,'20261013',541,,1592463,30,,,1,15,,1592423,30,,,1,54,,1592424,30,,,1,16,,1592425,30,,,1,18,,1592426,30,,,1,57,,1592427,30,,,1,15,,1592428,30,,,1,6,,1592372,30,,,1,9,,1592454,30,,,1,8,,1592455,30,,,1,12,,1592461,30,,,1,4,,1592464,30,,,1,48,,1592456,30,,,1,3,,1592465,30,,,1,9,,1592457,30,,,1,8,,1592458,30,,,1,4,,1592466,30,,,1,5,,1592459,30,,,1,10,,1592460,30,,,1,6,,1592453,30,,,1,11,,1592373,30,,,1,50,,1592374,30,,,1,11,,1592375,30,,,1,10,,1592376,30,,,1,13,,1592377,30,,,1,14,,1592378,30,,,1,54,,1592379,30,,,1,15,,1592380,30,,,1,15,,1592381,30,,,1,15,,1592382,30,,,1,55,,1592383,30,,,1,14,,1592384,30,,,1,14,,1592385,30,,,1,15,,1592386,30,,,1,54,,1592387,30,,,1,15,,1592388,30,,,1,16,,1592389,30,,,1,12,,1592390,30,,,1,53,,1592391,30,,,1,12,,1592392,30,,,1,12,,1592393,30,,,1,12,,1592394,30,,,1,12,,1592395,30,,,1,52,,1592396,30,,,1,12,,1592397,30,,,1,16,,1592398,30,,,1,7,,1592399,30,,,1,11,,1592400,30,,,1,54,,1592401,30,,,1,14,,1592402,30,,,1,10,,1592403,30,,,1,12,,1592404,30,,,1,10,,1592405,30,,,1,51,,1592406,30,,,1,12,,1592407,30,,,1,9,,1592408,30,,,1,11,,1592409,30,,,1,10,,1592410,30,,,1,11,,1592411,30,,,1,50,,1592412,30,,,1,10,,1592413,30,,,1,10,,1592414,30,,,1,9,,1592415,30,,,1,12,,1592416,30,,,1,9,,1592417,30,,,1,52,,1592418,30,,,1,12,,1592419,30,,,1,13,,1592420,30,,,1,13,,1592421,30,,,1,14,,1592422,30,,,1,55,,1592429,30,,,1,13,,1592430,30,,,1,16,,1592431,30,,,1,14,,1592432,30,,,1,55,,1592433,30,,,1,15,,1592434,30,,,1,15,,1592435,30,,,1,15,,1592436,30,,,1,55,,1592437,30,,,1,15,,1592438,30,,,1,14,,1592439,30,,,1,15,,1592440,30,,,1,55,,1592441,30,,,1,15,,1592442,30,,,1,14,,1592443,30,,,1,15,,1592444,30,,,1,54,,1592445,30,,,1,15,,1592446,30,,,1,15,,1592447,30,,,1,14,,1592448,30,,,1,56,,1592449,30,,,1,16,,1592450,30,,,1,14,,1592451,30,,,1,14,,1592452,30,,,1,54,,1592371,30,,,1,15,,1592462,30,,,1
80702,'20261014',541,,1592559,30,,,1,15,,1592519,30,,,1,54,,1592520,30,,,1,16,,1592521,30,,,1,18,,1592522,30,,,1,57,,1592523,30,,,1,15,,1592524,30,,,1,6,,1592468,30,,,1,9,,1592550,30,,,1,8,,1592551,30,,,1,12,,1592557,30,,,1,4,,1592560,30,,,1,48,,1592552,30,,,1,3,,1592561,30,,,1,9,,1592553,30,,,1,8,,1592554,30,,,1,4,,1592562,30,,,1,5,,1592555,30,,,1,10,,1592556,30,,,1,6,,1592549,30,,,1,11,,1592469,30,,,1,50,,1592470,30,,,1,11,,1592471,30,,,1,10,,1592472,30,,,1,13,,1592473,30,,,1,14,,1592474,30,,,1,54,,1592475,30,,,1,15,,1592476,30,,,1,15,,1592477,30,,,1,15,,1592478,30,,,1,55,,1592479,30,,,1,14,,1592480,30,,,1,14,,1592481,30,,,1,15,,1592482,30,,,1,54,,1592483,30,,,1,15,,1592484,30,,,1,16,,1592485,30,,,1,12,,1592486,30,,,1,53,,1592487,30,,,1,12,,1592488,30,,,1,12,,1592489,30,,,1,12,,1592490,30,,,1,12,,1592491,30,,,1,52,,1592492,30,,,1,12,,1592493,30,,,1,16,,1592494,30,,,1,7,,1592495,30,,,1,11,,1592496,30,,,1,54,,1592497,30,,,1,14,,1592498,30,,,1,10,,1592499,30,,,1,12,,1592500,30,,,1,10,,1592501,30,,,1,51,,1592502,30,,,1,12,,1592503,30,,,1,9,,1592504,30,,,1,11,,1592505,30,,,1,10,,1592506,30,,,1,11,,1592507,30,,,1,50,,1592508,30,,,1,10,,1592509,30,,,1,10,,1592510,30,,,1,9,,1592511,30,,,1,12,,1592512,30,,,1,9,,1592513,30,,,1,52,,1592514,30,,,1,12,,1592515,30,,,1,13,,1592516,30,,,1,13,,1592517,30,,,1,14,,1592518,30,,,1,55,,1592525,30,,,1,13,,1592526,30,,,1,16,,1592527,30,,,1,14,,1592528,30,,,1,55,,1592529,30,,,1,15,,1592530,30,,,1,15,,1592531,30,,,1,15,,1592532,30,,,1,55,,1592533,30,,,1,15,,1592534,30,,,1,14,,1592535,30,,,1,15,,1592536,30,,,1,55,,1592537,30,,,1,15,,1592538,30,,,1,14,,1592539,30,,,1,15,,1592540,30,,,1,54,,1592541,30,,,1,15,,1592542,30,,,1,15,,1592543,30,,,1,14,,1592544,30,,,1,56,,1592545,30,,,1,16,,1592546,30,,,1,14,,1592547,30,,,1,14,,1592548,30,,,1,54,,1592467,30,,,1,15,,1592558,30,,,1
80702,'20261015',541,,1592655,30,,,1,15,,1592615,30,,,1,54,,1592616,30,,,1,16,,1592617,30,,,1,18,,1592618,30,,,1,57,,1592619,30,,,1,15,,1592620,30,,,1,6,,1592564,30,,,1,9,,1592646,30,,,1,8,,1592647,30,,,1,12,,1592653,30,,,1,4,,1592656,30,,,1,48,,1592648,30,,,1,3,,1592657,30,,,1,9,,1592649,30,,,1,8,,1592650,30,,,1,4,,1592658,30,,,1,5,,1592651,30,,,1,10,,1592652,30,,,1,6,,1592645,30,,,1,11,,1592565,30,,,1,50,,1592566,30,,,1,11,,1592567,30,,,1,10,,1592568,30,,,1,13,,1592569,30,,,1,14,,1592570,30,,,1,54,,1592571,30,,,1,15,,1592572,30,,,1,15,,1592573,30,,,1,15,,1592574,30,,,1,55,,1592575,30,,,1,14,,1592576,30,,,1,14,,1592577,30,,,1,15,,1592578,30,,,1,54,,1592579,30,,,1,15,,1592580,30,,,1,16,,1592581,30,,,1,12,,1592582,30,,,1,53,,1592583,30,,,1,12,,1592584,30,,,1,12,,1592585,30,,,1,12,,1592586,30,,,1,12,,1592587,30,,,1,52,,1592588,30,,,1,12,,1592589,30,,,1,16,,1592590,30,,,1,7,,1592591,30,,,1,11,,1592592,30,,,1,54,,1592593,30,,,1,14,,1592594,30,,,1,10,,1592595,30,,,1,12,,1592596,30,,,1,10,,1592597,30,,,1,51,,1592598,30,,,1,12,,1592599,30,,,1,9,,1592600,30,,,1,11,,1592601,30,,,1,10,,1592602,30,,,1,11,,1592603,30,,,1,50,,1592604,30,,,1,10,,1592605,30,,,1,10,,1592606,30,,,1,9,,1592607,30,,,1,12,,1592608,30,,,1,9,,1592609,30,,,1,52,,1592610,30,,,1,12,,1592611,30,,,1,13,,1592612,30,,,1,13,,1592613,30,,,1,14,,1592614,30,,,1,55,,1592621,30,,,1,13,,1592622,30,,,1,16,,1592623,30,,,1,14,,1592624,30,,,1,55,,1592625,30,,,1,15,,1592626,30,,,1,15,,1592627,30,,,1,15,,1592628,30,,,1,55,,1592629,30,,,1,15,,1592630,30,,,1,14,,1592631,30,,,1,15,,1592632,30,,,1,55,,1592633,30,,,1,15,,1592634,30,,,1,14,,1592635,30,,,1,15,,1592636,30,,,1,54,,1592637,30,,,1,15,,1592638,30,,,1,15,,1592639,30,,,1,14,,1592640,30,,,1,56,,1592641,30,,,1,16,,1592642,30,,,1,14,,1592643,30,,,1,14,,1592644,30,,,1,54,,1592563,30,,,1,15,,1592654,30,,,1
80702,'20261016',541,,1592751,30,,,1,15,,1592711,30,,,1,54,,1592712,30,,,1,16,,1592713,30,,,1,18,,1592714,30,,,1,57,,1592715,30,,,1,15,,1592716,30,,,1,6,,1592660,30,,,1,9,,1592742,30,,,1,8,,1592743,30,,,1,12,,1592749,30,,,1,4,,1592752,30,,,1,48,,1592744,30,,,1,3,,1592753,30,,,1,9,,1592745,30,,,1,8,,1592746,30,,,1,4,,1592754,30,,,1,5,,1592747,30,,,1,10,,1592748,30,,,1,6,,1592741,30,,,1,11,,1592661,30,,,1,50,,1592662,30,,,1,11,,1592663,30,,,1,10,,1592664,30,,,1,13,,1592665,30,,,1,14,,1592666,30,,,1,54,,1592667,30,,,1,15,,1592668,30,,,1,15,,1592669,30,,,1,15,,1592670,30,,,1,55,,1592671,30,,,1,14,,1592672,30,,,1,14,,1592673,30,,,1,15,,1592674,30,,,1,54,,1592675,30,,,1,15,,1592676,30,,,1,16,,1592677,30,,,1,12,,1592678,30,,,1,53,,1592679,30,,,1,12,,1592680,30,,,1,12,,1592681,30,,,1,12,,1592682,30,,,1,12,,1592683,30,,,1,52,,1592684,30,,,1,12,,1592685,30,,,1,16,,1592686,30,,,1,7,,1592687,30,,,1,11,,1592688,30,,,1,54,,1592689,30,,,1,14,,1592690,30,,,1,10,,1592691,30,,,1,12,,1592692,30,,,1,10,,1592693,30,,,1,51,,1592694,30,,,1,12,,1592695,30,,,1,9,,1592696,30,,,1,11,,1592697,30,,,1,10,,1592698,30,,,1,11,,1592699,30,,,1,50,,1592700,30,,,1,10,,1592701,30,,,1,10,,1592702,30,,,1,9,,1592703,30,,,1,12,,1592704,30,,,1,9,,1592705,30,,,1,52,,1592706,30,,,1,12,,1592707,30,,,1,13,,1592708,30,,,1,13,,1592709,30,,,1,14,,1592710,30,,,1,55,,1592717,30,,,1,13,,1592718,30,,,1,16,,1592719,30,,,1,14,,1592720,30,,,1,55,,1592721,30,,,1,15,,1592722,30,,,1,15,,1592723,30,,,1,15,,1592724,30,,,1,55,,1592725,30,,,1,15,,1592726,30,,,1,14,,1592727,30,,,1,15,,1592728,30,,,1,55,,1592729,30,,,1,15,,1592730,30,,,1,14,,1592731,30,,,1,15,,1592732,30,,,1,54,,1592733,30,,,1,15,,1592734,30,,,1,15,,1592735,30,,,1,14,,1592736,30,,,1,56,,1592737,30,,,1,16,,1592738,30,,,1,14,,1592739,30,,,1,14,,1592740,30,,,1,54,,1592659,30,,,1,15,,1592750,30,,,1
80702,'20261017',601,,1624232,30,,,1,15,,1624233,30,,,1,15,,1624234,30,,,1,15,,1624308,30,,,1,55,,1624235,30,,,1,15,,1624236,30,,,1,15,,1624309,30,,,1,15,,1624237,30,,,1,55,,1624238,30,,,1,15,,1624239,30,,,1,14,,1624240,30,,,1,14,,1624241,30,,,1,56,,1624242,30,,,1,15,,1624243,30,,,1,15,,1624244,30,,,1,15,,1624245,30,,,1,55,,1624246,30,,,1,16,,1624247,30,,,1,15,,1624248,30,,,1,16,,1624249,30,,,1,55,,1624250,30,,,1,15,,1624251,30,,,1,15,,1624252,30,,,1,15,,1624253,30,,,1,55,,1624254,30,,,1,15,,1624255,30,,,1,16,,1624256,30,,,1,14,,1624257,30,,,1,54,,1624258,30,,,1,15,,1624259,30,,,1,15,,1624260,30,,,1,15,,1624261,30,,,1,55,,1624262,30,,,1,15,,1624263,30,,,1,15,,1624264,30,,,1,15,,1624265,30,,,1,55,,1624266,30,,,1,15,,1624267,30,,,1,15,,1624268,30,,,1,15,,1624269,30,,,1,55,,1624270,30,,,1,15,,1624271,30,,,1,15,,1624272,30,,,1,15,,1624273,30,,,1,55,,1624274,30,,,1,16,,1624275,30,,,1,15,,1624276,30,,,1,15,,1624277,30,,,1,55,,1624278,30,,,1,15,,1624279,30,,,1,14,,1624280,30,,,1,15,,1624281,30,,,1,55,,1624282,30,,,1,15,,1624283,30,,,1,15,,1624284,30,,,1,14,,1624285,30,,,1,55,,1624286,30,,,1,15,,1624287,30,,,1,14,,1624288,30,,,1,16,,1624289,30,,,1,55,,1624290,30,,,1,15,,1624291,30,,,1,15,,1624292,30,,,1,15,,1624293,30,,,1,55,,1624294,30,,,1,15,,1624295,30,,,1,15,,1624296,30,,,1,15,,1624297,30,,,1,55,,1624298,30,,,1,15,,1624299,30,,,1,15,,1624300,30,,,1,16,,1624301,30,,,1,55,,1624302,30,,,1,14,,1624303,30,,,1,15,,1624304,30,,,1,15,,1624305,30,,,1,55,,1624306,30,,,1,15,,1624307,30,,,1
80702,'20261018',601,,1624310,30,,,1,15,,1624311,30,,,1,15,,1624312,30,,,1,15,,1624386,30,,,1,55,,1624313,30,,,1,15,,1624314,30,,,1,15,,1624387,30,,,1,15,,1624315,30,,,1,55,,1624316,30,,,1,15,,1624317,30,,,1,14,,1624318,30,,,1,14,,1624319,30,,,1,56,,1624320,30,,,1,15,,1624321,30,,,1,15,,1624322,30,,,1,15,,1624323,30,,,1,55,,1624324,30,,,1,16,,1624325,30,,,1,15,,1624326,30,,,1,16,,1624327,30,,,1,55,,1624328,30,,,1,15,,1624329,30,,,1,15,,1624330,30,,,1,15,,1624331,30,,,1,55,,1624332,30,,,1,15,,1624333,30,,,1,16,,1624334,30,,,1,14,,1624335,30,,,1,54,,1624336,30,,,1,15,,1624337,30,,,1,15,,1624338,30,,,1,15,,1624339,30,,,1,55,,1624340,30,,,1,15,,1624341,30,,,1,15,,1624342,30,,,1,15,,1624343,30,,,1,55,,1624344,30,,,1,15,,1624345,30,,,1,15,,1624346,30,,,1,15,,1624347,30,,,1,55,,1624348,30,,,1,15,,1624349,30,,,1,15,,1624350,30,,,1,15,,1624351,30,,,1,55,,1624352,30,,,1,16,,1624353,30,,,1,15,,1624354,30,,,1,15,,1624355,30,,,1,55,,1624356,30,,,1,15,,1624357,30,,,1,14,,1624358,30,,,1,15,,1624359,30,,,1,55,,1624360,30,,,1,15,,1624361,30,,,1,15,,1624362,30,,,1,14,,1624363,30,,,1,55,,1624364,30,,,1,15,,1624365,30,,,1,14,,1624366,30,,,1,16,,1624367,30,,,1,55,,1624368,30,,,1,15,,1624369,30,,,1,15,,1624371,30,,,1,15,,1624372,30,,,1,55,,1624373,30,,,1,15,,1624370,30,,,1,15,,1624374,30,,,1,15,,1624375,30,,,1,55,,1624376,30,,,1,15,,1624377,30,,,1,15,,1624378,30,,,1,16,,1624379,30,,,1,55,,1624380,30,,,1,14,,1624381,30,,,1,15,,1624382,30,,,1,15,,1624383,30,,,1,55,,1624384,30,,,1,15,,1624385,30,,,1
80702,'20261019',541,,1624480,30,,,1,15,,1624440,30,,,1,54,,1624441,30,,,1,16,,1624442,30,,,1,18,,1624443,30,,,1,57,,1624444,30,,,1,15,,1624445,30,,,1,6,,1624389,30,,,1,9,,1624471,30,,,1,8,,1624472,30,,,1,12,,1624478,30,,,1,4,,1624481,30,,,1,48,,1624473,30,,,1,3,,1624482,30,,,1,9,,1624474,30,,,1,8,,1624475,30,,,1,4,,1624483,30,,,1,5,,1624476,30,,,1,10,,1624477,30,,,1,6,,1624470,30,,,1,11,,1624390,30,,,1,50,,1624391,30,,,1,11,,1624392,30,,,1,10,,1624393,30,,,1,13,,1624394,30,,,1,14,,1624395,30,,,1,54,,1624396,30,,,1,15,,1624397,30,,,1,15,,1624398,30,,,1,15,,1624399,30,,,1,55,,1624400,30,,,1,14,,1624401,30,,,1,14,,1624402,30,,,1,15,,1624403,30,,,1,54,,1624404,30,,,1,15,,1624405,30,,,1,16,,1624406,30,,,1,12,,1624407,30,,,1,53,,1624408,30,,,1,12,,1624409,30,,,1,12,,1624410,30,,,1,12,,1624411,30,,,1,12,,1624412,30,,,1,52,,1624413,30,,,1,12,,1624414,30,,,1,16,,1624415,30,,,1,7,,1624416,30,,,1,11,,1624417,30,,,1,54,,1624418,30,,,1,14,,1624419,30,,,1,10,,1624420,30,,,1,12,,1624421,30,,,1,10,,1624422,30,,,1,51,,1624423,30,,,1,12,,1624424,30,,,1,9,,1624425,30,,,1,11,,1624426,30,,,1,10,,1624427,30,,,1,11,,1624428,30,,,1,50,,1624429,30,,,1,10,,1624430,30,,,1,10,,1624431,30,,,1,9,,1624432,30,,,1,12,,1624433,30,,,1,9,,1624434,30,,,1,52,,1624435,30,,,1,12,,1624436,30,,,1,13,,1624437,30,,,1,13,,1624438,30,,,1,14,,1624439,30,,,1,55,,1624446,30,,,1,13,,1624447,30,,,1,16,,1624448,30,,,1,14,,1624449,30,,,1,55,,1624450,30,,,1,15,,1624451,30,,,1,15,,1624452,30,,,1,15,,1624453,30,,,1,55,,1624454,30,,,1,15,,1624455,30,,,1,14,,1624456,30,,,1,15,,1624457,30,,,1,55,,1624458,30,,,1,15,,1624459,30,,,1,14,,1624460,30,,,1,15,,1624461,30,,,1,54,,1624462,30,,,1,15,,1624463,30,,,1,15,,1624464,30,,,1,14,,1624465,30,,,1,56,,1624466,30,,,1,16,,1624467,30,,,1,14,,1624468,30,,,1,14,,1624469,30,,,1,54,,1624388,30,,,1,15,,1624479,30,,,1
80702,'20261020',541,,1624576,30,,,1,15,,1624536,30,,,1,54,,1624537,30,,,1,16,,1624538,30,,,1,18,,1624539,30,,,1,57,,1624540,30,,,1,15,,1624541,30,,,1,6,,1624485,30,,,1,9,,1624567,30,,,1,8,,1624568,30,,,1,12,,1624574,30,,,1,4,,1624577,30,,,1,48,,1624569,30,,,1,3,,1624578,30,,,1,9,,1624570,30,,,1,8,,1624571,30,,,1,4,,1624579,30,,,1,5,,1624572,30,,,1,10,,1624573,30,,,1,6,,1624566,30,,,1,11,,1624486,30,,,1,50,,1624487,30,,,1,11,,1624488,30,,,1,10,,1624489,30,,,1,13,,1624490,30,,,1,14,,1624491,30,,,1,54,,1624492,30,,,1,15,,1624493,30,,,1,15,,1624494,30,,,1,15,,1624495,30,,,1,55,,1624496,30,,,1,14,,1624497,30,,,1,14,,1624498,30,,,1,15,,1624499,30,,,1,54,,1624500,30,,,1,15,,1624501,30,,,1,16,,1624502,30,,,1,12,,1624503,30,,,1,53,,1624504,30,,,1,12,,1624505,30,,,1,12,,1624506,30,,,1,12,,1624507,30,,,1,12,,1624508,30,,,1,52,,1624509,30,,,1,12,,1624510,30,,,1,16,,1624511,30,,,1,7,,1624512,30,,,1,11,,1624513,30,,,1,54,,1624514,30,,,1,14,,1624515,30,,,1,10,,1624516,30,,,1,12,,1624517,30,,,1,10,,1624518,30,,,1,51,,1624519,30,,,1,12,,1624520,30,,,1,9,,1624521,30,,,1,11,,1624522,30,,,1,10,,1624523,30,,,1,11,,1624524,30,,,1,50,,1624525,30,,,1,10,,1624526,30,,,1,10,,1624527,30,,,1,9,,1624528,30,,,1,12,,1624529,30,,,1,9,,1624530,30,,,1,52,,1624531,30,,,1,12,,1624532,30,,,1,13,,1624533,30,,,1,13,,1624534,30,,,1,14,,1624535,30,,,1,55,,1624542,30,,,1,13,,1624543,30,,,1,16,,1624544,30,,,1,14,,1624545,30,,,1,55,,1624546,30,,,1,15,,1624547,30,,,1,15,,1624548,30,,,1,15,,1624549,30,,,1,55,,1624550,30,,,1,15,,1624551,30,,,1,14,,1624552,30,,,1,15,,1624553,30,,,1,55,,1624554,30,,,1,15,,1624555,30,,,1,14,,1624556,30,,,1,15,,1624557,30,,,1,54,,1624558,30,,,1,15,,1624559,30,,,1,15,,1624560,30,,,1,14,,1624561,30,,,1,56,,1624562,30,,,1,16,,1624563,30,,,1,14,,1624564,30,,,1,14,,1624565,30,,,1,54,,1624484,30,,,1,15,,1624575,30,,,1
90702,'20261009',2553,,1625308,30,,,0,85,,1625309,30,,,0
90702,'20261010',2553,,1561852,30,,,0,85,,1561853,30,,,0
90702,'20261016',2553,,1593488,30,,,0,85,,1593489,30,,,0
90702,'20261017',2553,,1625310,30,,,0,85,,1625311,30,,,0
