1103,'20261009',610,,1596777,14,,,1,30,,1596778,14,,,1,70,,1596779,14,,,1,17,,1596780,14,,,1,17,,1596781,14,,,1,15,,1596782,14,,,1,54,,1596783,14,,,1,27,,1596784,14,,,1,68,,1596785,14,,,1,29,,1596786,14,,,1,70,,1596787,14,,,1,30,,1596788,14,,,1,70,,1596789,14,,,1,30,,1596790,14,,,1,70,,1596791,14,,,1,30,,1596792,14,,,1,70,,1596793,14,,,1,30,,1596794,14,,,1,71,,1596795,14,,,1,31,,1596796,14,,,1,71,,1596797,14,,,1,6,,1596798,14,,,1,4,,1596799,14,,,1,7,,1596800,14,,,1,5,,1596801,14,,,1,16,,1596802,14,,,1,56,,1596803,14,,,1,16,,1596804,14,,,1,16,,1596805,14,,,1,15,,1596806,14,,,1,54,,1596807,14,,,1,31,,1596808,14,,,1,68,,1596809,14,,,1,30,,1596810,14,,,1,70,,1596811,14,,,1,30,,1596812,14,,,1,71,,1596813,14,,,1,100,,1596814,14,,,1,100,,1596815,14,,,1,100,,1596816,14,,,1,99,,1596817,14,,,1
1103,'20261010',609,,1627563,14,,,1,100,,1627564,14,,,1,100,,1627565,14,,,1,30,,1627566,14,,,1,70,,1627567,14,,,1,30,,1627568,14,,,1,70,,1627569,14,,,1,29,,1627570,14,,,1,70,,1627571,14,,,1,30,,1627572,14,,,1,69,,1627573,14,,,1,30,,1627574,14,,,1,70,,1627575,14,,,1,30,,1627576,14,,,1,70,,1627577,14,,,1,31,,1627578,14,,,1,69,,1627579,14,,,1,33,,1627580,14,,,1,66,,1627581,14,,,1,30,,1627582,14,,,1,70,,1627583,14,,,1,33,,1627584,14,,,1,69,,1627585,14,,,1,30,,1627586,14,,,1,70,,1627587,14,,,1,30,,1627588,14,,,1,70,,1627589,14,,,1,101,,1627590,14,,,1,100,,1627591,14,,,1,100,,1627592,14,,,1,100,,1627593,14,,,1
1103,'20261011',609,,1627594,14,,,1,100,,1627595,14,,,1,100,,1627596,14,,,1,30,,1627597,14,,,1,70,,1627598,14,,,1,30,,1627599,14,,,1,70,,1627600,14,,,1,29,,1627601,14,,,1,70,,1627602,14,,,1,30,,1627603,14,,,1,69,,1627604,14,,,1,30,,1627605,14,,,1,70,,1627606,14,,,1,30,,1627607,14,,,1,70,,1627608,14,,,1,31,,1627609,14,,,1,69,,1627610,14,,,1,33,,1627611,14,,,1,66,,1627612,14,,,1,30,,1627613,14,,,1,70,,1627614,14,,,1,33,,1627615,14,,,1,69,,1627616,14,,,1,30,,1627617,14,,,1,70,,1627618,14,,,1,30,,1627619,14,,,1,70,,1627620,14,,,1,101,,1627621,14,,,1,100,,1627622,14,,,1,100,,1627623,14,,,1,100,,1627624,14,,,1
1103,'20261012',609,,1627625,14,,,1,100,,1627626,14,,,1,100,,1627627,14,,,1,30,,1627628,14,,,1,70,,1627629,14,,,1,30,,1627630,14,,,1,70,,1627631,14,,,1,29,,1627632,14,,,1,70,,1627633,14,,,1,30,,1627634,14,,,1,69,,1627635,14,,,1,30,,1627636,14,,,1,70,,1627637,14,,,1,30,,1627638,14,,,1,70,,1627639,14,,,1,31,,1627640,14,,,1,69,,1627641,14,,,1,33,,1627642,14,,,1,66,,1627643,14,,,1,30,,1627644,14,,,1,70,,1627645,14,,,1,33,,1627646,14,,,1,69,,1627647,14,,,1,30,,1627648,14,,,1,70,,1627649,14,,,1,30,,1627650,14,,,1,70,,1627651,14,,,1,101,,1627652,14,,,1,100,,1627653,14,,,1,100,,1627654,14,,,1,100,,1627655,14,,,1
1103,'20261013',610,,1565095,14,,,1,30,,1565094,14,,,1,70,,1565096,14,,,1,17,,1565129,14,,,1,17,,1565097,14,,,1,15,,1565093,14,,,1,54,,1565098,14,,,1,27,,1565099,14,,,1,68,,1565100,14,,,1,29,,1565101,14,,,1,70,,1565102,14,,,1,30,,1565108,14,,,1,70,,1565103,14,,,1,30,,1565104,14,,,1,70,,1565105,14,,,1,30,,1565106,14,,,1,70,,1565107,14,,,1,30,,1565109,14,,,1,71,,1565115,14,,,1,31,,1565118,14,,,1,71,,1565123,14,,,1,6,,1565121,14,,,1,4,,1565114,14,,,1,7,,1565130,14,,,1,5,,1565133,14,,,1,16,,1565113,14,,,1,56,,1565120,14,,,1,16,,1565131,14,,,1,16,,1565112,14,,,1,15,,1565132,14,,,1,54,,1565124,14,,,1,31,,1565125,14,,,1,68,,1565110,14,,,1,30,,1565111,14,,,1,70,,1565116,14,,,1,30,,1565119,14,,,1,71,,1565126,14,,,1,100,,1565128,14,,,1,100,,1565122,14,,,1,100,,1565127,14,,,1,99,,1565117,14,,,1
1103,'20261014',610,,1565136,14,,,1,30,,1565135,14,,,1,70,,1565137,14,,,1,17,,1565170,14,,,1,17,,1565138,14,,,1,15,,1565134,14,,,1,54,,1565139,14,,,1,27,,1565140,14,,,1,68,,1565141,14,,,1,29,,1565142,14,,,1,70,,1565143,14,,,1,30,,1565149,14,,,1,70,,1565144,14,,,1,30,,1565145,14,,,1,70,,1565146,14,,,1,30,,1565147,14,,,1,70,,1565148,14,,,1,30,,1565150,14,,,1,71,,1565156,14,,,1,31,,1565159,14,,,1,71,,1565164,14,,,1,6,,1565162,14,,,1,4,,1565155,14,,,1,7,,1565171,14,,,1,5,,1565174,14,,,1,16,,1565154,14,,,1,56,,1565161,14,,,1,16,,1565172,14,,,1,16,,1565153,14,,,1,15,,1565173,14,,,1,54,,1565165,14,,,1,31,,1565166,14,,,1,68,,1565151,14,,,1,30,,1565152,14,,,1,70,,1565157,14,,,1,30,,1565160,14,,,1,71,,1565167,14,,,1,100,,1565169,14,,,1,100,,1565163,14,,,1,100,,1565168,14,,,1,99,,1565158,14,,,1
1103,'20261015',610,,1565177,14,,,1,30,,1565176,14,,,1,70,,1565178,14,,,1,17,,1565211,14,,,1,17,,1565179,14,,,1,15,,1565175,14,,,1,54,,1565180,14,,,1,27,,1565181,14,,,1,68,,1565182,14,,,1,29,,1565183,14,,,1,70,,1565184,14,,,1,30,,1565190,14,,,1,70,,1565185,14,,,1,30,,1565186,14,,,1,70,,1565187,14,,,1,30,,1565188,14,,,1,70,,1565189,14,,,1,30,,1565191,14,,,1,71,,1565197,14,,,1,31,,1565200,14,,,1,71,,1565205,14,,,1,6,,1565203,14,,,1,4,,1565196,14,,,1,7,,1565212,14,,,1,5,,1565215,14,,,1,16,,1565195,14,,,1,56,,1565202,14,,,1,16,,1565213,14,,,1,16,,1565194,14,,,1,15,,1565214,14,,,1,54,,1565206,14,,,1,31,,1565207,14,,,1,68,,1565192,14,,,1,30,,1565193,14,,,1,70,,1565198,14,,,1,30,,1565201,14,,,1,71,,1565208,14,,,1,100,,1565210,14,,,1,100,,1565204,14,,,1,100,,1565209,14,,,1,99,,1565199,14,,,1
1103,'20261016',610,,1565218,14,,,1,30,,1565217,14,,,1,70,,1565219,14,,,1,17,,1565252,14,,,1,17,,1565220,14,,,1,15,,1565216,14,,,1,54,,1565221,14,,,1,27,,1565222,14,,,1,68,,1565223,14,,,1,29,,1565224,14,,,1,70,,1565225,14,,,1,30,,1565231,14,,,1,70,,1565226,14,,,1,30,,1565227,14,,,1,70,,1565228,14,,,1,30,,1565229,14,,,1,70,,1565230,14,,,1,30,,1565232,14,,,1,71,,1565238,14,,,1,31,,1565241,14,,,1,71,,1565246,14,,,1,6,,1565244,14,,,1,4,,1565237,14,,,1,7,,1565253,14,,,1,5,,1565256,14,,,1,16,,1565236,14,,,1,56,,1565243,14,,,1,16,,1565254,14,,,1,16,,1565235,14,,,1,15,,1565255,14,,,1,54,,1565247,14,,,1,31,,1565248,14,,,1,68,,1565233,14,,,1,30,,1565234,14,,,1,70,,1565239,14,,,1,30,,1565242,14,,,1,71,,1565249,14,,,1,100,,1565251,14,,,1,100,,1565245,14,,,1,100,,1565250,14,,,1,99,,1565240,14,,,1
1103,'20261017',609,,1596843,14,,,1,100,,1596842,14,,,1,100,,1596818,14,,,1,30,,1596819,14,,,1,70,,1596820,14,,,1,30,,1596821,14,,,1,70,,1596822,14,,,1,29,,1596823,14,,,1,70,,1596824,14,,,1,30,,1596825,14,,,1,69,,1596826,14,,,1,30,,1596827,14,,,1,70,,1596828,14,,,1,30,,1596829,14,,,1,70,,1596830,14,,,1,31,,1596831,14,,,1,69,,1596832,14,,,1,33,,1596833,14,,,1,66,,1596834,14,,,1,30,,1596835,14,,,1,70,,1596836,14,,,1,33,,1596837,14,,,1,69,,1596838,14,,,1,30,,1596839,14,,,1,70,,1596844,14,,,1,30,,1596840,14,,,1,70,,1596845,14,,,1,101,,1596846,14,,,1,100,,1596847,14,,,1,100,,1596848,14,,,1,100,,1596841,14,,,1
1103,'20261018',609,,1596878,14,,,1,100,,1596849,14,,,1,100,,1596850,14,,,1,30,,1596851,14,,,1,70,,1596852,14,,,1,30,,1596853,14,,,1,70,,1596854,14,,,1,29,,1596856,14,,,1,70,,1596857,14,,,1,30,,1596858,14,,,1,69,,1596855,14,,,1,30,,1596859,14,,,1,70,,1596860,14,,,1,30,,1596861,14,,,1,70,,1596862,14,,,1,31,,1596863,14,,,1,69,,1596864,14,,,1,33,,1596865,14,,,1,66,,1596866,14,,,1,30,,1596867,14,,,1,70,,1596868,14,,,1,33,,1596869,14,,,1,69,,1596870,14,,,1,30,,1596871,14,,,1,70,,1596872,14,,,1,30,,1596879,14,,,1,70,,1596873,14,,,1,101,,1596874,14,,,1,100,,1596875,14,,,1,100,,1596876,14,,,1,100,,1596877,14,,,1
1103,'20261019',610,,1596882,14,,,1,30,,1596881,14,,,1,70,,1596883,14,,,1,17,,1596916,14,,,1,17,,1596884,14,,,1,15,,1596880,14,,,1,54,,1596885,14,,,1,27,,1596886,14,,,1,68,,1596887,14,,,1,29,,1596888,14,,,1,70,,1596889,14,,,1,30,,1596895,14,,,1,70,,1596890,14,,,1,30,,1596891,14,,,1,70,,1596892,14,,,1,30,,1596893,14,,,1,70,,1596894,14,,,1,30,,1596896,14,,,1,71,,1596902,14,,,1,31,,1596905,14,,,1,71,,1596910,14,,,1,6,,1596908,14,,,1,4,,1596901,14,,,1,7,,1596917,14,,,1,5,,1596920,14,,,1,16,,1596900,14,,,1,56,,1596907,14,,,1,16,,1596918,14,,,1,16,,1596899,14,,,1,15,,1596919,14,,,1,54,,1596911,14,,,1,31,,1596912,14,,,1,68,,1596897,14,,,1,30,,1596898,14,,,1,70,,1596903,14,,,1,30,,1596906,14,,,1,71,,1596913,14,,,1,100,,1596915,14,,,1,100,,1596909,14,,,1,100,,1596914,14,,,1,99,,1596904,14,,,1
1103,'20261020',610,,1596923,14,,,1,30,,1596922,14,,,1,70,,1596924,14,,,1,17,,1596957,14,,,1,17,,1596925,14,,,1,15,,1596921,14,,,1,54,,1596926,14,,,1,27,,1596927,14,,,1,68,,1596928,14,,,1,29,,1596929,14,,,1,70,,1596930,14,,,1,30,,1596936,14,,,1,70,,1596931,14,,,1,30,,1596932,14,,,1,70,,1596933,14,,,1,30,,1596934,14,,,1,70,,1596935,14,,,1,30,,1596937,14,,,1,71,,1596943,14,,,1,31,,1596946,14,,,1,71,,1596951,14,,,1,6,,1596949,14,,,1,4,,1596942,14,,,1,7,,1596958,14,,,1,5,,1596961,14,,,1,16,,1596941,14,,,1,56,,1596948,14,,,1,16,,1596959,14,,,1,16,,1596940,14,,,1,15,,1596960,14,,,1,54,,1596952,14,,,1,31,,1596953,14,,,1,68,,1596938,14,,,1,30,,1596939,14,,,1,70,,1596944,14,,,1,30,,1596947,14,,,1,71,,1596954,14,,,1,100,,1596956,14,,,1,100,,1596950,14,,,1,100,,1596955,14,,,1,99,,1596945,14,,,1
1103,'20261021',610,,1627658,14,,,1,30,,1627657,14,,,1,70,,1627659,14,,,1,17,,1627692,14,,,1,17,,1627660,14,,,1,15,,1627656,14,,,1,54,,1627661,14,,,1,27,,1627662,14,,,1,68,,1627663,14,,,1,29,,1627664,14,,,1,70,,1627665,14,,,1,30,,1627671,14,,,1,70,,1627666,14,,,1,30,,1627667,14,,,1,70,,1627668,14,,,1,30,,1627669,14,,,1,70,,1627670,14,,,1,30,,1627672,14,,,1,71,,1627678,14,,,1,31,,1627681,14,,,1,71,,1627686,14,,,1,6,,1627684,14,,,1,4,,1627677,14,,,1,7,,1627693,14,,,1,5,,1627696,14,,,1,16,,1627676,14,,,1,56,,1627683,14,,,1,16,,1627694,14,,,1,16,,1627675,14,,,1,15,,1627695,14,,,1,54,,1627687,14,,,1,31,,1627688,14,,,1,68,,1627673,14,,,1,30,,1627674,14,,,1,70,,1627679,14,,,1,30,,1627682,14,,,1,71,,1627689,14,,,1,100,,1627691,14,,,1,100,,1627685,14,,,1,100,,1627690,14,,,1,99,,1627680,14,,,1
1103,'20261022',610,,1627699,14,,,1,30,,1627698,14,,,1,70,,1627700,14,,,1,17,,1627733,14,,,1,17,,1627701,14,,,1,15,,1627697,14,,,1,54,,1627702,14,,,1,27,,1627703,14,,,1,68,,1627704,14,,,1,29,,1627705,14,,,1,70,,1627706,14,,,1,30,,1627712,14,,,1,70,,1627707,14,,,1,30,,1627708,14,,,1,70,,1627709,14,,,1,30,,1627710,14,,,1,70,,1627711,14,,,1,30,,1627713,14,,,1,71,,1627719,14,,,1,31,,1627722,14,,,1,71,,1627727,14,,,1,6,,1627725,14,,,1,4,,1627718,14,,,1,7,,1627734,14,,,1,5,,1627737,14,,,1,16,,1627717,14,,,1,56,,1627724,14,,,1,16,,1627735,14,,,1,16,,1627716,14,,,1,15,,1627736,14,,,1,54,,1627728,14,,,1,31,,1627729,14,,,1,68,,1627714,14,,,1,30,,1627715,14,,,1,70,,1627720,14,,,1,30,,1627723,14,,,1,71,,1627730,14,,,1,100,,1627732,14,,,1,100,,1627726,14,,,1,100,,1627731,14,,,1,99,,1627721,14,,,1
1103,'20261023',610,,1627740,14,,,1,30,,1627739,14,,,1,70,,1627741,14,,,1,17,,1627774,14,,,1,17,,1627742,14,,,1,15,,1627738,14,,,1,54,,1627743,14,,,1,27,,1627744,14,,,1,68,,1627745,14,,,1,29,,1627746,14,,,1,70,,1627747,14,,,1,30,,1627753,14,,,1,70,,1627748,14,,,1,30,,1627749,14,,,1,70,,1627750,14,,,1,30,,1627751,14,,,1,70,,1627752,14,,,1,30,,1627754,14,,,1,71,,1627760,14,,,1,31,,1627763,14,,,1,71,,1627768,14,,,1,6,,1627766,14,,,1,4,,1627759,14,,,1,7,,1627775,14,,,1,5,,1627778,14,,,1,16,,1627758,14,,,1,56,,1627765,14,,,1,16,,1627776,14,,,1,16,,1627757,14,,,1,15,,1627777,14,,,1,54,,1627769,14,,,1,31,,1627770,14,,,1,68,,1627755,14,,,1,30,,1627756,14,,,1,70,,1627761,14,,,1,30,,1627764,14,,,1,71,,1627771,14,,,1,100,,1627773,14,,,1,100,,1627767,14,,,1,100,,1627772,14,,,1,99,,1627762,14,,,1
92503,'20261009',2543,,1625316,14,,,0,170,,1625317,14,,,0
92503,'20261010',2543,,1646877,14,,,0,170,,1646878,14,,,0
92503,'20261016',2543,,1593500,14,,,0,170,,1593501,14,,,0
92503,'20261017',2543,,1625319,14,,,0,170,,1625318,14,,,0
92503,'20261023',2543,,1646879,14,,,0,170,,1646880,14,,,0
