29001,'20261009',647,,1612866,20,,,0,68,,1612867,20,,,0,42,,1612868,20,,,0,65,,1612869,20,,,0
29001,'20261013',647,,1581117,20,,,0,68,,1581115,20,,,0,42,,1581116,20,,,0,65,,1581118,20,,,0
29001,'20261014',647,,1581121,20,,,0,68,,1581119,20,,,0,42,,1581120,20,,,0,65,,1581122,20,,,0
29001,'20261015',647,,1581125,20,,,0,68,,1581123,20,,,0,42,,1581124,20,,,0,65,,1581126,20,,,0
29001,'20261016',647,,1581129,20,,,0,68,,1581127,20,,,0,42,,1581128,20,,,0,65,,1581130,20,,,0
29001,'20261019',647,,1612872,20,,,0,68,,1612870,20,,,0,42,,1612871,20,,,0,65,,1612873,20,,,0
29001,'20261020',647,,1612876,20,,,0,68,,1612874,20,,,0,42,,1612875,20,,,0,65,,1612877,20,,,0
29001,'20261021',647,,1638413,20,,,0,68,,1638411,20,,,0,42,,1638412,20,,,0,65,,1638414,20,,,0
29001,'20261022',647,,1638417,20,,,0,68,,1638415,20,,,0,42,,1638416,20,,,0,65,,1638418,20,,,0
29001,'20261023',647,,1638421,20,,,0,68,,1638419,20,,,0,42,,1638420,20,,,0,65,,1638422,20,,,0
80401,'20261009',534,,1621380,29,,,1,15,,1621381,29,,,1,54,,1621382,29,,,1,15,,1621383,29,,,1,15,,1621384,29,,,1,15,,1621385,29,,,1,52,,1621386,29,,,1,10,,1621387,29,,,1,9,,1621388,29,,,1,11,,1621389,29,,,1,9,,1621390,29,,,1,10,,1621391,29,,,1,10,,1621392,29,,,1,51,,1621393,29,,,1,11,,1621394,29,,,1,11,,1621395,29,,,1,13,,1621396,29,,,1,14,,1621397,29,,,1,55,,1621398,29,,,1,15,,1621399,29,,,1,14,,1621400,29,,,1,14,,1621401,29,,,1,55,,1621402,29,,,1,15,,1621403,29,,,1,14,,1621404,29,,,1,16,,1621405,29,,,1,54,,1621406,29,,,1,15,,1621407,29,,,1,13,,1621408,29,,,1,17,,1621409,29,,,1,55,,1621410,29,,,1,15,,1621411,29,,,1,15,,1621412,29,,,1,15,,1621413,29,,,1,55,,1621414,29,,,1,16,,1621415,29,,,1,15,,1621416,29,,,1,14,,1621417,29,,,1,54,,1621418,29,,,1,16,,1621419,29,,,1,15,,1621420,29,,,1,15,,1621421,29,,,1,56,,1621422,29,,,1,14,,1621423,29,,,1,15,,1621424,29,,,1,14,,1621425,29,,,1,56,,1621426,29,,,1,14,,1621427,29,,,1,11,,1621428,29,,,1,13,,1621429,29,,,1,53,,1621430,29,,,1,12,,1621431,29,,,1,15,,1621379,29,,,1,15,,1621433,29,,,1,15,,1621434,29,,,1,55,,1621435,29,,,1,18,,1621436,29,,,1,18,,1621437,29,,,1,58,,1621438,29,,,1,18,,1621439,29,,,1,18,,1621440,29,,,1,58,,1621441,29,,,1,19,,1621442,29,,,1,18,,1621443,29,,,1,18,,1621444,29,,,1,58,,1621445,29,,,1,18,,1621446,29,,,1,17,,1621447,29,,,1,58,,1621448,29,,,1,16,,1621449,29,,,1,18,,1621450,29,,,1,17,,1621451,29,,,1,58,,1621452,29,,,1,17,,1621453,29,,,1,18,,1621454,29,,,1,57,,1621455,29,,,1,17,,1621456,29,,,1,18,,1621457,29,,,1
80401,'20261010',645,,1643873,29,,,1,58,,1643874,29,,,1,18,,1643875,29,,,1,18,,1643876,29,,,1,17,,1643877,29,,,1,58,,1643878,29,,,1,17,,1643879,29,,,1,16,,1643880,29,,,1,55,,1643881,29,,,1,16,,1643882,29,,,1,15,,1643883,29,,,1,16,,1643884,29,,,1,55,,1643885,29,,,1,16,,1643886,29,,,1,16,,1643887,29,,,1,14,,1643888,29,,,1,55,,1643889,29,,,1,14,,1643890,29,,,1,14,,1643891,29,,,1,15,,1643892,29,,,1,54,,1643893,29,,,1,14,,1643894,29,,,1,15,,1643895,29,,,1,14,,1643896,29,,,1,55,,1643897,29,,,1,14,,1643898,29,,,1,15,,1643899,29,,,1,15,,1643900,29,,,1,15,,1643901,29,,,1,55,,1643902,29,,,1,15,,1643903,29,,,1,15,,1643904,29,,,1,15,,1643905,29,,,1,55,,1643906,29,,,1,15,,1643907,29,,,1,14,,1643908,29,,,1,15,,1643909,29,,,1,54,,1643910,29,,,1,15,,1643911,29,,,1,14,,1643912,29,,,1,16,,1643913,29,,,1,56,,1643914,29,,,1,19,,1643915,29,,,1,18,,1643916,29,,,1,59,,1643917,29,,,1,19,,1643918,29,,,1,19,,1643919,29,,,1,59,,1643920,29,,,1,18,,1643921,29,,,1,18,,1643922,29,,,1,58,,1643923,29,,,1,18,,1643924,29,,,1,18,,1643925,29,,,1,18,,1643926,29,,,1,58,,1643927,29,,,1,18,,1643928,29,,,1,18,,1643929,29,,,1,58,,1643930,29,,,1,18,,1643931,29,,,1,18,,1643932,29,,,1,58,,1643933,29,,,1,18,,1643934,29,,,1,18,,1643935,29,,,1,18,,1643936,29,,,1,58,,1643937,29,,,1
80401,'20261011',645,,1643938,29,,,1,58,,1643939,29,,,1,18,,1643940,29,,,1,18,,1643941,29,,,1,17,,1643942,29,,,1,58,,1643943,29,,,1,17,,1643944,29,,,1,16,,1643945,29,,,1,55,,1643946,29,,,1,16,,1643947,29,,,1,15,,1643948,29,,,1,16,,1643949,29,,,1,55,,1643950,29,,,1,16,,1643951,29,,,1,16,,1643952,29,,,1,14,,1643953,29,,,1,55,,1643954,29,,,1,14,,1643955,29,,,1,14,,1643956,29,,,1,15,,1643957,29,,,1,54,,1643958,29,,,1,14,,1643959,29,,,1,15,,1643960,29,,,1,14,,1643961,29,,,1,55,,1643962,29,,,1,14,,1643963,29,,,1,15,,1643964,29,,,1,15,,1643965,29,,,1,15,,1643966,29,,,1,55,,1643967,29,,,1,15,,1643968,29,,,1,15,,1643969,29,,,1,15,,1643970,29,,,1,55,,1643971,29,,,1,15,,1643972,29,,,1,14,,1643973,29,,,1,15,,1643974,29,,,1,54,,1643975,29,,,1,15,,1643976,29,,,1,14,,1643977,29,,,1,16,,1643978,29,,,1,56,,1643979,29,,,1,19,,1643980,29,,,1,18,,1643981,29,,,1,59,,1643982,29,,,1,19,,1643983,29,,,1,19,,1643984,29,,,1,59,,1643985,29,,,1,18,,1643986,29,,,1,18,,1643987,29,,,1,58,,1643988,29,,,1,18,,1643989,29,,,1,18,,1643990,29,,,1,18,,1643991,29,,,1,58,,1643992,29,,,1,18,,1643993,29,,,1,18,,1643994,29,,,1,58,,1643995,29,,,1,18,,1643996,29,,,1,18,,1643997,29,,,1,58,,1643998,29,,,1,18,,1643999,29,,,1,18,,1644000,29,,,1,18,,1644001,29,,,1,58,,1644002,29,,,1
80401,'20261012',645,,1644003,29,,,1,58,,1644004,29,,,1,18,,1644005,29,,,1,18,,1644006,29,,,1,17,,1644007,29,,,1,58,,1644008,29,,,1,17,,1644009,29,,,1,16,,1644010,29,,,1,55,,1644011,29,,,1,16,,1644012,29,,,1,15,,1644013,29,,,1,16,,1644014,29,,,1,55,,1644015,29,,,1,16,,1644016,29,,,1,16,,1644017,29,,,1,14,,1644018,29,,,1,55,,1644019,29,,,1,14,,1644020,29,,,1,14,,1644021,29,,,1,15,,1644022,29,,,1,54,,1644023,29,,,1,14,,1644024,29,,,1,15,,1644025,29,,,1,14,,1644026,29,,,1,55,,1644027,29,,,1,14,,1644028,29,,,1,15,,1644029,29,,,1,15,,1644030,29,,,1,15,,1644031,29,,,1,55,,1644032,29,,,1,15,,1644033,29,,,1,15,,1644034,29,,,1,15,,1644035,29,,,1,55,,1644036,29,,,1,15,,1644037,29,,,1,14,,1644038,29,,,1,15,,1644039,29,,,1,54,,1644040,29,,,1,15,,1644041,29,,,1,14,,1644042,29,,,1,16,,1644043,29,,,1,56,,1644044,29,,,1,19,,1644045,29,,,1,18,,1644046,29,,,1,59,,1644047,29,,,1,19,,1644048,29,,,1,19,,1644049,29,,,1,59,,1644050,29,,,1,18,,1644051,29,,,1,18,,1644052,29,,,1,58,,1644053,29,,,1,18,,1644054,29,,,1,18,,1644055,29,,,1,18,,1644056,29,,,1,58,,1644057,29,,,1,18,,1644058,29,,,1,18,,1644059,29,,,1,58,,1644060,29,,,1,18,,1644061,29,,,1,18,,1644062,29,,,1,58,,1644063,29,,,1,18,,1644064,29,,,1,18,,1644065,29,,,1,18,,1644066,29,,,1,58,,1644067,29,,,1
80401,'20261013',534,,1589685,29,,,1,15,,1589673,29,,,1,54,,1589609,29,,,1,15,,1589674,29,,,1,15,,1589656,29,,,1,15,,1589610,29,,,1,52,,1589611,29,,,1,10,,1589612,29,,,1,9,,1589613,29,,,1,11,,1589669,29,,,1,9,,1589663,29,,,1,10,,1589614,29,,,1,10,,1589615,29,,,1,51,,1589616,29,,,1,11,,1589617,29,,,1,11,,1589630,29,,,1,13,,1589631,29,,,1,14,,1589632,29,,,1,55,,1589670,29,,,1,15,,1589618,29,,,1,14,,1589619,29,,,1,14,,1589620,29,,,1,55,,1589621,29,,,1,15,,1589622,29,,,1,14,,1589671,29,,,1,16,,1589664,29,,,1,54,,1589623,29,,,1,15,,1589624,29,,,1,13,,1589625,29,,,1,17,,1589626,29,,,1,55,,1589627,29,,,1,15,,1589668,29,,,1,15,,1589628,29,,,1,15,,1589633,29,,,1,55,,1589634,29,,,1,16,,1589665,29,,,1,15,,1589629,29,,,1,14,,1589635,29,,,1,54,,1589636,29,,,1,16,,1589637,29,,,1,15,,1589638,29,,,1,15,,1589639,29,,,1,56,,1589667,29,,,1,14,,1589640,29,,,1,15,,1589641,29,,,1,14,,1589643,29,,,1,56,,1589672,29,,,1,14,,1589644,29,,,1,11,,1589645,29,,,1,13,,1589642,29,,,1,53,,1589646,29,,,1,12,,1589655,29,,,1,15,,1589680,29,,,1,15,,1589657,29,,,1,15,,1589647,29,,,1,55,,1589683,29,,,1,18,,1589666,29,,,1,18,,1589658,29,,,1,58,,1589659,29,,,1,18,,1589648,29,,,1,18,,1589649,29,,,1,58,,1589677,29,,,1,19,,1589660,29,,,1,18,,1589678,29,,,1,18,,1589679,29,,,1,58,,1589676,29,,,1,18,,1589675,29,,,1,17,,1589662,29,,,1,58,,1589661,29,,,1,16,,1589650,29,,,1,18,,1589651,29,,,1,17,,1589682,29,,,1,58,,1589652,29,,,1,17,,1589681,29,,,1,18,,1589653,29,,,1,57,,1589654,29,,,1,17,,1589684,29,,,1,18,,1589686,29,,,1
80401,'20261014',534,,1589763,29,,,1,15,,1589751,29,,,1,54,,1589687,29,,,1,15,,1589752,29,,,1,15,,1589734,29,,,1,15,,1589688,29,,,1,52,,1589689,29,,,1,10,,1589690,29,,,1,9,,1589691,29,,,1,11,,1589747,29,,,1,9,,1589741,29,,,1,10,,1589692,29,,,1,10,,1589693,29,,,1,51,,1589694,29,,,1,11,,1589695,29,,,1,11,,1589708,29,,,1,13,,1589709,29,,,1,14,,1589710,29,,,1,55,,1589748,29,,,1,15,,1589696,29,,,1,14,,1589697,29,,,1,14,,1589698,29,,,1,55,,1589699,29,,,1,15,,1589700,29,,,1,14,,1589749,29,,,1,16,,1589742,29,,,1,54,,1589701,29,,,1,15,,1589702,29,,,1,13,,1589703,29,,,1,17,,1589704,29,,,1,55,,1589705,29,,,1,15,,1589746,29,,,1,15,,1589706,29,,,1,15,,1589711,29,,,1,55,,1589712,29,,,1,16,,1589743,29,,,1,15,,1589707,29,,,1,14,,1589713,29,,,1,54,,1589714,29,,,1,16,,1589715,29,,,1,15,,1589716,29,,,1,15,,1589717,29,,,1,56,,1589745,29,,,1,14,,1589718,29,,,1,15,,1589719,29,,,1,14,,1589721,29,,,1,56,,1589750,29,,,1,14,,1589722,29,,,1,11,,1589723,29,,,1,13,,1589720,29,,,1,53,,1589724,29,,,1,12,,1589733,29,,,1,15,,1589758,29,,,1,15,,1589735,29,,,1,15,,1589725,29,,,1,55,,1589761,29,,,1,18,,1589744,29,,,1,18,,1589736,29,,,1,58,,1589737,29,,,1,18,,1589726,29,,,1,18,,1589727,29,,,1,58,,1589755,29,,,1,19,,1589738,29,,,1,18,,1589756,29,,,1,18,,1589757,29,,,1,58,,1589754,29,,,1,18,,1589753,29,,,1,17,,1589740,29,,,1,58,,1589739,29,,,1,16,,1589728,29,,,1,18,,1589729,29,,,1,17,,1589760,29,,,1,58,,1589730,29,,,1,17,,1589759,29,,,1,18,,1589731,29,,,1,57,,1589732,29,,,1,17,,1589762,29,,,1,18,,1589764,29,,,1
80401,'20261015',534,,1589841,29,,,1,15,,1589829,29,,,1,54,,1589765,29,,,1,15,,1589830,29,,,1,15,,1589812,29,,,1,15,,1589766,29,,,1,52,,1589767,29,,,1,10,,1589768,29,,,1,9,,1589769,29,,,1,11,,1589825,29,,,1,9,,1589819,29,,,1,10,,1589770,29,,,1,10,,1589771,29,,,1,51,,1589772,29,,,1,11,,1589773,29,,,1,11,,1589786,29,,,1,13,,1589787,29,,,1,14,,1589788,29,,,1,55,,1589826,29,,,1,15,,1589774,29,,,1,14,,1589775,29,,,1,14,,1589776,29,,,1,55,,1589777,29,,,1,15,,1589778,29,,,1,14,,1589827,29,,,1,16,,1589820,29,,,1,54,,1589779,29,,,1,15,,1589780,29,,,1,13,,1589781,29,,,1,17,,1589782,29,,,1,55,,1589783,29,,,1,15,,1589824,29,,,1,15,,1589784,29,,,1,15,,1589789,29,,,1,55,,1589790,29,,,1,16,,1589821,29,,,1,15,,1589785,29,,,1,14,,1589791,29,,,1,54,,1589792,29,,,1,16,,1589793,29,,,1,15,,1589794,29,,,1,15,,1589795,29,,,1,56,,1589823,29,,,1,14,,1589796,29,,,1,15,,1589797,29,,,1,14,,1589799,29,,,1,56,,1589828,29,,,1,14,,1589800,29,,,1,11,,1589801,29,,,1,13,,1589798,29,,,1,53,,1589802,29,,,1,12,,1589811,29,,,1,15,,1589836,29,,,1,15,,1589813,29,,,1,15,,1589803,29,,,1,55,,1589839,29,,,1,18,,1589822,29,,,1,18,,1589814,29,,,1,58,,1589815,29,,,1,18,,1589804,29,,,1,18,,1589805,29,,,1,58,,1589833,29,,,1,19,,1589816,29,,,1,18,,1589834,29,,,1,18,,1589835,29,,,1,58,,1589832,29,,,1,18,,1589831,29,,,1,17,,1589818,29,,,1,58,,1589817,29,,,1,16,,1589806,29,,,1,18,,1589807,29,,,1,17,,1589838,29,,,1,58,,1589808,29,,,1,17,,1589837,29,,,1,18,,1589809,29,,,1,57,,1589810,29,,,1,17,,1589840,29,,,1,18,,1589842,29,,,1
80401,'20261016',534,,1589919,29,,,1,15,,1589907,29,,,1,54,,1589843,29,,,1,15,,1589908,29,,,1,15,,1589890,29,,,1,15,,1589844,29,,,1,52,,1589845,29,,,1,10,,1589846,29,,,1,9,,1589847,29,,,1,11,,1589903,29,,,1,9,,1589897,29,,,1,10,,1589848,29,,,1,10,,1589849,29,,,1,51,,1589850,29,,,1,11,,1589851,29,,,1,11,,1589864,29,,,1,13,,1589865,29,,,1,14,,1589866,29,,,1,55,,1589904,29,,,1,15,,1589852,29,,,1,14,,1589853,29,,,1,14,,1589854,29,,,1,55,,1589855,29,,,1,15,,1589856,29,,,1,14,,1589905,29,,,1,16,,1589898,29,,,1,54,,1589857,29,,,1,15,,1589858,29,,,1,13,,1589859,29,,,1,17,,1589860,29,,,1,55,,1589861,29,,,1,15,,1589902,29,,,1,15,,1589862,29,,,1,15,,1589867,29,,,1,55,,1589868,29,,,1,16,,1589899,29,,,1,15,,1589863,29,,,1,14,,1589869,29,,,1,54,,1589870,29,,,1,16,,1589871,29,,,1,15,,1589872,29,,,1,15,,1589873,29,,,1,56,,1589901,29,,,1,14,,1589874,29,,,1,15,,1589875,29,,,1,14,,1589877,29,,,1,56,,1589906,29,,,1,14,,1589878,29,,,1,11,,1589879,29,,,1,13,,1589876,29,,,1,53,,1589880,29,,,1,12,,1589889,29,,,1,15,,1589914,29,,,1,15,,1589891,29,,,1,15,,1589881,29,,,1,55,,1589917,29,,,1,18,,1589900,29,,,1,18,,1589892,29,,,1,58,,1589893,29,,,1,18,,1589882,29,,,1,18,,1589883,29,,,1,58,,1589911,29,,,1,19,,1589894,29,,,1,18,,1589912,29,,,1,18,,1589913,29,,,1,58,,1589910,29,,,1,18,,1589909,29,,,1,17,,1589896,29,,,1,58,,1589895,29,,,1,16,,1589884,29,,,1,18,,1589885,29,,,1,17,,1589916,29,,,1,58,,1589886,29,,,1,17,,1589915,29,,,1,18,,1589887,29,,,1,57,,1589888,29,,,1,17,,1589918,29,,,1,18,,1589920,29,,,1
80401,'20261017',645,,1621458,29,,,1,58,,1621510,29,,,1,18,,1621509,29,,,1,18,,1621459,29,,,1,17,,1621460,29,,,1,58,,1621511,29,,,1,17,,1621498,29,,,1,16,,1621499,29,,,1,55,,1621500,29,,,1,16,,1621512,29,,,1,15,,1621461,29,,,1,16,,1621501,29,,,1,55,,1621502,29,,,1,16,,1621513,29,,,1,16,,1621462,29,,,1,14,,1621503,29,,,1,55,,1621504,29,,,1,14,,1621514,29,,,1,14,,1621463,29,,,1,15,,1621505,29,,,1,54,,1621506,29,,,1,14,,1621464,29,,,1,15,,1621507,29,,,1,14,,1621465,29,,,1,55,,1621466,29,,,1,14,,1621467,29,,,1,15,,1621468,29,,,1,15,,1621469,29,,,1,15,,1621470,29,,,1,55,,1621471,29,,,1,15,,1621472,29,,,1,15,,1621473,29,,,1,15,,1621474,29,,,1,55,,1621475,29,,,1,15,,1621476,29,,,1,14,,1621477,29,,,1,15,,1621478,29,,,1,54,,1621479,29,,,1,15,,1621480,29,,,1,14,,1621481,29,,,1,16,,1621482,29,,,1,56,,1621483,29,,,1,19,,1621484,29,,,1,18,,1621485,29,,,1,59,,1621508,29,,,1,19,,1621519,29,,,1,19,,1621486,29,,,1,59,,1621487,29,,,1,18,,1621520,29,,,1,18,,1621488,29,,,1,58,,1621521,29,,,1,18,,1621489,29,,,1,18,,1621490,29,,,1,18,,1621522,29,,,1,58,,1621491,29,,,1,18,,1621517,29,,,1,18,,1621492,29,,,1,58,,1621493,29,,,1,18,,1621516,29,,,1,18,,1621494,29,,,1,58,,1621515,29,,,1,18,,1621495,29,,,1,18,,1621496,29,,,1,18,,1621518,29,,,1,58,,1621497,29,,,1
80401,'20261018',645,,1621523,29,,,1,58,,1621524,29,,,1,18,,1621575,29,,,1,18,,1621574,29,,,1,17,,1621525,29,,,1,58,,1621576,29,,,1,17,,1621563,29,,,1,16,,1621564,29,,,1,55,,1621565,29,,,1,16,,1621577,29,,,1,15,,1621527,29,,,1,16,,1621566,29,,,1,55,,1621567,29,,,1,16,,1621578,29,,,1,16,,1621526,29,,,1,14,,1621568,29,,,1,55,,1621569,29,,,1,14,,1621579,29,,,1,14,,1621528,29,,,1,15,,1621570,29,,,1,54,,1621571,29,,,1,14,,1621529,29,,,1,15,,1621572,29,,,1,14,,1621530,29,,,1,55,,1621531,29,,,1,14,,1621532,29,,,1,15,,1621533,29,,,1,15,,1621534,29,,,1,15,,1621535,29,,,1,55,,1621536,29,,,1,15,,1621537,29,,,1,15,,1621538,29,,,1,15,,1621539,29,,,1,55,,1621540,29,,,1,15,,1621541,29,,,1,14,,1621542,29,,,1,15,,1621543,29,,,1,54,,1621544,29,,,1,15,,1621545,29,,,1,14,,1621546,29,,,1,16,,1621547,29,,,1,56,,1621548,29,,,1,19,,1621549,29,,,1,18,,1621550,29,,,1,59,,1621551,29,,,1,19,,1621573,29,,,1,19,,1621580,29,,,1,59,,1621552,29,,,1,18,,1621553,29,,,1,18,,1621581,29,,,1,58,,1621554,29,,,1,18,,1621582,29,,,1,18,,1621555,29,,,1,18,,1621556,29,,,1,58,,1621583,29,,,1,18,,1621557,29,,,1,18,,1621584,29,,,1,58,,1621558,29,,,1,18,,1621559,29,,,1,18,,1621585,29,,,1,58,,1621560,29,,,1,18,,1621586,29,,,1,18,,1621561,29,,,1,18,,1621587,29,,,1,58,,1621562,29,,,1
80401,'20261019',534,,1621664,29,,,1,15,,1621652,29,,,1,54,,1621588,29,,,1,15,,1621653,29,,,1,15,,1621635,29,,,1,15,,1621589,29,,,1,52,,1621590,29,,,1,10,,1621591,29,,,1,9,,1621592,29,,,1,11,,1621648,29,,,1,9,,1621642,29,,,1,10,,1621593,29,,,1,10,,1621594,29,,,1,51,,1621595,29,,,1,11,,1621596,29,,,1,11,,1621609,29,,,1,13,,1621610,29,,,1,14,,1621611,29,,,1,55,,1621649,29,,,1,15,,1621597,29,,,1,14,,1621598,29,,,1,14,,1621599,29,,,1,55,,1621600,29,,,1,15,,1621601,29,,,1,14,,1621650,29,,,1,16,,1621643,29,,,1,54,,1621602,29,,,1,15,,1621603,29,,,1,13,,1621604,29,,,1,17,,1621605,29,,,1,55,,1621606,29,,,1,15,,1621647,29,,,1,15,,1621607,29,,,1,15,,1621612,29,,,1,55,,1621613,29,,,1,16,,1621644,29,,,1,15,,1621608,29,,,1,14,,1621614,29,,,1,54,,1621615,29,,,1,16,,1621616,29,,,1,15,,1621617,29,,,1,15,,1621618,29,,,1,56,,1621646,29,,,1,14,,1621619,29,,,1,15,,1621620,29,,,1,14,,1621622,29,,,1,56,,1621651,29,,,1,14,,1621623,29,,,1,11,,1621624,29,,,1,13,,1621621,29,,,1,53,,1621625,29,,,1,12,,1621634,29,,,1,15,,1621659,29,,,1,15,,1621636,29,,,1,15,,1621626,29,,,1,55,,1621662,29,,,1,18,,1621645,29,,,1,18,,1621637,29,,,1,58,,1621638,29,,,1,18,,1621627,29,,,1,18,,1621628,29,,,1,58,,1621656,29,,,1,19,,1621639,29,,,1,18,,1621657,29,,,1,18,,1621658,29,,,1,58,,1621655,29,,,1,18,,1621654,29,,,1,17,,1621641,29,,,1,58,,1621640,29,,,1,16,,1621629,29,,,1,18,,1621630,29,,,1,17,,1621661,29,,,1,58,,1621631,29,,,1,17,,1621660,29,,,1,18,,1621632,29,,,1,57,,1621633,29,,,1,17,,1621663,29,,,1,18,,1621665,29,,,1
80401,'20261020',534,,1621742,29,,,1,15,,1621730,29,,,1,54,,1621666,29,,,1,15,,1621731,29,,,1,15,,1621713,29,,,1,15,,1621667,29,,,1,52,,1621668,29,,,1,10,,1621669,29,,,1,9,,1621670,29,,,1,11,,1621726,29,,,1,9,,1621720,29,,,1,10,,1621671,29,,,1,10,,1621672,29,,,1,51,,1621673,29,,,1,11,,1621674,29,,,1,11,,1621687,29,,,1,13,,1621688,29,,,1,14,,1621689,29,,,1,55,,1621727,29,,,1,15,,1621675,29,,,1,14,,1621676,29,,,1,14,,1621677,29,,,1,55,,1621678,29,,,1,15,,1621679,29,,,1,14,,1621728,29,,,1,16,,1621721,29,,,1,54,,1621680,29,,,1,15,,1621681,29,,,1,13,,1621682,29,,,1,17,,1621683,29,,,1,55,,1621684,29,,,1,15,,1621725,29,,,1,15,,1621685,29,,,1,15,,1621690,29,,,1,55,,1621691,29,,,1,16,,1621722,29,,,1,15,,1621686,29,,,1,14,,1621692,29,,,1,54,,1621693,29,,,1,16,,1621694,29,,,1,15,,1621695,29,,,1,15,,1621696,29,,,1,56,,1621724,29,,,1,14,,1621697,29,,,1,15,,1621698,29,,,1,14,,1621700,29,,,1,56,,1621729,29,,,1,14,,1621701,29,,,1,11,,1621702,29,,,1,13,,1621699,29,,,1,53,,1621703,29,,,1,12,,1621712,29,,,1,15,,1621737,29,,,1,15,,1621714,29,,,1,15,,1621704,29,,,1,55,,1621740,29,,,1,18,,1621723,29,,,1,18,,1621715,29,,,1,58,,1621716,29,,,1,18,,1621705,29,,,1,18,,1621706,29,,,1,58,,1621734,29,,,1,19,,1621717,29,,,1,18,,1621735,29,,,1,18,,1621736,29,,,1,58,,1621733,29,,,1,18,,1621732,29,,,1,17,,1621719,29,,,1,58,,1621718,29,,,1,16,,1621707,29,,,1,18,,1621708,29,,,1,17,,1621739,29,,,1,58,,1621709,29,,,1,17,,1621738,29,,,1,18,,1621710,29,,,1,57,,1621711,29,,,1,17,,1621741,29,,,1,18,,1621743,29,,,1
80401,'20261021',534,,1644144,29,,,1,15,,1644132,29,,,1,54,,1644068,29,,,1,15,,1644133,29,,,1,15,,1644115,29,,,1,15,,1644069,29,,,1,52,,1644070,29,,,1,10,,1644071,29,,,1,9,,1644072,29,,,1,11,,1644128,29,,,1,9,,1644122,29,,,1,10,,1644073,29,,,1,10,,1644074,29,,,1,51,,1644075,29,,,1,11,,1644076,29,,,1,11,,1644089,29,,,1,13,,1644090,29,,,1,14,,1644091,29,,,1,55,,1644129,29,,,1,15,,1644077,29,,,1,14,,1644078,29,,,1,14,,1644079,29,,,1,55,,1644080,29,,,1,15,,1644081,29,,,1,14,,1644130,29,,,1,16,,1644123,29,,,1,54,,1644082,29,,,1,15,,1644083,29,,,1,13,,1644084,29,,,1,17,,1644085,29,,,1,55,,1644086,29,,,1,15,,1644127,29,,,1,15,,1644087,29,,,1,15,,1644092,29,,,1,55,,1644093,29,,,1,16,,1644124,29,,,1,15,,1644088,29,,,1,14,,1644094,29,,,1,54,,1644095,29,,,1,16,,1644096,29,,,1,15,,1644097,29,,,1,15,,1644098,29,,,1,56,,1644126,29,,,1,14,,1644099,29,,,1,15,,1644100,29,,,1,14,,1644102,29,,,1,56,,1644131,29,,,1,14,,1644103,29,,,1,11,,1644104,29,,,1,13,,1644101,29,,,1,53,,1644105,29,,,1,12,,1644114,29,,,1,15,,1644139,29,,,1,15,,1644116,29,,,1,15,,1644106,29,,,1,55,,1644142,29,,,1,18,,1644125,29,,,1,18,,1644117,29,,,1,58,,1644118,29,,,1,18,,1644107,29,,,1,18,,1644108,29,,,1,58,,1644136,29,,,1,19,,1644119,29,,,1,18,,1644137,29,,,1,18,,1644138,29,,,1,58,,1644135,29,,,1,18,,1644134,29,,,1,17,,1644121,29,,,1,58,,1644120,29,,,1,16,,1644109,29,,,1,18,,1644110,29,,,1,17,,1644141,29,,,1,58,,1644111,29,,,1,17,,1644140,29,,,1,18,,1644112,29,,,1,57,,1644113,29,,,1,17,,1644143,29,,,1,18,,1644145,29,,,1
80401,'20261022',534,,1644222,29,,,1,15,,1644210,29,,,1,54,,1644146,29,,,1,15,,1644211,29,,,1,15,,1644193,29,,,1,15,,1644147,29,,,1,52,,1644148,29,,,1,10,,1644149,29,,,1,9,,1644150,29,,,1,11,,1644206,29,,,1,9,,1644200,29,,,1,10,,1644151,29,,,1,10,,1644152,29,,,1,51,,1644153,29,,,1,11,,1644154,29,,,1,11,,1644167,29,,,1,13,,1644168,29,,,1,14,,1644169,29,,,1,55,,1644207,29,,,1,15,,1644155,29,,,1,14,,1644156,29,,,1,14,,1644157,29,,,1,55,,1644158,29,,,1,15,,1644159,29,,,1,14,,1644208,29,,,1,16,,1644201,29,,,1,54,,1644160,29,,,1,15,,1644161,29,,,1,13,,1644162,29,,,1,17,,1644163,29,,,1,55,,1644164,29,,,1,15,,1644205,29,,,1,15,,1644165,29,,,1,15,,1644170,29,,,1,55,,1644171,29,,,1,16,,1644202,29,,,1,15,,1644166,29,,,1,14,,1644172,29,,,1,54,,1644173,29,,,1,16,,1644174,29,,,1,15,,1644175,29,,,1,15,,1644176,29,,,1,56,,1644204,29,,,1,14,,1644177,29,,,1,15,,1644178,29,,,1,14,,1644180,29,,,1,56,,1644209,29,,,1,14,,1644181,29,,,1,11,,1644182,29,,,1,13,,1644179,29,,,1,53,,1644183,29,,,1,12,,1644192,29,,,1,15,,1644217,29,,,1,15,,1644194,29,,,1,15,,1644184,29,,,1,55,,1644220,29,,,1,18,,1644203,29,,,1,18,,1644195,29,,,1,58,,1644196,29,,,1,18,,1644185,29,,,1,18,,1644186,29,,,1,58,,1644214,29,,,1,19,,1644197,29,,,1,18,,1644215,29,,,1,18,,1644216,29,,,1,58,,1644213,29,,,1,18,,1644212,29,,,1,17,,1644199,29,,,1,58,,1644198,29,,,1,16,,1644187,29,,,1,18,,1644188,29,,,1,17,,1644219,29,,,1,58,,1644189,29,,,1,17,,1644218,29,,,1,18,,1644190,29,,,1,57,,1644191,29,,,1,17,,1644221,29,,,1,18,,1644223,29,,,1
80401,'20261023',534,,1644300,29,,,1,15,,1644288,29,,,1,54,,1644224,29,,,1,15,,1644289,29,,,1,15,,1644271,29,,,1,15,,1644225,29,,,1,52,,1644226,29,,,1,10,,1644227,29,,,1,9,,1644228,29,,,1,11,,1644284,29,,,1,9,,1644278,29,,,1,10,,1644229,29,,,1,10,,1644230,29,,,1,51,,1644231,29,,,1,11,,1644232,29,,,1,11,,1644245,29,,,1,13,,1644246,29,,,1,14,,1644247,29,,,1,55,,1644285,29,,,1,15,,1644233,29,,,1,14,,1644234,29,,,1,14,,1644235,29,,,1,55,,1644236,29,,,1,15,,1644237,29,,,1,14,,1644286,29,,,1,16,,1644279,29,,,1,54,,1644238,29,,,1,15,,1644239,29,,,1,13,,1644240,29,,,1,17,,1644241,29,,,1,55,,1644242,29,,,1,15,,1644283,29,,,1,15,,1644243,29,,,1,15,,1644248,29,,,1,55,,1644249,29,,,1,16,,1644280,29,,,1,15,,1644244,29,,,1,14,,1644250,29,,,1,54,,1644251,29,,,1,16,,1644252,29,,,1,15,,1644253,29,,,1,15,,1644254,29,,,1,56,,1644282,29,,,1,14,,1644255,29,,,1,15,,1644256,29,,,1,14,,1644258,29,,,1,56,,1644287,29,,,1,14,,1644259,29,,,1,11,,1644260,29,,,1,13,,1644257,29,,,1,53,,1644261,29,,,1,12,,1644270,29,,,1,15,,1644295,29,,,1,15,,1644272,29,,,1,15,,1644262,29,,,1,55,,1644298,29,,,1,18,,1644281,29,,,1,18,,1644273,29,,,1,58,,1644274,29,,,1,18,,1644263,29,,,1,18,,1644264,29,,,1,58,,1644292,29,,,1,19,,1644275,29,,,1,18,,1644293,29,,,1,18,,1644294,29,,,1,58,,1644291,29,,,1,18,,1644290,29,,,1,17,,1644277,29,,,1,58,,1644276,29,,,1,16,,1644265,29,,,1,18,,1644266,29,,,1,17,,1644297,29,,,1,58,,1644267,29,,,1,17,,1644296,29,,,1,18,,1644268,29,,,1,57,,1644269,29,,,1,17,,1644299,29,,,1,18,,1644301,29,,,1
