3100,'20261006',640,,1599650,22,,,0,80,,1599651,22,,,0,30,,1599652,22,,,0,70,,1599653,22,,,0,39,,1599654,22,,,0,97,,1599655,22,,,0,99,,1599656,22,,,0,100,,1599657,22,,,0,102,,1599658,22,,,0,99,,1599659,22,,,0,99,,1599660,22,,,0,65,,1599661,22,,,0,39,,1599662,22,,,0,92,,1599663,22,,,0,66,,1599664,22,,,0,24,,1599665,22,,,0,70,,1599666,22,,,0,95,,1599667,22,,,0,105,,1599668,22,,,0,95,,1599669,22,,,0,100,,1599670,22,,,0,100,,1599671,22,,,0,198,,1599672,22,,,0
3100,'20261007',640,,1599673,22,,,0,80,,1599674,22,,,0,30,,1599675,22,,,0,70,,1599676,22,,,0,39,,1599677,22,,,0,97,,1599678,22,,,0,99,,1599679,22,,,0,100,,1599680,22,,,0,102,,1599681,22,,,0,99,,1599682,22,,,0,99,,1599683,22,,,0,65,,1599684,22,,,0,39,,1599685,22,,,0,92,,1599686,22,,,0,66,,1599687,22,,,0,24,,1599688,22,,,0,70,,1599689,22,,,0,95,,1599690,22,,,0,105,,1599691,22,,,0,95,,1599692,22,,,0,100,,1599693,22,,,0,100,,1599694,22,,,0,198,,1599695,22,,,0
3100,'20261008',640,,1599696,22,,,0,80,,1599697,22,,,0,30,,1599698,22,,,0,70,,1599699,22,,,0,39,,1599700,22,,,0,97,,1599701,22,,,0,99,,1599702,22,,,0,100,,1599703,22,,,0,102,,1599704,22,,,0,99,,1599705,22,,,0,99,,1599706,22,,,0,65,,1599707,22,,,0,39,,1599708,22,,,0,92,,1599709,22,,,0,66,,1599710,22,,,0,24,,1599711,22,,,0,70,,1599712,22,,,0,95,,1599713,22,,,0,105,,1599714,22,,,0,95,,1599715,22,,,0,100,,1599716,22,,,0,100,,1599717,22,,,0,198,,1599718,22,,,0
3100,'20261009',640,,1599719,22,,,0,80,,1599720,22,,,0,30,,1599721,22,,,0,70,,1599722,22,,,0,39,,1599723,22,,,0,97,,1599724,22,,,0,99,,1599725,22,,,0,100,,1599726,22,,,0,102,,1599727,22,,,0,99,,1599728,22,,,0,99,,1599729,22,,,0,65,,1599730,22,,,0,39,,1599731,22,,,0,92,,1599732,22,,,0,66,,1599733,22,,,0,24,,1599734,22,,,0,70,,1599735,22,,,0,95,,1599736,22,,,0,105,,1599737,22,,,0,95,,1599738,22,,,0,100,,1599739,22,,,0,100,,1599740,22,,,0,198,,1599741,22,,,0
3100,'20261010',739,,1544493,22,,,0,202,,1544494,22,,,0,200,,1544495,22,,,0,200,,1544496,22,,,0,201,,1544497,22,,,0,200,,1544498,22,,,0,202,,1544499,22,,,0,202,,1544500,22,,,0,198,,1544501,22,,,0,158,,1544502,22,,,0
3100,'20261011',739,,1544503,22,,,0,202,,1544504,22,,,0,200,,1544505,22,,,0,200,,1544506,22,,,0,201,,1544507,22,,,0,200,,1544508,22,,,0,202,,1544509,22,,,0,202,,1544510,22,,,0,198,,1544511,22,,,0,158,,1544512,22,,,0
3100,'20261012',739,,1544513,22,,,0,202,,1544514,22,,,0,200,,1544515,22,,,0,200,,1544516,22,,,0,201,,1544517,22,,,0,200,,1544518,22,,,0,202,,1544519,22,,,0,202,,1544520,22,,,0,198,,1544521,22,,,0,158,,1544522,22,,,0
3100,'20261013',640,,1568003,22,,,0,80,,1568024,22,,,0,30,,1568022,22,,,0,70,,1568023,22,,,0,39,,1568004,22,,,0,97,,1568005,22,,,0,99,,1568006,22,,,0,100,,1568007,22,,,0,102,,1568008,22,,,0,99,,1568009,22,,,0,99,,1568010,22,,,0,65,,1568011,22,,,0,39,,1568012,22,,,0,92,,1568013,22,,,0,66,,1568014,22,,,0,24,,1568015,22,,,0,70,,1568016,22,,,0,95,,1568017,22,,,0,105,,1568018,22,,,0,95,,1568019,22,,,0,100,,1568020,22,,,0,100,,1568021,22,,,0,198,,1568025,22,,,0
3100,'20261014',640,,1568026,22,,,0,80,,1568047,22,,,0,30,,1568045,22,,,0,70,,1568046,22,,,0,39,,1568027,22,,,0,97,,1568028,22,,,0,99,,1568029,22,,,0,100,,1568030,22,,,0,102,,1568031,22,,,0,99,,1568032,22,,,0,99,,1568033,22,,,0,65,,1568034,22,,,0,39,,1568035,22,,,0,92,,1568036,22,,,0,66,,1568037,22,,,0,24,,1568038,22,,,0,70,,1568039,22,,,0,95,,1568040,22,,,0,105,,1568041,22,,,0,95,,1568042,22,,,0,100,,1568043,22,,,0,100,,1568044,22,,,0,198,,1568048,22,,,0
3100,'20261015',640,,1568049,22,,,0,80,,1568070,22,,,0,30,,1568068,22,,,0,70,,1568069,22,,,0,39,,1568050,22,,,0,97,,1568051,22,,,0,99,,1568052,22,,,0,100,,1568053,22,,,0,102,,1568054,22,,,0,99,,1568055,22,,,0,99,,1568056,22,,,0,65,,1568057,22,,,0,39,,1568058,22,,,0,92,,1568059,22,,,0,66,,1568060,22,,,0,24,,1568061,22,,,0,70,,1568062,22,,,0,95,,1568063,22,,,0,105,,1568064,22,,,0,95,,1568065,22,,,0,100,,1568066,22,,,0,100,,1568067,22,,,0,198,,1568071,22,,,0
3100,'20261016',640,,1568072,22,,,0,80,,1568093,22,,,0,30,,1568091,22,,,0,70,,1568092,22,,,0,39,,1568073,22,,,0,97,,1568074,22,,,0,99,,1568075,22,,,0,100,,1568076,22,,,0,102,,1568077,22,,,0,99,,1568078,22,,,0,99,,1568079,22,,,0,65,,1568080,22,,,0,39,,1568081,22,,,0,92,,1568082,22,,,0,66,,1568083,22,,,0,24,,1568084,22,,,0,70,,1568085,22,,,0,95,,1568086,22,,,0,105,,1568087,22,,,0,95,,1568088,22,,,0,100,,1568089,22,,,0,100,,1568090,22,,,0,198,,1568094,22,,,0
3100,'20261017',739,,1599742,22,,,0,202,,1599743,22,,,0,200,,1599744,22,,,0,200,,1599745,22,,,0,201,,1599746,22,,,0,200,,1599747,22,,,0,202,,1599748,22,,,0,202,,1599749,22,,,0,198,,1599750,22,,,0,158,,1599751,22,,,0
3100,'20261018',739,,1599752,22,,,0,202,,1599753,22,,,0,200,,1599754,22,,,0,200,,1599755,22,,,0,201,,1599756,22,,,0,200,,1599757,22,,,0,202,,1599758,22,,,0,202,,1599759,22,,,0,198,,1599760,22,,,0,158,,1599761,22,,,0
3100,'20261019',640,,1599762,22,,,0,80,,1599783,22,,,0,30,,1599781,22,,,0,70,,1599782,22,,,0,39,,1599763,22,,,0,97,,1599764,22,,,0,99,,1599765,22,,,0,100,,1599766,22,,,0,102,,1599767,22,,,0,99,,1599768,22,,,0,99,,1599769,22,,,0,65,,1599770,22,,,0,39,,1599771,22,,,0,92,,1599772,22,,,0,66,,1599773,22,,,0,24,,1599774,22,,,0,70,,1599775,22,,,0,95,,1599776,22,,,0,105,,1599777,22,,,0,95,,1599778,22,,,0,100,,1599779,22,,,0,100,,1599780,22,,,0,198,,1599784,22,,,0
3100,'20261020',640,,1599785,22,,,0,80,,1599806,22,,,0,30,,1599804,22,,,0,70,,1599805,22,,,0,39,,1599786,22,,,0,97,,1599787,22,,,0,99,,1599788,22,,,0,100,,1599789,22,,,0,102,,1599790,22,,,0,99,,1599791,22,,,0,99,,1599792,22,,,0,65,,1599793,22,,,0,39,,1599794,22,,,0,92,,1599795,22,,,0,66,,1599796,22,,,0,24,,1599797,22,,,0,70,,1599798,22,,,0,95,,1599799,22,,,0,105,,1599800,22,,,0,95,,1599801,22,,,0,100,,1599802,22,,,0,100,,1599803,22,,,0,198,,1599807,22,,,0
3200,'20261006',722,,1599972,32,,,0,29,,1599973,32,,,0,67,,1599974,32,,,0,122,,1599975,26,,,0,195,,1599976,26,,,0,200,,1599977,26,,,0,179,,1599978,26,,,0,37,,1599979,26,,,0,150,,1599980,26,,,0,23,,1599981,26,,,0,25,,1599982,26,,,0,68,,1599983,26,,,0,29,,1599984,26,,,0,69,,1599985,26,,,0,124,,1599986,26,,,0,200,,1599987,26,,,0,198,,1599988,26,,,0
3200,'20261007',722,,1599989,32,,,0,29,,1599990,32,,,0,67,,1599991,32,,,0,122,,1599992,26,,,0,195,,1599993,26,,,0,200,,1599994,26,,,0,179,,1599995,26,,,0,37,,1599996,26,,,0,150,,1599997,26,,,0,23,,1599998,26,,,0,25,,1599999,26,,,0,68,,1600000,26,,,0,29,,1600001,26,,,0,69,,1600002,26,,,0,124,,1600003,26,,,0,200,,1600004,26,,,0,198,,1600005,26,,,0
3200,'20261008',722,,1600006,32,,,0,29,,1600007,32,,,0,67,,1600008,32,,,0,122,,1600009,26,,,0,195,,1600010,26,,,0,200,,1600011,26,,,0,179,,1600012,26,,,0,37,,1600013,26,,,0,150,,1600014,26,,,0,23,,1600015,26,,,0,25,,1600016,26,,,0,68,,1600017,26,,,0,29,,1600018,26,,,0,69,,1600019,26,,,0,124,,1600020,26,,,0,200,,1600021,26,,,0,198,,1600022,26,,,0
3200,'20261009',722,,1600023,32,,,0,29,,1600024,32,,,0,67,,1600025,32,,,0,122,,1600026,26,,,0,195,,1600027,26,,,0,200,,1600028,26,,,0,179,,1600029,26,,,0,37,,1600030,26,,,0,150,,1600031,26,,,0,23,,1600032,26,,,0,25,,1600033,26,,,0,68,,1600034,26,,,0,29,,1600035,26,,,0,69,,1600036,26,,,0,124,,1600037,26,,,0,200,,1600038,26,,,0,198,,1600039,26,,,0
3200,'20261010',843,,1544676,26,,,0,200,,1544677,26,,,0,203,,1544678,26,,,0,202,,1544679,26,,,0,200,,1544680,26,,,0,197,,1544681,26,,,0,198,,1544682,26,,,0,200,,1544683,26,,,0,97,,1544684,26,,,0
3200,'20261011',843,,1544685,26,,,0,200,,1544686,26,,,0,203,,1544687,26,,,0,202,,1544688,26,,,0,200,,1544689,26,,,0,197,,1544690,26,,,0,198,,1544691,26,,,0,200,,1544692,26,,,0,97,,1544693,26,,,0
3200,'20261012',843,,1544694,26,,,0,200,,1544695,26,,,0,203,,1544696,26,,,0,202,,1544697,26,,,0,200,,1544698,26,,,0,197,,1544699,26,,,0,198,,1544700,26,,,0,200,,1544701,26,,,0,97,,1544702,26,,,0
3200,'20261013',722,,1568326,32,,,0,29,,1568327,32,,,0,67,,1568311,32,,,0,122,,1568312,26,,,0,195,,1568313,26,,,0,200,,1568314,26,,,0,179,,1568315,26,,,0,37,,1568316,26,,,0,150,,1568325,26,,,0,23,,1568317,26,,,0,25,,1568318,26,,,0,68,,1568319,26,,,0,29,,1568320,26,,,0,69,,1568321,26,,,0,124,,1568322,26,,,0,200,,1568323,26,,,0,198,,1568324,26,,,0
3200,'20261014',722,,1568343,32,,,0,29,,1568344,32,,,0,67,,1568328,32,,,0,122,,1568329,26,,,0,195,,1568330,26,,,0,200,,1568331,26,,,0,179,,1568332,26,,,0,37,,1568333,26,,,0,150,,1568342,26,,,0,23,,1568334,26,,,0,25,,1568335,26,,,0,68,,1568336,26,,,0,29,,1568337,26,,,0,69,,1568338,26,,,0,124,,1568339,26,,,0,200,,1568340,26,,,0,198,,1568341,26,,,0
3200,'20261015',722,,1568360,32,,,0,29,,1568361,32,,,0,67,,1568345,32,,,0,122,,1568346,26,,,0,195,,1568347,26,,,0,200,,1568348,26,,,0,179,,1568349,26,,,0,37,,1568350,26,,,0,150,,1568359,26,,,0,23,,1568351,26,,,0,25,,1568352,26,,,0,68,,1568353,26,,,0,29,,1568354,26,,,0,69,,1568355,26,,,0,124,,1568356,26,,,0,200,,1568357,26,,,0,198,,1568358,26,,,0
3200,'20261016',722,,1568377,32,,,0,29,,1568378,32,,,0,67,,1568362,32,,,0,122,,1568363,26,,,0,195,,1568364,26,,,0,200,,1568365,26,,,0,179,,1568366,26,,,0,37,,1568367,26,,,0,150,,1568376,26,,,0,23,,1568368,26,,,0,25,,1568369,26,,,0,68,,1568370,26,,,0,29,,1568371,26,,,0,69,,1568372,26,,,0,124,,1568373,26,,,0,200,,1568374,26,,,0,198,,1568375,26,,,0
3200,'20261017',843,,1600040,26,,,0,200,,1600041,26,,,0,203,,1600042,26,,,0,202,,1600043,26,,,0,200,,1600044,26,,,0,197,,1600045,26,,,0,198,,1600046,26,,,0,200,,1600047,26,,,0,97,,1600048,26,,,0
3200,'20261018',843,,1600049,26,,,0,200,,1600050,26,,,0,203,,1600051,26,,,0,202,,1600052,26,,,0,200,,1600053,26,,,0,197,,1600054,26,,,0,198,,1600055,26,,,0,200,,1600056,26,,,0,97,,1600057,26,,,0
3200,'20261019',722,,1600073,32,,,0,29,,1600074,32,,,0,67,,1600058,32,,,0,122,,1600059,26,,,0,195,,1600060,26,,,0,200,,1600061,26,,,0,179,,1600062,26,,,0,37,,1600063,26,,,0,150,,1600072,26,,,0,23,,1600064,26,,,0,25,,1600065,26,,,0,68,,1600066,26,,,0,29,,1600067,26,,,0,69,,1600068,26,,,0,124,,1600069,26,,,0,200,,1600070,26,,,0,198,,1600071,26,,,0
3200,'20261020',722,,1600090,32,,,0,29,,1600091,32,,,0,67,,1600075,32,,,0,122,,1600076,26,,,0,195,,1600077,26,,,0,200,,1600078,26,,,0,179,,1600079,26,,,0,37,,1600080,26,,,0,150,,1600089,26,,,0,23,,1600081,26,,,0,25,,1600082,26,,,0,68,,1600083,26,,,0,29,,1600084,26,,,0,69,,1600085,26,,,0,124,,1600086,26,,,0,200,,1600087,26,,,0,198,,1600088,26,,,0
93100,'20261009',2615,,1625320,55,,,0,125,,1625321,76,,,0
93100,'20261010',2615,,1561858,55,,,0,125,,1561859,76,,,0
93100,'20261016',2615,,1593506,55,,,0,125,,1593507,76,,,0
93100,'20261017',2615,,1625322,55,,,0,125,,1625323,76,,,0
