27201,'20261002',623,,1580531,18,,,0,22,,1580532,18,,,0,66,,1580533,18,,,0,12,,1580534,18,,,0,30,,1580535,18,,,0
27201,'20261005',623,,1580536,18,,,0,22,,1580537,18,,,0,66,,1580538,18,,,0,12,,1580539,18,,,0,30,,1580540,18,,,0
27201,'20261006',623,,1527269,18,,,0,22,,1527266,18,,,0,66,,1527265,18,,,0,12,,1527268,18,,,0,30,,1527267,18,,,0
27201,'20261007',623,,1527274,18,,,0,22,,1527271,18,,,0,66,,1527270,18,,,0,12,,1527273,18,,,0,30,,1527272,18,,,0
27201,'20261008',623,,1527279,18,,,0,22,,1527276,18,,,0,66,,1527275,18,,,0,12,,1527278,18,,,0,30,,1527277,18,,,0
27201,'20261009',623,,1527284,18,,,0,22,,1527281,18,,,0,66,,1527280,18,,,0,12,,1527283,18,,,0,30,,1527282,18,,,0
27201,'20261013',623,,1580545,18,,,0,22,,1580542,18,,,0,66,,1580541,18,,,0,12,,1580544,18,,,0,30,,1580543,18,,,0
27201,'20261014',623,,1580550,18,,,0,22,,1580547,18,,,0,66,,1580546,18,,,0,12,,1580549,18,,,0,30,,1580548,18,,,0
27201,'20261015',623,,1580555,18,,,0,22,,1580552,18,,,0,66,,1580551,18,,,0,12,,1580554,18,,,0,30,,1580553,18,,,0
27201,'20261016',623,,1580560,18,,,0,22,,1580557,18,,,0,66,,1580556,18,,,0,12,,1580559,18,,,0,30,,1580558,18,,,0
