27201,'20261009',620,,1612293,13,,,0,22,,1612294,13,,,0,66,,1612295,13,,,0,12,,1612296,13,,,0,30,,1612297,13,,,0
27201,'20261013',620,,1580545,13,,,0,22,,1580542,13,,,0,66,,1580541,13,,,0,12,,1580544,13,,,0,30,,1580543,13,,,0
27201,'20261014',620,,1580550,13,,,0,22,,1580547,13,,,0,66,,1580546,13,,,0,12,,1580549,13,,,0,30,,1580548,13,,,0
27201,'20261015',620,,1580555,13,,,0,22,,1580552,13,,,0,66,,1580551,13,,,0,12,,1580554,13,,,0,30,,1580553,13,,,0
27201,'20261016',620,,1580560,13,,,0,22,,1580557,13,,,0,66,,1580556,13,,,0,12,,1580559,13,,,0,30,,1580558,13,,,0
27201,'20261019',620,,1612302,13,,,0,22,,1612299,13,,,0,66,,1612298,13,,,0,12,,1612301,13,,,0,30,,1612300,13,,,0
27201,'20261020',620,,1612307,13,,,0,22,,1612304,13,,,0,66,,1612303,13,,,0,12,,1612306,13,,,0,30,,1612305,13,,,0
27201,'20261021',620,,1638127,13,,,0,22,,1638124,13,,,0,66,,1638123,13,,,0,12,,1638126,13,,,0,30,,1638125,13,,,0
27201,'20261022',620,,1638132,13,,,0,22,,1638129,13,,,0,66,,1638128,13,,,0,12,,1638131,13,,,0,30,,1638130,13,,,0
27201,'20261023',620,,1638137,13,,,0,22,,1638134,13,,,0,66,,1638133,13,,,0,12,,1638136,13,,,0,30,,1638135,13,,,0
