8101,'20261002',623,,1576338,24,,,0,29,,1576339,24,,,0,67,,1576340,24,,,0,28,,1576341,24,,,0,76,,1576342,24,,,0,31,,1576343,24,,,0,70,,1576344,24,,,0,100,,1576345,24,,,0,100,,1576346,24,,,0,100,,1576347,24,,,0,100,,1576348,24,,,0,99,,1576349,24,,,0,99,,1576350,24,,,0,28,,1576351,24,,,0,70,,1576352,24,,,0,31,,1576353,24,,,0,71,,1576354,24,,,0,102,,1576355,24,,,0,101,,1576356,24,,,0,100,,1576357,24,,,0,102,,1576358,24,,,0,100,,1576359,24,,,0,100,,1576360,24,,,0
8101,'20261003',627,,1576361,24,,,0,99,,1576362,24,,,0,100,,1576363,24,,,0,100,,1576364,24,,,0,100,,1576365,24,,,0,99,,1576366,24,,,0,100,,1576367,24,,,0,99,,1576368,24,,,0,100,,1576369,24,,,0,100,,1576370,24,,,0,100,,1576371,24,,,0,102,,1576372,24,,,0,100,,1576373,24,,,0,100,,1576374,24,,,0,100,,1576375,24,,,0,100,,1576376,24,,,0,101,,1576377,24,,,0,100,,1576378,24,,,0
8101,'20261004',627,,1576379,24,,,0,99,,1576380,24,,,0,100,,1576381,24,,,0,100,,1576382,24,,,0,100,,1576383,24,,,0,99,,1576384,24,,,0,100,,1576385,24,,,0,99,,1576386,24,,,0,100,,1576387,24,,,0,100,,1576388,24,,,0,100,,1576389,24,,,0,102,,1576390,24,,,0,100,,1576391,24,,,0,100,,1576392,24,,,0,100,,1576393,24,,,0,100,,1576394,24,,,0,101,,1576395,24,,,0,100,,1576396,24,,,0
8101,'20261005',623,,1576397,24,,,0,29,,1576398,24,,,0,67,,1576399,24,,,0,28,,1576400,24,,,0,76,,1576401,24,,,0,31,,1576402,24,,,0,70,,1576403,24,,,0,100,,1576404,24,,,0,100,,1576405,24,,,0,100,,1576406,24,,,0,100,,1576407,24,,,0,99,,1576408,24,,,0,99,,1576409,24,,,0,28,,1576410,24,,,0,70,,1576411,24,,,0,31,,1576412,24,,,0,71,,1576413,24,,,0,102,,1576414,24,,,0,101,,1576415,24,,,0,100,,1576416,24,,,0,102,,1576417,24,,,0,100,,1576418,24,,,0,100,,1576419,24,,,0
8101,'20261006',623,,1523148,24,,,0,29,,1523149,24,,,0,67,,1523150,24,,,0,28,,1523151,24,,,0,76,,1523152,24,,,0,31,,1523153,24,,,0,70,,1523154,24,,,0,100,,1523155,24,,,0,100,,1523156,24,,,0,100,,1523157,24,,,0,100,,1523158,24,,,0,99,,1523159,24,,,0,99,,1523160,24,,,0,28,,1523161,24,,,0,70,,1523162,24,,,0,31,,1523163,24,,,0,71,,1523164,24,,,0,102,,1523165,24,,,0,101,,1523166,24,,,0,100,,1523167,24,,,0,102,,1523168,24,,,0,100,,1523169,24,,,0,100,,1523170,24,,,0
8101,'20261007',623,,1523171,24,,,0,29,,1523172,24,,,0,67,,1523173,24,,,0,28,,1523174,24,,,0,76,,1523175,24,,,0,31,,1523176,24,,,0,70,,1523177,24,,,0,100,,1523178,24,,,0,100,,1523179,24,,,0,100,,1523180,24,,,0,100,,1523181,24,,,0,99,,1523182,24,,,0,99,,1523183,24,,,0,28,,1523184,24,,,0,70,,1523185,24,,,0,31,,1523186,24,,,0,71,,1523187,24,,,0,102,,1523188,24,,,0,101,,1523189,24,,,0,100,,1523190,24,,,0,102,,1523191,24,,,0,100,,1523192,24,,,0,100,,1523193,24,,,0
8101,'20261008',623,,1523194,24,,,0,29,,1523195,24,,,0,67,,1523196,24,,,0,28,,1523197,24,,,0,76,,1523198,24,,,0,31,,1523199,24,,,0,70,,1523200,24,,,0,100,,1523201,24,,,0,100,,1523202,24,,,0,100,,1523203,24,,,0,100,,1523204,24,,,0,99,,1523205,24,,,0,99,,1523206,24,,,0,28,,1523207,24,,,0,70,,1523208,24,,,0,31,,1523209,24,,,0,71,,1523210,24,,,0,102,,1523211,24,,,0,101,,1523212,24,,,0,100,,1523213,24,,,0,102,,1523214,24,,,0,100,,1523215,24,,,0,100,,1523216,24,,,0
8101,'20261009',623,,1523217,24,,,0,29,,1523218,24,,,0,67,,1523219,24,,,0,28,,1523220,24,,,0,76,,1523221,24,,,0,31,,1523222,24,,,0,70,,1523223,24,,,0,100,,1523224,24,,,0,100,,1523225,24,,,0,100,,1523226,24,,,0,100,,1523227,24,,,0,99,,1523228,24,,,0,99,,1523229,24,,,0,28,,1523230,24,,,0,70,,1523231,24,,,0,31,,1523232,24,,,0,71,,1523233,24,,,0,102,,1523234,24,,,0,101,,1523235,24,,,0,100,,1523236,24,,,0,102,,1523237,24,,,0,100,,1523238,24,,,0,100,,1523239,24,,,0
8101,'20261010',627,,1550388,24,,,0,99,,1550389,24,,,0,100,,1550390,24,,,0,100,,1550391,24,,,0,100,,1550392,24,,,0,99,,1550393,24,,,0,100,,1550394,24,,,0,99,,1550395,24,,,0,100,,1550396,24,,,0,100,,1550397,24,,,0,100,,1550398,24,,,0,102,,1550399,24,,,0,100,,1550400,24,,,0,100,,1550401,24,,,0,100,,1550402,24,,,0,100,,1550403,24,,,0,101,,1550404,24,,,0,100,,1550405,24,,,0
8101,'20261011',627,,1550406,24,,,0,99,,1550407,24,,,0,100,,1550408,24,,,0,100,,1550409,24,,,0,100,,1550410,24,,,0,99,,1550411,24,,,0,100,,1550412,24,,,0,99,,1550413,24,,,0,100,,1550414,24,,,0,100,,1550415,24,,,0,100,,1550416,24,,,0,102,,1550417,24,,,0,100,,1550418,24,,,0,100,,1550419,24,,,0,100,,1550420,24,,,0,100,,1550421,24,,,0,101,,1550422,24,,,0,100,,1550423,24,,,0
8101,'20261012',627,,1550424,24,,,0,99,,1550425,24,,,0,100,,1550426,24,,,0,100,,1550427,24,,,0,100,,1550428,24,,,0,99,,1550429,24,,,0,100,,1550430,24,,,0,99,,1550431,24,,,0,100,,1550432,24,,,0,100,,1550433,24,,,0,100,,1550434,24,,,0,102,,1550435,24,,,0,100,,1550436,24,,,0,100,,1550437,24,,,0,100,,1550438,24,,,0,100,,1550439,24,,,0,101,,1550440,24,,,0,100,,1550441,24,,,0
8101,'20261013',623,,1576420,24,,,0,29,,1576421,24,,,0,67,,1576422,24,,,0,28,,1576423,24,,,0,76,,1576424,24,,,0,31,,1576425,24,,,0,70,,1576426,24,,,0,100,,1576427,24,,,0,100,,1576428,24,,,0,100,,1576429,24,,,0,100,,1576430,24,,,0,99,,1576431,24,,,0,99,,1576432,24,,,0,28,,1576433,24,,,0,70,,1576434,24,,,0,31,,1576435,24,,,0,71,,1576436,24,,,0,102,,1576437,24,,,0,101,,1576438,24,,,0,100,,1576439,24,,,0,102,,1576440,24,,,0,100,,1576441,24,,,0,100,,1576442,24,,,0
8101,'20261014',623,,1576443,24,,,0,29,,1576444,24,,,0,67,,1576445,24,,,0,28,,1576446,24,,,0,76,,1576447,24,,,0,31,,1576448,24,,,0,70,,1576449,24,,,0,100,,1576450,24,,,0,100,,1576451,24,,,0,100,,1576452,24,,,0,100,,1576453,24,,,0,99,,1576454,24,,,0,99,,1576455,24,,,0,28,,1576456,24,,,0,70,,1576457,24,,,0,31,,1576458,24,,,0,71,,1576459,24,,,0,102,,1576460,24,,,0,101,,1576461,24,,,0,100,,1576462,24,,,0,102,,1576463,24,,,0,100,,1576464,24,,,0,100,,1576465,24,,,0
8101,'20261015',623,,1576466,24,,,0,29,,1576467,24,,,0,67,,1576468,24,,,0,28,,1576469,24,,,0,76,,1576470,24,,,0,31,,1576471,24,,,0,70,,1576472,24,,,0,100,,1576473,24,,,0,100,,1576474,24,,,0,100,,1576475,24,,,0,100,,1576476,24,,,0,99,,1576477,24,,,0,99,,1576478,24,,,0,28,,1576479,24,,,0,70,,1576480,24,,,0,31,,1576481,24,,,0,71,,1576482,24,,,0,102,,1576483,24,,,0,101,,1576484,24,,,0,100,,1576485,24,,,0,102,,1576486,24,,,0,100,,1576487,24,,,0,100,,1576488,24,,,0
8101,'20261016',623,,1576489,24,,,0,29,,1576490,24,,,0,67,,1576491,24,,,0,28,,1576492,24,,,0,76,,1576493,24,,,0,31,,1576494,24,,,0,70,,1576495,24,,,0,100,,1576496,24,,,0,100,,1576497,24,,,0,100,,1576498,24,,,0,100,,1576499,24,,,0,99,,1576500,24,,,0,99,,1576501,24,,,0,28,,1576502,24,,,0,70,,1576503,24,,,0,31,,1576504,24,,,0,71,,1576505,24,,,0,102,,1576506,24,,,0,101,,1576507,24,,,0,100,,1576508,24,,,0,102,,1576509,24,,,0,100,,1576510,24,,,0,100,,1576511,24,,,0
27201,'20261002',624,,1580531,20,,,0,22,,1580532,20,,,0,66,,1580533,20,,,0,12,,1580534,20,,,0,30,,1580535,20,,,0
27201,'20261005',624,,1580536,20,,,0,22,,1580537,20,,,0,66,,1580538,20,,,0,12,,1580539,20,,,0,30,,1580540,20,,,0
27201,'20261006',624,,1527269,20,,,0,22,,1527266,20,,,0,66,,1527265,20,,,0,12,,1527268,20,,,0,30,,1527267,20,,,0
27201,'20261007',624,,1527274,20,,,0,22,,1527271,20,,,0,66,,1527270,20,,,0,12,,1527273,20,,,0,30,,1527272,20,,,0
27201,'20261008',624,,1527279,20,,,0,22,,1527276,20,,,0,66,,1527275,20,,,0,12,,1527278,20,,,0,30,,1527277,20,,,0
27201,'20261009',624,,1527284,20,,,0,22,,1527281,20,,,0,66,,1527280,20,,,0,12,,1527283,20,,,0,30,,1527282,20,,,0
27201,'20261013',624,,1580545,20,,,0,22,,1580542,20,,,0,66,,1580541,20,,,0,12,,1580544,20,,,0,30,,1580543,20,,,0
27201,'20261014',624,,1580550,20,,,0,22,,1580547,20,,,0,66,,1580546,20,,,0,12,,1580549,20,,,0,30,,1580548,20,,,0
27201,'20261015',624,,1580555,20,,,0,22,,1580552,20,,,0,66,,1580551,20,,,0,12,,1580554,20,,,0,30,,1580553,20,,,0
27201,'20261016',624,,1580560,20,,,0,22,,1580557,20,,,0,66,,1580556,20,,,0,12,,1580559,20,,,0,30,,1580558,20,,,0
37201,'20261002',630,,1581815,43,,,0,23,,1581816,43,,,0,73,,1581817,43,,,0,180,,1581818,43,,,0,200,,1581819,43,,,0
37201,'20261005',630,,1581820,43,,,0,23,,1581821,43,,,0,73,,1581822,43,,,0,180,,1581823,43,,,0,200,,1581824,43,,,0
37201,'20261006',630,,1528550,43,,,0,23,,1528549,43,,,0,73,,1528553,43,,,0,180,,1528551,43,,,0,200,,1528552,43,,,0
37201,'20261007',630,,1528555,43,,,0,23,,1528554,43,,,0,73,,1528558,43,,,0,180,,1528556,43,,,0,200,,1528557,43,,,0
37201,'20261008',630,,1528560,43,,,0,23,,1528559,43,,,0,73,,1528563,43,,,0,180,,1528561,43,,,0,200,,1528562,43,,,0
37201,'20261009',630,,1528565,43,,,0,23,,1528564,43,,,0,73,,1528568,43,,,0,180,,1528566,43,,,0,200,,1528567,43,,,0
37201,'20261013',630,,1581826,43,,,0,23,,1581825,43,,,0,73,,1581829,43,,,0,180,,1581827,43,,,0,200,,1581828,43,,,0
37201,'20261014',630,,1581831,43,,,0,23,,1581830,43,,,0,73,,1581834,43,,,0,180,,1581832,43,,,0,200,,1581833,43,,,0
37201,'20261015',630,,1581836,43,,,0,23,,1581835,43,,,0,73,,1581839,43,,,0,180,,1581837,43,,,0,200,,1581838,43,,,0
37201,'20261016',630,,1581841,43,,,0,23,,1581840,43,,,0,73,,1581844,43,,,0,180,,1581842,43,,,0,200,,1581843,43,,,0
57201,'20261002',632,,1582564,43,,,0,18,,1582565,43,,,0,75,,1582566,43,,,0
57201,'20261005',632,,1582567,43,,,0,18,,1582568,43,,,0,75,,1582569,43,,,0
57201,'20261006',632,,1529294,43,,,0,18,,1529295,43,,,0,75,,1529296,43,,,0
57201,'20261007',632,,1529297,43,,,0,18,,1529298,43,,,0,75,,1529299,43,,,0
57201,'20261008',632,,1529300,43,,,0,18,,1529301,43,,,0,75,,1529302,43,,,0
57201,'20261009',632,,1529303,43,,,0,18,,1529304,43,,,0,75,,1529305,43,,,0
57201,'20261013',632,,1582570,43,,,0,18,,1582571,43,,,0,75,,1582572,43,,,0
57201,'20261014',632,,1582573,43,,,0,18,,1582574,43,,,0,75,,1582575,43,,,0
57201,'20261015',632,,1582576,43,,,0,18,,1582577,43,,,0,75,,1582578,43,,,0
57201,'20261016',632,,1582579,43,,,0,18,,1582580,43,,,0,75,,1582581,43,,,0
