80103,'20261006',505,,1616927,22,,,1,16,,1616928,22,,,1,15,,1616929,22,,,1,14,,1616930,22,,,1,51,,1616931,22,,,1,9,,1616932,22,,,1,10,,1616933,22,,,1,9,,1616934,22,,,1,10,,1616935,22,,,1,10,,1616936,22,,,1,51,,1616937,22,,,1,10,,1616938,22,,,1,10,,1616939,22,,,1,9,,1616940,22,,,1,9,,1616941,22,,,1,9,,1616942,22,,,1,11,,1616943,22,,,1,49,,1616944,22,,,1,10,,1616945,22,,,1,11,,1616946,22,,,1,8,,1616947,22,,,1,8,,1616948,22,,,1,9,,1616949,22,,,1,51,,1616950,22,,,1,13,,1616951,22,,,1,15,,1616952,22,,,1,16,,1616953,22,,,1,56,,1616954,22,,,1,14,,1616955,22,,,1,14,,1616956,22,,,1,15,,1616957,22,,,1,55,,1616958,22,,,1,15,,1616959,22,,,1,15,,1616960,22,,,1,15,,1616961,22,,,1,56,,1616962,22,,,1,15,,1616963,22,,,1,15,,1616964,22,,,1,16,,1616965,22,,,1,54,,1616966,22,,,1,15,,1616967,22,,,1,13,,1616968,22,,,1,15,,1616969,22,,,1,55,,1616970,22,,,1,15,,1616971,22,,,1,14,,1616972,22,,,1,14,,1616973,22,,,1,12,,1616974,22,,,1,52,,1616975,22,,,1,8,,1616976,22,,,1,9,,1616977,22,,,1,8,,1616978,22,,,1,8,,1616979,22,,,1,9,,1616980,22,,,1,50,,1616981,22,,,1,8,,1616982,22,,,1,9,,1616983,22,,,1,10,,1616984,22,,,1,9,,1616985,22,,,1,9,,1616986,22,,,1,9,,1616987,22,,,1,49,,1616988,22,,,1,10,,1616989,22,,,1,10,,1616990,22,,,1,10,,1616991,22,,,1,10,,1616992,22,,,1,10,,1616993,22,,,1,52,,1616994,22,,,1,14,,1616995,22,,,1,14,,1616996,22,,,1,15,,1616997,22,,,1,55,,1616998,22,,,1,15,,1616999,22,,,1,15,,1617000,22,,,1,16,,1617001,22,,,1,55,,1617002,22,,,1,15,,1617003,22,,,1,15,,1617004,22,,,1,15,,1617005,22,,,1,55,,1617006,22,,,1,15,,1617007,22,,,1,15,,1617008,22,,,1,15,,1617009,22,,,1,55,,1617010,22,,,1,15,,1617011,22,,,1,15,,1617012,22,,,1,15,,1617013,22,,,1,55,,1617014,22,,,1,15,,1617015,22,,,1,15,,1617016,22,,,1,15,,1617017,22,,,1,55,,1617018,22,,,1,15,,1617019,22,,,1,15,,1617020,22,,,1,15,,1617021,22,,,1,55,,1617022,22,,,1
80103,'20261007',505,,1617034,22,,,1,16,,1617035,22,,,1,15,,1617036,22,,,1,14,,1617037,22,,,1,51,,1617038,22,,,1,9,,1617039,22,,,1,10,,1617040,22,,,1,9,,1617041,22,,,1,10,,1617042,22,,,1,10,,1617043,22,,,1,51,,1617044,22,,,1,10,,1617045,22,,,1,10,,1617046,22,,,1,9,,1617047,22,,,1,9,,1617048,22,,,1,9,,1617049,22,,,1,11,,1617050,22,,,1,49,,1617051,22,,,1,10,,1617052,22,,,1,11,,1617053,22,,,1,8,,1617054,22,,,1,8,,1617055,22,,,1,9,,1617056,22,,,1,51,,1617057,22,,,1,13,,1617058,22,,,1,15,,1617059,22,,,1,16,,1617060,22,,,1,56,,1617061,22,,,1,14,,1617062,22,,,1,14,,1617063,22,,,1,15,,1617064,22,,,1,55,,1617065,22,,,1,15,,1617066,22,,,1,15,,1617067,22,,,1,15,,1617068,22,,,1,56,,1617069,22,,,1,15,,1617070,22,,,1,15,,1617071,22,,,1,16,,1617072,22,,,1,54,,1617073,22,,,1,15,,1617074,22,,,1,13,,1617075,22,,,1,15,,1617076,22,,,1,55,,1617077,22,,,1,15,,1617078,22,,,1,14,,1617079,22,,,1,14,,1617080,22,,,1,12,,1617081,22,,,1,52,,1617082,22,,,1,8,,1617083,22,,,1,9,,1617084,22,,,1,8,,1617085,22,,,1,8,,1617086,22,,,1,9,,1617087,22,,,1,50,,1617088,22,,,1,8,,1617089,22,,,1,9,,1617090,22,,,1,10,,1617091,22,,,1,9,,1617092,22,,,1,9,,1617093,22,,,1,9,,1617094,22,,,1,49,,1617095,22,,,1,10,,1617096,22,,,1,10,,1617097,22,,,1,10,,1617098,22,,,1,10,,1617099,22,,,1,10,,1617100,22,,,1,52,,1617101,22,,,1,14,,1617102,22,,,1,14,,1617103,22,,,1,15,,1617104,22,,,1,55,,1617105,22,,,1,15,,1617106,22,,,1,15,,1617107,22,,,1,16,,1617108,22,,,1,55,,1617109,22,,,1,15,,1617110,22,,,1,15,,1617111,22,,,1,15,,1617112,22,,,1,55,,1617113,22,,,1,15,,1617114,22,,,1,15,,1617115,22,,,1,15,,1617116,22,,,1,55,,1617117,22,,,1,15,,1617118,22,,,1,15,,1617119,22,,,1,15,,1617120,22,,,1,55,,1617121,22,,,1,15,,1617122,22,,,1,15,,1617123,22,,,1,15,,1617124,22,,,1,55,,1617125,22,,,1,15,,1617126,22,,,1,15,,1617127,22,,,1,15,,1617128,22,,,1,55,,1617129,22,,,1
80103,'20261008',505,,1617141,22,,,1,16,,1617142,22,,,1,15,,1617143,22,,,1,14,,1617144,22,,,1,51,,1617145,22,,,1,9,,1617146,22,,,1,10,,1617147,22,,,1,9,,1617148,22,,,1,10,,1617149,22,,,1,10,,1617150,22,,,1,51,,1617151,22,,,1,10,,1617152,22,,,1,10,,1617153,22,,,1,9,,1617154,22,,,1,9,,1617155,22,,,1,9,,1617156,22,,,1,11,,1617157,22,,,1,49,,1617158,22,,,1,10,,1617159,22,,,1,11,,1617160,22,,,1,8,,1617161,22,,,1,8,,1617162,22,,,1,9,,1617163,22,,,1,51,,1617164,22,,,1,13,,1617165,22,,,1,15,,1617166,22,,,1,16,,1617167,22,,,1,56,,1617168,22,,,1,14,,1617169,22,,,1,14,,1617170,22,,,1,15,,1617171,22,,,1,55,,1617172,22,,,1,15,,1617173,22,,,1,15,,1617174,22,,,1,15,,1617175,22,,,1,56,,1617176,22,,,1,15,,1617177,22,,,1,15,,1617178,22,,,1,16,,1617179,22,,,1,54,,1617180,22,,,1,15,,1617181,22,,,1,13,,1617182,22,,,1,15,,1617183,22,,,1,55,,1617184,22,,,1,15,,1617185,22,,,1,14,,1617186,22,,,1,14,,1617187,22,,,1,12,,1617188,22,,,1,52,,1617189,22,,,1,8,,1617190,22,,,1,9,,1617191,22,,,1,8,,1617192,22,,,1,8,,1617193,22,,,1,9,,1617194,22,,,1,50,,1617195,22,,,1,8,,1617196,22,,,1,9,,1617197,22,,,1,10,,1617198,22,,,1,9,,1617199,22,,,1,9,,1617200,22,,,1,9,,1617201,22,,,1,49,,1617202,22,,,1,10,,1617203,22,,,1,10,,1617204,22,,,1,10,,1617205,22,,,1,10,,1617206,22,,,1,10,,1617207,22,,,1,52,,1617208,22,,,1,14,,1617209,22,,,1,14,,1617210,22,,,1,15,,1617211,22,,,1,55,,1617212,22,,,1,15,,1617213,22,,,1,15,,1617214,22,,,1,16,,1617215,22,,,1,55,,1617216,22,,,1,15,,1617217,22,,,1,15,,1617218,22,,,1,15,,1617219,22,,,1,55,,1617220,22,,,1,15,,1617221,22,,,1,15,,1617222,22,,,1,15,,1617223,22,,,1,55,,1617224,22,,,1,15,,1617225,22,,,1,15,,1617226,22,,,1,15,,1617227,22,,,1,55,,1617228,22,,,1,15,,1617229,22,,,1,15,,1617230,22,,,1,15,,1617231,22,,,1,55,,1617232,22,,,1,15,,1617233,22,,,1,15,,1617234,22,,,1,15,,1617235,22,,,1,55,,1617236,22,,,1
80103,'20261009',505,,1617248,22,,,1,16,,1617249,22,,,1,15,,1617250,22,,,1,14,,1617251,22,,,1,51,,1617252,22,,,1,9,,1617253,22,,,1,10,,1617254,22,,,1,9,,1617255,22,,,1,10,,1617256,22,,,1,10,,1617257,22,,,1,51,,1617258,22,,,1,10,,1617259,22,,,1,10,,1617260,22,,,1,9,,1617261,22,,,1,9,,1617262,22,,,1,9,,1617263,22,,,1,11,,1617264,22,,,1,49,,1617265,22,,,1,10,,1617266,22,,,1,11,,1617267,22,,,1,8,,1617268,22,,,1,8,,1617269,22,,,1,9,,1617270,22,,,1,51,,1617271,22,,,1,13,,1617272,22,,,1,15,,1617273,22,,,1,16,,1617274,22,,,1,56,,1617275,22,,,1,14,,1617276,22,,,1,14,,1617277,22,,,1,15,,1617278,22,,,1,55,,1617279,22,,,1,15,,1617280,22,,,1,15,,1617281,22,,,1,15,,1617282,22,,,1,56,,1617283,22,,,1,15,,1617284,22,,,1,15,,1617285,22,,,1,16,,1617286,22,,,1,54,,1617287,22,,,1,15,,1617288,22,,,1,13,,1617289,22,,,1,15,,1617290,22,,,1,55,,1617291,22,,,1,15,,1617292,22,,,1,14,,1617293,22,,,1,14,,1617294,22,,,1,12,,1617295,22,,,1,52,,1617296,22,,,1,8,,1617297,22,,,1,9,,1617298,22,,,1,8,,1617299,22,,,1,8,,1617300,22,,,1,9,,1617301,22,,,1,50,,1617302,22,,,1,8,,1617303,22,,,1,9,,1617304,22,,,1,10,,1617305,22,,,1,9,,1617306,22,,,1,9,,1617307,22,,,1,9,,1617308,22,,,1,49,,1617309,22,,,1,10,,1617310,22,,,1,10,,1617311,22,,,1,10,,1617312,22,,,1,10,,1617313,22,,,1,10,,1617314,22,,,1,52,,1617315,22,,,1,14,,1617316,22,,,1,14,,1617317,22,,,1,15,,1617318,22,,,1,55,,1617319,22,,,1,15,,1617320,22,,,1,15,,1617321,22,,,1,16,,1617322,22,,,1,55,,1617323,22,,,1,15,,1617324,22,,,1,15,,1617325,22,,,1,15,,1617326,22,,,1,55,,1617327,22,,,1,15,,1617328,22,,,1,15,,1617329,22,,,1,15,,1617330,22,,,1,55,,1617331,22,,,1,15,,1617332,22,,,1,15,,1617333,22,,,1,15,,1617334,22,,,1,55,,1617335,22,,,1,15,,1617336,22,,,1,15,,1617337,22,,,1,15,,1617338,22,,,1,55,,1617339,22,,,1,15,,1617340,22,,,1,15,,1617341,22,,,1,15,,1617342,22,,,1,55,,1617343,22,,,1
80103,'20261010',550,,1556148,22,,,1,58,,1556149,22,,,1,14,,1556150,22,,,1,15,,1556151,22,,,1,14,,1556152,22,,,1,54,,1556153,22,,,1,15,,1556154,22,,,1,15,,1556155,22,,,1,15,,1556156,22,,,1,54,,1556157,22,,,1,15,,1556158,22,,,1,15,,1556159,22,,,1,15,,1556160,22,,,1,55,,1556161,22,,,1,15,,1556162,22,,,1,16,,1556163,22,,,1,17,,1556164,22,,,1,55,,1556165,22,,,1,15,,1556166,22,,,1,16,,1556167,22,,,1,15,,1556168,22,,,1,55,,1556169,22,,,1,16,,1556171,22,,,1,15,,1556172,22,,,1,15,,1556173,22,,,1,56,,1556170,22,,,1,15,,1556174,22,,,1,16,,1556175,22,,,1,16,,1556176,22,,,1,56,,1556177,22,,,1,16,,1556178,22,,,1,15,,1556179,22,,,1,15,,1556180,22,,,1,55,,1556181,22,,,1,15,,1556182,22,,,1,16,,1556183,22,,,1,56,,1556184,22,,,1,14,,1556185,22,,,1,15,,1556186,22,,,1,16,,1556187,22,,,1,55,,1556188,22,,,1,15,,1556189,22,,,1,16,,1556190,22,,,1,15,,1556191,22,,,1,55,,1556192,22,,,1,15,,1556193,22,,,1,15,,1556194,22,,,1,15,,1556195,22,,,1,55,,1556196,22,,,1,17,,1556197,22,,,1,16,,1556198,22,,,1,16,,1556199,22,,,1,54,,1556201,22,,,1,15,,1556202,22,,,1,14,,1556203,22,,,1,16,,1556200,22,,,1,54,,1556204,22,,,1,15,,1556205,22,,,1,15,,1556206,22,,,1,17,,1556207,22,,,1,55,,1556208,22,,,1,15,,1556209,22,,,1,15,,1556210,22,,,1,13,,1556211,22,,,1,55,,1556212,22,,,1,15,,1556213,22,,,1,15,,1556214,22,,,1,16,,1556215,22,,,1,55,,1556216,22,,,1,14,,1556217,22,,,1,15,,1556218,22,,,1,15,,1556219,22,,,1,55,,1556220,22,,,1,15,,1556221,22,,,1,15,,1556222,22,,,1,15,,1556223,22,,,1,54,,1556224,22,,,1
80103,'20261011',550,,1556232,22,,,1,58,,1556225,22,,,1,14,,1556233,22,,,1,15,,1556226,22,,,1,14,,1556228,22,,,1,54,,1556227,22,,,1,15,,1556229,22,,,1,15,,1556230,22,,,1,15,,1556231,22,,,1,54,,1556239,22,,,1,15,,1556234,22,,,1,15,,1556242,22,,,1,15,,1556243,22,,,1,55,,1556240,22,,,1,15,,1556235,22,,,1,16,,1556237,22,,,1,17,,1556241,22,,,1,55,,1556236,22,,,1,15,,1556238,22,,,1,16,,1556253,22,,,1,15,,1556259,22,,,1,55,,1556258,22,,,1,16,,1556256,22,,,1,15,,1556246,22,,,1,15,,1556251,22,,,1,56,,1556255,22,,,1,15,,1556261,22,,,1,16,,1556262,22,,,1,16,,1556245,22,,,1,56,,1556263,22,,,1,16,,1556250,22,,,1,15,,1556260,22,,,1,15,,1556252,22,,,1,55,,1556244,22,,,1,15,,1556254,22,,,1,16,,1556247,22,,,1,56,,1556264,22,,,1,14,,1556257,22,,,1,15,,1556248,22,,,1,16,,1556249,22,,,1,55,,1556274,22,,,1,15,,1556275,22,,,1,16,,1556281,22,,,1,15,,1556279,22,,,1,55,,1556283,22,,,1,15,,1556282,22,,,1,15,,1556276,22,,,1,15,,1556277,22,,,1,55,,1556269,22,,,1,17,,1556278,22,,,1,16,,1556280,22,,,1,16,,1556284,22,,,1,54,,1556268,22,,,1,15,,1556265,22,,,1,14,,1556285,22,,,1,16,,1556272,22,,,1,54,,1556266,22,,,1,15,,1556270,22,,,1,15,,1556267,22,,,1,17,,1556271,22,,,1,55,,1556273,22,,,1,15,,1556286,22,,,1,15,,1556293,22,,,1,13,,1556299,22,,,1,55,,1556300,22,,,1,15,,1556287,22,,,1,15,,1556288,22,,,1,16,,1556294,22,,,1,55,,1556301,22,,,1,14,,1556289,22,,,1,15,,1556296,22,,,1,15,,1556290,22,,,1,55,,1556297,22,,,1,15,,1556291,22,,,1,15,,1556292,22,,,1,15,,1556298,22,,,1,54,,1556295,22,,,1
80103,'20261012',550,,1556309,22,,,1,58,,1556302,22,,,1,14,,1556310,22,,,1,15,,1556303,22,,,1,14,,1556305,22,,,1,54,,1556304,22,,,1,15,,1556306,22,,,1,15,,1556307,22,,,1,15,,1556308,22,,,1,54,,1556316,22,,,1,15,,1556311,22,,,1,15,,1556319,22,,,1,15,,1556320,22,,,1,55,,1556317,22,,,1,15,,1556312,22,,,1,16,,1556314,22,,,1,17,,1556318,22,,,1,55,,1556313,22,,,1,15,,1556315,22,,,1,16,,1556330,22,,,1,15,,1556336,22,,,1,55,,1556335,22,,,1,16,,1556333,22,,,1,15,,1556323,22,,,1,15,,1556328,22,,,1,56,,1556332,22,,,1,15,,1556338,22,,,1,16,,1556339,22,,,1,16,,1556322,22,,,1,56,,1556340,22,,,1,16,,1556327,22,,,1,15,,1556337,22,,,1,15,,1556329,22,,,1,55,,1556321,22,,,1,15,,1556331,22,,,1,16,,1556324,22,,,1,56,,1556341,22,,,1,14,,1556334,22,,,1,15,,1556325,22,,,1,16,,1556326,22,,,1,55,,1556351,22,,,1,15,,1556352,22,,,1,16,,1556358,22,,,1,15,,1556356,22,,,1,55,,1556360,22,,,1,15,,1556359,22,,,1,15,,1556353,22,,,1,15,,1556354,22,,,1,55,,1556346,22,,,1,17,,1556355,22,,,1,16,,1556357,22,,,1,16,,1556361,22,,,1,54,,1556345,22,,,1,15,,1556342,22,,,1,14,,1556362,22,,,1,16,,1556349,22,,,1,54,,1556343,22,,,1,15,,1556347,22,,,1,15,,1556344,22,,,1,17,,1556348,22,,,1,55,,1556350,22,,,1,15,,1556363,22,,,1,15,,1556370,22,,,1,13,,1556376,22,,,1,55,,1556377,22,,,1,15,,1556364,22,,,1,15,,1556365,22,,,1,16,,1556371,22,,,1,55,,1556378,22,,,1,14,,1556366,22,,,1,15,,1556373,22,,,1,15,,1556367,22,,,1,55,,1556374,22,,,1,15,,1556368,22,,,1,15,,1556369,22,,,1,15,,1556375,22,,,1,54,,1556372,22,,,1
80103,'20261013',505,,1585584,22,,,1,16,,1585577,22,,,1,15,,1585490,22,,,1,14,,1585491,22,,,1,51,,1585489,22,,,1,9,,1585493,22,,,1,10,,1585494,22,,,1,9,,1585495,22,,,1,10,,1585492,22,,,1,10,,1585497,22,,,1,51,,1585583,22,,,1,10,,1585498,22,,,1,10,,1585499,22,,,1,9,,1585496,22,,,1,9,,1585500,22,,,1,9,,1585501,22,,,1,11,,1585502,22,,,1,49,,1585503,22,,,1,10,,1585504,22,,,1,11,,1585505,22,,,1,8,,1585506,22,,,1,8,,1585507,22,,,1,9,,1585508,22,,,1,51,,1585509,22,,,1,13,,1585510,22,,,1,15,,1585511,22,,,1,16,,1585512,22,,,1,56,,1585513,22,,,1,14,,1585514,22,,,1,14,,1585515,22,,,1,15,,1585518,22,,,1,55,,1585519,22,,,1,15,,1585520,22,,,1,15,,1585516,22,,,1,15,,1585517,22,,,1,56,,1585521,22,,,1,15,,1585523,22,,,1,15,,1585524,22,,,1,16,,1585522,22,,,1,54,,1585526,22,,,1,15,,1585527,22,,,1,13,,1585525,22,,,1,15,,1585528,22,,,1,55,,1585582,22,,,1,15,,1585529,22,,,1,14,,1585530,22,,,1,14,,1585531,22,,,1,12,,1585532,22,,,1,52,,1585580,22,,,1,8,,1585533,22,,,1,9,,1585534,22,,,1,8,,1585535,22,,,1,8,,1585536,22,,,1,9,,1585537,22,,,1,50,,1585538,22,,,1,8,,1585539,22,,,1,9,,1585541,22,,,1,10,,1585542,22,,,1,9,,1585543,22,,,1,9,,1585540,22,,,1,9,,1585581,22,,,1,49,,1585544,22,,,1,10,,1585545,22,,,1,10,,1585547,22,,,1,10,,1585548,22,,,1,10,,1585549,22,,,1,10,,1585578,22,,,1,52,,1585546,22,,,1,14,,1585550,22,,,1,14,,1585552,22,,,1,15,,1585554,22,,,1,55,,1585551,22,,,1,15,,1585555,22,,,1,15,,1585553,22,,,1,16,,1585556,22,,,1,55,,1585557,22,,,1,15,,1585558,22,,,1,15,,1585559,22,,,1,15,,1585560,22,,,1,55,,1585561,22,,,1,15,,1585562,22,,,1,15,,1585563,22,,,1,15,,1585564,22,,,1,55,,1585565,22,,,1,15,,1585566,22,,,1,15,,1585568,22,,,1,15,,1585569,22,,,1,55,,1585570,22,,,1,15,,1585567,22,,,1,15,,1585571,22,,,1,15,,1585572,22,,,1,55,,1585573,22,,,1,15,,1585574,22,,,1,15,,1585575,22,,,1,15,,1585576,22,,,1,55,,1585579,22,,,1
80103,'20261014',505,,1585680,22,,,1,16,,1585673,22,,,1,15,,1585586,22,,,1,14,,1585587,22,,,1,51,,1585585,22,,,1,9,,1585589,22,,,1,10,,1585590,22,,,1,9,,1585591,22,,,1,10,,1585588,22,,,1,10,,1585593,22,,,1,51,,1585679,22,,,1,10,,1585594,22,,,1,10,,1585595,22,,,1,9,,1585592,22,,,1,9,,1585596,22,,,1,9,,1585597,22,,,1,11,,1585598,22,,,1,49,,1585599,22,,,1,10,,1585600,22,,,1,11,,1585601,22,,,1,8,,1585602,22,,,1,8,,1585603,22,,,1,9,,1585604,22,,,1,51,,1585605,22,,,1,13,,1585606,22,,,1,15,,1585607,22,,,1,16,,1585608,22,,,1,56,,1585609,22,,,1,14,,1585610,22,,,1,14,,1585611,22,,,1,15,,1585614,22,,,1,55,,1585615,22,,,1,15,,1585616,22,,,1,15,,1585612,22,,,1,15,,1585613,22,,,1,56,,1585617,22,,,1,15,,1585619,22,,,1,15,,1585620,22,,,1,16,,1585618,22,,,1,54,,1585622,22,,,1,15,,1585623,22,,,1,13,,1585621,22,,,1,15,,1585624,22,,,1,55,,1585678,22,,,1,15,,1585625,22,,,1,14,,1585626,22,,,1,14,,1585627,22,,,1,12,,1585628,22,,,1,52,,1585676,22,,,1,8,,1585629,22,,,1,9,,1585630,22,,,1,8,,1585631,22,,,1,8,,1585632,22,,,1,9,,1585633,22,,,1,50,,1585634,22,,,1,8,,1585635,22,,,1,9,,1585637,22,,,1,10,,1585638,22,,,1,9,,1585639,22,,,1,9,,1585636,22,,,1,9,,1585677,22,,,1,49,,1585640,22,,,1,10,,1585641,22,,,1,10,,1585643,22,,,1,10,,1585644,22,,,1,10,,1585645,22,,,1,10,,1585674,22,,,1,52,,1585642,22,,,1,14,,1585646,22,,,1,14,,1585648,22,,,1,15,,1585650,22,,,1,55,,1585647,22,,,1,15,,1585651,22,,,1,15,,1585649,22,,,1,16,,1585652,22,,,1,55,,1585653,22,,,1,15,,1585654,22,,,1,15,,1585655,22,,,1,15,,1585656,22,,,1,55,,1585657,22,,,1,15,,1585658,22,,,1,15,,1585659,22,,,1,15,,1585660,22,,,1,55,,1585661,22,,,1,15,,1585662,22,,,1,15,,1585664,22,,,1,15,,1585665,22,,,1,55,,1585666,22,,,1,15,,1585663,22,,,1,15,,1585667,22,,,1,15,,1585668,22,,,1,55,,1585669,22,,,1,15,,1585670,22,,,1,15,,1585671,22,,,1,15,,1585672,22,,,1,55,,1585675,22,,,1
80103,'20261015',505,,1585776,22,,,1,16,,1585769,22,,,1,15,,1585682,22,,,1,14,,1585683,22,,,1,51,,1585681,22,,,1,9,,1585685,22,,,1,10,,1585686,22,,,1,9,,1585687,22,,,1,10,,1585684,22,,,1,10,,1585689,22,,,1,51,,1585775,22,,,1,10,,1585690,22,,,1,10,,1585691,22,,,1,9,,1585688,22,,,1,9,,1585692,22,,,1,9,,1585693,22,,,1,11,,1585694,22,,,1,49,,1585695,22,,,1,10,,1585696,22,,,1,11,,1585697,22,,,1,8,,1585698,22,,,1,8,,1585699,22,,,1,9,,1585700,22,,,1,51,,1585701,22,,,1,13,,1585702,22,,,1,15,,1585703,22,,,1,16,,1585704,22,,,1,56,,1585705,22,,,1,14,,1585706,22,,,1,14,,1585707,22,,,1,15,,1585710,22,,,1,55,,1585711,22,,,1,15,,1585712,22,,,1,15,,1585708,22,,,1,15,,1585709,22,,,1,56,,1585713,22,,,1,15,,1585715,22,,,1,15,,1585716,22,,,1,16,,1585714,22,,,1,54,,1585718,22,,,1,15,,1585719,22,,,1,13,,1585717,22,,,1,15,,1585720,22,,,1,55,,1585774,22,,,1,15,,1585721,22,,,1,14,,1585722,22,,,1,14,,1585723,22,,,1,12,,1585724,22,,,1,52,,1585772,22,,,1,8,,1585725,22,,,1,9,,1585726,22,,,1,8,,1585727,22,,,1,8,,1585728,22,,,1,9,,1585729,22,,,1,50,,1585730,22,,,1,8,,1585731,22,,,1,9,,1585733,22,,,1,10,,1585734,22,,,1,9,,1585735,22,,,1,9,,1585732,22,,,1,9,,1585773,22,,,1,49,,1585736,22,,,1,10,,1585737,22,,,1,10,,1585739,22,,,1,10,,1585740,22,,,1,10,,1585741,22,,,1,10,,1585770,22,,,1,52,,1585738,22,,,1,14,,1585742,22,,,1,14,,1585744,22,,,1,15,,1585746,22,,,1,55,,1585743,22,,,1,15,,1585747,22,,,1,15,,1585745,22,,,1,16,,1585748,22,,,1,55,,1585749,22,,,1,15,,1585750,22,,,1,15,,1585751,22,,,1,15,,1585752,22,,,1,55,,1585753,22,,,1,15,,1585754,22,,,1,15,,1585755,22,,,1,15,,1585756,22,,,1,55,,1585757,22,,,1,15,,1585758,22,,,1,15,,1585760,22,,,1,15,,1585761,22,,,1,55,,1585762,22,,,1,15,,1585759,22,,,1,15,,1585763,22,,,1,15,,1585764,22,,,1,55,,1585765,22,,,1,15,,1585766,22,,,1,15,,1585767,22,,,1,15,,1585768,22,,,1,55,,1585771,22,,,1
80103,'20261016',505,,1585872,22,,,1,16,,1585865,22,,,1,15,,1585778,22,,,1,14,,1585779,22,,,1,51,,1585777,22,,,1,9,,1585781,22,,,1,10,,1585782,22,,,1,9,,1585783,22,,,1,10,,1585780,22,,,1,10,,1585785,22,,,1,51,,1585871,22,,,1,10,,1585786,22,,,1,10,,1585787,22,,,1,9,,1585784,22,,,1,9,,1585788,22,,,1,9,,1585789,22,,,1,11,,1585790,22,,,1,49,,1585791,22,,,1,10,,1585792,22,,,1,11,,1585793,22,,,1,8,,1585794,22,,,1,8,,1585795,22,,,1,9,,1585796,22,,,1,51,,1585797,22,,,1,13,,1585798,22,,,1,15,,1585799,22,,,1,16,,1585800,22,,,1,56,,1585801,22,,,1,14,,1585802,22,,,1,14,,1585803,22,,,1,15,,1585806,22,,,1,55,,1585807,22,,,1,15,,1585808,22,,,1,15,,1585804,22,,,1,15,,1585805,22,,,1,56,,1585809,22,,,1,15,,1585811,22,,,1,15,,1585812,22,,,1,16,,1585810,22,,,1,54,,1585814,22,,,1,15,,1585815,22,,,1,13,,1585813,22,,,1,15,,1585816,22,,,1,55,,1585870,22,,,1,15,,1585817,22,,,1,14,,1585818,22,,,1,14,,1585819,22,,,1,12,,1585820,22,,,1,52,,1585868,22,,,1,8,,1585821,22,,,1,9,,1585822,22,,,1,8,,1585823,22,,,1,8,,1585824,22,,,1,9,,1585825,22,,,1,50,,1585826,22,,,1,8,,1585827,22,,,1,9,,1585829,22,,,1,10,,1585830,22,,,1,9,,1585831,22,,,1,9,,1585828,22,,,1,9,,1585869,22,,,1,49,,1585832,22,,,1,10,,1585833,22,,,1,10,,1585835,22,,,1,10,,1585836,22,,,1,10,,1585837,22,,,1,10,,1585866,22,,,1,52,,1585834,22,,,1,14,,1585838,22,,,1,14,,1585840,22,,,1,15,,1585842,22,,,1,55,,1585839,22,,,1,15,,1585843,22,,,1,15,,1585841,22,,,1,16,,1585844,22,,,1,55,,1585845,22,,,1,15,,1585846,22,,,1,15,,1585847,22,,,1,15,,1585848,22,,,1,55,,1585849,22,,,1,15,,1585850,22,,,1,15,,1585851,22,,,1,15,,1585852,22,,,1,55,,1585853,22,,,1,15,,1585854,22,,,1,15,,1585856,22,,,1,15,,1585857,22,,,1,55,,1585858,22,,,1,15,,1585855,22,,,1,15,,1585859,22,,,1,15,,1585860,22,,,1,55,,1585861,22,,,1,15,,1585862,22,,,1,15,,1585863,22,,,1,15,,1585864,22,,,1,55,,1585867,22,,,1
80103,'20261017',550,,1617344,22,,,1,58,,1617345,22,,,1,14,,1617346,22,,,1,15,,1617347,22,,,1,14,,1617348,22,,,1,54,,1617349,22,,,1,15,,1617350,22,,,1,15,,1617351,22,,,1,15,,1617352,22,,,1,54,,1617353,22,,,1,15,,1617354,22,,,1,15,,1617355,22,,,1,15,,1617356,22,,,1,55,,1617357,22,,,1,15,,1617358,22,,,1,16,,1617359,22,,,1,17,,1617360,22,,,1,55,,1617361,22,,,1,15,,1617362,22,,,1,16,,1617363,22,,,1,15,,1617364,22,,,1,55,,1617365,22,,,1,16,,1617367,22,,,1,15,,1617368,22,,,1,15,,1617369,22,,,1,56,,1617366,22,,,1,15,,1617370,22,,,1,16,,1617371,22,,,1,16,,1617372,22,,,1,56,,1617373,22,,,1,16,,1617374,22,,,1,15,,1617375,22,,,1,15,,1617376,22,,,1,55,,1617377,22,,,1,15,,1617378,22,,,1,16,,1617379,22,,,1,56,,1617380,22,,,1,14,,1617381,22,,,1,15,,1617382,22,,,1,16,,1617383,22,,,1,55,,1617384,22,,,1,15,,1617385,22,,,1,16,,1617386,22,,,1,15,,1617387,22,,,1,55,,1617388,22,,,1,15,,1617389,22,,,1,15,,1617390,22,,,1,15,,1617391,22,,,1,55,,1617392,22,,,1,17,,1617393,22,,,1,16,,1617394,22,,,1,16,,1617395,22,,,1,54,,1617397,22,,,1,15,,1617398,22,,,1,14,,1617399,22,,,1,16,,1617396,22,,,1,54,,1617400,22,,,1,15,,1617401,22,,,1,15,,1617402,22,,,1,17,,1617403,22,,,1,55,,1617404,22,,,1,15,,1617405,22,,,1,15,,1617406,22,,,1,13,,1617407,22,,,1,55,,1617408,22,,,1,15,,1617409,22,,,1,15,,1617410,22,,,1,16,,1617411,22,,,1,55,,1617412,22,,,1,14,,1617413,22,,,1,15,,1617414,22,,,1,15,,1617415,22,,,1,55,,1617416,22,,,1,15,,1617417,22,,,1,15,,1617418,22,,,1,15,,1617419,22,,,1,54,,1617420,22,,,1
80103,'20261018',550,,1617428,22,,,1,58,,1617421,22,,,1,14,,1617429,22,,,1,15,,1617422,22,,,1,14,,1617424,22,,,1,54,,1617423,22,,,1,15,,1617425,22,,,1,15,,1617426,22,,,1,15,,1617427,22,,,1,54,,1617435,22,,,1,15,,1617430,22,,,1,15,,1617438,22,,,1,15,,1617439,22,,,1,55,,1617436,22,,,1,15,,1617431,22,,,1,16,,1617433,22,,,1,17,,1617437,22,,,1,55,,1617432,22,,,1,15,,1617434,22,,,1,16,,1617449,22,,,1,15,,1617455,22,,,1,55,,1617454,22,,,1,16,,1617452,22,,,1,15,,1617442,22,,,1,15,,1617447,22,,,1,56,,1617451,22,,,1,15,,1617457,22,,,1,16,,1617458,22,,,1,16,,1617441,22,,,1,56,,1617459,22,,,1,16,,1617446,22,,,1,15,,1617456,22,,,1,15,,1617448,22,,,1,55,,1617440,22,,,1,15,,1617450,22,,,1,16,,1617443,22,,,1,56,,1617460,22,,,1,14,,1617453,22,,,1,15,,1617444,22,,,1,16,,1617445,22,,,1,55,,1617470,22,,,1,15,,1617471,22,,,1,16,,1617477,22,,,1,15,,1617475,22,,,1,55,,1617479,22,,,1,15,,1617478,22,,,1,15,,1617472,22,,,1,15,,1617473,22,,,1,55,,1617465,22,,,1,17,,1617474,22,,,1,16,,1617476,22,,,1,16,,1617480,22,,,1,54,,1617464,22,,,1,15,,1617461,22,,,1,14,,1617481,22,,,1,16,,1617468,22,,,1,54,,1617462,22,,,1,15,,1617466,22,,,1,15,,1617463,22,,,1,17,,1617467,22,,,1,55,,1617469,22,,,1,15,,1617482,22,,,1,15,,1617489,22,,,1,13,,1617495,22,,,1,55,,1617496,22,,,1,15,,1617483,22,,,1,15,,1617484,22,,,1,16,,1617490,22,,,1,55,,1617497,22,,,1,14,,1617485,22,,,1,15,,1617492,22,,,1,15,,1617486,22,,,1,55,,1617493,22,,,1,15,,1617487,22,,,1,15,,1617488,22,,,1,15,,1617494,22,,,1,54,,1617491,22,,,1
80103,'20261019',505,,1617593,22,,,1,16,,1617586,22,,,1,15,,1617499,22,,,1,14,,1617500,22,,,1,51,,1617498,22,,,1,9,,1617502,22,,,1,10,,1617503,22,,,1,9,,1617504,22,,,1,10,,1617501,22,,,1,10,,1617506,22,,,1,51,,1617592,22,,,1,10,,1617507,22,,,1,10,,1617508,22,,,1,9,,1617505,22,,,1,9,,1617509,22,,,1,9,,1617510,22,,,1,11,,1617511,22,,,1,49,,1617512,22,,,1,10,,1617513,22,,,1,11,,1617514,22,,,1,8,,1617515,22,,,1,8,,1617516,22,,,1,9,,1617517,22,,,1,51,,1617518,22,,,1,13,,1617519,22,,,1,15,,1617520,22,,,1,16,,1617521,22,,,1,56,,1617522,22,,,1,14,,1617523,22,,,1,14,,1617524,22,,,1,15,,1617527,22,,,1,55,,1617528,22,,,1,15,,1617529,22,,,1,15,,1617525,22,,,1,15,,1617526,22,,,1,56,,1617530,22,,,1,15,,1617532,22,,,1,15,,1617533,22,,,1,16,,1617531,22,,,1,54,,1617535,22,,,1,15,,1617536,22,,,1,13,,1617534,22,,,1,15,,1617537,22,,,1,55,,1617591,22,,,1,15,,1617538,22,,,1,14,,1617539,22,,,1,14,,1617540,22,,,1,12,,1617541,22,,,1,52,,1617589,22,,,1,8,,1617542,22,,,1,9,,1617543,22,,,1,8,,1617544,22,,,1,8,,1617545,22,,,1,9,,1617546,22,,,1,50,,1617547,22,,,1,8,,1617548,22,,,1,9,,1617550,22,,,1,10,,1617551,22,,,1,9,,1617552,22,,,1,9,,1617549,22,,,1,9,,1617590,22,,,1,49,,1617553,22,,,1,10,,1617554,22,,,1,10,,1617556,22,,,1,10,,1617557,22,,,1,10,,1617558,22,,,1,10,,1617587,22,,,1,52,,1617555,22,,,1,14,,1617559,22,,,1,14,,1617561,22,,,1,15,,1617563,22,,,1,55,,1617560,22,,,1,15,,1617564,22,,,1,15,,1617562,22,,,1,16,,1617565,22,,,1,55,,1617566,22,,,1,15,,1617567,22,,,1,15,,1617568,22,,,1,15,,1617569,22,,,1,55,,1617570,22,,,1,15,,1617571,22,,,1,15,,1617572,22,,,1,15,,1617573,22,,,1,55,,1617574,22,,,1,15,,1617575,22,,,1,15,,1617577,22,,,1,15,,1617578,22,,,1,55,,1617579,22,,,1,15,,1617576,22,,,1,15,,1617580,22,,,1,15,,1617581,22,,,1,55,,1617582,22,,,1,15,,1617583,22,,,1,15,,1617584,22,,,1,15,,1617585,22,,,1,55,,1617588,22,,,1
80103,'20261020',505,,1617689,22,,,1,16,,1617682,22,,,1,15,,1617595,22,,,1,14,,1617596,22,,,1,51,,1617594,22,,,1,9,,1617598,22,,,1,10,,1617599,22,,,1,9,,1617600,22,,,1,10,,1617597,22,,,1,10,,1617602,22,,,1,51,,1617688,22,,,1,10,,1617603,22,,,1,10,,1617604,22,,,1,9,,1617601,22,,,1,9,,1617605,22,,,1,9,,1617606,22,,,1,11,,1617607,22,,,1,49,,1617608,22,,,1,10,,1617609,22,,,1,11,,1617610,22,,,1,8,,1617611,22,,,1,8,,1617612,22,,,1,9,,1617613,22,,,1,51,,1617614,22,,,1,13,,1617615,22,,,1,15,,1617616,22,,,1,16,,1617617,22,,,1,56,,1617618,22,,,1,14,,1617619,22,,,1,14,,1617620,22,,,1,15,,1617623,22,,,1,55,,1617624,22,,,1,15,,1617625,22,,,1,15,,1617621,22,,,1,15,,1617622,22,,,1,56,,1617626,22,,,1,15,,1617628,22,,,1,15,,1617629,22,,,1,16,,1617627,22,,,1,54,,1617631,22,,,1,15,,1617632,22,,,1,13,,1617630,22,,,1,15,,1617633,22,,,1,55,,1617687,22,,,1,15,,1617634,22,,,1,14,,1617635,22,,,1,14,,1617636,22,,,1,12,,1617637,22,,,1,52,,1617685,22,,,1,8,,1617638,22,,,1,9,,1617639,22,,,1,8,,1617640,22,,,1,8,,1617641,22,,,1,9,,1617642,22,,,1,50,,1617643,22,,,1,8,,1617644,22,,,1,9,,1617646,22,,,1,10,,1617647,22,,,1,9,,1617648,22,,,1,9,,1617645,22,,,1,9,,1617686,22,,,1,49,,1617649,22,,,1,10,,1617650,22,,,1,10,,1617652,22,,,1,10,,1617653,22,,,1,10,,1617654,22,,,1,10,,1617683,22,,,1,52,,1617651,22,,,1,14,,1617655,22,,,1,14,,1617657,22,,,1,15,,1617659,22,,,1,55,,1617656,22,,,1,15,,1617660,22,,,1,15,,1617658,22,,,1,16,,1617661,22,,,1,55,,1617662,22,,,1,15,,1617663,22,,,1,15,,1617664,22,,,1,15,,1617665,22,,,1,55,,1617666,22,,,1,15,,1617667,22,,,1,15,,1617668,22,,,1,15,,1617669,22,,,1,55,,1617670,22,,,1,15,,1617671,22,,,1,15,,1617673,22,,,1,15,,1617674,22,,,1,55,,1617675,22,,,1,15,,1617672,22,,,1,15,,1617676,22,,,1,15,,1617677,22,,,1,55,,1617678,22,,,1,15,,1617679,22,,,1,15,,1617680,22,,,1,15,,1617681,22,,,1,55,,1617684,22,,,1
93101,'20261009',2636,,1625324,22,,,0
93101,'20261010',2636,,1561860,22,,,0
93101,'20261016',2636,,1593510,22,,,0
93101,'20261017',2636,,1625325,22,,,0
