29202,'20260929',640,,1553375,18,,,0,18,,1553376,18,,,0,69,,1553377,18,,,0
29202,'20260930',640,,1553378,18,,,0,18,,1553379,18,,,0,69,,1553380,18,,,0
29202,'20261001',640,,1553381,18,,,0,18,,1553382,18,,,0,69,,1553383,18,,,0
29202,'20261002',640,,1476567,18,,,0,18,,1476566,18,,,0,69,,1476565,18,,,0
29202,'20261005',640,,1499604,18,,,0,18,,1499603,18,,,0,69,,1499602,18,,,0
29202,'20261006',640,,1527911,18,,,0,18,,1527910,18,,,0,69,,1527909,18,,,0
29202,'20261007',640,,1527914,18,,,0,18,,1527913,18,,,0,69,,1527912,18,,,0
29202,'20261008',640,,1527917,18,,,0,18,,1527916,18,,,0,69,,1527915,18,,,0
29202,'20261009',640,,1527920,18,,,0,18,,1527919,18,,,0,69,,1527918,18,,,0
69002,'20260929',1545,,1554258,1,,,0,102,,1554259,1,,,0,68,,1554260,1,,,0
69002,'20260930',1545,,1554261,1,,,0,102,,1554262,1,,,0,68,,1554263,1,,,0
69002,'20261001',1545,,1554264,1,,,0,102,,1554265,1,,,0,68,,1554266,1,,,0
69002,'20261002',1545,,1477796,1,,,0,102,,1477797,1,,,0,68,,1477798,1,,,0
69002,'20261005',1545,,1500769,1,,,0,102,,1500770,1,,,0,68,,1500771,1,,,0
69002,'20261006',1545,,1529654,1,,,0,102,,1529655,1,,,0,68,,1529656,1,,,0
69002,'20261007',1545,,1529657,1,,,0,102,,1529658,1,,,0,68,,1529659,1,,,0
69002,'20261008',1545,,1529660,1,,,0,102,,1529661,1,,,0,68,,1529662,1,,,0
69002,'20261009',1545,,1529663,1,,,0,102,,1529664,1,,,0,68,,1529665,1,,,0
