28400,'20261002',1630,,1580957,20,4,,0,29,,1580958,20,4,,0,69,,1580959,20,4,,0,23,,1580960,20,4,,0,73,,1580961,20,4,,0
28400,'20261005',1630,,1580962,20,4,,0,29,,1580963,20,4,,0,69,,1580964,20,4,,0,23,,1580965,20,4,,0,73,,1580966,20,4,,0
28400,'20261006',1630,,1527691,20,4,,0,29,,1527692,20,4,,0,69,,1527693,20,4,,0,23,,1527694,20,4,,0,73,,1527695,20,4,,0
28400,'20261007',1630,,1527696,20,4,,0,29,,1527697,20,4,,0,69,,1527698,20,4,,0,23,,1527699,20,4,,0,73,,1527700,20,4,,0
28400,'20261008',1630,,1527701,20,4,,0,29,,1527702,20,4,,0,69,,1527703,20,4,,0,23,,1527704,20,4,,0,73,,1527705,20,4,,0
28400,'20261009',1630,,1527706,20,4,,0,29,,1527707,20,4,,0,69,,1527708,20,4,,0,23,,1527709,20,4,,0,73,,1527710,20,4,,0
28400,'20261013',1630,,1580967,20,4,,0,29,,1580968,20,4,,0,69,,1580969,20,4,,0,23,,1580970,20,4,,0,73,,1580971,20,4,,0
28400,'20261014',1630,,1580972,20,4,,0,29,,1580973,20,4,,0,69,,1580974,20,4,,0,23,,1580975,20,4,,0,73,,1580976,20,4,,0
28400,'20261015',1630,,1580977,20,4,,0,29,,1580978,20,4,,0,69,,1580979,20,4,,0,23,,1580980,20,4,,0,73,,1580981,20,4,,0
28400,'20261016',1630,,1580982,20,4,,0,29,,1580983,20,4,,0,69,,1580984,20,4,,0,23,,1580985,20,4,,0,73,,1580986,20,4,,0
