23601,'20261009',648,,1611603,50,,,0,52,,1611604,50,,,0,25,,1611605,50,,,0,24,,1611606,50,,,0,81,,1611607,50,,,0
23601,'20261013',648,,1579857,50,,,0,52,,1579858,50,,,0,25,,1579861,50,,,0,24,,1579859,50,,,0,81,,1579860,50,,,0
23601,'20261014',648,,1579862,50,,,0,52,,1579863,50,,,0,25,,1579866,50,,,0,24,,1579864,50,,,0,81,,1579865,50,,,0
23601,'20261015',648,,1579867,50,,,0,52,,1579868,50,,,0,25,,1579871,50,,,0,24,,1579869,50,,,0,81,,1579870,50,,,0
23601,'20261016',648,,1579872,50,,,0,52,,1579873,50,,,0,25,,1579876,50,,,0,24,,1579874,50,,,0,81,,1579875,50,,,0
23601,'20261019',648,,1611608,50,,,0,52,,1611609,50,,,0,25,,1611612,50,,,0,24,,1611610,50,,,0,81,,1611611,50,,,0
23601,'20261020',648,,1611613,50,,,0,52,,1611614,50,,,0,25,,1611617,50,,,0,24,,1611615,50,,,0,81,,1611616,50,,,0
23601,'20261021',648,,1637784,50,,,0,52,,1637785,50,,,0,25,,1637788,50,,,0,24,,1637786,50,,,0,81,,1637787,50,,,0
23601,'20261022',648,,1637789,50,,,0,52,,1637790,50,,,0,25,,1637793,50,,,0,24,,1637791,50,,,0,81,,1637792,50,,,0
23601,'20261023',648,,1637794,50,,,0,52,,1637795,50,,,0,25,,1637798,50,,,0,24,,1637796,50,,,0,81,,1637797,50,,,0
