8400,'20261009',803,,1608629,54,,,1,99,,1608630,54,,,1,100,,1608631,54,,,1,100,,1608632,54,,,1,100,,1608633,54,,,1,100,,1608634,54,,,1,100,,1608635,54,,,1,100,,1608636,54,,,1,102,,1608637,54,,,1,30,,1608627,21,,,1,71,,1608638,54,,,1,28,,1608628,21,,,1,69,,1608639,54,,,1,100,,1608640,54,,,1,99,,1608641,54,,,1,100,,1608642,54,,,1,100,,1608643,54,,,1,99,,1608644,54,,,1,100,,1608645,54,,,1
8400,'20261010',800,,1635759,54,,,1,100,,1635760,54,,,1,101,,1635761,54,,,1,100,,1635762,54,,,1,100,,1635763,54,,,1,100,,1635764,54,,,1,100,,1635765,54,,,1,100,,1635766,54,,,1,100,,1635767,54,,,1,100,,1635768,54,,,1,100,,1635769,54,,,1,100,,1635770,54,,,1,100,,1635771,54,,,1,99,,1635772,54,,,1,100,,1635773,54,,,1,100,,1635774,54,,,1,100,,1635775,54,,,1
8400,'20261011',800,,1635776,54,,,1,100,,1635777,54,,,1,101,,1635778,54,,,1,100,,1635779,54,,,1,100,,1635780,54,,,1,100,,1635781,54,,,1,100,,1635782,54,,,1,100,,1635783,54,,,1,100,,1635784,54,,,1,100,,1635785,54,,,1,100,,1635786,54,,,1,100,,1635787,54,,,1,100,,1635788,54,,,1,99,,1635789,54,,,1,100,,1635790,54,,,1,100,,1635791,54,,,1,100,,1635792,54,,,1
8400,'20261012',800,,1635793,54,,,1,100,,1635794,54,,,1,101,,1635795,54,,,1,100,,1635796,54,,,1,100,,1635797,54,,,1,100,,1635798,54,,,1,100,,1635799,54,,,1,100,,1635800,54,,,1,100,,1635801,54,,,1,100,,1635802,54,,,1,100,,1635803,54,,,1,100,,1635804,54,,,1,100,,1635805,54,,,1,99,,1635806,54,,,1,100,,1635807,54,,,1,100,,1635808,54,,,1,100,,1635809,54,,,1
8400,'20261013',803,,1576910,54,,,1,99,,1576911,54,,,1,100,,1576912,54,,,1,100,,1576913,54,,,1,100,,1576914,54,,,1,100,,1576915,54,,,1,100,,1576916,54,,,1,100,,1576917,54,,,1,102,,1576918,54,,,1,30,,1576927,21,,,1,71,,1576919,54,,,1,28,,1576928,21,,,1,69,,1576920,54,,,1,100,,1576921,54,,,1,99,,1576922,54,,,1,100,,1576923,54,,,1,100,,1576924,54,,,1,99,,1576925,54,,,1,100,,1576926,54,,,1
8400,'20261014',803,,1576929,54,,,1,99,,1576930,54,,,1,100,,1576931,54,,,1,100,,1576932,54,,,1,100,,1576933,54,,,1,100,,1576934,54,,,1,100,,1576935,54,,,1,100,,1576936,54,,,1,102,,1576937,54,,,1,30,,1576946,21,,,1,71,,1576938,54,,,1,28,,1576947,21,,,1,69,,1576939,54,,,1,100,,1576940,54,,,1,99,,1576941,54,,,1,100,,1576942,54,,,1,100,,1576943,54,,,1,99,,1576944,54,,,1,100,,1576945,54,,,1
8400,'20261015',803,,1576948,54,,,1,99,,1576949,54,,,1,100,,1576950,54,,,1,100,,1576951,54,,,1,100,,1576952,54,,,1,100,,1576953,54,,,1,100,,1576954,54,,,1,100,,1576955,54,,,1,102,,1576956,54,,,1,30,,1576965,21,,,1,71,,1576957,54,,,1,28,,1576966,21,,,1,69,,1576958,54,,,1,100,,1576959,54,,,1,99,,1576960,54,,,1,100,,1576961,54,,,1,100,,1576962,54,,,1,99,,1576963,54,,,1,100,,1576964,54,,,1
8400,'20261016',803,,1576967,54,,,1,99,,1576968,54,,,1,100,,1576969,54,,,1,100,,1576970,54,,,1,100,,1576971,54,,,1,100,,1576972,54,,,1,100,,1576973,54,,,1,100,,1576974,54,,,1,102,,1576975,54,,,1,30,,1576984,21,,,1,71,,1576976,54,,,1,28,,1576985,21,,,1,69,,1576977,54,,,1,100,,1576978,54,,,1,99,,1576979,54,,,1,100,,1576980,54,,,1,100,,1576981,54,,,1,99,,1576982,54,,,1,100,,1576983,54,,,1
8400,'20261017',800,,1608646,54,,,1,100,,1608661,54,,,1,101,,1608647,54,,,1,100,,1608662,54,,,1,100,,1608648,54,,,1,100,,1608650,54,,,1,100,,1608651,54,,,1,100,,1608652,54,,,1,100,,1608653,54,,,1,100,,1608654,54,,,1,100,,1608655,54,,,1,100,,1608656,54,,,1,100,,1608657,54,,,1,99,,1608658,54,,,1,100,,1608659,54,,,1,100,,1608660,54,,,1,100,,1608649,54,,,1
8400,'20261018',800,,1608663,54,,,1,100,,1608678,54,,,1,101,,1608664,54,,,1,100,,1608679,54,,,1,100,,1608665,54,,,1,100,,1608672,54,,,1,100,,1608666,54,,,1,100,,1608673,54,,,1,100,,1608667,54,,,1,100,,1608674,54,,,1,100,,1608668,54,,,1,100,,1608675,54,,,1,100,,1608669,54,,,1,99,,1608676,54,,,1,100,,1608670,54,,,1,100,,1608677,54,,,1,100,,1608671,54,,,1
8400,'20261019',803,,1608680,54,,,1,99,,1608681,54,,,1,100,,1608682,54,,,1,100,,1608683,54,,,1,100,,1608684,54,,,1,100,,1608685,54,,,1,100,,1608686,54,,,1,100,,1608687,54,,,1,102,,1608688,54,,,1,30,,1608697,21,,,1,71,,1608689,54,,,1,28,,1608698,21,,,1,69,,1608690,54,,,1,100,,1608691,54,,,1,99,,1608692,54,,,1,100,,1608693,54,,,1,100,,1608694,54,,,1,99,,1608695,54,,,1,100,,1608696,54,,,1
8400,'20261020',803,,1608699,54,,,1,99,,1608700,54,,,1,100,,1608701,54,,,1,100,,1608702,54,,,1,100,,1608703,54,,,1,100,,1608704,54,,,1,100,,1608705,54,,,1,100,,1608706,54,,,1,102,,1608707,54,,,1,30,,1608716,21,,,1,71,,1608708,54,,,1,28,,1608717,21,,,1,69,,1608709,54,,,1,100,,1608710,54,,,1,99,,1608711,54,,,1,100,,1608712,54,,,1,100,,1608713,54,,,1,99,,1608714,54,,,1,100,,1608715,54,,,1
8400,'20261021',803,,1635810,54,,,1,99,,1635811,54,,,1,100,,1635812,54,,,1,100,,1635813,54,,,1,100,,1635814,54,,,1,100,,1635815,54,,,1,100,,1635816,54,,,1,100,,1635817,54,,,1,102,,1635818,54,,,1,30,,1635827,21,,,1,71,,1635819,54,,,1,28,,1635828,21,,,1,69,,1635820,54,,,1,100,,1635821,54,,,1,99,,1635822,54,,,1,100,,1635823,54,,,1,100,,1635824,54,,,1,99,,1635825,54,,,1,100,,1635826,54,,,1
8400,'20261022',803,,1635829,54,,,1,99,,1635830,54,,,1,100,,1635831,54,,,1,100,,1635832,54,,,1,100,,1635833,54,,,1,100,,1635834,54,,,1,100,,1635835,54,,,1,100,,1635836,54,,,1,102,,1635837,54,,,1,30,,1635846,21,,,1,71,,1635838,54,,,1,28,,1635847,21,,,1,69,,1635839,54,,,1,100,,1635840,54,,,1,99,,1635841,54,,,1,100,,1635842,54,,,1,100,,1635843,54,,,1,99,,1635844,54,,,1,100,,1635845,54,,,1
8400,'20261023',803,,1635848,54,,,1,99,,1635849,54,,,1,100,,1635850,54,,,1,100,,1635851,54,,,1,100,,1635852,54,,,1,100,,1635853,54,,,1,100,,1635854,54,,,1,100,,1635855,54,,,1,102,,1635856,54,,,1,30,,1635865,21,,,1,71,,1635857,54,,,1,28,,1635866,21,,,1,69,,1635858,54,,,1,100,,1635859,54,,,1,99,,1635860,54,,,1,100,,1635861,54,,,1,100,,1635862,54,,,1,99,,1635863,54,,,1,100,,1635864,54,,,1
98400,'20261009',2608,,1625342,59,,,0
98400,'20261010',2608,,1646903,59,,,0
98400,'20261016',2608,,1593537,59,,,0
98400,'20261017',2608,,1625343,59,,,0
98400,'20261023',2608,,1646904,59,,,0
