300,'20261006',624,,1594284,43,,,0,98,,1594286,43,,,0,100,,1594288,43,,,0,101,,1594290,43,,,0,101,,1594292,43,,,0,99,,1594294,43,,,0,100,,1594296,43,,,0,100,,1594298,43,,,0,100,,1594300,43,,,0,100,,1594302,43,,,0,29,,1594303,43,,,0,68,,1594304,43,,,0,30,,1594306,43,,,0,71,,1594307,43,,,0,31,,1594309,43,,,0,70,,1594311,43,,,0,100,,1594313,43,,,0,101,,1594315,43,,,0,100,,1594317,43,,,0,101,,1594319,43,,,0,100,,1594321,43,,,0
300,'20261007',624,,1594326,43,,,0,98,,1594328,43,,,0,100,,1594330,43,,,0,101,,1594332,43,,,0,101,,1594334,43,,,0,99,,1594336,43,,,0,100,,1594338,43,,,0,100,,1594340,43,,,0,100,,1594342,43,,,0,100,,1594344,43,,,0,29,,1594345,43,,,0,68,,1594346,43,,,0,30,,1594348,43,,,0,71,,1594349,43,,,0,31,,1594351,43,,,0,70,,1594353,43,,,0,100,,1594355,43,,,0,101,,1594357,43,,,0,100,,1594359,43,,,0,101,,1594361,43,,,0,100,,1594363,43,,,0
300,'20261008',624,,1594368,43,,,0,98,,1594370,43,,,0,100,,1594372,43,,,0,101,,1594374,43,,,0,101,,1594376,43,,,0,99,,1594378,43,,,0,100,,1594380,43,,,0,100,,1594382,43,,,0,100,,1594384,43,,,0,100,,1594386,43,,,0,29,,1594387,43,,,0,68,,1594388,43,,,0,30,,1594390,43,,,0,71,,1594391,43,,,0,31,,1594393,43,,,0,70,,1594395,43,,,0,100,,1594397,43,,,0,101,,1594399,43,,,0,100,,1594401,43,,,0,101,,1594403,43,,,0,100,,1594405,43,,,0
300,'20261009',624,,1594410,43,,,0,98,,1594412,43,,,0,100,,1594414,43,,,0,101,,1594416,43,,,0,101,,1594418,43,,,0,99,,1594420,43,,,0,100,,1594422,43,,,0,100,,1594424,43,,,0,100,,1594426,43,,,0,100,,1594428,43,,,0,29,,1594429,43,,,0,68,,1594430,43,,,0,30,,1594432,43,,,0,71,,1594433,43,,,0,31,,1594435,43,,,0,70,,1594437,43,,,0,100,,1594439,43,,,0,101,,1594441,43,,,0,100,,1594443,43,,,0,101,,1594445,43,,,0,100,,1594447,43,,,0
300,'20261010',724,,1540962,43,,,0,99,,1540963,43,,,0,99,,1540964,43,,,0,100,,1540965,43,,,0,100,,1540966,43,,,0,100,,1540967,43,,,0,100,,1540968,43,,,0,100,,1540969,43,,,0,100,,1540970,43,,,0,100,,1540971,43,,,0,100,,1540972,43,,,0,100,,1540973,43,,,0,100,,1540974,43,,,0,100,,1540975,43,,,0,100,,1540976,43,,,0,101,,1540977,43,,,0,100,,1540978,43,,,0,101,,1540979,43,,,0
300,'20261011',724,,1540999,43,,,0,99,,1541000,43,,,0,99,,1541001,43,,,0,100,,1541002,43,,,0,100,,1541003,43,,,0,100,,1541004,43,,,0,100,,1541005,43,,,0,100,,1541006,43,,,0,100,,1541007,43,,,0,100,,1541008,43,,,0,100,,1541009,43,,,0,100,,1541010,43,,,0,100,,1541011,43,,,0,100,,1541012,43,,,0,100,,1541013,43,,,0,101,,1541014,43,,,0,100,,1541015,43,,,0,101,,1541016,43,,,0
300,'20261012',724,,1541036,43,,,0,99,,1541037,43,,,0,99,,1541038,43,,,0,100,,1541039,43,,,0,100,,1541040,43,,,0,100,,1541041,43,,,0,100,,1541042,43,,,0,100,,1541043,43,,,0,100,,1541044,43,,,0,100,,1541045,43,,,0,100,,1541046,43,,,0,100,,1541047,43,,,0,100,,1541048,43,,,0,100,,1541049,43,,,0,100,,1541050,43,,,0,101,,1541051,43,,,0,100,,1541052,43,,,0,101,,1541053,43,,,0
300,'20261013',624,,1562744,43,,,0,98,,1562745,43,,,0,100,,1562746,43,,,0,101,,1562747,43,,,0,101,,1562748,43,,,0,99,,1562749,43,,,0,100,,1562750,43,,,0,100,,1562751,43,,,0,100,,1562752,43,,,0,100,,1562753,43,,,0,29,,1562754,43,,,0,68,,1562755,43,,,0,30,,1562756,43,,,0,71,,1562757,43,,,0,31,,1562758,43,,,0,70,,1562759,43,,,0,100,,1562760,43,,,0,101,,1562761,43,,,0,100,,1562762,43,,,0,101,,1562763,43,,,0,100,,1562764,43,,,0
300,'20261014',624,,1562786,43,,,0,98,,1562787,43,,,0,100,,1562788,43,,,0,101,,1562789,43,,,0,101,,1562790,43,,,0,99,,1562791,43,,,0,100,,1562792,43,,,0,100,,1562793,43,,,0,100,,1562794,43,,,0,100,,1562795,43,,,0,29,,1562796,43,,,0,68,,1562797,43,,,0,30,,1562798,43,,,0,71,,1562799,43,,,0,31,,1562800,43,,,0,70,,1562801,43,,,0,100,,1562802,43,,,0,101,,1562803,43,,,0,100,,1562804,43,,,0,101,,1562805,43,,,0,100,,1562806,43,,,0
300,'20261015',624,,1562828,43,,,0,98,,1562829,43,,,0,100,,1562830,43,,,0,101,,1562831,43,,,0,101,,1562832,43,,,0,99,,1562833,43,,,0,100,,1562834,43,,,0,100,,1562835,43,,,0,100,,1562836,43,,,0,100,,1562837,43,,,0,29,,1562838,43,,,0,68,,1562839,43,,,0,30,,1562840,43,,,0,71,,1562841,43,,,0,31,,1562842,43,,,0,70,,1562843,43,,,0,100,,1562844,43,,,0,101,,1562845,43,,,0,100,,1562846,43,,,0,101,,1562847,43,,,0,100,,1562848,43,,,0
300,'20261016',624,,1562870,43,,,0,98,,1562871,43,,,0,100,,1562872,43,,,0,101,,1562873,43,,,0,101,,1562874,43,,,0,99,,1562875,43,,,0,100,,1562876,43,,,0,100,,1562877,43,,,0,100,,1562878,43,,,0,100,,1562879,43,,,0,29,,1562880,43,,,0,68,,1562881,43,,,0,30,,1562882,43,,,0,71,,1562883,43,,,0,31,,1562884,43,,,0,70,,1562885,43,,,0,100,,1562886,43,,,0,101,,1562887,43,,,0,100,,1562888,43,,,0,101,,1562889,43,,,0,100,,1562890,43,,,0
300,'20261017',724,,1594450,43,,,0,99,,1594451,43,,,0,99,,1594452,43,,,0,100,,1594453,43,,,0,100,,1594454,43,,,0,100,,1594455,43,,,0,100,,1594456,43,,,0,100,,1594457,43,,,0,100,,1594458,43,,,0,100,,1594459,43,,,0,100,,1594460,43,,,0,100,,1594461,43,,,0,100,,1594462,43,,,0,100,,1594463,43,,,0,100,,1594464,43,,,0,101,,1594465,43,,,0,100,,1594466,43,,,0,101,,1594467,43,,,0
300,'20261018',724,,1594487,43,,,0,99,,1594488,43,,,0,99,,1594489,43,,,0,100,,1594490,43,,,0,100,,1594491,43,,,0,100,,1594492,43,,,0,100,,1594493,43,,,0,100,,1594494,43,,,0,100,,1594495,43,,,0,100,,1594496,43,,,0,100,,1594497,43,,,0,100,,1594498,43,,,0,100,,1594499,43,,,0,100,,1594500,43,,,0,100,,1594501,43,,,0,101,,1594502,43,,,0,100,,1594503,43,,,0,101,,1594504,43,,,0
300,'20261019',624,,1594524,43,,,0,98,,1594525,43,,,0,100,,1594526,43,,,0,101,,1594527,43,,,0,101,,1594528,43,,,0,99,,1594529,43,,,0,100,,1594530,43,,,0,100,,1594531,43,,,0,100,,1594532,43,,,0,100,,1594533,43,,,0,29,,1594534,43,,,0,68,,1594535,43,,,0,30,,1594536,43,,,0,71,,1594537,43,,,0,31,,1594538,43,,,0,70,,1594539,43,,,0,100,,1594540,43,,,0,101,,1594541,43,,,0,100,,1594542,43,,,0,101,,1594543,43,,,0,100,,1594544,43,,,0
300,'20261020',624,,1594566,43,,,0,98,,1594567,43,,,0,100,,1594568,43,,,0,101,,1594569,43,,,0,101,,1594570,43,,,0,99,,1594571,43,,,0,100,,1594572,43,,,0,100,,1594573,43,,,0,100,,1594574,43,,,0,100,,1594575,43,,,0,29,,1594576,43,,,0,68,,1594577,43,,,0,30,,1594578,43,,,0,71,,1594579,43,,,0,31,,1594580,43,,,0,70,,1594581,43,,,0,100,,1594582,43,,,0,101,,1594583,43,,,0,100,,1594584,43,,,0,101,,1594585,43,,,0,100,,1594586,43,,,0
1008200,'20261006',809,,1625364,22,,,0
1008200,'20261007',809,,1625365,22,,,0
1008200,'20261008',809,,1625366,22,,,0
1008200,'20261009',809,,1625367,22,,,0
1008200,'20261013',809,,1593564,22,,,0
1008200,'20261014',809,,1593565,22,,,0
1008200,'20261015',809,,1593566,22,,,0
1008200,'20261016',809,,1593567,22,,,0
1008200,'20261019',809,,1625368,22,,,0
1008200,'20261020',809,,1625369,22,,,0
