80003,'20261006',503,,1615433,20,,,1,15,,1615434,20,,,1,15,,1615435,20,,,1,15,,1615436,20,,,1,53,,1615437,20,,,1,9,,1615438,20,,,1,10,,1615439,20,,,1,10,,1615440,20,,,1,10,,1615441,20,,,1,10,,1615442,20,,,1,50,,1615443,20,,,1,9,,1615444,20,,,1,10,,1615445,20,,,1,8,,1615432,20,,,1,2,,1615446,20,,,1,7,,1615447,20,,,1,9,,1615448,20,,,1,11,,1615449,20,,,1,50,,1615450,20,,,1,13,,1615451,20,,,1,15,,1615452,20,,,1,14,,1615453,20,,,1,54,,1615454,20,,,1,14,,1615455,20,,,1,15,,1615456,20,,,1,15,,1615457,20,,,1,56,,1615458,20,,,1,13,,1615459,20,,,1,15,,1615460,20,,,1,15,,1615461,20,,,1,56,,1615462,20,,,1,15,,1615463,20,,,1,15,,1615464,20,,,1,15,,1615465,20,,,1,56,,1615466,20,,,1,15,,1615467,20,,,1,15,,1615468,20,,,1,15,,1615469,20,,,1,55,,1615470,20,,,1,15,,1615471,20,,,1,15,,1615472,20,,,1,15,,1615473,20,,,1,55,,1615474,20,,,1,14,,1615475,20,,,1,16,,1615476,20,,,1,15,,1615477,20,,,1,54,,1615478,20,,,1,12,,1615479,20,,,1,11,,1615480,20,,,1,10,,1615481,20,,,1,10,,1615482,20,,,1,9,,1615483,20,,,1,51,,1615484,20,,,1,10,,1615485,20,,,1,10,,1615486,20,,,1,10,,1615487,20,,,1,10,,1615488,20,,,1,10,,1615489,20,,,1,50,,1615490,20,,,1,11,,1615491,20,,,1,10,,1615492,20,,,1,10,,1615493,20,,,1,10,,1615494,20,,,1,11,,1615495,20,,,1,49,,1615496,20,,,1,13,,1615497,20,,,1,15,,1615498,20,,,1,15,,1615499,20,,,1,57,,1615500,20,,,1,14,,1615501,20,,,1,14,,1615502,20,,,1,14,,1615503,20,,,1,55,,1615504,20,,,1,16,,1615505,20,,,1,15,,1615506,20,,,1,15,,1615507,20,,,1,55,,1615508,20,,,1,16,,1615509,20,,,1,15,,1615510,20,,,1,15,,1615511,20,,,1,55,,1615512,20,,,1,15,,1615513,20,,,1,15,,1615514,20,,,1,16,,1615515,20,,,1,53,,1615516,20,,,1,15,,1615517,20,,,1,16,,1615518,20,,,1,16,,1615519,20,,,1,54,,1615520,20,,,1,16,,1615521,20,,,1,16,,1615522,20,,,1,15,,1615523,20,,,1
80003,'20261007',503,,1615525,20,,,1,15,,1615526,20,,,1,15,,1615527,20,,,1,15,,1615528,20,,,1,53,,1615529,20,,,1,9,,1615530,20,,,1,10,,1615531,20,,,1,10,,1615532,20,,,1,10,,1615533,20,,,1,10,,1615534,20,,,1,50,,1615535,20,,,1,9,,1615536,20,,,1,10,,1615537,20,,,1,8,,1615524,20,,,1,2,,1615538,20,,,1,7,,1615539,20,,,1,9,,1615540,20,,,1,11,,1615541,20,,,1,50,,1615542,20,,,1,13,,1615543,20,,,1,15,,1615544,20,,,1,14,,1615545,20,,,1,54,,1615546,20,,,1,14,,1615547,20,,,1,15,,1615548,20,,,1,15,,1615549,20,,,1,56,,1615550,20,,,1,13,,1615551,20,,,1,15,,1615552,20,,,1,15,,1615553,20,,,1,56,,1615554,20,,,1,15,,1615555,20,,,1,15,,1615556,20,,,1,15,,1615557,20,,,1,56,,1615558,20,,,1,15,,1615559,20,,,1,15,,1615560,20,,,1,15,,1615561,20,,,1,55,,1615562,20,,,1,15,,1615563,20,,,1,15,,1615564,20,,,1,15,,1615565,20,,,1,55,,1615566,20,,,1,14,,1615567,20,,,1,16,,1615568,20,,,1,15,,1615569,20,,,1,54,,1615570,20,,,1,12,,1615571,20,,,1,11,,1615572,20,,,1,10,,1615573,20,,,1,10,,1615574,20,,,1,9,,1615575,20,,,1,51,,1615576,20,,,1,10,,1615577,20,,,1,10,,1615578,20,,,1,10,,1615579,20,,,1,10,,1615580,20,,,1,10,,1615581,20,,,1,50,,1615582,20,,,1,11,,1615583,20,,,1,10,,1615584,20,,,1,10,,1615585,20,,,1,10,,1615586,20,,,1,11,,1615587,20,,,1,49,,1615588,20,,,1,13,,1615589,20,,,1,15,,1615590,20,,,1,15,,1615591,20,,,1,57,,1615592,20,,,1,14,,1615593,20,,,1,14,,1615594,20,,,1,14,,1615595,20,,,1,55,,1615596,20,,,1,16,,1615597,20,,,1,15,,1615598,20,,,1,15,,1615599,20,,,1,55,,1615600,20,,,1,16,,1615601,20,,,1,15,,1615602,20,,,1,15,,1615603,20,,,1,55,,1615604,20,,,1,15,,1615605,20,,,1,15,,1615606,20,,,1,16,,1615607,20,,,1,53,,1615608,20,,,1,15,,1615609,20,,,1,16,,1615610,20,,,1,16,,1615611,20,,,1,54,,1615612,20,,,1,16,,1615613,20,,,1,16,,1615614,20,,,1,15,,1615615,20,,,1
80003,'20261008',503,,1615617,20,,,1,15,,1615618,20,,,1,15,,1615619,20,,,1,15,,1615620,20,,,1,53,,1615621,20,,,1,9,,1615622,20,,,1,10,,1615623,20,,,1,10,,1615624,20,,,1,10,,1615625,20,,,1,10,,1615626,20,,,1,50,,1615627,20,,,1,9,,1615628,20,,,1,10,,1615629,20,,,1,8,,1615616,20,,,1,2,,1615630,20,,,1,7,,1615631,20,,,1,9,,1615632,20,,,1,11,,1615633,20,,,1,50,,1615634,20,,,1,13,,1615635,20,,,1,15,,1615636,20,,,1,14,,1615637,20,,,1,54,,1615638,20,,,1,14,,1615639,20,,,1,15,,1615640,20,,,1,15,,1615641,20,,,1,56,,1615642,20,,,1,13,,1615643,20,,,1,15,,1615644,20,,,1,15,,1615645,20,,,1,56,,1615646,20,,,1,15,,1615647,20,,,1,15,,1615648,20,,,1,15,,1615649,20,,,1,56,,1615650,20,,,1,15,,1615651,20,,,1,15,,1615652,20,,,1,15,,1615653,20,,,1,55,,1615654,20,,,1,15,,1615655,20,,,1,15,,1615656,20,,,1,15,,1615657,20,,,1,55,,1615658,20,,,1,14,,1615659,20,,,1,16,,1615660,20,,,1,15,,1615661,20,,,1,54,,1615662,20,,,1,12,,1615663,20,,,1,11,,1615664,20,,,1,10,,1615665,20,,,1,10,,1615666,20,,,1,9,,1615667,20,,,1,51,,1615668,20,,,1,10,,1615669,20,,,1,10,,1615670,20,,,1,10,,1615671,20,,,1,10,,1615672,20,,,1,10,,1615673,20,,,1,50,,1615674,20,,,1,11,,1615675,20,,,1,10,,1615676,20,,,1,10,,1615677,20,,,1,10,,1615678,20,,,1,11,,1615679,20,,,1,49,,1615680,20,,,1,13,,1615681,20,,,1,15,,1615682,20,,,1,15,,1615683,20,,,1,57,,1615684,20,,,1,14,,1615685,20,,,1,14,,1615686,20,,,1,14,,1615687,20,,,1,55,,1615688,20,,,1,16,,1615689,20,,,1,15,,1615690,20,,,1,15,,1615691,20,,,1,55,,1615692,20,,,1,16,,1615693,20,,,1,15,,1615694,20,,,1,15,,1615695,20,,,1,55,,1615696,20,,,1,15,,1615697,20,,,1,15,,1615698,20,,,1,16,,1615699,20,,,1,53,,1615700,20,,,1,15,,1615701,20,,,1,16,,1615702,20,,,1,16,,1615703,20,,,1,54,,1615704,20,,,1,16,,1615705,20,,,1,16,,1615706,20,,,1,15,,1615707,20,,,1
80003,'20261009',503,,1615709,20,,,1,15,,1615710,20,,,1,15,,1615711,20,,,1,15,,1615712,20,,,1,53,,1615713,20,,,1,9,,1615714,20,,,1,10,,1615715,20,,,1,10,,1615716,20,,,1,10,,1615717,20,,,1,10,,1615718,20,,,1,50,,1615719,20,,,1,9,,1615720,20,,,1,10,,1615721,20,,,1,8,,1615708,20,,,1,2,,1615722,20,,,1,7,,1615723,20,,,1,9,,1615724,20,,,1,11,,1615725,20,,,1,50,,1615726,20,,,1,13,,1615727,20,,,1,15,,1615728,20,,,1,14,,1615729,20,,,1,54,,1615730,20,,,1,14,,1615731,20,,,1,15,,1615732,20,,,1,15,,1615733,20,,,1,56,,1615734,20,,,1,13,,1615735,20,,,1,15,,1615736,20,,,1,15,,1615737,20,,,1,56,,1615738,20,,,1,15,,1615739,20,,,1,15,,1615740,20,,,1,15,,1615741,20,,,1,56,,1615742,20,,,1,15,,1615743,20,,,1,15,,1615744,20,,,1,15,,1615745,20,,,1,55,,1615746,20,,,1,15,,1615747,20,,,1,15,,1615748,20,,,1,15,,1615749,20,,,1,55,,1615750,20,,,1,14,,1615751,20,,,1,16,,1615752,20,,,1,15,,1615753,20,,,1,54,,1615754,20,,,1,12,,1615755,20,,,1,11,,1615756,20,,,1,10,,1615757,20,,,1,10,,1615758,20,,,1,9,,1615759,20,,,1,51,,1615760,20,,,1,10,,1615761,20,,,1,10,,1615762,20,,,1,10,,1615763,20,,,1,10,,1615764,20,,,1,10,,1615765,20,,,1,50,,1615766,20,,,1,11,,1615767,20,,,1,10,,1615768,20,,,1,10,,1615769,20,,,1,10,,1615770,20,,,1,11,,1615771,20,,,1,49,,1615772,20,,,1,13,,1615773,20,,,1,15,,1615774,20,,,1,15,,1615775,20,,,1,57,,1615776,20,,,1,14,,1615777,20,,,1,14,,1615778,20,,,1,14,,1615779,20,,,1,55,,1615780,20,,,1,16,,1615781,20,,,1,15,,1615782,20,,,1,15,,1615783,20,,,1,55,,1615784,20,,,1,16,,1615785,20,,,1,15,,1615786,20,,,1,15,,1615787,20,,,1,55,,1615788,20,,,1,15,,1615789,20,,,1,15,,1615790,20,,,1,16,,1615791,20,,,1,53,,1615792,20,,,1,15,,1615793,20,,,1,16,,1615794,20,,,1,16,,1615795,20,,,1,54,,1615796,20,,,1,16,,1615797,20,,,1,16,,1615798,20,,,1,15,,1615799,20,,,1
80003,'20261010',543,,1555071,20,,,1,15,,1555072,20,,,1,55,,1555073,20,,,1,15,,1555074,20,,,1,15,,1555075,20,,,1,16,,1555076,20,,,1,55,,1555077,20,,,1,15,,1555079,20,,,1,15,,1555080,20,,,1,15,,1555081,20,,,1,56,,1555078,20,,,1,15,,1555082,20,,,1,15,,1555083,20,,,1,55,,1555084,20,,,1,15,,1555085,20,,,1,15,,1555086,20,,,1,14,,1555087,20,,,1,15,,1555088,20,,,1,55,,1555089,20,,,1,16,,1555091,20,,,1,16,,1555092,20,,,1,55,,1555093,20,,,1,15,,1555090,20,,,1,15,,1555094,20,,,1,16,,1555095,20,,,1,56,,1555096,20,,,1,13,,1555097,20,,,1,14,,1555098,20,,,1,15,,1555100,20,,,1,55,,1555099,20,,,1,15,,1555101,20,,,1,14,,1555102,20,,,1,16,,1555103,20,,,1,55,,1555104,20,,,1,15,,1555105,20,,,1,15,,1555106,20,,,1,14,,1555107,20,,,1,15,,1555109,20,,,1,55,,1555110,20,,,1,15,,1555111,20,,,1,14,,1555108,20,,,1,16,,1555112,20,,,1,55,,1555113,20,,,1,16,,1555114,20,,,1,14,,1555115,20,,,1,56,,1555116,20,,,1,16,,1555117,20,,,1,14,,1555118,20,,,1,16,,1555120,20,,,1,56,,1555121,20,,,1,15,,1555122,20,,,1,17,,1555119,20,,,1,13,,1555123,20,,,1,55,,1555124,20,,,1,15,,1555125,20,,,1,15,,1555126,20,,,1,15,,1555128,20,,,1,55,,1555129,20,,,1,17,,1555130,20,,,1,17,,1555127,20,,,1,14,,1555131,20,,,1,54,,1555132,20,,,1,15,,1555133,20,,,1,15,,1555134,20,,,1,15,,1555135,20,,,1,55,,1555136,20,,,1,16,,1555137,20,,,1,14,,1555139,20,,,1,15,,1555140,20,,,1,55,,1555141,20,,,1,15,,1555138,20,,,1,15,,1555142,20,,,1,14,,1555143,20,,,1,55,,1555144,20,,,1,14,,1555145,20,,,1,15,,1555146,20,,,1,15,,1555147,20,,,1
80003,'20261011',543,,1555165,20,,,1,15,,1555155,20,,,1,55,,1555160,20,,,1,15,,1555153,20,,,1,15,,1555166,20,,,1,16,,1555151,20,,,1,55,,1555150,20,,,1,15,,1555159,20,,,1,15,,1555167,20,,,1,15,,1555148,20,,,1,56,,1555161,20,,,1,15,,1555154,20,,,1,15,,1555149,20,,,1,55,,1555168,20,,,1,15,,1555169,20,,,1,15,,1555163,20,,,1,14,,1555156,20,,,1,15,,1555164,20,,,1,55,,1555157,20,,,1,16,,1555171,20,,,1,16,,1555152,20,,,1,55,,1555172,20,,,1,15,,1555170,20,,,1,15,,1555175,20,,,1,16,,1555173,20,,,1,56,,1555158,20,,,1,13,,1555180,20,,,1,14,,1555174,20,,,1,15,,1555181,20,,,1,55,,1555176,20,,,1,15,,1555177,20,,,1,14,,1555178,20,,,1,16,,1555179,20,,,1,55,,1555162,20,,,1,15,,1555182,20,,,1,15,,1555198,20,,,1,14,,1555191,20,,,1,15,,1555194,20,,,1,55,,1555188,20,,,1,15,,1555197,20,,,1,14,,1555189,20,,,1,16,,1555190,20,,,1,55,,1555184,20,,,1,16,,1555199,20,,,1,14,,1555200,20,,,1,56,,1555195,20,,,1,16,,1555185,20,,,1,14,,1555192,20,,,1,16,,1555196,20,,,1,56,,1555201,20,,,1,15,,1555202,20,,,1,17,,1555193,20,,,1,13,,1555183,20,,,1,55,,1555203,20,,,1,15,,1555204,20,,,1,15,,1555205,20,,,1,15,,1555206,20,,,1,55,,1555187,20,,,1,17,,1555216,20,,,1,17,,1555186,20,,,1,14,,1555221,20,,,1,54,,1555208,20,,,1,15,,1555210,20,,,1,15,,1555218,20,,,1,15,,1555212,20,,,1,55,,1555211,20,,,1,16,,1555219,20,,,1,14,,1555207,20,,,1,15,,1555215,20,,,1,55,,1555214,20,,,1,15,,1555213,20,,,1,15,,1555220,20,,,1,14,,1555222,20,,,1,55,,1555223,20,,,1,14,,1555209,20,,,1,15,,1555217,20,,,1,15,,1555224,20,,,1
80003,'20261012',543,,1555242,20,,,1,15,,1555232,20,,,1,55,,1555237,20,,,1,15,,1555230,20,,,1,15,,1555243,20,,,1,16,,1555228,20,,,1,55,,1555227,20,,,1,15,,1555236,20,,,1,15,,1555244,20,,,1,15,,1555225,20,,,1,56,,1555238,20,,,1,15,,1555231,20,,,1,15,,1555226,20,,,1,55,,1555245,20,,,1,15,,1555246,20,,,1,15,,1555240,20,,,1,14,,1555233,20,,,1,15,,1555241,20,,,1,55,,1555234,20,,,1,16,,1555248,20,,,1,16,,1555229,20,,,1,55,,1555249,20,,,1,15,,1555247,20,,,1,15,,1555252,20,,,1,16,,1555250,20,,,1,56,,1555235,20,,,1,13,,1555257,20,,,1,14,,1555251,20,,,1,15,,1555258,20,,,1,55,,1555253,20,,,1,15,,1555254,20,,,1,14,,1555255,20,,,1,16,,1555256,20,,,1,55,,1555239,20,,,1,15,,1555259,20,,,1,15,,1555275,20,,,1,14,,1555268,20,,,1,15,,1555271,20,,,1,55,,1555265,20,,,1,15,,1555274,20,,,1,14,,1555266,20,,,1,16,,1555267,20,,,1,55,,1555261,20,,,1,16,,1555276,20,,,1,14,,1555277,20,,,1,56,,1555272,20,,,1,16,,1555262,20,,,1,14,,1555269,20,,,1,16,,1555273,20,,,1,56,,1555278,20,,,1,15,,1555279,20,,,1,17,,1555270,20,,,1,13,,1555260,20,,,1,55,,1555280,20,,,1,15,,1555281,20,,,1,15,,1555282,20,,,1,15,,1555283,20,,,1,55,,1555264,20,,,1,17,,1555293,20,,,1,17,,1555263,20,,,1,14,,1555298,20,,,1,54,,1555285,20,,,1,15,,1555287,20,,,1,15,,1555295,20,,,1,15,,1555289,20,,,1,55,,1555288,20,,,1,16,,1555296,20,,,1,14,,1555284,20,,,1,15,,1555292,20,,,1,55,,1555291,20,,,1,15,,1555290,20,,,1,15,,1555297,20,,,1,14,,1555299,20,,,1,55,,1555300,20,,,1,14,,1555286,20,,,1,15,,1555294,20,,,1,15,,1555301,20,,,1
80003,'20261013',503,,1584102,20,,,1,15,,1584015,20,,,1,15,,1584041,20,,,1,15,,1584038,20,,,1,53,,1584020,20,,,1,9,,1584040,20,,,1,10,,1584017,20,,,1,10,,1584028,20,,,1,10,,1584096,20,,,1,10,,1584095,20,,,1,50,,1584094,20,,,1,9,,1584093,20,,,1,10,,1584092,20,,,1,10,,1584091,20,,,1,7,,1584090,20,,,1,9,,1584089,20,,,1,11,,1584088,20,,,1,50,,1584087,20,,,1,13,,1584086,20,,,1,15,,1584085,20,,,1,14,,1584084,20,,,1,54,,1584083,20,,,1,14,,1584082,20,,,1,15,,1584081,20,,,1,15,,1584080,20,,,1,56,,1584079,20,,,1,13,,1584078,20,,,1,15,,1584077,20,,,1,15,,1584076,20,,,1,56,,1584075,20,,,1,15,,1584074,20,,,1,15,,1584073,20,,,1,15,,1584072,20,,,1,56,,1584071,20,,,1,15,,1584070,20,,,1,15,,1584069,20,,,1,15,,1584068,20,,,1,55,,1584067,20,,,1,15,,1584066,20,,,1,15,,1584065,20,,,1,15,,1584064,20,,,1,55,,1584063,20,,,1,14,,1584030,20,,,1,16,,1584062,20,,,1,15,,1584039,20,,,1,54,,1584036,20,,,1,12,,1584061,20,,,1,11,,1584043,20,,,1,10,,1584101,20,,,1,10,,1584098,20,,,1,9,,1584042,20,,,1,51,,1584025,20,,,1,10,,1584044,20,,,1,10,,1584060,20,,,1,10,,1584019,20,,,1,10,,1584012,20,,,1,10,,1584033,20,,,1,50,,1584059,20,,,1,11,,1584014,20,,,1,10,,1584013,20,,,1,10,,1584058,20,,,1,10,,1584057,20,,,1,11,,1584099,20,,,1,49,,1584016,20,,,1,13,,1584018,20,,,1,15,,1584056,20,,,1,15,,1584034,20,,,1,57,,1584100,20,,,1,14,,1584055,20,,,1,14,,1584022,20,,,1,14,,1584021,20,,,1,55,,1584054,20,,,1,16,,1584023,20,,,1,15,,1584053,20,,,1,15,,1584052,20,,,1,55,,1584024,20,,,1,16,,1584051,20,,,1,15,,1584027,20,,,1,15,,1584026,20,,,1,55,,1584050,20,,,1,15,,1584029,20,,,1,15,,1584049,20,,,1,16,,1584031,20,,,1,53,,1584048,20,,,1,15,,1584032,20,,,1,16,,1584047,20,,,1,16,,1584035,20,,,1,54,,1584046,20,,,1,16,,1584037,20,,,1,16,,1584045,20,,,1,15,,1584097,20,,,1
80003,'20261014',503,,1584193,20,,,1,15,,1584106,20,,,1,15,,1584132,20,,,1,15,,1584129,20,,,1,53,,1584111,20,,,1,9,,1584131,20,,,1,10,,1584108,20,,,1,10,,1584119,20,,,1,10,,1584187,20,,,1,10,,1584186,20,,,1,50,,1584185,20,,,1,9,,1584184,20,,,1,10,,1584183,20,,,1,10,,1584182,20,,,1,7,,1584181,20,,,1,9,,1584180,20,,,1,11,,1584179,20,,,1,50,,1584178,20,,,1,13,,1584177,20,,,1,15,,1584176,20,,,1,14,,1584175,20,,,1,54,,1584174,20,,,1,14,,1584173,20,,,1,15,,1584172,20,,,1,15,,1584171,20,,,1,56,,1584170,20,,,1,13,,1584169,20,,,1,15,,1584168,20,,,1,15,,1584167,20,,,1,56,,1584166,20,,,1,15,,1584165,20,,,1,15,,1584164,20,,,1,15,,1584163,20,,,1,56,,1584162,20,,,1,15,,1584161,20,,,1,15,,1584160,20,,,1,15,,1584159,20,,,1,55,,1584158,20,,,1,15,,1584157,20,,,1,15,,1584156,20,,,1,15,,1584155,20,,,1,55,,1584154,20,,,1,14,,1584121,20,,,1,16,,1584153,20,,,1,15,,1584130,20,,,1,54,,1584127,20,,,1,12,,1584152,20,,,1,11,,1584134,20,,,1,10,,1584192,20,,,1,10,,1584189,20,,,1,9,,1584133,20,,,1,51,,1584116,20,,,1,10,,1584135,20,,,1,10,,1584151,20,,,1,10,,1584110,20,,,1,10,,1584103,20,,,1,10,,1584124,20,,,1,50,,1584150,20,,,1,11,,1584105,20,,,1,10,,1584104,20,,,1,10,,1584149,20,,,1,10,,1584148,20,,,1,11,,1584190,20,,,1,49,,1584107,20,,,1,13,,1584109,20,,,1,15,,1584147,20,,,1,15,,1584125,20,,,1,57,,1584191,20,,,1,14,,1584146,20,,,1,14,,1584113,20,,,1,14,,1584112,20,,,1,55,,1584145,20,,,1,16,,1584114,20,,,1,15,,1584144,20,,,1,15,,1584143,20,,,1,55,,1584115,20,,,1,16,,1584142,20,,,1,15,,1584118,20,,,1,15,,1584117,20,,,1,55,,1584141,20,,,1,15,,1584120,20,,,1,15,,1584140,20,,,1,16,,1584122,20,,,1,53,,1584139,20,,,1,15,,1584123,20,,,1,16,,1584138,20,,,1,16,,1584126,20,,,1,54,,1584137,20,,,1,16,,1584128,20,,,1,16,,1584136,20,,,1,15,,1584188,20,,,1
80003,'20261015',503,,1584284,20,,,1,15,,1584197,20,,,1,15,,1584223,20,,,1,15,,1584220,20,,,1,53,,1584202,20,,,1,9,,1584222,20,,,1,10,,1584199,20,,,1,10,,1584210,20,,,1,10,,1584278,20,,,1,10,,1584277,20,,,1,50,,1584276,20,,,1,9,,1584275,20,,,1,10,,1584274,20,,,1,10,,1584273,20,,,1,7,,1584272,20,,,1,9,,1584271,20,,,1,11,,1584270,20,,,1,50,,1584269,20,,,1,13,,1584268,20,,,1,15,,1584267,20,,,1,14,,1584266,20,,,1,54,,1584265,20,,,1,14,,1584264,20,,,1,15,,1584263,20,,,1,15,,1584262,20,,,1,56,,1584261,20,,,1,13,,1584260,20,,,1,15,,1584259,20,,,1,15,,1584258,20,,,1,56,,1584257,20,,,1,15,,1584256,20,,,1,15,,1584255,20,,,1,15,,1584254,20,,,1,56,,1584253,20,,,1,15,,1584252,20,,,1,15,,1584251,20,,,1,15,,1584250,20,,,1,55,,1584249,20,,,1,15,,1584248,20,,,1,15,,1584247,20,,,1,15,,1584246,20,,,1,55,,1584245,20,,,1,14,,1584212,20,,,1,16,,1584244,20,,,1,15,,1584221,20,,,1,54,,1584218,20,,,1,12,,1584243,20,,,1,11,,1584225,20,,,1,10,,1584283,20,,,1,10,,1584280,20,,,1,9,,1584224,20,,,1,51,,1584207,20,,,1,10,,1584226,20,,,1,10,,1584242,20,,,1,10,,1584201,20,,,1,10,,1584194,20,,,1,10,,1584215,20,,,1,50,,1584241,20,,,1,11,,1584196,20,,,1,10,,1584195,20,,,1,10,,1584240,20,,,1,10,,1584239,20,,,1,11,,1584281,20,,,1,49,,1584198,20,,,1,13,,1584200,20,,,1,15,,1584238,20,,,1,15,,1584216,20,,,1,57,,1584282,20,,,1,14,,1584237,20,,,1,14,,1584204,20,,,1,14,,1584203,20,,,1,55,,1584236,20,,,1,16,,1584205,20,,,1,15,,1584235,20,,,1,15,,1584234,20,,,1,55,,1584206,20,,,1,16,,1584233,20,,,1,15,,1584209,20,,,1,15,,1584208,20,,,1,55,,1584232,20,,,1,15,,1584211,20,,,1,15,,1584231,20,,,1,16,,1584213,20,,,1,53,,1584230,20,,,1,15,,1584214,20,,,1,16,,1584229,20,,,1,16,,1584217,20,,,1,54,,1584228,20,,,1,16,,1584219,20,,,1,16,,1584227,20,,,1,15,,1584279,20,,,1
80003,'20261016',503,,1584375,20,,,1,15,,1584288,20,,,1,15,,1584314,20,,,1,15,,1584311,20,,,1,53,,1584293,20,,,1,9,,1584313,20,,,1,10,,1584290,20,,,1,10,,1584301,20,,,1,10,,1584369,20,,,1,10,,1584368,20,,,1,50,,1584367,20,,,1,9,,1584366,20,,,1,10,,1584365,20,,,1,10,,1584364,20,,,1,7,,1584363,20,,,1,9,,1584362,20,,,1,11,,1584361,20,,,1,50,,1584360,20,,,1,13,,1584359,20,,,1,15,,1584358,20,,,1,14,,1584357,20,,,1,54,,1584356,20,,,1,14,,1584355,20,,,1,15,,1584354,20,,,1,15,,1584353,20,,,1,56,,1584352,20,,,1,13,,1584351,20,,,1,15,,1584350,20,,,1,15,,1584349,20,,,1,56,,1584348,20,,,1,15,,1584347,20,,,1,15,,1584346,20,,,1,15,,1584345,20,,,1,56,,1584344,20,,,1,15,,1584343,20,,,1,15,,1584342,20,,,1,15,,1584341,20,,,1,55,,1584340,20,,,1,15,,1584339,20,,,1,15,,1584338,20,,,1,15,,1584337,20,,,1,55,,1584336,20,,,1,14,,1584303,20,,,1,16,,1584335,20,,,1,15,,1584312,20,,,1,54,,1584309,20,,,1,12,,1584334,20,,,1,11,,1584316,20,,,1,10,,1584374,20,,,1,10,,1584371,20,,,1,9,,1584315,20,,,1,51,,1584298,20,,,1,10,,1584317,20,,,1,10,,1584333,20,,,1,10,,1584292,20,,,1,10,,1584285,20,,,1,10,,1584306,20,,,1,50,,1584332,20,,,1,11,,1584287,20,,,1,10,,1584286,20,,,1,10,,1584331,20,,,1,10,,1584330,20,,,1,11,,1584372,20,,,1,49,,1584289,20,,,1,13,,1584291,20,,,1,15,,1584329,20,,,1,15,,1584307,20,,,1,57,,1584373,20,,,1,14,,1584328,20,,,1,14,,1584295,20,,,1,14,,1584294,20,,,1,55,,1584327,20,,,1,16,,1584296,20,,,1,15,,1584326,20,,,1,15,,1584325,20,,,1,55,,1584297,20,,,1,16,,1584324,20,,,1,15,,1584300,20,,,1,15,,1584299,20,,,1,55,,1584323,20,,,1,15,,1584302,20,,,1,15,,1584322,20,,,1,16,,1584304,20,,,1,53,,1584321,20,,,1,15,,1584305,20,,,1,16,,1584320,20,,,1,16,,1584308,20,,,1,54,,1584319,20,,,1,16,,1584310,20,,,1,16,,1584318,20,,,1,15,,1584370,20,,,1
80003,'20261017',543,,1615800,20,,,1,15,,1615801,20,,,1,55,,1615802,20,,,1,15,,1615803,20,,,1,15,,1615804,20,,,1,16,,1615805,20,,,1,55,,1615806,20,,,1,15,,1615808,20,,,1,15,,1615809,20,,,1,15,,1615810,20,,,1,56,,1615807,20,,,1,15,,1615811,20,,,1,15,,1615812,20,,,1,55,,1615813,20,,,1,15,,1615814,20,,,1,15,,1615815,20,,,1,14,,1615816,20,,,1,15,,1615817,20,,,1,55,,1615818,20,,,1,16,,1615820,20,,,1,16,,1615821,20,,,1,55,,1615822,20,,,1,15,,1615819,20,,,1,15,,1615823,20,,,1,16,,1615824,20,,,1,56,,1615825,20,,,1,13,,1615826,20,,,1,14,,1615827,20,,,1,15,,1615829,20,,,1,55,,1615828,20,,,1,15,,1615830,20,,,1,14,,1615831,20,,,1,16,,1615832,20,,,1,55,,1615833,20,,,1,15,,1615834,20,,,1,15,,1615835,20,,,1,14,,1615836,20,,,1,15,,1615838,20,,,1,55,,1615839,20,,,1,15,,1615840,20,,,1,14,,1615837,20,,,1,16,,1615841,20,,,1,55,,1615842,20,,,1,16,,1615843,20,,,1,14,,1615844,20,,,1,56,,1615845,20,,,1,16,,1615846,20,,,1,14,,1615847,20,,,1,16,,1615849,20,,,1,56,,1615850,20,,,1,15,,1615851,20,,,1,17,,1615848,20,,,1,13,,1615852,20,,,1,55,,1615853,20,,,1,15,,1615854,20,,,1,15,,1615855,20,,,1,15,,1615857,20,,,1,55,,1615858,20,,,1,17,,1615859,20,,,1,17,,1615856,20,,,1,14,,1615860,20,,,1,54,,1615861,20,,,1,15,,1615862,20,,,1,15,,1615863,20,,,1,15,,1615864,20,,,1,55,,1615865,20,,,1,16,,1615866,20,,,1,14,,1615868,20,,,1,15,,1615869,20,,,1,55,,1615870,20,,,1,15,,1615867,20,,,1,15,,1615871,20,,,1,14,,1615872,20,,,1,55,,1615873,20,,,1,14,,1615874,20,,,1,15,,1615875,20,,,1,15,,1615876,20,,,1
80003,'20261018',543,,1615894,20,,,1,15,,1615884,20,,,1,55,,1615889,20,,,1,15,,1615882,20,,,1,15,,1615895,20,,,1,16,,1615880,20,,,1,55,,1615879,20,,,1,15,,1615888,20,,,1,15,,1615896,20,,,1,15,,1615877,20,,,1,56,,1615890,20,,,1,15,,1615883,20,,,1,15,,1615878,20,,,1,55,,1615897,20,,,1,15,,1615898,20,,,1,15,,1615892,20,,,1,14,,1615885,20,,,1,15,,1615893,20,,,1,55,,1615886,20,,,1,16,,1615900,20,,,1,16,,1615881,20,,,1,55,,1615901,20,,,1,15,,1615899,20,,,1,15,,1615904,20,,,1,16,,1615902,20,,,1,56,,1615887,20,,,1,13,,1615909,20,,,1,14,,1615903,20,,,1,15,,1615910,20,,,1,55,,1615905,20,,,1,15,,1615906,20,,,1,14,,1615907,20,,,1,16,,1615908,20,,,1,55,,1615891,20,,,1,15,,1615911,20,,,1,15,,1615927,20,,,1,14,,1615920,20,,,1,15,,1615923,20,,,1,55,,1615917,20,,,1,15,,1615926,20,,,1,14,,1615918,20,,,1,16,,1615919,20,,,1,55,,1615913,20,,,1,16,,1615928,20,,,1,14,,1615929,20,,,1,56,,1615924,20,,,1,16,,1615914,20,,,1,14,,1615921,20,,,1,16,,1615925,20,,,1,56,,1615930,20,,,1,15,,1615931,20,,,1,17,,1615922,20,,,1,13,,1615912,20,,,1,55,,1615932,20,,,1,15,,1615933,20,,,1,15,,1615934,20,,,1,15,,1615935,20,,,1,55,,1615916,20,,,1,17,,1615945,20,,,1,17,,1615915,20,,,1,14,,1615950,20,,,1,54,,1615937,20,,,1,15,,1615939,20,,,1,15,,1615947,20,,,1,15,,1615941,20,,,1,55,,1615940,20,,,1,16,,1615948,20,,,1,14,,1615936,20,,,1,15,,1615944,20,,,1,55,,1615943,20,,,1,15,,1615942,20,,,1,15,,1615949,20,,,1,14,,1615951,20,,,1,55,,1615952,20,,,1,14,,1615938,20,,,1,15,,1615946,20,,,1,15,,1615953,20,,,1
80003,'20261019',503,,1616044,20,,,1,15,,1615957,20,,,1,15,,1615983,20,,,1,15,,1615980,20,,,1,53,,1615962,20,,,1,9,,1615982,20,,,1,10,,1615959,20,,,1,10,,1615970,20,,,1,10,,1616038,20,,,1,10,,1616037,20,,,1,50,,1616036,20,,,1,9,,1616035,20,,,1,10,,1616034,20,,,1,10,,1616033,20,,,1,7,,1616032,20,,,1,9,,1616031,20,,,1,11,,1616030,20,,,1,50,,1616029,20,,,1,13,,1616028,20,,,1,15,,1616027,20,,,1,14,,1616026,20,,,1,54,,1616025,20,,,1,14,,1616024,20,,,1,15,,1616023,20,,,1,15,,1616022,20,,,1,56,,1616021,20,,,1,13,,1616020,20,,,1,15,,1616019,20,,,1,15,,1616018,20,,,1,56,,1616017,20,,,1,15,,1616016,20,,,1,15,,1616015,20,,,1,15,,1616014,20,,,1,56,,1616013,20,,,1,15,,1616012,20,,,1,15,,1616011,20,,,1,15,,1616010,20,,,1,55,,1616009,20,,,1,15,,1616008,20,,,1,15,,1616007,20,,,1,15,,1616006,20,,,1,55,,1616005,20,,,1,14,,1615972,20,,,1,16,,1616004,20,,,1,15,,1615981,20,,,1,54,,1615978,20,,,1,12,,1616003,20,,,1,11,,1615985,20,,,1,10,,1616043,20,,,1,10,,1616040,20,,,1,9,,1615984,20,,,1,51,,1615967,20,,,1,10,,1615986,20,,,1,10,,1616002,20,,,1,10,,1615961,20,,,1,10,,1615954,20,,,1,10,,1615975,20,,,1,50,,1616001,20,,,1,11,,1615956,20,,,1,10,,1615955,20,,,1,10,,1616000,20,,,1,10,,1615999,20,,,1,11,,1616041,20,,,1,49,,1615958,20,,,1,13,,1615960,20,,,1,15,,1615998,20,,,1,15,,1615976,20,,,1,57,,1616042,20,,,1,14,,1615997,20,,,1,14,,1615964,20,,,1,14,,1615963,20,,,1,55,,1615996,20,,,1,16,,1615965,20,,,1,15,,1615995,20,,,1,15,,1615994,20,,,1,55,,1615966,20,,,1,16,,1615993,20,,,1,15,,1615969,20,,,1,15,,1615968,20,,,1,55,,1615992,20,,,1,15,,1615971,20,,,1,15,,1615991,20,,,1,16,,1615973,20,,,1,53,,1615990,20,,,1,15,,1615974,20,,,1,16,,1615989,20,,,1,16,,1615977,20,,,1,54,,1615988,20,,,1,16,,1615979,20,,,1,16,,1615987,20,,,1,15,,1616039,20,,,1
80003,'20261020',503,,1616135,20,,,1,15,,1616048,20,,,1,15,,1616074,20,,,1,15,,1616071,20,,,1,53,,1616053,20,,,1,9,,1616073,20,,,1,10,,1616050,20,,,1,10,,1616061,20,,,1,10,,1616129,20,,,1,10,,1616128,20,,,1,50,,1616127,20,,,1,9,,1616126,20,,,1,10,,1616125,20,,,1,10,,1616124,20,,,1,7,,1616123,20,,,1,9,,1616122,20,,,1,11,,1616121,20,,,1,50,,1616120,20,,,1,13,,1616119,20,,,1,15,,1616118,20,,,1,14,,1616117,20,,,1,54,,1616116,20,,,1,14,,1616115,20,,,1,15,,1616114,20,,,1,15,,1616113,20,,,1,56,,1616112,20,,,1,13,,1616111,20,,,1,15,,1616110,20,,,1,15,,1616109,20,,,1,56,,1616108,20,,,1,15,,1616107,20,,,1,15,,1616106,20,,,1,15,,1616105,20,,,1,56,,1616104,20,,,1,15,,1616103,20,,,1,15,,1616102,20,,,1,15,,1616101,20,,,1,55,,1616100,20,,,1,15,,1616099,20,,,1,15,,1616098,20,,,1,15,,1616097,20,,,1,55,,1616096,20,,,1,14,,1616063,20,,,1,16,,1616095,20,,,1,15,,1616072,20,,,1,54,,1616069,20,,,1,12,,1616094,20,,,1,11,,1616076,20,,,1,10,,1616134,20,,,1,10,,1616131,20,,,1,9,,1616075,20,,,1,51,,1616058,20,,,1,10,,1616077,20,,,1,10,,1616093,20,,,1,10,,1616052,20,,,1,10,,1616045,20,,,1,10,,1616066,20,,,1,50,,1616092,20,,,1,11,,1616047,20,,,1,10,,1616046,20,,,1,10,,1616091,20,,,1,10,,1616090,20,,,1,11,,1616132,20,,,1,49,,1616049,20,,,1,13,,1616051,20,,,1,15,,1616089,20,,,1,15,,1616067,20,,,1,57,,1616133,20,,,1,14,,1616088,20,,,1,14,,1616055,20,,,1,14,,1616054,20,,,1,55,,1616087,20,,,1,16,,1616056,20,,,1,15,,1616086,20,,,1,15,,1616085,20,,,1,55,,1616057,20,,,1,16,,1616084,20,,,1,15,,1616060,20,,,1,15,,1616059,20,,,1,55,,1616083,20,,,1,15,,1616062,20,,,1,15,,1616082,20,,,1,16,,1616064,20,,,1,53,,1616081,20,,,1,15,,1616065,20,,,1,16,,1616080,20,,,1,16,,1616068,20,,,1,54,,1616079,20,,,1,16,,1616070,20,,,1,16,,1616078,20,,,1,15,,1616130,20,,,1
