300,'20261009',640,,1594410,53,,,0,100,,1594412,53,,,0,100,,1594414,53,,,0,100,,1594416,53,,,0,100,,1594418,53,,,0,100,,1594420,53,,,0,100,,1594422,53,,,0,100,,1594424,53,,,0,100,,1594426,53,,,0,100,,1594428,53,,,0,71,,1594429,53,,,0,30,,1594430,53,,,0,69,,1594432,53,,,0,30,,1594433,53,,,0,70,,1594435,53,,,0,30,,1594437,53,,,0,100,,1594439,53,,,0,99,,1594441,53,,,0,100,,1594443,53,,,0,100,,1594445,53,,,0,100,,1594447,53,,,0
300,'20261010',739,,1625963,53,,,0,100,,1625965,53,,,0,100,,1625967,53,,,0,100,,1625969,53,,,0,100,,1625971,53,,,0,100,,1625973,53,,,0,100,,1625975,53,,,0,100,,1625977,53,,,0,100,,1625979,53,,,0,100,,1625981,53,,,0,100,,1625983,53,,,0,100,,1625985,53,,,0,100,,1625987,53,,,0,100,,1625989,53,,,0,100,,1625991,53,,,0,100,,1625993,53,,,0,100,,1625995,53,,,0,100,,1625997,53,,,0
300,'20261011',739,,1626000,53,,,0,100,,1626002,53,,,0,100,,1626004,53,,,0,100,,1626006,53,,,0,100,,1626008,53,,,0,100,,1626010,53,,,0,100,,1626012,53,,,0,100,,1626014,53,,,0,100,,1626016,53,,,0,100,,1626018,53,,,0,100,,1626020,53,,,0,100,,1626022,53,,,0,100,,1626024,53,,,0,100,,1626026,53,,,0,100,,1626028,53,,,0,100,,1626030,53,,,0,100,,1626032,53,,,0,100,,1626034,53,,,0
300,'20261012',739,,1626037,53,,,0,100,,1626039,53,,,0,100,,1626041,53,,,0,100,,1626043,53,,,0,100,,1626045,53,,,0,100,,1626047,53,,,0,100,,1626049,53,,,0,100,,1626051,53,,,0,100,,1626053,53,,,0,100,,1626055,53,,,0,100,,1626057,53,,,0,100,,1626059,53,,,0,100,,1626061,53,,,0,100,,1626063,53,,,0,100,,1626065,53,,,0,100,,1626067,53,,,0,100,,1626069,53,,,0,100,,1626071,53,,,0
300,'20261013',640,,1562744,53,,,0,100,,1562745,53,,,0,100,,1562746,53,,,0,100,,1562747,53,,,0,100,,1562748,53,,,0,100,,1562749,53,,,0,100,,1562750,53,,,0,100,,1562751,53,,,0,100,,1562752,53,,,0,100,,1562753,53,,,0,71,,1562754,53,,,0,30,,1562755,53,,,0,69,,1562756,53,,,0,30,,1562757,53,,,0,70,,1562758,53,,,0,30,,1562759,53,,,0,100,,1562760,53,,,0,99,,1562761,53,,,0,100,,1562762,53,,,0,100,,1562763,53,,,0,100,,1562764,53,,,0
300,'20261014',640,,1562786,53,,,0,100,,1562787,53,,,0,100,,1562788,53,,,0,100,,1562789,53,,,0,100,,1562790,53,,,0,100,,1562791,53,,,0,100,,1562792,53,,,0,100,,1562793,53,,,0,100,,1562794,53,,,0,100,,1562795,53,,,0,71,,1562796,53,,,0,30,,1562797,53,,,0,69,,1562798,53,,,0,30,,1562799,53,,,0,70,,1562800,53,,,0,30,,1562801,53,,,0,100,,1562802,53,,,0,99,,1562803,53,,,0,100,,1562804,53,,,0,100,,1562805,53,,,0,100,,1562806,53,,,0
300,'20261015',640,,1562828,53,,,0,100,,1562829,53,,,0,100,,1562830,53,,,0,100,,1562831,53,,,0,100,,1562832,53,,,0,100,,1562833,53,,,0,100,,1562834,53,,,0,100,,1562835,53,,,0,100,,1562836,53,,,0,100,,1562837,53,,,0,71,,1562838,53,,,0,30,,1562839,53,,,0,69,,1562840,53,,,0,30,,1562841,53,,,0,70,,1562842,53,,,0,30,,1562843,53,,,0,100,,1562844,53,,,0,99,,1562845,53,,,0,100,,1562846,53,,,0,100,,1562847,53,,,0,100,,1562848,53,,,0
300,'20261016',640,,1562870,53,,,0,100,,1562871,53,,,0,100,,1562872,53,,,0,100,,1562873,53,,,0,100,,1562874,53,,,0,100,,1562875,53,,,0,100,,1562876,53,,,0,100,,1562877,53,,,0,100,,1562878,53,,,0,100,,1562879,53,,,0,71,,1562880,53,,,0,30,,1562881,53,,,0,69,,1562882,53,,,0,30,,1562883,53,,,0,70,,1562884,53,,,0,30,,1562885,53,,,0,100,,1562886,53,,,0,99,,1562887,53,,,0,100,,1562888,53,,,0,100,,1562889,53,,,0,100,,1562890,53,,,0
300,'20261017',739,,1594450,53,,,0,100,,1594451,53,,,0,100,,1594452,53,,,0,100,,1594453,53,,,0,100,,1594454,53,,,0,100,,1594455,53,,,0,100,,1594456,53,,,0,100,,1594457,53,,,0,100,,1594458,53,,,0,100,,1594459,53,,,0,100,,1594460,53,,,0,100,,1594461,53,,,0,100,,1594462,53,,,0,100,,1594463,53,,,0,100,,1594464,53,,,0,100,,1594465,53,,,0,100,,1594466,53,,,0,100,,1594467,53,,,0
300,'20261018',739,,1594487,53,,,0,100,,1594488,53,,,0,100,,1594489,53,,,0,100,,1594490,53,,,0,100,,1594491,53,,,0,100,,1594492,53,,,0,100,,1594493,53,,,0,100,,1594494,53,,,0,100,,1594495,53,,,0,100,,1594496,53,,,0,100,,1594497,53,,,0,100,,1594498,53,,,0,100,,1594499,53,,,0,100,,1594500,53,,,0,100,,1594501,53,,,0,100,,1594502,53,,,0,100,,1594503,53,,,0,100,,1594504,53,,,0
300,'20261019',640,,1594524,53,,,0,100,,1594525,53,,,0,100,,1594526,53,,,0,100,,1594527,53,,,0,100,,1594528,53,,,0,100,,1594529,53,,,0,100,,1594530,53,,,0,100,,1594531,53,,,0,100,,1594532,53,,,0,100,,1594533,53,,,0,71,,1594534,53,,,0,30,,1594535,53,,,0,69,,1594536,53,,,0,30,,1594537,53,,,0,70,,1594538,53,,,0,30,,1594539,53,,,0,100,,1594540,53,,,0,99,,1594541,53,,,0,100,,1594542,53,,,0,100,,1594543,53,,,0,100,,1594544,53,,,0
300,'20261020',640,,1594566,53,,,0,100,,1594567,53,,,0,100,,1594568,53,,,0,100,,1594569,53,,,0,100,,1594570,53,,,0,100,,1594571,53,,,0,100,,1594572,53,,,0,100,,1594573,53,,,0,100,,1594574,53,,,0,100,,1594575,53,,,0,71,,1594576,53,,,0,30,,1594577,53,,,0,69,,1594578,53,,,0,30,,1594579,53,,,0,70,,1594580,53,,,0,30,,1594581,53,,,0,100,,1594582,53,,,0,99,,1594583,53,,,0,100,,1594584,53,,,0,100,,1594585,53,,,0,100,,1594586,53,,,0
300,'20261021',640,,1626072,53,,,0,100,,1626073,53,,,0,100,,1626074,53,,,0,100,,1626075,53,,,0,100,,1626076,53,,,0,100,,1626077,53,,,0,100,,1626078,53,,,0,100,,1626079,53,,,0,100,,1626080,53,,,0,100,,1626081,53,,,0,71,,1626082,53,,,0,30,,1626083,53,,,0,69,,1626084,53,,,0,30,,1626085,53,,,0,70,,1626086,53,,,0,30,,1626087,53,,,0,100,,1626088,53,,,0,99,,1626089,53,,,0,100,,1626090,53,,,0,100,,1626091,53,,,0,100,,1626092,53,,,0
300,'20261022',640,,1626114,53,,,0,100,,1626115,53,,,0,100,,1626116,53,,,0,100,,1626117,53,,,0,100,,1626118,53,,,0,100,,1626119,53,,,0,100,,1626120,53,,,0,100,,1626121,53,,,0,100,,1626122,53,,,0,100,,1626123,53,,,0,71,,1626124,53,,,0,30,,1626125,53,,,0,69,,1626126,53,,,0,30,,1626127,53,,,0,70,,1626128,53,,,0,30,,1626129,53,,,0,100,,1626130,53,,,0,99,,1626131,53,,,0,100,,1626132,53,,,0,100,,1626133,53,,,0,100,,1626134,53,,,0
300,'20261023',640,,1626156,53,,,0,100,,1626157,53,,,0,100,,1626158,53,,,0,100,,1626159,53,,,0,100,,1626160,53,,,0,100,,1626161,53,,,0,100,,1626162,53,,,0,100,,1626163,53,,,0,100,,1626164,53,,,0,100,,1626165,53,,,0,71,,1626166,53,,,0,30,,1626167,53,,,0,69,,1626168,53,,,0,30,,1626169,53,,,0,70,,1626170,53,,,0,30,,1626171,53,,,0,100,,1626172,53,,,0,99,,1626173,53,,,0,100,,1626174,53,,,0,100,,1626175,53,,,0,100,,1626176,53,,,0
23700,'20261009',1547,,1611642,9,4,,0,56,,1611643,9,4,,0,17,,1611644,9,4,,0,18,,1611645,9,4,,0,62,,1611646,9,4,,0,12,,1611647,9,4,,0,22,,1611648,9,4,,0,23,,1611649,9,4,,0
23700,'20261013',1547,,1579893,9,4,,0,56,,1579894,9,4,,0,17,,1579895,9,4,,0,18,,1579896,9,4,,0,62,,1579897,9,4,,0,12,,1579898,9,4,,0,22,,1579899,9,4,,0,23,,1579900,9,4,,0
23700,'20261014',1547,,1579901,9,4,,0,56,,1579902,9,4,,0,17,,1579903,9,4,,0,18,,1579904,9,4,,0,62,,1579905,9,4,,0,12,,1579906,9,4,,0,22,,1579907,9,4,,0,23,,1579908,9,4,,0
23700,'20261015',1547,,1579909,9,4,,0,56,,1579910,9,4,,0,17,,1579911,9,4,,0,18,,1579912,9,4,,0,62,,1579913,9,4,,0,12,,1579914,9,4,,0,22,,1579915,9,4,,0,23,,1579916,9,4,,0
23700,'20261016',1547,,1579917,9,4,,0,56,,1579918,9,4,,0,17,,1579919,9,4,,0,18,,1579920,9,4,,0,62,,1579921,9,4,,0,12,,1579922,9,4,,0,22,,1579923,9,4,,0,23,,1579924,9,4,,0
23700,'20261019',1547,,1611650,9,4,,0,56,,1611651,9,4,,0,17,,1611652,9,4,,0,18,,1611653,9,4,,0,62,,1611654,9,4,,0,12,,1611655,9,4,,0,22,,1611656,9,4,,0,23,,1611657,9,4,,0
23700,'20261020',1547,,1611658,9,4,,0,56,,1611659,9,4,,0,17,,1611660,9,4,,0,18,,1611661,9,4,,0,62,,1611662,9,4,,0,12,,1611663,9,4,,0,22,,1611664,9,4,,0,23,,1611665,9,4,,0
23700,'20261021',1547,,1637799,9,4,,0,56,,1637800,9,4,,0,17,,1637801,9,4,,0,18,,1637802,9,4,,0,62,,1637803,9,4,,0,12,,1637804,9,4,,0,22,,1637805,9,4,,0,23,,1637806,9,4,,0
23700,'20261022',1547,,1637807,9,4,,0,56,,1637808,9,4,,0,17,,1637809,9,4,,0,18,,1637810,9,4,,0,62,,1637811,9,4,,0,12,,1637812,9,4,,0,22,,1637813,9,4,,0,23,,1637814,9,4,,0
23700,'20261023',1547,,1637815,9,4,,0,56,,1637816,9,4,,0,17,,1637817,9,4,,0,18,,1637818,9,4,,0,62,,1637819,9,4,,0,12,,1637820,9,4,,0,22,,1637821,9,4,,0,23,,1637822,9,4,,0
33700,'20261009',1237,,1613201,14,4,,0,304,,1613202,14,4,,0,103,,1613203,14,4,,0,98,,1613204,14,4,,0,104,,1613205,14,4,,0
33700,'20261013',1237,,1581443,14,4,,0,304,,1581447,14,4,,0,103,,1581444,14,4,,0,98,,1581445,14,4,,0,104,,1581446,14,4,,0
33700,'20261014',1237,,1581448,14,4,,0,304,,1581452,14,4,,0,103,,1581449,14,4,,0,98,,1581450,14,4,,0,104,,1581451,14,4,,0
33700,'20261015',1237,,1581453,14,4,,0,304,,1581457,14,4,,0,103,,1581454,14,4,,0,98,,1581455,14,4,,0,104,,1581456,14,4,,0
33700,'20261016',1237,,1581458,14,4,,0,304,,1581462,14,4,,0,103,,1581459,14,4,,0,98,,1581460,14,4,,0,104,,1581461,14,4,,0
33700,'20261019',1237,,1613206,14,4,,0,304,,1613210,14,4,,0,103,,1613207,14,4,,0,98,,1613208,14,4,,0,104,,1613209,14,4,,0
33700,'20261020',1237,,1613211,14,4,,0,304,,1613215,14,4,,0,103,,1613212,14,4,,0,98,,1613213,14,4,,0,104,,1613214,14,4,,0
33700,'20261021',1237,,1638573,14,4,,0,304,,1638577,14,4,,0,103,,1638574,14,4,,0,98,,1638575,14,4,,0,104,,1638576,14,4,,0
33700,'20261022',1237,,1638578,14,4,,0,304,,1638582,14,4,,0,103,,1638579,14,4,,0,98,,1638580,14,4,,0,104,,1638581,14,4,,0
33700,'20261023',1237,,1638583,14,4,,0,304,,1638587,14,4,,0,103,,1638584,14,4,,0,98,,1638585,14,4,,0,104,,1638586,14,4,,0
53700,'20261009',1624,,1614040,12,4,,0,34,,1614041,12,4,,0,69,,1614042,12,4,,0,32,,1614043,12,4,,0
53700,'20261013',1624,,1582281,12,4,,0,34,,1582278,12,4,,0,69,,1582280,12,4,,0,32,,1582279,12,4,,0
53700,'20261014',1624,,1582285,12,4,,0,34,,1582282,12,4,,0,69,,1582284,12,4,,0,32,,1582283,12,4,,0
53700,'20261015',1624,,1582289,12,4,,0,34,,1582286,12,4,,0,69,,1582288,12,4,,0,32,,1582287,12,4,,0
53700,'20261016',1624,,1582293,12,4,,0,34,,1582290,12,4,,0,69,,1582292,12,4,,0,32,,1582291,12,4,,0
53700,'20261019',1624,,1614047,12,4,,0,34,,1614044,12,4,,0,69,,1614046,12,4,,0,32,,1614045,12,4,,0
53700,'20261020',1624,,1614051,12,4,,0,34,,1614048,12,4,,0,69,,1614050,12,4,,0,32,,1614049,12,4,,0
53700,'20261021',1624,,1638995,12,4,,0,34,,1638992,12,4,,0,69,,1638994,12,4,,0,32,,1638993,12,4,,0
53700,'20261022',1624,,1638999,12,4,,0,34,,1638996,12,4,,0,69,,1638998,12,4,,0,32,,1638997,12,4,,0
53700,'20261023',1624,,1639003,12,4,,0,34,,1639000,12,4,,0,69,,1639002,12,4,,0,32,,1639001,12,4,,0
1008200,'20261009',814,,1625367,30,,,0
1008200,'20261013',814,,1593564,30,,,0
1008200,'20261014',814,,1593565,30,,,0
1008200,'20261015',814,,1593566,30,,,0
1008200,'20261016',814,,1593567,30,,,0
1008200,'20261019',814,,1625368,30,,,0
1008200,'20261020',814,,1625369,30,,,0
1008200,'20261021',814,,1646919,30,,,0
1008200,'20261022',814,,1646920,30,,,0
1008200,'20261023',814,,1646921,30,,,0
