100,'20260929',642,,1540443,23,,,1,77,,1540444,23,,,1,22,,1540445,23,,,1,18,,1540446,23,,,1,57,,1540447,23,,,1,31,,1540448,23,,,1,69,,1540449,23,,,1,30,,1540450,23,,,1,71,,1540451,23,,,1,30,,1540452,23,,,1,70,,1540453,23,,,1,30,,1540454,23,,,1,70,,1540455,23,,,1,30,,1540456,23,,,1,70,,1540457,23,,,1,30,,1540458,23,,,1,70,,1540459,23,,,1,30,,1540460,23,,,1,60,,1540461,23,,,1,21,,1540462,23,,,1,21,,1540463,23,,,1,58,,1540464,23,,,1,18,,1540465,23,,,1,16,,1540466,23,,,1,15,,1540467,23,,,1,56,,1540468,23,,,1,17,,1540469,23,,,1,19,,1540470,23,,,1,61,,1540471,23,,,1,29,,1540472,23,,,1,69,,1540473,23,,,1,30,,1540474,23,,,1,69,,1540475,23,,,1,30,,1540476,23,,,1,68,,1540477,23,,,1,30,,1540478,23,,,1,100,,1540479,23,,,1,99,,1540480,23,,,1,100,,1540481,23,,,1
100,'20260930',642,,1540482,23,,,1,77,,1540483,23,,,1,22,,1540484,23,,,1,18,,1540485,23,,,1,57,,1540486,23,,,1,31,,1540487,23,,,1,69,,1540488,23,,,1,30,,1540489,23,,,1,71,,1540490,23,,,1,30,,1540491,23,,,1,70,,1540492,23,,,1,30,,1540493,23,,,1,70,,1540494,23,,,1,30,,1540495,23,,,1,70,,1540496,23,,,1,30,,1540497,23,,,1,70,,1540498,23,,,1,30,,1540499,23,,,1,60,,1540500,23,,,1,21,,1540501,23,,,1,21,,1540502,23,,,1,58,,1540503,23,,,1,18,,1540504,23,,,1,16,,1540505,23,,,1,15,,1540506,23,,,1,56,,1540507,23,,,1,17,,1540508,23,,,1,19,,1540509,23,,,1,61,,1540510,23,,,1,29,,1540511,23,,,1,69,,1540512,23,,,1,30,,1540513,23,,,1,69,,1540514,23,,,1,30,,1540515,23,,,1,68,,1540516,23,,,1,30,,1540517,23,,,1,100,,1540518,23,,,1,99,,1540519,23,,,1,100,,1540520,23,,,1
100,'20261001',642,,1540521,23,,,1,77,,1540522,23,,,1,22,,1540523,23,,,1,18,,1540524,23,,,1,57,,1540525,23,,,1,31,,1540526,23,,,1,69,,1540527,23,,,1,30,,1540528,23,,,1,71,,1540529,23,,,1,30,,1540530,23,,,1,70,,1540531,23,,,1,30,,1540532,23,,,1,70,,1540533,23,,,1,30,,1540534,23,,,1,70,,1540535,23,,,1,30,,1540536,23,,,1,70,,1540537,23,,,1,30,,1540538,23,,,1,60,,1540539,23,,,1,21,,1540540,23,,,1,21,,1540541,23,,,1,58,,1540542,23,,,1,18,,1540543,23,,,1,16,,1540544,23,,,1,15,,1540545,23,,,1,56,,1540546,23,,,1,17,,1540547,23,,,1,19,,1540548,23,,,1,61,,1540549,23,,,1,29,,1540550,23,,,1,69,,1540551,23,,,1,30,,1540552,23,,,1,69,,1540553,23,,,1,30,,1540554,23,,,1,68,,1540555,23,,,1,30,,1540556,23,,,1,100,,1540557,23,,,1,99,,1540558,23,,,1,100,,1540559,23,,,1
100,'20261002',642,,1462867,23,,,1,77,,1462836,23,,,1,22,,1462869,23,,,1,18,,1462837,23,,,1,57,,1462838,23,,,1,31,,1462839,23,,,1,69,,1462840,23,,,1,30,,1462841,23,,,1,71,,1462842,23,,,1,30,,1462843,23,,,1,70,,1462844,23,,,1,30,,1462845,23,,,1,70,,1462846,23,,,1,30,,1462847,23,,,1,70,,1462848,23,,,1,30,,1462849,23,,,1,70,,1462850,23,,,1,30,,1462851,23,,,1,60,,1462852,23,,,1,21,,1462870,23,,,1,21,,1462853,23,,,1,58,,1462871,23,,,1,18,,1462874,23,,,1,16,,1462854,23,,,1,15,,1462872,23,,,1,56,,1462855,23,,,1,17,,1462873,23,,,1,19,,1462856,23,,,1,61,,1462857,23,,,1,29,,1462858,23,,,1,69,,1462859,23,,,1,30,,1462860,23,,,1,69,,1462861,23,,,1,30,,1462862,23,,,1,68,,1462863,23,,,1,30,,1462864,23,,,1,100,,1462865,23,,,1,99,,1462866,23,,,1,100,,1462868,23,,,1
100,'20261003',635,,1485846,23,,,1,100,,1485847,23,,,1,102,,1485848,23,,,1,102,,1485849,23,,,1,102,,1485850,23,,,1,100,,1485851,23,,,1,100,,1485852,23,,,1,70,,1485853,23,,,1,30,,1485854,23,,,1,71,,1485855,23,,,1,31,,1485856,23,,,1,70,,1485857,23,,,1,30,,1485858,23,,,1,70,,1485859,23,,,1,27,,1485860,23,,,1,73,,1485861,23,,,1,28,,1485862,23,,,1,70,,1485863,23,,,1,29,,1485864,23,,,1,100,,1485865,23,,,1,99,,1485866,23,,,1,98,,1485867,23,,,1,99,,1485868,23,,,1,99,,1485845,23,,,1,100,,1485869,23,,,1
100,'20261004',635,,1485870,23,,,1,100,,1485871,23,,,1,102,,1485872,23,,,1,102,,1485873,23,,,1,102,,1485874,23,,,1,100,,1485875,23,,,1,100,,1485876,23,,,1,70,,1485877,23,,,1,30,,1485878,23,,,1,71,,1485879,23,,,1,31,,1485880,23,,,1,70,,1485881,23,,,1,30,,1485882,23,,,1,70,,1485883,23,,,1,27,,1485884,23,,,1,73,,1485885,23,,,1,28,,1485886,23,,,1,70,,1485887,23,,,1,29,,1485888,23,,,1,100,,1485889,23,,,1,99,,1485890,23,,,1,98,,1485891,23,,,1,99,,1485892,23,,,1,99,,1485893,23,,,1,100,,1485894,23,,,1
100,'20261005',642,,1485926,23,,,1,77,,1485895,23,,,1,22,,1485928,23,,,1,18,,1485896,23,,,1,57,,1485897,23,,,1,31,,1485898,23,,,1,69,,1485899,23,,,1,30,,1485900,23,,,1,71,,1485901,23,,,1,30,,1485902,23,,,1,70,,1485903,23,,,1,30,,1485904,23,,,1,70,,1485905,23,,,1,30,,1485906,23,,,1,70,,1485907,23,,,1,30,,1485908,23,,,1,70,,1485909,23,,,1,30,,1485910,23,,,1,60,,1485911,23,,,1,21,,1485929,23,,,1,21,,1485912,23,,,1,58,,1485930,23,,,1,18,,1485933,23,,,1,16,,1485913,23,,,1,15,,1485931,23,,,1,56,,1485914,23,,,1,17,,1485932,23,,,1,19,,1485915,23,,,1,61,,1485916,23,,,1,29,,1485917,23,,,1,69,,1485918,23,,,1,30,,1485919,23,,,1,69,,1485920,23,,,1,30,,1485921,23,,,1,68,,1485922,23,,,1,30,,1485923,23,,,1,100,,1485924,23,,,1,99,,1485925,23,,,1,100,,1485927,23,,,1
100,'20261006',642,,1508882,23,,,1,77,,1508851,23,,,1,22,,1508884,23,,,1,18,,1508852,23,,,1,57,,1508853,23,,,1,31,,1508854,23,,,1,69,,1508855,23,,,1,30,,1508856,23,,,1,71,,1508857,23,,,1,30,,1508858,23,,,1,70,,1508859,23,,,1,30,,1508860,23,,,1,70,,1508861,23,,,1,30,,1508862,23,,,1,70,,1508863,23,,,1,30,,1508864,23,,,1,70,,1508865,23,,,1,30,,1508866,23,,,1,60,,1508867,23,,,1,21,,1508885,23,,,1,21,,1508868,23,,,1,58,,1508886,23,,,1,18,,1508889,23,,,1,16,,1508869,23,,,1,15,,1508887,23,,,1,56,,1508870,23,,,1,17,,1508888,23,,,1,19,,1508871,23,,,1,61,,1508872,23,,,1,29,,1508873,23,,,1,69,,1508874,23,,,1,30,,1508875,23,,,1,69,,1508876,23,,,1,30,,1508877,23,,,1,68,,1508878,23,,,1,30,,1508879,23,,,1,100,,1508880,23,,,1,99,,1508881,23,,,1,100,,1508883,23,,,1
100,'20261007',642,,1508921,23,,,1,77,,1508890,23,,,1,22,,1508923,23,,,1,18,,1508891,23,,,1,57,,1508892,23,,,1,31,,1508893,23,,,1,69,,1508894,23,,,1,30,,1508895,23,,,1,71,,1508896,23,,,1,30,,1508897,23,,,1,70,,1508898,23,,,1,30,,1508899,23,,,1,70,,1508900,23,,,1,30,,1508901,23,,,1,70,,1508902,23,,,1,30,,1508903,23,,,1,70,,1508904,23,,,1,30,,1508905,23,,,1,60,,1508906,23,,,1,21,,1508924,23,,,1,21,,1508907,23,,,1,58,,1508925,23,,,1,18,,1508928,23,,,1,16,,1508908,23,,,1,15,,1508926,23,,,1,56,,1508909,23,,,1,17,,1508927,23,,,1,19,,1508910,23,,,1,61,,1508911,23,,,1,29,,1508912,23,,,1,69,,1508913,23,,,1,30,,1508914,23,,,1,69,,1508915,23,,,1,30,,1508916,23,,,1,68,,1508917,23,,,1,30,,1508918,23,,,1,100,,1508919,23,,,1,99,,1508920,23,,,1,100,,1508922,23,,,1
100,'20261008',642,,1508960,23,,,1,77,,1508929,23,,,1,22,,1508962,23,,,1,18,,1508930,23,,,1,57,,1508931,23,,,1,31,,1508932,23,,,1,69,,1508933,23,,,1,30,,1508934,23,,,1,71,,1508935,23,,,1,30,,1508936,23,,,1,70,,1508937,23,,,1,30,,1508938,23,,,1,70,,1508939,23,,,1,30,,1508940,23,,,1,70,,1508941,23,,,1,30,,1508942,23,,,1,70,,1508943,23,,,1,30,,1508944,23,,,1,60,,1508945,23,,,1,21,,1508963,23,,,1,21,,1508946,23,,,1,58,,1508964,23,,,1,18,,1508967,23,,,1,16,,1508947,23,,,1,15,,1508965,23,,,1,56,,1508948,23,,,1,17,,1508966,23,,,1,19,,1508949,23,,,1,61,,1508950,23,,,1,29,,1508951,23,,,1,69,,1508952,23,,,1,30,,1508953,23,,,1,69,,1508954,23,,,1,30,,1508955,23,,,1,68,,1508956,23,,,1,30,,1508957,23,,,1,100,,1508958,23,,,1,99,,1508959,23,,,1,100,,1508961,23,,,1
100,'20261009',642,,1508999,23,,,1,77,,1508968,23,,,1,22,,1509001,23,,,1,18,,1508969,23,,,1,57,,1508970,23,,,1,31,,1508971,23,,,1,69,,1508972,23,,,1,30,,1508973,23,,,1,71,,1508974,23,,,1,30,,1508975,23,,,1,70,,1508976,23,,,1,30,,1508977,23,,,1,70,,1508978,23,,,1,30,,1508979,23,,,1,70,,1508980,23,,,1,30,,1508981,23,,,1,70,,1508982,23,,,1,30,,1508983,23,,,1,60,,1508984,23,,,1,21,,1509002,23,,,1,21,,1508985,23,,,1,58,,1509003,23,,,1,18,,1509006,23,,,1,16,,1508986,23,,,1,15,,1509004,23,,,1,56,,1508987,23,,,1,17,,1509005,23,,,1,19,,1508988,23,,,1,61,,1508989,23,,,1,29,,1508990,23,,,1,69,,1508991,23,,,1,30,,1508992,23,,,1,69,,1508993,23,,,1,30,,1508994,23,,,1,68,,1508995,23,,,1,30,,1508996,23,,,1,100,,1508997,23,,,1,99,,1508998,23,,,1,100,,1509000,23,,,1
100,'20261010',635,,1540561,23,,,1,100,,1540562,23,,,1,102,,1540563,23,,,1,102,,1540564,23,,,1,102,,1540565,23,,,1,100,,1540566,23,,,1,100,,1540567,23,,,1,70,,1540568,23,,,1,30,,1540569,23,,,1,71,,1540570,23,,,1,31,,1540571,23,,,1,70,,1540572,23,,,1,30,,1540573,23,,,1,70,,1540574,23,,,1,27,,1540575,23,,,1,73,,1540576,23,,,1,28,,1540577,23,,,1,70,,1540578,23,,,1,29,,1540579,23,,,1,100,,1540580,23,,,1,99,,1540581,23,,,1,98,,1540582,23,,,1,99,,1540583,23,,,1,99,,1540560,23,,,1,100,,1540584,23,,,1
100,'20261011',635,,1540585,23,,,1,100,,1540586,23,,,1,102,,1540587,23,,,1,102,,1540588,23,,,1,102,,1540589,23,,,1,100,,1540590,23,,,1,100,,1540591,23,,,1,70,,1540592,23,,,1,30,,1540593,23,,,1,71,,1540594,23,,,1,31,,1540595,23,,,1,70,,1540596,23,,,1,30,,1540597,23,,,1,70,,1540598,23,,,1,27,,1540599,23,,,1,73,,1540600,23,,,1,28,,1540601,23,,,1,70,,1540602,23,,,1,29,,1540603,23,,,1,100,,1540604,23,,,1,99,,1540605,23,,,1,98,,1540606,23,,,1,99,,1540607,23,,,1,99,,1540608,23,,,1,100,,1540609,23,,,1
100,'20261012',635,,1540610,23,,,1,100,,1540611,23,,,1,102,,1540612,23,,,1,102,,1540613,23,,,1,102,,1540614,23,,,1,100,,1540615,23,,,1,100,,1540616,23,,,1,70,,1540617,23,,,1,30,,1540618,23,,,1,71,,1540619,23,,,1,31,,1540620,23,,,1,70,,1540621,23,,,1,30,,1540622,23,,,1,70,,1540623,23,,,1,27,,1540624,23,,,1,73,,1540625,23,,,1,28,,1540626,23,,,1,70,,1540627,23,,,1,29,,1540628,23,,,1,100,,1540629,23,,,1,99,,1540630,23,,,1,98,,1540631,23,,,1,99,,1540632,23,,,1,99,,1540633,23,,,1,100,,1540634,23,,,1
1901,'20260929',625,,1543753,14,,,0,30,,1543754,14,,,0,78,,1543755,14,,,0,68,,1543756,14,,,0,27,,1543757,14,,,0,28,,1543758,14,,,0,69,,1543759,14,,,0,100,,1543760,14,,,0,101,,1543761,14,,,0,100,,1543762,14,,,0,100,,1543763,14,,,0,99,,1543764,14,,,0,102,,1543765,14,,,0,31,,1543752,14,,,0,72,,1543766,14,,,0,72,,1543767,14,,,0,30,,1543768,14,,,0,26,,1543769,14,,,0,69,,1543770,14,,,0,98,,1543771,14,,,0,99,,1543772,14,,,0,100,,1543773,14,,,0,100,,1543774,14,,,0,99,,1543775,14,,,0,100,,1543776,14,,,0
1901,'20260930',625,,1543778,14,,,0,30,,1543779,14,,,0,78,,1543780,14,,,0,68,,1543781,14,,,0,27,,1543782,14,,,0,28,,1543783,14,,,0,69,,1543784,14,,,0,100,,1543785,14,,,0,101,,1543786,14,,,0,100,,1543787,14,,,0,100,,1543788,14,,,0,99,,1543789,14,,,0,102,,1543790,14,,,0,31,,1543777,14,,,0,72,,1543791,14,,,0,72,,1543792,14,,,0,30,,1543793,14,,,0,26,,1543794,14,,,0,69,,1543795,14,,,0,98,,1543796,14,,,0,99,,1543797,14,,,0,100,,1543798,14,,,0,100,,1543799,14,,,0,99,,1543800,14,,,0,100,,1543801,14,,,0
1901,'20261001',625,,1543803,14,,,0,30,,1543804,14,,,0,78,,1543805,14,,,0,68,,1543806,14,,,0,27,,1543807,14,,,0,28,,1543808,14,,,0,69,,1543809,14,,,0,100,,1543810,14,,,0,101,,1543811,14,,,0,100,,1543812,14,,,0,100,,1543813,14,,,0,99,,1543814,14,,,0,102,,1543815,14,,,0,31,,1543802,14,,,0,72,,1543816,14,,,0,72,,1543817,14,,,0,30,,1543818,14,,,0,26,,1543819,14,,,0,69,,1543820,14,,,0,98,,1543821,14,,,0,99,,1543822,14,,,0,100,,1543823,14,,,0,100,,1543824,14,,,0,99,,1543825,14,,,0,100,,1543826,14,,,0
1901,'20261002',625,,1466343,14,,,0,30,,1466344,14,,,0,78,,1466345,14,,,0,68,,1466346,14,,,0,27,,1466347,14,,,0,28,,1466348,14,,,0,69,,1466349,14,,,0,100,,1466350,14,,,0,101,,1466351,14,,,0,100,,1466352,14,,,0,100,,1466353,14,,,0,99,,1466354,14,,,0,102,,1466355,14,,,0,31,,1466356,14,,,0,72,,1466357,14,,,0,72,,1466358,14,,,0,30,,1466359,14,,,0,26,,1466360,14,,,0,69,,1466361,14,,,0,98,,1466362,14,,,0,99,,1466363,14,,,0,100,,1466364,14,,,0,100,,1466365,14,,,0,99,,1466366,14,,,0,100,,1466367,14,,,0
1901,'20261003',617,,1489353,14,,,0,100,,1489354,14,,,0,100,,1489355,14,,,0,101,,1489356,14,,,0,100,,1489357,14,,,0,102,,1489358,14,,,0,100,,1489359,14,,,0,100,,1489360,14,,,0,101,,1489361,14,,,0,100,,1489362,14,,,0,99,,1489363,14,,,0,100,,1489364,14,,,0,100,,1489365,14,,,0,99,,1489366,14,,,0,99,,1489367,14,,,0,100,,1489368,14,,,0,100,,1489369,14,,,0,99,,1489370,14,,,0,100,,1489371,14,,,0
1901,'20261004',617,,1489372,14,,,0,100,,1489373,14,,,0,100,,1489374,14,,,0,101,,1489375,14,,,0,100,,1489376,14,,,0,102,,1489377,14,,,0,100,,1489378,14,,,0,100,,1489379,14,,,0,101,,1489380,14,,,0,100,,1489381,14,,,0,99,,1489382,14,,,0,100,,1489383,14,,,0,100,,1489384,14,,,0,99,,1489385,14,,,0,99,,1489386,14,,,0,100,,1489387,14,,,0,100,,1489388,14,,,0,99,,1489389,14,,,0,100,,1489390,14,,,0
1901,'20261005',625,,1489391,14,,,0,30,,1489392,14,,,0,78,,1489393,14,,,0,68,,1489394,14,,,0,27,,1489395,14,,,0,28,,1489396,14,,,0,69,,1489397,14,,,0,100,,1489398,14,,,0,101,,1489399,14,,,0,100,,1489400,14,,,0,100,,1489401,14,,,0,99,,1489402,14,,,0,102,,1489403,14,,,0,31,,1489404,14,,,0,72,,1489405,14,,,0,72,,1489406,14,,,0,30,,1489407,14,,,0,26,,1489408,14,,,0,69,,1489409,14,,,0,98,,1489410,14,,,0,99,,1489411,14,,,0,100,,1489412,14,,,0,100,,1489413,14,,,0,99,,1489414,14,,,0,100,,1489415,14,,,0
1901,'20261006',625,,1513736,14,,,0,30,,1513737,14,,,0,78,,1513738,14,,,0,68,,1513739,14,,,0,27,,1513740,14,,,0,28,,1513741,14,,,0,69,,1513742,14,,,0,100,,1513743,14,,,0,101,,1513744,14,,,0,100,,1513745,14,,,0,100,,1513746,14,,,0,99,,1513747,14,,,0,102,,1513748,14,,,0,31,,1513749,14,,,0,72,,1513750,14,,,0,72,,1513751,14,,,0,30,,1513752,14,,,0,26,,1513753,14,,,0,69,,1513754,14,,,0,98,,1513755,14,,,0,99,,1513756,14,,,0,100,,1513757,14,,,0,100,,1513758,14,,,0,99,,1513759,14,,,0,100,,1513760,14,,,0
1901,'20261007',625,,1513761,14,,,0,30,,1513762,14,,,0,78,,1513763,14,,,0,68,,1513764,14,,,0,27,,1513765,14,,,0,28,,1513766,14,,,0,69,,1513767,14,,,0,100,,1513768,14,,,0,101,,1513769,14,,,0,100,,1513770,14,,,0,100,,1513771,14,,,0,99,,1513772,14,,,0,102,,1513773,14,,,0,31,,1513774,14,,,0,72,,1513775,14,,,0,72,,1513776,14,,,0,30,,1513777,14,,,0,26,,1513778,14,,,0,69,,1513779,14,,,0,98,,1513780,14,,,0,99,,1513781,14,,,0,100,,1513782,14,,,0,100,,1513783,14,,,0,99,,1513784,14,,,0,100,,1513785,14,,,0
1901,'20261008',625,,1513786,14,,,0,30,,1513787,14,,,0,78,,1513788,14,,,0,68,,1513789,14,,,0,27,,1513790,14,,,0,28,,1513791,14,,,0,69,,1513792,14,,,0,100,,1513793,14,,,0,101,,1513794,14,,,0,100,,1513795,14,,,0,100,,1513796,14,,,0,99,,1513797,14,,,0,102,,1513798,14,,,0,31,,1513799,14,,,0,72,,1513800,14,,,0,72,,1513801,14,,,0,30,,1513802,14,,,0,26,,1513803,14,,,0,69,,1513804,14,,,0,98,,1513805,14,,,0,99,,1513806,14,,,0,100,,1513807,14,,,0,100,,1513808,14,,,0,99,,1513809,14,,,0,100,,1513810,14,,,0
1901,'20261009',625,,1513811,14,,,0,30,,1513812,14,,,0,78,,1513813,14,,,0,68,,1513814,14,,,0,27,,1513815,14,,,0,28,,1513816,14,,,0,69,,1513817,14,,,0,100,,1513818,14,,,0,101,,1513819,14,,,0,100,,1513820,14,,,0,100,,1513821,14,,,0,99,,1513822,14,,,0,102,,1513823,14,,,0,31,,1513824,14,,,0,72,,1513825,14,,,0,72,,1513826,14,,,0,30,,1513827,14,,,0,26,,1513828,14,,,0,69,,1513829,14,,,0,98,,1513830,14,,,0,99,,1513831,14,,,0,100,,1513832,14,,,0,100,,1513833,14,,,0,99,,1513834,14,,,0,100,,1513835,14,,,0
1901,'20261010',617,,1543827,14,,,0,100,,1543828,14,,,0,100,,1543829,14,,,0,101,,1543830,14,,,0,100,,1543831,14,,,0,102,,1543832,14,,,0,100,,1543833,14,,,0,100,,1543834,14,,,0,101,,1543835,14,,,0,100,,1543836,14,,,0,99,,1543837,14,,,0,100,,1543838,14,,,0,100,,1543839,14,,,0,99,,1543840,14,,,0,99,,1543841,14,,,0,100,,1543842,14,,,0,100,,1543843,14,,,0,99,,1543844,14,,,0,100,,1543845,14,,,0
1901,'20261011',617,,1543846,14,,,0,100,,1543847,14,,,0,100,,1543848,14,,,0,101,,1543849,14,,,0,100,,1543850,14,,,0,102,,1543851,14,,,0,100,,1543852,14,,,0,100,,1543853,14,,,0,101,,1543854,14,,,0,100,,1543855,14,,,0,99,,1543856,14,,,0,100,,1543857,14,,,0,100,,1543858,14,,,0,99,,1543859,14,,,0,99,,1543860,14,,,0,100,,1543861,14,,,0,100,,1543862,14,,,0,99,,1543863,14,,,0,100,,1543864,14,,,0
1901,'20261012',617,,1543865,14,,,0,100,,1543866,14,,,0,100,,1543867,14,,,0,101,,1543868,14,,,0,100,,1543869,14,,,0,102,,1543870,14,,,0,100,,1543871,14,,,0,100,,1543872,14,,,0,101,,1543873,14,,,0,100,,1543874,14,,,0,99,,1543875,14,,,0,100,,1543876,14,,,0,100,,1543877,14,,,0,99,,1543878,14,,,0,99,,1543879,14,,,0,100,,1543880,14,,,0,100,,1543881,14,,,0,99,,1543882,14,,,0,100,,1543883,14,,,0
