2903,'20261009',618,,1599632,41,,,0,30,,1599633,41,,,0,70,,1599634,41,,,0,29,,1599635,41,,,0,70,,1599636,41,,,0,30,,1599637,41,,,0
2903,'20261013',618,,1567915,41,,,0,30,,1567916,41,,,0,70,,1567913,41,,,0,29,,1567917,41,,,0,70,,1567918,41,,,0,30,,1567914,41,,,0
2903,'20261014',618,,1567921,41,,,0,30,,1567922,41,,,0,70,,1567919,41,,,0,29,,1567923,41,,,0,70,,1567924,41,,,0,30,,1567920,41,,,0
2903,'20261015',618,,1567927,41,,,0,30,,1567928,41,,,0,70,,1567925,41,,,0,29,,1567929,41,,,0,70,,1567930,41,,,0,30,,1567926,41,,,0
2903,'20261016',618,,1567933,41,,,0,30,,1567934,41,,,0,70,,1567931,41,,,0,29,,1567935,41,,,0,70,,1567936,41,,,0,30,,1567932,41,,,0
2903,'20261019',618,,1599640,41,,,0,30,,1599641,41,,,0,70,,1599638,41,,,0,29,,1599642,41,,,0,70,,1599643,41,,,0,30,,1599639,41,,,0
2903,'20261020',618,,1599646,41,,,0,30,,1599647,41,,,0,70,,1599644,41,,,0,29,,1599648,41,,,0,70,,1599649,41,,,0,30,,1599645,41,,,0
2903,'20261021',618,,1629515,41,,,0,30,,1629516,41,,,0,70,,1629513,41,,,0,29,,1629517,41,,,0,70,,1629518,41,,,0,30,,1629514,41,,,0
2903,'20261022',618,,1629521,41,,,0,30,,1629522,41,,,0,70,,1629519,41,,,0,29,,1629523,41,,,0,70,,1629524,41,,,0,30,,1629520,41,,,0
2903,'20261023',618,,1629527,41,,,0,30,,1629528,41,,,0,70,,1629525,41,,,0,29,,1629529,41,,,0,70,,1629530,41,,,0,30,,1629526,41,,,0
8801,'20261009',710,,1609422,34,,,0,2,,1609423,34,,,0,31,,1609424,34,,,0,73,,1609425,34,,,0,26,,1609426,34,,,0,169,,1609427,34,,,0,532,,1609428,34,,,0,70,,1609429,34,,,0,100,,1609430,34,,,0,127,,1609431,34,,,0
8801,'20261013',712,,1577680,34,,,0,31,,1577681,34,,,0,73,,1577682,34,,,0,26,,1577683,34,,,0,169,,1577687,34,,,0,532,,1577684,34,,,0,70,,1577685,34,,,0,100,,1577686,34,,,0,127,,1577688,34,,,0
8801,'20261014',712,,1577689,34,,,0,31,,1577690,34,,,0,73,,1577691,34,,,0,26,,1577692,34,,,0,169,,1577696,34,,,0,532,,1577693,34,,,0,70,,1577694,34,,,0,100,,1577695,34,,,0,127,,1577697,34,,,0
8801,'20261015',712,,1577698,34,,,0,31,,1577699,34,,,0,73,,1577700,34,,,0,26,,1577701,34,,,0,169,,1577705,34,,,0,532,,1577702,34,,,0,70,,1577703,34,,,0,100,,1577704,34,,,0,127,,1577706,34,,,0
8801,'20261016',712,,1577707,34,,,0,31,,1577708,34,,,0,73,,1577709,34,,,0,26,,1577710,34,,,0,169,,1577714,34,,,0,532,,1577711,34,,,0,70,,1577712,34,,,0,100,,1577713,34,,,0,127,,1577715,34,,,0
8801,'20261019',712,,1609432,34,,,0,31,,1609433,34,,,0,73,,1609434,34,,,0,26,,1609435,34,,,0,169,,1609439,34,,,0,532,,1609436,34,,,0,70,,1609437,34,,,0,100,,1609438,34,,,0,127,,1609440,34,,,0
8801,'20261020',712,,1609441,34,,,0,31,,1609442,34,,,0,73,,1609443,34,,,0,26,,1609444,34,,,0,169,,1609448,34,,,0,532,,1609445,34,,,0,70,,1609446,34,,,0,100,,1609447,34,,,0,127,,1609449,34,,,0
8801,'20261021',712,,1636314,34,,,0,31,,1636315,34,,,0,73,,1636316,34,,,0,26,,1636317,34,,,0,169,,1636321,34,,,0,532,,1636318,34,,,0,70,,1636319,34,,,0,100,,1636320,34,,,0,127,,1636322,34,,,0
8801,'20261022',712,,1636323,34,,,0,31,,1636324,34,,,0,73,,1636325,34,,,0,26,,1636326,34,,,0,169,,1636330,34,,,0,532,,1636327,34,,,0,70,,1636328,34,,,0,100,,1636329,34,,,0,127,,1636331,34,,,0
8801,'20261023',712,,1636332,34,,,0,31,,1636333,34,,,0,73,,1636334,34,,,0,26,,1636335,34,,,0,169,,1636339,34,,,0,532,,1636336,34,,,0,70,,1636337,34,,,0,100,,1636338,34,,,0,127,,1636340,34,,,0
