3101,'20261009',627,,1599880,16,,,0,31,,1599881,16,,,0,83,,1599882,16,,,0,70,,1599883,16,,,0,30,,1599884,16,,,0,78,,1599885,16,,,0,96,,1599886,16,,,0,99,,1599887,16,,,0,100,,1599888,16,,,0,102,,1599889,16,,,0,99,,1599890,16,,,0,101,,1599891,16,,,0,100,,1599892,16,,,0,97,,1599893,16,,,0,19,,1599894,16,,,0,70,,1599895,16,,,0,28,,1599896,16,,,0,26,,1599897,16,,,0,69,,1599898,16,,,0,28,,1599899,16,,,0,77,,1599900,16,,,0,95,,1599901,16,,,0,99,,1599902,16,,,0,100,,1599903,16,,,0
3101,'20261010',603,,1629630,16,,,0,154,,1629631,16,,,0,202,,1629632,16,,,0,241,,1629633,16,,,0,200,,1629634,16,,,0,200,,1629635,16,,,0,200,,1629636,16,,,0,202,,1629637,16,,,0,202,,1629638,16,,,0,198,,1629639,16,,,0
3101,'20261011',603,,1629640,16,,,0,154,,1629641,16,,,0,202,,1629642,16,,,0,241,,1629643,16,,,0,200,,1629644,16,,,0,200,,1629645,16,,,0,200,,1629646,16,,,0,202,,1629647,16,,,0,202,,1629648,16,,,0,198,,1629649,16,,,0
3101,'20261012',603,,1629650,16,,,0,154,,1629651,16,,,0,202,,1629652,16,,,0,241,,1629653,16,,,0,200,,1629654,16,,,0,200,,1629655,16,,,0,200,,1629656,16,,,0,202,,1629657,16,,,0,202,,1629658,16,,,0,198,,1629659,16,,,0
3101,'20261013',627,,1568163,16,,,0,31,,1568164,16,,,0,83,,1568165,16,,,0,70,,1568166,16,,,0,30,,1568167,16,,,0,78,,1568168,16,,,0,96,,1568169,16,,,0,99,,1568170,16,,,0,100,,1568171,16,,,0,102,,1568172,16,,,0,99,,1568173,16,,,0,101,,1568174,16,,,0,100,,1568175,16,,,0,97,,1568183,16,,,0,19,,1568176,16,,,0,70,,1568185,16,,,0,28,,1568177,16,,,0,26,,1568184,16,,,0,69,,1568178,16,,,0,28,,1568186,16,,,0,77,,1568179,16,,,0,95,,1568180,16,,,0,99,,1568181,16,,,0,100,,1568182,16,,,0
3101,'20261014',627,,1568187,16,,,0,31,,1568188,16,,,0,83,,1568189,16,,,0,70,,1568190,16,,,0,30,,1568191,16,,,0,78,,1568192,16,,,0,96,,1568193,16,,,0,99,,1568194,16,,,0,100,,1568195,16,,,0,102,,1568196,16,,,0,99,,1568197,16,,,0,101,,1568198,16,,,0,100,,1568199,16,,,0,97,,1568207,16,,,0,19,,1568200,16,,,0,70,,1568209,16,,,0,28,,1568201,16,,,0,26,,1568208,16,,,0,69,,1568202,16,,,0,28,,1568210,16,,,0,77,,1568203,16,,,0,95,,1568204,16,,,0,99,,1568205,16,,,0,100,,1568206,16,,,0
3101,'20261015',627,,1568211,16,,,0,31,,1568212,16,,,0,83,,1568213,16,,,0,70,,1568214,16,,,0,30,,1568215,16,,,0,78,,1568216,16,,,0,96,,1568217,16,,,0,99,,1568218,16,,,0,100,,1568219,16,,,0,102,,1568220,16,,,0,99,,1568221,16,,,0,101,,1568222,16,,,0,100,,1568223,16,,,0,97,,1568231,16,,,0,19,,1568224,16,,,0,70,,1568233,16,,,0,28,,1568225,16,,,0,26,,1568232,16,,,0,69,,1568226,16,,,0,28,,1568234,16,,,0,77,,1568227,16,,,0,95,,1568228,16,,,0,99,,1568229,16,,,0,100,,1568230,16,,,0
3101,'20261016',627,,1568235,16,,,0,31,,1568236,16,,,0,83,,1568237,16,,,0,70,,1568238,16,,,0,30,,1568239,16,,,0,78,,1568240,16,,,0,96,,1568241,16,,,0,99,,1568242,16,,,0,100,,1568243,16,,,0,102,,1568244,16,,,0,99,,1568245,16,,,0,101,,1568246,16,,,0,100,,1568247,16,,,0,97,,1568255,16,,,0,19,,1568248,16,,,0,70,,1568257,16,,,0,28,,1568249,16,,,0,26,,1568256,16,,,0,69,,1568250,16,,,0,28,,1568258,16,,,0,77,,1568251,16,,,0,95,,1568252,16,,,0,99,,1568253,16,,,0,100,,1568254,16,,,0
3101,'20261017',603,,1599912,16,,,0,154,,1599904,16,,,0,202,,1599905,16,,,0,241,,1599906,16,,,0,200,,1599907,16,,,0,200,,1599908,16,,,0,200,,1599909,16,,,0,202,,1599910,16,,,0,202,,1599911,16,,,0,198,,1599913,16,,,0
3101,'20261018',603,,1599922,16,,,0,154,,1599914,16,,,0,202,,1599915,16,,,0,241,,1599916,16,,,0,200,,1599917,16,,,0,200,,1599918,16,,,0,200,,1599919,16,,,0,202,,1599920,16,,,0,202,,1599921,16,,,0,198,,1599923,16,,,0
3101,'20261019',627,,1599924,16,,,0,31,,1599925,16,,,0,83,,1599926,16,,,0,70,,1599927,16,,,0,30,,1599928,16,,,0,78,,1599929,16,,,0,96,,1599930,16,,,0,99,,1599931,16,,,0,100,,1599932,16,,,0,102,,1599933,16,,,0,99,,1599934,16,,,0,101,,1599935,16,,,0,100,,1599936,16,,,0,97,,1599944,16,,,0,19,,1599937,16,,,0,70,,1599946,16,,,0,28,,1599938,16,,,0,26,,1599945,16,,,0,69,,1599939,16,,,0,28,,1599947,16,,,0,77,,1599940,16,,,0,95,,1599941,16,,,0,99,,1599942,16,,,0,100,,1599943,16,,,0
3101,'20261020',627,,1599948,16,,,0,31,,1599949,16,,,0,83,,1599950,16,,,0,70,,1599951,16,,,0,30,,1599952,16,,,0,78,,1599953,16,,,0,96,,1599954,16,,,0,99,,1599955,16,,,0,100,,1599956,16,,,0,102,,1599957,16,,,0,99,,1599958,16,,,0,101,,1599959,16,,,0,100,,1599960,16,,,0,97,,1599968,16,,,0,19,,1599961,16,,,0,70,,1599970,16,,,0,28,,1599962,16,,,0,26,,1599969,16,,,0,69,,1599963,16,,,0,28,,1599971,16,,,0,77,,1599964,16,,,0,95,,1599965,16,,,0,99,,1599966,16,,,0,100,,1599967,16,,,0
3101,'20261021',627,,1629660,16,,,0,31,,1629661,16,,,0,83,,1629662,16,,,0,70,,1629663,16,,,0,30,,1629664,16,,,0,78,,1629665,16,,,0,96,,1629666,16,,,0,99,,1629667,16,,,0,100,,1629668,16,,,0,102,,1629669,16,,,0,99,,1629670,16,,,0,101,,1629671,16,,,0,100,,1629672,16,,,0,97,,1629680,16,,,0,19,,1629673,16,,,0,70,,1629682,16,,,0,28,,1629674,16,,,0,26,,1629681,16,,,0,69,,1629675,16,,,0,28,,1629683,16,,,0,77,,1629676,16,,,0,95,,1629677,16,,,0,99,,1629678,16,,,0,100,,1629679,16,,,0
3101,'20261022',627,,1629684,16,,,0,31,,1629685,16,,,0,83,,1629686,16,,,0,70,,1629687,16,,,0,30,,1629688,16,,,0,78,,1629689,16,,,0,96,,1629690,16,,,0,99,,1629691,16,,,0,100,,1629692,16,,,0,102,,1629693,16,,,0,99,,1629694,16,,,0,101,,1629695,16,,,0,100,,1629696,16,,,0,97,,1629704,16,,,0,19,,1629697,16,,,0,70,,1629706,16,,,0,28,,1629698,16,,,0,26,,1629705,16,,,0,69,,1629699,16,,,0,28,,1629707,16,,,0,77,,1629700,16,,,0,95,,1629701,16,,,0,99,,1629702,16,,,0,100,,1629703,16,,,0
3101,'20261023',627,,1629708,16,,,0,31,,1629709,16,,,0,83,,1629710,16,,,0,70,,1629711,16,,,0,30,,1629712,16,,,0,78,,1629713,16,,,0,96,,1629714,16,,,0,99,,1629715,16,,,0,100,,1629716,16,,,0,102,,1629717,16,,,0,99,,1629718,16,,,0,101,,1629719,16,,,0,100,,1629720,16,,,0,97,,1629728,16,,,0,19,,1629721,16,,,0,70,,1629730,16,,,0,28,,1629722,16,,,0,26,,1629729,16,,,0,69,,1629723,16,,,0,28,,1629731,16,,,0,77,,1629724,16,,,0,95,,1629725,16,,,0,99,,1629726,16,,,0,100,,1629727,16,,,0
3201,'20261009',556,,1600140,14,,,0,68,,1600141,14,,,0,31,,1600142,14,,,0,57,,1600143,14,,,0,100,,1600144,14,,,0,27,,1600145,14,,,0,68,,1600146,14,,,0,93,,1600147,14,,,0,155,,1600148,14,,,0,200,,1600149,14,,,0,267,,1600150,14,,,0,80,,1600151,14,,,0,20,,1600152,14,,,0,183,,1600153,14,,,0,195,,1600154,14,,,0,200,,1600155,14,,,0
3201,'20261010',702,,1629810,14,,,0,200,,1629811,14,,,0,200,,1629812,14,,,0,155,,1629813,14,,,0,200,,1629814,14,,,0,201,,1629815,14,,,0,244,,1629816,14,,,0,200,,1629817,14,,,0,200,,1629818,14,,,0
3201,'20261011',702,,1629819,14,,,0,200,,1629820,14,,,0,200,,1629821,14,,,0,155,,1629822,14,,,0,200,,1629823,14,,,0,201,,1629824,14,,,0,244,,1629825,14,,,0,200,,1629826,14,,,0,200,,1629827,14,,,0
3201,'20261012',702,,1629828,14,,,0,200,,1629829,14,,,0,200,,1629830,14,,,0,155,,1629831,14,,,0,200,,1629832,14,,,0,201,,1629833,14,,,0,244,,1629834,14,,,0,200,,1629835,14,,,0,200,,1629836,14,,,0
3201,'20261013',556,,1568429,14,,,0,68,,1568430,14,,,0,31,,1568431,14,,,0,57,,1568432,14,,,0,100,,1568433,14,,,0,27,,1568434,14,,,0,68,,1568435,14,,,0,93,,1568436,14,,,0,155,,1568437,14,,,0,200,,1568438,14,,,0,267,,1568444,14,,,0,80,,1568443,14,,,0,20,,1568439,14,,,0,183,,1568440,14,,,0,195,,1568441,14,,,0,200,,1568442,14,,,0
3201,'20261014',556,,1568445,14,,,0,68,,1568446,14,,,0,31,,1568447,14,,,0,57,,1568448,14,,,0,100,,1568449,14,,,0,27,,1568450,14,,,0,68,,1568451,14,,,0,93,,1568452,14,,,0,155,,1568453,14,,,0,200,,1568454,14,,,0,267,,1568460,14,,,0,80,,1568459,14,,,0,20,,1568455,14,,,0,183,,1568456,14,,,0,195,,1568457,14,,,0,200,,1568458,14,,,0
3201,'20261015',556,,1568461,14,,,0,68,,1568462,14,,,0,31,,1568463,14,,,0,57,,1568464,14,,,0,100,,1568465,14,,,0,27,,1568466,14,,,0,68,,1568467,14,,,0,93,,1568468,14,,,0,155,,1568469,14,,,0,200,,1568470,14,,,0,267,,1568476,14,,,0,80,,1568475,14,,,0,20,,1568471,14,,,0,183,,1568472,14,,,0,195,,1568473,14,,,0,200,,1568474,14,,,0
3201,'20261016',556,,1568477,14,,,0,68,,1568478,14,,,0,31,,1568479,14,,,0,57,,1568480,14,,,0,100,,1568481,14,,,0,27,,1568482,14,,,0,68,,1568483,14,,,0,93,,1568484,14,,,0,155,,1568485,14,,,0,200,,1568486,14,,,0,267,,1568492,14,,,0,80,,1568491,14,,,0,20,,1568487,14,,,0,183,,1568488,14,,,0,195,,1568489,14,,,0,200,,1568490,14,,,0
3201,'20261017',702,,1600156,14,,,0,200,,1600157,14,,,0,200,,1600158,14,,,0,155,,1600159,14,,,0,200,,1600160,14,,,0,201,,1600161,14,,,0,244,,1600162,14,,,0,200,,1600163,14,,,0,200,,1600164,14,,,0
3201,'20261018',702,,1600165,14,,,0,200,,1600166,14,,,0,200,,1600167,14,,,0,155,,1600168,14,,,0,200,,1600169,14,,,0,201,,1600170,14,,,0,244,,1600171,14,,,0,200,,1600172,14,,,0,200,,1600173,14,,,0
3201,'20261019',556,,1600174,14,,,0,68,,1600175,14,,,0,31,,1600176,14,,,0,57,,1600177,14,,,0,100,,1600178,14,,,0,27,,1600179,14,,,0,68,,1600180,14,,,0,93,,1600181,14,,,0,155,,1600182,14,,,0,200,,1600183,14,,,0,267,,1600189,14,,,0,80,,1600188,14,,,0,20,,1600184,14,,,0,183,,1600185,14,,,0,195,,1600186,14,,,0,200,,1600187,14,,,0
3201,'20261020',556,,1600190,14,,,0,68,,1600191,14,,,0,31,,1600192,14,,,0,57,,1600193,14,,,0,100,,1600194,14,,,0,27,,1600195,14,,,0,68,,1600196,14,,,0,93,,1600197,14,,,0,155,,1600198,14,,,0,200,,1600199,14,,,0,267,,1600205,14,,,0,80,,1600204,14,,,0,20,,1600200,14,,,0,183,,1600201,14,,,0,195,,1600202,14,,,0,200,,1600203,14,,,0
3201,'20261021',556,,1629837,14,,,0,68,,1629838,14,,,0,31,,1629839,14,,,0,57,,1629840,14,,,0,100,,1629841,14,,,0,27,,1629842,14,,,0,68,,1629843,14,,,0,93,,1629844,14,,,0,155,,1629845,14,,,0,200,,1629846,14,,,0,267,,1629852,14,,,0,80,,1629851,14,,,0,20,,1629847,14,,,0,183,,1629848,14,,,0,195,,1629849,14,,,0,200,,1629850,14,,,0
3201,'20261022',556,,1629853,14,,,0,68,,1629854,14,,,0,31,,1629855,14,,,0,57,,1629856,14,,,0,100,,1629857,14,,,0,27,,1629858,14,,,0,68,,1629859,14,,,0,93,,1629860,14,,,0,155,,1629861,14,,,0,200,,1629862,14,,,0,267,,1629868,14,,,0,80,,1629867,14,,,0,20,,1629863,14,,,0,183,,1629864,14,,,0,195,,1629865,14,,,0,200,,1629866,14,,,0
3201,'20261023',556,,1629869,14,,,0,68,,1629870,14,,,0,31,,1629871,14,,,0,57,,1629872,14,,,0,100,,1629873,14,,,0,27,,1629874,14,,,0,68,,1629875,14,,,0,93,,1629876,14,,,0,155,,1629877,14,,,0,200,,1629878,14,,,0,267,,1629884,14,,,0,80,,1629883,14,,,0,20,,1629879,14,,,0,183,,1629880,14,,,0,195,,1629881,14,,,0,200,,1629882,14,,,0
3401,'20261009',621,,1600368,22,,,0,34,,1600369,22,,,0,77,,1600370,22,,,0,78,,1600371,22,,,0,22,,1600372,22,,,0,215,,1600373,22,,,0,200,,1600374,22,,,0,200,,1600375,22,,,0,199,,1600376,22,,,0,68,,1600377,22,,,0,29,,1600378,22,,,0,70,,1600379,22,,,0,31,,1600380,22,,,0,115,,1600381,22,,,0,192,,1600382,22,,,0,200,,1600383,22,,,0
3401,'20261010',658,,1629960,22,,,0,242,,1629961,22,,,0,200,,1629962,22,,,0,200,,1629963,22,,,0,200,,1629964,22,,,0,200,,1629965,22,,,0,202,,1629966,22,,,0,201,,1629967,22,,,0,200,,1629968,22,,,0
3401,'20261011',658,,1629969,22,,,0,242,,1629970,22,,,0,200,,1629971,22,,,0,200,,1629972,22,,,0,200,,1629973,22,,,0,200,,1629974,22,,,0,202,,1629975,22,,,0,201,,1629976,22,,,0,200,,1629977,22,,,0
3401,'20261012',658,,1629978,22,,,0,242,,1629979,22,,,0,200,,1629980,22,,,0,200,,1629981,22,,,0,200,,1629982,22,,,0,200,,1629983,22,,,0,202,,1629984,22,,,0,201,,1629985,22,,,0,200,,1629986,22,,,0
3401,'20261013',621,,1568664,22,,,0,34,,1568657,22,,,0,77,,1568658,22,,,0,78,,1568659,22,,,0,22,,1568672,22,,,0,215,,1568665,22,,,0,200,,1568660,22,,,0,200,,1568666,22,,,0,199,,1568670,22,,,0,68,,1568663,22,,,0,29,,1568661,22,,,0,70,,1568662,22,,,0,31,,1568671,22,,,0,115,,1568667,22,,,0,192,,1568668,22,,,0,200,,1568669,22,,,0
3401,'20261014',621,,1568680,22,,,0,34,,1568673,22,,,0,77,,1568674,22,,,0,78,,1568675,22,,,0,22,,1568688,22,,,0,215,,1568681,22,,,0,200,,1568676,22,,,0,200,,1568682,22,,,0,199,,1568686,22,,,0,68,,1568679,22,,,0,29,,1568677,22,,,0,70,,1568678,22,,,0,31,,1568687,22,,,0,115,,1568683,22,,,0,192,,1568684,22,,,0,200,,1568685,22,,,0
3401,'20261015',621,,1568696,22,,,0,34,,1568689,22,,,0,77,,1568690,22,,,0,78,,1568691,22,,,0,22,,1568704,22,,,0,215,,1568697,22,,,0,200,,1568692,22,,,0,200,,1568698,22,,,0,199,,1568702,22,,,0,68,,1568695,22,,,0,29,,1568693,22,,,0,70,,1568694,22,,,0,31,,1568703,22,,,0,115,,1568699,22,,,0,192,,1568700,22,,,0,200,,1568701,22,,,0
3401,'20261016',621,,1568712,22,,,0,34,,1568705,22,,,0,77,,1568706,22,,,0,78,,1568707,22,,,0,22,,1568720,22,,,0,215,,1568713,22,,,0,200,,1568708,22,,,0,200,,1568714,22,,,0,199,,1568718,22,,,0,68,,1568711,22,,,0,29,,1568709,22,,,0,70,,1568710,22,,,0,31,,1568719,22,,,0,115,,1568715,22,,,0,192,,1568716,22,,,0,200,,1568717,22,,,0
3401,'20261017',658,,1600384,22,,,0,242,,1600387,22,,,0,200,,1600385,22,,,0,200,,1600389,22,,,0,200,,1600386,22,,,0,200,,1600390,22,,,0,202,,1600391,22,,,0,201,,1600392,22,,,0,200,,1600388,22,,,0
3401,'20261018',658,,1600393,22,,,0,242,,1600394,22,,,0,200,,1600395,22,,,0,200,,1600396,22,,,0,200,,1600397,22,,,0,200,,1600398,22,,,0,202,,1600399,22,,,0,201,,1600400,22,,,0,200,,1600401,22,,,0
3401,'20261019',621,,1600409,22,,,0,34,,1600402,22,,,0,77,,1600403,22,,,0,78,,1600404,22,,,0,22,,1600417,22,,,0,215,,1600410,22,,,0,200,,1600405,22,,,0,200,,1600411,22,,,0,199,,1600415,22,,,0,68,,1600408,22,,,0,29,,1600406,22,,,0,70,,1600407,22,,,0,31,,1600416,22,,,0,115,,1600412,22,,,0,192,,1600413,22,,,0,200,,1600414,22,,,0
3401,'20261020',621,,1600425,22,,,0,34,,1600418,22,,,0,77,,1600419,22,,,0,78,,1600420,22,,,0,22,,1600433,22,,,0,215,,1600426,22,,,0,200,,1600421,22,,,0,200,,1600427,22,,,0,199,,1600431,22,,,0,68,,1600424,22,,,0,29,,1600422,22,,,0,70,,1600423,22,,,0,31,,1600432,22,,,0,115,,1600428,22,,,0,192,,1600429,22,,,0,200,,1600430,22,,,0
3401,'20261021',621,,1629994,22,,,0,34,,1629987,22,,,0,77,,1629988,22,,,0,78,,1629989,22,,,0,22,,1630002,22,,,0,215,,1629995,22,,,0,200,,1629990,22,,,0,200,,1629996,22,,,0,199,,1630000,22,,,0,68,,1629993,22,,,0,29,,1629991,22,,,0,70,,1629992,22,,,0,31,,1630001,22,,,0,115,,1629997,22,,,0,192,,1629998,22,,,0,200,,1629999,22,,,0
3401,'20261022',621,,1630010,22,,,0,34,,1630003,22,,,0,77,,1630004,22,,,0,78,,1630005,22,,,0,22,,1630018,22,,,0,215,,1630011,22,,,0,200,,1630006,22,,,0,200,,1630012,22,,,0,199,,1630016,22,,,0,68,,1630009,22,,,0,29,,1630007,22,,,0,70,,1630008,22,,,0,31,,1630017,22,,,0,115,,1630013,22,,,0,192,,1630014,22,,,0,200,,1630015,22,,,0
3401,'20261023',621,,1630026,22,,,0,34,,1630019,22,,,0,77,,1630020,22,,,0,78,,1630021,22,,,0,22,,1630034,22,,,0,215,,1630027,22,,,0,200,,1630022,22,,,0,200,,1630028,22,,,0,199,,1630032,22,,,0,68,,1630025,22,,,0,29,,1630023,22,,,0,70,,1630024,22,,,0,31,,1630033,22,,,0,115,,1630029,22,,,0,192,,1630030,22,,,0,200,,1630031,22,,,0
