8000,'20261009',702,,1607414,66,,,0,31,,1607415,66,,,0,71,,1607416,66,,,0,30,,1607417,66,,,0,70,,1607418,66,,,0,29,,1607419,66,,,0,70,,1607420,66,,,0,30,,1607421,66,,,0,70,,1607422,66,,,0,30,,1607423,66,,,0,70,,1607424,66,,,0,30,,1607425,66,,,0,70,,1607426,66,,,0,30,,1607427,66,,,0,70,,1607428,66,,,0,30,,1607429,66,,,0,71,,1607430,66,,,0,30,,1607431,66,,,0,70,,1607432,66,,,0,32,,1607433,66,,,0,68,,1607434,66,,,0,29,,1607435,66,,,0,70,,1607436,66,,,0,30,,1607437,66,,,0,69,,1607438,66,,,0,30,,1607439,66,,,0,100,,1607441,66,,,0,100,,1607443,66,,,0,100,,1607445,66,,,0,100,,1607447,66,,,0,99,,1607449,66,,,0,70,,1607450,66,,,0
8000,'20261010',701,,1634844,66,,,0,30,,1634845,66,,,0,71,,1634846,66,,,0,30,,1634847,66,,,0,70,,1634848,66,,,0,30,,1634849,66,,,0,70,,1634850,66,,,0,30,,1634851,66,,,0,70,,1634852,66,,,0,30,,1634853,66,,,0,70,,1634854,66,,,0,30,,1634855,66,,,0,71,,1634856,66,,,0,30,,1634857,66,,,0,70,,1634858,66,,,0,30,,1634859,66,,,0,70,,1634860,66,,,0,30,,1634861,66,,,0,70,,1634862,66,,,0,30,,1634863,66,,,0,70,,1634864,66,,,0,30,,1634865,66,,,0,70,,1634866,66,,,0,29,,1634867,66,,,0,70,,1634868,66,,,0,30,,1634869,66,,,0,70,,1634870,66,,,0,100,,1634872,66,,,0,100,,1634874,66,,,0,99,,1634876,66,,,0,100,,1634878,66,,,0,100,,1634880,66,,,0
8000,'20261011',701,,1634881,66,,,0,30,,1634882,66,,,0,71,,1634883,66,,,0,30,,1634884,66,,,0,70,,1634885,66,,,0,30,,1634886,66,,,0,70,,1634887,66,,,0,30,,1634888,66,,,0,70,,1634889,66,,,0,30,,1634890,66,,,0,70,,1634891,66,,,0,30,,1634892,66,,,0,71,,1634893,66,,,0,30,,1634894,66,,,0,70,,1634895,66,,,0,30,,1634896,66,,,0,70,,1634897,66,,,0,30,,1634898,66,,,0,70,,1634899,66,,,0,30,,1634900,66,,,0,70,,1634901,66,,,0,30,,1634902,66,,,0,70,,1634903,66,,,0,29,,1634904,66,,,0,70,,1634905,66,,,0,30,,1634906,66,,,0,70,,1634907,66,,,0,100,,1634909,66,,,0,100,,1634911,66,,,0,99,,1634913,66,,,0,100,,1634915,66,,,0,100,,1634917,66,,,0
8000,'20261012',701,,1634918,66,,,0,30,,1634919,66,,,0,71,,1634920,66,,,0,30,,1634921,66,,,0,70,,1634922,66,,,0,30,,1634923,66,,,0,70,,1634924,66,,,0,30,,1634925,66,,,0,70,,1634926,66,,,0,30,,1634927,66,,,0,70,,1634928,66,,,0,30,,1634929,66,,,0,71,,1634930,66,,,0,30,,1634931,66,,,0,70,,1634932,66,,,0,30,,1634933,66,,,0,70,,1634934,66,,,0,30,,1634935,66,,,0,70,,1634936,66,,,0,30,,1634937,66,,,0,70,,1634938,66,,,0,30,,1634939,66,,,0,70,,1634940,66,,,0,29,,1634941,66,,,0,70,,1634942,66,,,0,30,,1634943,66,,,0,70,,1634944,66,,,0,100,,1634946,66,,,0,100,,1634948,66,,,0,99,,1634950,66,,,0,100,,1634952,66,,,0,100,,1634954,66,,,0
8000,'20261013',702,,1575721,66,,,0,31,,1575722,66,,,0,71,,1575723,66,,,0,30,,1575724,66,,,0,70,,1575725,66,,,0,29,,1575726,66,,,0,70,,1575727,66,,,0,30,,1575728,66,,,0,70,,1575729,66,,,0,30,,1575730,66,,,0,70,,1575731,66,,,0,30,,1575732,66,,,0,70,,1575733,66,,,0,30,,1575734,66,,,0,70,,1575735,66,,,0,30,,1575736,66,,,0,71,,1575737,66,,,0,30,,1575738,66,,,0,70,,1575739,66,,,0,32,,1575740,66,,,0,68,,1575741,66,,,0,29,,1575742,66,,,0,70,,1575743,66,,,0,30,,1575744,66,,,0,69,,1575745,66,,,0,30,,1575752,66,,,0,100,,1575753,66,,,0,100,,1575754,66,,,0,100,,1575755,66,,,0,100,,1575756,66,,,0,99,,1575757,66,,,0,70,,1575751,66,,,0
8000,'20261014',702,,1575759,66,,,0,31,,1575760,66,,,0,71,,1575761,66,,,0,30,,1575762,66,,,0,70,,1575763,66,,,0,29,,1575764,66,,,0,70,,1575765,66,,,0,30,,1575766,66,,,0,70,,1575767,66,,,0,30,,1575768,66,,,0,70,,1575769,66,,,0,30,,1575770,66,,,0,70,,1575771,66,,,0,30,,1575772,66,,,0,70,,1575773,66,,,0,30,,1575774,66,,,0,71,,1575775,66,,,0,30,,1575776,66,,,0,70,,1575777,66,,,0,32,,1575778,66,,,0,68,,1575779,66,,,0,29,,1575780,66,,,0,70,,1575781,66,,,0,30,,1575782,66,,,0,69,,1575783,66,,,0,30,,1575790,66,,,0,100,,1575791,66,,,0,100,,1575792,66,,,0,100,,1575793,66,,,0,100,,1575794,66,,,0,99,,1575795,66,,,0,70,,1575789,66,,,0
8000,'20261015',702,,1575797,66,,,0,31,,1575798,66,,,0,71,,1575799,66,,,0,30,,1575800,66,,,0,70,,1575801,66,,,0,29,,1575802,66,,,0,70,,1575803,66,,,0,30,,1575804,66,,,0,70,,1575805,66,,,0,30,,1575806,66,,,0,70,,1575807,66,,,0,30,,1575808,66,,,0,70,,1575809,66,,,0,30,,1575810,66,,,0,70,,1575811,66,,,0,30,,1575812,66,,,0,71,,1575813,66,,,0,30,,1575814,66,,,0,70,,1575815,66,,,0,32,,1575816,66,,,0,68,,1575817,66,,,0,29,,1575818,66,,,0,70,,1575819,66,,,0,30,,1575820,66,,,0,69,,1575821,66,,,0,30,,1575828,66,,,0,100,,1575829,66,,,0,100,,1575830,66,,,0,100,,1575831,66,,,0,100,,1575832,66,,,0,99,,1575833,66,,,0,70,,1575827,66,,,0
8000,'20261016',702,,1575835,66,,,0,31,,1575836,66,,,0,71,,1575837,66,,,0,30,,1575838,66,,,0,70,,1575839,66,,,0,29,,1575840,66,,,0,70,,1575841,66,,,0,30,,1575842,66,,,0,70,,1575843,66,,,0,30,,1575844,66,,,0,70,,1575845,66,,,0,30,,1575846,66,,,0,70,,1575847,66,,,0,30,,1575848,66,,,0,70,,1575849,66,,,0,30,,1575850,66,,,0,71,,1575851,66,,,0,30,,1575852,66,,,0,70,,1575853,66,,,0,32,,1575854,66,,,0,68,,1575855,66,,,0,29,,1575856,66,,,0,70,,1575857,66,,,0,30,,1575858,66,,,0,69,,1575859,66,,,0,30,,1575866,66,,,0,100,,1575867,66,,,0,100,,1575868,66,,,0,100,,1575869,66,,,0,100,,1575870,66,,,0,99,,1575871,66,,,0,70,,1575865,66,,,0
8000,'20261017',701,,1607452,66,,,0,30,,1607470,66,,,0,71,,1607453,66,,,0,30,,1607471,66,,,0,70,,1607454,66,,,0,30,,1607472,66,,,0,70,,1607455,66,,,0,30,,1607473,66,,,0,70,,1607456,66,,,0,30,,1607474,66,,,0,70,,1607457,66,,,0,30,,1607475,66,,,0,71,,1607458,66,,,0,30,,1607476,66,,,0,70,,1607459,66,,,0,30,,1607477,66,,,0,70,,1607460,66,,,0,30,,1607478,66,,,0,70,,1607461,66,,,0,30,,1607479,66,,,0,70,,1607462,66,,,0,30,,1607480,66,,,0,70,,1607463,66,,,0,29,,1607481,66,,,0,70,,1607464,66,,,0,30,,1607482,66,,,0,70,,1607465,66,,,0,100,,1607466,66,,,0,100,,1607467,66,,,0,99,,1607468,66,,,0,100,,1607469,66,,,0,100,,1607487,66,,,0
8000,'20261018',701,,1607489,66,,,0,30,,1607507,66,,,0,71,,1607490,66,,,0,30,,1607508,66,,,0,70,,1607491,66,,,0,30,,1607509,66,,,0,70,,1607492,66,,,0,30,,1607510,66,,,0,70,,1607493,66,,,0,30,,1607511,66,,,0,70,,1607494,66,,,0,30,,1607512,66,,,0,71,,1607495,66,,,0,30,,1607513,66,,,0,70,,1607496,66,,,0,30,,1607515,66,,,0,70,,1607497,66,,,0,30,,1607516,66,,,0,70,,1607498,66,,,0,30,,1607517,66,,,0,70,,1607499,66,,,0,30,,1607514,66,,,0,70,,1607500,66,,,0,29,,1607518,66,,,0,70,,1607501,66,,,0,30,,1607519,66,,,0,70,,1607502,66,,,0,100,,1607503,66,,,0,100,,1607504,66,,,0,99,,1607505,66,,,0,100,,1607506,66,,,0,100,,1607525,66,,,0
8000,'20261019',702,,1607526,66,,,0,31,,1607527,66,,,0,71,,1607528,66,,,0,30,,1607529,66,,,0,70,,1607530,66,,,0,29,,1607531,66,,,0,70,,1607532,66,,,0,30,,1607533,66,,,0,70,,1607534,66,,,0,30,,1607535,66,,,0,70,,1607536,66,,,0,30,,1607537,66,,,0,70,,1607538,66,,,0,30,,1607539,66,,,0,70,,1607540,66,,,0,30,,1607541,66,,,0,71,,1607542,66,,,0,30,,1607543,66,,,0,70,,1607544,66,,,0,32,,1607545,66,,,0,68,,1607546,66,,,0,29,,1607547,66,,,0,70,,1607548,66,,,0,30,,1607549,66,,,0,69,,1607550,66,,,0,30,,1607557,66,,,0,100,,1607558,66,,,0,100,,1607559,66,,,0,100,,1607560,66,,,0,100,,1607561,66,,,0,99,,1607562,66,,,0,70,,1607556,66,,,0
8000,'20261020',702,,1607564,66,,,0,31,,1607565,66,,,0,71,,1607566,66,,,0,30,,1607567,66,,,0,70,,1607568,66,,,0,29,,1607569,66,,,0,70,,1607570,66,,,0,30,,1607571,66,,,0,70,,1607572,66,,,0,30,,1607573,66,,,0,70,,1607574,66,,,0,30,,1607575,66,,,0,70,,1607576,66,,,0,30,,1607577,66,,,0,70,,1607578,66,,,0,30,,1607579,66,,,0,71,,1607580,66,,,0,30,,1607581,66,,,0,70,,1607582,66,,,0,32,,1607583,66,,,0,68,,1607584,66,,,0,29,,1607585,66,,,0,70,,1607586,66,,,0,30,,1607587,66,,,0,69,,1607588,66,,,0,30,,1607595,66,,,0,100,,1607596,66,,,0,100,,1607597,66,,,0,100,,1607598,66,,,0,100,,1607599,66,,,0,99,,1607600,66,,,0,70,,1607594,66,,,0
8000,'20261021',702,,1634955,66,,,0,31,,1634956,66,,,0,71,,1634957,66,,,0,30,,1634958,66,,,0,70,,1634959,66,,,0,29,,1634960,66,,,0,70,,1634961,66,,,0,30,,1634962,66,,,0,70,,1634963,66,,,0,30,,1634964,66,,,0,70,,1634965,66,,,0,30,,1634966,66,,,0,70,,1634967,66,,,0,30,,1634968,66,,,0,70,,1634969,66,,,0,30,,1634970,66,,,0,71,,1634971,66,,,0,30,,1634972,66,,,0,70,,1634973,66,,,0,32,,1634974,66,,,0,68,,1634975,66,,,0,29,,1634976,66,,,0,70,,1634977,66,,,0,30,,1634978,66,,,0,69,,1634979,66,,,0,30,,1634986,66,,,0,100,,1634987,66,,,0,100,,1634988,66,,,0,100,,1634989,66,,,0,100,,1634990,66,,,0,99,,1634991,66,,,0,70,,1634985,66,,,0
8000,'20261022',702,,1634993,66,,,0,31,,1634994,66,,,0,71,,1634995,66,,,0,30,,1634996,66,,,0,70,,1634997,66,,,0,29,,1634998,66,,,0,70,,1634999,66,,,0,30,,1635000,66,,,0,70,,1635001,66,,,0,30,,1635002,66,,,0,70,,1635003,66,,,0,30,,1635004,66,,,0,70,,1635005,66,,,0,30,,1635006,66,,,0,70,,1635007,66,,,0,30,,1635008,66,,,0,71,,1635009,66,,,0,30,,1635010,66,,,0,70,,1635011,66,,,0,32,,1635012,66,,,0,68,,1635013,66,,,0,29,,1635014,66,,,0,70,,1635015,66,,,0,30,,1635016,66,,,0,69,,1635017,66,,,0,30,,1635024,66,,,0,100,,1635025,66,,,0,100,,1635026,66,,,0,100,,1635027,66,,,0,100,,1635028,66,,,0,99,,1635029,66,,,0,70,,1635023,66,,,0
8000,'20261023',702,,1635031,66,,,0,31,,1635032,66,,,0,71,,1635033,66,,,0,30,,1635034,66,,,0,70,,1635035,66,,,0,29,,1635036,66,,,0,70,,1635037,66,,,0,30,,1635038,66,,,0,70,,1635039,66,,,0,30,,1635040,66,,,0,70,,1635041,66,,,0,30,,1635042,66,,,0,70,,1635043,66,,,0,30,,1635044,66,,,0,70,,1635045,66,,,0,30,,1635046,66,,,0,71,,1635047,66,,,0,30,,1635048,66,,,0,70,,1635049,66,,,0,32,,1635050,66,,,0,68,,1635051,66,,,0,29,,1635052,66,,,0,70,,1635053,66,,,0,30,,1635054,66,,,0,69,,1635055,66,,,0,30,,1635062,66,,,0,100,,1635063,66,,,0,100,,1635064,66,,,0,100,,1635065,66,,,0,100,,1635066,66,,,0,99,,1635067,66,,,0,70,,1635061,66,,,0
28000,'20261009',1610,,1612482,27,4,,0,37,,1612483,27,4,,0,9,,1612484,27,4,,0,58,,1612485,27,4,,0,37,,1612486,27,4,,0,67,,1612487,27,4,,0
28000,'20261013',1610,,1580734,27,4,,0,37,,1580733,27,4,,0,9,,1580729,27,4,,0,58,,1580730,27,4,,0,37,,1580731,27,4,,0,67,,1580732,27,4,,0
28000,'20261014',1610,,1580740,27,4,,0,37,,1580739,27,4,,0,9,,1580735,27,4,,0,58,,1580736,27,4,,0,37,,1580737,27,4,,0,67,,1580738,27,4,,0
28000,'20261015',1610,,1580746,27,4,,0,37,,1580745,27,4,,0,9,,1580741,27,4,,0,58,,1580742,27,4,,0,37,,1580743,27,4,,0,67,,1580744,27,4,,0
28000,'20261016',1610,,1580752,27,4,,0,37,,1580751,27,4,,0,9,,1580747,27,4,,0,58,,1580748,27,4,,0,37,,1580749,27,4,,0,67,,1580750,27,4,,0
28000,'20261019',1610,,1612493,27,4,,0,37,,1612492,27,4,,0,9,,1612488,27,4,,0,58,,1612489,27,4,,0,37,,1612490,27,4,,0,67,,1612491,27,4,,0
28000,'20261020',1610,,1612499,27,4,,0,37,,1612498,27,4,,0,9,,1612494,27,4,,0,58,,1612495,27,4,,0,37,,1612496,27,4,,0,67,,1612497,27,4,,0
28000,'20261021',1610,,1638221,27,4,,0,37,,1638220,27,4,,0,9,,1638216,27,4,,0,58,,1638217,27,4,,0,37,,1638218,27,4,,0,67,,1638219,27,4,,0
28000,'20261022',1610,,1638227,27,4,,0,37,,1638226,27,4,,0,9,,1638222,27,4,,0,58,,1638223,27,4,,0,37,,1638224,27,4,,0,67,,1638225,27,4,,0
28000,'20261023',1610,,1638233,27,4,,0,37,,1638232,27,4,,0,9,,1638228,27,4,,0,58,,1638229,27,4,,0,37,,1638230,27,4,,0,67,,1638231,27,4,,0
38000,'20261009',1237,,1613654,42,4,,0,411,,1613655,42,4,,0,107,,1613656,42,4,,0,102,,1613657,42,4,,0
38000,'20261013',1237,,1581892,42,4,,0,411,,1581889,42,4,,0,107,,1581890,42,4,,0,102,,1581891,42,4,,0
38000,'20261014',1237,,1581896,42,4,,0,411,,1581893,42,4,,0,107,,1581894,42,4,,0,102,,1581895,42,4,,0
38000,'20261015',1237,,1581900,42,4,,0,411,,1581897,42,4,,0,107,,1581898,42,4,,0,102,,1581899,42,4,,0
38000,'20261016',1237,,1581904,42,4,,0,411,,1581901,42,4,,0,107,,1581902,42,4,,0,102,,1581903,42,4,,0
38000,'20261019',1237,,1613661,42,4,,0,411,,1613658,42,4,,0,107,,1613659,42,4,,0,102,,1613660,42,4,,0
38000,'20261020',1237,,1613665,42,4,,0,411,,1613662,42,4,,0,107,,1613663,42,4,,0,102,,1613664,42,4,,0
38000,'20261021',1237,,1638798,42,4,,0,411,,1638795,42,4,,0,107,,1638796,42,4,,0,102,,1638797,42,4,,0
38000,'20261022',1237,,1638802,42,4,,0,411,,1638799,42,4,,0,107,,1638800,42,4,,0,102,,1638801,42,4,,0
38000,'20261023',1237,,1638806,42,4,,0,411,,1638803,42,4,,0,107,,1638804,42,4,,0,102,,1638805,42,4,,0
58000,'20261009',1621,,1614394,40,4,,0,81,,1614395,40,4,,0,20,,1614396,40,4,,0,35,,1614397,40,4,,0
58000,'20261013',1621,,1582634,40,4,,0,81,,1582633,40,4,,0,20,,1582632,40,4,,0,35,,1582635,40,4,,0
58000,'20261014',1621,,1582638,40,4,,0,81,,1582637,40,4,,0,20,,1582636,40,4,,0,35,,1582639,40,4,,0
58000,'20261015',1621,,1582642,40,4,,0,81,,1582641,40,4,,0,20,,1582640,40,4,,0,35,,1582643,40,4,,0
58000,'20261016',1621,,1582646,40,4,,0,81,,1582645,40,4,,0,20,,1582644,40,4,,0,35,,1582647,40,4,,0
58000,'20261019',1621,,1614400,40,4,,0,81,,1614399,40,4,,0,20,,1614398,40,4,,0,35,,1614401,40,4,,0
58000,'20261020',1621,,1614404,40,4,,0,81,,1614403,40,4,,0,20,,1614402,40,4,,0,35,,1614405,40,4,,0
58000,'20261021',1621,,1639171,40,4,,0,81,,1639170,40,4,,0,20,,1639169,40,4,,0,35,,1639172,40,4,,0
58000,'20261022',1621,,1639175,40,4,,0,81,,1639174,40,4,,0,20,,1639173,40,4,,0,35,,1639176,40,4,,0
58000,'20261023',1621,,1639179,40,4,,0,81,,1639178,40,4,,0,20,,1639177,40,4,,0,35,,1639180,40,4,,0
98000,'20261009',2610,,1625338,67,,,0
98000,'20261010',2610,,1646899,67,,,0
98000,'20261016',2610,,1593531,67,,,0
98000,'20261017',2610,,1625339,67,,,0
98000,'20261023',2610,,1646900,67,,,0
