300,'20261006',616,,1594284,31,,,0,98,,1594286,31,,,0,100,,1594288,31,,,0,102,,1594290,31,,,0,101,,1594292,31,,,0,99,,1594294,31,,,0,100,,1594296,31,,,0,100,,1594298,31,,,0,100,,1594300,31,,,0,100,,1594302,31,,,0,28,,1594303,31,,,0,67,,1594304,31,,,0,30,,1594306,31,,,0,72,,1594307,31,,,0,32,,1594309,31,,,0,70,,1594311,31,,,0,100,,1594313,31,,,0,101,,1594315,31,,,0,100,,1594317,31,,,0,102,,1594319,31,,,0,100,,1594321,31,,,0
300,'20261007',616,,1594326,31,,,0,98,,1594328,31,,,0,100,,1594330,31,,,0,102,,1594332,31,,,0,101,,1594334,31,,,0,99,,1594336,31,,,0,100,,1594338,31,,,0,100,,1594340,31,,,0,100,,1594342,31,,,0,100,,1594344,31,,,0,28,,1594345,31,,,0,67,,1594346,31,,,0,30,,1594348,31,,,0,72,,1594349,31,,,0,32,,1594351,31,,,0,70,,1594353,31,,,0,100,,1594355,31,,,0,101,,1594357,31,,,0,100,,1594359,31,,,0,102,,1594361,31,,,0,100,,1594363,31,,,0
300,'20261008',616,,1594368,31,,,0,98,,1594370,31,,,0,100,,1594372,31,,,0,102,,1594374,31,,,0,101,,1594376,31,,,0,99,,1594378,31,,,0,100,,1594380,31,,,0,100,,1594382,31,,,0,100,,1594384,31,,,0,100,,1594386,31,,,0,28,,1594387,31,,,0,67,,1594388,31,,,0,30,,1594390,31,,,0,72,,1594391,31,,,0,32,,1594393,31,,,0,70,,1594395,31,,,0,100,,1594397,31,,,0,101,,1594399,31,,,0,100,,1594401,31,,,0,102,,1594403,31,,,0,100,,1594405,31,,,0
300,'20261009',616,,1594410,31,,,0,98,,1594412,31,,,0,100,,1594414,31,,,0,102,,1594416,31,,,0,101,,1594418,31,,,0,99,,1594420,31,,,0,100,,1594422,31,,,0,100,,1594424,31,,,0,100,,1594426,31,,,0,100,,1594428,31,,,0,28,,1594429,31,,,0,67,,1594430,31,,,0,30,,1594432,31,,,0,72,,1594433,31,,,0,32,,1594435,31,,,0,70,,1594437,31,,,0,100,,1594439,31,,,0,101,,1594441,31,,,0,100,,1594443,31,,,0,102,,1594445,31,,,0,100,,1594447,31,,,0
300,'20261010',718,,1540962,31,,,0,99,,1540963,31,,,0,98,,1540964,31,,,0,100,,1540965,31,,,0,100,,1540966,31,,,0,100,,1540967,31,,,0,100,,1540968,31,,,0,100,,1540969,31,,,0,100,,1540970,31,,,0,100,,1540971,31,,,0,100,,1540972,31,,,0,100,,1540973,31,,,0,100,,1540974,31,,,0,100,,1540975,31,,,0,100,,1540976,31,,,0,102,,1540977,31,,,0,100,,1540978,31,,,0,101,,1540979,31,,,0
300,'20261011',718,,1540999,31,,,0,99,,1541000,31,,,0,98,,1541001,31,,,0,100,,1541002,31,,,0,100,,1541003,31,,,0,100,,1541004,31,,,0,100,,1541005,31,,,0,100,,1541006,31,,,0,100,,1541007,31,,,0,100,,1541008,31,,,0,100,,1541009,31,,,0,100,,1541010,31,,,0,100,,1541011,31,,,0,100,,1541012,31,,,0,100,,1541013,31,,,0,102,,1541014,31,,,0,100,,1541015,31,,,0,101,,1541016,31,,,0
300,'20261012',718,,1541036,31,,,0,99,,1541037,31,,,0,98,,1541038,31,,,0,100,,1541039,31,,,0,100,,1541040,31,,,0,100,,1541041,31,,,0,100,,1541042,31,,,0,100,,1541043,31,,,0,100,,1541044,31,,,0,100,,1541045,31,,,0,100,,1541046,31,,,0,100,,1541047,31,,,0,100,,1541048,31,,,0,100,,1541049,31,,,0,100,,1541050,31,,,0,102,,1541051,31,,,0,100,,1541052,31,,,0,101,,1541053,31,,,0
300,'20261013',616,,1562744,31,,,0,98,,1562745,31,,,0,100,,1562746,31,,,0,102,,1562747,31,,,0,101,,1562748,31,,,0,99,,1562749,31,,,0,100,,1562750,31,,,0,100,,1562751,31,,,0,100,,1562752,31,,,0,100,,1562753,31,,,0,28,,1562754,31,,,0,67,,1562755,31,,,0,30,,1562756,31,,,0,72,,1562757,31,,,0,32,,1562758,31,,,0,70,,1562759,31,,,0,100,,1562760,31,,,0,101,,1562761,31,,,0,100,,1562762,31,,,0,102,,1562763,31,,,0,100,,1562764,31,,,0
300,'20261014',616,,1562786,31,,,0,98,,1562787,31,,,0,100,,1562788,31,,,0,102,,1562789,31,,,0,101,,1562790,31,,,0,99,,1562791,31,,,0,100,,1562792,31,,,0,100,,1562793,31,,,0,100,,1562794,31,,,0,100,,1562795,31,,,0,28,,1562796,31,,,0,67,,1562797,31,,,0,30,,1562798,31,,,0,72,,1562799,31,,,0,32,,1562800,31,,,0,70,,1562801,31,,,0,100,,1562802,31,,,0,101,,1562803,31,,,0,100,,1562804,31,,,0,102,,1562805,31,,,0,100,,1562806,31,,,0
300,'20261015',616,,1562828,31,,,0,98,,1562829,31,,,0,100,,1562830,31,,,0,102,,1562831,31,,,0,101,,1562832,31,,,0,99,,1562833,31,,,0,100,,1562834,31,,,0,100,,1562835,31,,,0,100,,1562836,31,,,0,100,,1562837,31,,,0,28,,1562838,31,,,0,67,,1562839,31,,,0,30,,1562840,31,,,0,72,,1562841,31,,,0,32,,1562842,31,,,0,70,,1562843,31,,,0,100,,1562844,31,,,0,101,,1562845,31,,,0,100,,1562846,31,,,0,102,,1562847,31,,,0,100,,1562848,31,,,0
300,'20261016',616,,1562870,31,,,0,98,,1562871,31,,,0,100,,1562872,31,,,0,102,,1562873,31,,,0,101,,1562874,31,,,0,99,,1562875,31,,,0,100,,1562876,31,,,0,100,,1562877,31,,,0,100,,1562878,31,,,0,100,,1562879,31,,,0,28,,1562880,31,,,0,67,,1562881,31,,,0,30,,1562882,31,,,0,72,,1562883,31,,,0,32,,1562884,31,,,0,70,,1562885,31,,,0,100,,1562886,31,,,0,101,,1562887,31,,,0,100,,1562888,31,,,0,102,,1562889,31,,,0,100,,1562890,31,,,0
300,'20261017',718,,1594450,31,,,0,99,,1594451,31,,,0,98,,1594452,31,,,0,100,,1594453,31,,,0,100,,1594454,31,,,0,100,,1594455,31,,,0,100,,1594456,31,,,0,100,,1594457,31,,,0,100,,1594458,31,,,0,100,,1594459,31,,,0,100,,1594460,31,,,0,100,,1594461,31,,,0,100,,1594462,31,,,0,100,,1594463,31,,,0,100,,1594464,31,,,0,102,,1594465,31,,,0,100,,1594466,31,,,0,101,,1594467,31,,,0
300,'20261018',718,,1594487,31,,,0,99,,1594488,31,,,0,98,,1594489,31,,,0,100,,1594490,31,,,0,100,,1594491,31,,,0,100,,1594492,31,,,0,100,,1594493,31,,,0,100,,1594494,31,,,0,100,,1594495,31,,,0,100,,1594496,31,,,0,100,,1594497,31,,,0,100,,1594498,31,,,0,100,,1594499,31,,,0,100,,1594500,31,,,0,100,,1594501,31,,,0,102,,1594502,31,,,0,100,,1594503,31,,,0,101,,1594504,31,,,0
300,'20261019',616,,1594524,31,,,0,98,,1594525,31,,,0,100,,1594526,31,,,0,102,,1594527,31,,,0,101,,1594528,31,,,0,99,,1594529,31,,,0,100,,1594530,31,,,0,100,,1594531,31,,,0,100,,1594532,31,,,0,100,,1594533,31,,,0,28,,1594534,31,,,0,67,,1594535,31,,,0,30,,1594536,31,,,0,72,,1594537,31,,,0,32,,1594538,31,,,0,70,,1594539,31,,,0,100,,1594540,31,,,0,101,,1594541,31,,,0,100,,1594542,31,,,0,102,,1594543,31,,,0,100,,1594544,31,,,0
300,'20261020',616,,1594566,31,,,0,98,,1594567,31,,,0,100,,1594568,31,,,0,102,,1594569,31,,,0,101,,1594570,31,,,0,99,,1594571,31,,,0,100,,1594572,31,,,0,100,,1594573,31,,,0,100,,1594574,31,,,0,100,,1594575,31,,,0,28,,1594576,31,,,0,67,,1594577,31,,,0,30,,1594578,31,,,0,72,,1594579,31,,,0,32,,1594580,31,,,0,70,,1594581,31,,,0,100,,1594582,31,,,0,101,,1594583,31,,,0,100,,1594584,31,,,0,102,,1594585,31,,,0,100,,1594586,31,,,0
