27901,'20261009',627,,1612452,21,,,0,83,,1612453,21,,,0,34,,1612454,21,,,0,66,,1612455,21,,,0
27901,'20261013',627,,1580704,21,,,0,83,,1580702,21,,,0,34,,1580703,21,,,0,66,,1580701,21,,,0
27901,'20261014',627,,1580708,21,,,0,83,,1580706,21,,,0,34,,1580707,21,,,0,66,,1580705,21,,,0
27901,'20261015',627,,1580712,21,,,0,83,,1580710,21,,,0,34,,1580711,21,,,0,66,,1580709,21,,,0
27901,'20261016',627,,1580716,21,,,0,83,,1580714,21,,,0,34,,1580715,21,,,0,66,,1580713,21,,,0
27901,'20261019',627,,1612459,21,,,0,83,,1612457,21,,,0,34,,1612458,21,,,0,66,,1612456,21,,,0
27901,'20261020',627,,1612463,21,,,0,83,,1612461,21,,,0,34,,1612462,21,,,0,66,,1612460,21,,,0
27901,'20261021',627,,1638207,21,,,0,83,,1638205,21,,,0,34,,1638206,21,,,0,66,,1638204,21,,,0
27901,'20261022',627,,1638211,21,,,0,83,,1638209,21,,,0,34,,1638210,21,,,0,66,,1638208,21,,,0
27901,'20261023',627,,1638215,21,,,0,83,,1638213,21,,,0,34,,1638214,21,,,0,66,,1638212,21,,,0
