9203,'20261002',610,,1578267,29,,,0,103,,1578268,29,,,0,105,,1578269,29,,,0,96,,1578270,29,,,0,100,,1578271,29,,,0,100,,1578272,29,,,0,102,,1578273,29,,,0,100,,1578274,29,,,0,99,,1578275,29,,,0,98,,1578276,29,,,0,31,,1578277,29,,,0,71,,1578278,29,,,0,32,,1578279,29,,,0,68,,1578280,29,,,0,35,,1578281,29,,,0,70,,1578282,29,,,0,94,,1578283,29,,,0,99,,1578284,29,,,0,100,,1578285,29,,,0,100,,1578286,29,,,0,100,,1578287,29,,,0
9203,'20261003',730,,1578288,29,,,0,100,,1578289,29,,,0,100,,1578290,29,,,0,102,,1578291,29,,,0,97,,1578292,29,,,0,100,,1578293,29,,,0,101,,1578294,29,,,0,102,,1578295,29,,,0,101,,1578296,29,,,0,104,,1578297,29,,,0,99,,1578298,29,,,0,101,,1578299,29,,,0,93,,1578300,29,,,0,99,,1578301,29,,,0,100,,1578302,29,,,0,100,,1578303,29,,,0,100,,1578304,29,,,0
9203,'20261004',730,,1578305,29,,,0,100,,1578306,29,,,0,100,,1578307,29,,,0,102,,1578308,29,,,0,97,,1578309,29,,,0,100,,1578310,29,,,0,101,,1578311,29,,,0,102,,1578312,29,,,0,101,,1578313,29,,,0,104,,1578314,29,,,0,99,,1578315,29,,,0,101,,1578316,29,,,0,93,,1578317,29,,,0,99,,1578318,29,,,0,100,,1578319,29,,,0,100,,1578320,29,,,0,100,,1578321,29,,,0
9203,'20261005',610,,1578322,29,,,0,103,,1578323,29,,,0,105,,1578324,29,,,0,96,,1578325,29,,,0,100,,1578326,29,,,0,100,,1578327,29,,,0,102,,1578328,29,,,0,100,,1578329,29,,,0,99,,1578330,29,,,0,98,,1578331,29,,,0,31,,1578332,29,,,0,71,,1578333,29,,,0,32,,1578334,29,,,0,68,,1578335,29,,,0,35,,1578336,29,,,0,70,,1578337,29,,,0,94,,1578338,29,,,0,99,,1578339,29,,,0,100,,1578340,29,,,0,100,,1578341,29,,,0,100,,1578342,29,,,0
9203,'20261006',610,,1525089,29,,,0,103,,1525073,29,,,0,105,,1525074,29,,,0,96,,1525075,29,,,0,100,,1525076,29,,,0,100,,1525077,29,,,0,102,,1525078,29,,,0,100,,1525079,29,,,0,99,,1525082,29,,,0,98,,1525092,29,,,0,31,,1525084,29,,,0,71,,1525090,29,,,0,32,,1525085,29,,,0,68,,1525093,29,,,0,35,,1525091,29,,,0,70,,1525086,29,,,0,94,,1525083,29,,,0,99,,1525087,29,,,0,100,,1525080,29,,,0,100,,1525081,29,,,0,100,,1525088,29,,,0
9203,'20261007',610,,1525110,29,,,0,103,,1525094,29,,,0,105,,1525095,29,,,0,96,,1525096,29,,,0,100,,1525097,29,,,0,100,,1525098,29,,,0,102,,1525099,29,,,0,100,,1525100,29,,,0,99,,1525103,29,,,0,98,,1525113,29,,,0,31,,1525105,29,,,0,71,,1525111,29,,,0,32,,1525106,29,,,0,68,,1525114,29,,,0,35,,1525112,29,,,0,70,,1525107,29,,,0,94,,1525104,29,,,0,99,,1525108,29,,,0,100,,1525101,29,,,0,100,,1525102,29,,,0,100,,1525109,29,,,0
9203,'20261008',610,,1525131,29,,,0,103,,1525115,29,,,0,105,,1525116,29,,,0,96,,1525117,29,,,0,100,,1525118,29,,,0,100,,1525119,29,,,0,102,,1525120,29,,,0,100,,1525121,29,,,0,99,,1525124,29,,,0,98,,1525134,29,,,0,31,,1525126,29,,,0,71,,1525132,29,,,0,32,,1525127,29,,,0,68,,1525135,29,,,0,35,,1525133,29,,,0,70,,1525128,29,,,0,94,,1525125,29,,,0,99,,1525129,29,,,0,100,,1525122,29,,,0,100,,1525123,29,,,0,100,,1525130,29,,,0
9203,'20261009',610,,1525152,29,,,0,103,,1525136,29,,,0,105,,1525137,29,,,0,96,,1525138,29,,,0,100,,1525139,29,,,0,100,,1525140,29,,,0,102,,1525141,29,,,0,100,,1525142,29,,,0,99,,1525145,29,,,0,98,,1525155,29,,,0,31,,1525147,29,,,0,71,,1525153,29,,,0,32,,1525148,29,,,0,68,,1525156,29,,,0,35,,1525154,29,,,0,70,,1525149,29,,,0,94,,1525146,29,,,0,99,,1525150,29,,,0,100,,1525143,29,,,0,100,,1525144,29,,,0,100,,1525151,29,,,0
9203,'20261010',730,,1551718,29,,,0,100,,1551712,29,,,0,100,,1551702,29,,,0,102,,1551711,29,,,0,97,,1551713,29,,,0,100,,1551703,29,,,0,101,,1551704,29,,,0,102,,1551705,29,,,0,101,,1551706,29,,,0,104,,1551714,29,,,0,99,,1551707,29,,,0,101,,1551708,29,,,0,93,,1551709,29,,,0,99,,1551710,29,,,0,100,,1551715,29,,,0,100,,1551717,29,,,0,100,,1551716,29,,,0
9203,'20261011',730,,1551735,29,,,0,100,,1551730,29,,,0,100,,1551719,29,,,0,102,,1551729,29,,,0,97,,1551731,29,,,0,100,,1551720,29,,,0,101,,1551721,29,,,0,102,,1551732,29,,,0,101,,1551722,29,,,0,104,,1551723,29,,,0,99,,1551733,29,,,0,101,,1551724,29,,,0,93,,1551725,29,,,0,99,,1551726,29,,,0,100,,1551734,29,,,0,100,,1551727,29,,,0,100,,1551728,29,,,0
9203,'20261012',730,,1551752,29,,,0,100,,1551747,29,,,0,100,,1551736,29,,,0,102,,1551746,29,,,0,97,,1551748,29,,,0,100,,1551737,29,,,0,101,,1551738,29,,,0,102,,1551749,29,,,0,101,,1551739,29,,,0,104,,1551740,29,,,0,99,,1551750,29,,,0,101,,1551741,29,,,0,93,,1551742,29,,,0,99,,1551743,29,,,0,100,,1551751,29,,,0,100,,1551744,29,,,0,100,,1551745,29,,,0
9203,'20261013',610,,1578359,29,,,0,103,,1578343,29,,,0,105,,1578344,29,,,0,96,,1578345,29,,,0,100,,1578346,29,,,0,100,,1578347,29,,,0,102,,1578348,29,,,0,100,,1578349,29,,,0,99,,1578352,29,,,0,98,,1578362,29,,,0,31,,1578354,29,,,0,71,,1578360,29,,,0,32,,1578355,29,,,0,68,,1578363,29,,,0,35,,1578361,29,,,0,70,,1578356,29,,,0,94,,1578353,29,,,0,99,,1578357,29,,,0,100,,1578350,29,,,0,100,,1578351,29,,,0,100,,1578358,29,,,0
9203,'20261014',610,,1578380,29,,,0,103,,1578364,29,,,0,105,,1578365,29,,,0,96,,1578366,29,,,0,100,,1578367,29,,,0,100,,1578368,29,,,0,102,,1578369,29,,,0,100,,1578370,29,,,0,99,,1578373,29,,,0,98,,1578383,29,,,0,31,,1578375,29,,,0,71,,1578381,29,,,0,32,,1578376,29,,,0,68,,1578384,29,,,0,35,,1578382,29,,,0,70,,1578377,29,,,0,94,,1578374,29,,,0,99,,1578378,29,,,0,100,,1578371,29,,,0,100,,1578372,29,,,0,100,,1578379,29,,,0
9203,'20261015',610,,1578401,29,,,0,103,,1578385,29,,,0,105,,1578386,29,,,0,96,,1578387,29,,,0,100,,1578388,29,,,0,100,,1578389,29,,,0,102,,1578390,29,,,0,100,,1578391,29,,,0,99,,1578394,29,,,0,98,,1578404,29,,,0,31,,1578396,29,,,0,71,,1578402,29,,,0,32,,1578397,29,,,0,68,,1578405,29,,,0,35,,1578403,29,,,0,70,,1578398,29,,,0,94,,1578395,29,,,0,99,,1578399,29,,,0,100,,1578392,29,,,0,100,,1578393,29,,,0,100,,1578400,29,,,0
9203,'20261016',610,,1578422,29,,,0,103,,1578406,29,,,0,105,,1578407,29,,,0,96,,1578408,29,,,0,100,,1578409,29,,,0,100,,1578410,29,,,0,102,,1578411,29,,,0,100,,1578412,29,,,0,99,,1578415,29,,,0,98,,1578425,29,,,0,31,,1578417,29,,,0,71,,1578423,29,,,0,32,,1578418,29,,,0,68,,1578426,29,,,0,35,,1578424,29,,,0,70,,1578419,29,,,0,94,,1578416,29,,,0,99,,1578420,29,,,0,100,,1578413,29,,,0,100,,1578414,29,,,0,100,,1578421,29,,,0
99203,'20261002',2619,,1593544,62,,,0,130,,1593545,62,,,0
99203,'20261003',2619,,1593546,62,,,0,130,,1593547,62,,,0
99203,'20261009',2619,,1540261,62,,,0,130,,1540262,62,,,0
99203,'20261010',2619,,1561872,62,,,0,130,,1561873,62,,,0
99203,'20261016',2619,,1593548,62,,,0,130,,1593549,62,,,0
