8400,'20261002',822,,1576840,77,,,1,98,,1576841,77,,,1,100,,1576842,77,,,1,100,,1576843,77,,,1,100,,1576844,77,,,1,100,,1576845,77,,,1,100,,1576846,77,,,1,101,,1576847,77,,,1,107,,1576848,77,,,1,28,,1576838,44,,,1,69,,1576849,77,,,1,25,,1576839,44,,,1,69,,1576850,77,,,1,100,,1576851,77,,,1,98,,1576852,77,,,1,100,,1576853,77,,,1,100,,1576854,77,,,1,99,,1576855,77,,,1,100,,1576856,77,,,1
8400,'20261003',816,,1576857,77,,,1,100,,1576858,77,,,1,101,,1576859,77,,,1,100,,1576860,77,,,1,101,,1576861,77,,,1,100,,1576862,77,,,1,100,,1576863,77,,,1,100,,1576864,77,,,1,101,,1576865,77,,,1,100,,1576866,77,,,1,99,,1576867,77,,,1,99,,1576868,77,,,1,100,,1576869,77,,,1,99,,1576870,77,,,1,100,,1576871,77,,,1,100,,1576872,77,,,1,99,,1576873,77,,,1
8400,'20261004',816,,1576874,77,,,1,100,,1576875,77,,,1,101,,1576876,77,,,1,100,,1576877,77,,,1,101,,1576878,77,,,1,100,,1576879,77,,,1,100,,1576880,77,,,1,100,,1576881,77,,,1,101,,1576882,77,,,1,100,,1576883,77,,,1,99,,1576884,77,,,1,99,,1576885,77,,,1,100,,1576886,77,,,1,99,,1576887,77,,,1,100,,1576888,77,,,1,100,,1576889,77,,,1,99,,1576890,77,,,1
8400,'20261005',822,,1576893,77,,,1,98,,1576894,77,,,1,100,,1576895,77,,,1,100,,1576896,77,,,1,100,,1576897,77,,,1,100,,1576898,77,,,1,100,,1576899,77,,,1,101,,1576900,77,,,1,107,,1576901,77,,,1,28,,1576891,44,,,1,69,,1576902,77,,,1,25,,1576892,44,,,1,69,,1576903,77,,,1,100,,1576904,77,,,1,98,,1576905,77,,,1,100,,1576906,77,,,1,100,,1576907,77,,,1,99,,1576908,77,,,1,100,,1576909,77,,,1
8400,'20261006',822,,1523638,77,,,1,98,,1523639,77,,,1,100,,1523640,77,,,1,100,,1523641,77,,,1,100,,1523642,77,,,1,100,,1523643,77,,,1,100,,1523644,77,,,1,101,,1523645,77,,,1,107,,1523646,77,,,1,28,,1523655,44,,,1,69,,1523647,77,,,1,25,,1523656,44,,,1,69,,1523648,77,,,1,100,,1523649,77,,,1,98,,1523650,77,,,1,100,,1523651,77,,,1,100,,1523652,77,,,1,99,,1523653,77,,,1,100,,1523654,77,,,1
8400,'20261007',822,,1523657,77,,,1,98,,1523658,77,,,1,100,,1523659,77,,,1,100,,1523660,77,,,1,100,,1523661,77,,,1,100,,1523662,77,,,1,100,,1523663,77,,,1,101,,1523664,77,,,1,107,,1523665,77,,,1,28,,1523674,44,,,1,69,,1523666,77,,,1,25,,1523675,44,,,1,69,,1523667,77,,,1,100,,1523668,77,,,1,98,,1523669,77,,,1,100,,1523670,77,,,1,100,,1523671,77,,,1,99,,1523672,77,,,1,100,,1523673,77,,,1
8400,'20261008',822,,1523676,77,,,1,98,,1523677,77,,,1,100,,1523678,77,,,1,100,,1523679,77,,,1,100,,1523680,77,,,1,100,,1523681,77,,,1,100,,1523682,77,,,1,101,,1523683,77,,,1,107,,1523684,77,,,1,28,,1523693,44,,,1,69,,1523685,77,,,1,25,,1523694,44,,,1,69,,1523686,77,,,1,100,,1523687,77,,,1,98,,1523688,77,,,1,100,,1523689,77,,,1,100,,1523690,77,,,1,99,,1523691,77,,,1,100,,1523692,77,,,1
8400,'20261009',822,,1523695,77,,,1,98,,1523696,77,,,1,100,,1523697,77,,,1,100,,1523698,77,,,1,100,,1523699,77,,,1,100,,1523700,77,,,1,100,,1523701,77,,,1,101,,1523702,77,,,1,107,,1523703,77,,,1,28,,1523712,44,,,1,69,,1523704,77,,,1,25,,1523713,44,,,1,69,,1523705,77,,,1,100,,1523706,77,,,1,98,,1523707,77,,,1,100,,1523708,77,,,1,100,,1523709,77,,,1,99,,1523710,77,,,1,100,,1523711,77,,,1
8400,'20261010',816,,1550730,77,,,1,100,,1550745,77,,,1,101,,1550731,77,,,1,100,,1550746,77,,,1,101,,1550732,77,,,1,100,,1550734,77,,,1,100,,1550735,77,,,1,100,,1550736,77,,,1,101,,1550737,77,,,1,100,,1550738,77,,,1,99,,1550739,77,,,1,99,,1550740,77,,,1,100,,1550741,77,,,1,99,,1550742,77,,,1,100,,1550743,77,,,1,100,,1550744,77,,,1,99,,1550733,77,,,1
8400,'20261011',816,,1550747,77,,,1,100,,1550762,77,,,1,101,,1550748,77,,,1,100,,1550763,77,,,1,101,,1550749,77,,,1,100,,1550756,77,,,1,100,,1550750,77,,,1,100,,1550757,77,,,1,101,,1550751,77,,,1,100,,1550758,77,,,1,99,,1550752,77,,,1,99,,1550759,77,,,1,100,,1550753,77,,,1,99,,1550760,77,,,1,100,,1550754,77,,,1,100,,1550761,77,,,1,99,,1550755,77,,,1
8400,'20261012',816,,1550764,77,,,1,100,,1550779,77,,,1,101,,1550765,77,,,1,100,,1550780,77,,,1,101,,1550766,77,,,1,100,,1550773,77,,,1,100,,1550767,77,,,1,100,,1550774,77,,,1,101,,1550768,77,,,1,100,,1550775,77,,,1,99,,1550769,77,,,1,99,,1550776,77,,,1,100,,1550770,77,,,1,99,,1550777,77,,,1,100,,1550771,77,,,1,100,,1550778,77,,,1,99,,1550772,77,,,1
8400,'20261013',822,,1576910,77,,,1,98,,1576911,77,,,1,100,,1576912,77,,,1,100,,1576913,77,,,1,100,,1576914,77,,,1,100,,1576915,77,,,1,100,,1576916,77,,,1,101,,1576917,77,,,1,107,,1576918,77,,,1,28,,1576927,44,,,1,69,,1576919,77,,,1,25,,1576928,44,,,1,69,,1576920,77,,,1,100,,1576921,77,,,1,98,,1576922,77,,,1,100,,1576923,77,,,1,100,,1576924,77,,,1,99,,1576925,77,,,1,100,,1576926,77,,,1
8400,'20261014',822,,1576929,77,,,1,98,,1576930,77,,,1,100,,1576931,77,,,1,100,,1576932,77,,,1,100,,1576933,77,,,1,100,,1576934,77,,,1,100,,1576935,77,,,1,101,,1576936,77,,,1,107,,1576937,77,,,1,28,,1576946,44,,,1,69,,1576938,77,,,1,25,,1576947,44,,,1,69,,1576939,77,,,1,100,,1576940,77,,,1,98,,1576941,77,,,1,100,,1576942,77,,,1,100,,1576943,77,,,1,99,,1576944,77,,,1,100,,1576945,77,,,1
8400,'20261015',822,,1576948,77,,,1,98,,1576949,77,,,1,100,,1576950,77,,,1,100,,1576951,77,,,1,100,,1576952,77,,,1,100,,1576953,77,,,1,100,,1576954,77,,,1,101,,1576955,77,,,1,107,,1576956,77,,,1,28,,1576965,44,,,1,69,,1576957,77,,,1,25,,1576966,44,,,1,69,,1576958,77,,,1,100,,1576959,77,,,1,98,,1576960,77,,,1,100,,1576961,77,,,1,100,,1576962,77,,,1,99,,1576963,77,,,1,100,,1576964,77,,,1
8400,'20261016',822,,1576967,77,,,1,98,,1576968,77,,,1,100,,1576969,77,,,1,100,,1576970,77,,,1,100,,1576971,77,,,1,100,,1576972,77,,,1,100,,1576973,77,,,1,101,,1576974,77,,,1,107,,1576975,77,,,1,28,,1576984,44,,,1,69,,1576976,77,,,1,25,,1576985,44,,,1,69,,1576977,77,,,1,100,,1576978,77,,,1,98,,1576979,77,,,1,100,,1576980,77,,,1,100,,1576981,77,,,1,99,,1576982,77,,,1,100,,1576983,77,,,1
28400,'20261002',1653,,1580957,52,4,,0,67,,1580958,52,4,,0,27,,1580959,52,4,,0,62,,1580960,52,4,,0,33,,1580961,52,4,,0
28400,'20261005',1653,,1580962,52,4,,0,67,,1580963,52,4,,0,27,,1580964,52,4,,0,62,,1580965,52,4,,0,33,,1580966,52,4,,0
28400,'20261006',1653,,1527691,52,4,,0,67,,1527692,52,4,,0,27,,1527693,52,4,,0,62,,1527694,52,4,,0,33,,1527695,52,4,,0
28400,'20261007',1653,,1527696,52,4,,0,67,,1527697,52,4,,0,27,,1527698,52,4,,0,62,,1527699,52,4,,0,33,,1527700,52,4,,0
28400,'20261008',1653,,1527701,52,4,,0,67,,1527702,52,4,,0,27,,1527703,52,4,,0,62,,1527704,52,4,,0,33,,1527705,52,4,,0
28400,'20261009',1653,,1527706,52,4,,0,67,,1527707,52,4,,0,27,,1527708,52,4,,0,62,,1527709,52,4,,0,33,,1527710,52,4,,0
28400,'20261013',1653,,1580967,52,4,,0,67,,1580968,52,4,,0,27,,1580969,52,4,,0,62,,1580970,52,4,,0,33,,1580971,52,4,,0
28400,'20261014',1653,,1580972,52,4,,0,67,,1580973,52,4,,0,27,,1580974,52,4,,0,62,,1580975,52,4,,0,33,,1580976,52,4,,0
28400,'20261015',1653,,1580977,52,4,,0,67,,1580978,52,4,,0,27,,1580979,52,4,,0,62,,1580980,52,4,,0,33,,1580981,52,4,,0
28400,'20261016',1653,,1580982,52,4,,0,67,,1580983,52,4,,0,27,,1580984,52,4,,0,62,,1580985,52,4,,0,33,,1580986,52,4,,0
38400,'20261002',1631,,1582051,48,4,,0,74,,1582052,48,4,,0,54,,1582053,48,4,,0,150,,1582054,48,4,,0
38400,'20261005',1631,,1582055,48,4,,0,74,,1582056,48,4,,0,54,,1582057,48,4,,0,150,,1582058,48,4,,0
38400,'20261006',1631,,1528786,48,4,,0,74,,1528783,48,4,,0,54,,1528784,48,4,,0,150,,1528785,48,4,,0
38400,'20261007',1631,,1528790,48,4,,0,74,,1528787,48,4,,0,54,,1528788,48,4,,0,150,,1528789,48,4,,0
38400,'20261008',1631,,1528794,48,4,,0,74,,1528791,48,4,,0,54,,1528792,48,4,,0,150,,1528793,48,4,,0
38400,'20261009',1631,,1528798,48,4,,0,74,,1528795,48,4,,0,54,,1528796,48,4,,0,150,,1528797,48,4,,0
38400,'20261013',1631,,1582062,48,4,,0,74,,1582059,48,4,,0,54,,1582060,48,4,,0,150,,1582061,48,4,,0
38400,'20261014',1631,,1582066,48,4,,0,74,,1582063,48,4,,0,54,,1582064,48,4,,0,150,,1582065,48,4,,0
38400,'20261015',1631,,1582070,48,4,,0,74,,1582067,48,4,,0,54,,1582068,48,4,,0,150,,1582069,48,4,,0
38400,'20261016',1631,,1582074,48,4,,0,74,,1582071,48,4,,0,54,,1582072,48,4,,0,150,,1582073,48,4,,0
58400,'20261002',1637,,1582762,46,4,,0,82,,1582763,46,4,,0,24,,1582764,46,4,,0,71,,1582765,46,4,,0
58400,'20261005',1637,,1582766,46,4,,0,82,,1582767,46,4,,0,24,,1582768,46,4,,0,71,,1582769,46,4,,0
58400,'20261006',1637,,1529496,46,4,,0,82,,1529494,46,4,,0,24,,1529495,46,4,,0,71,,1529497,46,4,,0
58400,'20261007',1637,,1529500,46,4,,0,82,,1529498,46,4,,0,24,,1529499,46,4,,0,71,,1529501,46,4,,0
58400,'20261008',1637,,1529504,46,4,,0,82,,1529502,46,4,,0,24,,1529503,46,4,,0,71,,1529505,46,4,,0
58400,'20261009',1637,,1529508,46,4,,0,82,,1529506,46,4,,0,24,,1529507,46,4,,0,71,,1529509,46,4,,0
58400,'20261013',1637,,1582772,46,4,,0,82,,1582770,46,4,,0,24,,1582771,46,4,,0,71,,1582773,46,4,,0
58400,'20261014',1637,,1582776,46,4,,0,82,,1582774,46,4,,0,24,,1582775,46,4,,0,71,,1582777,46,4,,0
58400,'20261015',1637,,1582780,46,4,,0,82,,1582778,46,4,,0,24,,1582779,46,4,,0,71,,1582781,46,4,,0
58400,'20261016',1637,,1582784,46,4,,0,82,,1582782,46,4,,0,24,,1582783,46,4,,0,71,,1582785,46,4,,0
97203,'20261002',2626,,1593526,79,,,0
97203,'20261003',2626,,1593527,79,,,0
97203,'20261009',2626,,1540241,79,,,0
97203,'20261010',2626,,1561866,79,,,0
97203,'20261016',2626,,1593528,79,,,0
