8200,'20261009',712,,1608311,108,,,0,38,,1608312,108,,,0,78,,1608313,108,,,0,103,,1608315,108,,,0,195,,1608317,108,,,0,198,,1608319,108,,,0,197,,1608321,108,,,0,193,,1608310,108,,,0,28,,1608323,108,,,0,69,,1608324,108,,,0,28,,1608325,108,,,0,96,,1608326,108,,,0,78,,1608327,110,,,0,200,,1608329,110,,,0,199,,1608331,110,,,0
8200,'20261010',740,,1635528,110,,,0,200,,1635530,110,,,0,203,,1635532,110,,,0,201,,1635534,110,,,0,201,,1635536,110,,,0,201,,1635538,110,,,0,197,,1635540,110,,,0,199,,1635542,110,,,0,268,,1635544,110,,,0
8200,'20261011',740,,1635545,110,,,0,200,,1635547,110,,,0,203,,1635549,110,,,0,201,,1635551,110,,,0,201,,1635553,110,,,0,201,,1635555,110,,,0,197,,1635557,110,,,0,199,,1635559,110,,,0,268,,1635561,110,,,0
8200,'20261012',740,,1635562,110,,,0,200,,1635564,110,,,0,203,,1635566,110,,,0,201,,1635568,110,,,0,201,,1635570,110,,,0,201,,1635572,110,,,0,197,,1635574,110,,,0,199,,1635576,110,,,0,268,,1635578,110,,,0
8200,'20261013',712,,1576607,108,,,0,38,,1576590,108,,,0,78,,1576611,108,,,0,103,,1576606,108,,,0,195,,1576605,108,,,0,198,,1576591,108,,,0,197,,1576604,108,,,0,193,,1576592,108,,,0,28,,1576593,108,,,0,69,,1576594,108,,,0,28,,1576595,108,,,0,96,,1576602,108,,,0,78,,1576603,110,,,0,200,,1576608,110,,,0,199,,1576596,110,,,0
8200,'20261014',712,,1576629,108,,,0,38,,1576612,108,,,0,78,,1576633,108,,,0,103,,1576628,108,,,0,195,,1576627,108,,,0,198,,1576613,108,,,0,197,,1576626,108,,,0,193,,1576614,108,,,0,28,,1576615,108,,,0,69,,1576616,108,,,0,28,,1576617,108,,,0,96,,1576624,108,,,0,78,,1576625,110,,,0,200,,1576630,110,,,0,199,,1576618,110,,,0
8200,'20261015',712,,1576651,108,,,0,38,,1576634,108,,,0,78,,1576655,108,,,0,103,,1576650,108,,,0,195,,1576649,108,,,0,198,,1576635,108,,,0,197,,1576648,108,,,0,193,,1576636,108,,,0,28,,1576637,108,,,0,69,,1576638,108,,,0,28,,1576639,108,,,0,96,,1576646,108,,,0,78,,1576647,110,,,0,200,,1576652,110,,,0,199,,1576640,110,,,0
8200,'20261016',712,,1576673,108,,,0,38,,1576656,108,,,0,78,,1576677,108,,,0,103,,1576672,108,,,0,195,,1576671,108,,,0,198,,1576657,108,,,0,197,,1576670,108,,,0,193,,1576658,108,,,0,28,,1576659,108,,,0,69,,1576660,108,,,0,28,,1576661,108,,,0,96,,1576668,108,,,0,78,,1576669,110,,,0,200,,1576674,110,,,0,199,,1576662,110,,,0
8200,'20261017',740,,1608346,110,,,0,200,,1608336,110,,,0,203,,1608344,110,,,0,201,,1608333,110,,,0,201,,1608345,110,,,0,201,,1608348,110,,,0,197,,1608341,110,,,0,199,,1608347,110,,,0,268,,1608335,110,,,0
8200,'20261018',740,,1608361,110,,,0,200,,1608358,110,,,0,203,,1608357,110,,,0,201,,1608352,110,,,0,201,,1608355,110,,,0,201,,1608365,110,,,0,197,,1608350,110,,,0,199,,1608364,110,,,0,268,,1608354,110,,,0
8200,'20261019',712,,1608383,108,,,0,38,,1608366,108,,,0,78,,1608387,108,,,0,103,,1608382,108,,,0,195,,1608381,108,,,0,198,,1608367,108,,,0,197,,1608380,108,,,0,193,,1608368,108,,,0,28,,1608369,108,,,0,69,,1608370,108,,,0,28,,1608371,108,,,0,96,,1608378,108,,,0,78,,1608379,110,,,0,200,,1608384,110,,,0,199,,1608372,110,,,0
8200,'20261020',712,,1608405,108,,,0,38,,1608388,108,,,0,78,,1608409,108,,,0,103,,1608404,108,,,0,195,,1608403,108,,,0,198,,1608389,108,,,0,197,,1608402,108,,,0,193,,1608390,108,,,0,28,,1608391,108,,,0,69,,1608392,108,,,0,28,,1608393,108,,,0,96,,1608400,108,,,0,78,,1608401,110,,,0,200,,1608406,110,,,0,199,,1608394,110,,,0
8200,'20261021',712,,1635596,108,,,0,38,,1635579,108,,,0,78,,1635600,108,,,0,103,,1635595,108,,,0,195,,1635594,108,,,0,198,,1635580,108,,,0,197,,1635593,108,,,0,193,,1635581,108,,,0,28,,1635582,108,,,0,69,,1635583,108,,,0,28,,1635584,108,,,0,96,,1635591,108,,,0,78,,1635592,110,,,0,200,,1635597,110,,,0,199,,1635585,110,,,0
8200,'20261022',712,,1635618,108,,,0,38,,1635601,108,,,0,78,,1635622,108,,,0,103,,1635617,108,,,0,195,,1635616,108,,,0,198,,1635602,108,,,0,197,,1635615,108,,,0,193,,1635603,108,,,0,28,,1635604,108,,,0,69,,1635605,108,,,0,28,,1635606,108,,,0,96,,1635613,108,,,0,78,,1635614,110,,,0,200,,1635619,110,,,0,199,,1635607,110,,,0
8200,'20261023',712,,1635640,108,,,0,38,,1635623,108,,,0,78,,1635644,108,,,0,103,,1635639,108,,,0,195,,1635638,108,,,0,198,,1635624,108,,,0,197,,1635637,108,,,0,193,,1635625,108,,,0,28,,1635626,108,,,0,69,,1635627,108,,,0,28,,1635628,108,,,0,96,,1635635,108,,,0,78,,1635636,110,,,0,200,,1635641,110,,,0,199,,1635629,110,,,0
28200,'20261009',1615,,1612614,52,4,,0,31,,1612615,52,4,,0,79,,1612616,52,4,,0,31,,1612617,52,4,,0,65,,1612618,52,4,,0,18,,1612619,52,4,,0
28200,'20261013',1615,,1580866,52,4,,0,31,,1580864,52,4,,0,79,,1580862,52,4,,0,31,,1580861,52,4,,0,65,,1580865,52,4,,0,18,,1580863,52,4,,0
28200,'20261014',1615,,1580872,52,4,,0,31,,1580870,52,4,,0,79,,1580868,52,4,,0,31,,1580867,52,4,,0,65,,1580871,52,4,,0,18,,1580869,52,4,,0
28200,'20261015',1615,,1580878,52,4,,0,31,,1580876,52,4,,0,79,,1580874,52,4,,0,31,,1580873,52,4,,0,65,,1580877,52,4,,0,18,,1580875,52,4,,0
28200,'20261016',1615,,1580884,52,4,,0,31,,1580882,52,4,,0,79,,1580880,52,4,,0,31,,1580879,52,4,,0,65,,1580883,52,4,,0,18,,1580881,52,4,,0
28200,'20261019',1615,,1612625,52,4,,0,31,,1612623,52,4,,0,79,,1612621,52,4,,0,31,,1612620,52,4,,0,65,,1612624,52,4,,0,18,,1612622,52,4,,0
28200,'20261020',1615,,1612631,52,4,,0,31,,1612629,52,4,,0,79,,1612627,52,4,,0,31,,1612626,52,4,,0,65,,1612630,52,4,,0,18,,1612628,52,4,,0
28200,'20261021',1615,,1638287,52,4,,0,31,,1638285,52,4,,0,79,,1638283,52,4,,0,31,,1638282,52,4,,0,65,,1638286,52,4,,0,18,,1638284,52,4,,0
28200,'20261022',1615,,1638293,52,4,,0,31,,1638291,52,4,,0,79,,1638289,52,4,,0,31,,1638288,52,4,,0,65,,1638292,52,4,,0,18,,1638290,52,4,,0
28200,'20261023',1615,,1638299,52,4,,0,31,,1638297,52,4,,0,79,,1638295,52,4,,0,31,,1638294,52,4,,0,65,,1638298,52,4,,0,18,,1638296,52,4,,0
37200,'20261009',1303,,1613564,70,4,,0,413,,1613565,70,4,,0,100,,1613566,70,4,,0,94,,1613567,70,4,,0
37200,'20261013',1303,,1581799,70,4,,0,413,,1581800,70,4,,0,100,,1581801,70,4,,0,94,,1581802,70,4,,0
37200,'20261014',1303,,1581803,70,4,,0,413,,1581804,70,4,,0,100,,1581805,70,4,,0,94,,1581806,70,4,,0
37200,'20261015',1303,,1581807,70,4,,0,413,,1581808,70,4,,0,100,,1581809,70,4,,0,94,,1581810,70,4,,0
37200,'20261016',1303,,1581811,70,4,,0,413,,1581812,70,4,,0,100,,1581813,70,4,,0,94,,1581814,70,4,,0
37200,'20261019',1303,,1613568,70,4,,0,413,,1613569,70,4,,0,100,,1613570,70,4,,0,94,,1613571,70,4,,0
37200,'20261020',1303,,1613572,70,4,,0,413,,1613573,70,4,,0,100,,1613574,70,4,,0,94,,1613575,70,4,,0
37200,'20261021',1303,,1638750,70,4,,0,413,,1638751,70,4,,0,100,,1638752,70,4,,0,94,,1638753,70,4,,0
37200,'20261022',1303,,1638754,70,4,,0,413,,1638755,70,4,,0,100,,1638756,70,4,,0,94,,1638757,70,4,,0
37200,'20261023',1303,,1638758,70,4,,0,413,,1638759,70,4,,0,100,,1638760,70,4,,0,94,,1638761,70,4,,0
57200,'20261009',1636,,1614310,68,4,,0,84,,1614311,68,4,,0,36,,1614312,68,4,,0,63,,1614313,68,4,,0
57200,'20261013',1636,,1582551,68,4,,0,84,,1582548,68,4,,0,36,,1582549,68,4,,0,63,,1582550,68,4,,0
57200,'20261014',1636,,1582555,68,4,,0,84,,1582552,68,4,,0,36,,1582553,68,4,,0,63,,1582554,68,4,,0
57200,'20261015',1636,,1582559,68,4,,0,84,,1582556,68,4,,0,36,,1582557,68,4,,0,63,,1582558,68,4,,0
57200,'20261016',1636,,1582563,68,4,,0,84,,1582560,68,4,,0,36,,1582561,68,4,,0,63,,1582562,68,4,,0
57200,'20261019',1636,,1614317,68,4,,0,84,,1614314,68,4,,0,36,,1614315,68,4,,0,63,,1614316,68,4,,0
57200,'20261020',1636,,1614321,68,4,,0,84,,1614318,68,4,,0,36,,1614319,68,4,,0,63,,1614320,68,4,,0
57200,'20261021',1636,,1639130,68,4,,0,84,,1639127,68,4,,0,36,,1639128,68,4,,0,63,,1639129,68,4,,0
57200,'20261022',1636,,1639134,68,4,,0,84,,1639131,68,4,,0,36,,1639132,68,4,,0,63,,1639133,68,4,,0
57200,'20261023',1636,,1639138,68,4,,0,84,,1639135,68,4,,0,36,,1639136,68,4,,0,63,,1639137,68,4,,0
