8201,'20261009',543,,1608473,50,,,0,72,,1608474,50,,,0,28,,1608475,50,,,0,69,,1608476,50,,,0,34,,1608477,50,,,0,77,,1608478,50,,,0,36,,1608479,50,,,0,100,,1608480,50,,,0,141,,1608489,35,,,0,54,,1608481,50,,,0,99,,1608490,35,,,0,97,,1608482,50,,,0,95,,1608491,35,,,0,107,,1608483,50,,,0,100,,1608492,35,,,0,95,,1608484,50,,,0,93,,1608485,50,,,0,68,,1608486,50,,,0,100,,1608487,50,,,0,130,,1608493,35,,,0,172,,1608488,50,,,0
8201,'20261010',639,,1635645,50,,,0,98,,1635654,35,,,0,100,,1635646,50,,,0,100,,1635655,35,,,0,100,,1635647,50,,,0,100,,1635656,35,,,0,100,,1635648,50,,,0,100,,1635657,35,,,0,100,,1635649,50,,,0,100,,1635658,35,,,0,100,,1635650,50,,,0,102,,1635659,35,,,0,101,,1635651,50,,,0,100,,1635660,35,,,0,100,,1635652,50,,,0,170,,1635661,35,,,0,130,,1635653,50,,,0
8201,'20261011',639,,1635662,50,,,0,98,,1635671,35,,,0,100,,1635663,50,,,0,100,,1635672,35,,,0,100,,1635664,50,,,0,100,,1635673,35,,,0,100,,1635665,50,,,0,100,,1635674,35,,,0,100,,1635666,50,,,0,100,,1635675,35,,,0,100,,1635667,50,,,0,102,,1635676,35,,,0,101,,1635668,50,,,0,100,,1635677,35,,,0,100,,1635669,50,,,0,170,,1635678,35,,,0,130,,1635670,50,,,0
8201,'20261012',639,,1635679,50,,,0,98,,1635688,35,,,0,100,,1635680,50,,,0,100,,1635689,35,,,0,100,,1635681,50,,,0,100,,1635690,35,,,0,100,,1635682,50,,,0,100,,1635691,35,,,0,100,,1635683,50,,,0,100,,1635692,35,,,0,100,,1635684,50,,,0,102,,1635693,35,,,0,101,,1635685,50,,,0,100,,1635694,35,,,0,100,,1635686,50,,,0,170,,1635695,35,,,0,130,,1635687,50,,,0
8201,'20261013',543,,1576754,50,,,0,72,,1576755,50,,,0,28,,1576756,50,,,0,69,,1576757,50,,,0,34,,1576771,50,,,0,77,,1576768,50,,,0,36,,1576773,50,,,0,100,,1576758,50,,,0,141,,1576763,35,,,0,54,,1576759,50,,,0,99,,1576764,35,,,0,97,,1576770,50,,,0,95,,1576765,35,,,0,107,,1576769,50,,,0,100,,1576766,35,,,0,95,,1576760,50,,,0,93,,1576761,50,,,0,68,,1576772,50,,,0,100,,1576774,50,,,0,130,,1576767,35,,,0,172,,1576762,50,,,0
8201,'20261014',543,,1576775,50,,,0,72,,1576776,50,,,0,28,,1576777,50,,,0,69,,1576778,50,,,0,34,,1576792,50,,,0,77,,1576789,50,,,0,36,,1576794,50,,,0,100,,1576779,50,,,0,141,,1576784,35,,,0,54,,1576780,50,,,0,99,,1576785,35,,,0,97,,1576791,50,,,0,95,,1576786,35,,,0,107,,1576790,50,,,0,100,,1576787,35,,,0,95,,1576781,50,,,0,93,,1576782,50,,,0,68,,1576793,50,,,0,100,,1576795,50,,,0,130,,1576788,35,,,0,172,,1576783,50,,,0
8201,'20261015',543,,1576796,50,,,0,72,,1576797,50,,,0,28,,1576798,50,,,0,69,,1576799,50,,,0,34,,1576813,50,,,0,77,,1576810,50,,,0,36,,1576815,50,,,0,100,,1576800,50,,,0,141,,1576805,35,,,0,54,,1576801,50,,,0,99,,1576806,35,,,0,97,,1576812,50,,,0,95,,1576807,35,,,0,107,,1576811,50,,,0,100,,1576808,35,,,0,95,,1576802,50,,,0,93,,1576803,50,,,0,68,,1576814,50,,,0,100,,1576816,50,,,0,130,,1576809,35,,,0,172,,1576804,50,,,0
8201,'20261016',543,,1576817,50,,,0,72,,1576818,50,,,0,28,,1576819,50,,,0,69,,1576820,50,,,0,34,,1576834,50,,,0,77,,1576831,50,,,0,36,,1576836,50,,,0,100,,1576821,50,,,0,141,,1576826,35,,,0,54,,1576822,50,,,0,99,,1576827,35,,,0,97,,1576833,50,,,0,95,,1576828,35,,,0,107,,1576832,50,,,0,100,,1576829,35,,,0,95,,1576823,50,,,0,93,,1576824,50,,,0,68,,1576835,50,,,0,100,,1576837,50,,,0,130,,1576830,35,,,0,172,,1576825,50,,,0
8201,'20261017',639,,1608509,50,,,0,98,,1608503,35,,,0,100,,1608504,50,,,0,100,,1608497,35,,,0,100,,1608507,50,,,0,100,,1608498,35,,,0,100,,1608494,50,,,0,100,,1608499,35,,,0,100,,1608505,50,,,0,100,,1608500,35,,,0,100,,1608506,50,,,0,102,,1608501,35,,,0,101,,1608508,50,,,0,100,,1608495,35,,,0,100,,1608502,50,,,0,170,,1608510,35,,,0,130,,1608496,50,,,0
8201,'20261018',639,,1608527,50,,,0,98,,1608526,35,,,0,100,,1608522,50,,,0,100,,1608524,35,,,0,100,,1608523,50,,,0,100,,1608525,35,,,0,100,,1608516,50,,,0,100,,1608511,35,,,0,100,,1608520,50,,,0,100,,1608512,35,,,0,100,,1608519,50,,,0,102,,1608513,35,,,0,101,,1608521,50,,,0,100,,1608517,35,,,0,100,,1608515,50,,,0,170,,1608514,35,,,0,130,,1608518,50,,,0
8201,'20261019',543,,1608528,50,,,0,72,,1608529,50,,,0,28,,1608530,50,,,0,69,,1608531,50,,,0,34,,1608545,50,,,0,77,,1608542,50,,,0,36,,1608547,50,,,0,100,,1608532,50,,,0,141,,1608537,35,,,0,54,,1608533,50,,,0,99,,1608538,35,,,0,97,,1608544,50,,,0,95,,1608539,35,,,0,107,,1608543,50,,,0,100,,1608540,35,,,0,95,,1608534,50,,,0,93,,1608535,50,,,0,68,,1608546,50,,,0,100,,1608548,50,,,0,130,,1608541,35,,,0,172,,1608536,50,,,0
8201,'20261020',543,,1608549,50,,,0,72,,1608550,50,,,0,28,,1608551,50,,,0,69,,1608552,50,,,0,34,,1608566,50,,,0,77,,1608563,50,,,0,36,,1608568,50,,,0,100,,1608553,50,,,0,141,,1608558,35,,,0,54,,1608554,50,,,0,99,,1608559,35,,,0,97,,1608565,50,,,0,95,,1608560,35,,,0,107,,1608564,50,,,0,100,,1608561,35,,,0,95,,1608555,50,,,0,93,,1608556,50,,,0,68,,1608567,50,,,0,100,,1608569,50,,,0,130,,1608562,35,,,0,172,,1608557,50,,,0
8201,'20261021',543,,1635696,50,,,0,72,,1635697,50,,,0,28,,1635698,50,,,0,69,,1635699,50,,,0,34,,1635713,50,,,0,77,,1635710,50,,,0,36,,1635715,50,,,0,100,,1635700,50,,,0,141,,1635705,35,,,0,54,,1635701,50,,,0,99,,1635706,35,,,0,97,,1635712,50,,,0,95,,1635707,35,,,0,107,,1635711,50,,,0,100,,1635708,35,,,0,95,,1635702,50,,,0,93,,1635703,50,,,0,68,,1635714,50,,,0,100,,1635716,50,,,0,130,,1635709,35,,,0,172,,1635704,50,,,0
8201,'20261022',543,,1635717,50,,,0,72,,1635718,50,,,0,28,,1635719,50,,,0,69,,1635720,50,,,0,34,,1635734,50,,,0,77,,1635731,50,,,0,36,,1635736,50,,,0,100,,1635721,50,,,0,141,,1635726,35,,,0,54,,1635722,50,,,0,99,,1635727,35,,,0,97,,1635733,50,,,0,95,,1635728,35,,,0,107,,1635732,50,,,0,100,,1635729,35,,,0,95,,1635723,50,,,0,93,,1635724,50,,,0,68,,1635735,50,,,0,100,,1635737,50,,,0,130,,1635730,35,,,0,172,,1635725,50,,,0
8201,'20261023',543,,1635738,50,,,0,72,,1635739,50,,,0,28,,1635740,50,,,0,69,,1635741,50,,,0,34,,1635755,50,,,0,77,,1635752,50,,,0,36,,1635757,50,,,0,100,,1635742,50,,,0,141,,1635747,35,,,0,54,,1635743,50,,,0,99,,1635748,35,,,0,97,,1635754,50,,,0,95,,1635749,35,,,0,107,,1635753,50,,,0,100,,1635750,35,,,0,95,,1635744,50,,,0,93,,1635745,50,,,0,68,,1635756,50,,,0,100,,1635758,50,,,0,130,,1635751,35,,,0,172,,1635746,50,,,0
28901,'20261009',642,,1612809,17,,,0,63,,1612810,17,,,0,17,,1612811,17,,,0,17,,1612812,17,,,0,74,,1612813,17,,,0
28901,'20261013',642,,1581058,17,,,0,63,,1581057,17,,,0,17,,1581059,17,,,0,17,,1581061,17,,,0,74,,1581060,17,,,0
28901,'20261014',642,,1581063,17,,,0,63,,1581062,17,,,0,17,,1581064,17,,,0,17,,1581066,17,,,0,74,,1581065,17,,,0
28901,'20261015',642,,1581068,17,,,0,63,,1581067,17,,,0,17,,1581069,17,,,0,17,,1581071,17,,,0,74,,1581070,17,,,0
28901,'20261016',642,,1581073,17,,,0,63,,1581072,17,,,0,17,,1581074,17,,,0,17,,1581076,17,,,0,74,,1581075,17,,,0
28901,'20261019',642,,1612815,17,,,0,63,,1612814,17,,,0,17,,1612816,17,,,0,17,,1612818,17,,,0,74,,1612817,17,,,0
28901,'20261020',642,,1612820,17,,,0,63,,1612819,17,,,0,17,,1612821,17,,,0,17,,1612823,17,,,0,74,,1612822,17,,,0
28901,'20261021',642,,1638382,17,,,0,63,,1638381,17,,,0,17,,1638383,17,,,0,17,,1638385,17,,,0,74,,1638384,17,,,0
28901,'20261022',642,,1638387,17,,,0,63,,1638386,17,,,0,17,,1638388,17,,,0,17,,1638390,17,,,0,74,,1638389,17,,,0
28901,'20261023',642,,1638392,17,,,0,63,,1638391,17,,,0,17,,1638393,17,,,0,17,,1638395,17,,,0,74,,1638394,17,,,0
38201,'20261009',621,,1613793,17,,,0,12,,1613794,17,,,0,13,,1613795,17,,,0,10,,1613796,17,,,0,67,,1613797,17,,,0,136,,1613792,17,,,0,42,,1613798,17,,,0,200,,1613799,17,,,0
38201,'20261013',621,,1582024,17,,,0,12,,1582028,17,,,0,13,,1582027,17,,,0,10,,1582025,17,,,0,67,,1582029,17,,,0,178,,1582026,17,,,0,200,,1582023,17,,,0
38201,'20261014',621,,1582031,17,,,0,12,,1582035,17,,,0,13,,1582034,17,,,0,10,,1582032,17,,,0,67,,1582036,17,,,0,178,,1582033,17,,,0,200,,1582030,17,,,0
38201,'20261015',621,,1582038,17,,,0,12,,1582042,17,,,0,13,,1582041,17,,,0,10,,1582039,17,,,0,67,,1582043,17,,,0,178,,1582040,17,,,0,200,,1582037,17,,,0
38201,'20261016',621,,1582045,17,,,0,12,,1582049,17,,,0,13,,1582048,17,,,0,10,,1582046,17,,,0,67,,1582050,17,,,0,178,,1582047,17,,,0,200,,1582044,17,,,0
38201,'20261019',621,,1613801,17,,,0,12,,1613805,17,,,0,13,,1613804,17,,,0,10,,1613802,17,,,0,67,,1613806,17,,,0,178,,1613803,17,,,0,200,,1613800,17,,,0
38201,'20261020',621,,1613808,17,,,0,12,,1613812,17,,,0,13,,1613811,17,,,0,10,,1613809,17,,,0,67,,1613813,17,,,0,178,,1613810,17,,,0,200,,1613807,17,,,0
38201,'20261021',621,,1638859,17,,,0,12,,1638863,17,,,0,13,,1638862,17,,,0,10,,1638860,17,,,0,67,,1638864,17,,,0,178,,1638861,17,,,0,200,,1638858,17,,,0
38201,'20261022',621,,1638866,17,,,0,12,,1638870,17,,,0,13,,1638869,17,,,0,10,,1638867,17,,,0,67,,1638871,17,,,0,178,,1638868,17,,,0,200,,1638865,17,,,0
38201,'20261023',621,,1638873,17,,,0,12,,1638877,17,,,0,13,,1638876,17,,,0,10,,1638874,17,,,0,67,,1638878,17,,,0,178,,1638875,17,,,0,200,,1638872,17,,,0
58201,'20261009',623,,1614505,17,,,0,12,,1614506,17,,,0,21,,1614507,17,,,0,54,,1614508,17,,,0,14,,1614509,17,,,0
58201,'20261013',623,,1582744,17,,,0,12,,1582742,17,,,0,21,,1582745,17,,,0,54,,1582743,17,,,0,14,,1582746,17,,,0
58201,'20261014',623,,1582749,17,,,0,12,,1582747,17,,,0,21,,1582750,17,,,0,54,,1582748,17,,,0,14,,1582751,17,,,0
58201,'20261015',623,,1582754,17,,,0,12,,1582752,17,,,0,21,,1582755,17,,,0,54,,1582753,17,,,0,14,,1582756,17,,,0
58201,'20261016',623,,1582759,17,,,0,12,,1582757,17,,,0,21,,1582760,17,,,0,54,,1582758,17,,,0,14,,1582761,17,,,0
58201,'20261019',623,,1614512,17,,,0,12,,1614510,17,,,0,21,,1614513,17,,,0,54,,1614511,17,,,0,14,,1614514,17,,,0
58201,'20261020',623,,1614517,17,,,0,12,,1614515,17,,,0,21,,1614518,17,,,0,54,,1614516,17,,,0,14,,1614519,17,,,0
58201,'20261021',623,,1639225,17,,,0,12,,1639223,17,,,0,21,,1639226,17,,,0,54,,1639224,17,,,0,14,,1639227,17,,,0
58201,'20261022',623,,1639230,17,,,0,12,,1639228,17,,,0,21,,1639231,17,,,0,54,,1639229,17,,,0,14,,1639232,17,,,0
58201,'20261023',623,,1639235,17,,,0,12,,1639233,17,,,0,21,,1639236,17,,,0,54,,1639234,17,,,0,14,,1639237,17,,,0
