3900,'20261002',740,,1569047,34,,,0,100,,1569048,34,,,0,69,,1569049,34,,,0,30,,1569050,34,,,0,100,,1569051,34,,,0,100,,1569052,34,,,0,100,,1569053,34,,,0,100,,1569054,34,,,0,100,,1569055,34,,,0,101,,1569056,34,,,0,70,,1569057,34,,,0,30,,1569058,34,,,0,70,,1569059,34,,,0,30,,1569060,34,,,0,69,,1569061,34,,,0,30,,1569062,34,,,0,100,,1569063,34,,,0,100,,1569064,34,,,0,100,,1569065,34,,,0,100,,1569066,34,,,0,100,,1569067,34,,,0,100,,1569068,34,,,0
3900,'20261003',739,,1569069,34,,,0,100,,1569070,34,,,0,100,,1569071,34,,,0,100,,1569072,34,,,0,100,,1569073,34,,,0,100,,1569074,34,,,0,100,,1569075,34,,,0,100,,1569076,34,,,0,100,,1569077,34,,,0,100,,1569078,34,,,0,100,,1569079,34,,,0,100,,1569080,34,,,0,100,,1569081,34,,,0,100,,1569082,34,,,0,100,,1569083,34,,,0,100,,1569084,34,,,0,99,,1569085,34,,,0,100,,1569086,34,,,0
3900,'20261004',739,,1569087,34,,,0,100,,1569088,34,,,0,100,,1569089,34,,,0,100,,1569090,34,,,0,100,,1569091,34,,,0,100,,1569092,34,,,0,100,,1569093,34,,,0,100,,1569094,34,,,0,100,,1569095,34,,,0,100,,1569096,34,,,0,100,,1569097,34,,,0,100,,1569098,34,,,0,100,,1569099,34,,,0,100,,1569100,34,,,0,100,,1569101,34,,,0,100,,1569102,34,,,0,99,,1569103,34,,,0,100,,1569104,34,,,0
3900,'20261005',740,,1569105,34,,,0,100,,1569106,34,,,0,69,,1569107,34,,,0,30,,1569108,34,,,0,100,,1569109,34,,,0,100,,1569110,34,,,0,100,,1569111,34,,,0,100,,1569112,34,,,0,100,,1569113,34,,,0,101,,1569114,34,,,0,70,,1569115,34,,,0,30,,1569116,34,,,0,70,,1569117,34,,,0,30,,1569118,34,,,0,69,,1569119,34,,,0,30,,1569120,34,,,0,100,,1569121,34,,,0,100,,1569122,34,,,0,100,,1569123,34,,,0,100,,1569124,34,,,0,100,,1569125,34,,,0,100,,1569126,34,,,0
3900,'20261006',740,,1515869,34,,,0,100,,1515850,34,,,0,69,,1515871,34,,,0,30,,1515851,34,,,0,100,,1515852,34,,,0,100,,1515853,34,,,0,100,,1515854,34,,,0,100,,1515855,34,,,0,100,,1515856,34,,,0,101,,1515857,34,,,0,70,,1515858,34,,,0,30,,1515859,34,,,0,70,,1515860,34,,,0,30,,1515861,34,,,0,69,,1515862,34,,,0,30,,1515863,34,,,0,100,,1515864,34,,,0,100,,1515865,34,,,0,100,,1515866,34,,,0,100,,1515870,34,,,0,100,,1515867,34,,,0,100,,1515868,34,,,0
3900,'20261007',740,,1515891,34,,,0,100,,1515872,34,,,0,69,,1515893,34,,,0,30,,1515873,34,,,0,100,,1515874,34,,,0,100,,1515875,34,,,0,100,,1515876,34,,,0,100,,1515877,34,,,0,100,,1515878,34,,,0,101,,1515879,34,,,0,70,,1515880,34,,,0,30,,1515881,34,,,0,70,,1515882,34,,,0,30,,1515883,34,,,0,69,,1515884,34,,,0,30,,1515885,34,,,0,100,,1515886,34,,,0,100,,1515887,34,,,0,100,,1515888,34,,,0,100,,1515892,34,,,0,100,,1515889,34,,,0,100,,1515890,34,,,0
3900,'20261008',740,,1515913,34,,,0,100,,1515894,34,,,0,69,,1515915,34,,,0,30,,1515895,34,,,0,100,,1515896,34,,,0,100,,1515897,34,,,0,100,,1515898,34,,,0,100,,1515899,34,,,0,100,,1515900,34,,,0,101,,1515901,34,,,0,70,,1515902,34,,,0,30,,1515903,34,,,0,70,,1515904,34,,,0,30,,1515905,34,,,0,69,,1515906,34,,,0,30,,1515907,34,,,0,100,,1515908,34,,,0,100,,1515909,34,,,0,100,,1515910,34,,,0,100,,1515914,34,,,0,100,,1515911,34,,,0,100,,1515912,34,,,0
3900,'20261009',740,,1515935,34,,,0,100,,1515916,34,,,0,69,,1515937,34,,,0,30,,1515917,34,,,0,100,,1515918,34,,,0,100,,1515919,34,,,0,100,,1515920,34,,,0,100,,1515921,34,,,0,100,,1515922,34,,,0,101,,1515923,34,,,0,70,,1515924,34,,,0,30,,1515925,34,,,0,70,,1515926,34,,,0,30,,1515927,34,,,0,69,,1515928,34,,,0,30,,1515929,34,,,0,100,,1515930,34,,,0,100,,1515931,34,,,0,100,,1515932,34,,,0,100,,1515936,34,,,0,100,,1515933,34,,,0,100,,1515934,34,,,0
3900,'20261010',739,,1545242,34,,,0,100,,1545245,34,,,0,100,,1545231,34,,,0,100,,1545246,34,,,0,100,,1545232,34,,,0,100,,1545233,34,,,0,100,,1545234,34,,,0,100,,1545235,34,,,0,100,,1545236,34,,,0,100,,1545237,34,,,0,100,,1545238,34,,,0,100,,1545239,34,,,0,100,,1545243,34,,,0,100,,1545240,34,,,0,100,,1545244,34,,,0,100,,1545241,34,,,0,99,,1545248,34,,,0,100,,1545247,34,,,0
3900,'20261011',739,,1545261,34,,,0,100,,1545263,34,,,0,100,,1545262,34,,,0,100,,1545264,34,,,0,100,,1545258,34,,,0,100,,1545249,34,,,0,100,,1545250,34,,,0,100,,1545251,34,,,0,100,,1545252,34,,,0,100,,1545253,34,,,0,100,,1545254,34,,,0,100,,1545255,34,,,0,100,,1545259,34,,,0,100,,1545256,34,,,0,100,,1545260,34,,,0,100,,1545257,34,,,0,99,,1545266,34,,,0,100,,1545265,34,,,0
3900,'20261012',739,,1545279,34,,,0,100,,1545281,34,,,0,100,,1545280,34,,,0,100,,1545282,34,,,0,100,,1545276,34,,,0,100,,1545267,34,,,0,100,,1545268,34,,,0,100,,1545269,34,,,0,100,,1545270,34,,,0,100,,1545271,34,,,0,100,,1545272,34,,,0,100,,1545273,34,,,0,100,,1545277,34,,,0,100,,1545274,34,,,0,100,,1545278,34,,,0,100,,1545275,34,,,0,99,,1545284,34,,,0,100,,1545283,34,,,0
3900,'20261013',740,,1569146,34,,,0,100,,1569127,34,,,0,69,,1569148,34,,,0,30,,1569128,34,,,0,100,,1569129,34,,,0,100,,1569130,34,,,0,100,,1569131,34,,,0,100,,1569132,34,,,0,100,,1569133,34,,,0,101,,1569134,34,,,0,70,,1569135,34,,,0,30,,1569136,34,,,0,70,,1569137,34,,,0,30,,1569138,34,,,0,69,,1569139,34,,,0,30,,1569140,34,,,0,100,,1569141,34,,,0,100,,1569142,34,,,0,100,,1569143,34,,,0,100,,1569147,34,,,0,100,,1569144,34,,,0,100,,1569145,34,,,0
3900,'20261014',740,,1569168,34,,,0,100,,1569149,34,,,0,69,,1569170,34,,,0,30,,1569150,34,,,0,100,,1569151,34,,,0,100,,1569152,34,,,0,100,,1569153,34,,,0,100,,1569154,34,,,0,100,,1569155,34,,,0,101,,1569156,34,,,0,70,,1569157,34,,,0,30,,1569158,34,,,0,70,,1569159,34,,,0,30,,1569160,34,,,0,69,,1569161,34,,,0,30,,1569162,34,,,0,100,,1569163,34,,,0,100,,1569164,34,,,0,100,,1569165,34,,,0,100,,1569169,34,,,0,100,,1569166,34,,,0,100,,1569167,34,,,0
3900,'20261015',740,,1569190,34,,,0,100,,1569171,34,,,0,69,,1569192,34,,,0,30,,1569172,34,,,0,100,,1569173,34,,,0,100,,1569174,34,,,0,100,,1569175,34,,,0,100,,1569176,34,,,0,100,,1569177,34,,,0,101,,1569178,34,,,0,70,,1569179,34,,,0,30,,1569180,34,,,0,70,,1569181,34,,,0,30,,1569182,34,,,0,69,,1569183,34,,,0,30,,1569184,34,,,0,100,,1569185,34,,,0,100,,1569186,34,,,0,100,,1569187,34,,,0,100,,1569191,34,,,0,100,,1569188,34,,,0,100,,1569189,34,,,0
3900,'20261016',740,,1569212,34,,,0,100,,1569193,34,,,0,69,,1569214,34,,,0,30,,1569194,34,,,0,100,,1569195,34,,,0,100,,1569196,34,,,0,100,,1569197,34,,,0,100,,1569198,34,,,0,100,,1569199,34,,,0,101,,1569200,34,,,0,70,,1569201,34,,,0,30,,1569202,34,,,0,70,,1569203,34,,,0,30,,1569204,34,,,0,69,,1569205,34,,,0,30,,1569206,34,,,0,100,,1569207,34,,,0,100,,1569208,34,,,0,100,,1569209,34,,,0,100,,1569213,34,,,0,100,,1569210,34,,,0,100,,1569211,34,,,0
23800,'20261002',1610,,1579961,30,4,,0,33,,1579962,30,4,,0,85,,1579963,30,4,,0,74,,1579964,30,4,,0
23800,'20261005',1610,,1579965,30,4,,0,33,,1579966,30,4,,0,85,,1579967,30,4,,0,74,,1579968,30,4,,0
23800,'20261006',1610,,1526697,30,4,,0,33,,1526698,30,4,,0,85,,1526700,30,4,,0,74,,1526699,30,4,,0
23800,'20261007',1610,,1526701,30,4,,0,33,,1526702,30,4,,0,85,,1526704,30,4,,0,74,,1526703,30,4,,0
23800,'20261008',1610,,1526705,30,4,,0,33,,1526706,30,4,,0,85,,1526708,30,4,,0,74,,1526707,30,4,,0
23800,'20261009',1610,,1526709,30,4,,0,33,,1526710,30,4,,0,85,,1526712,30,4,,0,74,,1526711,30,4,,0
23800,'20261013',1610,,1579969,30,4,,0,33,,1579970,30,4,,0,85,,1579972,30,4,,0,74,,1579971,30,4,,0
23800,'20261014',1610,,1579973,30,4,,0,33,,1579974,30,4,,0,85,,1579976,30,4,,0,74,,1579975,30,4,,0
23800,'20261015',1610,,1579977,30,4,,0,33,,1579978,30,4,,0,85,,1579980,30,4,,0,74,,1579979,30,4,,0
23800,'20261016',1610,,1579981,30,4,,0,33,,1579982,30,4,,0,85,,1579984,30,4,,0,74,,1579983,30,4,,0
33000,'20261002',1253,,1581251,30,4,,0,306,,1581252,30,4,,0,142,,1581253,30,4,,0,100,,1581254,30,4,,0,50,,1581255,30,4,,0,50,,1581256,30,4,,0
33000,'20261005',1253,,1581257,30,4,,0,306,,1581258,30,4,,0,142,,1581259,30,4,,0,100,,1581260,30,4,,0,50,,1581261,30,4,,0,50,,1581262,30,4,,0
33000,'20261006',1253,,1527990,30,4,,0,306,,1527991,30,4,,0,142,,1527987,30,4,,0,100,,1527988,30,4,,0,50,,1527989,30,4,,0,50,,1527992,30,4,,0
33000,'20261007',1253,,1527996,30,4,,0,306,,1527997,30,4,,0,142,,1527993,30,4,,0,100,,1527994,30,4,,0,50,,1527995,30,4,,0,50,,1527998,30,4,,0
33000,'20261008',1253,,1528002,30,4,,0,306,,1528003,30,4,,0,142,,1527999,30,4,,0,100,,1528000,30,4,,0,50,,1528001,30,4,,0,50,,1528004,30,4,,0
33000,'20261009',1253,,1528008,30,4,,0,306,,1528009,30,4,,0,142,,1528005,30,4,,0,100,,1528006,30,4,,0,50,,1528007,30,4,,0,50,,1528010,30,4,,0
33000,'20261013',1253,,1581266,30,4,,0,306,,1581267,30,4,,0,142,,1581263,30,4,,0,100,,1581264,30,4,,0,50,,1581265,30,4,,0,50,,1581268,30,4,,0
33000,'20261014',1253,,1581272,30,4,,0,306,,1581273,30,4,,0,142,,1581269,30,4,,0,100,,1581270,30,4,,0,50,,1581271,30,4,,0,50,,1581274,30,4,,0
33000,'20261015',1253,,1581278,30,4,,0,306,,1581279,30,4,,0,142,,1581275,30,4,,0,100,,1581276,30,4,,0,50,,1581277,30,4,,0,50,,1581280,30,4,,0
33000,'20261016',1253,,1581284,30,4,,0,306,,1581285,30,4,,0,142,,1581281,30,4,,0,100,,1581282,30,4,,0,50,,1581283,30,4,,0,50,,1581286,30,4,,0
53000,'20261002',1254,,1582106,28,4,,0,200,,1582107,28,4,,0,105,,1582108,28,4,,0,52,,1582109,28,4,,0,17,,1582110,28,4,,0,74,,1582111,28,4,,0,30,,1582112,28,4,,0,69,,1582113,28,4,,0,107,,1582114,28,4,,0
53000,'20261005',1254,,1582115,28,4,,0,200,,1582116,28,4,,0,105,,1582117,28,4,,0,52,,1582118,28,4,,0,17,,1582119,28,4,,0,74,,1582120,28,4,,0,30,,1582121,28,4,,0,69,,1582122,28,4,,0,107,,1582123,28,4,,0
53000,'20261006',1254,,1528852,28,4,,0,200,,1528853,28,4,,0,105,,1528855,28,4,,0,52,,1528854,28,4,,0,17,,1528851,28,4,,0,74,,1528848,28,4,,0,30,,1528849,28,4,,0,69,,1528850,28,4,,0,107,,1528856,28,4,,0
53000,'20261007',1254,,1528861,28,4,,0,200,,1528862,28,4,,0,105,,1528864,28,4,,0,52,,1528863,28,4,,0,17,,1528860,28,4,,0,74,,1528857,28,4,,0,30,,1528858,28,4,,0,69,,1528859,28,4,,0,107,,1528865,28,4,,0
53000,'20261008',1254,,1528870,28,4,,0,200,,1528871,28,4,,0,105,,1528873,28,4,,0,52,,1528872,28,4,,0,17,,1528869,28,4,,0,74,,1528866,28,4,,0,30,,1528867,28,4,,0,69,,1528868,28,4,,0,107,,1528874,28,4,,0
53000,'20261009',1254,,1528879,28,4,,0,200,,1528880,28,4,,0,105,,1528882,28,4,,0,52,,1528881,28,4,,0,17,,1528878,28,4,,0,74,,1528875,28,4,,0,30,,1528876,28,4,,0,69,,1528877,28,4,,0,107,,1528883,28,4,,0
53000,'20261013',1254,,1582128,28,4,,0,200,,1582129,28,4,,0,105,,1582131,28,4,,0,52,,1582130,28,4,,0,17,,1582127,28,4,,0,74,,1582124,28,4,,0,30,,1582125,28,4,,0,69,,1582126,28,4,,0,107,,1582132,28,4,,0
53000,'20261014',1254,,1582137,28,4,,0,200,,1582138,28,4,,0,105,,1582140,28,4,,0,52,,1582139,28,4,,0,17,,1582136,28,4,,0,74,,1582133,28,4,,0,30,,1582134,28,4,,0,69,,1582135,28,4,,0,107,,1582141,28,4,,0
53000,'20261015',1254,,1582146,28,4,,0,200,,1582147,28,4,,0,105,,1582149,28,4,,0,52,,1582148,28,4,,0,17,,1582145,28,4,,0,74,,1582142,28,4,,0,30,,1582143,28,4,,0,69,,1582144,28,4,,0,107,,1582150,28,4,,0
53000,'20261016',1254,,1582155,28,4,,0,200,,1582156,28,4,,0,105,,1582158,28,4,,0,52,,1582157,28,4,,0,17,,1582154,28,4,,0,74,,1582151,28,4,,0,30,,1582152,28,4,,0,69,,1582153,28,4,,0,107,,1582159,28,4,,0
