5302,'20261006',708,,1601730,15,,,0,29,,1601731,15,,,0,71,,1601732,15,,,0,34,,1601733,15,,,0,81,,1601734,15,,,0,85,,1601735,15,,,0,100,,1601736,15,,,0,101,,1601737,15,,,0,100,,1601738,15,,,0,100,,1601739,15,,,0,45,,1601740,15,,,0,85,,1601741,15,,,0,65,,1601742,15,,,0,31,,1601743,15,,,0,76,,1601744,15,,,0,27,,1601745,15,,,0,69,,1601746,15,,,0,101,,1601747,15,,,0,100,,1601748,15,,,0,104,,1601749,15,,,0,104,,1601750,15,,,0,103,,1601751,15,,,0
5302,'20261007',708,,1601752,15,,,0,29,,1601753,15,,,0,71,,1601754,15,,,0,34,,1601755,15,,,0,81,,1601756,15,,,0,85,,1601757,15,,,0,100,,1601758,15,,,0,101,,1601759,15,,,0,100,,1601760,15,,,0,100,,1601761,15,,,0,45,,1601762,15,,,0,85,,1601763,15,,,0,65,,1601764,15,,,0,31,,1601765,15,,,0,76,,1601766,15,,,0,27,,1601767,15,,,0,69,,1601768,15,,,0,101,,1601769,15,,,0,100,,1601770,15,,,0,104,,1601771,15,,,0,104,,1601772,15,,,0,103,,1601773,15,,,0
5302,'20261008',708,,1601774,15,,,0,29,,1601775,15,,,0,71,,1601776,15,,,0,34,,1601777,15,,,0,81,,1601778,15,,,0,85,,1601779,15,,,0,100,,1601780,15,,,0,101,,1601781,15,,,0,100,,1601782,15,,,0,100,,1601783,15,,,0,45,,1601784,15,,,0,85,,1601785,15,,,0,65,,1601786,15,,,0,31,,1601787,15,,,0,76,,1601788,15,,,0,27,,1601789,15,,,0,69,,1601790,15,,,0,101,,1601791,15,,,0,100,,1601792,15,,,0,104,,1601793,15,,,0,104,,1601794,15,,,0,103,,1601795,15,,,0
5302,'20261009',708,,1601796,15,,,0,29,,1601797,15,,,0,71,,1601798,15,,,0,34,,1601799,15,,,0,81,,1601800,15,,,0,85,,1601801,15,,,0,100,,1601802,15,,,0,101,,1601803,15,,,0,100,,1601804,15,,,0,100,,1601805,15,,,0,45,,1601806,15,,,0,85,,1601807,15,,,0,65,,1601808,15,,,0,31,,1601809,15,,,0,76,,1601810,15,,,0,27,,1601811,15,,,0,69,,1601812,15,,,0,101,,1601813,15,,,0,100,,1601814,15,,,0,104,,1601815,15,,,0,104,,1601816,15,,,0,103,,1601817,15,,,0
5302,'20261010',711,,1545934,15,,,0,101,,1545921,15,,,0,101,,1545922,15,,,0,100,,1545933,15,,,0,98,,1545923,15,,,0,99,,1545924,15,,,0,100,,1545935,15,,,0,99,,1545925,15,,,0,97,,1545926,15,,,0,104,,1545936,15,,,0,96,,1545927,15,,,0,105,,1545928,15,,,0,100,,1545932,15,,,0,100,,1545929,15,,,0,99,,1545930,15,,,0,98,,1545937,15,,,0,106,,1545931,15,,,0
5302,'20261011',711,,1545949,15,,,0,101,,1545939,15,,,0,101,,1545945,15,,,0,100,,1545950,15,,,0,98,,1545940,15,,,0,99,,1545944,15,,,0,100,,1545954,15,,,0,99,,1545938,15,,,0,97,,1545947,15,,,0,104,,1545952,15,,,0,96,,1545946,15,,,0,105,,1545943,15,,,0,100,,1545951,15,,,0,100,,1545948,15,,,0,99,,1545942,15,,,0,98,,1545953,15,,,0,106,,1545941,15,,,0
5302,'20261012',711,,1545966,15,,,0,101,,1545956,15,,,0,101,,1545962,15,,,0,100,,1545967,15,,,0,98,,1545957,15,,,0,99,,1545961,15,,,0,100,,1545971,15,,,0,99,,1545955,15,,,0,97,,1545964,15,,,0,104,,1545969,15,,,0,96,,1545963,15,,,0,105,,1545960,15,,,0,100,,1545968,15,,,0,100,,1545965,15,,,0,99,,1545959,15,,,0,98,,1545970,15,,,0,106,,1545958,15,,,0
5302,'20261013',708,,1570111,15,,,0,29,,1570114,15,,,0,71,,1570093,15,,,0,34,,1570105,15,,,0,81,,1570113,15,,,0,85,,1570106,15,,,0,100,,1570094,15,,,0,101,,1570110,15,,,0,100,,1570107,15,,,0,100,,1570108,15,,,0,45,,1570109,15,,,0,85,,1570103,15,,,0,65,,1570095,15,,,0,31,,1570102,15,,,0,76,,1570100,15,,,0,27,,1570096,15,,,0,69,,1570097,15,,,0,101,,1570101,15,,,0,100,,1570098,15,,,0,104,,1570099,15,,,0,104,,1570104,15,,,0,103,,1570112,15,,,0
5302,'20261014',708,,1570133,15,,,0,29,,1570136,15,,,0,71,,1570115,15,,,0,34,,1570127,15,,,0,81,,1570135,15,,,0,85,,1570128,15,,,0,100,,1570116,15,,,0,101,,1570132,15,,,0,100,,1570129,15,,,0,100,,1570130,15,,,0,45,,1570131,15,,,0,85,,1570125,15,,,0,65,,1570117,15,,,0,31,,1570124,15,,,0,76,,1570122,15,,,0,27,,1570118,15,,,0,69,,1570119,15,,,0,101,,1570123,15,,,0,100,,1570120,15,,,0,104,,1570121,15,,,0,104,,1570126,15,,,0,103,,1570134,15,,,0
5302,'20261015',708,,1570155,15,,,0,29,,1570158,15,,,0,71,,1570137,15,,,0,34,,1570149,15,,,0,81,,1570157,15,,,0,85,,1570150,15,,,0,100,,1570138,15,,,0,101,,1570154,15,,,0,100,,1570151,15,,,0,100,,1570152,15,,,0,45,,1570153,15,,,0,85,,1570147,15,,,0,65,,1570139,15,,,0,31,,1570146,15,,,0,76,,1570144,15,,,0,27,,1570140,15,,,0,69,,1570141,15,,,0,101,,1570145,15,,,0,100,,1570142,15,,,0,104,,1570143,15,,,0,104,,1570148,15,,,0,103,,1570156,15,,,0
5302,'20261016',708,,1570177,15,,,0,29,,1570180,15,,,0,71,,1570159,15,,,0,34,,1570171,15,,,0,81,,1570179,15,,,0,85,,1570172,15,,,0,100,,1570160,15,,,0,101,,1570176,15,,,0,100,,1570173,15,,,0,100,,1570174,15,,,0,45,,1570175,15,,,0,85,,1570169,15,,,0,65,,1570161,15,,,0,31,,1570168,15,,,0,76,,1570166,15,,,0,27,,1570162,15,,,0,69,,1570163,15,,,0,101,,1570167,15,,,0,100,,1570164,15,,,0,104,,1570165,15,,,0,104,,1570170,15,,,0,103,,1570178,15,,,0
5302,'20261017',711,,1601831,15,,,0,101,,1601818,15,,,0,101,,1601819,15,,,0,100,,1601830,15,,,0,98,,1601820,15,,,0,99,,1601821,15,,,0,100,,1601832,15,,,0,99,,1601822,15,,,0,97,,1601823,15,,,0,104,,1601833,15,,,0,96,,1601824,15,,,0,105,,1601825,15,,,0,100,,1601829,15,,,0,100,,1601826,15,,,0,99,,1601827,15,,,0,98,,1601834,15,,,0,106,,1601828,15,,,0
5302,'20261018',711,,1601846,15,,,0,101,,1601836,15,,,0,101,,1601842,15,,,0,100,,1601847,15,,,0,98,,1601837,15,,,0,99,,1601841,15,,,0,100,,1601851,15,,,0,99,,1601835,15,,,0,97,,1601844,15,,,0,104,,1601849,15,,,0,96,,1601843,15,,,0,105,,1601840,15,,,0,100,,1601848,15,,,0,100,,1601845,15,,,0,99,,1601839,15,,,0,98,,1601850,15,,,0,106,,1601838,15,,,0
5302,'20261019',708,,1601870,15,,,0,29,,1601873,15,,,0,71,,1601852,15,,,0,34,,1601864,15,,,0,81,,1601872,15,,,0,85,,1601865,15,,,0,100,,1601853,15,,,0,101,,1601869,15,,,0,100,,1601866,15,,,0,100,,1601867,15,,,0,45,,1601868,15,,,0,85,,1601862,15,,,0,65,,1601854,15,,,0,31,,1601861,15,,,0,76,,1601859,15,,,0,27,,1601855,15,,,0,69,,1601856,15,,,0,101,,1601860,15,,,0,100,,1601857,15,,,0,104,,1601858,15,,,0,104,,1601863,15,,,0,103,,1601871,15,,,0
5302,'20261020',708,,1601892,15,,,0,29,,1601895,15,,,0,71,,1601874,15,,,0,34,,1601886,15,,,0,81,,1601894,15,,,0,85,,1601887,15,,,0,100,,1601875,15,,,0,101,,1601891,15,,,0,100,,1601888,15,,,0,100,,1601889,15,,,0,45,,1601890,15,,,0,85,,1601884,15,,,0,65,,1601876,15,,,0,31,,1601883,15,,,0,76,,1601881,15,,,0,27,,1601877,15,,,0,69,,1601878,15,,,0,101,,1601882,15,,,0,100,,1601879,15,,,0,104,,1601880,15,,,0,104,,1601885,15,,,0,103,,1601893,15,,,0
25300,'20261006',1600,,1611880,14,4,,0,30,,1611881,14,4,,0,72,,1611882,14,4,,0,30,,1611883,14,4,,0
25300,'20261007',1600,,1611884,14,4,,0,30,,1611885,14,4,,0,72,,1611886,14,4,,0,30,,1611887,14,4,,0
25300,'20261008',1600,,1611888,14,4,,0,30,,1611889,14,4,,0,72,,1611890,14,4,,0,30,,1611891,14,4,,0
25300,'20261009',1600,,1611892,14,4,,0,30,,1611893,14,4,,0,72,,1611894,14,4,,0,30,,1611895,14,4,,0
25300,'20261013',1600,,1580145,14,4,,0,30,,1580146,14,4,,0,72,,1580147,14,4,,0,30,,1580148,14,4,,0
25300,'20261014',1600,,1580149,14,4,,0,30,,1580150,14,4,,0,72,,1580151,14,4,,0,30,,1580152,14,4,,0
25300,'20261015',1600,,1580153,14,4,,0,30,,1580154,14,4,,0,72,,1580155,14,4,,0,30,,1580156,14,4,,0
25300,'20261016',1600,,1580157,14,4,,0,30,,1580158,14,4,,0,72,,1580159,14,4,,0,30,,1580160,14,4,,0
25300,'20261019',1600,,1611896,14,4,,0,30,,1611897,14,4,,0,72,,1611898,14,4,,0,30,,1611899,14,4,,0
25300,'20261020',1600,,1611900,14,4,,0,30,,1611901,14,4,,0,72,,1611902,14,4,,0,30,,1611903,14,4,,0
