7400,'20261002',749,,1574517,69,,,1,98,,1574518,69,,,1,98,,1574519,69,,,1,99,,1574520,69,,,1,101,,1574521,69,,,1,100,,1574522,69,,,1,100,,1574523,69,,,1,102,,1574524,69,,,1,101,,1574525,69,,,1,100,,1574526,69,,,1,99,,1574527,69,,,1,99,,1574528,69,,,1,97,,1574529,69,,,1,100,,1574530,69,,,1,100,,1574531,69,,,1,100,,1574532,69,,,1,100,,1574533,69,,,1
7400,'20261003',843,,1574534,69,,,1,101,,1574535,69,,,1,100,,1574536,69,,,1,100,,1574537,69,,,1,100,,1574538,69,,,1,100,,1574539,69,,,1,100,,1574540,69,,,1,101,,1574541,69,,,1,100,,1574542,69,,,1,101,,1574543,69,,,1,100,,1574544,69,,,1,98,,1574545,69,,,1,99,,1574546,69,,,1,100,,1574547,69,,,1,100,,1574548,69,,,1,100,,1574549,69,,,1,169,,1574550,69,,,1
7400,'20261004',843,,1574551,69,,,1,101,,1574552,69,,,1,100,,1574553,69,,,1,100,,1574554,69,,,1,100,,1574555,69,,,1,100,,1574556,69,,,1,100,,1574557,69,,,1,101,,1574558,69,,,1,100,,1574559,69,,,1,101,,1574560,69,,,1,100,,1574561,69,,,1,98,,1574562,69,,,1,99,,1574563,69,,,1,100,,1574564,69,,,1,100,,1574565,69,,,1,100,,1574566,69,,,1,169,,1574567,69,,,1
7400,'20261005',749,,1574572,69,,,1,98,,1574573,69,,,1,98,,1574574,69,,,1,99,,1574575,69,,,1,101,,1574576,69,,,1,100,,1574577,69,,,1,100,,1574578,69,,,1,102,,1574579,69,,,1,101,,1574580,69,,,1,100,,1574581,69,,,1,99,,1574582,69,,,1,99,,1574583,69,,,1,97,,1574584,69,,,1,100,,1574585,69,,,1,100,,1574586,69,,,1,100,,1574587,69,,,1,100,,1574588,69,,,1
7400,'20261006',749,,1521327,69,,,1,98,,1521314,69,,,1,98,,1521315,69,,,1,99,,1521316,69,,,1,101,,1521317,69,,,1,100,,1521318,69,,,1,100,,1521319,69,,,1,102,,1521320,69,,,1,101,,1521321,69,,,1,100,,1521322,69,,,1,99,,1521323,69,,,1,99,,1521324,69,,,1,97,,1521328,69,,,1,100,,1521329,69,,,1,100,,1521325,69,,,1,100,,1521330,69,,,1,100,,1521326,69,,,1
7400,'20261007',749,,1521348,69,,,1,98,,1521335,69,,,1,98,,1521336,69,,,1,99,,1521337,69,,,1,101,,1521338,69,,,1,100,,1521339,69,,,1,100,,1521340,69,,,1,102,,1521341,69,,,1,101,,1521342,69,,,1,100,,1521343,69,,,1,99,,1521344,69,,,1,99,,1521345,69,,,1,97,,1521349,69,,,1,100,,1521350,69,,,1,100,,1521346,69,,,1,100,,1521351,69,,,1,100,,1521347,69,,,1
7400,'20261008',749,,1521369,69,,,1,98,,1521356,69,,,1,98,,1521357,69,,,1,99,,1521358,69,,,1,101,,1521359,69,,,1,100,,1521360,69,,,1,100,,1521361,69,,,1,102,,1521362,69,,,1,101,,1521363,69,,,1,100,,1521364,69,,,1,99,,1521365,69,,,1,99,,1521366,69,,,1,97,,1521370,69,,,1,100,,1521371,69,,,1,100,,1521367,69,,,1,100,,1521372,69,,,1,100,,1521368,69,,,1
7400,'20261009',749,,1521390,69,,,1,98,,1521377,69,,,1,98,,1521378,69,,,1,99,,1521379,69,,,1,101,,1521380,69,,,1,100,,1521381,69,,,1,100,,1521382,69,,,1,102,,1521383,69,,,1,101,,1521384,69,,,1,100,,1521385,69,,,1,99,,1521386,69,,,1,99,,1521387,69,,,1,97,,1521391,69,,,1,100,,1521392,69,,,1,100,,1521388,69,,,1,100,,1521393,69,,,1,100,,1521389,69,,,1
7400,'20261010',843,,1549044,69,,,1,101,,1549058,69,,,1,100,,1549059,69,,,1,100,,1549045,69,,,1,100,,1549046,69,,,1,100,,1549047,69,,,1,100,,1549048,69,,,1,101,,1549049,69,,,1,100,,1549050,69,,,1,101,,1549051,69,,,1,100,,1549052,69,,,1,98,,1549053,69,,,1,99,,1549054,69,,,1,100,,1549055,69,,,1,100,,1549056,69,,,1,100,,1549057,69,,,1,169,,1549060,69,,,1
7400,'20261011',843,,1549061,69,,,1,101,,1549075,69,,,1,100,,1549062,69,,,1,100,,1549076,69,,,1,100,,1549069,69,,,1,100,,1549070,69,,,1,100,,1549071,69,,,1,101,,1549072,69,,,1,100,,1549073,69,,,1,101,,1549074,69,,,1,100,,1549063,69,,,1,98,,1549067,69,,,1,99,,1549068,69,,,1,100,,1549064,69,,,1,100,,1549065,69,,,1,100,,1549066,69,,,1,169,,1549077,69,,,1
7400,'20261012',843,,1549078,69,,,1,101,,1549092,69,,,1,100,,1549079,69,,,1,100,,1549093,69,,,1,100,,1549086,69,,,1,100,,1549087,69,,,1,100,,1549088,69,,,1,101,,1549089,69,,,1,100,,1549090,69,,,1,101,,1549091,69,,,1,100,,1549080,69,,,1,98,,1549084,69,,,1,99,,1549085,69,,,1,100,,1549081,69,,,1,100,,1549082,69,,,1,100,,1549083,69,,,1,169,,1549094,69,,,1
7400,'20261013',749,,1574602,69,,,1,98,,1574589,69,,,1,98,,1574590,69,,,1,99,,1574591,69,,,1,101,,1574592,69,,,1,100,,1574593,69,,,1,100,,1574594,69,,,1,102,,1574595,69,,,1,101,,1574596,69,,,1,100,,1574597,69,,,1,99,,1574598,69,,,1,99,,1574599,69,,,1,97,,1574603,69,,,1,100,,1574604,69,,,1,100,,1574600,69,,,1,100,,1574605,69,,,1,100,,1574601,69,,,1
7400,'20261014',749,,1574623,69,,,1,98,,1574610,69,,,1,98,,1574611,69,,,1,99,,1574612,69,,,1,101,,1574613,69,,,1,100,,1574614,69,,,1,100,,1574615,69,,,1,102,,1574616,69,,,1,101,,1574617,69,,,1,100,,1574618,69,,,1,99,,1574619,69,,,1,99,,1574620,69,,,1,97,,1574624,69,,,1,100,,1574625,69,,,1,100,,1574621,69,,,1,100,,1574626,69,,,1,100,,1574622,69,,,1
7400,'20261015',749,,1574644,69,,,1,98,,1574631,69,,,1,98,,1574632,69,,,1,99,,1574633,69,,,1,101,,1574634,69,,,1,100,,1574635,69,,,1,100,,1574636,69,,,1,102,,1574637,69,,,1,101,,1574638,69,,,1,100,,1574639,69,,,1,99,,1574640,69,,,1,99,,1574641,69,,,1,97,,1574645,69,,,1,100,,1574646,69,,,1,100,,1574642,69,,,1,100,,1574647,69,,,1,100,,1574643,69,,,1
7400,'20261016',749,,1574665,69,,,1,98,,1574652,69,,,1,98,,1574653,69,,,1,99,,1574654,69,,,1,101,,1574655,69,,,1,100,,1574656,69,,,1,100,,1574657,69,,,1,102,,1574658,69,,,1,101,,1574659,69,,,1,100,,1574660,69,,,1,99,,1574661,69,,,1,99,,1574662,69,,,1,97,,1574666,69,,,1,100,,1574667,69,,,1,100,,1574663,69,,,1,100,,1574668,69,,,1,100,,1574664,69,,,1
28401,'20261002',633,,1580987,30,,,0,24,,1580988,30,,,0,63,,1580989,30,,,0,15,,1580990,30,,,0,68,,1580991,30,,,0
28401,'20261005',633,,1580992,30,,,0,24,,1580993,30,,,0,63,,1580994,30,,,0,15,,1580995,30,,,0,68,,1580996,30,,,0
28401,'20261006',633,,1527724,30,,,0,24,,1527721,30,,,0,63,,1527725,30,,,0,15,,1527722,30,,,0,68,,1527723,30,,,0
28401,'20261007',633,,1527729,30,,,0,24,,1527726,30,,,0,63,,1527730,30,,,0,15,,1527727,30,,,0,68,,1527728,30,,,0
28401,'20261008',633,,1527734,30,,,0,24,,1527731,30,,,0,63,,1527735,30,,,0,15,,1527732,30,,,0,68,,1527733,30,,,0
28401,'20261009',633,,1527739,30,,,0,24,,1527736,30,,,0,63,,1527740,30,,,0,15,,1527737,30,,,0,68,,1527738,30,,,0
28401,'20261013',633,,1581000,30,,,0,24,,1580997,30,,,0,63,,1581001,30,,,0,15,,1580998,30,,,0,68,,1580999,30,,,0
28401,'20261014',633,,1581005,30,,,0,24,,1581002,30,,,0,63,,1581006,30,,,0,15,,1581003,30,,,0,68,,1581004,30,,,0
28401,'20261015',633,,1581010,30,,,0,24,,1581007,30,,,0,63,,1581011,30,,,0,15,,1581008,30,,,0,68,,1581009,30,,,0
28401,'20261016',633,,1581015,30,,,0,24,,1581012,30,,,0,63,,1581016,30,,,0,15,,1581013,30,,,0,68,,1581014,30,,,0
38401,'20261002',625,,1582075,30,,,0,27,,1582076,30,,,0,69,,1582077,30,,,0,184,,1582078,30,,,0
38401,'20261005',625,,1582079,30,,,0,27,,1582080,30,,,0,69,,1582081,30,,,0,184,,1582082,30,,,0
38401,'20261006',625,,1528809,30,,,0,27,,1528807,30,,,0,69,,1528808,30,,,0,184,,1528810,30,,,0
38401,'20261007',625,,1528813,30,,,0,27,,1528811,30,,,0,69,,1528812,30,,,0,184,,1528814,30,,,0
38401,'20261008',625,,1528817,30,,,0,27,,1528815,30,,,0,69,,1528816,30,,,0,184,,1528818,30,,,0
38401,'20261009',625,,1528821,30,,,0,27,,1528819,30,,,0,69,,1528820,30,,,0,184,,1528822,30,,,0
38401,'20261013',625,,1582085,30,,,0,27,,1582083,30,,,0,69,,1582084,30,,,0,184,,1582086,30,,,0
38401,'20261014',625,,1582089,30,,,0,27,,1582087,30,,,0,69,,1582088,30,,,0,184,,1582090,30,,,0
38401,'20261015',625,,1582093,30,,,0,27,,1582091,30,,,0,69,,1582092,30,,,0,184,,1582094,30,,,0
38401,'20261016',625,,1582097,30,,,0,27,,1582095,30,,,0,69,,1582096,30,,,0,184,,1582098,30,,,0
58401,'20261002',628,,1582786,30,,,0,26,,1582787,30,,,0,65,,1582788,30,,,0
58401,'20261005',628,,1582789,30,,,0,26,,1582790,30,,,0,65,,1582791,30,,,0
58401,'20261006',628,,1529517,30,,,0,26,,1529516,30,,,0,65,,1529518,30,,,0
58401,'20261007',628,,1529520,30,,,0,26,,1529519,30,,,0,65,,1529521,30,,,0
58401,'20261008',628,,1529523,30,,,0,26,,1529522,30,,,0,65,,1529524,30,,,0
58401,'20261009',628,,1529526,30,,,0,26,,1529525,30,,,0,65,,1529527,30,,,0
58401,'20261013',628,,1582793,30,,,0,26,,1582792,30,,,0,65,,1582794,30,,,0
58401,'20261014',628,,1582796,30,,,0,26,,1582795,30,,,0,65,,1582797,30,,,0
58401,'20261015',628,,1582799,30,,,0,26,,1582798,30,,,0,65,,1582800,30,,,0
58401,'20261016',628,,1582802,30,,,0,26,,1582801,30,,,0,65,,1582803,30,,,0
98400,'20261002',2620,,1593535,85,,,0
98400,'20261003',2620,,1593536,85,,,0
98400,'20261009',2620,,1540250,85,,,0
98400,'20261010',2620,,1561869,85,,,0
98400,'20261016',2620,,1593537,85,,,0
