3400,'20260929',639,,1544778,39,,,0,75,,1544779,39,,,0,37,,1544780,39,,,0,66,,1544781,39,,,0,96,,1544782,39,,,0,117,,1544783,39,,,0,200,,1544784,39,,,0,200,,1544785,39,,,0,224,,1544786,39,,,0,69,,1544787,39,,,0,32,,1544788,39,,,0,73,,1544789,39,,,0,29,,1544790,39,,,0,86,,1544791,39,,,0,193,,1544792,39,,,0,200,,1544793,39,,,0
3400,'20260930',639,,1544794,39,,,0,75,,1544795,39,,,0,37,,1544796,39,,,0,66,,1544797,39,,,0,96,,1544798,39,,,0,117,,1544799,39,,,0,200,,1544800,39,,,0,200,,1544801,39,,,0,224,,1544802,39,,,0,69,,1544803,39,,,0,32,,1544804,39,,,0,73,,1544805,39,,,0,29,,1544806,39,,,0,86,,1544807,39,,,0,193,,1544808,39,,,0,200,,1544809,39,,,0
3400,'20261001',639,,1544810,39,,,0,75,,1544811,39,,,0,37,,1544812,39,,,0,66,,1544813,39,,,0,96,,1544814,39,,,0,117,,1544815,39,,,0,200,,1544816,39,,,0,200,,1544817,39,,,0,224,,1544818,39,,,0,69,,1544819,39,,,0,32,,1544820,39,,,0,73,,1544821,39,,,0,29,,1544822,39,,,0,86,,1544823,39,,,0,193,,1544824,39,,,0,200,,1544825,39,,,0
3400,'20261002',639,,1467436,39,,,0,75,,1467423,39,,,0,37,,1467430,39,,,0,66,,1467437,39,,,0,96,,1467438,39,,,0,117,,1467435,39,,,0,200,,1467424,39,,,0,200,,1467433,39,,,0,224,,1467431,39,,,0,69,,1467425,39,,,0,32,,1467426,39,,,0,73,,1467427,39,,,0,29,,1467429,39,,,0,86,,1467432,39,,,0,193,,1467434,39,,,0,200,,1467428,39,,,0
3400,'20261003',644,,1490445,39,,,0,201,,1490446,39,,,0,199,,1490447,39,,,0,200,,1490449,39,,,0,200,,1490448,39,,,0,200,,1490451,39,,,0,202,,1490452,39,,,0,201,,1490453,39,,,0,200,,1490450,39,,,0
3400,'20261004',644,,1490456,39,,,0,201,,1490457,39,,,0,199,,1490458,39,,,0,200,,1490459,39,,,0,200,,1490460,39,,,0,200,,1490461,39,,,0,202,,1490462,39,,,0,201,,1490455,39,,,0,200,,1490454,39,,,0
3400,'20261005',639,,1490476,39,,,0,75,,1490463,39,,,0,37,,1490470,39,,,0,66,,1490477,39,,,0,96,,1490478,39,,,0,117,,1490475,39,,,0,200,,1490464,39,,,0,200,,1490473,39,,,0,224,,1490471,39,,,0,69,,1490465,39,,,0,32,,1490466,39,,,0,73,,1490467,39,,,0,29,,1490469,39,,,0,86,,1490472,39,,,0,193,,1490474,39,,,0,200,,1490468,39,,,0
3400,'20261006',639,,1515279,39,,,0,75,,1515266,39,,,0,37,,1515273,39,,,0,66,,1515280,39,,,0,96,,1515281,39,,,0,117,,1515278,39,,,0,200,,1515267,39,,,0,200,,1515276,39,,,0,224,,1515274,39,,,0,69,,1515268,39,,,0,32,,1515269,39,,,0,73,,1515270,39,,,0,29,,1515272,39,,,0,86,,1515275,39,,,0,193,,1515277,39,,,0,200,,1515271,39,,,0
3400,'20261007',639,,1515295,39,,,0,75,,1515282,39,,,0,37,,1515289,39,,,0,66,,1515296,39,,,0,96,,1515297,39,,,0,117,,1515294,39,,,0,200,,1515283,39,,,0,200,,1515292,39,,,0,224,,1515290,39,,,0,69,,1515284,39,,,0,32,,1515285,39,,,0,73,,1515286,39,,,0,29,,1515288,39,,,0,86,,1515291,39,,,0,193,,1515293,39,,,0,200,,1515287,39,,,0
3400,'20261008',639,,1515311,39,,,0,75,,1515298,39,,,0,37,,1515305,39,,,0,66,,1515312,39,,,0,96,,1515313,39,,,0,117,,1515310,39,,,0,200,,1515299,39,,,0,200,,1515308,39,,,0,224,,1515306,39,,,0,69,,1515300,39,,,0,32,,1515301,39,,,0,73,,1515302,39,,,0,29,,1515304,39,,,0,86,,1515307,39,,,0,193,,1515309,39,,,0,200,,1515303,39,,,0
3400,'20261009',639,,1515327,39,,,0,75,,1515314,39,,,0,37,,1515321,39,,,0,66,,1515328,39,,,0,96,,1515329,39,,,0,117,,1515326,39,,,0,200,,1515315,39,,,0,200,,1515324,39,,,0,224,,1515322,39,,,0,69,,1515316,39,,,0,32,,1515317,39,,,0,73,,1515318,39,,,0,29,,1515320,39,,,0,86,,1515323,39,,,0,193,,1515325,39,,,0,200,,1515319,39,,,0
3400,'20261010',644,,1544826,39,,,0,201,,1544827,39,,,0,199,,1544828,39,,,0,200,,1544830,39,,,0,200,,1544829,39,,,0,200,,1544832,39,,,0,202,,1544833,39,,,0,201,,1544834,39,,,0,200,,1544831,39,,,0
3400,'20261011',644,,1544837,39,,,0,201,,1544838,39,,,0,199,,1544839,39,,,0,200,,1544840,39,,,0,200,,1544841,39,,,0,200,,1544842,39,,,0,202,,1544843,39,,,0,201,,1544836,39,,,0,200,,1544835,39,,,0
3400,'20261012',644,,1544846,39,,,0,201,,1544847,39,,,0,199,,1544848,39,,,0,200,,1544849,39,,,0,200,,1544850,39,,,0,200,,1544851,39,,,0,202,,1544852,39,,,0,201,,1544845,39,,,0,200,,1544844,39,,,0
