7001,'20260929',601,,1547958,34,,,0,19,,1547959,34,,,0,16,,1547960,34,,,0,19,,1547961,34,,,0,60,,1547962,34,,,0,20,,1547963,34,,,0,19,,1547964,34,,,0,58,,1547965,34,,,0,21,,1547966,34,,,0,21,,1547967,34,,,0,59,,1547968,34,,,0,19,,1547969,34,,,0,18,,1547970,34,,,0,59,,1547971,34,,,0,20,,1547972,34,,,0,20,,1547973,34,,,0,60,,1547974,34,,,0,21,,1547975,34,,,0,20,,1547976,34,,,0,60,,1547977,34,,,0,21,,1547978,34,,,0,20,,1547979,34,,,0,60,,1547980,34,,,0,17,,1547981,34,,,0,22,,1547982,34,,,0,58,,1547983,34,,,0,22,,1547984,34,,,0,19,,1547985,34,,,0,63,,1547986,34,,,0,21,,1547987,34,,,0,19,,1547988,34,,,0,61,,1547989,34,,,0,27,,1547990,34,,,0,63,,1547991,34,,,0,23,,1547992,34,,,0,22,,1547993,34,,,0,62,,1547994,34,,,0,21,,1547995,34,,,0,69,,1547996,34,,,0,30,,1547997,34,,,0,71,,1547998,34,,,0,30,,1547999,34,,,0,70,,1548000,34,,,0,32,,1548001,34,,,0,71,,1548002,34,,,0,30,,1548003,34,,,0,70,,1548004,34,,,0
7001,'20260930',601,,1548005,34,,,0,19,,1548006,34,,,0,16,,1548007,34,,,0,19,,1548008,34,,,0,60,,1548009,34,,,0,20,,1548010,34,,,0,19,,1548011,34,,,0,58,,1548012,34,,,0,21,,1548013,34,,,0,21,,1548014,34,,,0,59,,1548015,34,,,0,19,,1548016,34,,,0,18,,1548017,34,,,0,59,,1548018,34,,,0,20,,1548019,34,,,0,20,,1548020,34,,,0,60,,1548021,34,,,0,21,,1548022,34,,,0,20,,1548023,34,,,0,60,,1548024,34,,,0,21,,1548025,34,,,0,20,,1548026,34,,,0,60,,1548027,34,,,0,17,,1548028,34,,,0,22,,1548029,34,,,0,58,,1548030,34,,,0,22,,1548031,34,,,0,19,,1548032,34,,,0,63,,1548033,34,,,0,21,,1548034,34,,,0,19,,1548035,34,,,0,61,,1548036,34,,,0,27,,1548037,34,,,0,63,,1548038,34,,,0,23,,1548039,34,,,0,22,,1548040,34,,,0,62,,1548041,34,,,0,21,,1548042,34,,,0,69,,1548043,34,,,0,30,,1548044,34,,,0,71,,1548045,34,,,0,30,,1548046,34,,,0,70,,1548047,34,,,0,32,,1548048,34,,,0,71,,1548049,34,,,0,30,,1548050,34,,,0,70,,1548051,34,,,0
7001,'20261001',601,,1548052,34,,,0,19,,1548053,34,,,0,16,,1548054,34,,,0,19,,1548055,34,,,0,60,,1548056,34,,,0,20,,1548057,34,,,0,19,,1548058,34,,,0,58,,1548059,34,,,0,21,,1548060,34,,,0,21,,1548061,34,,,0,59,,1548062,34,,,0,19,,1548063,34,,,0,18,,1548064,34,,,0,59,,1548065,34,,,0,20,,1548066,34,,,0,20,,1548067,34,,,0,60,,1548068,34,,,0,21,,1548069,34,,,0,20,,1548070,34,,,0,60,,1548071,34,,,0,21,,1548072,34,,,0,20,,1548073,34,,,0,60,,1548074,34,,,0,17,,1548075,34,,,0,22,,1548076,34,,,0,58,,1548077,34,,,0,22,,1548078,34,,,0,19,,1548079,34,,,0,63,,1548080,34,,,0,21,,1548081,34,,,0,19,,1548082,34,,,0,61,,1548083,34,,,0,27,,1548084,34,,,0,63,,1548085,34,,,0,23,,1548086,34,,,0,22,,1548087,34,,,0,62,,1548088,34,,,0,21,,1548089,34,,,0,69,,1548090,34,,,0,30,,1548091,34,,,0,71,,1548092,34,,,0,30,,1548093,34,,,0,70,,1548094,34,,,0,32,,1548095,34,,,0,71,,1548096,34,,,0,30,,1548097,34,,,0,70,,1548098,34,,,0
7001,'20261002',601,,1470884,34,,,0,19,,1470901,34,,,0,16,,1470902,34,,,0,19,,1470885,34,,,0,60,,1470903,34,,,0,20,,1470904,34,,,0,19,,1470886,34,,,0,58,,1470905,34,,,0,21,,1470906,34,,,0,21,,1470887,34,,,0,59,,1470907,34,,,0,19,,1470908,34,,,0,18,,1470888,34,,,0,59,,1470909,34,,,0,20,,1470910,34,,,0,20,,1470889,34,,,0,60,,1470911,34,,,0,21,,1470912,34,,,0,20,,1470890,34,,,0,60,,1470913,34,,,0,21,,1470914,34,,,0,20,,1470891,34,,,0,60,,1470915,34,,,0,17,,1470916,34,,,0,22,,1470892,34,,,0,58,,1470917,34,,,0,22,,1470918,34,,,0,19,,1470893,34,,,0,63,,1470919,34,,,0,21,,1470920,34,,,0,19,,1470894,34,,,0,61,,1470921,34,,,0,27,,1470922,34,,,0,63,,1470895,34,,,0,23,,1470923,34,,,0,22,,1470924,34,,,0,62,,1470896,34,,,0,21,,1470925,34,,,0,69,,1470897,34,,,0,30,,1470926,34,,,0,71,,1470898,34,,,0,30,,1470927,34,,,0,70,,1470899,34,,,0,32,,1470928,34,,,0,71,,1470900,34,,,0,30,,1470929,34,,,0,70,,1470930,34,,,0
7001,'20261003',601,,1493861,34,,,0,30,,1493877,34,,,0,70,,1493862,34,,,0,30,,1493878,34,,,0,69,,1493863,34,,,0,30,,1493879,34,,,0,29,,1493864,34,,,0,70,,1493880,34,,,0,30,,1493865,34,,,0,70,,1493881,34,,,0,30,,1493866,34,,,0,69,,1493882,34,,,0,29,,1493867,34,,,0,70,,1493883,34,,,0,30,,1493868,34,,,0,70,,1493884,34,,,0,30,,1493885,34,,,0,70,,1493886,34,,,0,30,,1493887,34,,,0,70,,1493888,34,,,0,28,,1493869,34,,,0,70,,1493889,34,,,0,32,,1493870,34,,,0,72,,1493890,34,,,0,73,,1493871,34,,,0,30,,1493891,34,,,0,70,,1493892,34,,,0,30,,1493872,34,,,0,70,,1493893,34,,,0,30,,1493873,34,,,0,71,,1493876,34,,,0,30,,1493874,34,,,0,70,,1493894,34,,,0,30,,1493875,34,,,0
7001,'20261004',601,,1493895,34,,,0,30,,1493912,34,,,0,70,,1493896,34,,,0,30,,1493913,34,,,0,69,,1493897,34,,,0,30,,1493911,34,,,0,29,,1493898,34,,,0,70,,1493914,34,,,0,30,,1493899,34,,,0,70,,1493915,34,,,0,30,,1493900,34,,,0,69,,1493916,34,,,0,29,,1493901,34,,,0,70,,1493917,34,,,0,30,,1493902,34,,,0,70,,1493918,34,,,0,30,,1493919,34,,,0,70,,1493920,34,,,0,30,,1493921,34,,,0,70,,1493922,34,,,0,28,,1493903,34,,,0,70,,1493923,34,,,0,32,,1493904,34,,,0,72,,1493924,34,,,0,73,,1493905,34,,,0,30,,1493925,34,,,0,70,,1493926,34,,,0,30,,1493906,34,,,0,70,,1493927,34,,,0,30,,1493907,34,,,0,71,,1493910,34,,,0,30,,1493908,34,,,0,70,,1493928,34,,,0,30,,1493909,34,,,0
7001,'20261005',601,,1493929,34,,,0,19,,1493946,34,,,0,16,,1493947,34,,,0,19,,1493930,34,,,0,60,,1493948,34,,,0,20,,1493949,34,,,0,19,,1493931,34,,,0,58,,1493950,34,,,0,21,,1493951,34,,,0,21,,1493932,34,,,0,59,,1493952,34,,,0,19,,1493953,34,,,0,18,,1493933,34,,,0,59,,1493954,34,,,0,20,,1493955,34,,,0,20,,1493934,34,,,0,60,,1493956,34,,,0,21,,1493957,34,,,0,20,,1493935,34,,,0,60,,1493958,34,,,0,21,,1493959,34,,,0,20,,1493936,34,,,0,60,,1493960,34,,,0,17,,1493961,34,,,0,22,,1493937,34,,,0,58,,1493962,34,,,0,22,,1493963,34,,,0,19,,1493938,34,,,0,63,,1493964,34,,,0,21,,1493965,34,,,0,19,,1493939,34,,,0,61,,1493966,34,,,0,27,,1493967,34,,,0,63,,1493940,34,,,0,23,,1493968,34,,,0,22,,1493969,34,,,0,62,,1493941,34,,,0,21,,1493970,34,,,0,69,,1493942,34,,,0,30,,1493971,34,,,0,71,,1493943,34,,,0,30,,1493972,34,,,0,70,,1493944,34,,,0,32,,1493973,34,,,0,71,,1493945,34,,,0,30,,1493974,34,,,0,70,,1493975,34,,,0
7001,'20261006',601,,1519902,34,,,0,19,,1519919,34,,,0,16,,1519920,34,,,0,19,,1519903,34,,,0,60,,1519921,34,,,0,20,,1519922,34,,,0,19,,1519904,34,,,0,58,,1519923,34,,,0,21,,1519924,34,,,0,21,,1519905,34,,,0,59,,1519925,34,,,0,19,,1519926,34,,,0,18,,1519906,34,,,0,59,,1519927,34,,,0,20,,1519928,34,,,0,20,,1519907,34,,,0,60,,1519929,34,,,0,21,,1519930,34,,,0,20,,1519908,34,,,0,60,,1519931,34,,,0,21,,1519932,34,,,0,20,,1519909,34,,,0,60,,1519933,34,,,0,17,,1519934,34,,,0,22,,1519910,34,,,0,58,,1519935,34,,,0,22,,1519936,34,,,0,19,,1519911,34,,,0,63,,1519937,34,,,0,21,,1519938,34,,,0,19,,1519912,34,,,0,61,,1519939,34,,,0,27,,1519940,34,,,0,63,,1519913,34,,,0,23,,1519941,34,,,0,22,,1519942,34,,,0,62,,1519914,34,,,0,21,,1519943,34,,,0,69,,1519915,34,,,0,30,,1519944,34,,,0,71,,1519916,34,,,0,30,,1519945,34,,,0,70,,1519917,34,,,0,32,,1519946,34,,,0,71,,1519918,34,,,0,30,,1519947,34,,,0,70,,1519948,34,,,0
7001,'20261007',601,,1519949,34,,,0,19,,1519966,34,,,0,16,,1519967,34,,,0,19,,1519950,34,,,0,60,,1519968,34,,,0,20,,1519969,34,,,0,19,,1519951,34,,,0,58,,1519970,34,,,0,21,,1519971,34,,,0,21,,1519952,34,,,0,59,,1519972,34,,,0,19,,1519973,34,,,0,18,,1519953,34,,,0,59,,1519974,34,,,0,20,,1519975,34,,,0,20,,1519954,34,,,0,60,,1519976,34,,,0,21,,1519977,34,,,0,20,,1519955,34,,,0,60,,1519978,34,,,0,21,,1519979,34,,,0,20,,1519956,34,,,0,60,,1519980,34,,,0,17,,1519981,34,,,0,22,,1519957,34,,,0,58,,1519982,34,,,0,22,,1519983,34,,,0,19,,1519958,34,,,0,63,,1519984,34,,,0,21,,1519985,34,,,0,19,,1519959,34,,,0,61,,1519986,34,,,0,27,,1519987,34,,,0,63,,1519960,34,,,0,23,,1519988,34,,,0,22,,1519989,34,,,0,62,,1519961,34,,,0,21,,1519990,34,,,0,69,,1519962,34,,,0,30,,1519991,34,,,0,71,,1519963,34,,,0,30,,1519992,34,,,0,70,,1519964,34,,,0,32,,1519993,34,,,0,71,,1519965,34,,,0,30,,1519994,34,,,0,70,,1519995,34,,,0
7001,'20261008',601,,1519996,34,,,0,19,,1520013,34,,,0,16,,1520014,34,,,0,19,,1519997,34,,,0,60,,1520015,34,,,0,20,,1520016,34,,,0,19,,1519998,34,,,0,58,,1520017,34,,,0,21,,1520018,34,,,0,21,,1519999,34,,,0,59,,1520019,34,,,0,19,,1520020,34,,,0,18,,1520000,34,,,0,59,,1520021,34,,,0,20,,1520022,34,,,0,20,,1520001,34,,,0,60,,1520023,34,,,0,21,,1520024,34,,,0,20,,1520002,34,,,0,60,,1520025,34,,,0,21,,1520026,34,,,0,20,,1520003,34,,,0,60,,1520027,34,,,0,17,,1520028,34,,,0,22,,1520004,34,,,0,58,,1520029,34,,,0,22,,1520030,34,,,0,19,,1520005,34,,,0,63,,1520031,34,,,0,21,,1520032,34,,,0,19,,1520006,34,,,0,61,,1520033,34,,,0,27,,1520034,34,,,0,63,,1520007,34,,,0,23,,1520035,34,,,0,22,,1520036,34,,,0,62,,1520008,34,,,0,21,,1520037,34,,,0,69,,1520009,34,,,0,30,,1520038,34,,,0,71,,1520010,34,,,0,30,,1520039,34,,,0,70,,1520011,34,,,0,32,,1520040,34,,,0,71,,1520012,34,,,0,30,,1520041,34,,,0,70,,1520042,34,,,0
7001,'20261009',601,,1520043,34,,,0,19,,1520060,34,,,0,16,,1520061,34,,,0,19,,1520044,34,,,0,60,,1520062,34,,,0,20,,1520063,34,,,0,19,,1520045,34,,,0,58,,1520064,34,,,0,21,,1520065,34,,,0,21,,1520046,34,,,0,59,,1520066,34,,,0,19,,1520067,34,,,0,18,,1520047,34,,,0,59,,1520068,34,,,0,20,,1520069,34,,,0,20,,1520048,34,,,0,60,,1520070,34,,,0,21,,1520071,34,,,0,20,,1520049,34,,,0,60,,1520072,34,,,0,21,,1520073,34,,,0,20,,1520050,34,,,0,60,,1520074,34,,,0,17,,1520075,34,,,0,22,,1520051,34,,,0,58,,1520076,34,,,0,22,,1520077,34,,,0,19,,1520052,34,,,0,63,,1520078,34,,,0,21,,1520079,34,,,0,19,,1520053,34,,,0,61,,1520080,34,,,0,27,,1520081,34,,,0,63,,1520054,34,,,0,23,,1520082,34,,,0,22,,1520083,34,,,0,62,,1520055,34,,,0,21,,1520084,34,,,0,69,,1520056,34,,,0,30,,1520085,34,,,0,71,,1520057,34,,,0,30,,1520086,34,,,0,70,,1520058,34,,,0,32,,1520087,34,,,0,71,,1520059,34,,,0,30,,1520088,34,,,0,70,,1520089,34,,,0
7001,'20261010',601,,1548099,34,,,0,30,,1548115,34,,,0,70,,1548100,34,,,0,30,,1548116,34,,,0,69,,1548101,34,,,0,30,,1548117,34,,,0,29,,1548102,34,,,0,70,,1548118,34,,,0,30,,1548103,34,,,0,70,,1548119,34,,,0,30,,1548104,34,,,0,69,,1548120,34,,,0,29,,1548105,34,,,0,70,,1548121,34,,,0,30,,1548106,34,,,0,70,,1548122,34,,,0,30,,1548123,34,,,0,70,,1548124,34,,,0,30,,1548125,34,,,0,70,,1548126,34,,,0,28,,1548107,34,,,0,70,,1548127,34,,,0,32,,1548108,34,,,0,72,,1548128,34,,,0,73,,1548109,34,,,0,30,,1548129,34,,,0,70,,1548130,34,,,0,30,,1548110,34,,,0,70,,1548131,34,,,0,30,,1548111,34,,,0,71,,1548114,34,,,0,30,,1548112,34,,,0,70,,1548132,34,,,0,30,,1548113,34,,,0
7001,'20261011',601,,1548133,34,,,0,30,,1548150,34,,,0,70,,1548134,34,,,0,30,,1548151,34,,,0,69,,1548135,34,,,0,30,,1548149,34,,,0,29,,1548136,34,,,0,70,,1548152,34,,,0,30,,1548137,34,,,0,70,,1548153,34,,,0,30,,1548138,34,,,0,69,,1548154,34,,,0,29,,1548139,34,,,0,70,,1548155,34,,,0,30,,1548140,34,,,0,70,,1548156,34,,,0,30,,1548157,34,,,0,70,,1548158,34,,,0,30,,1548159,34,,,0,70,,1548160,34,,,0,28,,1548141,34,,,0,70,,1548161,34,,,0,32,,1548142,34,,,0,72,,1548162,34,,,0,73,,1548143,34,,,0,30,,1548163,34,,,0,70,,1548164,34,,,0,30,,1548144,34,,,0,70,,1548165,34,,,0,30,,1548145,34,,,0,71,,1548148,34,,,0,30,,1548146,34,,,0,70,,1548166,34,,,0,30,,1548147,34,,,0
7001,'20261012',601,,1548167,34,,,0,30,,1548184,34,,,0,70,,1548168,34,,,0,30,,1548185,34,,,0,69,,1548169,34,,,0,30,,1548183,34,,,0,29,,1548170,34,,,0,70,,1548186,34,,,0,30,,1548171,34,,,0,70,,1548187,34,,,0,30,,1548172,34,,,0,69,,1548188,34,,,0,29,,1548173,34,,,0,70,,1548189,34,,,0,30,,1548174,34,,,0,70,,1548190,34,,,0,30,,1548191,34,,,0,70,,1548192,34,,,0,30,,1548193,34,,,0,70,,1548194,34,,,0,28,,1548175,34,,,0,70,,1548195,34,,,0,32,,1548176,34,,,0,72,,1548196,34,,,0,73,,1548177,34,,,0,30,,1548197,34,,,0,70,,1548198,34,,,0,30,,1548178,34,,,0,70,,1548199,34,,,0,30,,1548179,34,,,0,71,,1548182,34,,,0,30,,1548180,34,,,0,70,,1548200,34,,,0,30,,1548181,34,,,0
27001,'20260929',614,,1553009,34,,,0,13,,1553010,34,,,0,7,,1553011,34,,,0,13,,1553012,34,,,0,9,,1553013,34,,,0,58,,1553014,34,,,0,7,,1553015,34,,,0,16,,1553016,34,,,0,64,,1553017,34,,,0
27001,'20260930',614,,1553018,34,,,0,13,,1553019,34,,,0,7,,1553020,34,,,0,13,,1553021,34,,,0,9,,1553022,34,,,0,58,,1553023,34,,,0,7,,1553024,34,,,0,16,,1553025,34,,,0,64,,1553026,34,,,0
27001,'20261001',614,,1553027,34,,,0,13,,1553028,34,,,0,7,,1553029,34,,,0,13,,1553030,34,,,0,9,,1553031,34,,,0,58,,1553032,34,,,0,7,,1553033,34,,,0,16,,1553034,34,,,0,64,,1553035,34,,,0
27001,'20261002',614,,1476095,34,,,0,13,,1476096,34,,,0,7,,1476097,34,,,0,13,,1476098,34,,,0,9,,1476099,34,,,0,58,,1476100,34,,,0,7,,1476101,34,,,0,16,,1476102,34,,,0,64,,1476103,34,,,0
27001,'20261005',614,,1499132,34,,,0,13,,1499133,34,,,0,7,,1499134,34,,,0,13,,1499135,34,,,0,9,,1499136,34,,,0,58,,1499137,34,,,0,7,,1499138,34,,,0,16,,1499139,34,,,0,64,,1499140,34,,,0
27001,'20261006',614,,1527189,34,,,0,13,,1527190,34,,,0,7,,1527191,34,,,0,13,,1527192,34,,,0,9,,1527193,34,,,0,58,,1527194,34,,,0,7,,1527195,34,,,0,16,,1527196,34,,,0,64,,1527197,34,,,0
27001,'20261007',614,,1527198,34,,,0,13,,1527199,34,,,0,7,,1527200,34,,,0,13,,1527201,34,,,0,9,,1527202,34,,,0,58,,1527203,34,,,0,7,,1527204,34,,,0,16,,1527205,34,,,0,64,,1527206,34,,,0
27001,'20261008',614,,1527207,34,,,0,13,,1527208,34,,,0,7,,1527209,34,,,0,13,,1527210,34,,,0,9,,1527211,34,,,0,58,,1527212,34,,,0,7,,1527213,34,,,0,16,,1527214,34,,,0,64,,1527215,34,,,0
27001,'20261009',614,,1527216,34,,,0,13,,1527217,34,,,0,7,,1527218,34,,,0,13,,1527219,34,,,0,9,,1527220,34,,,0,58,,1527221,34,,,0,7,,1527222,34,,,0,16,,1527223,34,,,0,64,,1527224,34,,,0
37001,'20260929',639,,1553662,34,,,0,8,,1553663,34,,,0,10,,1553664,34,,,0,51,,1553660,15,,,0,2,,1553665,34,,,0,20,,1553666,34,,,0,187,,1553661,15,,,0,2,,1553667,34,,,0,200,,1553668,34,,,0
37001,'20260930',639,,1553671,34,,,0,8,,1553672,34,,,0,10,,1553673,34,,,0,51,,1553669,15,,,0,2,,1553674,34,,,0,20,,1553675,34,,,0,187,,1553670,15,,,0,2,,1553676,34,,,0,200,,1553677,34,,,0
37001,'20261001',639,,1553680,34,,,0,8,,1553681,34,,,0,10,,1553682,34,,,0,51,,1553678,15,,,0,2,,1553683,34,,,0,20,,1553684,34,,,0,187,,1553679,15,,,0,2,,1553685,34,,,0,200,,1553686,34,,,0
37001,'20261002',639,,1476955,34,,,0,8,,1476956,34,,,0,10,,1476957,34,,,0,53,,1476958,34,,,0,20,,1476959,34,,,0,187,,1476962,15,,,0,2,,1476960,34,,,0,200,,1476961,34,,,0
37001,'20261005',639,,1499998,34,,,0,8,,1499999,34,,,0,10,,1500000,34,,,0,53,,1500001,34,,,0,20,,1500002,34,,,0,187,,1500005,15,,,0,2,,1500003,34,,,0,200,,1500004,34,,,0
37001,'20261006',639,,1528483,34,,,0,8,,1528484,34,,,0,10,,1528485,34,,,0,53,,1528486,34,,,0,20,,1528487,34,,,0,187,,1528490,15,,,0,2,,1528488,34,,,0,200,,1528489,34,,,0
37001,'20261007',639,,1528491,34,,,0,8,,1528492,34,,,0,10,,1528493,34,,,0,53,,1528494,34,,,0,20,,1528495,34,,,0,187,,1528498,15,,,0,2,,1528496,34,,,0,200,,1528497,34,,,0
37001,'20261008',639,,1528499,34,,,0,8,,1528500,34,,,0,10,,1528501,34,,,0,53,,1528502,34,,,0,20,,1528503,34,,,0,187,,1528506,15,,,0,2,,1528504,34,,,0,200,,1528505,34,,,0
37001,'20261009',639,,1528507,34,,,0,8,,1528508,34,,,0,10,,1528509,34,,,0,53,,1528510,34,,,0,20,,1528511,34,,,0,187,,1528514,15,,,0,2,,1528512,34,,,0,200,,1528513,34,,,0
57001,'20260929',631,,1554057,34,,,0,27,,1554058,34,,,0,63,,1554059,34,,,0
57001,'20260930',631,,1554060,34,,,0,27,,1554061,34,,,0,63,,1554062,34,,,0
57001,'20261001',631,,1554063,34,,,0,27,,1554064,34,,,0,63,,1554065,34,,,0
57001,'20261002',631,,1477528,34,,,0,27,,1477529,34,,,0,63,,1477530,34,,,0
57001,'20261005',631,,1500501,34,,,0,27,,1500502,34,,,0,63,,1500503,34,,,0
57001,'20261006',631,,1529252,34,,,0,27,,1529253,34,,,0,63,,1529254,34,,,0
57001,'20261007',631,,1529255,34,,,0,27,,1529256,34,,,0,63,,1529257,34,,,0
57001,'20261008',631,,1529258,34,,,0,27,,1529259,34,,,0,63,,1529260,34,,,0
57001,'20261009',631,,1529261,34,,,0,27,,1529262,34,,,0,63,,1529263,34,,,0
