9202,'20261009',532,,1609910,4,,,0,95,,1609911,4,,,0,73,,1609912,4,,,0,31,,1609913,4,,,0,72,,1609914,4,,,0,31,,1609915,4,,,0,99,,1609916,4,,,0,100,,1609917,4,,,0,100,,1609918,4,,,0,101,,1609919,4,,,0,100,,1609920,4,,,0,100,,1609921,4,,,0,98,,1609922,4,,,0,103,,1609923,4,,,0,100,,1609924,4,,,0,100,,1609925,4,,,0,99,,1609926,4,,,0,99,,1609927,4,,,0,99,,1609928,4,,,0,99,,1609929,4,,,0
9202,'20261010',552,,1636611,4,,,0,100,,1636612,4,,,0,99,,1636613,4,,,0,100,,1636614,4,,,0,98,,1636615,4,,,0,100,,1636616,4,,,0,97,,1636617,4,,,0,101,,1636618,4,,,0,101,,1636619,4,,,0,102,,1636620,4,,,0,101,,1636621,4,,,0,104,,1636622,4,,,0,99,,1636623,4,,,0,100,,1636624,4,,,0,97,,1636625,4,,,0,101,,1636626,4,,,0,100,,1636627,4,,,0
9202,'20261011',552,,1636628,4,,,0,100,,1636629,4,,,0,99,,1636630,4,,,0,100,,1636631,4,,,0,98,,1636632,4,,,0,100,,1636633,4,,,0,97,,1636634,4,,,0,101,,1636635,4,,,0,101,,1636636,4,,,0,102,,1636637,4,,,0,101,,1636638,4,,,0,104,,1636639,4,,,0,99,,1636640,4,,,0,100,,1636641,4,,,0,97,,1636642,4,,,0,101,,1636643,4,,,0,100,,1636644,4,,,0
9202,'20261012',552,,1636645,4,,,0,100,,1636646,4,,,0,99,,1636647,4,,,0,100,,1636648,4,,,0,98,,1636649,4,,,0,100,,1636650,4,,,0,97,,1636651,4,,,0,101,,1636652,4,,,0,101,,1636653,4,,,0,102,,1636654,4,,,0,101,,1636655,4,,,0,104,,1636656,4,,,0,99,,1636657,4,,,0,100,,1636658,4,,,0,97,,1636659,4,,,0,101,,1636660,4,,,0,100,,1636661,4,,,0
9202,'20261013',532,,1578206,4,,,0,95,,1578205,4,,,0,73,,1578204,4,,,0,31,,1578187,4,,,0,72,,1578203,4,,,0,31,,1578188,4,,,0,99,,1578189,4,,,0,100,,1578190,4,,,0,100,,1578192,4,,,0,101,,1578193,4,,,0,100,,1578191,4,,,0,100,,1578199,4,,,0,98,,1578197,4,,,0,103,,1578198,4,,,0,100,,1578200,4,,,0,100,,1578194,4,,,0,99,,1578195,4,,,0,99,,1578196,4,,,0,99,,1578201,4,,,0,99,,1578202,4,,,0
9202,'20261014',532,,1578226,4,,,0,95,,1578225,4,,,0,73,,1578224,4,,,0,31,,1578207,4,,,0,72,,1578223,4,,,0,31,,1578208,4,,,0,99,,1578209,4,,,0,100,,1578210,4,,,0,100,,1578212,4,,,0,101,,1578213,4,,,0,100,,1578211,4,,,0,100,,1578219,4,,,0,98,,1578217,4,,,0,103,,1578218,4,,,0,100,,1578220,4,,,0,100,,1578214,4,,,0,99,,1578215,4,,,0,99,,1578216,4,,,0,99,,1578221,4,,,0,99,,1578222,4,,,0
9202,'20261015',532,,1578246,4,,,0,95,,1578245,4,,,0,73,,1578244,4,,,0,31,,1578227,4,,,0,72,,1578243,4,,,0,31,,1578228,4,,,0,99,,1578229,4,,,0,100,,1578230,4,,,0,100,,1578232,4,,,0,101,,1578233,4,,,0,100,,1578231,4,,,0,100,,1578239,4,,,0,98,,1578237,4,,,0,103,,1578238,4,,,0,100,,1578240,4,,,0,100,,1578234,4,,,0,99,,1578235,4,,,0,99,,1578236,4,,,0,99,,1578241,4,,,0,99,,1578242,4,,,0
9202,'20261016',532,,1578266,4,,,0,95,,1578265,4,,,0,73,,1578264,4,,,0,31,,1578247,4,,,0,72,,1578263,4,,,0,31,,1578248,4,,,0,99,,1578249,4,,,0,100,,1578250,4,,,0,100,,1578252,4,,,0,101,,1578253,4,,,0,100,,1578251,4,,,0,100,,1578259,4,,,0,98,,1578257,4,,,0,103,,1578258,4,,,0,100,,1578260,4,,,0,100,,1578254,4,,,0,99,,1578255,4,,,0,99,,1578256,4,,,0,99,,1578261,4,,,0,99,,1578262,4,,,0
9202,'20261017',552,,1609946,4,,,0,100,,1609945,4,,,0,99,,1609930,4,,,0,100,,1609941,4,,,0,98,,1609940,4,,,0,100,,1609931,4,,,0,97,,1609942,4,,,0,101,,1609934,4,,,0,101,,1609936,4,,,0,102,,1609935,4,,,0,101,,1609943,4,,,0,104,,1609932,4,,,0,99,,1609933,4,,,0,100,,1609944,4,,,0,97,,1609937,4,,,0,101,,1609938,4,,,0,100,,1609939,4,,,0
9202,'20261018',552,,1609963,4,,,0,100,,1609962,4,,,0,99,,1609947,4,,,0,100,,1609957,4,,,0,98,,1609956,4,,,0,100,,1609948,4,,,0,97,,1609958,4,,,0,101,,1609951,4,,,0,101,,1609953,4,,,0,102,,1609952,4,,,0,101,,1609959,4,,,0,104,,1609949,4,,,0,99,,1609950,4,,,0,100,,1609960,4,,,0,97,,1609954,4,,,0,101,,1609955,4,,,0,100,,1609961,4,,,0
9202,'20261019',532,,1609983,4,,,0,95,,1609982,4,,,0,73,,1609981,4,,,0,31,,1609964,4,,,0,72,,1609980,4,,,0,31,,1609965,4,,,0,99,,1609966,4,,,0,100,,1609967,4,,,0,100,,1609969,4,,,0,101,,1609970,4,,,0,100,,1609968,4,,,0,100,,1609976,4,,,0,98,,1609974,4,,,0,103,,1609975,4,,,0,100,,1609977,4,,,0,100,,1609971,4,,,0,99,,1609972,4,,,0,99,,1609973,4,,,0,99,,1609978,4,,,0,99,,1609979,4,,,0
9202,'20261020',532,,1610003,4,,,0,95,,1610002,4,,,0,73,,1610001,4,,,0,31,,1609984,4,,,0,72,,1610000,4,,,0,31,,1609985,4,,,0,99,,1609986,4,,,0,100,,1609987,4,,,0,100,,1609989,4,,,0,101,,1609990,4,,,0,100,,1609988,4,,,0,100,,1609996,4,,,0,98,,1609994,4,,,0,103,,1609995,4,,,0,100,,1609997,4,,,0,100,,1609991,4,,,0,99,,1609992,4,,,0,99,,1609993,4,,,0,99,,1609998,4,,,0,99,,1609999,4,,,0
9202,'20261021',532,,1636681,4,,,0,95,,1636680,4,,,0,73,,1636679,4,,,0,31,,1636662,4,,,0,72,,1636678,4,,,0,31,,1636663,4,,,0,99,,1636664,4,,,0,100,,1636665,4,,,0,100,,1636667,4,,,0,101,,1636668,4,,,0,100,,1636666,4,,,0,100,,1636674,4,,,0,98,,1636672,4,,,0,103,,1636673,4,,,0,100,,1636675,4,,,0,100,,1636669,4,,,0,99,,1636670,4,,,0,99,,1636671,4,,,0,99,,1636676,4,,,0,99,,1636677,4,,,0
9202,'20261022',532,,1636701,4,,,0,95,,1636700,4,,,0,73,,1636699,4,,,0,31,,1636682,4,,,0,72,,1636698,4,,,0,31,,1636683,4,,,0,99,,1636684,4,,,0,100,,1636685,4,,,0,100,,1636687,4,,,0,101,,1636688,4,,,0,100,,1636686,4,,,0,100,,1636694,4,,,0,98,,1636692,4,,,0,103,,1636693,4,,,0,100,,1636695,4,,,0,100,,1636689,4,,,0,99,,1636690,4,,,0,99,,1636691,4,,,0,99,,1636696,4,,,0,99,,1636697,4,,,0
9202,'20261023',532,,1636721,4,,,0,95,,1636720,4,,,0,73,,1636719,4,,,0,31,,1636702,4,,,0,72,,1636718,4,,,0,31,,1636703,4,,,0,99,,1636704,4,,,0,100,,1636705,4,,,0,100,,1636707,4,,,0,101,,1636708,4,,,0,100,,1636706,4,,,0,100,,1636714,4,,,0,98,,1636712,4,,,0,103,,1636713,4,,,0,100,,1636715,4,,,0,100,,1636709,4,,,0,99,,1636710,4,,,0,99,,1636711,4,,,0,99,,1636716,4,,,0,99,,1636717,4,,,0
29202,'20261009',632,,1612935,4,,,0,18,,1612936,4,,,0,69,,1612937,4,,,0
29202,'20261013',632,,1581187,4,,,0,18,,1581186,4,,,0,69,,1581185,4,,,0
29202,'20261014',632,,1581190,4,,,0,18,,1581189,4,,,0,69,,1581188,4,,,0
29202,'20261015',632,,1581193,4,,,0,18,,1581192,4,,,0,69,,1581191,4,,,0
29202,'20261016',632,,1581196,4,,,0,18,,1581195,4,,,0,69,,1581194,4,,,0
29202,'20261019',632,,1612940,4,,,0,18,,1612939,4,,,0,69,,1612938,4,,,0
29202,'20261020',632,,1612943,4,,,0,18,,1612942,4,,,0,69,,1612941,4,,,0
29202,'20261021',632,,1638449,4,,,0,18,,1638448,4,,,0,69,,1638447,4,,,0
29202,'20261022',632,,1638452,4,,,0,18,,1638451,4,,,0,69,,1638450,4,,,0
29202,'20261023',632,,1638455,4,,,0,18,,1638454,4,,,0,69,,1638453,4,,,0
