7001,'20261002',611,,1573015,48,,,0,19,,1573016,48,,,0,16,,1573017,48,,,0,60,,1573018,48,,,0,20,,1573019,48,,,0,20,,1573020,48,,,0,59,,1573021,48,,,0,18,,1573022,48,,,0,20,,1573023,48,,,0,61,,1573024,48,,,0,19,,1573025,48,,,0,19,,1573026,48,,,0,58,,1573027,48,,,0,19,,1573028,48,,,0,20,,1573029,48,,,0,20,,1573030,48,,,0,60,,1573031,48,,,0,21,,1573032,48,,,0,60,,1573033,48,,,0,20,,1573034,48,,,0,21,,1573035,48,,,0,60,,1573036,48,,,0,20,,1573037,48,,,0,17,,1573038,48,,,0,62,,1573039,48,,,0,18,,1573040,48,,,0,22,,1573041,48,,,0,19,,1573042,48,,,0,64,,1573043,48,,,0,21,,1573044,48,,,0,59,,1573045,48,,,0,22,,1573046,48,,,0,26,,1573047,48,,,0,63,,1573048,48,,,0,22,,1573049,48,,,0,22,,1573050,48,,,0,62,,1573051,48,,,0,21,,1573052,48,,,0,69,,1573053,48,,,0,30,,1573054,48,,,0,71,,1573055,48,,,0,30,,1573056,48,,,0,70,,1573057,48,,,0,31,,1573058,48,,,0,71,,1573059,48,,,0,30,,1573060,48,,,0,70,,1573061,48,,,0
7001,'20261003',611,,1573062,48,,,0,30,,1573063,48,,,0,70,,1573064,48,,,0,30,,1573065,48,,,0,69,,1573066,48,,,0,30,,1573067,48,,,0,69,,1573068,48,,,0,30,,1573069,48,,,0,70,,1573070,48,,,0,30,,1573071,48,,,0,70,,1573072,48,,,0,29,,1573073,48,,,0,69,,1573074,48,,,0,30,,1573075,48,,,0,70,,1573076,48,,,0,30,,1573077,48,,,0,70,,1573078,48,,,0,30,,1573079,48,,,0,70,,1573080,48,,,0,30,,1573081,48,,,0,68,,1573082,48,,,0,30,,1573083,48,,,0,72,,1573084,48,,,0,32,,1573085,48,,,0,73,,1573086,48,,,0,30,,1573087,48,,,0,70,,1573088,48,,,0,30,,1573089,48,,,0,70,,1573090,48,,,0,30,,1573091,48,,,0,71,,1573092,48,,,0,30,,1573093,48,,,0,70,,1573094,48,,,0,30,,1573095,48,,,0
7001,'20261004',611,,1573096,48,,,0,30,,1573097,48,,,0,70,,1573098,48,,,0,30,,1573099,48,,,0,69,,1573100,48,,,0,30,,1573101,48,,,0,69,,1573102,48,,,0,30,,1573103,48,,,0,70,,1573104,48,,,0,30,,1573105,48,,,0,70,,1573106,48,,,0,29,,1573107,48,,,0,69,,1573108,48,,,0,30,,1573109,48,,,0,70,,1573110,48,,,0,30,,1573111,48,,,0,70,,1573112,48,,,0,30,,1573113,48,,,0,70,,1573114,48,,,0,30,,1573115,48,,,0,68,,1573116,48,,,0,30,,1573117,48,,,0,72,,1573118,48,,,0,32,,1573119,48,,,0,73,,1573120,48,,,0,30,,1573121,48,,,0,70,,1573122,48,,,0,30,,1573123,48,,,0,70,,1573124,48,,,0,30,,1573125,48,,,0,71,,1573126,48,,,0,30,,1573127,48,,,0,70,,1573128,48,,,0,30,,1573129,48,,,0
7001,'20261005',611,,1573130,48,,,0,19,,1573131,48,,,0,16,,1573132,48,,,0,60,,1573133,48,,,0,20,,1573134,48,,,0,20,,1573135,48,,,0,59,,1573136,48,,,0,18,,1573137,48,,,0,20,,1573138,48,,,0,61,,1573139,48,,,0,19,,1573140,48,,,0,19,,1573141,48,,,0,58,,1573142,48,,,0,19,,1573143,48,,,0,20,,1573144,48,,,0,20,,1573145,48,,,0,60,,1573146,48,,,0,21,,1573147,48,,,0,60,,1573148,48,,,0,20,,1573149,48,,,0,21,,1573150,48,,,0,60,,1573151,48,,,0,20,,1573152,48,,,0,17,,1573153,48,,,0,62,,1573154,48,,,0,18,,1573155,48,,,0,22,,1573156,48,,,0,19,,1573157,48,,,0,64,,1573158,48,,,0,21,,1573159,48,,,0,59,,1573160,48,,,0,22,,1573161,48,,,0,26,,1573162,48,,,0,63,,1573163,48,,,0,22,,1573164,48,,,0,22,,1573165,48,,,0,62,,1573166,48,,,0,21,,1573167,48,,,0,69,,1573168,48,,,0,30,,1573169,48,,,0,71,,1573170,48,,,0,30,,1573171,48,,,0,70,,1573172,48,,,0,31,,1573173,48,,,0,71,,1573174,48,,,0,30,,1573175,48,,,0,70,,1573176,48,,,0
7001,'20261006',611,,1519902,48,,,0,19,,1519919,48,,,0,16,,1519920,48,,,0,60,,1519903,48,,,0,20,,1519921,48,,,0,20,,1519922,48,,,0,59,,1519904,48,,,0,18,,1519923,48,,,0,20,,1519924,48,,,0,61,,1519905,48,,,0,19,,1519925,48,,,0,19,,1519926,48,,,0,58,,1519906,48,,,0,19,,1519927,48,,,0,20,,1519928,48,,,0,20,,1519907,48,,,0,60,,1519929,48,,,0,21,,1519930,48,,,0,60,,1519908,48,,,0,20,,1519931,48,,,0,21,,1519932,48,,,0,60,,1519909,48,,,0,20,,1519933,48,,,0,17,,1519934,48,,,0,62,,1519910,48,,,0,18,,1519935,48,,,0,22,,1519936,48,,,0,19,,1519911,48,,,0,64,,1519937,48,,,0,21,,1519938,48,,,0,59,,1519912,48,,,0,22,,1519939,48,,,0,26,,1519940,48,,,0,63,,1519913,48,,,0,22,,1519941,48,,,0,22,,1519942,48,,,0,62,,1519914,48,,,0,21,,1519943,48,,,0,69,,1519915,48,,,0,30,,1519944,48,,,0,71,,1519916,48,,,0,30,,1519945,48,,,0,70,,1519917,48,,,0,31,,1519946,48,,,0,71,,1519918,48,,,0,30,,1519947,48,,,0,70,,1519948,48,,,0
7001,'20261007',611,,1519949,48,,,0,19,,1519966,48,,,0,16,,1519967,48,,,0,60,,1519950,48,,,0,20,,1519968,48,,,0,20,,1519969,48,,,0,59,,1519951,48,,,0,18,,1519970,48,,,0,20,,1519971,48,,,0,61,,1519952,48,,,0,19,,1519972,48,,,0,19,,1519973,48,,,0,58,,1519953,48,,,0,19,,1519974,48,,,0,20,,1519975,48,,,0,20,,1519954,48,,,0,60,,1519976,48,,,0,21,,1519977,48,,,0,60,,1519955,48,,,0,20,,1519978,48,,,0,21,,1519979,48,,,0,60,,1519956,48,,,0,20,,1519980,48,,,0,17,,1519981,48,,,0,62,,1519957,48,,,0,18,,1519982,48,,,0,22,,1519983,48,,,0,19,,1519958,48,,,0,64,,1519984,48,,,0,21,,1519985,48,,,0,59,,1519959,48,,,0,22,,1519986,48,,,0,26,,1519987,48,,,0,63,,1519960,48,,,0,22,,1519988,48,,,0,22,,1519989,48,,,0,62,,1519961,48,,,0,21,,1519990,48,,,0,69,,1519962,48,,,0,30,,1519991,48,,,0,71,,1519963,48,,,0,30,,1519992,48,,,0,70,,1519964,48,,,0,31,,1519993,48,,,0,71,,1519965,48,,,0,30,,1519994,48,,,0,70,,1519995,48,,,0
7001,'20261008',611,,1519996,48,,,0,19,,1520013,48,,,0,16,,1520014,48,,,0,60,,1519997,48,,,0,20,,1520015,48,,,0,20,,1520016,48,,,0,59,,1519998,48,,,0,18,,1520017,48,,,0,20,,1520018,48,,,0,61,,1519999,48,,,0,19,,1520019,48,,,0,19,,1520020,48,,,0,58,,1520000,48,,,0,19,,1520021,48,,,0,20,,1520022,48,,,0,20,,1520001,48,,,0,60,,1520023,48,,,0,21,,1520024,48,,,0,60,,1520002,48,,,0,20,,1520025,48,,,0,21,,1520026,48,,,0,60,,1520003,48,,,0,20,,1520027,48,,,0,17,,1520028,48,,,0,62,,1520004,48,,,0,18,,1520029,48,,,0,22,,1520030,48,,,0,19,,1520005,48,,,0,64,,1520031,48,,,0,21,,1520032,48,,,0,59,,1520006,48,,,0,22,,1520033,48,,,0,26,,1520034,48,,,0,63,,1520007,48,,,0,22,,1520035,48,,,0,22,,1520036,48,,,0,62,,1520008,48,,,0,21,,1520037,48,,,0,69,,1520009,48,,,0,30,,1520038,48,,,0,71,,1520010,48,,,0,30,,1520039,48,,,0,70,,1520011,48,,,0,31,,1520040,48,,,0,71,,1520012,48,,,0,30,,1520041,48,,,0,70,,1520042,48,,,0
7001,'20261009',611,,1520043,48,,,0,19,,1520060,48,,,0,16,,1520061,48,,,0,60,,1520044,48,,,0,20,,1520062,48,,,0,20,,1520063,48,,,0,59,,1520045,48,,,0,18,,1520064,48,,,0,20,,1520065,48,,,0,61,,1520046,48,,,0,19,,1520066,48,,,0,19,,1520067,48,,,0,58,,1520047,48,,,0,19,,1520068,48,,,0,20,,1520069,48,,,0,20,,1520048,48,,,0,60,,1520070,48,,,0,21,,1520071,48,,,0,60,,1520049,48,,,0,20,,1520072,48,,,0,21,,1520073,48,,,0,60,,1520050,48,,,0,20,,1520074,48,,,0,17,,1520075,48,,,0,62,,1520051,48,,,0,18,,1520076,48,,,0,22,,1520077,48,,,0,19,,1520052,48,,,0,64,,1520078,48,,,0,21,,1520079,48,,,0,59,,1520053,48,,,0,22,,1520080,48,,,0,26,,1520081,48,,,0,63,,1520054,48,,,0,22,,1520082,48,,,0,22,,1520083,48,,,0,62,,1520055,48,,,0,21,,1520084,48,,,0,69,,1520056,48,,,0,30,,1520085,48,,,0,71,,1520057,48,,,0,30,,1520086,48,,,0,70,,1520058,48,,,0,31,,1520087,48,,,0,71,,1520059,48,,,0,30,,1520088,48,,,0,70,,1520089,48,,,0
7001,'20261010',611,,1548099,48,,,0,30,,1548115,48,,,0,70,,1548100,48,,,0,30,,1548116,48,,,0,69,,1548101,48,,,0,30,,1548117,48,,,0,69,,1548102,48,,,0,30,,1548118,48,,,0,70,,1548103,48,,,0,30,,1548119,48,,,0,70,,1548104,48,,,0,29,,1548120,48,,,0,69,,1548105,48,,,0,30,,1548121,48,,,0,70,,1548106,48,,,0,30,,1548122,48,,,0,70,,1548123,48,,,0,30,,1548124,48,,,0,70,,1548125,48,,,0,30,,1548126,48,,,0,68,,1548107,48,,,0,30,,1548127,48,,,0,72,,1548108,48,,,0,32,,1548128,48,,,0,73,,1548109,48,,,0,30,,1548129,48,,,0,70,,1548130,48,,,0,30,,1548110,48,,,0,70,,1548131,48,,,0,30,,1548111,48,,,0,71,,1548114,48,,,0,30,,1548112,48,,,0,70,,1548132,48,,,0,30,,1548113,48,,,0
7001,'20261011',611,,1548133,48,,,0,30,,1548150,48,,,0,70,,1548134,48,,,0,30,,1548151,48,,,0,69,,1548135,48,,,0,30,,1548149,48,,,0,69,,1548136,48,,,0,30,,1548152,48,,,0,70,,1548137,48,,,0,30,,1548153,48,,,0,70,,1548138,48,,,0,29,,1548154,48,,,0,69,,1548139,48,,,0,30,,1548155,48,,,0,70,,1548140,48,,,0,30,,1548156,48,,,0,70,,1548157,48,,,0,30,,1548158,48,,,0,70,,1548159,48,,,0,30,,1548160,48,,,0,68,,1548141,48,,,0,30,,1548161,48,,,0,72,,1548142,48,,,0,32,,1548162,48,,,0,73,,1548143,48,,,0,30,,1548163,48,,,0,70,,1548164,48,,,0,30,,1548144,48,,,0,70,,1548165,48,,,0,30,,1548145,48,,,0,71,,1548148,48,,,0,30,,1548146,48,,,0,70,,1548166,48,,,0,30,,1548147,48,,,0
7001,'20261012',611,,1548167,48,,,0,30,,1548184,48,,,0,70,,1548168,48,,,0,30,,1548185,48,,,0,69,,1548169,48,,,0,30,,1548183,48,,,0,69,,1548170,48,,,0,30,,1548186,48,,,0,70,,1548171,48,,,0,30,,1548187,48,,,0,70,,1548172,48,,,0,29,,1548188,48,,,0,69,,1548173,48,,,0,30,,1548189,48,,,0,70,,1548174,48,,,0,30,,1548190,48,,,0,70,,1548191,48,,,0,30,,1548192,48,,,0,70,,1548193,48,,,0,30,,1548194,48,,,0,68,,1548175,48,,,0,30,,1548195,48,,,0,72,,1548176,48,,,0,32,,1548196,48,,,0,73,,1548177,48,,,0,30,,1548197,48,,,0,70,,1548198,48,,,0,30,,1548178,48,,,0,70,,1548199,48,,,0,30,,1548179,48,,,0,71,,1548182,48,,,0,30,,1548180,48,,,0,70,,1548200,48,,,0,30,,1548181,48,,,0
7001,'20261013',611,,1573177,48,,,0,19,,1573194,48,,,0,16,,1573195,48,,,0,60,,1573178,48,,,0,20,,1573196,48,,,0,20,,1573197,48,,,0,59,,1573179,48,,,0,18,,1573198,48,,,0,20,,1573199,48,,,0,61,,1573180,48,,,0,19,,1573200,48,,,0,19,,1573201,48,,,0,58,,1573181,48,,,0,19,,1573202,48,,,0,20,,1573203,48,,,0,20,,1573182,48,,,0,60,,1573204,48,,,0,21,,1573205,48,,,0,60,,1573183,48,,,0,20,,1573206,48,,,0,21,,1573207,48,,,0,60,,1573184,48,,,0,20,,1573208,48,,,0,17,,1573209,48,,,0,62,,1573185,48,,,0,18,,1573210,48,,,0,22,,1573211,48,,,0,19,,1573186,48,,,0,64,,1573212,48,,,0,21,,1573213,48,,,0,59,,1573187,48,,,0,22,,1573214,48,,,0,26,,1573215,48,,,0,63,,1573188,48,,,0,22,,1573216,48,,,0,22,,1573217,48,,,0,62,,1573189,48,,,0,21,,1573218,48,,,0,69,,1573190,48,,,0,30,,1573219,48,,,0,71,,1573191,48,,,0,30,,1573220,48,,,0,70,,1573192,48,,,0,31,,1573221,48,,,0,71,,1573193,48,,,0,30,,1573222,48,,,0,70,,1573223,48,,,0
7001,'20261014',611,,1573224,48,,,0,19,,1573241,48,,,0,16,,1573242,48,,,0,60,,1573225,48,,,0,20,,1573243,48,,,0,20,,1573244,48,,,0,59,,1573226,48,,,0,18,,1573245,48,,,0,20,,1573246,48,,,0,61,,1573227,48,,,0,19,,1573247,48,,,0,19,,1573248,48,,,0,58,,1573228,48,,,0,19,,1573249,48,,,0,20,,1573250,48,,,0,20,,1573229,48,,,0,60,,1573251,48,,,0,21,,1573252,48,,,0,60,,1573230,48,,,0,20,,1573253,48,,,0,21,,1573254,48,,,0,60,,1573231,48,,,0,20,,1573255,48,,,0,17,,1573256,48,,,0,62,,1573232,48,,,0,18,,1573257,48,,,0,22,,1573258,48,,,0,19,,1573233,48,,,0,64,,1573259,48,,,0,21,,1573260,48,,,0,59,,1573234,48,,,0,22,,1573261,48,,,0,26,,1573262,48,,,0,63,,1573235,48,,,0,22,,1573263,48,,,0,22,,1573264,48,,,0,62,,1573236,48,,,0,21,,1573265,48,,,0,69,,1573237,48,,,0,30,,1573266,48,,,0,71,,1573238,48,,,0,30,,1573267,48,,,0,70,,1573239,48,,,0,31,,1573268,48,,,0,71,,1573240,48,,,0,30,,1573269,48,,,0,70,,1573270,48,,,0
7001,'20261015',611,,1573271,48,,,0,19,,1573288,48,,,0,16,,1573289,48,,,0,60,,1573272,48,,,0,20,,1573290,48,,,0,20,,1573291,48,,,0,59,,1573273,48,,,0,18,,1573292,48,,,0,20,,1573293,48,,,0,61,,1573274,48,,,0,19,,1573294,48,,,0,19,,1573295,48,,,0,58,,1573275,48,,,0,19,,1573296,48,,,0,20,,1573297,48,,,0,20,,1573276,48,,,0,60,,1573298,48,,,0,21,,1573299,48,,,0,60,,1573277,48,,,0,20,,1573300,48,,,0,21,,1573301,48,,,0,60,,1573278,48,,,0,20,,1573302,48,,,0,17,,1573303,48,,,0,62,,1573279,48,,,0,18,,1573304,48,,,0,22,,1573305,48,,,0,19,,1573280,48,,,0,64,,1573306,48,,,0,21,,1573307,48,,,0,59,,1573281,48,,,0,22,,1573308,48,,,0,26,,1573309,48,,,0,63,,1573282,48,,,0,22,,1573310,48,,,0,22,,1573311,48,,,0,62,,1573283,48,,,0,21,,1573312,48,,,0,69,,1573284,48,,,0,30,,1573313,48,,,0,71,,1573285,48,,,0,30,,1573314,48,,,0,70,,1573286,48,,,0,31,,1573315,48,,,0,71,,1573287,48,,,0,30,,1573316,48,,,0,70,,1573317,48,,,0
7001,'20261016',611,,1573318,48,,,0,19,,1573335,48,,,0,16,,1573336,48,,,0,60,,1573319,48,,,0,20,,1573337,48,,,0,20,,1573338,48,,,0,59,,1573320,48,,,0,18,,1573339,48,,,0,20,,1573340,48,,,0,61,,1573321,48,,,0,19,,1573341,48,,,0,19,,1573342,48,,,0,58,,1573322,48,,,0,19,,1573343,48,,,0,20,,1573344,48,,,0,20,,1573323,48,,,0,60,,1573345,48,,,0,21,,1573346,48,,,0,60,,1573324,48,,,0,20,,1573347,48,,,0,21,,1573348,48,,,0,60,,1573325,48,,,0,20,,1573349,48,,,0,17,,1573350,48,,,0,62,,1573326,48,,,0,18,,1573351,48,,,0,22,,1573352,48,,,0,19,,1573327,48,,,0,64,,1573353,48,,,0,21,,1573354,48,,,0,59,,1573328,48,,,0,22,,1573355,48,,,0,26,,1573356,48,,,0,63,,1573329,48,,,0,22,,1573357,48,,,0,22,,1573358,48,,,0,62,,1573330,48,,,0,21,,1573359,48,,,0,69,,1573331,48,,,0,30,,1573360,48,,,0,71,,1573332,48,,,0,30,,1573361,48,,,0,70,,1573333,48,,,0,31,,1573362,48,,,0,71,,1573334,48,,,0,30,,1573363,48,,,0,70,,1573364,48,,,0
29000,'20261002',1631,,1581077,34,4,,0,74,,1581078,34,4,,0,34,,1581079,34,4,,0,73,,1581080,34,4,,0,36,,1581081,34,4,,0
29000,'20261005',1631,,1581082,34,4,,0,74,,1581083,34,4,,0,34,,1581084,34,4,,0,73,,1581085,34,4,,0,36,,1581086,34,4,,0
29000,'20261006',1631,,1527811,34,4,,0,74,,1527812,34,4,,0,34,,1527813,34,4,,0,73,,1527814,34,4,,0,36,,1527815,34,4,,0
29000,'20261007',1631,,1527816,34,4,,0,74,,1527817,34,4,,0,34,,1527818,34,4,,0,73,,1527819,34,4,,0,36,,1527820,34,4,,0
29000,'20261008',1631,,1527821,34,4,,0,74,,1527822,34,4,,0,34,,1527823,34,4,,0,73,,1527824,34,4,,0,36,,1527825,34,4,,0
29000,'20261009',1631,,1527826,34,4,,0,74,,1527827,34,4,,0,34,,1527828,34,4,,0,73,,1527829,34,4,,0,36,,1527830,34,4,,0
29000,'20261013',1631,,1581087,34,4,,0,74,,1581088,34,4,,0,34,,1581089,34,4,,0,73,,1581090,34,4,,0,36,,1581091,34,4,,0
29000,'20261014',1631,,1581092,34,4,,0,74,,1581093,34,4,,0,34,,1581094,34,4,,0,73,,1581095,34,4,,0,36,,1581096,34,4,,0
29000,'20261015',1631,,1581097,34,4,,0,74,,1581098,34,4,,0,34,,1581099,34,4,,0,73,,1581100,34,4,,0,36,,1581101,34,4,,0
29000,'20261016',1631,,1581102,34,4,,0,74,,1581103,34,4,,0,34,,1581104,34,4,,0,73,,1581105,34,4,,0,36,,1581106,34,4,,0
