5302,'20261006',705,,1601730,12,,,0,29,,1601731,12,,,0,71,,1601732,12,,,0,34,,1601733,12,,,0,81,,1601734,12,,,0,85,,1601735,12,,,0,100,,1601736,12,,,0,101,,1601737,12,,,0,100,,1601738,12,,,0,100,,1601739,12,,,0,45,,1601740,12,,,0,85,,1601741,12,,,0,65,,1601742,12,,,0,31,,1601743,12,,,0,76,,1601744,12,,,0,27,,1601745,12,,,0,69,,1601746,12,,,0,101,,1601747,12,,,0,100,,1601748,12,,,0,104,,1601749,12,,,0,104,,1601750,12,,,0,103,,1601751,12,,,0
5302,'20261007',705,,1601752,12,,,0,29,,1601753,12,,,0,71,,1601754,12,,,0,34,,1601755,12,,,0,81,,1601756,12,,,0,85,,1601757,12,,,0,100,,1601758,12,,,0,101,,1601759,12,,,0,100,,1601760,12,,,0,100,,1601761,12,,,0,45,,1601762,12,,,0,85,,1601763,12,,,0,65,,1601764,12,,,0,31,,1601765,12,,,0,76,,1601766,12,,,0,27,,1601767,12,,,0,69,,1601768,12,,,0,101,,1601769,12,,,0,100,,1601770,12,,,0,104,,1601771,12,,,0,104,,1601772,12,,,0,103,,1601773,12,,,0
5302,'20261008',705,,1601774,12,,,0,29,,1601775,12,,,0,71,,1601776,12,,,0,34,,1601777,12,,,0,81,,1601778,12,,,0,85,,1601779,12,,,0,100,,1601780,12,,,0,101,,1601781,12,,,0,100,,1601782,12,,,0,100,,1601783,12,,,0,45,,1601784,12,,,0,85,,1601785,12,,,0,65,,1601786,12,,,0,31,,1601787,12,,,0,76,,1601788,12,,,0,27,,1601789,12,,,0,69,,1601790,12,,,0,101,,1601791,12,,,0,100,,1601792,12,,,0,104,,1601793,12,,,0,104,,1601794,12,,,0,103,,1601795,12,,,0
5302,'20261009',705,,1601796,12,,,0,29,,1601797,12,,,0,71,,1601798,12,,,0,34,,1601799,12,,,0,81,,1601800,12,,,0,85,,1601801,12,,,0,100,,1601802,12,,,0,101,,1601803,12,,,0,100,,1601804,12,,,0,100,,1601805,12,,,0,45,,1601806,12,,,0,85,,1601807,12,,,0,65,,1601808,12,,,0,31,,1601809,12,,,0,76,,1601810,12,,,0,27,,1601811,12,,,0,69,,1601812,12,,,0,101,,1601813,12,,,0,100,,1601814,12,,,0,104,,1601815,12,,,0,104,,1601816,12,,,0,103,,1601817,12,,,0
5302,'20261010',709,,1545934,12,,,0,101,,1545921,12,,,0,100,,1545922,12,,,0,100,,1545933,12,,,0,98,,1545923,12,,,0,99,,1545924,12,,,0,100,,1545935,12,,,0,99,,1545925,12,,,0,97,,1545926,12,,,0,104,,1545936,12,,,0,96,,1545927,12,,,0,105,,1545928,12,,,0,100,,1545932,12,,,0,100,,1545929,12,,,0,100,,1545930,12,,,0,98,,1545937,12,,,0,106,,1545931,12,,,0
5302,'20261011',709,,1545949,12,,,0,101,,1545939,12,,,0,100,,1545945,12,,,0,100,,1545950,12,,,0,98,,1545940,12,,,0,99,,1545944,12,,,0,100,,1545954,12,,,0,99,,1545938,12,,,0,97,,1545947,12,,,0,104,,1545952,12,,,0,96,,1545946,12,,,0,105,,1545943,12,,,0,100,,1545951,12,,,0,100,,1545948,12,,,0,100,,1545942,12,,,0,98,,1545953,12,,,0,106,,1545941,12,,,0
5302,'20261012',709,,1545966,12,,,0,101,,1545956,12,,,0,100,,1545962,12,,,0,100,,1545967,12,,,0,98,,1545957,12,,,0,99,,1545961,12,,,0,100,,1545971,12,,,0,99,,1545955,12,,,0,97,,1545964,12,,,0,104,,1545969,12,,,0,96,,1545963,12,,,0,105,,1545960,12,,,0,100,,1545968,12,,,0,100,,1545965,12,,,0,100,,1545959,12,,,0,98,,1545970,12,,,0,106,,1545958,12,,,0
5302,'20261013',705,,1570111,12,,,0,29,,1570114,12,,,0,71,,1570093,12,,,0,34,,1570105,12,,,0,81,,1570113,12,,,0,85,,1570106,12,,,0,100,,1570094,12,,,0,101,,1570110,12,,,0,100,,1570107,12,,,0,100,,1570108,12,,,0,45,,1570109,12,,,0,85,,1570103,12,,,0,65,,1570095,12,,,0,31,,1570102,12,,,0,76,,1570100,12,,,0,27,,1570096,12,,,0,69,,1570097,12,,,0,101,,1570101,12,,,0,100,,1570098,12,,,0,104,,1570099,12,,,0,104,,1570104,12,,,0,103,,1570112,12,,,0
5302,'20261014',705,,1570133,12,,,0,29,,1570136,12,,,0,71,,1570115,12,,,0,34,,1570127,12,,,0,81,,1570135,12,,,0,85,,1570128,12,,,0,100,,1570116,12,,,0,101,,1570132,12,,,0,100,,1570129,12,,,0,100,,1570130,12,,,0,45,,1570131,12,,,0,85,,1570125,12,,,0,65,,1570117,12,,,0,31,,1570124,12,,,0,76,,1570122,12,,,0,27,,1570118,12,,,0,69,,1570119,12,,,0,101,,1570123,12,,,0,100,,1570120,12,,,0,104,,1570121,12,,,0,104,,1570126,12,,,0,103,,1570134,12,,,0
5302,'20261015',705,,1570155,12,,,0,29,,1570158,12,,,0,71,,1570137,12,,,0,34,,1570149,12,,,0,81,,1570157,12,,,0,85,,1570150,12,,,0,100,,1570138,12,,,0,101,,1570154,12,,,0,100,,1570151,12,,,0,100,,1570152,12,,,0,45,,1570153,12,,,0,85,,1570147,12,,,0,65,,1570139,12,,,0,31,,1570146,12,,,0,76,,1570144,12,,,0,27,,1570140,12,,,0,69,,1570141,12,,,0,101,,1570145,12,,,0,100,,1570142,12,,,0,104,,1570143,12,,,0,104,,1570148,12,,,0,103,,1570156,12,,,0
5302,'20261016',705,,1570177,12,,,0,29,,1570180,12,,,0,71,,1570159,12,,,0,34,,1570171,12,,,0,81,,1570179,12,,,0,85,,1570172,12,,,0,100,,1570160,12,,,0,101,,1570176,12,,,0,100,,1570173,12,,,0,100,,1570174,12,,,0,45,,1570175,12,,,0,85,,1570169,12,,,0,65,,1570161,12,,,0,31,,1570168,12,,,0,76,,1570166,12,,,0,27,,1570162,12,,,0,69,,1570163,12,,,0,101,,1570167,12,,,0,100,,1570164,12,,,0,104,,1570165,12,,,0,104,,1570170,12,,,0,103,,1570178,12,,,0
5302,'20261017',709,,1601831,12,,,0,101,,1601818,12,,,0,100,,1601819,12,,,0,100,,1601830,12,,,0,98,,1601820,12,,,0,99,,1601821,12,,,0,100,,1601832,12,,,0,99,,1601822,12,,,0,97,,1601823,12,,,0,104,,1601833,12,,,0,96,,1601824,12,,,0,105,,1601825,12,,,0,100,,1601829,12,,,0,100,,1601826,12,,,0,100,,1601827,12,,,0,98,,1601834,12,,,0,106,,1601828,12,,,0
5302,'20261018',709,,1601846,12,,,0,101,,1601836,12,,,0,100,,1601842,12,,,0,100,,1601847,12,,,0,98,,1601837,12,,,0,99,,1601841,12,,,0,100,,1601851,12,,,0,99,,1601835,12,,,0,97,,1601844,12,,,0,104,,1601849,12,,,0,96,,1601843,12,,,0,105,,1601840,12,,,0,100,,1601848,12,,,0,100,,1601845,12,,,0,100,,1601839,12,,,0,98,,1601850,12,,,0,106,,1601838,12,,,0
5302,'20261019',705,,1601870,12,,,0,29,,1601873,12,,,0,71,,1601852,12,,,0,34,,1601864,12,,,0,81,,1601872,12,,,0,85,,1601865,12,,,0,100,,1601853,12,,,0,101,,1601869,12,,,0,100,,1601866,12,,,0,100,,1601867,12,,,0,45,,1601868,12,,,0,85,,1601862,12,,,0,65,,1601854,12,,,0,31,,1601861,12,,,0,76,,1601859,12,,,0,27,,1601855,12,,,0,69,,1601856,12,,,0,101,,1601860,12,,,0,100,,1601857,12,,,0,104,,1601858,12,,,0,104,,1601863,12,,,0,103,,1601871,12,,,0
5302,'20261020',705,,1601892,12,,,0,29,,1601895,12,,,0,71,,1601874,12,,,0,34,,1601886,12,,,0,81,,1601894,12,,,0,85,,1601887,12,,,0,100,,1601875,12,,,0,101,,1601891,12,,,0,100,,1601888,12,,,0,100,,1601889,12,,,0,45,,1601890,12,,,0,85,,1601884,12,,,0,65,,1601876,12,,,0,31,,1601883,12,,,0,76,,1601881,12,,,0,27,,1601877,12,,,0,69,,1601878,12,,,0,101,,1601882,12,,,0,100,,1601879,12,,,0,104,,1601880,12,,,0,104,,1601885,12,,,0,103,,1601893,12,,,0
25300,'20261006',1557,,1611880,11,4,,0,70,,1611881,11,4,,0,32,,1611882,11,4,,0,70,,1611883,11,4,,0
25300,'20261007',1557,,1611884,11,4,,0,70,,1611885,11,4,,0,32,,1611886,11,4,,0,70,,1611887,11,4,,0
25300,'20261008',1557,,1611888,11,4,,0,70,,1611889,11,4,,0,32,,1611890,11,4,,0,70,,1611891,11,4,,0
25300,'20261009',1557,,1611892,11,4,,0,70,,1611893,11,4,,0,32,,1611894,11,4,,0,70,,1611895,11,4,,0
25300,'20261013',1557,,1580145,11,4,,0,70,,1580146,11,4,,0,32,,1580147,11,4,,0,70,,1580148,11,4,,0
25300,'20261014',1557,,1580149,11,4,,0,70,,1580150,11,4,,0,32,,1580151,11,4,,0,70,,1580152,11,4,,0
25300,'20261015',1557,,1580153,11,4,,0,70,,1580154,11,4,,0,32,,1580155,11,4,,0,70,,1580156,11,4,,0
25300,'20261016',1557,,1580157,11,4,,0,70,,1580158,11,4,,0,32,,1580159,11,4,,0,70,,1580160,11,4,,0
25300,'20261019',1557,,1611896,11,4,,0,70,,1611897,11,4,,0,32,,1611898,11,4,,0,70,,1611899,11,4,,0
25300,'20261020',1557,,1611900,11,4,,0,70,,1611901,11,4,,0,32,,1611902,11,4,,0,70,,1611903,11,4,,0
