8200,'20261009',710,,1608311,103,,,0,38,,1608312,103,,,0,78,,1608313,103,,,0,103,,1608315,103,,,0,195,,1608317,103,,,0,198,,1608319,103,,,0,197,,1608321,103,,,0,193,,1608310,103,,,0,28,,1608323,103,,,0,69,,1608324,103,,,0,28,,1608325,103,,,0,96,,1608326,103,,,0,78,,1608327,105,,,0,200,,1608329,105,,,0,199,,1608331,105,,,0
8200,'20261010',738,,1635528,105,,,0,200,,1635530,105,,,0,203,,1635532,105,,,0,201,,1635534,105,,,0,201,,1635536,105,,,0,201,,1635538,105,,,0,197,,1635540,105,,,0,199,,1635542,105,,,0,268,,1635544,105,,,0
8200,'20261011',738,,1635545,105,,,0,200,,1635547,105,,,0,203,,1635549,105,,,0,201,,1635551,105,,,0,201,,1635553,105,,,0,201,,1635555,105,,,0,197,,1635557,105,,,0,199,,1635559,105,,,0,268,,1635561,105,,,0
8200,'20261012',738,,1635562,105,,,0,200,,1635564,105,,,0,203,,1635566,105,,,0,201,,1635568,105,,,0,201,,1635570,105,,,0,201,,1635572,105,,,0,197,,1635574,105,,,0,199,,1635576,105,,,0,268,,1635578,105,,,0
8200,'20261013',710,,1576607,103,,,0,38,,1576590,103,,,0,78,,1576611,103,,,0,103,,1576606,103,,,0,195,,1576605,103,,,0,198,,1576591,103,,,0,197,,1576604,103,,,0,193,,1576592,103,,,0,28,,1576593,103,,,0,69,,1576594,103,,,0,28,,1576595,103,,,0,96,,1576602,103,,,0,78,,1576603,105,,,0,200,,1576608,105,,,0,199,,1576596,105,,,0
8200,'20261014',710,,1576629,103,,,0,38,,1576612,103,,,0,78,,1576633,103,,,0,103,,1576628,103,,,0,195,,1576627,103,,,0,198,,1576613,103,,,0,197,,1576626,103,,,0,193,,1576614,103,,,0,28,,1576615,103,,,0,69,,1576616,103,,,0,28,,1576617,103,,,0,96,,1576624,103,,,0,78,,1576625,105,,,0,200,,1576630,105,,,0,199,,1576618,105,,,0
8200,'20261015',710,,1576651,103,,,0,38,,1576634,103,,,0,78,,1576655,103,,,0,103,,1576650,103,,,0,195,,1576649,103,,,0,198,,1576635,103,,,0,197,,1576648,103,,,0,193,,1576636,103,,,0,28,,1576637,103,,,0,69,,1576638,103,,,0,28,,1576639,103,,,0,96,,1576646,103,,,0,78,,1576647,105,,,0,200,,1576652,105,,,0,199,,1576640,105,,,0
8200,'20261016',710,,1576673,103,,,0,38,,1576656,103,,,0,78,,1576677,103,,,0,103,,1576672,103,,,0,195,,1576671,103,,,0,198,,1576657,103,,,0,197,,1576670,103,,,0,193,,1576658,103,,,0,28,,1576659,103,,,0,69,,1576660,103,,,0,28,,1576661,103,,,0,96,,1576668,103,,,0,78,,1576669,105,,,0,200,,1576674,105,,,0,199,,1576662,105,,,0
8200,'20261017',738,,1608346,105,,,0,200,,1608336,105,,,0,203,,1608344,105,,,0,201,,1608333,105,,,0,201,,1608345,105,,,0,201,,1608348,105,,,0,197,,1608341,105,,,0,199,,1608347,105,,,0,268,,1608335,105,,,0
8200,'20261018',738,,1608361,105,,,0,200,,1608358,105,,,0,203,,1608357,105,,,0,201,,1608352,105,,,0,201,,1608355,105,,,0,201,,1608365,105,,,0,197,,1608350,105,,,0,199,,1608364,105,,,0,268,,1608354,105,,,0
8200,'20261019',710,,1608383,103,,,0,38,,1608366,103,,,0,78,,1608387,103,,,0,103,,1608382,103,,,0,195,,1608381,103,,,0,198,,1608367,103,,,0,197,,1608380,103,,,0,193,,1608368,103,,,0,28,,1608369,103,,,0,69,,1608370,103,,,0,28,,1608371,103,,,0,96,,1608378,103,,,0,78,,1608379,105,,,0,200,,1608384,105,,,0,199,,1608372,105,,,0
8200,'20261020',710,,1608405,103,,,0,38,,1608388,103,,,0,78,,1608409,103,,,0,103,,1608404,103,,,0,195,,1608403,103,,,0,198,,1608389,103,,,0,197,,1608402,103,,,0,193,,1608390,103,,,0,28,,1608391,103,,,0,69,,1608392,103,,,0,28,,1608393,103,,,0,96,,1608400,103,,,0,78,,1608401,105,,,0,200,,1608406,105,,,0,199,,1608394,105,,,0
8200,'20261021',710,,1635596,103,,,0,38,,1635579,103,,,0,78,,1635600,103,,,0,103,,1635595,103,,,0,195,,1635594,103,,,0,198,,1635580,103,,,0,197,,1635593,103,,,0,193,,1635581,103,,,0,28,,1635582,103,,,0,69,,1635583,103,,,0,28,,1635584,103,,,0,96,,1635591,103,,,0,78,,1635592,105,,,0,200,,1635597,105,,,0,199,,1635585,105,,,0
8200,'20261022',710,,1635618,103,,,0,38,,1635601,103,,,0,78,,1635622,103,,,0,103,,1635617,103,,,0,195,,1635616,103,,,0,198,,1635602,103,,,0,197,,1635615,103,,,0,193,,1635603,103,,,0,28,,1635604,103,,,0,69,,1635605,103,,,0,28,,1635606,103,,,0,96,,1635613,103,,,0,78,,1635614,105,,,0,200,,1635619,105,,,0,199,,1635607,105,,,0
8200,'20261023',710,,1635640,103,,,0,38,,1635623,103,,,0,78,,1635644,103,,,0,103,,1635639,103,,,0,195,,1635638,103,,,0,198,,1635624,103,,,0,197,,1635637,103,,,0,193,,1635625,103,,,0,28,,1635626,103,,,0,69,,1635627,103,,,0,28,,1635628,103,,,0,96,,1635635,103,,,0,78,,1635636,105,,,0,200,,1635641,105,,,0,199,,1635629,105,,,0
28200,'20261009',1613,,1612614,47,4,,0,31,,1612615,47,4,,0,79,,1612616,47,4,,0,31,,1612617,47,4,,0,66,,1612618,47,4,,0,18,,1612619,47,4,,0
28200,'20261013',1613,,1580866,47,4,,0,31,,1580864,47,4,,0,79,,1580862,47,4,,0,31,,1580861,47,4,,0,66,,1580865,47,4,,0,18,,1580863,47,4,,0
28200,'20261014',1613,,1580872,47,4,,0,31,,1580870,47,4,,0,79,,1580868,47,4,,0,31,,1580867,47,4,,0,66,,1580871,47,4,,0,18,,1580869,47,4,,0
28200,'20261015',1613,,1580878,47,4,,0,31,,1580876,47,4,,0,79,,1580874,47,4,,0,31,,1580873,47,4,,0,66,,1580877,47,4,,0,18,,1580875,47,4,,0
28200,'20261016',1613,,1580884,47,4,,0,31,,1580882,47,4,,0,79,,1580880,47,4,,0,31,,1580879,47,4,,0,66,,1580883,47,4,,0,18,,1580881,47,4,,0
28200,'20261019',1613,,1612625,47,4,,0,31,,1612623,47,4,,0,79,,1612621,47,4,,0,31,,1612620,47,4,,0,66,,1612624,47,4,,0,18,,1612622,47,4,,0
28200,'20261020',1613,,1612631,47,4,,0,31,,1612629,47,4,,0,79,,1612627,47,4,,0,31,,1612626,47,4,,0,66,,1612630,47,4,,0,18,,1612628,47,4,,0
28200,'20261021',1613,,1638287,47,4,,0,31,,1638285,47,4,,0,79,,1638283,47,4,,0,31,,1638282,47,4,,0,66,,1638286,47,4,,0,18,,1638284,47,4,,0
28200,'20261022',1613,,1638293,47,4,,0,31,,1638291,47,4,,0,79,,1638289,47,4,,0,31,,1638288,47,4,,0,66,,1638292,47,4,,0,18,,1638290,47,4,,0
28200,'20261023',1613,,1638299,47,4,,0,31,,1638297,47,4,,0,79,,1638295,47,4,,0,31,,1638294,47,4,,0,66,,1638298,47,4,,0,18,,1638296,47,4,,0
37200,'20261009',1302,,1613564,65,4,,0,412,,1613565,65,4,,0,101,,1613566,65,4,,0,94,,1613567,65,4,,0
37200,'20261013',1302,,1581799,65,4,,0,412,,1581800,65,4,,0,101,,1581801,65,4,,0,94,,1581802,65,4,,0
37200,'20261014',1302,,1581803,65,4,,0,412,,1581804,65,4,,0,101,,1581805,65,4,,0,94,,1581806,65,4,,0
37200,'20261015',1302,,1581807,65,4,,0,412,,1581808,65,4,,0,101,,1581809,65,4,,0,94,,1581810,65,4,,0
37200,'20261016',1302,,1581811,65,4,,0,412,,1581812,65,4,,0,101,,1581813,65,4,,0,94,,1581814,65,4,,0
37200,'20261019',1302,,1613568,65,4,,0,412,,1613569,65,4,,0,101,,1613570,65,4,,0,94,,1613571,65,4,,0
37200,'20261020',1302,,1613572,65,4,,0,412,,1613573,65,4,,0,101,,1613574,65,4,,0,94,,1613575,65,4,,0
37200,'20261021',1302,,1638750,65,4,,0,412,,1638751,65,4,,0,101,,1638752,65,4,,0,94,,1638753,65,4,,0
37200,'20261022',1302,,1638754,65,4,,0,412,,1638755,65,4,,0,101,,1638756,65,4,,0,94,,1638757,65,4,,0
37200,'20261023',1302,,1638758,65,4,,0,412,,1638759,65,4,,0,101,,1638760,65,4,,0,94,,1638761,65,4,,0
57200,'20261009',1634,,1614310,63,4,,0,84,,1614311,63,4,,0,36,,1614312,63,4,,0,63,,1614313,63,4,,0
57200,'20261013',1634,,1582551,63,4,,0,84,,1582548,63,4,,0,36,,1582549,63,4,,0,63,,1582550,63,4,,0
57200,'20261014',1634,,1582555,63,4,,0,84,,1582552,63,4,,0,36,,1582553,63,4,,0,63,,1582554,63,4,,0
57200,'20261015',1634,,1582559,63,4,,0,84,,1582556,63,4,,0,36,,1582557,63,4,,0,63,,1582558,63,4,,0
57200,'20261016',1634,,1582563,63,4,,0,84,,1582560,63,4,,0,36,,1582561,63,4,,0,63,,1582562,63,4,,0
57200,'20261019',1634,,1614317,63,4,,0,84,,1614314,63,4,,0,36,,1614315,63,4,,0,63,,1614316,63,4,,0
57200,'20261020',1634,,1614321,63,4,,0,84,,1614318,63,4,,0,36,,1614319,63,4,,0,63,,1614320,63,4,,0
57200,'20261021',1634,,1639130,63,4,,0,84,,1639127,63,4,,0,36,,1639128,63,4,,0,63,,1639129,63,4,,0
57200,'20261022',1634,,1639134,63,4,,0,84,,1639131,63,4,,0,36,,1639132,63,4,,0,63,,1639133,63,4,,0
57200,'20261023',1634,,1639138,63,4,,0,84,,1639135,63,4,,0,36,,1639136,63,4,,0,63,,1639137,63,4,,0
