5601,'20261009',1611,,1602985,13,,,0,30,,1602986,13,,,0,71,,1602987,13,,,0
5601,'20261013',1611,,1571267,13,,,0,30,,1571269,13,,,0,71,,1571268,13,,,0
5601,'20261014',1611,,1571270,13,,,0,30,,1571272,13,,,0,71,,1571271,13,,,0
5601,'20261015',1611,,1571273,13,,,0,30,,1571275,13,,,0,71,,1571274,13,,,0
5601,'20261016',1611,,1571276,13,,,0,30,,1571278,13,,,0,71,,1571277,13,,,0
5601,'20261019',1611,,1602988,13,,,0,30,,1602990,13,,,0,71,,1602989,13,,,0
5601,'20261020',1611,,1602991,13,,,0,30,,1602993,13,,,0,71,,1602992,13,,,0
5601,'20261021',1611,,1631820,13,,,0,30,,1631822,13,,,0,71,,1631821,13,,,0
5601,'20261022',1611,,1631823,13,,,0,30,,1631825,13,,,0,71,,1631824,13,,,0
5601,'20261023',1611,,1631826,13,,,0,30,,1631828,13,,,0,71,,1631827,13,,,0
