300,'20261009',619,,1594410,35,,,0,98,,1594412,35,,,0,100,,1594414,35,,,0,102,,1594416,35,,,0,101,,1594418,35,,,0,99,,1594420,35,,,0,100,,1594422,35,,,0,100,,1594424,35,,,0,100,,1594426,35,,,0,100,,1594428,35,,,0,28,,1594429,35,,,0,68,,1594430,35,,,0,30,,1594432,35,,,0,71,,1594433,35,,,0,32,,1594435,35,,,0,70,,1594437,35,,,0,100,,1594439,35,,,0,101,,1594441,35,,,0,100,,1594443,35,,,0,101,,1594445,35,,,0,100,,1594447,35,,,0
300,'20261010',720,,1625963,35,,,0,99,,1625965,35,,,0,99,,1625967,35,,,0,100,,1625969,35,,,0,100,,1625971,35,,,0,100,,1625973,35,,,0,100,,1625975,35,,,0,100,,1625977,35,,,0,100,,1625979,35,,,0,100,,1625981,35,,,0,100,,1625983,35,,,0,100,,1625985,35,,,0,100,,1625987,35,,,0,100,,1625989,35,,,0,100,,1625991,35,,,0,101,,1625993,35,,,0,100,,1625995,35,,,0,101,,1625997,35,,,0
300,'20261011',720,,1626000,35,,,0,99,,1626002,35,,,0,99,,1626004,35,,,0,100,,1626006,35,,,0,100,,1626008,35,,,0,100,,1626010,35,,,0,100,,1626012,35,,,0,100,,1626014,35,,,0,100,,1626016,35,,,0,100,,1626018,35,,,0,100,,1626020,35,,,0,100,,1626022,35,,,0,100,,1626024,35,,,0,100,,1626026,35,,,0,100,,1626028,35,,,0,101,,1626030,35,,,0,100,,1626032,35,,,0,101,,1626034,35,,,0
300,'20261012',720,,1626037,35,,,0,99,,1626039,35,,,0,99,,1626041,35,,,0,100,,1626043,35,,,0,100,,1626045,35,,,0,100,,1626047,35,,,0,100,,1626049,35,,,0,100,,1626051,35,,,0,100,,1626053,35,,,0,100,,1626055,35,,,0,100,,1626057,35,,,0,100,,1626059,35,,,0,100,,1626061,35,,,0,100,,1626063,35,,,0,100,,1626065,35,,,0,101,,1626067,35,,,0,100,,1626069,35,,,0,101,,1626071,35,,,0
300,'20261013',619,,1562744,35,,,0,98,,1562745,35,,,0,100,,1562746,35,,,0,102,,1562747,35,,,0,101,,1562748,35,,,0,99,,1562749,35,,,0,100,,1562750,35,,,0,100,,1562751,35,,,0,100,,1562752,35,,,0,100,,1562753,35,,,0,28,,1562754,35,,,0,68,,1562755,35,,,0,30,,1562756,35,,,0,71,,1562757,35,,,0,32,,1562758,35,,,0,70,,1562759,35,,,0,100,,1562760,35,,,0,101,,1562761,35,,,0,100,,1562762,35,,,0,101,,1562763,35,,,0,100,,1562764,35,,,0
300,'20261014',619,,1562786,35,,,0,98,,1562787,35,,,0,100,,1562788,35,,,0,102,,1562789,35,,,0,101,,1562790,35,,,0,99,,1562791,35,,,0,100,,1562792,35,,,0,100,,1562793,35,,,0,100,,1562794,35,,,0,100,,1562795,35,,,0,28,,1562796,35,,,0,68,,1562797,35,,,0,30,,1562798,35,,,0,71,,1562799,35,,,0,32,,1562800,35,,,0,70,,1562801,35,,,0,100,,1562802,35,,,0,101,,1562803,35,,,0,100,,1562804,35,,,0,101,,1562805,35,,,0,100,,1562806,35,,,0
300,'20261015',619,,1562828,35,,,0,98,,1562829,35,,,0,100,,1562830,35,,,0,102,,1562831,35,,,0,101,,1562832,35,,,0,99,,1562833,35,,,0,100,,1562834,35,,,0,100,,1562835,35,,,0,100,,1562836,35,,,0,100,,1562837,35,,,0,28,,1562838,35,,,0,68,,1562839,35,,,0,30,,1562840,35,,,0,71,,1562841,35,,,0,32,,1562842,35,,,0,70,,1562843,35,,,0,100,,1562844,35,,,0,101,,1562845,35,,,0,100,,1562846,35,,,0,101,,1562847,35,,,0,100,,1562848,35,,,0
300,'20261016',619,,1562870,35,,,0,98,,1562871,35,,,0,100,,1562872,35,,,0,102,,1562873,35,,,0,101,,1562874,35,,,0,99,,1562875,35,,,0,100,,1562876,35,,,0,100,,1562877,35,,,0,100,,1562878,35,,,0,100,,1562879,35,,,0,28,,1562880,35,,,0,68,,1562881,35,,,0,30,,1562882,35,,,0,71,,1562883,35,,,0,32,,1562884,35,,,0,70,,1562885,35,,,0,100,,1562886,35,,,0,101,,1562887,35,,,0,100,,1562888,35,,,0,101,,1562889,35,,,0,100,,1562890,35,,,0
300,'20261017',720,,1594450,35,,,0,99,,1594451,35,,,0,99,,1594452,35,,,0,100,,1594453,35,,,0,100,,1594454,35,,,0,100,,1594455,35,,,0,100,,1594456,35,,,0,100,,1594457,35,,,0,100,,1594458,35,,,0,100,,1594459,35,,,0,100,,1594460,35,,,0,100,,1594461,35,,,0,100,,1594462,35,,,0,100,,1594463,35,,,0,100,,1594464,35,,,0,101,,1594465,35,,,0,100,,1594466,35,,,0,101,,1594467,35,,,0
300,'20261018',720,,1594487,35,,,0,99,,1594488,35,,,0,99,,1594489,35,,,0,100,,1594490,35,,,0,100,,1594491,35,,,0,100,,1594492,35,,,0,100,,1594493,35,,,0,100,,1594494,35,,,0,100,,1594495,35,,,0,100,,1594496,35,,,0,100,,1594497,35,,,0,100,,1594498,35,,,0,100,,1594499,35,,,0,100,,1594500,35,,,0,100,,1594501,35,,,0,101,,1594502,35,,,0,100,,1594503,35,,,0,101,,1594504,35,,,0
300,'20261019',619,,1594524,35,,,0,98,,1594525,35,,,0,100,,1594526,35,,,0,102,,1594527,35,,,0,101,,1594528,35,,,0,99,,1594529,35,,,0,100,,1594530,35,,,0,100,,1594531,35,,,0,100,,1594532,35,,,0,100,,1594533,35,,,0,28,,1594534,35,,,0,68,,1594535,35,,,0,30,,1594536,35,,,0,71,,1594537,35,,,0,32,,1594538,35,,,0,70,,1594539,35,,,0,100,,1594540,35,,,0,101,,1594541,35,,,0,100,,1594542,35,,,0,101,,1594543,35,,,0,100,,1594544,35,,,0
300,'20261020',619,,1594566,35,,,0,98,,1594567,35,,,0,100,,1594568,35,,,0,102,,1594569,35,,,0,101,,1594570,35,,,0,99,,1594571,35,,,0,100,,1594572,35,,,0,100,,1594573,35,,,0,100,,1594574,35,,,0,100,,1594575,35,,,0,28,,1594576,35,,,0,68,,1594577,35,,,0,30,,1594578,35,,,0,71,,1594579,35,,,0,32,,1594580,35,,,0,70,,1594581,35,,,0,100,,1594582,35,,,0,101,,1594583,35,,,0,100,,1594584,35,,,0,101,,1594585,35,,,0,100,,1594586,35,,,0
300,'20261021',619,,1626072,35,,,0,98,,1626073,35,,,0,100,,1626074,35,,,0,102,,1626075,35,,,0,101,,1626076,35,,,0,99,,1626077,35,,,0,100,,1626078,35,,,0,100,,1626079,35,,,0,100,,1626080,35,,,0,100,,1626081,35,,,0,28,,1626082,35,,,0,68,,1626083,35,,,0,30,,1626084,35,,,0,71,,1626085,35,,,0,32,,1626086,35,,,0,70,,1626087,35,,,0,100,,1626088,35,,,0,101,,1626089,35,,,0,100,,1626090,35,,,0,101,,1626091,35,,,0,100,,1626092,35,,,0
300,'20261022',619,,1626114,35,,,0,98,,1626115,35,,,0,100,,1626116,35,,,0,102,,1626117,35,,,0,101,,1626118,35,,,0,99,,1626119,35,,,0,100,,1626120,35,,,0,100,,1626121,35,,,0,100,,1626122,35,,,0,100,,1626123,35,,,0,28,,1626124,35,,,0,68,,1626125,35,,,0,30,,1626126,35,,,0,71,,1626127,35,,,0,32,,1626128,35,,,0,70,,1626129,35,,,0,100,,1626130,35,,,0,101,,1626131,35,,,0,100,,1626132,35,,,0,101,,1626133,35,,,0,100,,1626134,35,,,0
300,'20261023',619,,1626156,35,,,0,98,,1626157,35,,,0,100,,1626158,35,,,0,102,,1626159,35,,,0,101,,1626160,35,,,0,99,,1626161,35,,,0,100,,1626162,35,,,0,100,,1626163,35,,,0,100,,1626164,35,,,0,100,,1626165,35,,,0,28,,1626166,35,,,0,68,,1626167,35,,,0,30,,1626168,35,,,0,71,,1626169,35,,,0,32,,1626170,35,,,0,70,,1626171,35,,,0,100,,1626172,35,,,0,101,,1626173,35,,,0,100,,1626174,35,,,0,101,,1626175,35,,,0,100,,1626176,35,,,0
1008200,'20261009',804,,1625367,14,,,0
1008200,'20261013',804,,1593564,14,,,0
1008200,'20261014',804,,1593565,14,,,0
1008200,'20261015',804,,1593566,14,,,0
1008200,'20261016',804,,1593567,14,,,0
1008200,'20261019',804,,1625368,14,,,0
1008200,'20261020',804,,1625369,14,,,0
1008200,'20261021',804,,1646919,14,,,0
1008200,'20261022',804,,1646920,14,,,0
1008200,'20261023',804,,1646921,14,,,0
