3401,'20260728',622,,1019614,2,,,0,33,,1019615,2,,,0,76,,1019616,2,,,0,73,,1019617,2,,,0,30,,1019618,2,,,0,213,,1019619,2,,,0,200,,1019620,2,,,0,200,,1019621,2,,,0,206,,1019622,2,,,0,68,,1019623,2,,,0,30,,1019624,2,,,0,72,,1019625,2,,,0,30,,1019626,2,,,0,93,,1019627,2,,,0,199,,1019628,2,,,0,200,,1019629,2,,,0
3401,'20260729',622,,1019630,2,,,0,33,,1019631,2,,,0,76,,1019632,2,,,0,73,,1019633,2,,,0,30,,1019634,2,,,0,213,,1019635,2,,,0,200,,1019636,2,,,0,200,,1019637,2,,,0,206,,1019638,2,,,0,68,,1019639,2,,,0,30,,1019640,2,,,0,72,,1019641,2,,,0,30,,1019642,2,,,0,93,,1019643,2,,,0,199,,1019644,2,,,0,200,,1019645,2,,,0
3401,'20260730',622,,1019646,2,,,0,33,,1019647,2,,,0,76,,1019648,2,,,0,73,,1019649,2,,,0,30,,1019650,2,,,0,213,,1019651,2,,,0,200,,1019652,2,,,0,200,,1019653,2,,,0,206,,1019654,2,,,0,68,,1019655,2,,,0,30,,1019656,2,,,0,72,,1019657,2,,,0,30,,1019658,2,,,0,93,,1019659,2,,,0,199,,1019660,2,,,0,200,,1019661,2,,,0
3401,'20260731',622,,1051475,2,,,0,33,,1051476,2,,,0,76,,1051477,2,,,0,73,,1051478,2,,,0,30,,1051479,2,,,0,213,,1051480,2,,,0,200,,1051481,2,,,0,200,,1051482,2,,,0,206,,1051483,2,,,0,68,,1051484,2,,,0,30,,1051485,2,,,0,72,,1051486,2,,,0,30,,1051487,2,,,0,93,,1051488,2,,,0,199,,1051489,2,,,0,200,,1051490,2,,,0
3401,'20260801',656,,1002218,2,,,0,200,,1002221,2,,,0,200,,1002219,2,,,0,200,,1002223,2,,,0,200,,1002220,2,,,0,200,,1002224,2,,,0,200,,1002225,2,,,0,200,,1002226,2,,,0,200,,1002222,2,,,0
3401,'20260802',656,,1002227,2,,,0,200,,1002228,2,,,0,200,,1002229,2,,,0,200,,1002230,2,,,0,200,,1002231,2,,,0,200,,1002232,2,,,0,200,,1002233,2,,,0,200,,1002234,2,,,0,200,,1002235,2,,,0
3401,'20260803',622,,1002243,2,,,0,33,,1002236,2,,,0,76,,1002237,2,,,0,73,,1002238,2,,,0,30,,1002251,2,,,0,213,,1002244,2,,,0,200,,1002239,2,,,0,200,,1002245,2,,,0,206,,1002249,2,,,0,68,,1002242,2,,,0,30,,1002240,2,,,0,72,,1002241,2,,,0,30,,1002250,2,,,0,93,,1002246,2,,,0,199,,1002247,2,,,0,200,,1002248,2,,,0
3401,'20260804',622,,1019669,2,,,0,33,,1019662,2,,,0,76,,1019663,2,,,0,73,,1019664,2,,,0,30,,1019677,2,,,0,213,,1019670,2,,,0,200,,1019665,2,,,0,200,,1019671,2,,,0,206,,1019675,2,,,0,68,,1019668,2,,,0,30,,1019666,2,,,0,72,,1019667,2,,,0,30,,1019676,2,,,0,93,,1019672,2,,,0,199,,1019673,2,,,0,200,,1019674,2,,,0
3401,'20260805',622,,1019685,2,,,0,33,,1019678,2,,,0,76,,1019679,2,,,0,73,,1019680,2,,,0,30,,1019693,2,,,0,213,,1019686,2,,,0,200,,1019681,2,,,0,200,,1019687,2,,,0,206,,1019691,2,,,0,68,,1019684,2,,,0,30,,1019682,2,,,0,72,,1019683,2,,,0,30,,1019692,2,,,0,93,,1019688,2,,,0,199,,1019689,2,,,0,200,,1019690,2,,,0
3401,'20260806',622,,1019701,2,,,0,33,,1019694,2,,,0,76,,1019695,2,,,0,73,,1019696,2,,,0,30,,1019709,2,,,0,213,,1019702,2,,,0,200,,1019697,2,,,0,200,,1019703,2,,,0,206,,1019707,2,,,0,68,,1019700,2,,,0,30,,1019698,2,,,0,72,,1019699,2,,,0,30,,1019708,2,,,0,93,,1019704,2,,,0,199,,1019705,2,,,0,200,,1019706,2,,,0
3401,'20260807',622,,1019717,2,,,0,33,,1019710,2,,,0,76,,1019711,2,,,0,73,,1019712,2,,,0,30,,1019725,2,,,0,213,,1019718,2,,,0,200,,1019713,2,,,0,200,,1019719,2,,,0,206,,1019723,2,,,0,68,,1019716,2,,,0,30,,1019714,2,,,0,72,,1019715,2,,,0,30,,1019724,2,,,0,93,,1019720,2,,,0,199,,1019721,2,,,0,200,,1019722,2,,,0
3401,'20260808',656,,1051491,2,,,0,200,,1051494,2,,,0,200,,1051492,2,,,0,200,,1051496,2,,,0,200,,1051493,2,,,0,200,,1051497,2,,,0,200,,1051498,2,,,0,200,,1051499,2,,,0,200,,1051495,2,,,0
3401,'20260809',656,,1051500,2,,,0,200,,1051501,2,,,0,200,,1051502,2,,,0,200,,1051503,2,,,0,200,,1051504,2,,,0,200,,1051505,2,,,0,200,,1051506,2,,,0,200,,1051507,2,,,0,200,,1051508,2,,,0
3401,'20260810',622,,1051516,2,,,0,33,,1051509,2,,,0,76,,1051510,2,,,0,73,,1051511,2,,,0,30,,1051524,2,,,0,213,,1051517,2,,,0,200,,1051512,2,,,0,200,,1051518,2,,,0,206,,1051522,2,,,0,68,,1051515,2,,,0,30,,1051513,2,,,0,72,,1051514,2,,,0,30,,1051523,2,,,0,93,,1051519,2,,,0,199,,1051520,2,,,0,200,,1051521,2,,,0
3401,'20260811',622,,1051532,2,,,0,33,,1051525,2,,,0,76,,1051526,2,,,0,73,,1051527,2,,,0,30,,1051540,2,,,0,213,,1051533,2,,,0,200,,1051528,2,,,0,200,,1051534,2,,,0,206,,1051538,2,,,0,68,,1051531,2,,,0,30,,1051529,2,,,0,72,,1051530,2,,,0,30,,1051539,2,,,0,93,,1051535,2,,,0,199,,1051536,2,,,0,200,,1051537,2,,,0
