902,'20261006',1543,,1596266,11,,,0,70,,1596267,11,,,0,31,,1596268,11,,,0,98,,1596269,11,,,0,700,,1596270,11,,,0
902,'20261007',1543,,1596271,11,,,0,70,,1596272,11,,,0,31,,1596273,11,,,0,98,,1596274,11,,,0,700,,1596275,11,,,0
902,'20261008',1543,,1596276,11,,,0,70,,1596277,11,,,0,31,,1596278,11,,,0,98,,1596279,11,,,0,700,,1596280,11,,,0
902,'20261009',1543,,1596281,11,,,0,70,,1596282,11,,,0,31,,1596283,11,,,0,98,,1596284,11,,,0,700,,1596285,11,,,0
902,'20261013',1543,,1564579,11,,,0,70,,1564576,11,,,0,31,,1564577,11,,,0,98,,1564578,11,,,0,700,,1564580,11,,,0
902,'20261014',1543,,1564584,11,,,0,70,,1564581,11,,,0,31,,1564582,11,,,0,98,,1564583,11,,,0,700,,1564585,11,,,0
902,'20261015',1543,,1564589,11,,,0,70,,1564586,11,,,0,31,,1564587,11,,,0,98,,1564588,11,,,0,700,,1564590,11,,,0
902,'20261016',1543,,1564594,11,,,0,70,,1564591,11,,,0,31,,1564592,11,,,0,98,,1564593,11,,,0,700,,1564595,11,,,0
902,'20261019',1543,,1596289,11,,,0,70,,1596286,11,,,0,31,,1596287,11,,,0,98,,1596288,11,,,0,700,,1596290,11,,,0
902,'20261020',1543,,1596294,11,,,0,70,,1596291,11,,,0,31,,1596292,11,,,0,98,,1596293,11,,,0,700,,1596295,11,,,0
