1203,'20261009',649,,1597172,39,,,0,70,,1597173,39,,,0,38,,1597174,39,,,0,66,,1597175,39,,,0,31,,1597176,39,,,0,69,,1597177,39,,,0,98,,1597178,39,,,0,98,,1597179,39,,,0,99,,1597180,39,,,0,101,,1597181,39,,,0,100,,1597182,39,,,0,99,,1597183,39,,,0,100,,1597184,39,,,0,110,,1597185,39,,,0,96,,1597186,39,,,0,98,,1597187,39,,,0,99,,1597188,39,,,0,100,,1597189,39,,,0,99,,1597190,39,,,0,99,,1597191,39,,,0
1203,'20261010',758,,1627884,39,,,0,100,,1627885,39,,,0,143,,1627886,40,,,0,58,,1627887,40,,,0,143,,1627888,40,,,0,105,,1627889,40,,,0,95,,1627890,40,,,0,106,,1627891,40,,,0,95,,1627892,40,,,0,101,,1627893,40,,,0,97,,1627894,39,,,0,58,,1627895,39,,,0,100,,1627896,39,,,0,100,,1627897,39,,,0,100,,1627898,39,,,0,100,,1627899,39,,,0
1203,'20261011',758,,1627900,39,,,0,100,,1627901,39,,,0,143,,1627902,40,,,0,58,,1627903,40,,,0,143,,1627904,40,,,0,105,,1627905,40,,,0,95,,1627906,40,,,0,106,,1627907,40,,,0,95,,1627908,40,,,0,101,,1627909,40,,,0,97,,1627910,39,,,0,58,,1627911,39,,,0,100,,1627912,39,,,0,100,,1627913,39,,,0,100,,1627914,39,,,0,100,,1627915,39,,,0
1203,'20261012',758,,1627916,39,,,0,100,,1627917,39,,,0,143,,1627918,40,,,0,58,,1627919,40,,,0,143,,1627920,40,,,0,105,,1627921,40,,,0,95,,1627922,40,,,0,106,,1627923,40,,,0,95,,1627924,40,,,0,101,,1627925,40,,,0,97,,1627926,39,,,0,58,,1627927,39,,,0,100,,1627928,39,,,0,100,,1627929,39,,,0,100,,1627930,39,,,0,100,,1627931,39,,,0
1203,'20261013',649,,1565476,39,,,0,70,,1565494,39,,,0,38,,1565477,39,,,0,66,,1565478,39,,,0,31,,1565495,39,,,0,69,,1565479,39,,,0,98,,1565480,39,,,0,98,,1565481,39,,,0,99,,1565482,39,,,0,101,,1565483,39,,,0,100,,1565484,39,,,0,99,,1565485,39,,,0,100,,1565486,39,,,0,110,,1565487,39,,,0,96,,1565488,39,,,0,98,,1565489,39,,,0,99,,1565490,39,,,0,100,,1565491,39,,,0,99,,1565492,39,,,0,99,,1565493,39,,,0
1203,'20261014',649,,1565496,39,,,0,70,,1565514,39,,,0,38,,1565497,39,,,0,66,,1565498,39,,,0,31,,1565515,39,,,0,69,,1565499,39,,,0,98,,1565500,39,,,0,98,,1565501,39,,,0,99,,1565502,39,,,0,101,,1565503,39,,,0,100,,1565504,39,,,0,99,,1565505,39,,,0,100,,1565506,39,,,0,110,,1565507,39,,,0,96,,1565508,39,,,0,98,,1565509,39,,,0,99,,1565510,39,,,0,100,,1565511,39,,,0,99,,1565512,39,,,0,99,,1565513,39,,,0
1203,'20261015',649,,1565516,39,,,0,70,,1565534,39,,,0,38,,1565517,39,,,0,66,,1565518,39,,,0,31,,1565535,39,,,0,69,,1565519,39,,,0,98,,1565520,39,,,0,98,,1565521,39,,,0,99,,1565522,39,,,0,101,,1565523,39,,,0,100,,1565524,39,,,0,99,,1565525,39,,,0,100,,1565526,39,,,0,110,,1565527,39,,,0,96,,1565528,39,,,0,98,,1565529,39,,,0,99,,1565530,39,,,0,100,,1565531,39,,,0,99,,1565532,39,,,0,99,,1565533,39,,,0
1203,'20261016',649,,1565536,39,,,0,70,,1565554,39,,,0,38,,1565537,39,,,0,66,,1565538,39,,,0,31,,1565555,39,,,0,69,,1565539,39,,,0,98,,1565540,39,,,0,98,,1565541,39,,,0,99,,1565542,39,,,0,101,,1565543,39,,,0,100,,1565544,39,,,0,99,,1565545,39,,,0,100,,1565546,39,,,0,110,,1565547,39,,,0,96,,1565548,39,,,0,98,,1565549,39,,,0,99,,1565550,39,,,0,100,,1565551,39,,,0,99,,1565552,39,,,0,99,,1565553,39,,,0
1203,'20261017',758,,1597192,39,,,0,100,,1597193,39,,,0,143,,1597194,40,,,0,58,,1597195,40,,,0,143,,1597196,40,,,0,105,,1597197,40,,,0,95,,1597198,40,,,0,106,,1597199,40,,,0,95,,1597200,40,,,0,101,,1597201,40,,,0,97,,1597202,39,,,0,58,,1597203,39,,,0,100,,1597204,39,,,0,100,,1597205,39,,,0,100,,1597206,39,,,0,100,,1597207,39,,,0
1203,'20261018',758,,1597208,39,,,0,100,,1597209,39,,,0,143,,1597210,40,,,0,58,,1597211,40,,,0,143,,1597212,40,,,0,105,,1597213,40,,,0,95,,1597214,40,,,0,106,,1597215,40,,,0,95,,1597216,40,,,0,101,,1597217,40,,,0,97,,1597218,39,,,0,58,,1597219,39,,,0,100,,1597220,39,,,0,100,,1597221,39,,,0,100,,1597223,39,,,0,100,,1597222,39,,,0
1203,'20261019',649,,1597224,39,,,0,70,,1597242,39,,,0,38,,1597225,39,,,0,66,,1597226,39,,,0,31,,1597243,39,,,0,69,,1597227,39,,,0,98,,1597228,39,,,0,98,,1597229,39,,,0,99,,1597230,39,,,0,101,,1597231,39,,,0,100,,1597232,39,,,0,99,,1597233,39,,,0,100,,1597234,39,,,0,110,,1597235,39,,,0,96,,1597236,39,,,0,98,,1597237,39,,,0,99,,1597238,39,,,0,100,,1597239,39,,,0,99,,1597240,39,,,0,99,,1597241,39,,,0
1203,'20261020',649,,1597244,39,,,0,70,,1597262,39,,,0,38,,1597245,39,,,0,66,,1597246,39,,,0,31,,1597263,39,,,0,69,,1597247,39,,,0,98,,1597248,39,,,0,98,,1597249,39,,,0,99,,1597250,39,,,0,101,,1597251,39,,,0,100,,1597252,39,,,0,99,,1597253,39,,,0,100,,1597254,39,,,0,110,,1597255,39,,,0,96,,1597256,39,,,0,98,,1597257,39,,,0,99,,1597258,39,,,0,100,,1597259,39,,,0,99,,1597260,39,,,0,99,,1597261,39,,,0
1203,'20261021',649,,1627932,39,,,0,70,,1627950,39,,,0,38,,1627933,39,,,0,66,,1627934,39,,,0,31,,1627951,39,,,0,69,,1627935,39,,,0,98,,1627936,39,,,0,98,,1627937,39,,,0,99,,1627938,39,,,0,101,,1627939,39,,,0,100,,1627940,39,,,0,99,,1627941,39,,,0,100,,1627942,39,,,0,110,,1627943,39,,,0,96,,1627944,39,,,0,98,,1627945,39,,,0,99,,1627946,39,,,0,100,,1627947,39,,,0,99,,1627948,39,,,0,99,,1627949,39,,,0
1203,'20261022',649,,1627952,39,,,0,70,,1627970,39,,,0,38,,1627953,39,,,0,66,,1627954,39,,,0,31,,1627971,39,,,0,69,,1627955,39,,,0,98,,1627956,39,,,0,98,,1627957,39,,,0,99,,1627958,39,,,0,101,,1627959,39,,,0,100,,1627960,39,,,0,99,,1627961,39,,,0,100,,1627962,39,,,0,110,,1627963,39,,,0,96,,1627964,39,,,0,98,,1627965,39,,,0,99,,1627966,39,,,0,100,,1627967,39,,,0,99,,1627968,39,,,0,99,,1627969,39,,,0
1203,'20261023',649,,1627972,39,,,0,70,,1627990,39,,,0,38,,1627973,39,,,0,66,,1627974,39,,,0,31,,1627991,39,,,0,69,,1627975,39,,,0,98,,1627976,39,,,0,98,,1627977,39,,,0,99,,1627978,39,,,0,101,,1627979,39,,,0,100,,1627980,39,,,0,99,,1627981,39,,,0,100,,1627982,39,,,0,110,,1627983,39,,,0,96,,1627984,39,,,0,98,,1627985,39,,,0,99,,1627986,39,,,0,100,,1627987,39,,,0,99,,1627988,39,,,0,99,,1627989,39,,,0
1302,'20261009',642,,1597352,4,,,0,98,,1597353,4,,,0,72,,1597354,4,,,0,102,,1597355,4,,,0,97,,1597356,4,,,0,98,,1597357,4,,,0,101,,1597358,4,,,0,101,,1597359,4,,,0,99,,1597360,4,,,0,97,,1597361,4,,,0,95,,1597362,4,,,0,32,,1597363,4,,,0,3,,1597364,4,,,0,80,,1597365,4,,,0,98,,1597366,4,,,0,102,,1597367,4,,,0,99,,1597368,4,,,0,100,,1597369,4,,,0,100,,1597370,4,,,0,97,,1597371,4,,,0
1302,'20261010',752,,1627992,4,,,0,98,,1627993,4,,,0,99,,1627994,4,,,0,99,,1627995,4,,,0,99,,1627996,4,,,0,99,,1627997,4,,,0,97,,1627998,4,,,0,103,,1627999,4,,,0,101,,1628000,4,,,0,101,,1628001,4,,,0,101,,1628002,4,,,0,102,,1628003,4,,,0,101,,1628004,4,,,0,101,,1628005,4,,,0,100,,1628006,4,,,0
1302,'20261011',752,,1628007,4,,,0,98,,1628008,4,,,0,99,,1628009,4,,,0,99,,1628010,4,,,0,99,,1628011,4,,,0,99,,1628012,4,,,0,97,,1628013,4,,,0,103,,1628014,4,,,0,101,,1628015,4,,,0,101,,1628016,4,,,0,101,,1628017,4,,,0,102,,1628018,4,,,0,101,,1628019,4,,,0,101,,1628020,4,,,0,100,,1628021,4,,,0
1302,'20261012',752,,1628022,4,,,0,98,,1628023,4,,,0,99,,1628024,4,,,0,99,,1628025,4,,,0,99,,1628026,4,,,0,99,,1628027,4,,,0,97,,1628028,4,,,0,103,,1628029,4,,,0,101,,1628030,4,,,0,101,,1628031,4,,,0,101,,1628032,4,,,0,102,,1628033,4,,,0,101,,1628034,4,,,0,101,,1628035,4,,,0,100,,1628036,4,,,0
1302,'20261013',642,,1565640,4,,,0,98,,1565641,4,,,0,72,,1565642,4,,,0,102,,1565643,4,,,0,97,,1565644,4,,,0,98,,1565645,4,,,0,101,,1565646,4,,,0,101,,1565647,4,,,0,99,,1565648,4,,,0,97,,1565649,4,,,0,95,,1565650,4,,,0,32,,1565664,4,,,0,3,,1565663,4,,,0,80,,1565651,4,,,0,98,,1565652,4,,,0,102,,1565653,4,,,0,99,,1565654,4,,,0,100,,1565655,4,,,0,100,,1565656,4,,,0,97,,1565657,4,,,0
1302,'20261014',642,,1565665,4,,,0,98,,1565666,4,,,0,72,,1565667,4,,,0,102,,1565668,4,,,0,97,,1565669,4,,,0,98,,1565670,4,,,0,101,,1565671,4,,,0,101,,1565672,4,,,0,99,,1565673,4,,,0,97,,1565674,4,,,0,95,,1565675,4,,,0,32,,1565689,4,,,0,3,,1565688,4,,,0,80,,1565676,4,,,0,98,,1565677,4,,,0,102,,1565678,4,,,0,99,,1565679,4,,,0,100,,1565680,4,,,0,100,,1565681,4,,,0,97,,1565682,4,,,0
1302,'20261015',642,,1565690,4,,,0,98,,1565691,4,,,0,72,,1565692,4,,,0,102,,1565693,4,,,0,97,,1565694,4,,,0,98,,1565695,4,,,0,101,,1565696,4,,,0,101,,1565697,4,,,0,99,,1565698,4,,,0,97,,1565699,4,,,0,95,,1565700,4,,,0,32,,1565714,4,,,0,3,,1565713,4,,,0,80,,1565701,4,,,0,98,,1565702,4,,,0,102,,1565703,4,,,0,99,,1565704,4,,,0,100,,1565705,4,,,0,100,,1565706,4,,,0,97,,1565707,4,,,0
1302,'20261016',642,,1565715,4,,,0,98,,1565716,4,,,0,72,,1565717,4,,,0,102,,1565718,4,,,0,97,,1565719,4,,,0,98,,1565720,4,,,0,101,,1565721,4,,,0,101,,1565722,4,,,0,99,,1565723,4,,,0,97,,1565724,4,,,0,95,,1565725,4,,,0,32,,1565739,4,,,0,3,,1565738,4,,,0,80,,1565726,4,,,0,98,,1565727,4,,,0,102,,1565728,4,,,0,99,,1565729,4,,,0,100,,1565730,4,,,0,100,,1565731,4,,,0,97,,1565732,4,,,0
1302,'20261017',752,,1597372,4,,,0,98,,1597373,4,,,0,99,,1597374,4,,,0,99,,1597375,4,,,0,99,,1597376,4,,,0,99,,1597377,4,,,0,97,,1597378,4,,,0,103,,1597379,4,,,0,101,,1597380,4,,,0,101,,1597381,4,,,0,101,,1597382,4,,,0,102,,1597383,4,,,0,101,,1597384,4,,,0,101,,1597385,4,,,0,100,,1597386,4,,,0
1302,'20261018',752,,1597387,4,,,0,98,,1597388,4,,,0,99,,1597389,4,,,0,99,,1597390,4,,,0,99,,1597391,4,,,0,99,,1597392,4,,,0,97,,1597393,4,,,0,103,,1597394,4,,,0,101,,1597395,4,,,0,101,,1597396,4,,,0,101,,1597397,4,,,0,102,,1597398,4,,,0,101,,1597399,4,,,0,101,,1597400,4,,,0,100,,1597401,4,,,0
1302,'20261019',642,,1597402,4,,,0,98,,1597403,4,,,0,72,,1597404,4,,,0,102,,1597405,4,,,0,97,,1597406,4,,,0,98,,1597407,4,,,0,101,,1597408,4,,,0,101,,1597409,4,,,0,99,,1597410,4,,,0,97,,1597411,4,,,0,95,,1597412,4,,,0,32,,1597426,4,,,0,3,,1597425,4,,,0,80,,1597413,4,,,0,98,,1597414,4,,,0,102,,1597415,4,,,0,99,,1597416,4,,,0,100,,1597417,4,,,0,100,,1597418,4,,,0,97,,1597419,4,,,0
1302,'20261020',642,,1597427,4,,,0,98,,1597428,4,,,0,72,,1597429,4,,,0,102,,1597430,4,,,0,97,,1597431,4,,,0,98,,1597432,4,,,0,101,,1597433,4,,,0,101,,1597434,4,,,0,99,,1597435,4,,,0,97,,1597436,4,,,0,95,,1597437,4,,,0,32,,1597451,4,,,0,3,,1597450,4,,,0,80,,1597438,4,,,0,98,,1597439,4,,,0,102,,1597440,4,,,0,99,,1597441,4,,,0,100,,1597442,4,,,0,100,,1597443,4,,,0,97,,1597444,4,,,0
1302,'20261021',642,,1628037,4,,,0,98,,1628038,4,,,0,72,,1628039,4,,,0,102,,1628040,4,,,0,97,,1628041,4,,,0,98,,1628042,4,,,0,101,,1628043,4,,,0,101,,1628044,4,,,0,99,,1628045,4,,,0,97,,1628046,4,,,0,95,,1628047,4,,,0,32,,1628061,4,,,0,3,,1628060,4,,,0,80,,1628048,4,,,0,98,,1628049,4,,,0,102,,1628050,4,,,0,99,,1628051,4,,,0,100,,1628052,4,,,0,100,,1628053,4,,,0,97,,1628054,4,,,0
1302,'20261022',642,,1628062,4,,,0,98,,1628063,4,,,0,72,,1628064,4,,,0,102,,1628065,4,,,0,97,,1628066,4,,,0,98,,1628067,4,,,0,101,,1628068,4,,,0,101,,1628069,4,,,0,99,,1628070,4,,,0,97,,1628071,4,,,0,95,,1628072,4,,,0,32,,1628086,4,,,0,3,,1628085,4,,,0,80,,1628073,4,,,0,98,,1628074,4,,,0,102,,1628075,4,,,0,99,,1628076,4,,,0,100,,1628077,4,,,0,100,,1628078,4,,,0,97,,1628079,4,,,0
1302,'20261023',642,,1628087,4,,,0,98,,1628088,4,,,0,72,,1628089,4,,,0,102,,1628090,4,,,0,97,,1628091,4,,,0,98,,1628092,4,,,0,101,,1628093,4,,,0,101,,1628094,4,,,0,99,,1628095,4,,,0,97,,1628096,4,,,0,95,,1628097,4,,,0,32,,1628111,4,,,0,3,,1628110,4,,,0,80,,1628098,4,,,0,98,,1628099,4,,,0,102,,1628100,4,,,0,99,,1628101,4,,,0,100,,1628102,4,,,0,100,,1628103,4,,,0,97,,1628104,4,,,0
