28900,'20261009',1632,,1612780,31,4,,0,18,,1612781,31,4,,0,57,,1612779,31,4,,0,50,,1612782,31,4,,0,75,,1612783,31,4,,0
28900,'20261013',1632,,1581029,31,4,,0,18,,1581030,31,4,,0,57,,1581028,31,4,,0,50,,1581027,31,4,,0,75,,1581031,31,4,,0
28900,'20261014',1632,,1581034,31,4,,0,18,,1581035,31,4,,0,57,,1581033,31,4,,0,50,,1581032,31,4,,0,75,,1581036,31,4,,0
28900,'20261015',1632,,1581039,31,4,,0,18,,1581040,31,4,,0,57,,1581038,31,4,,0,50,,1581037,31,4,,0,75,,1581041,31,4,,0
28900,'20261016',1632,,1581044,31,4,,0,18,,1581045,31,4,,0,57,,1581043,31,4,,0,50,,1581042,31,4,,0,75,,1581046,31,4,,0
28900,'20261019',1632,,1612786,31,4,,0,18,,1612787,31,4,,0,57,,1612785,31,4,,0,50,,1612784,31,4,,0,75,,1612788,31,4,,0
28900,'20261020',1632,,1612791,31,4,,0,18,,1612792,31,4,,0,57,,1612790,31,4,,0,50,,1612789,31,4,,0,75,,1612793,31,4,,0
28900,'20261021',1632,,1638368,31,4,,0,18,,1638369,31,4,,0,57,,1638367,31,4,,0,50,,1638366,31,4,,0,75,,1638370,31,4,,0
28900,'20261022',1632,,1638373,31,4,,0,18,,1638374,31,4,,0,57,,1638372,31,4,,0,50,,1638371,31,4,,0,75,,1638375,31,4,,0
28900,'20261023',1632,,1638378,31,4,,0,18,,1638379,31,4,,0,57,,1638377,31,4,,0,50,,1638376,31,4,,0,75,,1638380,31,4,,0
38200,'20261009',1302,,1613756,57,4,,0,414,,1613757,57,4,,0,94,,1613758,57,4,,0,95,,1613759,57,4,,0
38200,'20261013',1302,,1581991,57,4,,0,414,,1581992,57,4,,0,94,,1581993,57,4,,0,95,,1581994,57,4,,0
38200,'20261014',1302,,1581995,57,4,,0,414,,1581996,57,4,,0,94,,1581997,57,4,,0,95,,1581998,57,4,,0
38200,'20261015',1302,,1581999,57,4,,0,414,,1582000,57,4,,0,94,,1582001,57,4,,0,95,,1582002,57,4,,0
38200,'20261016',1302,,1582003,57,4,,0,414,,1582004,57,4,,0,94,,1582005,57,4,,0,95,,1582006,57,4,,0
38200,'20261019',1302,,1613760,57,4,,0,414,,1613761,57,4,,0,94,,1613762,57,4,,0,95,,1613763,57,4,,0
38200,'20261020',1302,,1613764,57,4,,0,414,,1613765,57,4,,0,94,,1613766,57,4,,0,95,,1613767,57,4,,0
38200,'20261021',1302,,1638846,57,4,,0,414,,1638847,57,4,,0,94,,1638848,57,4,,0,95,,1638849,57,4,,0
38200,'20261022',1302,,1638850,57,4,,0,414,,1638851,57,4,,0,94,,1638852,57,4,,0,95,,1638853,57,4,,0
38200,'20261023',1302,,1638854,57,4,,0,414,,1638855,57,4,,0,94,,1638856,57,4,,0,95,,1638857,57,4,,0
58200,'20261009',1634,,1614475,55,4,,0,23,,1614476,55,4,,0,65,,1614477,55,4,,0,33,,1614478,55,4,,0,68,,1614479,55,4,,0
58200,'20261013',1634,,1582715,55,4,,0,23,,1582716,55,4,,0,65,,1582713,55,4,,0,33,,1582714,55,4,,0,68,,1582712,55,4,,0
58200,'20261014',1634,,1582720,55,4,,0,23,,1582721,55,4,,0,65,,1582718,55,4,,0,33,,1582719,55,4,,0,68,,1582717,55,4,,0
58200,'20261015',1634,,1582725,55,4,,0,23,,1582726,55,4,,0,65,,1582723,55,4,,0,33,,1582724,55,4,,0,68,,1582722,55,4,,0
58200,'20261016',1634,,1582730,55,4,,0,23,,1582731,55,4,,0,65,,1582728,55,4,,0,33,,1582729,55,4,,0,68,,1582727,55,4,,0
58200,'20261019',1634,,1614483,55,4,,0,23,,1614484,55,4,,0,65,,1614481,55,4,,0,33,,1614482,55,4,,0,68,,1614480,55,4,,0
58200,'20261020',1634,,1614488,55,4,,0,23,,1614489,55,4,,0,65,,1614486,55,4,,0,33,,1614487,55,4,,0,68,,1614485,55,4,,0
58200,'20261021',1634,,1639211,55,4,,0,23,,1639212,55,4,,0,65,,1639209,55,4,,0,33,,1639210,55,4,,0,68,,1639208,55,4,,0
58200,'20261022',1634,,1639216,55,4,,0,23,,1639217,55,4,,0,65,,1639214,55,4,,0,33,,1639215,55,4,,0,68,,1639213,55,4,,0
58200,'20261023',1634,,1639221,55,4,,0,23,,1639222,55,4,,0,65,,1639219,55,4,,0,33,,1639220,55,4,,0,68,,1639218,55,4,,0
4008201,'20261009',839,,1625447,32,,,0
4008201,'20261013',839,,1593610,32,,,0
4008201,'20261014',839,,1593611,32,,,0
4008201,'20261015',839,,1593612,32,,,0
4008201,'20261016',839,,1593613,32,,,0
4008201,'20261019',839,,1625450,32,,,0
4008201,'20261020',839,,1625451,32,,,0
4008201,'20261021',839,,1646940,32,,,0
4008201,'20261022',839,,1646941,32,,,0
4008201,'20261023',839,,1646942,32,,,0
13008201,'20261009',839,,1625565,35,,,0
13008201,'20261013',839,,1593692,35,,,0
13008201,'20261014',839,,1593693,35,,,0
13008201,'20261015',839,,1593694,35,,,0
13008201,'20261016',839,,1593695,35,,,0
13008201,'20261019',839,,1625566,35,,,0
13008201,'20261020',839,,1625567,35,,,0
13008201,'20261021',839,,1646982,35,,,0
13008201,'20261022',839,,1646983,35,,,0
13008201,'20261023',839,,1646984,35,,,0
