3401,'20260728',625,,1019614,10,,,0,33,,1019615,10,,,0,76,,1019616,10,,,0,73,,1019617,10,,,0,30,,1019618,10,,,0,213,,1019619,10,,,0,200,,1019620,10,,,0,200,,1019621,10,,,0,206,,1019622,10,,,0,68,,1019623,10,,,0,30,,1019624,10,,,0,72,,1019625,10,,,0,30,,1019626,10,,,0,93,,1019627,10,,,0,199,,1019628,10,,,0,200,,1019629,10,,,0
3401,'20260729',625,,1019630,10,,,0,33,,1019631,10,,,0,76,,1019632,10,,,0,73,,1019633,10,,,0,30,,1019634,10,,,0,213,,1019635,10,,,0,200,,1019636,10,,,0,200,,1019637,10,,,0,206,,1019638,10,,,0,68,,1019639,10,,,0,30,,1019640,10,,,0,72,,1019641,10,,,0,30,,1019642,10,,,0,93,,1019643,10,,,0,199,,1019644,10,,,0,200,,1019645,10,,,0
3401,'20260730',625,,1019646,10,,,0,33,,1019647,10,,,0,76,,1019648,10,,,0,73,,1019649,10,,,0,30,,1019650,10,,,0,213,,1019651,10,,,0,200,,1019652,10,,,0,200,,1019653,10,,,0,206,,1019654,10,,,0,68,,1019655,10,,,0,30,,1019656,10,,,0,72,,1019657,10,,,0,30,,1019658,10,,,0,93,,1019659,10,,,0,199,,1019660,10,,,0,200,,1019661,10,,,0
3401,'20260731',625,,1051475,10,,,0,33,,1051476,10,,,0,76,,1051477,10,,,0,73,,1051478,10,,,0,30,,1051479,10,,,0,213,,1051480,10,,,0,200,,1051481,10,,,0,200,,1051482,10,,,0,206,,1051483,10,,,0,68,,1051484,10,,,0,30,,1051485,10,,,0,72,,1051486,10,,,0,30,,1051487,10,,,0,93,,1051488,10,,,0,199,,1051489,10,,,0,200,,1051490,10,,,0
3401,'20260801',659,,1002218,10,,,0,200,,1002221,10,,,0,200,,1002219,10,,,0,200,,1002223,10,,,0,200,,1002220,10,,,0,200,,1002224,10,,,0,200,,1002225,10,,,0,200,,1002226,10,,,0,200,,1002222,10,,,0
3401,'20260802',659,,1002227,10,,,0,200,,1002228,10,,,0,200,,1002229,10,,,0,200,,1002230,10,,,0,200,,1002231,10,,,0,200,,1002232,10,,,0,200,,1002233,10,,,0,200,,1002234,10,,,0,200,,1002235,10,,,0
3401,'20260803',625,,1002243,10,,,0,33,,1002236,10,,,0,76,,1002237,10,,,0,73,,1002238,10,,,0,30,,1002251,10,,,0,213,,1002244,10,,,0,200,,1002239,10,,,0,200,,1002245,10,,,0,206,,1002249,10,,,0,68,,1002242,10,,,0,30,,1002240,10,,,0,72,,1002241,10,,,0,30,,1002250,10,,,0,93,,1002246,10,,,0,199,,1002247,10,,,0,200,,1002248,10,,,0
3401,'20260804',625,,1019669,10,,,0,33,,1019662,10,,,0,76,,1019663,10,,,0,73,,1019664,10,,,0,30,,1019677,10,,,0,213,,1019670,10,,,0,200,,1019665,10,,,0,200,,1019671,10,,,0,206,,1019675,10,,,0,68,,1019668,10,,,0,30,,1019666,10,,,0,72,,1019667,10,,,0,30,,1019676,10,,,0,93,,1019672,10,,,0,199,,1019673,10,,,0,200,,1019674,10,,,0
3401,'20260805',625,,1019685,10,,,0,33,,1019678,10,,,0,76,,1019679,10,,,0,73,,1019680,10,,,0,30,,1019693,10,,,0,213,,1019686,10,,,0,200,,1019681,10,,,0,200,,1019687,10,,,0,206,,1019691,10,,,0,68,,1019684,10,,,0,30,,1019682,10,,,0,72,,1019683,10,,,0,30,,1019692,10,,,0,93,,1019688,10,,,0,199,,1019689,10,,,0,200,,1019690,10,,,0
3401,'20260806',625,,1019701,10,,,0,33,,1019694,10,,,0,76,,1019695,10,,,0,73,,1019696,10,,,0,30,,1019709,10,,,0,213,,1019702,10,,,0,200,,1019697,10,,,0,200,,1019703,10,,,0,206,,1019707,10,,,0,68,,1019700,10,,,0,30,,1019698,10,,,0,72,,1019699,10,,,0,30,,1019708,10,,,0,93,,1019704,10,,,0,199,,1019705,10,,,0,200,,1019706,10,,,0
3401,'20260807',625,,1019717,10,,,0,33,,1019710,10,,,0,76,,1019711,10,,,0,73,,1019712,10,,,0,30,,1019725,10,,,0,213,,1019718,10,,,0,200,,1019713,10,,,0,200,,1019719,10,,,0,206,,1019723,10,,,0,68,,1019716,10,,,0,30,,1019714,10,,,0,72,,1019715,10,,,0,30,,1019724,10,,,0,93,,1019720,10,,,0,199,,1019721,10,,,0,200,,1019722,10,,,0
3401,'20260808',659,,1051491,10,,,0,200,,1051494,10,,,0,200,,1051492,10,,,0,200,,1051496,10,,,0,200,,1051493,10,,,0,200,,1051497,10,,,0,200,,1051498,10,,,0,200,,1051499,10,,,0,200,,1051495,10,,,0
3401,'20260809',659,,1051500,10,,,0,200,,1051501,10,,,0,200,,1051502,10,,,0,200,,1051503,10,,,0,200,,1051504,10,,,0,200,,1051505,10,,,0,200,,1051506,10,,,0,200,,1051507,10,,,0,200,,1051508,10,,,0
3401,'20260810',625,,1051516,10,,,0,33,,1051509,10,,,0,76,,1051510,10,,,0,73,,1051511,10,,,0,30,,1051524,10,,,0,213,,1051517,10,,,0,200,,1051512,10,,,0,200,,1051518,10,,,0,206,,1051522,10,,,0,68,,1051515,10,,,0,30,,1051513,10,,,0,72,,1051514,10,,,0,30,,1051523,10,,,0,93,,1051519,10,,,0,199,,1051520,10,,,0,200,,1051521,10,,,0
3401,'20260811',625,,1051532,10,,,0,33,,1051525,10,,,0,76,,1051526,10,,,0,73,,1051527,10,,,0,30,,1051540,10,,,0,213,,1051533,10,,,0,200,,1051528,10,,,0,200,,1051534,10,,,0,206,,1051538,10,,,0,68,,1051531,10,,,0,30,,1051529,10,,,0,72,,1051530,10,,,0,30,,1051539,10,,,0,93,,1051535,10,,,0,199,,1051536,10,,,0,200,,1051537,10,,,0
