5600,'20261002',637,,1571243,15,,,0,69,,1571244,15,,,0,31,,1571245,15,,,0
5600,'20261005',637,,1571246,15,,,0,69,,1571247,15,,,0,31,,1571248,15,,,0
5600,'20261006',637,,1517974,15,,,0,69,,1517972,15,,,0,31,,1517973,15,,,0
5600,'20261007',637,,1517977,15,,,0,69,,1517975,15,,,0,31,,1517976,15,,,0
5600,'20261008',637,,1517980,15,,,0,69,,1517978,15,,,0,31,,1517979,15,,,0
5600,'20261009',637,,1517983,15,,,0,69,,1517981,15,,,0,31,,1517982,15,,,0
5600,'20261013',637,,1571251,15,,,0,69,,1571249,15,,,0,31,,1571250,15,,,0
5600,'20261014',637,,1571254,15,,,0,69,,1571252,15,,,0,31,,1571253,15,,,0
5600,'20261015',637,,1571257,15,,,0,69,,1571255,15,,,0,31,,1571256,15,,,0
5600,'20261016',637,,1571260,15,,,0,69,,1571258,15,,,0,31,,1571259,15,,,0
5700,'20261002',812,,1571279,15,,,0,98,,1571280,15,,,0,99,,1571281,15,,,0,100,,1571282,15,,,0,101,,1571283,15,,,0,101,,1571284,15,,,0,101,,1571285,15,,,0,101,,1571286,15,,,0,94,,1571287,15,,,0,41,,1571288,15,,,0,74,,1571289,15,,,0,24,,1571290,15,,,0,68,,1571291,15,,,0,33,,1571292,15,,,0,97,,1571293,15,,,0,100,,1571294,15,,,0,101,,1571295,15,,,0,101,,1571296,15,,,0,99,,1571297,15,,,0
5700,'20261003',712,,1571298,15,,,0,100,,1571299,15,,,0,100,,1571300,15,,,0,101,,1571301,15,,,0,101,,1571302,15,,,0,97,,1571303,15,,,0,98,,1571304,15,,,0,98,,1571305,15,,,0,98,,1571306,15,,,0,103,,1571307,15,,,0,108,,1571308,15,,,0,97,,1571309,15,,,0,99,,1571310,15,,,0,100,,1571311,15,,,0,100,,1571312,15,,,0,101,,1571313,15,,,0,100,,1571314,15,,,0
5700,'20261004',712,,1571315,15,,,0,100,,1571316,15,,,0,100,,1571317,15,,,0,101,,1571318,15,,,0,101,,1571319,15,,,0,97,,1571320,15,,,0,98,,1571321,15,,,0,98,,1571322,15,,,0,98,,1571323,15,,,0,103,,1571324,15,,,0,108,,1571325,15,,,0,97,,1571326,15,,,0,99,,1571327,15,,,0,100,,1571328,15,,,0,100,,1571329,15,,,0,101,,1571330,15,,,0,100,,1571331,15,,,0
5700,'20261005',812,,1571332,15,,,0,98,,1571333,15,,,0,99,,1571334,15,,,0,100,,1571335,15,,,0,101,,1571336,15,,,0,101,,1571337,15,,,0,101,,1571338,15,,,0,101,,1571339,15,,,0,94,,1571340,15,,,0,41,,1571341,15,,,0,74,,1571342,15,,,0,24,,1571343,15,,,0,68,,1571344,15,,,0,33,,1571345,15,,,0,97,,1571346,15,,,0,100,,1571347,15,,,0,101,,1571348,15,,,0,101,,1571349,15,,,0,99,,1571350,15,,,0
5700,'20261006',812,,1518074,15,,,0,98,,1518075,15,,,0,99,,1518076,15,,,0,100,,1518077,15,,,0,101,,1518078,15,,,0,101,,1518079,15,,,0,101,,1518080,15,,,0,101,,1518081,15,,,0,94,,1518082,15,,,0,41,,1518083,15,,,0,74,,1518084,15,,,0,24,,1518085,15,,,0,68,,1518092,15,,,0,33,,1518091,15,,,0,97,,1518086,15,,,0,100,,1518087,15,,,0,101,,1518088,15,,,0,101,,1518089,15,,,0,99,,1518090,15,,,0
5700,'20261007',812,,1518093,15,,,0,98,,1518094,15,,,0,99,,1518095,15,,,0,100,,1518096,15,,,0,101,,1518097,15,,,0,101,,1518098,15,,,0,101,,1518099,15,,,0,101,,1518100,15,,,0,94,,1518101,15,,,0,41,,1518102,15,,,0,74,,1518103,15,,,0,24,,1518104,15,,,0,68,,1518111,15,,,0,33,,1518110,15,,,0,97,,1518105,15,,,0,100,,1518106,15,,,0,101,,1518107,15,,,0,101,,1518108,15,,,0,99,,1518109,15,,,0
5700,'20261008',812,,1518112,15,,,0,98,,1518113,15,,,0,99,,1518114,15,,,0,100,,1518115,15,,,0,101,,1518116,15,,,0,101,,1518117,15,,,0,101,,1518118,15,,,0,101,,1518119,15,,,0,94,,1518120,15,,,0,41,,1518121,15,,,0,74,,1518122,15,,,0,24,,1518123,15,,,0,68,,1518130,15,,,0,33,,1518129,15,,,0,97,,1518124,15,,,0,100,,1518125,15,,,0,101,,1518126,15,,,0,101,,1518127,15,,,0,99,,1518128,15,,,0
5700,'20261009',812,,1518131,15,,,0,98,,1518132,15,,,0,99,,1518133,15,,,0,100,,1518134,15,,,0,101,,1518135,15,,,0,101,,1518136,15,,,0,101,,1518137,15,,,0,101,,1518138,15,,,0,94,,1518139,15,,,0,41,,1518140,15,,,0,74,,1518141,15,,,0,24,,1518142,15,,,0,68,,1518149,15,,,0,33,,1518148,15,,,0,97,,1518143,15,,,0,100,,1518144,15,,,0,101,,1518145,15,,,0,101,,1518146,15,,,0,99,,1518147,15,,,0
5700,'20261010',712,,1546782,15,,,0,100,,1546783,15,,,0,100,,1546784,15,,,0,101,,1546785,15,,,0,101,,1546786,15,,,0,97,,1546787,15,,,0,98,,1546788,15,,,0,98,,1546789,15,,,0,98,,1546790,15,,,0,103,,1546791,15,,,0,108,,1546792,15,,,0,97,,1546793,15,,,0,99,,1546794,15,,,0,100,,1546795,15,,,0,100,,1546796,15,,,0,101,,1546797,15,,,0,100,,1546798,15,,,0
5700,'20261011',712,,1546806,15,,,0,100,,1546808,15,,,0,100,,1546811,15,,,0,101,,1546809,15,,,0,101,,1546812,15,,,0,97,,1546799,15,,,0,98,,1546805,15,,,0,98,,1546813,15,,,0,98,,1546802,15,,,0,103,,1546804,15,,,0,108,,1546801,15,,,0,97,,1546810,15,,,0,99,,1546807,15,,,0,100,,1546800,15,,,0,100,,1546814,15,,,0,101,,1546803,15,,,0,100,,1546815,15,,,0
5700,'20261012',712,,1546823,15,,,0,100,,1546825,15,,,0,100,,1546828,15,,,0,101,,1546826,15,,,0,101,,1546829,15,,,0,97,,1546816,15,,,0,98,,1546822,15,,,0,98,,1546830,15,,,0,98,,1546819,15,,,0,103,,1546821,15,,,0,108,,1546818,15,,,0,97,,1546827,15,,,0,99,,1546824,15,,,0,100,,1546817,15,,,0,100,,1546831,15,,,0,101,,1546820,15,,,0,100,,1546832,15,,,0
5700,'20261013',812,,1571351,15,,,0,98,,1571352,15,,,0,99,,1571353,15,,,0,100,,1571354,15,,,0,101,,1571355,15,,,0,101,,1571356,15,,,0,101,,1571357,15,,,0,101,,1571358,15,,,0,94,,1571359,15,,,0,41,,1571360,15,,,0,74,,1571361,15,,,0,24,,1571362,15,,,0,68,,1571369,15,,,0,33,,1571368,15,,,0,97,,1571363,15,,,0,100,,1571364,15,,,0,101,,1571365,15,,,0,101,,1571366,15,,,0,99,,1571367,15,,,0
5700,'20261014',812,,1571370,15,,,0,98,,1571371,15,,,0,99,,1571372,15,,,0,100,,1571373,15,,,0,101,,1571374,15,,,0,101,,1571375,15,,,0,101,,1571376,15,,,0,101,,1571377,15,,,0,94,,1571378,15,,,0,41,,1571379,15,,,0,74,,1571380,15,,,0,24,,1571381,15,,,0,68,,1571388,15,,,0,33,,1571387,15,,,0,97,,1571382,15,,,0,100,,1571383,15,,,0,101,,1571384,15,,,0,101,,1571385,15,,,0,99,,1571386,15,,,0
5700,'20261015',812,,1571389,15,,,0,98,,1571390,15,,,0,99,,1571391,15,,,0,100,,1571392,15,,,0,101,,1571393,15,,,0,101,,1571394,15,,,0,101,,1571395,15,,,0,101,,1571396,15,,,0,94,,1571397,15,,,0,41,,1571398,15,,,0,74,,1571399,15,,,0,24,,1571400,15,,,0,68,,1571407,15,,,0,33,,1571406,15,,,0,97,,1571401,15,,,0,100,,1571402,15,,,0,101,,1571403,15,,,0,101,,1571404,15,,,0,99,,1571405,15,,,0
5700,'20261016',812,,1571408,15,,,0,98,,1571409,15,,,0,99,,1571410,15,,,0,100,,1571411,15,,,0,101,,1571412,15,,,0,101,,1571413,15,,,0,101,,1571414,15,,,0,101,,1571415,15,,,0,94,,1571416,15,,,0,41,,1571417,15,,,0,74,,1571418,15,,,0,24,,1571419,15,,,0,68,,1571426,15,,,0,33,,1571425,15,,,0,97,,1571420,15,,,0,100,,1571421,15,,,0,101,,1571422,15,,,0,101,,1571423,15,,,0,99,,1571424,15,,,0
25700,'20261002',1607,,1580307,16,4,,0,29,,1580308,16,4,,0,69,,1580309,16,4,,0,30,,1580310,16,4,,0
25700,'20261005',1607,,1580311,16,4,,0,29,,1580312,16,4,,0,69,,1580313,16,4,,0,30,,1580314,16,4,,0
25700,'20261006',1607,,1527041,16,4,,0,29,,1527042,16,4,,0,69,,1527043,16,4,,0,30,,1527044,16,4,,0
25700,'20261007',1607,,1527045,16,4,,0,29,,1527046,16,4,,0,69,,1527047,16,4,,0,30,,1527048,16,4,,0
25700,'20261008',1607,,1527049,16,4,,0,29,,1527050,16,4,,0,69,,1527051,16,4,,0,30,,1527052,16,4,,0
25700,'20261009',1607,,1527053,16,4,,0,29,,1527054,16,4,,0,69,,1527055,16,4,,0,30,,1527056,16,4,,0
25700,'20261013',1607,,1580315,16,4,,0,29,,1580316,16,4,,0,69,,1580317,16,4,,0,30,,1580318,16,4,,0
25700,'20261014',1607,,1580319,16,4,,0,29,,1580320,16,4,,0,69,,1580321,16,4,,0,30,,1580322,16,4,,0
25700,'20261015',1607,,1580323,16,4,,0,29,,1580324,16,4,,0,69,,1580325,16,4,,0,30,,1580326,16,4,,0
25700,'20261016',1607,,1580327,16,4,,0,29,,1580328,16,4,,0,69,,1580329,16,4,,0,30,,1580330,16,4,,0
