7400,'20260929',624,,1548981,6,,,1,30,,1548982,6,,,1,71,,1548985,39,,,1,30,,1548983,6,,,1,70,,1548986,39,,,1,30,,1548984,6,,,1,70,,1548987,39,,,1,99,,1548988,39,,,1,101,,1548989,39,,,1,100,,1548990,39,,,1,100,,1548991,39,,,1,100,,1548992,39,,,1,100,,1548993,39,,,1,100,,1548994,39,,,1,100,,1548995,39,,,1,100,,1548996,39,,,1,99,,1548997,39,,,1,100,,1548998,39,,,1,100,,1548999,39,,,1,100,,1549000,39,,,1,100,,1549001,39,,,1
7400,'20260930',624,,1549002,6,,,1,30,,1549003,6,,,1,71,,1549006,39,,,1,30,,1549004,6,,,1,70,,1549007,39,,,1,30,,1549005,6,,,1,70,,1549008,39,,,1,99,,1549009,39,,,1,101,,1549010,39,,,1,100,,1549011,39,,,1,100,,1549012,39,,,1,100,,1549013,39,,,1,100,,1549014,39,,,1,100,,1549015,39,,,1,100,,1549016,39,,,1,100,,1549017,39,,,1,99,,1549018,39,,,1,100,,1549019,39,,,1,100,,1549020,39,,,1,100,,1549021,39,,,1,100,,1549022,39,,,1
7400,'20261001',624,,1549023,6,,,1,30,,1549024,6,,,1,71,,1549027,39,,,1,30,,1549025,6,,,1,70,,1549028,39,,,1,30,,1549026,6,,,1,70,,1549029,39,,,1,99,,1549030,39,,,1,101,,1549031,39,,,1,100,,1549032,39,,,1,100,,1549033,39,,,1,100,,1549034,39,,,1,100,,1549035,39,,,1,100,,1549036,39,,,1,100,,1549037,39,,,1,100,,1549038,39,,,1,99,,1549039,39,,,1,100,,1549040,39,,,1,100,,1549041,39,,,1,100,,1549042,39,,,1,100,,1549043,39,,,1
7400,'20261002',624,,1471881,6,,,1,30,,1471882,6,,,1,71,,1471875,39,,,1,30,,1471880,6,,,1,70,,1471862,39,,,1,30,,1471879,6,,,1,70,,1471863,39,,,1,99,,1471864,39,,,1,101,,1471865,39,,,1,100,,1471866,39,,,1,100,,1471867,39,,,1,100,,1471868,39,,,1,100,,1471869,39,,,1,100,,1471870,39,,,1,100,,1471871,39,,,1,100,,1471872,39,,,1,99,,1471876,39,,,1,100,,1471877,39,,,1,100,,1471873,39,,,1,100,,1471878,39,,,1,100,,1471874,39,,,1
7400,'20261003',824,,1494873,39,,,1,100,,1494887,39,,,1,100,,1494888,39,,,1,100,,1494874,39,,,1,100,,1494875,39,,,1,100,,1494876,39,,,1,100,,1494877,39,,,1,101,,1494878,39,,,1,100,,1494879,39,,,1,100,,1494880,39,,,1,100,,1494881,39,,,1,99,,1494882,39,,,1,100,,1494883,39,,,1,100,,1494884,39,,,1,100,,1494885,39,,,1,100,,1494886,39,,,1,130,,1494889,39,,,1
7400,'20261004',824,,1494890,39,,,1,100,,1494904,39,,,1,100,,1494891,39,,,1,100,,1494905,39,,,1,100,,1494898,39,,,1,100,,1494899,39,,,1,100,,1494900,39,,,1,101,,1494901,39,,,1,100,,1494902,39,,,1,100,,1494903,39,,,1,100,,1494892,39,,,1,99,,1494896,39,,,1,100,,1494897,39,,,1,100,,1494893,39,,,1,100,,1494894,39,,,1,100,,1494895,39,,,1,130,,1494906,39,,,1
7400,'20261005',624,,1494926,6,,,1,30,,1494927,6,,,1,71,,1494920,39,,,1,30,,1494925,6,,,1,70,,1494907,39,,,1,30,,1494924,6,,,1,70,,1494908,39,,,1,99,,1494909,39,,,1,101,,1494910,39,,,1,100,,1494911,39,,,1,100,,1494912,39,,,1,100,,1494913,39,,,1,100,,1494914,39,,,1,100,,1494915,39,,,1,100,,1494916,39,,,1,100,,1494917,39,,,1,99,,1494921,39,,,1,100,,1494922,39,,,1,100,,1494918,39,,,1,100,,1494923,39,,,1,100,,1494919,39,,,1
7400,'20261006',624,,1521333,6,,,1,30,,1521334,6,,,1,71,,1521327,39,,,1,30,,1521332,6,,,1,70,,1521314,39,,,1,30,,1521331,6,,,1,70,,1521315,39,,,1,99,,1521316,39,,,1,101,,1521317,39,,,1,100,,1521318,39,,,1,100,,1521319,39,,,1,100,,1521320,39,,,1,100,,1521321,39,,,1,100,,1521322,39,,,1,100,,1521323,39,,,1,100,,1521324,39,,,1,99,,1521328,39,,,1,100,,1521329,39,,,1,100,,1521325,39,,,1,100,,1521330,39,,,1,100,,1521326,39,,,1
7400,'20261007',624,,1521354,6,,,1,30,,1521355,6,,,1,71,,1521348,39,,,1,30,,1521353,6,,,1,70,,1521335,39,,,1,30,,1521352,6,,,1,70,,1521336,39,,,1,99,,1521337,39,,,1,101,,1521338,39,,,1,100,,1521339,39,,,1,100,,1521340,39,,,1,100,,1521341,39,,,1,100,,1521342,39,,,1,100,,1521343,39,,,1,100,,1521344,39,,,1,100,,1521345,39,,,1,99,,1521349,39,,,1,100,,1521350,39,,,1,100,,1521346,39,,,1,100,,1521351,39,,,1,100,,1521347,39,,,1
7400,'20261008',624,,1521375,6,,,1,30,,1521376,6,,,1,71,,1521369,39,,,1,30,,1521374,6,,,1,70,,1521356,39,,,1,30,,1521373,6,,,1,70,,1521357,39,,,1,99,,1521358,39,,,1,101,,1521359,39,,,1,100,,1521360,39,,,1,100,,1521361,39,,,1,100,,1521362,39,,,1,100,,1521363,39,,,1,100,,1521364,39,,,1,100,,1521365,39,,,1,100,,1521366,39,,,1,99,,1521370,39,,,1,100,,1521371,39,,,1,100,,1521367,39,,,1,100,,1521372,39,,,1,100,,1521368,39,,,1
7400,'20261009',624,,1521396,6,,,1,30,,1521397,6,,,1,71,,1521390,39,,,1,30,,1521395,6,,,1,70,,1521377,39,,,1,30,,1521394,6,,,1,70,,1521378,39,,,1,99,,1521379,39,,,1,101,,1521380,39,,,1,100,,1521381,39,,,1,100,,1521382,39,,,1,100,,1521383,39,,,1,100,,1521384,39,,,1,100,,1521385,39,,,1,100,,1521386,39,,,1,100,,1521387,39,,,1,99,,1521391,39,,,1,100,,1521392,39,,,1,100,,1521388,39,,,1,100,,1521393,39,,,1,100,,1521389,39,,,1
7400,'20261010',824,,1549044,39,,,1,100,,1549058,39,,,1,100,,1549059,39,,,1,100,,1549045,39,,,1,100,,1549046,39,,,1,100,,1549047,39,,,1,100,,1549048,39,,,1,101,,1549049,39,,,1,100,,1549050,39,,,1,100,,1549051,39,,,1,100,,1549052,39,,,1,99,,1549053,39,,,1,100,,1549054,39,,,1,100,,1549055,39,,,1,100,,1549056,39,,,1,100,,1549057,39,,,1,130,,1549060,39,,,1
7400,'20261011',824,,1549061,39,,,1,100,,1549075,39,,,1,100,,1549062,39,,,1,100,,1549076,39,,,1,100,,1549069,39,,,1,100,,1549070,39,,,1,100,,1549071,39,,,1,101,,1549072,39,,,1,100,,1549073,39,,,1,100,,1549074,39,,,1,100,,1549063,39,,,1,99,,1549067,39,,,1,100,,1549068,39,,,1,100,,1549064,39,,,1,100,,1549065,39,,,1,100,,1549066,39,,,1,130,,1549077,39,,,1
7400,'20261012',824,,1549078,39,,,1,100,,1549092,39,,,1,100,,1549079,39,,,1,100,,1549093,39,,,1,100,,1549086,39,,,1,100,,1549087,39,,,1,100,,1549088,39,,,1,101,,1549089,39,,,1,100,,1549090,39,,,1,100,,1549091,39,,,1,100,,1549080,39,,,1,99,,1549084,39,,,1,100,,1549085,39,,,1,100,,1549081,39,,,1,100,,1549082,39,,,1,100,,1549083,39,,,1,130,,1549094,39,,,1
8400,'20260929',755,,1550675,39,,,1,100,,1550676,39,,,1,100,,1550677,39,,,1,100,,1550678,39,,,1,100,,1550679,39,,,1,100,,1550680,39,,,1,100,,1550681,39,,,1,100,,1550682,39,,,1,100,,1550683,39,,,1,70,,1550673,6,,,1,30,,1550684,39,,,1,70,,1550674,6,,,1,30,,1550685,39,,,1,100,,1550686,39,,,1,99,,1550687,39,,,1,100,,1550688,39,,,1,100,,1550689,39,,,1,100,,1550690,39,,,1,100,,1550691,39,,,1
8400,'20260930',755,,1550694,39,,,1,100,,1550695,39,,,1,100,,1550696,39,,,1,100,,1550697,39,,,1,100,,1550698,39,,,1,100,,1550699,39,,,1,100,,1550700,39,,,1,100,,1550701,39,,,1,100,,1550702,39,,,1,70,,1550692,6,,,1,30,,1550703,39,,,1,70,,1550693,6,,,1,30,,1550704,39,,,1,100,,1550705,39,,,1,99,,1550706,39,,,1,100,,1550707,39,,,1,100,,1550708,39,,,1,100,,1550709,39,,,1,100,,1550710,39,,,1
8400,'20261001',755,,1550713,39,,,1,100,,1550714,39,,,1,100,,1550715,39,,,1,100,,1550716,39,,,1,100,,1550717,39,,,1,100,,1550718,39,,,1,100,,1550719,39,,,1,100,,1550720,39,,,1,100,,1550721,39,,,1,70,,1550711,6,,,1,30,,1550722,39,,,1,70,,1550712,6,,,1,30,,1550723,39,,,1,100,,1550724,39,,,1,99,,1550725,39,,,1,100,,1550726,39,,,1,100,,1550727,39,,,1,100,,1550728,39,,,1,100,,1550729,39,,,1
8400,'20261002',755,,1473580,39,,,1,100,,1473581,39,,,1,100,,1473582,39,,,1,100,,1473583,39,,,1,100,,1473584,39,,,1,100,,1473585,39,,,1,100,,1473586,39,,,1,100,,1473587,39,,,1,100,,1473588,39,,,1,70,,1473597,6,,,1,30,,1473589,39,,,1,70,,1473598,6,,,1,30,,1473590,39,,,1,100,,1473591,39,,,1,99,,1473592,39,,,1,100,,1473593,39,,,1,100,,1473594,39,,,1,100,,1473595,39,,,1,100,,1473596,39,,,1
8400,'20261003',754,,1496582,39,,,1,100,,1496597,39,,,1,100,,1496583,39,,,1,100,,1496598,39,,,1,100,,1496584,39,,,1,100,,1496586,39,,,1,100,,1496587,39,,,1,100,,1496588,39,,,1,100,,1496589,39,,,1,100,,1496590,39,,,1,100,,1496591,39,,,1,100,,1496592,39,,,1,100,,1496593,39,,,1,100,,1496594,39,,,1,100,,1496595,39,,,1,100,,1496596,39,,,1,100,,1496585,39,,,1
8400,'20261004',754,,1496599,39,,,1,100,,1496614,39,,,1,100,,1496600,39,,,1,100,,1496615,39,,,1,100,,1496601,39,,,1,100,,1496608,39,,,1,100,,1496602,39,,,1,100,,1496609,39,,,1,100,,1496603,39,,,1,100,,1496610,39,,,1,100,,1496604,39,,,1,100,,1496611,39,,,1,100,,1496605,39,,,1,100,,1496612,39,,,1,100,,1496606,39,,,1,100,,1496613,39,,,1,100,,1496607,39,,,1
8400,'20261005',755,,1496616,39,,,1,100,,1496617,39,,,1,100,,1496618,39,,,1,100,,1496619,39,,,1,100,,1496620,39,,,1,100,,1496621,39,,,1,100,,1496622,39,,,1,100,,1496623,39,,,1,100,,1496624,39,,,1,70,,1496633,6,,,1,30,,1496625,39,,,1,70,,1496634,6,,,1,30,,1496626,39,,,1,100,,1496627,39,,,1,99,,1496628,39,,,1,100,,1496629,39,,,1,100,,1496630,39,,,1,100,,1496631,39,,,1,100,,1496632,39,,,1
8400,'20261006',755,,1523638,39,,,1,100,,1523639,39,,,1,100,,1523640,39,,,1,100,,1523641,39,,,1,100,,1523642,39,,,1,100,,1523643,39,,,1,100,,1523644,39,,,1,100,,1523645,39,,,1,100,,1523646,39,,,1,70,,1523655,6,,,1,30,,1523647,39,,,1,70,,1523656,6,,,1,30,,1523648,39,,,1,100,,1523649,39,,,1,99,,1523650,39,,,1,100,,1523651,39,,,1,100,,1523652,39,,,1,100,,1523653,39,,,1,100,,1523654,39,,,1
8400,'20261007',755,,1523657,39,,,1,100,,1523658,39,,,1,100,,1523659,39,,,1,100,,1523660,39,,,1,100,,1523661,39,,,1,100,,1523662,39,,,1,100,,1523663,39,,,1,100,,1523664,39,,,1,100,,1523665,39,,,1,70,,1523674,6,,,1,30,,1523666,39,,,1,70,,1523675,6,,,1,30,,1523667,39,,,1,100,,1523668,39,,,1,99,,1523669,39,,,1,100,,1523670,39,,,1,100,,1523671,39,,,1,100,,1523672,39,,,1,100,,1523673,39,,,1
8400,'20261008',755,,1523676,39,,,1,100,,1523677,39,,,1,100,,1523678,39,,,1,100,,1523679,39,,,1,100,,1523680,39,,,1,100,,1523681,39,,,1,100,,1523682,39,,,1,100,,1523683,39,,,1,100,,1523684,39,,,1,70,,1523693,6,,,1,30,,1523685,39,,,1,70,,1523694,6,,,1,30,,1523686,39,,,1,100,,1523687,39,,,1,99,,1523688,39,,,1,100,,1523689,39,,,1,100,,1523690,39,,,1,100,,1523691,39,,,1,100,,1523692,39,,,1
8400,'20261009',755,,1523695,39,,,1,100,,1523696,39,,,1,100,,1523697,39,,,1,100,,1523698,39,,,1,100,,1523699,39,,,1,100,,1523700,39,,,1,100,,1523701,39,,,1,100,,1523702,39,,,1,100,,1523703,39,,,1,70,,1523712,6,,,1,30,,1523704,39,,,1,70,,1523713,6,,,1,30,,1523705,39,,,1,100,,1523706,39,,,1,99,,1523707,39,,,1,100,,1523708,39,,,1,100,,1523709,39,,,1,100,,1523710,39,,,1,100,,1523711,39,,,1
8400,'20261010',754,,1550730,39,,,1,100,,1550745,39,,,1,100,,1550731,39,,,1,100,,1550746,39,,,1,100,,1550732,39,,,1,100,,1550734,39,,,1,100,,1550735,39,,,1,100,,1550736,39,,,1,100,,1550737,39,,,1,100,,1550738,39,,,1,100,,1550739,39,,,1,100,,1550740,39,,,1,100,,1550741,39,,,1,100,,1550742,39,,,1,100,,1550743,39,,,1,100,,1550744,39,,,1,100,,1550733,39,,,1
8400,'20261011',754,,1550747,39,,,1,100,,1550762,39,,,1,100,,1550748,39,,,1,100,,1550763,39,,,1,100,,1550749,39,,,1,100,,1550756,39,,,1,100,,1550750,39,,,1,100,,1550757,39,,,1,100,,1550751,39,,,1,100,,1550758,39,,,1,100,,1550752,39,,,1,100,,1550759,39,,,1,100,,1550753,39,,,1,100,,1550760,39,,,1,100,,1550754,39,,,1,100,,1550761,39,,,1,100,,1550755,39,,,1
8400,'20261012',754,,1550764,39,,,1,100,,1550779,39,,,1,100,,1550765,39,,,1,100,,1550780,39,,,1,100,,1550766,39,,,1,100,,1550773,39,,,1,100,,1550767,39,,,1,100,,1550774,39,,,1,100,,1550768,39,,,1,100,,1550775,39,,,1,100,,1550769,39,,,1,100,,1550776,39,,,1,100,,1550770,39,,,1,100,,1550777,39,,,1,100,,1550771,39,,,1,100,,1550778,39,,,1,100,,1550772,39,,,1
27400,'20260929',1621,,1553090,6,4,,0,32,,1553091,6,4,,0,66,,1553092,6,4,,0,28,,1553093,6,4,,0,69,,1553094,6,4,,0
27400,'20260930',1621,,1553095,6,4,,0,32,,1553096,6,4,,0,66,,1553097,6,4,,0,28,,1553098,6,4,,0,69,,1553099,6,4,,0
27400,'20261001',1621,,1553100,6,4,,0,32,,1553101,6,4,,0,66,,1553102,6,4,,0,28,,1553103,6,4,,0,69,,1553104,6,4,,0
27400,'20261002',1621,,1476191,6,4,,0,32,,1476192,6,4,,0,66,,1476194,6,4,,0,28,,1476195,6,4,,0,69,,1476193,6,4,,0
27400,'20261005',1621,,1499228,6,4,,0,32,,1499229,6,4,,0,66,,1499231,6,4,,0,28,,1499232,6,4,,0,69,,1499230,6,4,,0
27400,'20261006',1621,,1527343,6,4,,0,32,,1527344,6,4,,0,66,,1527346,6,4,,0,28,,1527347,6,4,,0,69,,1527345,6,4,,0
27400,'20261007',1621,,1527348,6,4,,0,32,,1527349,6,4,,0,66,,1527351,6,4,,0,28,,1527352,6,4,,0,69,,1527350,6,4,,0
27400,'20261008',1621,,1527353,6,4,,0,32,,1527354,6,4,,0,66,,1527356,6,4,,0,28,,1527357,6,4,,0,69,,1527355,6,4,,0
27400,'20261009',1621,,1527358,6,4,,0,32,,1527359,6,4,,0,66,,1527361,6,4,,0,28,,1527362,6,4,,0,69,,1527360,6,4,,0
37400,'20260929',1636,,1553714,11,4,,0,97,,1553715,11,4,,0,120,,1553716,11,4,,0
37400,'20260930',1636,,1553717,11,4,,0,97,,1553718,11,4,,0,120,,1553719,11,4,,0
37400,'20261001',1636,,1553720,11,4,,0,97,,1553721,11,4,,0,120,,1553722,11,4,,0
37400,'20261002',1636,,1477008,11,4,,0,97,,1477009,11,4,,0,120,,1477010,11,4,,0
37400,'20261005',1636,,1500051,11,4,,0,97,,1500052,11,4,,0,120,,1500053,11,4,,0
37400,'20261006',1636,,1528575,11,4,,0,97,,1528576,11,4,,0,120,,1528577,11,4,,0
37400,'20261007',1636,,1528578,11,4,,0,97,,1528579,11,4,,0,120,,1528580,11,4,,0
37400,'20261008',1636,,1528581,11,4,,0,97,,1528582,11,4,,0,120,,1528583,11,4,,0
37400,'20261009',1636,,1528584,11,4,,0,97,,1528585,11,4,,0,120,,1528586,11,4,,0
57400,'20260929',1611,,1554087,9,4,,0,33,,1554088,9,4,,0,74,,1554089,9,4,,0,25,,1554090,9,4,,0
57400,'20260930',1611,,1554091,9,4,,0,33,,1554092,9,4,,0,74,,1554093,9,4,,0,25,,1554094,9,4,,0
57400,'20261001',1611,,1554095,9,4,,0,33,,1554096,9,4,,0,74,,1554097,9,4,,0,25,,1554098,9,4,,0
57400,'20261002',1611,,1477574,9,4,,0,33,,1477572,9,4,,0,74,,1477573,9,4,,0,25,,1477571,9,4,,0
57400,'20261005',1611,,1500547,9,4,,0,33,,1500545,9,4,,0,74,,1500546,9,4,,0,25,,1500544,9,4,,0
57400,'20261006',1611,,1529317,9,4,,0,33,,1529315,9,4,,0,74,,1529316,9,4,,0,25,,1529314,9,4,,0
57400,'20261007',1611,,1529321,9,4,,0,33,,1529319,9,4,,0,74,,1529320,9,4,,0,25,,1529318,9,4,,0
57400,'20261008',1611,,1529325,9,4,,0,33,,1529323,9,4,,0,74,,1529324,9,4,,0,25,,1529322,9,4,,0
57400,'20261009',1611,,1529329,9,4,,0,33,,1529327,9,4,,0,74,,1529328,9,4,,0,25,,1529326,9,4,,0
98400,'20261002',2602,,1485613,44,,,0
98400,'20261003',2602,,1508568,44,,,0
98400,'20261009',2602,,1540250,44,,,0
98400,'20261010',2602,,1561869,44,,,0
7008400,'20260929',1621,,1561964,10,,,0
7008400,'20260930',1621,,1561966,10,,,0
7008400,'20261001',1621,,1561968,10,,,0
7008400,'20261002',1621,,1485696,10,,,0
7008400,'20261005',1621,,1508685,10,,,0
7008400,'20261006',1621,,1540391,10,,,0
7008400,'20261007',1621,,1540392,10,,,0
7008400,'20261008',1621,,1540393,10,,,0
7008400,'20261009',1621,,1540394,10,,,0
