7900,'20261009',559,,1607030,16,,,0,141,,1607031,16,,,0,30,,1607032,16,,,0,71,,1607033,16,,,0,99,,1607034,16,,,0,100,,1607035,16,,,0,100,,1607036,16,,,0,100,,1607037,16,,,0,100,,1607024,40,,,0,100,,1607038,16,,,0,100,,1607039,16,,,0,100,,1607040,16,,,0,31,,1607025,40,,,0,70,,1607026,40,,,0,29,,1607027,40,,,0,70,,1607028,40,,,0,30,,1607029,40,,,0,70,,1607041,16,,,0,100,,1607042,16,,,0,100,,1607043,16,,,0,59,,1607044,16,,,0,100,,1607045,16,,,0
7900,'20261010',729,,1634607,16,,,0,30,,1634608,16,,,0,100,,1634609,16,,,0,100,,1634610,16,,,0,100,,1634611,16,,,0,100,,1634612,16,,,0,100,,1634613,16,,,0,141,,1634614,16,,,0,100,,1634615,16,,,0,100,,1634616,16,,,0,100,,1634617,16,,,0,100,,1634618,16,,,0,59,,1634619,16,,,0,100,,1634620,16,,,0,100,,1634621,16,,,0,100,,1634622,16,,,0,100,,1634623,16,,,0
7900,'20261011',729,,1634624,16,,,0,30,,1634625,16,,,0,100,,1634626,16,,,0,100,,1634627,16,,,0,100,,1634628,16,,,0,100,,1634629,16,,,0,100,,1634630,16,,,0,141,,1634631,16,,,0,100,,1634632,16,,,0,100,,1634633,16,,,0,100,,1634634,16,,,0,100,,1634635,16,,,0,59,,1634636,16,,,0,100,,1634637,16,,,0,100,,1634638,16,,,0,100,,1634639,16,,,0,100,,1634640,16,,,0
7900,'20261012',729,,1634641,16,,,0,30,,1634642,16,,,0,100,,1634643,16,,,0,100,,1634644,16,,,0,100,,1634645,16,,,0,100,,1634646,16,,,0,100,,1634647,16,,,0,141,,1634648,16,,,0,100,,1634649,16,,,0,100,,1634650,16,,,0,100,,1634651,16,,,0,100,,1634652,16,,,0,59,,1634653,16,,,0,100,,1634654,16,,,0,100,,1634655,16,,,0,100,,1634656,16,,,0,100,,1634657,16,,,0
7900,'20261013',559,,1575333,16,,,0,141,,1575331,16,,,0,30,,1575334,16,,,0,71,,1575329,16,,,0,99,,1575332,16,,,0,100,,1575330,16,,,0,100,,1575313,16,,,0,100,,1575314,16,,,0,100,,1575315,40,,,0,100,,1575316,16,,,0,100,,1575317,16,,,0,100,,1575318,16,,,0,31,,1575319,40,,,0,70,,1575320,40,,,0,29,,1575321,40,,,0,70,,1575322,40,,,0,30,,1575323,40,,,0,70,,1575324,16,,,0,100,,1575325,16,,,0,100,,1575326,16,,,0,59,,1575327,16,,,0,100,,1575328,16,,,0
7900,'20261014',559,,1575355,16,,,0,141,,1575353,16,,,0,30,,1575356,16,,,0,71,,1575351,16,,,0,99,,1575354,16,,,0,100,,1575352,16,,,0,100,,1575335,16,,,0,100,,1575336,16,,,0,100,,1575337,40,,,0,100,,1575338,16,,,0,100,,1575339,16,,,0,100,,1575340,16,,,0,31,,1575341,40,,,0,70,,1575342,40,,,0,29,,1575343,40,,,0,70,,1575344,40,,,0,30,,1575345,40,,,0,70,,1575346,16,,,0,100,,1575347,16,,,0,100,,1575348,16,,,0,59,,1575349,16,,,0,100,,1575350,16,,,0
7900,'20261015',559,,1575377,16,,,0,141,,1575375,16,,,0,30,,1575378,16,,,0,71,,1575373,16,,,0,99,,1575376,16,,,0,100,,1575374,16,,,0,100,,1575357,16,,,0,100,,1575358,16,,,0,100,,1575359,40,,,0,100,,1575360,16,,,0,100,,1575361,16,,,0,100,,1575362,16,,,0,31,,1575363,40,,,0,70,,1575364,40,,,0,29,,1575365,40,,,0,70,,1575366,40,,,0,30,,1575367,40,,,0,70,,1575368,16,,,0,100,,1575369,16,,,0,100,,1575370,16,,,0,59,,1575371,16,,,0,100,,1575372,16,,,0
7900,'20261016',559,,1575399,16,,,0,141,,1575397,16,,,0,30,,1575400,16,,,0,71,,1575395,16,,,0,99,,1575398,16,,,0,100,,1575396,16,,,0,100,,1575379,16,,,0,100,,1575380,16,,,0,100,,1575381,40,,,0,100,,1575382,16,,,0,100,,1575383,16,,,0,100,,1575384,16,,,0,31,,1575385,40,,,0,70,,1575386,40,,,0,29,,1575387,40,,,0,70,,1575388,40,,,0,30,,1575389,40,,,0,70,,1575390,16,,,0,100,,1575391,16,,,0,100,,1575392,16,,,0,59,,1575393,16,,,0,100,,1575394,16,,,0
7900,'20261017',729,,1607062,16,,,0,30,,1607053,16,,,0,100,,1607054,16,,,0,100,,1607055,16,,,0,100,,1607051,16,,,0,100,,1607057,16,,,0,100,,1607046,16,,,0,141,,1607058,16,,,0,100,,1607052,16,,,0,100,,1607060,16,,,0,100,,1607047,16,,,0,100,,1607048,16,,,0,59,,1607061,16,,,0,100,,1607059,16,,,0,100,,1607049,16,,,0,100,,1607056,16,,,0,100,,1607050,16,,,0
7900,'20261018',729,,1607079,16,,,0,30,,1607070,16,,,0,100,,1607071,16,,,0,100,,1607072,16,,,0,100,,1607067,16,,,0,100,,1607073,16,,,0,100,,1607063,16,,,0,141,,1607074,16,,,0,100,,1607068,16,,,0,100,,1607075,16,,,0,100,,1607064,16,,,0,100,,1607065,16,,,0,59,,1607076,16,,,0,100,,1607077,16,,,0,100,,1607069,16,,,0,100,,1607078,16,,,0,100,,1607066,16,,,0
7900,'20261019',559,,1607100,16,,,0,141,,1607098,16,,,0,30,,1607101,16,,,0,71,,1607096,16,,,0,99,,1607099,16,,,0,100,,1607097,16,,,0,100,,1607080,16,,,0,100,,1607081,16,,,0,100,,1607082,40,,,0,100,,1607083,16,,,0,100,,1607084,16,,,0,100,,1607085,16,,,0,31,,1607086,40,,,0,70,,1607087,40,,,0,29,,1607088,40,,,0,70,,1607089,40,,,0,30,,1607090,40,,,0,70,,1607091,16,,,0,100,,1607092,16,,,0,100,,1607093,16,,,0,59,,1607094,16,,,0,100,,1607095,16,,,0
7900,'20261020',559,,1607122,16,,,0,141,,1607120,16,,,0,30,,1607123,16,,,0,71,,1607118,16,,,0,99,,1607121,16,,,0,100,,1607119,16,,,0,100,,1607102,16,,,0,100,,1607103,16,,,0,100,,1607104,40,,,0,100,,1607105,16,,,0,100,,1607106,16,,,0,100,,1607107,16,,,0,31,,1607108,40,,,0,70,,1607109,40,,,0,29,,1607110,40,,,0,70,,1607111,40,,,0,30,,1607112,40,,,0,70,,1607113,16,,,0,100,,1607114,16,,,0,100,,1607115,16,,,0,59,,1607116,16,,,0,100,,1607117,16,,,0
7900,'20261021',559,,1634678,16,,,0,141,,1634676,16,,,0,30,,1634679,16,,,0,71,,1634674,16,,,0,99,,1634677,16,,,0,100,,1634675,16,,,0,100,,1634658,16,,,0,100,,1634659,16,,,0,100,,1634660,40,,,0,100,,1634661,16,,,0,100,,1634662,16,,,0,100,,1634663,16,,,0,31,,1634664,40,,,0,70,,1634665,40,,,0,29,,1634666,40,,,0,70,,1634667,40,,,0,30,,1634668,40,,,0,70,,1634669,16,,,0,100,,1634670,16,,,0,100,,1634671,16,,,0,59,,1634672,16,,,0,100,,1634673,16,,,0
7900,'20261022',559,,1634700,16,,,0,141,,1634698,16,,,0,30,,1634701,16,,,0,71,,1634696,16,,,0,99,,1634699,16,,,0,100,,1634697,16,,,0,100,,1634680,16,,,0,100,,1634681,16,,,0,100,,1634682,40,,,0,100,,1634683,16,,,0,100,,1634684,16,,,0,100,,1634685,16,,,0,31,,1634686,40,,,0,70,,1634687,40,,,0,29,,1634688,40,,,0,70,,1634689,40,,,0,30,,1634690,40,,,0,70,,1634691,16,,,0,100,,1634692,16,,,0,100,,1634693,16,,,0,59,,1634694,16,,,0,100,,1634695,16,,,0
7900,'20261023',559,,1634722,16,,,0,141,,1634720,16,,,0,30,,1634723,16,,,0,71,,1634718,16,,,0,99,,1634721,16,,,0,100,,1634719,16,,,0,100,,1634702,16,,,0,100,,1634703,16,,,0,100,,1634704,40,,,0,100,,1634705,16,,,0,100,,1634706,16,,,0,100,,1634707,16,,,0,31,,1634708,40,,,0,70,,1634709,40,,,0,29,,1634710,40,,,0,70,,1634711,40,,,0,30,,1634712,40,,,0,70,,1634713,16,,,0,100,,1634714,16,,,0,100,,1634715,16,,,0,59,,1634716,16,,,0,100,,1634717,16,,,0
2007900,'20261009',855,,1625382,8,,,0
2007900,'20261013',855,,1593576,8,,,0
2007900,'20261014',855,,1593577,8,,,0
2007900,'20261015',855,,1593578,8,,,0
2007900,'20261016',855,,1593579,8,,,0
2007900,'20261019',855,,1625384,8,,,0
2007900,'20261020',855,,1625385,8,,,0
2007900,'20261021',855,,1646925,8,,,0
2007900,'20261022',855,,1646926,8,,,0
2007900,'20261023',855,,1646927,8,,,0
