2800,'20260929',642,,1543942,19,,,0,70,,1543943,19,,,0,36,,1543944,19,,,0,70,,1543945,19,,,0,9,,1543946,19,,,0,16,,1543947,19,,,0,70,,1543948,21,,,0,30,,1543949,21,,,0,70,,1543950,21,,,0,30,,1543951,21,,,0,69,,1543952,21,,,0,30,,1543953,21,,,0,71,,1543954,21,,,0,29,,1543955,21,,,0,71,,1543956,21,,,0,29,,1543957,21,,,0,71,,1543958,21,,,0,28,,1543959,21,,,0,70,,1543960,21,,,0,32,,1543961,19,,,0,10,,1543962,19,,,0,52,,1543963,19,,,0,8,,1543964,19,,,0,4,,1543965,19,,,0,25,,1543966,19,,,0,61,,1543941,19,,,0,12,,1543967,19,,,0,16,,1543968,19,,,0,16,,1543969,19,,,0,67,,1543970,19,,,0,29,,1543971,19,,,0,71,,1543972,19,,,0,31,,1543973,19,,,0,71,,1543974,19,,,0,31,,1543975,19,,,0,70,,1543976,19,,,0,30,,1543977,19,,,0,70,,1543978,19,,,0,30,,1543979,19,,,0,69,,1543980,19,,,0,30,,1543981,19,,,0,70,,1543982,19,,,0,30,,1543983,19,,,0
2800,'20260930',642,,1543985,19,,,0,70,,1543986,19,,,0,36,,1543987,19,,,0,70,,1543988,19,,,0,9,,1543989,19,,,0,16,,1543990,19,,,0,70,,1543991,21,,,0,30,,1543992,21,,,0,70,,1543993,21,,,0,30,,1543994,21,,,0,69,,1543995,21,,,0,30,,1543996,21,,,0,71,,1543997,21,,,0,29,,1543998,21,,,0,71,,1543999,21,,,0,29,,1544000,21,,,0,71,,1544001,21,,,0,28,,1544002,21,,,0,70,,1544003,21,,,0,32,,1544004,19,,,0,10,,1544005,19,,,0,52,,1544006,19,,,0,8,,1544007,19,,,0,4,,1544008,19,,,0,25,,1544009,19,,,0,61,,1543984,19,,,0,12,,1544010,19,,,0,16,,1544011,19,,,0,16,,1544012,19,,,0,67,,1544013,19,,,0,29,,1544014,19,,,0,71,,1544015,19,,,0,31,,1544016,19,,,0,71,,1544017,19,,,0,31,,1544018,19,,,0,70,,1544019,19,,,0,30,,1544020,19,,,0,70,,1544021,19,,,0,30,,1544022,19,,,0,69,,1544023,19,,,0,30,,1544024,19,,,0,70,,1544025,19,,,0,30,,1544026,19,,,0
2800,'20261001',642,,1544028,19,,,0,70,,1544029,19,,,0,36,,1544030,19,,,0,70,,1544031,19,,,0,9,,1544032,19,,,0,16,,1544033,19,,,0,70,,1544034,21,,,0,30,,1544035,21,,,0,70,,1544036,21,,,0,30,,1544037,21,,,0,69,,1544038,21,,,0,30,,1544039,21,,,0,71,,1544040,21,,,0,29,,1544041,21,,,0,71,,1544042,21,,,0,29,,1544043,21,,,0,71,,1544044,21,,,0,28,,1544045,21,,,0,70,,1544046,21,,,0,32,,1544047,19,,,0,10,,1544048,19,,,0,52,,1544049,19,,,0,8,,1544050,19,,,0,4,,1544051,19,,,0,25,,1544052,19,,,0,61,,1544027,19,,,0,12,,1544053,19,,,0,16,,1544054,19,,,0,16,,1544055,19,,,0,67,,1544056,19,,,0,29,,1544057,19,,,0,71,,1544058,19,,,0,31,,1544059,19,,,0,71,,1544060,19,,,0,31,,1544061,19,,,0,70,,1544062,19,,,0,30,,1544063,19,,,0,70,,1544064,19,,,0,30,,1544065,19,,,0,69,,1544066,19,,,0,30,,1544067,19,,,0,70,,1544068,19,,,0,30,,1544069,19,,,0
2800,'20261002',642,,1466643,19,,,0,70,,1466642,19,,,0,36,,1466644,19,,,0,70,,1466646,19,,,0,9,,1466647,19,,,0,16,,1466648,19,,,0,70,,1466645,21,,,0,30,,1466649,21,,,0,70,,1466651,21,,,0,30,,1466652,21,,,0,69,,1466653,21,,,0,30,,1466650,21,,,0,71,,1466654,21,,,0,29,,1466656,21,,,0,71,,1466657,21,,,0,29,,1466658,21,,,0,71,,1466655,21,,,0,28,,1466659,21,,,0,70,,1466661,21,,,0,32,,1466662,19,,,0,10,,1466663,19,,,0,52,,1466681,19,,,0,8,,1466660,19,,,0,4,,1466664,19,,,0,25,,1466665,19,,,0,61,,1466666,19,,,0,12,,1466667,19,,,0,16,,1466668,19,,,0,16,,1466669,19,,,0,67,,1466670,19,,,0,29,,1466672,19,,,0,71,,1466673,19,,,0,31,,1466674,19,,,0,71,,1466671,19,,,0,31,,1466675,19,,,0,70,,1466677,19,,,0,30,,1466678,19,,,0,70,,1466679,19,,,0,30,,1466676,19,,,0,69,,1466680,19,,,0,30,,1466682,19,,,0,70,,1466684,19,,,0,30,,1466683,19,,,0
2800,'20261003',647,,1489632,19,,,0,100,,1489633,19,,,0,100,,1489634,19,,,0,99,,1489635,19,,,0,99,,1489636,19,,,0,71,,1489619,19,,,0,28,,1489637,19,,,0,70,,1489625,21,,,0,31,,1489638,21,,,0,67,,1489626,21,,,0,33,,1489639,21,,,0,69,,1489627,21,,,0,36,,1489640,21,,,0,65,,1489628,21,,,0,32,,1489641,21,,,0,65,,1489629,21,,,0,32,,1489642,21,,,0,73,,1489630,21,,,0,33,,1489643,21,,,0,65,,1489631,21,,,0,31,,1489644,19,,,0,73,,1489620,19,,,0,29,,1489645,19,,,0,70,,1489621,19,,,0,30,,1489646,19,,,0,70,,1489622,19,,,0,30,,1489647,19,,,0,70,,1489623,19,,,0,30,,1489648,19,,,0,70,,1489624,19,,,0,31,,1489649,19,,,0,70,,1489651,19,,,0,29,,1489650,19,,,0
2800,'20261004',647,,1489666,19,,,0,100,,1489667,19,,,0,100,,1489668,19,,,0,99,,1489665,19,,,0,99,,1489669,19,,,0,71,,1489653,19,,,0,28,,1489671,19,,,0,70,,1489659,21,,,0,31,,1489672,21,,,0,67,,1489656,21,,,0,33,,1489673,21,,,0,69,,1489660,21,,,0,36,,1489670,21,,,0,65,,1489661,21,,,0,32,,1489674,21,,,0,65,,1489662,21,,,0,32,,1489676,21,,,0,73,,1489663,21,,,0,33,,1489677,21,,,0,65,,1489664,21,,,0,31,,1489678,19,,,0,73,,1489654,19,,,0,29,,1489675,19,,,0,70,,1489652,19,,,0,30,,1489679,19,,,0,70,,1489655,19,,,0,30,,1489681,19,,,0,70,,1489657,19,,,0,30,,1489682,19,,,0,70,,1489658,19,,,0,31,,1489683,19,,,0,70,,1489680,19,,,0,29,,1489684,19,,,0
2800,'20261005',642,,1489686,19,,,0,70,,1489685,19,,,0,36,,1489687,19,,,0,70,,1489689,19,,,0,9,,1489690,19,,,0,16,,1489691,19,,,0,70,,1489688,21,,,0,30,,1489692,21,,,0,70,,1489694,21,,,0,30,,1489695,21,,,0,69,,1489696,21,,,0,30,,1489693,21,,,0,71,,1489697,21,,,0,29,,1489699,21,,,0,71,,1489700,21,,,0,29,,1489701,21,,,0,71,,1489698,21,,,0,28,,1489702,21,,,0,70,,1489704,21,,,0,32,,1489705,19,,,0,10,,1489706,19,,,0,52,,1489724,19,,,0,8,,1489703,19,,,0,4,,1489707,19,,,0,25,,1489708,19,,,0,61,,1489709,19,,,0,12,,1489710,19,,,0,16,,1489711,19,,,0,16,,1489712,19,,,0,67,,1489713,19,,,0,29,,1489715,19,,,0,71,,1489716,19,,,0,31,,1489717,19,,,0,71,,1489714,19,,,0,31,,1489718,19,,,0,70,,1489720,19,,,0,30,,1489721,19,,,0,70,,1489722,19,,,0,30,,1489719,19,,,0,69,,1489723,19,,,0,30,,1489725,19,,,0,70,,1489727,19,,,0,30,,1489726,19,,,0
2800,'20261006',642,,1514107,19,,,0,70,,1514106,19,,,0,36,,1514108,19,,,0,70,,1514110,19,,,0,9,,1514111,19,,,0,16,,1514112,19,,,0,70,,1514109,21,,,0,30,,1514113,21,,,0,70,,1514115,21,,,0,30,,1514116,21,,,0,69,,1514117,21,,,0,30,,1514114,21,,,0,71,,1514118,21,,,0,29,,1514120,21,,,0,71,,1514121,21,,,0,29,,1514122,21,,,0,71,,1514119,21,,,0,28,,1514123,21,,,0,70,,1514125,21,,,0,32,,1514126,19,,,0,10,,1514127,19,,,0,52,,1514145,19,,,0,8,,1514124,19,,,0,4,,1514128,19,,,0,25,,1514129,19,,,0,61,,1514130,19,,,0,12,,1514131,19,,,0,16,,1514132,19,,,0,16,,1514133,19,,,0,67,,1514134,19,,,0,29,,1514136,19,,,0,71,,1514137,19,,,0,31,,1514138,19,,,0,71,,1514135,19,,,0,31,,1514139,19,,,0,70,,1514141,19,,,0,30,,1514142,19,,,0,70,,1514143,19,,,0,30,,1514140,19,,,0,69,,1514144,19,,,0,30,,1514146,19,,,0,70,,1514148,19,,,0,30,,1514147,19,,,0
2800,'20261007',642,,1514150,19,,,0,70,,1514149,19,,,0,36,,1514151,19,,,0,70,,1514153,19,,,0,9,,1514154,19,,,0,16,,1514155,19,,,0,70,,1514152,21,,,0,30,,1514156,21,,,0,70,,1514158,21,,,0,30,,1514159,21,,,0,69,,1514160,21,,,0,30,,1514157,21,,,0,71,,1514161,21,,,0,29,,1514163,21,,,0,71,,1514164,21,,,0,29,,1514165,21,,,0,71,,1514162,21,,,0,28,,1514166,21,,,0,70,,1514168,21,,,0,32,,1514169,19,,,0,10,,1514170,19,,,0,52,,1514188,19,,,0,8,,1514167,19,,,0,4,,1514171,19,,,0,25,,1514172,19,,,0,61,,1514173,19,,,0,12,,1514174,19,,,0,16,,1514175,19,,,0,16,,1514176,19,,,0,67,,1514177,19,,,0,29,,1514179,19,,,0,71,,1514180,19,,,0,31,,1514181,19,,,0,71,,1514178,19,,,0,31,,1514182,19,,,0,70,,1514184,19,,,0,30,,1514185,19,,,0,70,,1514186,19,,,0,30,,1514183,19,,,0,69,,1514187,19,,,0,30,,1514189,19,,,0,70,,1514191,19,,,0,30,,1514190,19,,,0
2800,'20261008',642,,1514193,19,,,0,70,,1514192,19,,,0,36,,1514194,19,,,0,70,,1514196,19,,,0,9,,1514197,19,,,0,16,,1514198,19,,,0,70,,1514195,21,,,0,30,,1514199,21,,,0,70,,1514201,21,,,0,30,,1514202,21,,,0,69,,1514203,21,,,0,30,,1514200,21,,,0,71,,1514204,21,,,0,29,,1514206,21,,,0,71,,1514207,21,,,0,29,,1514208,21,,,0,71,,1514205,21,,,0,28,,1514209,21,,,0,70,,1514211,21,,,0,32,,1514212,19,,,0,10,,1514213,19,,,0,52,,1514231,19,,,0,8,,1514210,19,,,0,4,,1514214,19,,,0,25,,1514215,19,,,0,61,,1514216,19,,,0,12,,1514217,19,,,0,16,,1514218,19,,,0,16,,1514219,19,,,0,67,,1514220,19,,,0,29,,1514222,19,,,0,71,,1514223,19,,,0,31,,1514224,19,,,0,71,,1514221,19,,,0,31,,1514225,19,,,0,70,,1514227,19,,,0,30,,1514228,19,,,0,70,,1514229,19,,,0,30,,1514226,19,,,0,69,,1514230,19,,,0,30,,1514232,19,,,0,70,,1514234,19,,,0,30,,1514233,19,,,0
2800,'20261009',642,,1514236,19,,,0,70,,1514235,19,,,0,36,,1514237,19,,,0,70,,1514239,19,,,0,9,,1514240,19,,,0,16,,1514241,19,,,0,70,,1514238,21,,,0,30,,1514242,21,,,0,70,,1514244,21,,,0,30,,1514245,21,,,0,69,,1514246,21,,,0,30,,1514243,21,,,0,71,,1514247,21,,,0,29,,1514249,21,,,0,71,,1514250,21,,,0,29,,1514251,21,,,0,71,,1514248,21,,,0,28,,1514252,21,,,0,70,,1514254,21,,,0,32,,1514255,19,,,0,10,,1514256,19,,,0,52,,1514274,19,,,0,8,,1514253,19,,,0,4,,1514257,19,,,0,25,,1514258,19,,,0,61,,1514259,19,,,0,12,,1514260,19,,,0,16,,1514261,19,,,0,16,,1514262,19,,,0,67,,1514263,19,,,0,29,,1514265,19,,,0,71,,1514266,19,,,0,31,,1514267,19,,,0,71,,1514264,19,,,0,31,,1514268,19,,,0,70,,1514270,19,,,0,30,,1514271,19,,,0,70,,1514272,19,,,0,30,,1514269,19,,,0,69,,1514273,19,,,0,30,,1514275,19,,,0,70,,1514277,19,,,0,30,,1514276,19,,,0
2800,'20261010',647,,1544083,19,,,0,100,,1544084,19,,,0,100,,1544085,19,,,0,99,,1544086,19,,,0,99,,1544087,19,,,0,71,,1544070,19,,,0,28,,1544088,19,,,0,70,,1544076,21,,,0,31,,1544089,21,,,0,67,,1544077,21,,,0,33,,1544090,21,,,0,69,,1544078,21,,,0,36,,1544091,21,,,0,65,,1544079,21,,,0,32,,1544092,21,,,0,65,,1544080,21,,,0,32,,1544093,21,,,0,73,,1544081,21,,,0,33,,1544094,21,,,0,65,,1544082,21,,,0,31,,1544095,19,,,0,73,,1544071,19,,,0,29,,1544096,19,,,0,70,,1544072,19,,,0,30,,1544097,19,,,0,70,,1544073,19,,,0,30,,1544098,19,,,0,70,,1544074,19,,,0,30,,1544099,19,,,0,70,,1544075,19,,,0,31,,1544100,19,,,0,70,,1544102,19,,,0,29,,1544101,19,,,0
2800,'20261011',647,,1544117,19,,,0,100,,1544118,19,,,0,100,,1544119,19,,,0,99,,1544116,19,,,0,99,,1544120,19,,,0,71,,1544104,19,,,0,28,,1544122,19,,,0,70,,1544110,21,,,0,31,,1544123,21,,,0,67,,1544107,21,,,0,33,,1544124,21,,,0,69,,1544111,21,,,0,36,,1544121,21,,,0,65,,1544112,21,,,0,32,,1544125,21,,,0,65,,1544113,21,,,0,32,,1544127,21,,,0,73,,1544114,21,,,0,33,,1544128,21,,,0,65,,1544115,21,,,0,31,,1544129,19,,,0,73,,1544105,19,,,0,29,,1544126,19,,,0,70,,1544103,19,,,0,30,,1544130,19,,,0,70,,1544106,19,,,0,30,,1544132,19,,,0,70,,1544108,19,,,0,30,,1544133,19,,,0,70,,1544109,19,,,0,31,,1544134,19,,,0,70,,1544131,19,,,0,29,,1544135,19,,,0
2800,'20261012',647,,1544150,19,,,0,100,,1544151,19,,,0,100,,1544152,19,,,0,99,,1544149,19,,,0,99,,1544153,19,,,0,71,,1544137,19,,,0,28,,1544155,19,,,0,70,,1544143,21,,,0,31,,1544156,21,,,0,67,,1544140,21,,,0,33,,1544157,21,,,0,69,,1544144,21,,,0,36,,1544154,21,,,0,65,,1544145,21,,,0,32,,1544158,21,,,0,65,,1544146,21,,,0,32,,1544160,21,,,0,73,,1544147,21,,,0,33,,1544161,21,,,0,65,,1544148,21,,,0,31,,1544162,19,,,0,73,,1544138,19,,,0,29,,1544159,19,,,0,70,,1544136,19,,,0,30,,1544163,19,,,0,70,,1544139,19,,,0,30,,1544165,19,,,0,70,,1544141,19,,,0,30,,1544166,19,,,0,70,,1544142,19,,,0,31,,1544167,19,,,0,70,,1544164,19,,,0,29,,1544168,19,,,0
3900,'20260929',712,,1545165,3,,,0,100,,1545166,3,,,0,31,,1545167,3,,,0,72,,1545168,3,,,0,101,,1545169,3,,,0,100,,1545170,3,,,0,100,,1545171,3,,,0,100,,1545172,3,,,0,99,,1545173,3,,,0,98,,1545174,3,,,0,29,,1545175,3,,,0,67,,1545176,3,,,0,32,,1545177,3,,,0,72,,1545178,3,,,0,31,,1545179,3,,,0,71,,1545180,3,,,0,101,,1545181,3,,,0,100,,1545182,3,,,0,100,,1545183,3,,,0,101,,1545184,3,,,0,102,,1545185,3,,,0,100,,1545186,3,,,0
3900,'20260930',712,,1545187,3,,,0,100,,1545188,3,,,0,31,,1545189,3,,,0,72,,1545190,3,,,0,101,,1545191,3,,,0,100,,1545192,3,,,0,100,,1545193,3,,,0,100,,1545194,3,,,0,99,,1545195,3,,,0,98,,1545196,3,,,0,29,,1545197,3,,,0,67,,1545198,3,,,0,32,,1545199,3,,,0,72,,1545200,3,,,0,31,,1545201,3,,,0,71,,1545202,3,,,0,101,,1545203,3,,,0,100,,1545204,3,,,0,100,,1545205,3,,,0,101,,1545206,3,,,0,102,,1545207,3,,,0,100,,1545208,3,,,0
3900,'20261001',712,,1545209,3,,,0,100,,1545210,3,,,0,31,,1545211,3,,,0,72,,1545212,3,,,0,101,,1545213,3,,,0,100,,1545214,3,,,0,100,,1545215,3,,,0,100,,1545216,3,,,0,99,,1545217,3,,,0,98,,1545218,3,,,0,29,,1545219,3,,,0,67,,1545220,3,,,0,32,,1545221,3,,,0,72,,1545222,3,,,0,31,,1545223,3,,,0,71,,1545224,3,,,0,101,,1545225,3,,,0,100,,1545226,3,,,0,100,,1545227,3,,,0,101,,1545228,3,,,0,102,,1545229,3,,,0,100,,1545230,3,,,0
3900,'20261002',712,,1467883,3,,,0,100,,1467864,3,,,0,31,,1467885,3,,,0,72,,1467865,3,,,0,101,,1467866,3,,,0,100,,1467867,3,,,0,100,,1467868,3,,,0,100,,1467869,3,,,0,99,,1467870,3,,,0,98,,1467871,3,,,0,29,,1467872,3,,,0,67,,1467873,3,,,0,32,,1467874,3,,,0,72,,1467875,3,,,0,31,,1467876,3,,,0,71,,1467877,3,,,0,101,,1467878,3,,,0,100,,1467879,3,,,0,100,,1467880,3,,,0,101,,1467884,3,,,0,102,,1467881,3,,,0,100,,1467882,3,,,0
3900,'20261003',718,,1490881,3,,,0,100,,1490884,3,,,0,100,,1490870,3,,,0,99,,1490885,3,,,0,100,,1490871,3,,,0,100,,1490872,3,,,0,99,,1490873,3,,,0,100,,1490874,3,,,0,100,,1490875,3,,,0,100,,1490876,3,,,0,101,,1490877,3,,,0,100,,1490878,3,,,0,100,,1490882,3,,,0,101,,1490879,3,,,0,100,,1490883,3,,,0,100,,1490880,3,,,0,100,,1490887,3,,,0,101,,1490886,3,,,0
3900,'20261004',718,,1490900,3,,,0,100,,1490902,3,,,0,100,,1490901,3,,,0,99,,1490903,3,,,0,100,,1490897,3,,,0,100,,1490888,3,,,0,99,,1490889,3,,,0,100,,1490890,3,,,0,100,,1490891,3,,,0,100,,1490892,3,,,0,101,,1490893,3,,,0,100,,1490894,3,,,0,100,,1490898,3,,,0,101,,1490895,3,,,0,100,,1490899,3,,,0,100,,1490896,3,,,0,100,,1490905,3,,,0,101,,1490904,3,,,0
3900,'20261005',712,,1490925,3,,,0,100,,1490906,3,,,0,31,,1490927,3,,,0,72,,1490907,3,,,0,101,,1490908,3,,,0,100,,1490909,3,,,0,100,,1490910,3,,,0,100,,1490911,3,,,0,99,,1490912,3,,,0,98,,1490913,3,,,0,29,,1490914,3,,,0,67,,1490915,3,,,0,32,,1490916,3,,,0,72,,1490917,3,,,0,31,,1490918,3,,,0,71,,1490919,3,,,0,101,,1490920,3,,,0,100,,1490921,3,,,0,100,,1490922,3,,,0,101,,1490926,3,,,0,102,,1490923,3,,,0,100,,1490924,3,,,0
3900,'20261006',712,,1515869,3,,,0,100,,1515850,3,,,0,31,,1515871,3,,,0,72,,1515851,3,,,0,101,,1515852,3,,,0,100,,1515853,3,,,0,100,,1515854,3,,,0,100,,1515855,3,,,0,99,,1515856,3,,,0,98,,1515857,3,,,0,29,,1515858,3,,,0,67,,1515859,3,,,0,32,,1515860,3,,,0,72,,1515861,3,,,0,31,,1515862,3,,,0,71,,1515863,3,,,0,101,,1515864,3,,,0,100,,1515865,3,,,0,100,,1515866,3,,,0,101,,1515870,3,,,0,102,,1515867,3,,,0,100,,1515868,3,,,0
3900,'20261007',712,,1515891,3,,,0,100,,1515872,3,,,0,31,,1515893,3,,,0,72,,1515873,3,,,0,101,,1515874,3,,,0,100,,1515875,3,,,0,100,,1515876,3,,,0,100,,1515877,3,,,0,99,,1515878,3,,,0,98,,1515879,3,,,0,29,,1515880,3,,,0,67,,1515881,3,,,0,32,,1515882,3,,,0,72,,1515883,3,,,0,31,,1515884,3,,,0,71,,1515885,3,,,0,101,,1515886,3,,,0,100,,1515887,3,,,0,100,,1515888,3,,,0,101,,1515892,3,,,0,102,,1515889,3,,,0,100,,1515890,3,,,0
3900,'20261008',712,,1515913,3,,,0,100,,1515894,3,,,0,31,,1515915,3,,,0,72,,1515895,3,,,0,101,,1515896,3,,,0,100,,1515897,3,,,0,100,,1515898,3,,,0,100,,1515899,3,,,0,99,,1515900,3,,,0,98,,1515901,3,,,0,29,,1515902,3,,,0,67,,1515903,3,,,0,32,,1515904,3,,,0,72,,1515905,3,,,0,31,,1515906,3,,,0,71,,1515907,3,,,0,101,,1515908,3,,,0,100,,1515909,3,,,0,100,,1515910,3,,,0,101,,1515914,3,,,0,102,,1515911,3,,,0,100,,1515912,3,,,0
3900,'20261009',712,,1515935,3,,,0,100,,1515916,3,,,0,31,,1515937,3,,,0,72,,1515917,3,,,0,101,,1515918,3,,,0,100,,1515919,3,,,0,100,,1515920,3,,,0,100,,1515921,3,,,0,99,,1515922,3,,,0,98,,1515923,3,,,0,29,,1515924,3,,,0,67,,1515925,3,,,0,32,,1515926,3,,,0,72,,1515927,3,,,0,31,,1515928,3,,,0,71,,1515929,3,,,0,101,,1515930,3,,,0,100,,1515931,3,,,0,100,,1515932,3,,,0,101,,1515936,3,,,0,102,,1515933,3,,,0,100,,1515934,3,,,0
3900,'20261010',718,,1545242,3,,,0,100,,1545245,3,,,0,100,,1545231,3,,,0,99,,1545246,3,,,0,100,,1545232,3,,,0,100,,1545233,3,,,0,99,,1545234,3,,,0,100,,1545235,3,,,0,100,,1545236,3,,,0,100,,1545237,3,,,0,101,,1545238,3,,,0,100,,1545239,3,,,0,100,,1545243,3,,,0,101,,1545240,3,,,0,100,,1545244,3,,,0,100,,1545241,3,,,0,100,,1545248,3,,,0,101,,1545247,3,,,0
3900,'20261011',718,,1545261,3,,,0,100,,1545263,3,,,0,100,,1545262,3,,,0,99,,1545264,3,,,0,100,,1545258,3,,,0,100,,1545249,3,,,0,99,,1545250,3,,,0,100,,1545251,3,,,0,100,,1545252,3,,,0,100,,1545253,3,,,0,101,,1545254,3,,,0,100,,1545255,3,,,0,100,,1545259,3,,,0,101,,1545256,3,,,0,100,,1545260,3,,,0,100,,1545257,3,,,0,100,,1545266,3,,,0,101,,1545265,3,,,0
3900,'20261012',718,,1545279,3,,,0,100,,1545281,3,,,0,100,,1545280,3,,,0,99,,1545282,3,,,0,100,,1545276,3,,,0,100,,1545267,3,,,0,99,,1545268,3,,,0,100,,1545269,3,,,0,100,,1545270,3,,,0,100,,1545271,3,,,0,101,,1545272,3,,,0,100,,1545273,3,,,0,100,,1545277,3,,,0,101,,1545274,3,,,0,100,,1545278,3,,,0,100,,1545275,3,,,0,100,,1545284,3,,,0,101,,1545283,3,,,0
80302,'20260929',557,,1557378,28,,,1,57,,1557379,28,,,1,15,,1557380,28,,,1,15,,1557381,28,,,1,14,,1557382,28,,,1,51,,1557383,28,,,1,9,,1557384,28,,,1,12,,1557385,28,,,1,10,,1557386,28,,,1,11,,1557387,28,,,1,8,,1557388,28,,,1,49,,1557389,28,,,1,11,,1557390,28,,,1,10,,1557391,28,,,1,10,,1557392,28,,,1,10,,1557393,28,,,1,10,,1557394,28,,,1,50,,1557395,28,,,1,10,,1557396,28,,,1,13,,1557397,28,,,1,14,,1557398,28,,,1,11,,1557399,28,,,1,52,,1557400,28,,,1,12,,1557401,28,,,1,12,,1557402,28,,,1,12,,1557403,28,,,1,12,,1557404,28,,,1,52,,1557405,28,,,1,13,,1557406,28,,,1,12,,1557407,28,,,1,12,,1557408,28,,,1,12,,1557409,28,,,1,51,,1557410,28,,,1,12,,1557411,28,,,1,12,,1557412,28,,,1,12,,1557413,28,,,1,12,,1557414,28,,,1,52,,1557415,28,,,1,12,,1557416,28,,,1,11,,1557417,28,,,1,12,,1557418,28,,,1,13,,1557419,28,,,1,52,,1557420,28,,,1,13,,1557421,28,,,1,12,,1557422,28,,,1,12,,1557423,28,,,1,12,,1557424,28,,,1,52,,1557425,28,,,1,12,,1557426,28,,,1,10,,1557427,28,,,1,10,,1557428,28,,,1,10,,1557429,28,,,1,50,,1557430,28,,,1,10,,1557431,28,,,1,10,,1557432,28,,,1,10,,1557433,28,,,1,10,,1557434,28,,,1,10,,1557435,28,,,1,50,,1557436,28,,,1,9,,1557437,28,,,1,8,,1557438,28,,,1,9,,1557439,28,,,1,7,,1557440,28,,,1,9,,1557441,28,,,1,6,,1557442,28,,,1,8,,1557443,28,,,1,48,,1557444,28,,,1,9,,1557445,28,,,1,9,,1557446,28,,,1,11,,1557447,28,,,1,11,,1557448,28,,,1,9,,1557449,28,,,1,52,,1557450,28,,,1,15,,1557451,28,,,1,14,,1557452,28,,,1,15,,1557453,28,,,1,56,,1557454,28,,,1,15,,1557455,28,,,1,15,,1557456,28,,,1,15,,1557457,28,,,1,55,,1557458,28,,,1,16,,1557459,28,,,1,15,,1557460,28,,,1,15,,1557461,28,,,1,55,,1557462,28,,,1,15,,1557463,28,,,1,14,,1557464,28,,,1,15,,1557465,28,,,1,55,,1557466,28,,,1,15,,1557467,28,,,1,15,,1557468,28,,,1,15,,1557469,28,,,1,55,,1557470,28,,,1,14,,1557471,28,,,1,13,,1557472,28,,,1,15,,1557473,28,,,1,55,,1557474,28,,,1,15,,1557475,28,,,1
80302,'20260930',557,,1557476,28,,,1,57,,1557477,28,,,1,15,,1557478,28,,,1,15,,1557479,28,,,1,14,,1557480,28,,,1,51,,1557481,28,,,1,9,,1557482,28,,,1,12,,1557483,28,,,1,10,,1557484,28,,,1,11,,1557485,28,,,1,8,,1557486,28,,,1,49,,1557487,28,,,1,11,,1557488,28,,,1,10,,1557489,28,,,1,10,,1557490,28,,,1,10,,1557491,28,,,1,10,,1557492,28,,,1,50,,1557493,28,,,1,10,,1557494,28,,,1,13,,1557495,28,,,1,14,,1557496,28,,,1,11,,1557497,28,,,1,52,,1557498,28,,,1,12,,1557499,28,,,1,12,,1557500,28,,,1,12,,1557501,28,,,1,12,,1557502,28,,,1,52,,1557503,28,,,1,13,,1557504,28,,,1,12,,1557505,28,,,1,12,,1557506,28,,,1,12,,1557507,28,,,1,51,,1557508,28,,,1,12,,1557509,28,,,1,12,,1557510,28,,,1,12,,1557511,28,,,1,12,,1557512,28,,,1,52,,1557513,28,,,1,12,,1557514,28,,,1,11,,1557515,28,,,1,12,,1557516,28,,,1,13,,1557517,28,,,1,52,,1557518,28,,,1,13,,1557519,28,,,1,12,,1557520,28,,,1,12,,1557521,28,,,1,12,,1557522,28,,,1,52,,1557523,28,,,1,12,,1557524,28,,,1,10,,1557525,28,,,1,10,,1557526,28,,,1,10,,1557527,28,,,1,50,,1557528,28,,,1,10,,1557529,28,,,1,10,,1557530,28,,,1,10,,1557531,28,,,1,10,,1557532,28,,,1,10,,1557533,28,,,1,50,,1557534,28,,,1,9,,1557535,28,,,1,8,,1557536,28,,,1,9,,1557537,28,,,1,7,,1557538,28,,,1,9,,1557539,28,,,1,6,,1557540,28,,,1,8,,1557541,28,,,1,48,,1557542,28,,,1,9,,1557543,28,,,1,9,,1557544,28,,,1,11,,1557545,28,,,1,11,,1557546,28,,,1,9,,1557547,28,,,1,52,,1557548,28,,,1,15,,1557549,28,,,1,14,,1557550,28,,,1,15,,1557551,28,,,1,56,,1557552,28,,,1,15,,1557553,28,,,1,15,,1557554,28,,,1,15,,1557555,28,,,1,55,,1557556,28,,,1,16,,1557557,28,,,1,15,,1557558,28,,,1,15,,1557559,28,,,1,55,,1557560,28,,,1,15,,1557561,28,,,1,14,,1557562,28,,,1,15,,1557563,28,,,1,55,,1557564,28,,,1,15,,1557565,28,,,1,15,,1557566,28,,,1,15,,1557567,28,,,1,55,,1557568,28,,,1,14,,1557569,28,,,1,13,,1557570,28,,,1,15,,1557571,28,,,1,55,,1557572,28,,,1,15,,1557573,28,,,1
80302,'20261001',557,,1557574,28,,,1,57,,1557575,28,,,1,15,,1557576,28,,,1,15,,1557577,28,,,1,14,,1557578,28,,,1,51,,1557579,28,,,1,9,,1557580,28,,,1,12,,1557581,28,,,1,10,,1557582,28,,,1,11,,1557583,28,,,1,8,,1557584,28,,,1,49,,1557585,28,,,1,11,,1557586,28,,,1,10,,1557587,28,,,1,10,,1557588,28,,,1,10,,1557589,28,,,1,10,,1557590,28,,,1,50,,1557591,28,,,1,10,,1557592,28,,,1,13,,1557593,28,,,1,14,,1557594,28,,,1,11,,1557595,28,,,1,52,,1557596,28,,,1,12,,1557597,28,,,1,12,,1557598,28,,,1,12,,1557599,28,,,1,12,,1557600,28,,,1,52,,1557601,28,,,1,13,,1557602,28,,,1,12,,1557603,28,,,1,12,,1557604,28,,,1,12,,1557605,28,,,1,51,,1557606,28,,,1,12,,1557607,28,,,1,12,,1557608,28,,,1,12,,1557609,28,,,1,12,,1557610,28,,,1,52,,1557611,28,,,1,12,,1557612,28,,,1,11,,1557613,28,,,1,12,,1557614,28,,,1,13,,1557615,28,,,1,52,,1557616,28,,,1,13,,1557617,28,,,1,12,,1557618,28,,,1,12,,1557619,28,,,1,12,,1557620,28,,,1,52,,1557621,28,,,1,12,,1557622,28,,,1,10,,1557623,28,,,1,10,,1557624,28,,,1,10,,1557625,28,,,1,50,,1557626,28,,,1,10,,1557627,28,,,1,10,,1557628,28,,,1,10,,1557629,28,,,1,10,,1557630,28,,,1,10,,1557631,28,,,1,50,,1557632,28,,,1,9,,1557633,28,,,1,8,,1557634,28,,,1,9,,1557635,28,,,1,7,,1557636,28,,,1,9,,1557637,28,,,1,6,,1557638,28,,,1,8,,1557639,28,,,1,48,,1557640,28,,,1,9,,1557641,28,,,1,9,,1557642,28,,,1,11,,1557643,28,,,1,11,,1557644,28,,,1,9,,1557645,28,,,1,52,,1557646,28,,,1,15,,1557647,28,,,1,14,,1557648,28,,,1,15,,1557649,28,,,1,56,,1557650,28,,,1,15,,1557651,28,,,1,15,,1557652,28,,,1,15,,1557653,28,,,1,55,,1557654,28,,,1,16,,1557655,28,,,1,15,,1557656,28,,,1,15,,1557657,28,,,1,55,,1557658,28,,,1,15,,1557659,28,,,1,14,,1557660,28,,,1,15,,1557661,28,,,1,55,,1557662,28,,,1,15,,1557663,28,,,1,15,,1557664,28,,,1,15,,1557665,28,,,1,55,,1557666,28,,,1,14,,1557667,28,,,1,13,,1557668,28,,,1,15,,1557669,28,,,1,55,,1557670,28,,,1,15,,1557671,28,,,1
80302,'20261002',557,,1481420,28,,,1,57,,1481421,28,,,1,15,,1481422,28,,,1,15,,1481423,28,,,1,14,,1481424,28,,,1,51,,1481503,28,,,1,9,,1481502,28,,,1,12,,1481425,28,,,1,10,,1481426,28,,,1,11,,1481429,28,,,1,8,,1481430,28,,,1,49,,1481431,28,,,1,11,,1481432,28,,,1,10,,1481434,28,,,1,10,,1481436,28,,,1,10,,1481437,28,,,1,10,,1481512,28,,,1,50,,1481516,28,,,1,10,,1481515,28,,,1,13,,1481438,28,,,1,14,,1481440,28,,,1,11,,1481441,28,,,1,52,,1481427,28,,,1,12,,1481433,28,,,1,12,,1481439,28,,,1,12,,1481428,28,,,1,12,,1481435,28,,,1,52,,1481501,28,,,1,13,,1481500,28,,,1,12,,1481499,28,,,1,12,,1481498,28,,,1,12,,1481497,28,,,1,51,,1481496,28,,,1,12,,1481495,28,,,1,12,,1481494,28,,,1,12,,1481493,28,,,1,12,,1481492,28,,,1,52,,1481491,28,,,1,12,,1481490,28,,,1,11,,1481489,28,,,1,12,,1481488,28,,,1,13,,1481487,28,,,1,52,,1481486,28,,,1,13,,1481485,28,,,1,12,,1481484,28,,,1,12,,1481483,28,,,1,12,,1481482,28,,,1,52,,1481481,28,,,1,12,,1481480,28,,,1,10,,1481479,28,,,1,10,,1481478,28,,,1,10,,1481477,28,,,1,50,,1481476,28,,,1,10,,1481473,28,,,1,10,,1481506,28,,,1,10,,1481475,28,,,1,10,,1481474,28,,,1,10,,1481472,28,,,1,50,,1481507,28,,,1,9,,1481471,28,,,1,8,,1481470,28,,,1,9,,1481469,28,,,1,7,,1481468,28,,,1,9,,1481467,28,,,1,6,,1481466,28,,,1,8,,1481505,28,,,1,48,,1481508,28,,,1,9,,1481509,28,,,1,9,,1481465,28,,,1,11,,1481513,28,,,1,11,,1481510,28,,,1,9,,1481464,28,,,1,52,,1481463,28,,,1,15,,1481462,28,,,1,14,,1481517,28,,,1,15,,1481461,28,,,1,56,,1481460,28,,,1,15,,1481459,28,,,1,15,,1481458,28,,,1,15,,1481457,28,,,1,55,,1481456,28,,,1,16,,1481455,28,,,1,15,,1481454,28,,,1,15,,1481453,28,,,1,55,,1481452,28,,,1,15,,1481451,28,,,1,14,,1481450,28,,,1,15,,1481449,28,,,1,55,,1481448,28,,,1,15,,1481446,28,,,1,15,,1481447,28,,,1,15,,1481445,28,,,1,55,,1481444,28,,,1,14,,1481443,28,,,1,13,,1481504,28,,,1,15,,1481511,28,,,1,55,,1481514,28,,,1,15,,1481442,28,,,1
80302,'20261003',549,,1504237,28,,,1,55,,1504236,28,,,1,16,,1504298,28,,,1,17,,1504239,28,,,1,16,,1504240,28,,,1,56,,1504238,28,,,1,16,,1504299,28,,,1,14,,1504241,28,,,1,15,,1504249,28,,,1,55,,1504251,28,,,1,15,,1504300,28,,,1,13,,1504253,28,,,1,15,,1504252,28,,,1,55,,1504302,28,,,1,16,,1504246,28,,,1,15,,1504250,28,,,1,15,,1504245,28,,,1,55,,1504244,28,,,1,15,,1504248,28,,,1,15,,1504242,28,,,1,15,,1504247,28,,,1,55,,1504243,28,,,1,15,,1504289,28,,,1,15,,1504292,28,,,1,15,,1504290,28,,,1,54,,1504284,28,,,1,15,,1504258,28,,,1,16,,1504267,28,,,1,15,,1504255,28,,,1,54,,1504277,28,,,1,16,,1504282,28,,,1,15,,1504271,28,,,1,16,,1504286,28,,,1,53,,1504262,28,,,1,16,,1504276,28,,,1,14,,1504287,28,,,1,18,,1504285,28,,,1,55,,1504279,28,,,1,15,,1504278,28,,,1,15,,1504288,28,,,1,16,,1504294,28,,,1,53,,1504280,28,,,1,16,,1504283,28,,,1,15,,1504264,28,,,1,16,,1504291,28,,,1,54,,1504281,28,,,1,15,,1504270,28,,,1,15,,1504269,28,,,1,15,,1504266,28,,,1,55,,1504260,28,,,1,15,,1504272,28,,,1,14,,1504273,28,,,1,15,,1504303,28,,,1,55,,1504275,28,,,1,15,,1504256,28,,,1,15,,1504265,28,,,1,15,,1504304,28,,,1,55,,1504257,28,,,1,18,,1504254,28,,,1,15,,1504301,28,,,1,15,,1504261,28,,,1,55,,1504305,28,,,1,15,,1504295,28,,,1,15,,1504307,28,,,1,15,,1504297,28,,,1,55,,1504308,28,,,1,15,,1504259,28,,,1,15,,1504309,28,,,1,15,,1504293,28,,,1,55,,1504306,28,,,1,15,,1504268,28,,,1,15,,1504274,28,,,1,14,,1504310,28,,,1,55,,1504296,28,,,1,15,,1504311,28,,,1,15,,1504263,28,,,1,14,,1504312,28,,,1
80302,'20261004',549,,1504360,28,,,1,55,,1504359,28,,,1,16,,1504314,28,,,1,17,,1504379,28,,,1,16,,1504380,28,,,1,56,,1504371,28,,,1,16,,1504318,28,,,1,14,,1504377,28,,,1,15,,1504381,28,,,1,55,,1504375,28,,,1,15,,1504327,28,,,1,13,,1504378,28,,,1,15,,1504376,28,,,1,55,,1504330,28,,,1,16,,1504366,28,,,1,15,,1504364,28,,,1,15,,1504372,28,,,1,55,,1504369,28,,,1,15,,1504374,28,,,1,15,,1504373,28,,,1,15,,1504361,28,,,1,55,,1504370,28,,,1,15,,1504328,28,,,1,15,,1504324,28,,,1,15,,1504313,28,,,1,54,,1504354,28,,,1,15,,1504383,28,,,1,16,,1504342,28,,,1,15,,1504368,28,,,1,54,,1504348,28,,,1,16,,1504341,28,,,1,15,,1504358,28,,,1,16,,1504356,28,,,1,53,,1504386,28,,,1,16,,1504357,28,,,1,14,,1504323,28,,,1,18,,1504355,28,,,1,55,,1504349,28,,,1,15,,1504340,28,,,1,15,,1504316,28,,,1,16,,1504321,28,,,1,53,,1504339,28,,,1,16,,1504350,28,,,1,15,,1504387,28,,,1,16,,1504320,28,,,1,54,,1504352,28,,,1,15,,1504345,28,,,1,15,,1504344,28,,,1,15,,1504389,28,,,1,55,,1504365,28,,,1,15,,1504351,28,,,1,14,,1504346,28,,,1,15,,1504331,28,,,1,55,,1504347,28,,,1,15,,1504382,28,,,1,15,,1504388,28,,,1,15,,1504315,28,,,1,55,,1504363,28,,,1,18,,1504362,28,,,1,15,,1504326,28,,,1,15,,1504385,28,,,1,55,,1504332,28,,,1,15,,1504322,28,,,1,15,,1504334,28,,,1,15,,1504317,28,,,1,55,,1504335,28,,,1,15,,1504384,28,,,1,15,,1504319,28,,,1,15,,1504329,28,,,1,55,,1504333,28,,,1,15,,1504343,28,,,1,15,,1504353,28,,,1,14,,1504338,28,,,1,55,,1504325,28,,,1,15,,1504337,28,,,1,15,,1504367,28,,,1,14,,1504336,28,,,1
80302,'20261005',557,,1504390,28,,,1,57,,1504391,28,,,1,15,,1504392,28,,,1,15,,1504393,28,,,1,14,,1504394,28,,,1,51,,1504473,28,,,1,9,,1504472,28,,,1,12,,1504395,28,,,1,10,,1504396,28,,,1,11,,1504399,28,,,1,8,,1504400,28,,,1,49,,1504401,28,,,1,11,,1504402,28,,,1,10,,1504404,28,,,1,10,,1504406,28,,,1,10,,1504407,28,,,1,10,,1504482,28,,,1,50,,1504486,28,,,1,10,,1504485,28,,,1,13,,1504408,28,,,1,14,,1504410,28,,,1,11,,1504411,28,,,1,52,,1504397,28,,,1,12,,1504403,28,,,1,12,,1504409,28,,,1,12,,1504398,28,,,1,12,,1504405,28,,,1,52,,1504471,28,,,1,13,,1504470,28,,,1,12,,1504469,28,,,1,12,,1504468,28,,,1,12,,1504467,28,,,1,51,,1504466,28,,,1,12,,1504465,28,,,1,12,,1504464,28,,,1,12,,1504463,28,,,1,12,,1504462,28,,,1,52,,1504461,28,,,1,12,,1504460,28,,,1,11,,1504459,28,,,1,12,,1504458,28,,,1,13,,1504457,28,,,1,52,,1504456,28,,,1,13,,1504455,28,,,1,12,,1504454,28,,,1,12,,1504453,28,,,1,12,,1504452,28,,,1,52,,1504451,28,,,1,12,,1504450,28,,,1,10,,1504449,28,,,1,10,,1504448,28,,,1,10,,1504447,28,,,1,50,,1504446,28,,,1,10,,1504443,28,,,1,10,,1504476,28,,,1,10,,1504445,28,,,1,10,,1504444,28,,,1,10,,1504442,28,,,1,50,,1504477,28,,,1,9,,1504441,28,,,1,8,,1504440,28,,,1,9,,1504439,28,,,1,7,,1504438,28,,,1,9,,1504437,28,,,1,6,,1504436,28,,,1,8,,1504475,28,,,1,48,,1504478,28,,,1,9,,1504479,28,,,1,9,,1504435,28,,,1,11,,1504483,28,,,1,11,,1504480,28,,,1,9,,1504434,28,,,1,52,,1504433,28,,,1,15,,1504432,28,,,1,14,,1504487,28,,,1,15,,1504431,28,,,1,56,,1504430,28,,,1,15,,1504429,28,,,1,15,,1504428,28,,,1,15,,1504427,28,,,1,55,,1504426,28,,,1,16,,1504425,28,,,1,15,,1504424,28,,,1,15,,1504423,28,,,1,55,,1504422,28,,,1,15,,1504421,28,,,1,14,,1504420,28,,,1,15,,1504419,28,,,1,55,,1504418,28,,,1,15,,1504416,28,,,1,15,,1504417,28,,,1,15,,1504415,28,,,1,55,,1504414,28,,,1,14,,1504413,28,,,1,13,,1504474,28,,,1,15,,1504481,28,,,1,55,,1504484,28,,,1,15,,1504412,28,,,1
80302,'20261006',557,,1534314,28,,,1,57,,1534315,28,,,1,15,,1534316,28,,,1,15,,1534317,28,,,1,14,,1534318,28,,,1,51,,1534397,28,,,1,9,,1534396,28,,,1,12,,1534319,28,,,1,10,,1534320,28,,,1,11,,1534323,28,,,1,8,,1534324,28,,,1,49,,1534325,28,,,1,11,,1534326,28,,,1,10,,1534328,28,,,1,10,,1534330,28,,,1,10,,1534331,28,,,1,10,,1534406,28,,,1,50,,1534410,28,,,1,10,,1534409,28,,,1,13,,1534332,28,,,1,14,,1534334,28,,,1,11,,1534335,28,,,1,52,,1534321,28,,,1,12,,1534327,28,,,1,12,,1534333,28,,,1,12,,1534322,28,,,1,12,,1534329,28,,,1,52,,1534395,28,,,1,13,,1534394,28,,,1,12,,1534393,28,,,1,12,,1534392,28,,,1,12,,1534391,28,,,1,51,,1534390,28,,,1,12,,1534389,28,,,1,12,,1534388,28,,,1,12,,1534387,28,,,1,12,,1534386,28,,,1,52,,1534385,28,,,1,12,,1534384,28,,,1,11,,1534383,28,,,1,12,,1534382,28,,,1,13,,1534381,28,,,1,52,,1534380,28,,,1,13,,1534379,28,,,1,12,,1534378,28,,,1,12,,1534377,28,,,1,12,,1534376,28,,,1,52,,1534375,28,,,1,12,,1534374,28,,,1,10,,1534373,28,,,1,10,,1534372,28,,,1,10,,1534371,28,,,1,50,,1534370,28,,,1,10,,1534367,28,,,1,10,,1534400,28,,,1,10,,1534369,28,,,1,10,,1534368,28,,,1,10,,1534366,28,,,1,50,,1534401,28,,,1,9,,1534365,28,,,1,8,,1534364,28,,,1,9,,1534363,28,,,1,7,,1534362,28,,,1,9,,1534361,28,,,1,6,,1534360,28,,,1,8,,1534399,28,,,1,48,,1534402,28,,,1,9,,1534403,28,,,1,9,,1534359,28,,,1,11,,1534407,28,,,1,11,,1534404,28,,,1,9,,1534358,28,,,1,52,,1534357,28,,,1,15,,1534356,28,,,1,14,,1534411,28,,,1,15,,1534355,28,,,1,56,,1534354,28,,,1,15,,1534353,28,,,1,15,,1534352,28,,,1,15,,1534351,28,,,1,55,,1534350,28,,,1,16,,1534349,28,,,1,15,,1534348,28,,,1,15,,1534347,28,,,1,55,,1534346,28,,,1,15,,1534345,28,,,1,14,,1534344,28,,,1,15,,1534343,28,,,1,55,,1534342,28,,,1,15,,1534340,28,,,1,15,,1534341,28,,,1,15,,1534339,28,,,1,55,,1534338,28,,,1,14,,1534337,28,,,1,13,,1534398,28,,,1,15,,1534405,28,,,1,55,,1534408,28,,,1,15,,1534336,28,,,1
80302,'20261007',557,,1534412,28,,,1,57,,1534413,28,,,1,15,,1534414,28,,,1,15,,1534415,28,,,1,14,,1534416,28,,,1,51,,1534495,28,,,1,9,,1534494,28,,,1,12,,1534417,28,,,1,10,,1534418,28,,,1,11,,1534421,28,,,1,8,,1534422,28,,,1,49,,1534423,28,,,1,11,,1534424,28,,,1,10,,1534426,28,,,1,10,,1534428,28,,,1,10,,1534429,28,,,1,10,,1534504,28,,,1,50,,1534508,28,,,1,10,,1534507,28,,,1,13,,1534430,28,,,1,14,,1534432,28,,,1,11,,1534433,28,,,1,52,,1534419,28,,,1,12,,1534425,28,,,1,12,,1534431,28,,,1,12,,1534420,28,,,1,12,,1534427,28,,,1,52,,1534493,28,,,1,13,,1534492,28,,,1,12,,1534491,28,,,1,12,,1534490,28,,,1,12,,1534489,28,,,1,51,,1534488,28,,,1,12,,1534487,28,,,1,12,,1534486,28,,,1,12,,1534485,28,,,1,12,,1534484,28,,,1,52,,1534483,28,,,1,12,,1534482,28,,,1,11,,1534481,28,,,1,12,,1534480,28,,,1,13,,1534479,28,,,1,52,,1534478,28,,,1,13,,1534477,28,,,1,12,,1534476,28,,,1,12,,1534475,28,,,1,12,,1534474,28,,,1,52,,1534473,28,,,1,12,,1534472,28,,,1,10,,1534471,28,,,1,10,,1534470,28,,,1,10,,1534469,28,,,1,50,,1534468,28,,,1,10,,1534465,28,,,1,10,,1534498,28,,,1,10,,1534467,28,,,1,10,,1534466,28,,,1,10,,1534464,28,,,1,50,,1534499,28,,,1,9,,1534463,28,,,1,8,,1534462,28,,,1,9,,1534461,28,,,1,7,,1534460,28,,,1,9,,1534459,28,,,1,6,,1534458,28,,,1,8,,1534497,28,,,1,48,,1534500,28,,,1,9,,1534501,28,,,1,9,,1534457,28,,,1,11,,1534505,28,,,1,11,,1534502,28,,,1,9,,1534456,28,,,1,52,,1534455,28,,,1,15,,1534454,28,,,1,14,,1534509,28,,,1,15,,1534453,28,,,1,56,,1534452,28,,,1,15,,1534451,28,,,1,15,,1534450,28,,,1,15,,1534449,28,,,1,55,,1534448,28,,,1,16,,1534447,28,,,1,15,,1534446,28,,,1,15,,1534445,28,,,1,55,,1534444,28,,,1,15,,1534443,28,,,1,14,,1534442,28,,,1,15,,1534441,28,,,1,55,,1534440,28,,,1,15,,1534438,28,,,1,15,,1534439,28,,,1,15,,1534437,28,,,1,55,,1534436,28,,,1,14,,1534435,28,,,1,13,,1534496,28,,,1,15,,1534503,28,,,1,55,,1534506,28,,,1,15,,1534434,28,,,1
80302,'20261008',557,,1534510,28,,,1,57,,1534511,28,,,1,15,,1534512,28,,,1,15,,1534513,28,,,1,14,,1534514,28,,,1,51,,1534593,28,,,1,9,,1534592,28,,,1,12,,1534515,28,,,1,10,,1534516,28,,,1,11,,1534519,28,,,1,8,,1534520,28,,,1,49,,1534521,28,,,1,11,,1534522,28,,,1,10,,1534524,28,,,1,10,,1534526,28,,,1,10,,1534527,28,,,1,10,,1534602,28,,,1,50,,1534606,28,,,1,10,,1534605,28,,,1,13,,1534528,28,,,1,14,,1534530,28,,,1,11,,1534531,28,,,1,52,,1534517,28,,,1,12,,1534523,28,,,1,12,,1534529,28,,,1,12,,1534518,28,,,1,12,,1534525,28,,,1,52,,1534591,28,,,1,13,,1534590,28,,,1,12,,1534589,28,,,1,12,,1534588,28,,,1,12,,1534587,28,,,1,51,,1534586,28,,,1,12,,1534585,28,,,1,12,,1534584,28,,,1,12,,1534583,28,,,1,12,,1534582,28,,,1,52,,1534581,28,,,1,12,,1534580,28,,,1,11,,1534579,28,,,1,12,,1534578,28,,,1,13,,1534577,28,,,1,52,,1534576,28,,,1,13,,1534575,28,,,1,12,,1534574,28,,,1,12,,1534573,28,,,1,12,,1534572,28,,,1,52,,1534571,28,,,1,12,,1534570,28,,,1,10,,1534569,28,,,1,10,,1534568,28,,,1,10,,1534567,28,,,1,50,,1534566,28,,,1,10,,1534563,28,,,1,10,,1534596,28,,,1,10,,1534565,28,,,1,10,,1534564,28,,,1,10,,1534562,28,,,1,50,,1534597,28,,,1,9,,1534561,28,,,1,8,,1534560,28,,,1,9,,1534559,28,,,1,7,,1534558,28,,,1,9,,1534557,28,,,1,6,,1534556,28,,,1,8,,1534595,28,,,1,48,,1534598,28,,,1,9,,1534599,28,,,1,9,,1534555,28,,,1,11,,1534603,28,,,1,11,,1534600,28,,,1,9,,1534554,28,,,1,52,,1534553,28,,,1,15,,1534552,28,,,1,14,,1534607,28,,,1,15,,1534551,28,,,1,56,,1534550,28,,,1,15,,1534549,28,,,1,15,,1534548,28,,,1,15,,1534547,28,,,1,55,,1534546,28,,,1,16,,1534545,28,,,1,15,,1534544,28,,,1,15,,1534543,28,,,1,55,,1534542,28,,,1,15,,1534541,28,,,1,14,,1534540,28,,,1,15,,1534539,28,,,1,55,,1534538,28,,,1,15,,1534536,28,,,1,15,,1534537,28,,,1,15,,1534535,28,,,1,55,,1534534,28,,,1,14,,1534533,28,,,1,13,,1534594,28,,,1,15,,1534601,28,,,1,55,,1534604,28,,,1,15,,1534532,28,,,1
80302,'20261009',557,,1534608,28,,,1,57,,1534609,28,,,1,15,,1534610,28,,,1,15,,1534611,28,,,1,14,,1534612,28,,,1,51,,1534691,28,,,1,9,,1534690,28,,,1,12,,1534613,28,,,1,10,,1534614,28,,,1,11,,1534617,28,,,1,8,,1534618,28,,,1,49,,1534619,28,,,1,11,,1534620,28,,,1,10,,1534622,28,,,1,10,,1534624,28,,,1,10,,1534625,28,,,1,10,,1534700,28,,,1,50,,1534704,28,,,1,10,,1534703,28,,,1,13,,1534626,28,,,1,14,,1534628,28,,,1,11,,1534629,28,,,1,52,,1534615,28,,,1,12,,1534621,28,,,1,12,,1534627,28,,,1,12,,1534616,28,,,1,12,,1534623,28,,,1,52,,1534689,28,,,1,13,,1534688,28,,,1,12,,1534687,28,,,1,12,,1534686,28,,,1,12,,1534685,28,,,1,51,,1534684,28,,,1,12,,1534683,28,,,1,12,,1534682,28,,,1,12,,1534681,28,,,1,12,,1534680,28,,,1,52,,1534679,28,,,1,12,,1534678,28,,,1,11,,1534677,28,,,1,12,,1534676,28,,,1,13,,1534675,28,,,1,52,,1534674,28,,,1,13,,1534673,28,,,1,12,,1534672,28,,,1,12,,1534671,28,,,1,12,,1534670,28,,,1,52,,1534669,28,,,1,12,,1534668,28,,,1,10,,1534667,28,,,1,10,,1534666,28,,,1,10,,1534665,28,,,1,50,,1534664,28,,,1,10,,1534661,28,,,1,10,,1534694,28,,,1,10,,1534663,28,,,1,10,,1534662,28,,,1,10,,1534660,28,,,1,50,,1534695,28,,,1,9,,1534659,28,,,1,8,,1534658,28,,,1,9,,1534657,28,,,1,7,,1534656,28,,,1,9,,1534655,28,,,1,6,,1534654,28,,,1,8,,1534693,28,,,1,48,,1534696,28,,,1,9,,1534697,28,,,1,9,,1534653,28,,,1,11,,1534701,28,,,1,11,,1534698,28,,,1,9,,1534652,28,,,1,52,,1534651,28,,,1,15,,1534650,28,,,1,14,,1534705,28,,,1,15,,1534649,28,,,1,56,,1534648,28,,,1,15,,1534647,28,,,1,15,,1534646,28,,,1,15,,1534645,28,,,1,55,,1534644,28,,,1,16,,1534643,28,,,1,15,,1534642,28,,,1,15,,1534641,28,,,1,55,,1534640,28,,,1,15,,1534639,28,,,1,14,,1534638,28,,,1,15,,1534637,28,,,1,55,,1534636,28,,,1,15,,1534634,28,,,1,15,,1534635,28,,,1,15,,1534633,28,,,1,55,,1534632,28,,,1,14,,1534631,28,,,1,13,,1534692,28,,,1,15,,1534699,28,,,1,55,,1534702,28,,,1,15,,1534630,28,,,1
80302,'20261010',549,,1557673,28,,,1,55,,1557672,28,,,1,16,,1557734,28,,,1,17,,1557675,28,,,1,16,,1557676,28,,,1,56,,1557674,28,,,1,16,,1557735,28,,,1,14,,1557677,28,,,1,15,,1557685,28,,,1,55,,1557687,28,,,1,15,,1557736,28,,,1,13,,1557689,28,,,1,15,,1557688,28,,,1,55,,1557738,28,,,1,16,,1557682,28,,,1,15,,1557686,28,,,1,15,,1557681,28,,,1,55,,1557680,28,,,1,15,,1557684,28,,,1,15,,1557678,28,,,1,15,,1557683,28,,,1,55,,1557679,28,,,1,15,,1557725,28,,,1,15,,1557728,28,,,1,15,,1557726,28,,,1,54,,1557720,28,,,1,15,,1557694,28,,,1,16,,1557703,28,,,1,15,,1557691,28,,,1,54,,1557713,28,,,1,16,,1557718,28,,,1,15,,1557707,28,,,1,16,,1557722,28,,,1,53,,1557698,28,,,1,16,,1557712,28,,,1,14,,1557723,28,,,1,18,,1557721,28,,,1,55,,1557715,28,,,1,15,,1557714,28,,,1,15,,1557724,28,,,1,16,,1557730,28,,,1,53,,1557716,28,,,1,16,,1557719,28,,,1,15,,1557700,28,,,1,16,,1557727,28,,,1,54,,1557717,28,,,1,15,,1557706,28,,,1,15,,1557705,28,,,1,15,,1557702,28,,,1,55,,1557696,28,,,1,15,,1557708,28,,,1,14,,1557709,28,,,1,15,,1557739,28,,,1,55,,1557711,28,,,1,15,,1557692,28,,,1,15,,1557701,28,,,1,15,,1557740,28,,,1,55,,1557693,28,,,1,18,,1557690,28,,,1,15,,1557737,28,,,1,15,,1557697,28,,,1,55,,1557741,28,,,1,15,,1557731,28,,,1,15,,1557743,28,,,1,15,,1557733,28,,,1,55,,1557744,28,,,1,15,,1557695,28,,,1,15,,1557745,28,,,1,15,,1557729,28,,,1,55,,1557742,28,,,1,15,,1557704,28,,,1,15,,1557710,28,,,1,14,,1557746,28,,,1,55,,1557732,28,,,1,15,,1557747,28,,,1,15,,1557699,28,,,1,14,,1557748,28,,,1
80302,'20261011',549,,1557796,28,,,1,55,,1557795,28,,,1,16,,1557750,28,,,1,17,,1557815,28,,,1,16,,1557816,28,,,1,56,,1557807,28,,,1,16,,1557754,28,,,1,14,,1557813,28,,,1,15,,1557817,28,,,1,55,,1557811,28,,,1,15,,1557763,28,,,1,13,,1557814,28,,,1,15,,1557812,28,,,1,55,,1557766,28,,,1,16,,1557802,28,,,1,15,,1557800,28,,,1,15,,1557808,28,,,1,55,,1557805,28,,,1,15,,1557810,28,,,1,15,,1557809,28,,,1,15,,1557797,28,,,1,55,,1557806,28,,,1,15,,1557764,28,,,1,15,,1557760,28,,,1,15,,1557749,28,,,1,54,,1557790,28,,,1,15,,1557819,28,,,1,16,,1557778,28,,,1,15,,1557804,28,,,1,54,,1557784,28,,,1,16,,1557777,28,,,1,15,,1557794,28,,,1,16,,1557792,28,,,1,53,,1557822,28,,,1,16,,1557793,28,,,1,14,,1557759,28,,,1,18,,1557791,28,,,1,55,,1557785,28,,,1,15,,1557776,28,,,1,15,,1557752,28,,,1,16,,1557757,28,,,1,53,,1557775,28,,,1,16,,1557786,28,,,1,15,,1557823,28,,,1,16,,1557756,28,,,1,54,,1557788,28,,,1,15,,1557781,28,,,1,15,,1557780,28,,,1,15,,1557825,28,,,1,55,,1557801,28,,,1,15,,1557787,28,,,1,14,,1557782,28,,,1,15,,1557767,28,,,1,55,,1557783,28,,,1,15,,1557818,28,,,1,15,,1557824,28,,,1,15,,1557751,28,,,1,55,,1557799,28,,,1,18,,1557798,28,,,1,15,,1557762,28,,,1,15,,1557821,28,,,1,55,,1557768,28,,,1,15,,1557758,28,,,1,15,,1557770,28,,,1,15,,1557753,28,,,1,55,,1557771,28,,,1,15,,1557820,28,,,1,15,,1557755,28,,,1,15,,1557765,28,,,1,55,,1557769,28,,,1,15,,1557779,28,,,1,15,,1557789,28,,,1,14,,1557774,28,,,1,55,,1557761,28,,,1,15,,1557773,28,,,1,15,,1557803,28,,,1,14,,1557772,28,,,1
80302,'20261012',549,,1557873,28,,,1,55,,1557872,28,,,1,16,,1557827,28,,,1,17,,1557892,28,,,1,16,,1557893,28,,,1,56,,1557884,28,,,1,16,,1557831,28,,,1,14,,1557890,28,,,1,15,,1557894,28,,,1,55,,1557888,28,,,1,15,,1557840,28,,,1,13,,1557891,28,,,1,15,,1557889,28,,,1,55,,1557843,28,,,1,16,,1557879,28,,,1,15,,1557877,28,,,1,15,,1557885,28,,,1,55,,1557882,28,,,1,15,,1557887,28,,,1,15,,1557886,28,,,1,15,,1557874,28,,,1,55,,1557883,28,,,1,15,,1557841,28,,,1,15,,1557837,28,,,1,15,,1557826,28,,,1,54,,1557867,28,,,1,15,,1557896,28,,,1,16,,1557855,28,,,1,15,,1557881,28,,,1,54,,1557861,28,,,1,16,,1557854,28,,,1,15,,1557871,28,,,1,16,,1557869,28,,,1,53,,1557899,28,,,1,16,,1557870,28,,,1,14,,1557836,28,,,1,18,,1557868,28,,,1,55,,1557862,28,,,1,15,,1557853,28,,,1,15,,1557829,28,,,1,16,,1557834,28,,,1,53,,1557852,28,,,1,16,,1557863,28,,,1,15,,1557900,28,,,1,16,,1557833,28,,,1,54,,1557865,28,,,1,15,,1557858,28,,,1,15,,1557857,28,,,1,15,,1557902,28,,,1,55,,1557878,28,,,1,15,,1557864,28,,,1,14,,1557859,28,,,1,15,,1557844,28,,,1,55,,1557860,28,,,1,15,,1557895,28,,,1,15,,1557901,28,,,1,15,,1557828,28,,,1,55,,1557876,28,,,1,18,,1557875,28,,,1,15,,1557839,28,,,1,15,,1557898,28,,,1,55,,1557845,28,,,1,15,,1557835,28,,,1,15,,1557847,28,,,1,15,,1557830,28,,,1,55,,1557848,28,,,1,15,,1557897,28,,,1,15,,1557832,28,,,1,15,,1557842,28,,,1,55,,1557846,28,,,1,15,,1557856,28,,,1,15,,1557866,28,,,1,14,,1557851,28,,,1,55,,1557838,28,,,1,15,,1557850,28,,,1,15,,1557880,28,,,1,14,,1557849,28,,,1
