8000,'20261006',702,,1607294,65,,,0,31,,1607295,65,,,0,71,,1607296,65,,,0,28,,1607292,23,4,,0,2,,1607297,65,,,0,25,,1607331,23,4,,0,45,,1607298,65,,,0,29,,1607299,65,,,0,70,,1607300,65,,,0,30,,1607301,65,,,0,70,,1607302,65,,,0,30,,1607303,65,,,0,70,,1607304,65,,,0,30,,1607305,65,,,0,70,,1607306,65,,,0,30,,1607307,65,,,0,70,,1607308,65,,,0,30,,1607309,65,,,0,71,,1607310,65,,,0,30,,1607311,65,,,0,70,,1607312,65,,,0,32,,1607313,65,,,0,68,,1607314,65,,,0,29,,1607315,65,,,0,70,,1607316,65,,,0,30,,1607317,65,,,0,69,,1607318,65,,,0,30,,1607319,65,,,0,100,,1607321,65,,,0,100,,1607323,65,,,0,100,,1607325,65,,,0,100,,1607327,65,,,0,99,,1607329,65,,,0,70,,1607330,65,,,0
8000,'20261007',702,,1607334,65,,,0,31,,1607335,65,,,0,71,,1607336,65,,,0,28,,1607332,23,4,,0,2,,1607337,65,,,0,25,,1607371,23,4,,0,45,,1607338,65,,,0,29,,1607339,65,,,0,70,,1607340,65,,,0,30,,1607341,65,,,0,70,,1607342,65,,,0,30,,1607343,65,,,0,70,,1607344,65,,,0,30,,1607345,65,,,0,70,,1607346,65,,,0,30,,1607347,65,,,0,70,,1607348,65,,,0,30,,1607349,65,,,0,71,,1607350,65,,,0,30,,1607351,65,,,0,70,,1607352,65,,,0,32,,1607353,65,,,0,68,,1607354,65,,,0,29,,1607355,65,,,0,70,,1607356,65,,,0,30,,1607357,65,,,0,69,,1607358,65,,,0,30,,1607359,65,,,0,100,,1607361,65,,,0,100,,1607363,65,,,0,100,,1607365,65,,,0,100,,1607367,65,,,0,99,,1607369,65,,,0,70,,1607370,65,,,0
8000,'20261008',702,,1607374,65,,,0,31,,1607375,65,,,0,71,,1607376,65,,,0,28,,1607372,23,4,,0,2,,1607377,65,,,0,25,,1607411,23,4,,0,45,,1607378,65,,,0,29,,1607379,65,,,0,70,,1607380,65,,,0,30,,1607381,65,,,0,70,,1607382,65,,,0,30,,1607383,65,,,0,70,,1607384,65,,,0,30,,1607385,65,,,0,70,,1607386,65,,,0,30,,1607387,65,,,0,70,,1607388,65,,,0,30,,1607389,65,,,0,71,,1607390,65,,,0,30,,1607391,65,,,0,70,,1607392,65,,,0,32,,1607393,65,,,0,68,,1607394,65,,,0,29,,1607395,65,,,0,70,,1607396,65,,,0,30,,1607397,65,,,0,69,,1607398,65,,,0,30,,1607399,65,,,0,100,,1607401,65,,,0,100,,1607403,65,,,0,100,,1607405,65,,,0,100,,1607407,65,,,0,99,,1607409,65,,,0,70,,1607410,65,,,0
8000,'20261009',702,,1607414,65,,,0,31,,1607415,65,,,0,71,,1607416,65,,,0,28,,1607412,23,4,,0,2,,1607417,65,,,0,25,,1607451,23,4,,0,45,,1607418,65,,,0,29,,1607419,65,,,0,70,,1607420,65,,,0,30,,1607421,65,,,0,70,,1607422,65,,,0,30,,1607423,65,,,0,70,,1607424,65,,,0,30,,1607425,65,,,0,70,,1607426,65,,,0,30,,1607427,65,,,0,70,,1607428,65,,,0,30,,1607429,65,,,0,71,,1607430,65,,,0,30,,1607431,65,,,0,70,,1607432,65,,,0,32,,1607433,65,,,0,68,,1607434,65,,,0,29,,1607435,65,,,0,70,,1607436,65,,,0,30,,1607437,65,,,0,69,,1607438,65,,,0,30,,1607439,65,,,0,100,,1607441,65,,,0,100,,1607443,65,,,0,100,,1607445,65,,,0,100,,1607447,65,,,0,99,,1607449,65,,,0,70,,1607450,65,,,0
8000,'20261010',701,,1549869,65,,,0,30,,1549887,65,,,0,71,,1549870,65,,,0,30,,1549888,65,,,0,70,,1549871,65,,,0,30,,1549889,65,,,0,70,,1549872,65,,,0,30,,1549890,65,,,0,70,,1549873,65,,,0,30,,1549891,65,,,0,70,,1549874,65,,,0,30,,1549892,65,,,0,71,,1549875,65,,,0,30,,1549893,65,,,0,70,,1549876,65,,,0,30,,1549894,65,,,0,70,,1549877,65,,,0,30,,1549895,65,,,0,70,,1549878,65,,,0,30,,1549896,65,,,0,70,,1549879,65,,,0,30,,1549897,65,,,0,70,,1549880,65,,,0,29,,1549898,65,,,0,70,,1549881,65,,,0,30,,1549899,65,,,0,70,,1549882,65,,,0,100,,1549883,65,,,0,100,,1549884,65,,,0,99,,1549885,65,,,0,100,,1549886,65,,,0,100,,1549904,65,,,0
8000,'20261011',701,,1549906,65,,,0,30,,1549924,65,,,0,71,,1549907,65,,,0,30,,1549925,65,,,0,70,,1549908,65,,,0,30,,1549926,65,,,0,70,,1549909,65,,,0,30,,1549927,65,,,0,70,,1549910,65,,,0,30,,1549928,65,,,0,70,,1549911,65,,,0,30,,1549929,65,,,0,71,,1549912,65,,,0,30,,1549930,65,,,0,70,,1549913,65,,,0,30,,1549932,65,,,0,70,,1549914,65,,,0,30,,1549933,65,,,0,70,,1549915,65,,,0,30,,1549934,65,,,0,70,,1549916,65,,,0,30,,1549931,65,,,0,70,,1549917,65,,,0,29,,1549935,65,,,0,70,,1549918,65,,,0,30,,1549936,65,,,0,70,,1549919,65,,,0,100,,1549920,65,,,0,100,,1549921,65,,,0,99,,1549922,65,,,0,100,,1549923,65,,,0,100,,1549942,65,,,0
8000,'20261012',701,,1549943,65,,,0,30,,1549961,65,,,0,71,,1549944,65,,,0,30,,1549962,65,,,0,70,,1549945,65,,,0,30,,1549963,65,,,0,70,,1549946,65,,,0,30,,1549964,65,,,0,70,,1549947,65,,,0,30,,1549965,65,,,0,70,,1549948,65,,,0,30,,1549966,65,,,0,71,,1549949,65,,,0,30,,1549967,65,,,0,70,,1549950,65,,,0,30,,1549969,65,,,0,70,,1549951,65,,,0,30,,1549970,65,,,0,70,,1549952,65,,,0,30,,1549971,65,,,0,70,,1549953,65,,,0,30,,1549968,65,,,0,70,,1549954,65,,,0,29,,1549972,65,,,0,70,,1549955,65,,,0,30,,1549973,65,,,0,70,,1549956,65,,,0,100,,1549957,65,,,0,100,,1549958,65,,,0,99,,1549959,65,,,0,100,,1549960,65,,,0,100,,1549979,65,,,0
8000,'20261013',702,,1575721,65,,,0,31,,1575722,65,,,0,71,,1575723,65,,,0,30,,1575724,65,,,0,25,,1575758,23,4,,0,45,,1575725,65,,,0,29,,1575726,65,,,0,70,,1575727,65,,,0,30,,1575728,65,,,0,70,,1575729,65,,,0,30,,1575730,65,,,0,70,,1575731,65,,,0,30,,1575732,65,,,0,70,,1575733,65,,,0,30,,1575734,65,,,0,70,,1575735,65,,,0,30,,1575736,65,,,0,71,,1575737,65,,,0,30,,1575738,65,,,0,70,,1575739,65,,,0,32,,1575740,65,,,0,68,,1575741,65,,,0,29,,1575742,65,,,0,70,,1575743,65,,,0,30,,1575744,65,,,0,69,,1575745,65,,,0,30,,1575752,65,,,0,100,,1575753,65,,,0,100,,1575754,65,,,0,100,,1575755,65,,,0,100,,1575756,65,,,0,99,,1575757,65,,,0,70,,1575751,65,,,0
8000,'20261014',702,,1575759,65,,,0,31,,1575760,65,,,0,71,,1575761,65,,,0,30,,1575762,65,,,0,25,,1575796,23,4,,0,45,,1575763,65,,,0,29,,1575764,65,,,0,70,,1575765,65,,,0,30,,1575766,65,,,0,70,,1575767,65,,,0,30,,1575768,65,,,0,70,,1575769,65,,,0,30,,1575770,65,,,0,70,,1575771,65,,,0,30,,1575772,65,,,0,70,,1575773,65,,,0,30,,1575774,65,,,0,71,,1575775,65,,,0,30,,1575776,65,,,0,70,,1575777,65,,,0,32,,1575778,65,,,0,68,,1575779,65,,,0,29,,1575780,65,,,0,70,,1575781,65,,,0,30,,1575782,65,,,0,69,,1575783,65,,,0,30,,1575790,65,,,0,100,,1575791,65,,,0,100,,1575792,65,,,0,100,,1575793,65,,,0,100,,1575794,65,,,0,99,,1575795,65,,,0,70,,1575789,65,,,0
8000,'20261015',702,,1575797,65,,,0,31,,1575798,65,,,0,71,,1575799,65,,,0,30,,1575800,65,,,0,25,,1575834,23,4,,0,45,,1575801,65,,,0,29,,1575802,65,,,0,70,,1575803,65,,,0,30,,1575804,65,,,0,70,,1575805,65,,,0,30,,1575806,65,,,0,70,,1575807,65,,,0,30,,1575808,65,,,0,70,,1575809,65,,,0,30,,1575810,65,,,0,70,,1575811,65,,,0,30,,1575812,65,,,0,71,,1575813,65,,,0,30,,1575814,65,,,0,70,,1575815,65,,,0,32,,1575816,65,,,0,68,,1575817,65,,,0,29,,1575818,65,,,0,70,,1575819,65,,,0,30,,1575820,65,,,0,69,,1575821,65,,,0,30,,1575828,65,,,0,100,,1575829,65,,,0,100,,1575830,65,,,0,100,,1575831,65,,,0,100,,1575832,65,,,0,99,,1575833,65,,,0,70,,1575827,65,,,0
8000,'20261016',702,,1575835,65,,,0,31,,1575836,65,,,0,71,,1575837,65,,,0,30,,1575838,65,,,0,25,,1575872,23,4,,0,45,,1575839,65,,,0,29,,1575840,65,,,0,70,,1575841,65,,,0,30,,1575842,65,,,0,70,,1575843,65,,,0,30,,1575844,65,,,0,70,,1575845,65,,,0,30,,1575846,65,,,0,70,,1575847,65,,,0,30,,1575848,65,,,0,70,,1575849,65,,,0,30,,1575850,65,,,0,71,,1575851,65,,,0,30,,1575852,65,,,0,70,,1575853,65,,,0,32,,1575854,65,,,0,68,,1575855,65,,,0,29,,1575856,65,,,0,70,,1575857,65,,,0,30,,1575858,65,,,0,69,,1575859,65,,,0,30,,1575866,65,,,0,100,,1575867,65,,,0,100,,1575868,65,,,0,100,,1575869,65,,,0,100,,1575870,65,,,0,99,,1575871,65,,,0,70,,1575865,65,,,0
8000,'20261017',701,,1607452,65,,,0,30,,1607470,65,,,0,71,,1607453,65,,,0,30,,1607471,65,,,0,70,,1607454,65,,,0,30,,1607472,65,,,0,70,,1607455,65,,,0,30,,1607473,65,,,0,70,,1607456,65,,,0,30,,1607474,65,,,0,70,,1607457,65,,,0,30,,1607475,65,,,0,71,,1607458,65,,,0,30,,1607476,65,,,0,70,,1607459,65,,,0,30,,1607477,65,,,0,70,,1607460,65,,,0,30,,1607478,65,,,0,70,,1607461,65,,,0,30,,1607479,65,,,0,70,,1607462,65,,,0,30,,1607480,65,,,0,70,,1607463,65,,,0,29,,1607481,65,,,0,70,,1607464,65,,,0,30,,1607482,65,,,0,70,,1607465,65,,,0,100,,1607466,65,,,0,100,,1607467,65,,,0,99,,1607468,65,,,0,100,,1607469,65,,,0,100,,1607487,65,,,0
8000,'20261018',701,,1607489,65,,,0,30,,1607507,65,,,0,71,,1607490,65,,,0,30,,1607508,65,,,0,70,,1607491,65,,,0,30,,1607509,65,,,0,70,,1607492,65,,,0,30,,1607510,65,,,0,70,,1607493,65,,,0,30,,1607511,65,,,0,70,,1607494,65,,,0,30,,1607512,65,,,0,71,,1607495,65,,,0,30,,1607513,65,,,0,70,,1607496,65,,,0,30,,1607515,65,,,0,70,,1607497,65,,,0,30,,1607516,65,,,0,70,,1607498,65,,,0,30,,1607517,65,,,0,70,,1607499,65,,,0,30,,1607514,65,,,0,70,,1607500,65,,,0,29,,1607518,65,,,0,70,,1607501,65,,,0,30,,1607519,65,,,0,70,,1607502,65,,,0,100,,1607503,65,,,0,100,,1607504,65,,,0,99,,1607505,65,,,0,100,,1607506,65,,,0,100,,1607525,65,,,0
8000,'20261019',702,,1607526,65,,,0,31,,1607527,65,,,0,71,,1607528,65,,,0,30,,1607529,65,,,0,25,,1607563,23,4,,0,45,,1607530,65,,,0,29,,1607531,65,,,0,70,,1607532,65,,,0,30,,1607533,65,,,0,70,,1607534,65,,,0,30,,1607535,65,,,0,70,,1607536,65,,,0,30,,1607537,65,,,0,70,,1607538,65,,,0,30,,1607539,65,,,0,70,,1607540,65,,,0,30,,1607541,65,,,0,71,,1607542,65,,,0,30,,1607543,65,,,0,70,,1607544,65,,,0,32,,1607545,65,,,0,68,,1607546,65,,,0,29,,1607547,65,,,0,70,,1607548,65,,,0,30,,1607549,65,,,0,69,,1607550,65,,,0,30,,1607557,65,,,0,100,,1607558,65,,,0,100,,1607559,65,,,0,100,,1607560,65,,,0,100,,1607561,65,,,0,99,,1607562,65,,,0,70,,1607556,65,,,0
8000,'20261020',702,,1607564,65,,,0,31,,1607565,65,,,0,71,,1607566,65,,,0,30,,1607567,65,,,0,25,,1607601,23,4,,0,45,,1607568,65,,,0,29,,1607569,65,,,0,70,,1607570,65,,,0,30,,1607571,65,,,0,70,,1607572,65,,,0,30,,1607573,65,,,0,70,,1607574,65,,,0,30,,1607575,65,,,0,70,,1607576,65,,,0,30,,1607577,65,,,0,70,,1607578,65,,,0,30,,1607579,65,,,0,71,,1607580,65,,,0,30,,1607581,65,,,0,70,,1607582,65,,,0,32,,1607583,65,,,0,68,,1607584,65,,,0,29,,1607585,65,,,0,70,,1607586,65,,,0,30,,1607587,65,,,0,69,,1607588,65,,,0,30,,1607595,65,,,0,100,,1607596,65,,,0,100,,1607597,65,,,0,100,,1607598,65,,,0,100,,1607599,65,,,0,99,,1607600,65,,,0,70,,1607594,65,,,0
28000,'20261006',1610,,1612464,26,4,,0,37,,1612465,26,4,,0,9,,1612466,26,4,,0,58,,1612467,26,4,,0,37,,1612468,26,4,,0,67,,1612469,26,4,,0
28000,'20261007',1610,,1612470,26,4,,0,37,,1612471,26,4,,0,9,,1612472,26,4,,0,58,,1612473,26,4,,0,37,,1612474,26,4,,0,67,,1612475,26,4,,0
28000,'20261008',1610,,1612476,26,4,,0,37,,1612477,26,4,,0,9,,1612478,26,4,,0,58,,1612479,26,4,,0,37,,1612480,26,4,,0,67,,1612481,26,4,,0
28000,'20261009',1610,,1612482,26,4,,0,37,,1612483,26,4,,0,9,,1612484,26,4,,0,58,,1612485,26,4,,0,37,,1612486,26,4,,0,67,,1612487,26,4,,0
28000,'20261013',1610,,1580734,26,4,,0,37,,1580733,26,4,,0,9,,1580729,26,4,,0,58,,1580730,26,4,,0,37,,1580731,26,4,,0,67,,1580732,26,4,,0
28000,'20261014',1610,,1580740,26,4,,0,37,,1580739,26,4,,0,9,,1580735,26,4,,0,58,,1580736,26,4,,0,37,,1580737,26,4,,0,67,,1580738,26,4,,0
28000,'20261015',1610,,1580746,26,4,,0,37,,1580745,26,4,,0,9,,1580741,26,4,,0,58,,1580742,26,4,,0,37,,1580743,26,4,,0,67,,1580744,26,4,,0
28000,'20261016',1610,,1580752,26,4,,0,37,,1580751,26,4,,0,9,,1580747,26,4,,0,58,,1580748,26,4,,0,37,,1580749,26,4,,0,67,,1580750,26,4,,0
28000,'20261019',1610,,1612493,26,4,,0,37,,1612492,26,4,,0,9,,1612488,26,4,,0,58,,1612489,26,4,,0,37,,1612490,26,4,,0,67,,1612491,26,4,,0
28000,'20261020',1610,,1612499,26,4,,0,37,,1612498,26,4,,0,9,,1612494,26,4,,0,58,,1612495,26,4,,0,37,,1612496,26,4,,0,67,,1612497,26,4,,0
38000,'20261006',1237,,1613642,41,4,,0,411,,1613643,41,4,,0,107,,1613644,41,4,,0,102,,1613645,41,4,,0
38000,'20261007',1237,,1613646,41,4,,0,411,,1613647,41,4,,0,107,,1613648,41,4,,0,102,,1613649,41,4,,0
38000,'20261008',1237,,1613650,41,4,,0,411,,1613651,41,4,,0,107,,1613652,41,4,,0,102,,1613653,41,4,,0
38000,'20261009',1237,,1613654,41,4,,0,411,,1613655,41,4,,0,107,,1613656,41,4,,0,102,,1613657,41,4,,0
38000,'20261013',1237,,1581892,41,4,,0,411,,1581889,41,4,,0,107,,1581890,41,4,,0,102,,1581891,41,4,,0
38000,'20261014',1237,,1581896,41,4,,0,411,,1581893,41,4,,0,107,,1581894,41,4,,0,102,,1581895,41,4,,0
38000,'20261015',1237,,1581900,41,4,,0,411,,1581897,41,4,,0,107,,1581898,41,4,,0,102,,1581899,41,4,,0
38000,'20261016',1237,,1581904,41,4,,0,411,,1581901,41,4,,0,107,,1581902,41,4,,0,102,,1581903,41,4,,0
38000,'20261019',1237,,1613661,41,4,,0,411,,1613658,41,4,,0,107,,1613659,41,4,,0,102,,1613660,41,4,,0
38000,'20261020',1237,,1613665,41,4,,0,411,,1613662,41,4,,0,107,,1613663,41,4,,0,102,,1613664,41,4,,0
58000,'20261006',1621,,1614382,39,4,,0,81,,1614383,39,4,,0,20,,1614384,39,4,,0,35,,1614385,39,4,,0
58000,'20261007',1621,,1614386,39,4,,0,81,,1614387,39,4,,0,20,,1614388,39,4,,0,35,,1614389,39,4,,0
58000,'20261008',1621,,1614390,39,4,,0,81,,1614391,39,4,,0,20,,1614392,39,4,,0,35,,1614393,39,4,,0
58000,'20261009',1621,,1614394,39,4,,0,81,,1614395,39,4,,0,20,,1614396,39,4,,0,35,,1614397,39,4,,0
58000,'20261013',1621,,1582634,39,4,,0,81,,1582633,39,4,,0,20,,1582632,39,4,,0,35,,1582635,39,4,,0
58000,'20261014',1621,,1582638,39,4,,0,81,,1582637,39,4,,0,20,,1582636,39,4,,0,35,,1582639,39,4,,0
58000,'20261015',1621,,1582642,39,4,,0,81,,1582641,39,4,,0,20,,1582640,39,4,,0,35,,1582643,39,4,,0
58000,'20261016',1621,,1582646,39,4,,0,81,,1582645,39,4,,0,20,,1582644,39,4,,0,35,,1582647,39,4,,0
58000,'20261019',1621,,1614400,39,4,,0,81,,1614399,39,4,,0,20,,1614398,39,4,,0,35,,1614401,39,4,,0
58000,'20261020',1621,,1614404,39,4,,0,81,,1614403,39,4,,0,20,,1614402,39,4,,0,35,,1614405,39,4,,0
98000,'20261009',2610,,1625338,66,,,0
98000,'20261010',2610,,1561867,66,,,0
98000,'20261016',2610,,1593531,66,,,0
98000,'20261017',2610,,1625339,66,,,0
