5501,'20261009',540,,1602849,23,,,0,68,,1602850,23,,,0,26,,1602851,23,,,0,72,,1602852,23,,,0,34,,1602853,23,,,0,77,,1602854,23,,,0,27,,1602855,23,,,0,95,,1602856,23,,,0,100,,1602857,23,,,0,99,,1602858,23,,,0,103,,1602859,23,,,0,95,,1602860,23,,,0,100,,1602861,23,,,0,100,,1602862,23,,,0,78,,1602863,23,,,0,40,,1602864,23,,,0,67,,1602865,23,,,0,28,,1602866,23,,,0,71,,1602867,23,,,0,30,,1602868,23,,,0,83,,1602869,23,,,0,90,,1602870,23,,,0,100,,1602871,23,,,0,102,,1602872,23,,,0,101,,1602873,23,,,0
5501,'20261010',712,,1631685,23,,,0,103,,1631686,23,,,0,99,,1631687,23,,,0,102,,1631688,23,,,0,94,,1631689,23,,,0,104,,1631690,23,,,0,98,,1631691,23,,,0,103,,1631692,23,,,0,99,,1631693,23,,,0,99,,1631694,23,,,0,102,,1631695,23,,,0,107,,1631696,23,,,0,93,,1631697,23,,,0,99,,1631698,23,,,0,103,,1631699,23,,,0,102,,1631700,23,,,0,102,,1631701,23,,,0
5501,'20261011',712,,1631702,23,,,0,103,,1631703,23,,,0,99,,1631704,23,,,0,102,,1631705,23,,,0,94,,1631706,23,,,0,104,,1631707,23,,,0,98,,1631708,23,,,0,103,,1631709,23,,,0,99,,1631710,23,,,0,99,,1631711,23,,,0,102,,1631712,23,,,0,107,,1631713,23,,,0,93,,1631714,23,,,0,99,,1631715,23,,,0,103,,1631716,23,,,0,102,,1631717,23,,,0,102,,1631718,23,,,0
5501,'20261012',712,,1631719,23,,,0,103,,1631720,23,,,0,99,,1631721,23,,,0,102,,1631722,23,,,0,94,,1631723,23,,,0,104,,1631724,23,,,0,98,,1631725,23,,,0,103,,1631726,23,,,0,99,,1631727,23,,,0,99,,1631728,23,,,0,102,,1631729,23,,,0,107,,1631730,23,,,0,93,,1631731,23,,,0,99,,1631732,23,,,0,103,,1631733,23,,,0,102,,1631734,23,,,0,102,,1631735,23,,,0
5501,'20261013',540,,1571157,23,,,0,68,,1571158,23,,,0,26,,1571147,23,,,0,72,,1571165,23,,,0,34,,1571143,23,,,0,77,,1571144,23,,,0,27,,1571159,23,,,0,95,,1571145,23,,,0,100,,1571146,23,,,0,99,,1571148,23,,,0,103,,1571161,23,,,0,95,,1571162,23,,,0,100,,1571166,23,,,0,100,,1571167,23,,,0,78,,1571149,23,,,0,40,,1571163,23,,,0,67,,1571150,23,,,0,28,,1571164,23,,,0,71,,1571151,23,,,0,30,,1571152,23,,,0,83,,1571153,23,,,0,90,,1571154,23,,,0,100,,1571155,23,,,0,102,,1571156,23,,,0,101,,1571160,23,,,0
5501,'20261014',540,,1571182,23,,,0,68,,1571183,23,,,0,26,,1571172,23,,,0,72,,1571190,23,,,0,34,,1571168,23,,,0,77,,1571169,23,,,0,27,,1571184,23,,,0,95,,1571170,23,,,0,100,,1571171,23,,,0,99,,1571173,23,,,0,103,,1571186,23,,,0,95,,1571187,23,,,0,100,,1571191,23,,,0,100,,1571192,23,,,0,78,,1571174,23,,,0,40,,1571188,23,,,0,67,,1571175,23,,,0,28,,1571189,23,,,0,71,,1571176,23,,,0,30,,1571177,23,,,0,83,,1571178,23,,,0,90,,1571179,23,,,0,100,,1571180,23,,,0,102,,1571181,23,,,0,101,,1571185,23,,,0
5501,'20261015',540,,1571207,23,,,0,68,,1571208,23,,,0,26,,1571197,23,,,0,72,,1571215,23,,,0,34,,1571193,23,,,0,77,,1571194,23,,,0,27,,1571209,23,,,0,95,,1571195,23,,,0,100,,1571196,23,,,0,99,,1571198,23,,,0,103,,1571211,23,,,0,95,,1571212,23,,,0,100,,1571216,23,,,0,100,,1571217,23,,,0,78,,1571199,23,,,0,40,,1571213,23,,,0,67,,1571200,23,,,0,28,,1571214,23,,,0,71,,1571201,23,,,0,30,,1571202,23,,,0,83,,1571203,23,,,0,90,,1571204,23,,,0,100,,1571205,23,,,0,102,,1571206,23,,,0,101,,1571210,23,,,0
5501,'20261016',540,,1571232,23,,,0,68,,1571233,23,,,0,26,,1571222,23,,,0,72,,1571240,23,,,0,34,,1571218,23,,,0,77,,1571219,23,,,0,27,,1571234,23,,,0,95,,1571220,23,,,0,100,,1571221,23,,,0,99,,1571223,23,,,0,103,,1571236,23,,,0,95,,1571237,23,,,0,100,,1571241,23,,,0,100,,1571242,23,,,0,78,,1571224,23,,,0,40,,1571238,23,,,0,67,,1571225,23,,,0,28,,1571239,23,,,0,71,,1571226,23,,,0,30,,1571227,23,,,0,83,,1571228,23,,,0,90,,1571229,23,,,0,100,,1571230,23,,,0,102,,1571231,23,,,0,101,,1571235,23,,,0
5501,'20261017',712,,1602874,23,,,0,103,,1602875,23,,,0,99,,1602876,23,,,0,102,,1602877,23,,,0,94,,1602878,23,,,0,104,,1602879,23,,,0,98,,1602880,23,,,0,103,,1602881,23,,,0,99,,1602882,23,,,0,99,,1602883,23,,,0,102,,1602884,23,,,0,107,,1602885,23,,,0,93,,1602886,23,,,0,99,,1602887,23,,,0,103,,1602888,23,,,0,102,,1602889,23,,,0,102,,1602890,23,,,0
5501,'20261018',712,,1602893,23,,,0,103,,1602891,23,,,0,99,,1602894,23,,,0,102,,1602895,23,,,0,94,,1602892,23,,,0,104,,1602904,23,,,0,98,,1602899,23,,,0,103,,1602900,23,,,0,99,,1602906,23,,,0,99,,1602901,23,,,0,102,,1602907,23,,,0,107,,1602903,23,,,0,93,,1602898,23,,,0,99,,1602905,23,,,0,103,,1602897,23,,,0,102,,1602902,23,,,0,102,,1602896,23,,,0
5501,'20261019',540,,1602922,23,,,0,68,,1602923,23,,,0,26,,1602912,23,,,0,72,,1602930,23,,,0,34,,1602908,23,,,0,77,,1602909,23,,,0,27,,1602924,23,,,0,95,,1602910,23,,,0,100,,1602911,23,,,0,99,,1602913,23,,,0,103,,1602926,23,,,0,95,,1602927,23,,,0,100,,1602931,23,,,0,100,,1602932,23,,,0,78,,1602914,23,,,0,40,,1602928,23,,,0,67,,1602915,23,,,0,28,,1602929,23,,,0,71,,1602916,23,,,0,30,,1602917,23,,,0,83,,1602918,23,,,0,90,,1602919,23,,,0,100,,1602920,23,,,0,102,,1602921,23,,,0,101,,1602925,23,,,0
5501,'20261020',540,,1602947,23,,,0,68,,1602948,23,,,0,26,,1602937,23,,,0,72,,1602955,23,,,0,34,,1602933,23,,,0,77,,1602934,23,,,0,27,,1602949,23,,,0,95,,1602935,23,,,0,100,,1602936,23,,,0,99,,1602938,23,,,0,103,,1602951,23,,,0,95,,1602952,23,,,0,100,,1602956,23,,,0,100,,1602957,23,,,0,78,,1602939,23,,,0,40,,1602953,23,,,0,67,,1602940,23,,,0,28,,1602954,23,,,0,71,,1602941,23,,,0,30,,1602942,23,,,0,83,,1602943,23,,,0,90,,1602944,23,,,0,100,,1602945,23,,,0,102,,1602946,23,,,0,101,,1602950,23,,,0
5501,'20261021',540,,1631750,23,,,0,68,,1631751,23,,,0,26,,1631740,23,,,0,72,,1631758,23,,,0,34,,1631736,23,,,0,77,,1631737,23,,,0,27,,1631752,23,,,0,95,,1631738,23,,,0,100,,1631739,23,,,0,99,,1631741,23,,,0,103,,1631754,23,,,0,95,,1631755,23,,,0,100,,1631759,23,,,0,100,,1631760,23,,,0,78,,1631742,23,,,0,40,,1631756,23,,,0,67,,1631743,23,,,0,28,,1631757,23,,,0,71,,1631744,23,,,0,30,,1631745,23,,,0,83,,1631746,23,,,0,90,,1631747,23,,,0,100,,1631748,23,,,0,102,,1631749,23,,,0,101,,1631753,23,,,0
5501,'20261022',540,,1631775,23,,,0,68,,1631776,23,,,0,26,,1631765,23,,,0,72,,1631783,23,,,0,34,,1631761,23,,,0,77,,1631762,23,,,0,27,,1631777,23,,,0,95,,1631763,23,,,0,100,,1631764,23,,,0,99,,1631766,23,,,0,103,,1631779,23,,,0,95,,1631780,23,,,0,100,,1631784,23,,,0,100,,1631785,23,,,0,78,,1631767,23,,,0,40,,1631781,23,,,0,67,,1631768,23,,,0,28,,1631782,23,,,0,71,,1631769,23,,,0,30,,1631770,23,,,0,83,,1631771,23,,,0,90,,1631772,23,,,0,100,,1631773,23,,,0,102,,1631774,23,,,0,101,,1631778,23,,,0
5501,'20261023',540,,1631800,23,,,0,68,,1631801,23,,,0,26,,1631790,23,,,0,72,,1631808,23,,,0,34,,1631786,23,,,0,77,,1631787,23,,,0,27,,1631802,23,,,0,95,,1631788,23,,,0,100,,1631789,23,,,0,99,,1631791,23,,,0,103,,1631804,23,,,0,95,,1631805,23,,,0,100,,1631809,23,,,0,100,,1631810,23,,,0,78,,1631792,23,,,0,40,,1631806,23,,,0,67,,1631793,23,,,0,28,,1631807,23,,,0,71,,1631794,23,,,0,30,,1631795,23,,,0,83,,1631796,23,,,0,90,,1631797,23,,,0,100,,1631798,23,,,0,102,,1631799,23,,,0,101,,1631803,23,,,0
25501,'20261009',643,,1612040,23,,,0,66,,1612041,23,,,0,17,,1612042,23,,,0,14,,1612043,23,,,0
25501,'20261013',643,,1580291,23,,,0,66,,1580292,23,,,0,17,,1580293,23,,,0,14,,1580294,23,,,0
25501,'20261014',643,,1580295,23,,,0,66,,1580296,23,,,0,17,,1580297,23,,,0,14,,1580298,23,,,0
25501,'20261015',643,,1580299,23,,,0,66,,1580300,23,,,0,17,,1580301,23,,,0,14,,1580302,23,,,0
25501,'20261016',643,,1580303,23,,,0,66,,1580304,23,,,0,17,,1580305,23,,,0,14,,1580306,23,,,0
25501,'20261019',643,,1612044,23,,,0,66,,1612045,23,,,0,17,,1612046,23,,,0,14,,1612047,23,,,0
25501,'20261020',643,,1612048,23,,,0,66,,1612049,23,,,0,17,,1612050,23,,,0,14,,1612051,23,,,0
25501,'20261021',643,,1638000,23,,,0,66,,1638001,23,,,0,17,,1638002,23,,,0,14,,1638003,23,,,0
25501,'20261022',643,,1638004,23,,,0,66,,1638005,23,,,0,17,,1638006,23,,,0,14,,1638007,23,,,0
25501,'20261023',643,,1638008,23,,,0,66,,1638009,23,,,0,17,,1638010,23,,,0,14,,1638011,23,,,0
35501,'20261009',654,,1613430,23,,,0,257,,1613431,23,,,0
35501,'20261013',654,,1581672,23,,,0,257,,1581673,23,,,0
35501,'20261014',654,,1581674,23,,,0,257,,1581675,23,,,0
35501,'20261015',654,,1581676,23,,,0,257,,1581677,23,,,0
35501,'20261016',654,,1581678,23,,,0,257,,1581679,23,,,0
35501,'20261019',654,,1613432,23,,,0,257,,1613433,23,,,0
35501,'20261020',654,,1613434,23,,,0,257,,1613435,23,,,0
35501,'20261021',654,,1638690,23,,,0,257,,1638691,23,,,0
35501,'20261022',654,,1638692,23,,,0,257,,1638693,23,,,0
35501,'20261023',654,,1638694,23,,,0,257,,1638695,23,,,0
55501,'20261009',647,,1614214,23,,,0,82,,1614215,23,,,0
55501,'20261013',647,,1582455,23,,,0,82,,1582454,23,,,0
55501,'20261014',647,,1582457,23,,,0,82,,1582456,23,,,0
55501,'20261015',647,,1582459,23,,,0,82,,1582458,23,,,0
55501,'20261016',647,,1582461,23,,,0,82,,1582460,23,,,0
55501,'20261019',647,,1614217,23,,,0,82,,1614216,23,,,0
55501,'20261020',647,,1614219,23,,,0,82,,1614218,23,,,0
55501,'20261021',647,,1639083,23,,,0,82,,1639082,23,,,0
55501,'20261022',647,,1639085,23,,,0,82,,1639084,23,,,0
55501,'20261023',647,,1639087,23,,,0,82,,1639086,23,,,0
7005501,'20261009',851,,1625489,23,,,0
7005501,'20261013',851,,1593634,23,,,0
7005501,'20261014',851,,1593635,23,,,0
7005501,'20261015',851,,1593636,23,,,0
7005501,'20261016',851,,1593637,23,,,0
7005501,'20261019',851,,1625490,23,,,0
7005501,'20261020',851,,1625491,23,,,0
7005501,'20261021',851,,1646952,23,,,0
7005501,'20261022',851,,1646953,23,,,0
7005501,'20261023',851,,1646954,23,,,0
