1103,'20261009',614,,1596777,20,,,1,30,,1596778,20,,,1,70,,1596779,20,,,1,18,,1596780,20,,,1,17,,1596781,20,,,1,56,,1596782,20,,,1,14,,1596783,20,,,1,27,,1596784,20,,,1,67,,1596785,20,,,1,28,,1596786,20,,,1,70,,1596787,20,,,1,30,,1596788,20,,,1,70,,1596789,20,,,1,31,,1596790,20,,,1,70,,1596791,20,,,1,30,,1596792,20,,,1,70,,1596793,20,,,1,30,,1596794,20,,,1,71,,1596795,20,,,1,31,,1596796,20,,,1,71,,1596797,20,,,1,6,,1596798,20,,,1,4,,1596799,20,,,1,8,,1596800,20,,,1,5,,1596801,20,,,1,15,,1596802,20,,,1,56,,1596803,20,,,1,16,,1596804,20,,,1,16,,1596805,20,,,1,15,,1596806,20,,,1,54,,1596807,20,,,1,31,,1596808,20,,,1,68,,1596809,20,,,1,29,,1596810,20,,,1,70,,1596811,20,,,1,30,,1596812,20,,,1,71,,1596813,20,,,1,100,,1596814,20,,,1,100,,1596815,20,,,1,100,,1596816,20,,,1,99,,1596817,20,,,1
1103,'20261010',613,,1627563,20,,,1,100,,1627564,20,,,1,100,,1627565,20,,,1,30,,1627566,20,,,1,70,,1627567,20,,,1,30,,1627568,20,,,1,70,,1627569,20,,,1,30,,1627570,20,,,1,70,,1627571,20,,,1,30,,1627572,20,,,1,69,,1627573,20,,,1,30,,1627574,20,,,1,70,,1627575,20,,,1,30,,1627576,20,,,1,70,,1627577,20,,,1,31,,1627578,20,,,1,69,,1627579,20,,,1,33,,1627580,20,,,1,66,,1627581,20,,,1,30,,1627582,20,,,1,70,,1627583,20,,,1,33,,1627584,20,,,1,69,,1627585,20,,,1,30,,1627586,20,,,1,69,,1627587,20,,,1,30,,1627588,20,,,1,70,,1627589,20,,,1,101,,1627590,20,,,1,100,,1627591,20,,,1,100,,1627592,20,,,1,100,,1627593,20,,,1
1103,'20261011',613,,1627594,20,,,1,100,,1627595,20,,,1,100,,1627596,20,,,1,30,,1627597,20,,,1,70,,1627598,20,,,1,30,,1627599,20,,,1,70,,1627600,20,,,1,30,,1627601,20,,,1,70,,1627602,20,,,1,30,,1627603,20,,,1,69,,1627604,20,,,1,30,,1627605,20,,,1,70,,1627606,20,,,1,30,,1627607,20,,,1,70,,1627608,20,,,1,31,,1627609,20,,,1,69,,1627610,20,,,1,33,,1627611,20,,,1,66,,1627612,20,,,1,30,,1627613,20,,,1,70,,1627614,20,,,1,33,,1627615,20,,,1,69,,1627616,20,,,1,30,,1627617,20,,,1,69,,1627618,20,,,1,30,,1627619,20,,,1,70,,1627620,20,,,1,101,,1627621,20,,,1,100,,1627622,20,,,1,100,,1627623,20,,,1,100,,1627624,20,,,1
1103,'20261012',613,,1627625,20,,,1,100,,1627626,20,,,1,100,,1627627,20,,,1,30,,1627628,20,,,1,70,,1627629,20,,,1,30,,1627630,20,,,1,70,,1627631,20,,,1,30,,1627632,20,,,1,70,,1627633,20,,,1,30,,1627634,20,,,1,69,,1627635,20,,,1,30,,1627636,20,,,1,70,,1627637,20,,,1,30,,1627638,20,,,1,70,,1627639,20,,,1,31,,1627640,20,,,1,69,,1627641,20,,,1,33,,1627642,20,,,1,66,,1627643,20,,,1,30,,1627644,20,,,1,70,,1627645,20,,,1,33,,1627646,20,,,1,69,,1627647,20,,,1,30,,1627648,20,,,1,69,,1627649,20,,,1,30,,1627650,20,,,1,70,,1627651,20,,,1,101,,1627652,20,,,1,100,,1627653,20,,,1,100,,1627654,20,,,1,100,,1627655,20,,,1
1103,'20261013',614,,1565095,20,,,1,30,,1565094,20,,,1,70,,1565096,20,,,1,18,,1565129,20,,,1,17,,1565097,20,,,1,56,,1565093,20,,,1,14,,1565098,20,,,1,27,,1565099,20,,,1,67,,1565100,20,,,1,28,,1565101,20,,,1,70,,1565102,20,,,1,30,,1565108,20,,,1,70,,1565103,20,,,1,31,,1565104,20,,,1,70,,1565105,20,,,1,30,,1565106,20,,,1,70,,1565107,20,,,1,30,,1565109,20,,,1,71,,1565115,20,,,1,31,,1565118,20,,,1,71,,1565123,20,,,1,6,,1565121,20,,,1,4,,1565114,20,,,1,8,,1565130,20,,,1,5,,1565133,20,,,1,15,,1565113,20,,,1,56,,1565120,20,,,1,16,,1565131,20,,,1,16,,1565112,20,,,1,15,,1565132,20,,,1,54,,1565124,20,,,1,31,,1565125,20,,,1,68,,1565110,20,,,1,29,,1565111,20,,,1,70,,1565116,20,,,1,30,,1565119,20,,,1,71,,1565126,20,,,1,100,,1565128,20,,,1,100,,1565122,20,,,1,100,,1565127,20,,,1,99,,1565117,20,,,1
1103,'20261014',614,,1565136,20,,,1,30,,1565135,20,,,1,70,,1565137,20,,,1,18,,1565170,20,,,1,17,,1565138,20,,,1,56,,1565134,20,,,1,14,,1565139,20,,,1,27,,1565140,20,,,1,67,,1565141,20,,,1,28,,1565142,20,,,1,70,,1565143,20,,,1,30,,1565149,20,,,1,70,,1565144,20,,,1,31,,1565145,20,,,1,70,,1565146,20,,,1,30,,1565147,20,,,1,70,,1565148,20,,,1,30,,1565150,20,,,1,71,,1565156,20,,,1,31,,1565159,20,,,1,71,,1565164,20,,,1,6,,1565162,20,,,1,4,,1565155,20,,,1,8,,1565171,20,,,1,5,,1565174,20,,,1,15,,1565154,20,,,1,56,,1565161,20,,,1,16,,1565172,20,,,1,16,,1565153,20,,,1,15,,1565173,20,,,1,54,,1565165,20,,,1,31,,1565166,20,,,1,68,,1565151,20,,,1,29,,1565152,20,,,1,70,,1565157,20,,,1,30,,1565160,20,,,1,71,,1565167,20,,,1,100,,1565169,20,,,1,100,,1565163,20,,,1,100,,1565168,20,,,1,99,,1565158,20,,,1
1103,'20261015',614,,1565177,20,,,1,30,,1565176,20,,,1,70,,1565178,20,,,1,18,,1565211,20,,,1,17,,1565179,20,,,1,56,,1565175,20,,,1,14,,1565180,20,,,1,27,,1565181,20,,,1,67,,1565182,20,,,1,28,,1565183,20,,,1,70,,1565184,20,,,1,30,,1565190,20,,,1,70,,1565185,20,,,1,31,,1565186,20,,,1,70,,1565187,20,,,1,30,,1565188,20,,,1,70,,1565189,20,,,1,30,,1565191,20,,,1,71,,1565197,20,,,1,31,,1565200,20,,,1,71,,1565205,20,,,1,6,,1565203,20,,,1,4,,1565196,20,,,1,8,,1565212,20,,,1,5,,1565215,20,,,1,15,,1565195,20,,,1,56,,1565202,20,,,1,16,,1565213,20,,,1,16,,1565194,20,,,1,15,,1565214,20,,,1,54,,1565206,20,,,1,31,,1565207,20,,,1,68,,1565192,20,,,1,29,,1565193,20,,,1,70,,1565198,20,,,1,30,,1565201,20,,,1,71,,1565208,20,,,1,100,,1565210,20,,,1,100,,1565204,20,,,1,100,,1565209,20,,,1,99,,1565199,20,,,1
1103,'20261016',614,,1565218,20,,,1,30,,1565217,20,,,1,70,,1565219,20,,,1,18,,1565252,20,,,1,17,,1565220,20,,,1,56,,1565216,20,,,1,14,,1565221,20,,,1,27,,1565222,20,,,1,67,,1565223,20,,,1,28,,1565224,20,,,1,70,,1565225,20,,,1,30,,1565231,20,,,1,70,,1565226,20,,,1,31,,1565227,20,,,1,70,,1565228,20,,,1,30,,1565229,20,,,1,70,,1565230,20,,,1,30,,1565232,20,,,1,71,,1565238,20,,,1,31,,1565241,20,,,1,71,,1565246,20,,,1,6,,1565244,20,,,1,4,,1565237,20,,,1,8,,1565253,20,,,1,5,,1565256,20,,,1,15,,1565236,20,,,1,56,,1565243,20,,,1,16,,1565254,20,,,1,16,,1565235,20,,,1,15,,1565255,20,,,1,54,,1565247,20,,,1,31,,1565248,20,,,1,68,,1565233,20,,,1,29,,1565234,20,,,1,70,,1565239,20,,,1,30,,1565242,20,,,1,71,,1565249,20,,,1,100,,1565251,20,,,1,100,,1565245,20,,,1,100,,1565250,20,,,1,99,,1565240,20,,,1
1103,'20261017',613,,1596843,20,,,1,100,,1596842,20,,,1,100,,1596818,20,,,1,30,,1596819,20,,,1,70,,1596820,20,,,1,30,,1596821,20,,,1,70,,1596822,20,,,1,30,,1596823,20,,,1,70,,1596824,20,,,1,30,,1596825,20,,,1,69,,1596826,20,,,1,30,,1596827,20,,,1,70,,1596828,20,,,1,30,,1596829,20,,,1,70,,1596830,20,,,1,31,,1596831,20,,,1,69,,1596832,20,,,1,33,,1596833,20,,,1,66,,1596834,20,,,1,30,,1596835,20,,,1,70,,1596836,20,,,1,33,,1596837,20,,,1,69,,1596838,20,,,1,30,,1596839,20,,,1,69,,1596844,20,,,1,30,,1596840,20,,,1,70,,1596845,20,,,1,101,,1596846,20,,,1,100,,1596847,20,,,1,100,,1596848,20,,,1,100,,1596841,20,,,1
1103,'20261018',613,,1596878,20,,,1,100,,1596849,20,,,1,100,,1596850,20,,,1,30,,1596851,20,,,1,70,,1596852,20,,,1,30,,1596853,20,,,1,70,,1596854,20,,,1,30,,1596856,20,,,1,70,,1596857,20,,,1,30,,1596858,20,,,1,69,,1596855,20,,,1,30,,1596859,20,,,1,70,,1596860,20,,,1,30,,1596861,20,,,1,70,,1596862,20,,,1,31,,1596863,20,,,1,69,,1596864,20,,,1,33,,1596865,20,,,1,66,,1596866,20,,,1,30,,1596867,20,,,1,70,,1596868,20,,,1,33,,1596869,20,,,1,69,,1596870,20,,,1,30,,1596871,20,,,1,69,,1596872,20,,,1,30,,1596879,20,,,1,70,,1596873,20,,,1,101,,1596874,20,,,1,100,,1596875,20,,,1,100,,1596876,20,,,1,100,,1596877,20,,,1
1103,'20261019',614,,1596882,20,,,1,30,,1596881,20,,,1,70,,1596883,20,,,1,18,,1596916,20,,,1,17,,1596884,20,,,1,56,,1596880,20,,,1,14,,1596885,20,,,1,27,,1596886,20,,,1,67,,1596887,20,,,1,28,,1596888,20,,,1,70,,1596889,20,,,1,30,,1596895,20,,,1,70,,1596890,20,,,1,31,,1596891,20,,,1,70,,1596892,20,,,1,30,,1596893,20,,,1,70,,1596894,20,,,1,30,,1596896,20,,,1,71,,1596902,20,,,1,31,,1596905,20,,,1,71,,1596910,20,,,1,6,,1596908,20,,,1,4,,1596901,20,,,1,8,,1596917,20,,,1,5,,1596920,20,,,1,15,,1596900,20,,,1,56,,1596907,20,,,1,16,,1596918,20,,,1,16,,1596899,20,,,1,15,,1596919,20,,,1,54,,1596911,20,,,1,31,,1596912,20,,,1,68,,1596897,20,,,1,29,,1596898,20,,,1,70,,1596903,20,,,1,30,,1596906,20,,,1,71,,1596913,20,,,1,100,,1596915,20,,,1,100,,1596909,20,,,1,100,,1596914,20,,,1,99,,1596904,20,,,1
1103,'20261020',614,,1596923,20,,,1,30,,1596922,20,,,1,70,,1596924,20,,,1,18,,1596957,20,,,1,17,,1596925,20,,,1,56,,1596921,20,,,1,14,,1596926,20,,,1,27,,1596927,20,,,1,67,,1596928,20,,,1,28,,1596929,20,,,1,70,,1596930,20,,,1,30,,1596936,20,,,1,70,,1596931,20,,,1,31,,1596932,20,,,1,70,,1596933,20,,,1,30,,1596934,20,,,1,70,,1596935,20,,,1,30,,1596937,20,,,1,71,,1596943,20,,,1,31,,1596946,20,,,1,71,,1596951,20,,,1,6,,1596949,20,,,1,4,,1596942,20,,,1,8,,1596958,20,,,1,5,,1596961,20,,,1,15,,1596941,20,,,1,56,,1596948,20,,,1,16,,1596959,20,,,1,16,,1596940,20,,,1,15,,1596960,20,,,1,54,,1596952,20,,,1,31,,1596953,20,,,1,68,,1596938,20,,,1,29,,1596939,20,,,1,70,,1596944,20,,,1,30,,1596947,20,,,1,71,,1596954,20,,,1,100,,1596956,20,,,1,100,,1596950,20,,,1,100,,1596955,20,,,1,99,,1596945,20,,,1
1103,'20261021',614,,1627658,20,,,1,30,,1627657,20,,,1,70,,1627659,20,,,1,18,,1627692,20,,,1,17,,1627660,20,,,1,56,,1627656,20,,,1,14,,1627661,20,,,1,27,,1627662,20,,,1,67,,1627663,20,,,1,28,,1627664,20,,,1,70,,1627665,20,,,1,30,,1627671,20,,,1,70,,1627666,20,,,1,31,,1627667,20,,,1,70,,1627668,20,,,1,30,,1627669,20,,,1,70,,1627670,20,,,1,30,,1627672,20,,,1,71,,1627678,20,,,1,31,,1627681,20,,,1,71,,1627686,20,,,1,6,,1627684,20,,,1,4,,1627677,20,,,1,8,,1627693,20,,,1,5,,1627696,20,,,1,15,,1627676,20,,,1,56,,1627683,20,,,1,16,,1627694,20,,,1,16,,1627675,20,,,1,15,,1627695,20,,,1,54,,1627687,20,,,1,31,,1627688,20,,,1,68,,1627673,20,,,1,29,,1627674,20,,,1,70,,1627679,20,,,1,30,,1627682,20,,,1,71,,1627689,20,,,1,100,,1627691,20,,,1,100,,1627685,20,,,1,100,,1627690,20,,,1,99,,1627680,20,,,1
1103,'20261022',614,,1627699,20,,,1,30,,1627698,20,,,1,70,,1627700,20,,,1,18,,1627733,20,,,1,17,,1627701,20,,,1,56,,1627697,20,,,1,14,,1627702,20,,,1,27,,1627703,20,,,1,67,,1627704,20,,,1,28,,1627705,20,,,1,70,,1627706,20,,,1,30,,1627712,20,,,1,70,,1627707,20,,,1,31,,1627708,20,,,1,70,,1627709,20,,,1,30,,1627710,20,,,1,70,,1627711,20,,,1,30,,1627713,20,,,1,71,,1627719,20,,,1,31,,1627722,20,,,1,71,,1627727,20,,,1,6,,1627725,20,,,1,4,,1627718,20,,,1,8,,1627734,20,,,1,5,,1627737,20,,,1,15,,1627717,20,,,1,56,,1627724,20,,,1,16,,1627735,20,,,1,16,,1627716,20,,,1,15,,1627736,20,,,1,54,,1627728,20,,,1,31,,1627729,20,,,1,68,,1627714,20,,,1,29,,1627715,20,,,1,70,,1627720,20,,,1,30,,1627723,20,,,1,71,,1627730,20,,,1,100,,1627732,20,,,1,100,,1627726,20,,,1,100,,1627731,20,,,1,99,,1627721,20,,,1
1103,'20261023',614,,1627740,20,,,1,30,,1627739,20,,,1,70,,1627741,20,,,1,18,,1627774,20,,,1,17,,1627742,20,,,1,56,,1627738,20,,,1,14,,1627743,20,,,1,27,,1627744,20,,,1,67,,1627745,20,,,1,28,,1627746,20,,,1,70,,1627747,20,,,1,30,,1627753,20,,,1,70,,1627748,20,,,1,31,,1627749,20,,,1,70,,1627750,20,,,1,30,,1627751,20,,,1,70,,1627752,20,,,1,30,,1627754,20,,,1,71,,1627760,20,,,1,31,,1627763,20,,,1,71,,1627768,20,,,1,6,,1627766,20,,,1,4,,1627759,20,,,1,8,,1627775,20,,,1,5,,1627778,20,,,1,15,,1627758,20,,,1,56,,1627765,20,,,1,16,,1627776,20,,,1,16,,1627757,20,,,1,15,,1627777,20,,,1,54,,1627769,20,,,1,31,,1627770,20,,,1,68,,1627755,20,,,1,29,,1627756,20,,,1,70,,1627761,20,,,1,30,,1627764,20,,,1,71,,1627771,20,,,1,100,,1627773,20,,,1,100,,1627767,20,,,1,100,,1627772,20,,,1,99,,1627762,20,,,1
1603,'20261009',652,,1597795,7,,,0,199,,1597798,7,,,0,100,,1597799,7,,,0,100,,1597800,7,,,0,100,,1597801,7,,,0,100,,1597802,7,,,0,101,,1597803,7,,,0,100,,1597804,7,,,0,101,,1597805,7,,,0,69,,1597806,7,,,0,125,,1597809,7,,,0,69,,1597810,7,,,0,88,,1597811,7,,,0,100,,1597812,7,,,0,100,,1597813,7,,,0
1603,'20261010',1015,,1628295,7,,,0,203,,1628296,7,,,0,199,,1628297,7,,,0,305,,1628298,7,,,0
1603,'20261011',1015,,1628299,7,,,0,203,,1628300,7,,,0,199,,1628301,7,,,0,305,,1628302,7,,,0
1603,'20261012',1015,,1628303,7,,,0,203,,1628304,7,,,0,199,,1628305,7,,,0,305,,1628306,7,,,0
1603,'20261013',652,,1566075,7,,,0,199,,1566076,7,,,0,100,,1566077,7,,,0,100,,1566078,7,,,0,100,,1566079,7,,,0,100,,1566080,7,,,0,101,,1566081,7,,,0,100,,1566082,7,,,0,101,,1566083,7,,,0,69,,1566089,7,,,0,125,,1566088,7,,,0,69,,1566084,7,,,0,88,,1566085,7,,,0,100,,1566086,7,,,0,100,,1566087,7,,,0
1603,'20261014',652,,1566094,7,,,0,199,,1566095,7,,,0,100,,1566096,7,,,0,100,,1566097,7,,,0,100,,1566098,7,,,0,100,,1566099,7,,,0,101,,1566100,7,,,0,100,,1566101,7,,,0,101,,1566102,7,,,0,69,,1566108,7,,,0,125,,1566107,7,,,0,69,,1566103,7,,,0,88,,1566104,7,,,0,100,,1566105,7,,,0,100,,1566106,7,,,0
1603,'20261015',652,,1566113,7,,,0,199,,1566114,7,,,0,100,,1566115,7,,,0,100,,1566116,7,,,0,100,,1566117,7,,,0,100,,1566118,7,,,0,101,,1566119,7,,,0,100,,1566120,7,,,0,101,,1566121,7,,,0,69,,1566127,7,,,0,125,,1566126,7,,,0,69,,1566122,7,,,0,88,,1566123,7,,,0,100,,1566124,7,,,0,100,,1566125,7,,,0
1603,'20261016',652,,1566132,7,,,0,199,,1566133,7,,,0,100,,1566134,7,,,0,100,,1566135,7,,,0,100,,1566136,7,,,0,100,,1566137,7,,,0,101,,1566138,7,,,0,100,,1566139,7,,,0,101,,1566140,7,,,0,69,,1566146,7,,,0,125,,1566145,7,,,0,69,,1566141,7,,,0,88,,1566142,7,,,0,100,,1566143,7,,,0,100,,1566144,7,,,0
1603,'20261017',1015,,1597817,7,,,0,203,,1597814,7,,,0,199,,1597815,7,,,0,305,,1597816,7,,,0
1603,'20261018',1015,,1597821,7,,,0,203,,1597818,7,,,0,199,,1597819,7,,,0,305,,1597820,7,,,0
1603,'20261019',652,,1597826,7,,,0,199,,1597827,7,,,0,100,,1597828,7,,,0,100,,1597829,7,,,0,100,,1597830,7,,,0,100,,1597831,7,,,0,101,,1597832,7,,,0,100,,1597833,7,,,0,101,,1597834,7,,,0,69,,1597840,7,,,0,125,,1597839,7,,,0,69,,1597835,7,,,0,88,,1597836,7,,,0,100,,1597837,7,,,0,100,,1597838,7,,,0
1603,'20261020',652,,1597845,7,,,0,199,,1597846,7,,,0,100,,1597847,7,,,0,100,,1597848,7,,,0,100,,1597849,7,,,0,100,,1597850,7,,,0,101,,1597851,7,,,0,100,,1597852,7,,,0,101,,1597853,7,,,0,69,,1597859,7,,,0,125,,1597858,7,,,0,69,,1597854,7,,,0,88,,1597855,7,,,0,100,,1597856,7,,,0,100,,1597857,7,,,0
1603,'20261021',652,,1628311,7,,,0,199,,1628312,7,,,0,100,,1628313,7,,,0,100,,1628314,7,,,0,100,,1628315,7,,,0,100,,1628316,7,,,0,101,,1628317,7,,,0,100,,1628318,7,,,0,101,,1628319,7,,,0,69,,1628325,7,,,0,125,,1628324,7,,,0,69,,1628320,7,,,0,88,,1628321,7,,,0,100,,1628322,7,,,0,100,,1628323,7,,,0
1603,'20261022',652,,1628330,7,,,0,199,,1628331,7,,,0,100,,1628332,7,,,0,100,,1628333,7,,,0,100,,1628334,7,,,0,100,,1628335,7,,,0,101,,1628336,7,,,0,100,,1628337,7,,,0,101,,1628338,7,,,0,69,,1628344,7,,,0,125,,1628343,7,,,0,69,,1628339,7,,,0,88,,1628340,7,,,0,100,,1628341,7,,,0,100,,1628342,7,,,0
1603,'20261023',652,,1628349,7,,,0,199,,1628350,7,,,0,100,,1628351,7,,,0,100,,1628352,7,,,0,100,,1628353,7,,,0,100,,1628354,7,,,0,101,,1628355,7,,,0,100,,1628356,7,,,0,101,,1628357,7,,,0,69,,1628363,7,,,0,125,,1628362,7,,,0,69,,1628358,7,,,0,88,,1628359,7,,,0,100,,1628360,7,,,0,100,,1628361,7,,,0
92503,'20261009',2547,,1625316,20,,,0,170,,1625317,20,,,0
92503,'20261010',2547,,1646877,20,,,0,170,,1646878,20,,,0
92503,'20261016',2547,,1593500,20,,,0,170,,1593501,20,,,0
92503,'20261017',2547,,1625319,20,,,0,170,,1625318,20,,,0
92503,'20261023',2547,,1646879,20,,,0,170,,1646880,20,,,0
