3900,'20261006',739,,1600762,32,,,0,100,,1600763,32,,,0,69,,1600764,32,,,0,30,,1600765,32,,,0,100,,1600766,32,,,0,101,,1600767,32,,,0,100,,1600768,32,,,0,100,,1600769,32,,,0,100,,1600770,32,,,0,100,,1600771,32,,,0,70,,1600772,32,,,0,30,,1600773,32,,,0,70,,1600774,32,,,0,30,,1600775,32,,,0,70,,1600776,32,,,0,30,,1600777,32,,,0,99,,1600778,32,,,0,100,,1600779,32,,,0,100,,1600780,32,,,0,100,,1600781,32,,,0,100,,1600782,32,,,0,100,,1600783,32,,,0
3900,'20261007',739,,1600784,32,,,0,100,,1600785,32,,,0,69,,1600786,32,,,0,30,,1600787,32,,,0,100,,1600788,32,,,0,101,,1600789,32,,,0,100,,1600790,32,,,0,100,,1600791,32,,,0,100,,1600792,32,,,0,100,,1600793,32,,,0,70,,1600794,32,,,0,30,,1600795,32,,,0,70,,1600796,32,,,0,30,,1600797,32,,,0,70,,1600798,32,,,0,30,,1600799,32,,,0,99,,1600800,32,,,0,100,,1600801,32,,,0,100,,1600802,32,,,0,100,,1600803,32,,,0,100,,1600804,32,,,0,100,,1600805,32,,,0
3900,'20261008',739,,1600806,32,,,0,100,,1600807,32,,,0,69,,1600808,32,,,0,30,,1600809,32,,,0,100,,1600810,32,,,0,101,,1600811,32,,,0,100,,1600812,32,,,0,100,,1600813,32,,,0,100,,1600814,32,,,0,100,,1600815,32,,,0,70,,1600816,32,,,0,30,,1600817,32,,,0,70,,1600818,32,,,0,30,,1600819,32,,,0,70,,1600820,32,,,0,30,,1600821,32,,,0,99,,1600822,32,,,0,100,,1600823,32,,,0,100,,1600824,32,,,0,100,,1600825,32,,,0,100,,1600826,32,,,0,100,,1600827,32,,,0
3900,'20261009',739,,1600828,32,,,0,100,,1600829,32,,,0,69,,1600830,32,,,0,30,,1600831,32,,,0,100,,1600832,32,,,0,101,,1600833,32,,,0,100,,1600834,32,,,0,100,,1600835,32,,,0,100,,1600836,32,,,0,100,,1600837,32,,,0,70,,1600838,32,,,0,30,,1600839,32,,,0,70,,1600840,32,,,0,30,,1600841,32,,,0,70,,1600842,32,,,0,30,,1600843,32,,,0,99,,1600844,32,,,0,100,,1600845,32,,,0,100,,1600846,32,,,0,100,,1600847,32,,,0,100,,1600848,32,,,0,100,,1600849,32,,,0
3900,'20261010',738,,1545242,32,,,0,100,,1545245,32,,,0,100,,1545231,32,,,0,100,,1545246,32,,,0,100,,1545232,32,,,0,100,,1545233,32,,,0,101,,1545234,32,,,0,100,,1545235,32,,,0,100,,1545236,32,,,0,100,,1545237,32,,,0,99,,1545238,32,,,0,100,,1545239,32,,,0,100,,1545243,32,,,0,100,,1545240,32,,,0,100,,1545244,32,,,0,100,,1545241,32,,,0,99,,1545248,32,,,0,100,,1545247,32,,,0
3900,'20261011',738,,1545261,32,,,0,100,,1545263,32,,,0,100,,1545262,32,,,0,100,,1545264,32,,,0,100,,1545258,32,,,0,100,,1545249,32,,,0,101,,1545250,32,,,0,100,,1545251,32,,,0,100,,1545252,32,,,0,100,,1545253,32,,,0,99,,1545254,32,,,0,100,,1545255,32,,,0,100,,1545259,32,,,0,100,,1545256,32,,,0,100,,1545260,32,,,0,100,,1545257,32,,,0,99,,1545266,32,,,0,100,,1545265,32,,,0
3900,'20261012',738,,1545279,32,,,0,100,,1545281,32,,,0,100,,1545280,32,,,0,100,,1545282,32,,,0,100,,1545276,32,,,0,100,,1545267,32,,,0,101,,1545268,32,,,0,100,,1545269,32,,,0,100,,1545270,32,,,0,100,,1545271,32,,,0,99,,1545272,32,,,0,100,,1545273,32,,,0,100,,1545277,32,,,0,100,,1545274,32,,,0,100,,1545278,32,,,0,100,,1545275,32,,,0,99,,1545284,32,,,0,100,,1545283,32,,,0
3900,'20261013',739,,1569146,32,,,0,100,,1569127,32,,,0,69,,1569148,32,,,0,30,,1569128,32,,,0,100,,1569129,32,,,0,101,,1569130,32,,,0,100,,1569131,32,,,0,100,,1569132,32,,,0,100,,1569133,32,,,0,100,,1569134,32,,,0,70,,1569135,32,,,0,30,,1569136,32,,,0,70,,1569137,32,,,0,30,,1569138,32,,,0,70,,1569139,32,,,0,30,,1569140,32,,,0,99,,1569141,32,,,0,100,,1569142,32,,,0,100,,1569143,32,,,0,100,,1569147,32,,,0,100,,1569144,32,,,0,100,,1569145,32,,,0
3900,'20261014',739,,1569168,32,,,0,100,,1569149,32,,,0,69,,1569170,32,,,0,30,,1569150,32,,,0,100,,1569151,32,,,0,101,,1569152,32,,,0,100,,1569153,32,,,0,100,,1569154,32,,,0,100,,1569155,32,,,0,100,,1569156,32,,,0,70,,1569157,32,,,0,30,,1569158,32,,,0,70,,1569159,32,,,0,30,,1569160,32,,,0,70,,1569161,32,,,0,30,,1569162,32,,,0,99,,1569163,32,,,0,100,,1569164,32,,,0,100,,1569165,32,,,0,100,,1569169,32,,,0,100,,1569166,32,,,0,100,,1569167,32,,,0
3900,'20261015',739,,1569190,32,,,0,100,,1569171,32,,,0,69,,1569192,32,,,0,30,,1569172,32,,,0,100,,1569173,32,,,0,101,,1569174,32,,,0,100,,1569175,32,,,0,100,,1569176,32,,,0,100,,1569177,32,,,0,100,,1569178,32,,,0,70,,1569179,32,,,0,30,,1569180,32,,,0,70,,1569181,32,,,0,30,,1569182,32,,,0,70,,1569183,32,,,0,30,,1569184,32,,,0,99,,1569185,32,,,0,100,,1569186,32,,,0,100,,1569187,32,,,0,100,,1569191,32,,,0,100,,1569188,32,,,0,100,,1569189,32,,,0
3900,'20261016',739,,1569212,32,,,0,100,,1569193,32,,,0,69,,1569214,32,,,0,30,,1569194,32,,,0,100,,1569195,32,,,0,101,,1569196,32,,,0,100,,1569197,32,,,0,100,,1569198,32,,,0,100,,1569199,32,,,0,100,,1569200,32,,,0,70,,1569201,32,,,0,30,,1569202,32,,,0,70,,1569203,32,,,0,30,,1569204,32,,,0,70,,1569205,32,,,0,30,,1569206,32,,,0,99,,1569207,32,,,0,100,,1569208,32,,,0,100,,1569209,32,,,0,100,,1569213,32,,,0,100,,1569210,32,,,0,100,,1569211,32,,,0
3900,'20261017',738,,1600861,32,,,0,100,,1600864,32,,,0,100,,1600850,32,,,0,100,,1600865,32,,,0,100,,1600851,32,,,0,100,,1600852,32,,,0,101,,1600853,32,,,0,100,,1600854,32,,,0,100,,1600855,32,,,0,100,,1600856,32,,,0,99,,1600857,32,,,0,100,,1600858,32,,,0,100,,1600862,32,,,0,100,,1600859,32,,,0,100,,1600863,32,,,0,100,,1600860,32,,,0,99,,1600867,32,,,0,100,,1600866,32,,,0
3900,'20261018',738,,1600880,32,,,0,100,,1600882,32,,,0,100,,1600881,32,,,0,100,,1600883,32,,,0,100,,1600877,32,,,0,100,,1600868,32,,,0,101,,1600869,32,,,0,100,,1600870,32,,,0,100,,1600871,32,,,0,100,,1600872,32,,,0,99,,1600873,32,,,0,100,,1600874,32,,,0,100,,1600878,32,,,0,100,,1600875,32,,,0,100,,1600879,32,,,0,100,,1600876,32,,,0,99,,1600885,32,,,0,100,,1600884,32,,,0
3900,'20261019',739,,1600905,32,,,0,100,,1600886,32,,,0,69,,1600907,32,,,0,30,,1600887,32,,,0,100,,1600888,32,,,0,101,,1600889,32,,,0,100,,1600890,32,,,0,100,,1600891,32,,,0,100,,1600892,32,,,0,100,,1600893,32,,,0,70,,1600894,32,,,0,30,,1600895,32,,,0,70,,1600896,32,,,0,30,,1600897,32,,,0,70,,1600898,32,,,0,30,,1600899,32,,,0,99,,1600900,32,,,0,100,,1600901,32,,,0,100,,1600902,32,,,0,100,,1600906,32,,,0,100,,1600903,32,,,0,100,,1600904,32,,,0
3900,'20261020',739,,1600927,32,,,0,100,,1600908,32,,,0,69,,1600929,32,,,0,30,,1600909,32,,,0,100,,1600910,32,,,0,101,,1600911,32,,,0,100,,1600912,32,,,0,100,,1600913,32,,,0,100,,1600914,32,,,0,100,,1600915,32,,,0,70,,1600916,32,,,0,30,,1600917,32,,,0,70,,1600918,32,,,0,30,,1600919,32,,,0,70,,1600920,32,,,0,30,,1600921,32,,,0,99,,1600922,32,,,0,100,,1600923,32,,,0,100,,1600924,32,,,0,100,,1600928,32,,,0,100,,1600925,32,,,0,100,,1600926,32,,,0
33000,'20261006',1252,,1612998,28,4,,0,306,,1612999,28,4,,0,142,,1613000,28,4,,0,100,,1613001,28,4,,0,50,,1613002,28,4,,0,50,,1613003,28,4,,0
33000,'20261007',1252,,1613004,28,4,,0,306,,1613005,28,4,,0,142,,1613006,28,4,,0,100,,1613007,28,4,,0,50,,1613008,28,4,,0,50,,1613009,28,4,,0
33000,'20261008',1252,,1613010,28,4,,0,306,,1613011,28,4,,0,142,,1613012,28,4,,0,100,,1613013,28,4,,0,50,,1613014,28,4,,0,50,,1613015,28,4,,0
33000,'20261009',1252,,1613016,28,4,,0,306,,1613017,28,4,,0,142,,1613018,28,4,,0,100,,1613019,28,4,,0,50,,1613020,28,4,,0,50,,1613021,28,4,,0
33000,'20261013',1252,,1581266,28,4,,0,306,,1581267,28,4,,0,142,,1581263,28,4,,0,100,,1581264,28,4,,0,50,,1581265,28,4,,0,50,,1581268,28,4,,0
33000,'20261014',1252,,1581272,28,4,,0,306,,1581273,28,4,,0,142,,1581269,28,4,,0,100,,1581270,28,4,,0,50,,1581271,28,4,,0,50,,1581274,28,4,,0
33000,'20261015',1252,,1581278,28,4,,0,306,,1581279,28,4,,0,142,,1581275,28,4,,0,100,,1581276,28,4,,0,50,,1581277,28,4,,0,50,,1581280,28,4,,0
33000,'20261016',1252,,1581284,28,4,,0,306,,1581285,28,4,,0,142,,1581281,28,4,,0,100,,1581282,28,4,,0,50,,1581283,28,4,,0,50,,1581286,28,4,,0
33000,'20261019',1252,,1613025,28,4,,0,306,,1613026,28,4,,0,142,,1613022,28,4,,0,100,,1613023,28,4,,0,50,,1613024,28,4,,0,50,,1613027,28,4,,0
33000,'20261020',1252,,1613031,28,4,,0,306,,1613032,28,4,,0,142,,1613028,28,4,,0,100,,1613029,28,4,,0,50,,1613030,28,4,,0,50,,1613033,28,4,,0
53000,'20261006',1253,,1613862,26,4,,0,200,,1613863,26,4,,0,105,,1613864,26,4,,0,52,,1613865,26,4,,0,17,,1613866,26,4,,0,74,,1613867,26,4,,0,30,,1613868,26,4,,0,69,,1613869,26,4,,0,107,,1613870,26,4,,0
53000,'20261007',1253,,1613871,26,4,,0,200,,1613872,26,4,,0,105,,1613873,26,4,,0,52,,1613874,26,4,,0,17,,1613875,26,4,,0,74,,1613876,26,4,,0,30,,1613877,26,4,,0,69,,1613878,26,4,,0,107,,1613879,26,4,,0
53000,'20261008',1253,,1613880,26,4,,0,200,,1613881,26,4,,0,105,,1613882,26,4,,0,52,,1613883,26,4,,0,17,,1613884,26,4,,0,74,,1613885,26,4,,0,30,,1613886,26,4,,0,69,,1613887,26,4,,0,107,,1613888,26,4,,0
53000,'20261009',1253,,1613889,26,4,,0,200,,1613890,26,4,,0,105,,1613891,26,4,,0,52,,1613892,26,4,,0,17,,1613893,26,4,,0,74,,1613894,26,4,,0,30,,1613895,26,4,,0,69,,1613896,26,4,,0,107,,1613897,26,4,,0
53000,'20261013',1253,,1582128,26,4,,0,200,,1582129,26,4,,0,105,,1582131,26,4,,0,52,,1582130,26,4,,0,17,,1582127,26,4,,0,74,,1582124,26,4,,0,30,,1582125,26,4,,0,69,,1582126,26,4,,0,107,,1582132,26,4,,0
53000,'20261014',1253,,1582137,26,4,,0,200,,1582138,26,4,,0,105,,1582140,26,4,,0,52,,1582139,26,4,,0,17,,1582136,26,4,,0,74,,1582133,26,4,,0,30,,1582134,26,4,,0,69,,1582135,26,4,,0,107,,1582141,26,4,,0
53000,'20261015',1253,,1582146,26,4,,0,200,,1582147,26,4,,0,105,,1582149,26,4,,0,52,,1582148,26,4,,0,17,,1582145,26,4,,0,74,,1582142,26,4,,0,30,,1582143,26,4,,0,69,,1582144,26,4,,0,107,,1582150,26,4,,0
53000,'20261016',1253,,1582155,26,4,,0,200,,1582156,26,4,,0,105,,1582158,26,4,,0,52,,1582157,26,4,,0,17,,1582154,26,4,,0,74,,1582151,26,4,,0,30,,1582152,26,4,,0,69,,1582153,26,4,,0,107,,1582159,26,4,,0
53000,'20261019',1253,,1613902,26,4,,0,200,,1613903,26,4,,0,105,,1613905,26,4,,0,52,,1613904,26,4,,0,17,,1613901,26,4,,0,74,,1613898,26,4,,0,30,,1613899,26,4,,0,69,,1613900,26,4,,0,107,,1613906,26,4,,0
53000,'20261020',1253,,1613911,26,4,,0,200,,1613912,26,4,,0,105,,1613914,26,4,,0,52,,1613913,26,4,,0,17,,1613910,26,4,,0,74,,1613907,26,4,,0,30,,1613908,26,4,,0,69,,1613909,26,4,,0,107,,1613915,26,4,,0
