7401,'20260929',609,,1549097,42,,,1,99,,1549098,42,,,1,99,,1549099,42,,,1,102,,1549100,42,,,1,100,,1549101,42,,,1,100,,1549102,42,,,1,100,,1549103,42,,,1,100,,1549104,42,,,1,100,,1549105,42,,,1,100,,1549106,42,,,1,30,,1549095,14,,,1,68,,1549107,42,,,1,30,,1549096,14,,,1,70,,1549108,42,,,1,101,,1549109,42,,,1,102,,1549110,42,,,1,100,,1549111,42,,,1,100,,1549112,42,,,1,100,,1549113,42,,,1,130,,1549114,42,,,1
7401,'20260930',609,,1549117,42,,,1,99,,1549118,42,,,1,99,,1549119,42,,,1,102,,1549120,42,,,1,100,,1549121,42,,,1,100,,1549122,42,,,1,100,,1549123,42,,,1,100,,1549124,42,,,1,100,,1549125,42,,,1,100,,1549126,42,,,1,30,,1549115,14,,,1,68,,1549127,42,,,1,30,,1549116,14,,,1,70,,1549128,42,,,1,101,,1549129,42,,,1,102,,1549130,42,,,1,100,,1549131,42,,,1,100,,1549132,42,,,1,100,,1549133,42,,,1,130,,1549134,42,,,1
7401,'20261001',609,,1549137,42,,,1,99,,1549138,42,,,1,99,,1549139,42,,,1,102,,1549140,42,,,1,100,,1549141,42,,,1,100,,1549142,42,,,1,100,,1549143,42,,,1,100,,1549144,42,,,1,100,,1549145,42,,,1,100,,1549146,42,,,1,30,,1549135,14,,,1,68,,1549147,42,,,1,30,,1549136,14,,,1,70,,1549148,42,,,1,101,,1549149,42,,,1,102,,1549150,42,,,1,100,,1549151,42,,,1,100,,1549152,42,,,1,100,,1549153,42,,,1,130,,1549154,42,,,1
7401,'20261002',609,,1471977,42,,,1,99,,1471978,42,,,1,99,,1471979,42,,,1,102,,1471980,42,,,1,100,,1471981,42,,,1,100,,1471982,42,,,1,100,,1471983,42,,,1,100,,1471984,42,,,1,100,,1471985,42,,,1,100,,1471986,42,,,1,30,,1471996,14,,,1,68,,1471992,42,,,1,30,,1471995,14,,,1,70,,1471987,42,,,1,101,,1471988,42,,,1,102,,1471994,42,,,1,100,,1471989,42,,,1,100,,1471993,42,,,1,100,,1471990,42,,,1,130,,1471991,42,,,1
7401,'20261003',710,,1495002,42,,,1,100,,1494988,42,,,1,100,,1494989,42,,,1,100,,1495003,42,,,1,99,,1494996,42,,,1,101,,1494997,42,,,1,100,,1494998,42,,,1,100,,1494999,42,,,1,100,,1495000,42,,,1,98,,1495001,42,,,1,100,,1494990,42,,,1,102,,1494994,42,,,1,100,,1494995,42,,,1,100,,1494991,42,,,1,99,,1494992,42,,,1,102,,1494993,42,,,1,130,,1495004,42,,,1
7401,'20261004',710,,1495005,42,,,1,100,,1495020,42,,,1,100,,1495006,42,,,1,100,,1495021,42,,,1,99,,1495008,42,,,1,101,,1495009,42,,,1,100,,1495010,42,,,1,100,,1495011,42,,,1,100,,1495012,42,,,1,98,,1495013,42,,,1,100,,1495014,42,,,1,102,,1495015,42,,,1,100,,1495016,42,,,1,100,,1495017,42,,,1,99,,1495018,42,,,1,102,,1495019,42,,,1,130,,1495007,42,,,1
7401,'20261005',609,,1495022,42,,,1,99,,1495023,42,,,1,99,,1495024,42,,,1,102,,1495025,42,,,1,100,,1495026,42,,,1,100,,1495027,42,,,1,100,,1495028,42,,,1,100,,1495029,42,,,1,100,,1495030,42,,,1,100,,1495031,42,,,1,30,,1495041,14,,,1,68,,1495037,42,,,1,30,,1495040,14,,,1,70,,1495032,42,,,1,101,,1495033,42,,,1,102,,1495039,42,,,1,100,,1495034,42,,,1,100,,1495038,42,,,1,100,,1495035,42,,,1,130,,1495036,42,,,1
7401,'20261006',609,,1521472,42,,,1,99,,1521473,42,,,1,99,,1521474,42,,,1,102,,1521475,42,,,1,100,,1521476,42,,,1,100,,1521477,42,,,1,100,,1521478,42,,,1,100,,1521479,42,,,1,100,,1521480,42,,,1,100,,1521481,42,,,1,30,,1521491,14,,,1,68,,1521487,42,,,1,30,,1521490,14,,,1,70,,1521482,42,,,1,101,,1521483,42,,,1,102,,1521489,42,,,1,100,,1521484,42,,,1,100,,1521488,42,,,1,100,,1521485,42,,,1,130,,1521486,42,,,1
7401,'20261007',609,,1521492,42,,,1,99,,1521493,42,,,1,99,,1521494,42,,,1,102,,1521495,42,,,1,100,,1521496,42,,,1,100,,1521497,42,,,1,100,,1521498,42,,,1,100,,1521499,42,,,1,100,,1521500,42,,,1,100,,1521501,42,,,1,30,,1521511,14,,,1,68,,1521507,42,,,1,30,,1521510,14,,,1,70,,1521502,42,,,1,101,,1521503,42,,,1,102,,1521509,42,,,1,100,,1521504,42,,,1,100,,1521508,42,,,1,100,,1521505,42,,,1,130,,1521506,42,,,1
7401,'20261008',609,,1521512,42,,,1,99,,1521513,42,,,1,99,,1521514,42,,,1,102,,1521515,42,,,1,100,,1521516,42,,,1,100,,1521517,42,,,1,100,,1521518,42,,,1,100,,1521519,42,,,1,100,,1521520,42,,,1,100,,1521521,42,,,1,30,,1521531,14,,,1,68,,1521527,42,,,1,30,,1521530,14,,,1,70,,1521522,42,,,1,101,,1521523,42,,,1,102,,1521529,42,,,1,100,,1521524,42,,,1,100,,1521528,42,,,1,100,,1521525,42,,,1,130,,1521526,42,,,1
7401,'20261009',609,,1521532,42,,,1,99,,1521533,42,,,1,99,,1521534,42,,,1,102,,1521535,42,,,1,100,,1521536,42,,,1,100,,1521537,42,,,1,100,,1521538,42,,,1,100,,1521539,42,,,1,100,,1521540,42,,,1,100,,1521541,42,,,1,30,,1521551,14,,,1,68,,1521547,42,,,1,30,,1521550,14,,,1,70,,1521542,42,,,1,101,,1521543,42,,,1,102,,1521549,42,,,1,100,,1521544,42,,,1,100,,1521548,42,,,1,100,,1521545,42,,,1,130,,1521546,42,,,1
7401,'20261010',710,,1549169,42,,,1,100,,1549155,42,,,1,100,,1549156,42,,,1,100,,1549170,42,,,1,99,,1549163,42,,,1,101,,1549164,42,,,1,100,,1549165,42,,,1,100,,1549166,42,,,1,100,,1549167,42,,,1,98,,1549168,42,,,1,100,,1549157,42,,,1,102,,1549161,42,,,1,100,,1549162,42,,,1,100,,1549158,42,,,1,99,,1549159,42,,,1,102,,1549160,42,,,1,130,,1549171,42,,,1
7401,'20261011',710,,1549172,42,,,1,100,,1549187,42,,,1,100,,1549173,42,,,1,100,,1549188,42,,,1,99,,1549175,42,,,1,101,,1549176,42,,,1,100,,1549177,42,,,1,100,,1549178,42,,,1,100,,1549179,42,,,1,98,,1549180,42,,,1,100,,1549181,42,,,1,102,,1549182,42,,,1,100,,1549183,42,,,1,100,,1549184,42,,,1,99,,1549185,42,,,1,102,,1549186,42,,,1,130,,1549174,42,,,1
7401,'20261012',710,,1549189,42,,,1,100,,1549204,42,,,1,100,,1549190,42,,,1,100,,1549205,42,,,1,99,,1549192,42,,,1,101,,1549193,42,,,1,100,,1549194,42,,,1,100,,1549195,42,,,1,100,,1549196,42,,,1,98,,1549197,42,,,1,100,,1549198,42,,,1,102,,1549199,42,,,1,100,,1549200,42,,,1,100,,1549201,42,,,1,99,,1549202,42,,,1,102,,1549203,42,,,1,130,,1549191,42,,,1
