5302,'20261002',716,,1570015,26,,,0,29,,1570016,26,,,0,72,,1570017,26,,,0,34,,1570018,26,,,0,79,,1570019,26,,,0,85,,1570020,26,,,0,100,,1570021,26,,,0,101,,1570022,26,,,0,100,,1570023,26,,,0,100,,1570024,26,,,0,86,,1570025,26,,,0,45,,1570026,26,,,0,65,,1570027,26,,,0,31,,1570028,26,,,0,76,,1570029,26,,,0,27,,1570030,26,,,0,69,,1570031,26,,,0,101,,1570032,26,,,0,99,,1570033,26,,,0,104,,1570034,26,,,0,104,,1570035,26,,,0,103,,1570036,26,,,0
5302,'20261003',718,,1570037,26,,,0,101,,1570038,26,,,0,101,,1570039,26,,,0,101,,1570040,26,,,0,98,,1570041,26,,,0,99,,1570042,26,,,0,100,,1570043,26,,,0,99,,1570044,26,,,0,97,,1570045,26,,,0,104,,1570046,26,,,0,96,,1570047,26,,,0,105,,1570048,26,,,0,99,,1570049,26,,,0,100,,1570050,26,,,0,99,,1570051,26,,,0,98,,1570052,26,,,0,106,,1570053,26,,,0
5302,'20261004',718,,1570054,26,,,0,101,,1570055,26,,,0,101,,1570056,26,,,0,101,,1570057,26,,,0,98,,1570058,26,,,0,99,,1570059,26,,,0,100,,1570060,26,,,0,99,,1570061,26,,,0,97,,1570062,26,,,0,104,,1570063,26,,,0,96,,1570064,26,,,0,105,,1570065,26,,,0,99,,1570066,26,,,0,100,,1570067,26,,,0,99,,1570068,26,,,0,98,,1570069,26,,,0,106,,1570070,26,,,0
5302,'20261005',716,,1570071,26,,,0,29,,1570072,26,,,0,72,,1570073,26,,,0,34,,1570074,26,,,0,79,,1570075,26,,,0,85,,1570076,26,,,0,100,,1570077,26,,,0,101,,1570078,26,,,0,100,,1570079,26,,,0,100,,1570080,26,,,0,86,,1570081,26,,,0,45,,1570082,26,,,0,65,,1570083,26,,,0,31,,1570084,26,,,0,76,,1570085,26,,,0,27,,1570086,26,,,0,69,,1570087,26,,,0,101,,1570088,26,,,0,99,,1570089,26,,,0,104,,1570090,26,,,0,104,,1570091,26,,,0,103,,1570092,26,,,0
5302,'20261006',716,,1516834,26,,,0,29,,1516837,26,,,0,72,,1516816,26,,,0,34,,1516828,26,,,0,79,,1516836,26,,,0,85,,1516829,26,,,0,100,,1516817,26,,,0,101,,1516833,26,,,0,100,,1516830,26,,,0,100,,1516831,26,,,0,86,,1516832,26,,,0,45,,1516826,26,,,0,65,,1516818,26,,,0,31,,1516825,26,,,0,76,,1516823,26,,,0,27,,1516819,26,,,0,69,,1516820,26,,,0,101,,1516824,26,,,0,99,,1516821,26,,,0,104,,1516822,26,,,0,104,,1516827,26,,,0,103,,1516835,26,,,0
5302,'20261007',716,,1516856,26,,,0,29,,1516859,26,,,0,72,,1516838,26,,,0,34,,1516850,26,,,0,79,,1516858,26,,,0,85,,1516851,26,,,0,100,,1516839,26,,,0,101,,1516855,26,,,0,100,,1516852,26,,,0,100,,1516853,26,,,0,86,,1516854,26,,,0,45,,1516848,26,,,0,65,,1516840,26,,,0,31,,1516847,26,,,0,76,,1516845,26,,,0,27,,1516841,26,,,0,69,,1516842,26,,,0,101,,1516846,26,,,0,99,,1516843,26,,,0,104,,1516844,26,,,0,104,,1516849,26,,,0,103,,1516857,26,,,0
5302,'20261008',716,,1516878,26,,,0,29,,1516881,26,,,0,72,,1516860,26,,,0,34,,1516872,26,,,0,79,,1516880,26,,,0,85,,1516873,26,,,0,100,,1516861,26,,,0,101,,1516877,26,,,0,100,,1516874,26,,,0,100,,1516875,26,,,0,86,,1516876,26,,,0,45,,1516870,26,,,0,65,,1516862,26,,,0,31,,1516869,26,,,0,76,,1516867,26,,,0,27,,1516863,26,,,0,69,,1516864,26,,,0,101,,1516868,26,,,0,99,,1516865,26,,,0,104,,1516866,26,,,0,104,,1516871,26,,,0,103,,1516879,26,,,0
5302,'20261009',716,,1516900,26,,,0,29,,1516903,26,,,0,72,,1516882,26,,,0,34,,1516894,26,,,0,79,,1516902,26,,,0,85,,1516895,26,,,0,100,,1516883,26,,,0,101,,1516899,26,,,0,100,,1516896,26,,,0,100,,1516897,26,,,0,86,,1516898,26,,,0,45,,1516892,26,,,0,65,,1516884,26,,,0,31,,1516891,26,,,0,76,,1516889,26,,,0,27,,1516885,26,,,0,69,,1516886,26,,,0,101,,1516890,26,,,0,99,,1516887,26,,,0,104,,1516888,26,,,0,104,,1516893,26,,,0,103,,1516901,26,,,0
5302,'20261010',718,,1545934,26,,,0,101,,1545921,26,,,0,101,,1545922,26,,,0,101,,1545933,26,,,0,98,,1545923,26,,,0,99,,1545924,26,,,0,100,,1545935,26,,,0,99,,1545925,26,,,0,97,,1545926,26,,,0,104,,1545936,26,,,0,96,,1545927,26,,,0,105,,1545928,26,,,0,99,,1545932,26,,,0,100,,1545929,26,,,0,99,,1545930,26,,,0,98,,1545937,26,,,0,106,,1545931,26,,,0
5302,'20261011',718,,1545949,26,,,0,101,,1545939,26,,,0,101,,1545945,26,,,0,101,,1545950,26,,,0,98,,1545940,26,,,0,99,,1545944,26,,,0,100,,1545954,26,,,0,99,,1545938,26,,,0,97,,1545947,26,,,0,104,,1545952,26,,,0,96,,1545946,26,,,0,105,,1545943,26,,,0,99,,1545951,26,,,0,100,,1545948,26,,,0,99,,1545942,26,,,0,98,,1545953,26,,,0,106,,1545941,26,,,0
5302,'20261012',718,,1545966,26,,,0,101,,1545956,26,,,0,101,,1545962,26,,,0,101,,1545967,26,,,0,98,,1545957,26,,,0,99,,1545961,26,,,0,100,,1545971,26,,,0,99,,1545955,26,,,0,97,,1545964,26,,,0,104,,1545969,26,,,0,96,,1545963,26,,,0,105,,1545960,26,,,0,99,,1545968,26,,,0,100,,1545965,26,,,0,99,,1545959,26,,,0,98,,1545970,26,,,0,106,,1545958,26,,,0
5302,'20261013',716,,1570111,26,,,0,29,,1570114,26,,,0,72,,1570093,26,,,0,34,,1570105,26,,,0,79,,1570113,26,,,0,85,,1570106,26,,,0,100,,1570094,26,,,0,101,,1570110,26,,,0,100,,1570107,26,,,0,100,,1570108,26,,,0,86,,1570109,26,,,0,45,,1570103,26,,,0,65,,1570095,26,,,0,31,,1570102,26,,,0,76,,1570100,26,,,0,27,,1570096,26,,,0,69,,1570097,26,,,0,101,,1570101,26,,,0,99,,1570098,26,,,0,104,,1570099,26,,,0,104,,1570104,26,,,0,103,,1570112,26,,,0
5302,'20261014',716,,1570133,26,,,0,29,,1570136,26,,,0,72,,1570115,26,,,0,34,,1570127,26,,,0,79,,1570135,26,,,0,85,,1570128,26,,,0,100,,1570116,26,,,0,101,,1570132,26,,,0,100,,1570129,26,,,0,100,,1570130,26,,,0,86,,1570131,26,,,0,45,,1570125,26,,,0,65,,1570117,26,,,0,31,,1570124,26,,,0,76,,1570122,26,,,0,27,,1570118,26,,,0,69,,1570119,26,,,0,101,,1570123,26,,,0,99,,1570120,26,,,0,104,,1570121,26,,,0,104,,1570126,26,,,0,103,,1570134,26,,,0
5302,'20261015',716,,1570155,26,,,0,29,,1570158,26,,,0,72,,1570137,26,,,0,34,,1570149,26,,,0,79,,1570157,26,,,0,85,,1570150,26,,,0,100,,1570138,26,,,0,101,,1570154,26,,,0,100,,1570151,26,,,0,100,,1570152,26,,,0,86,,1570153,26,,,0,45,,1570147,26,,,0,65,,1570139,26,,,0,31,,1570146,26,,,0,76,,1570144,26,,,0,27,,1570140,26,,,0,69,,1570141,26,,,0,101,,1570145,26,,,0,99,,1570142,26,,,0,104,,1570143,26,,,0,104,,1570148,26,,,0,103,,1570156,26,,,0
5302,'20261016',716,,1570177,26,,,0,29,,1570180,26,,,0,72,,1570159,26,,,0,34,,1570171,26,,,0,79,,1570179,26,,,0,85,,1570172,26,,,0,100,,1570160,26,,,0,101,,1570176,26,,,0,100,,1570173,26,,,0,100,,1570174,26,,,0,86,,1570175,26,,,0,45,,1570169,26,,,0,65,,1570161,26,,,0,31,,1570168,26,,,0,76,,1570166,26,,,0,27,,1570162,26,,,0,69,,1570163,26,,,0,101,,1570167,26,,,0,99,,1570164,26,,,0,104,,1570165,26,,,0,104,,1570170,26,,,0,103,,1570178,26,,,0
25300,'20261002',1608,,1580137,25,4,,0,30,,1580138,25,4,,0,73,,1580139,25,4,,0,28,,1580140,25,4,,0
25300,'20261005',1608,,1580141,25,4,,0,30,,1580142,25,4,,0,73,,1580143,25,4,,0,28,,1580144,25,4,,0
25300,'20261006',1608,,1526873,25,4,,0,30,,1526874,25,4,,0,73,,1526875,25,4,,0,28,,1526876,25,4,,0
25300,'20261007',1608,,1526877,25,4,,0,30,,1526878,25,4,,0,73,,1526879,25,4,,0,28,,1526880,25,4,,0
25300,'20261008',1608,,1526881,25,4,,0,30,,1526882,25,4,,0,73,,1526883,25,4,,0,28,,1526884,25,4,,0
25300,'20261009',1608,,1526885,25,4,,0,30,,1526886,25,4,,0,73,,1526887,25,4,,0,28,,1526888,25,4,,0
25300,'20261013',1608,,1580145,25,4,,0,30,,1580146,25,4,,0,73,,1580147,25,4,,0,28,,1580148,25,4,,0
25300,'20261014',1608,,1580149,25,4,,0,30,,1580150,25,4,,0,73,,1580151,25,4,,0,28,,1580152,25,4,,0
25300,'20261015',1608,,1580153,25,4,,0,30,,1580154,25,4,,0,73,,1580155,25,4,,0,28,,1580156,25,4,,0
25300,'20261016',1608,,1580157,25,4,,0,30,,1580158,25,4,,0,73,,1580159,25,4,,0,28,,1580160,25,4,,0
