7001,'20261006',548,,1604738,3,,,0,57,,1604739,3,,,0,15,,1604740,3,,,0,19,,1604741,3,,,0,19,,1604742,3,,,0,59,,1604743,3,,,0,17,,1604744,3,,,0,18,,1604745,3,,,0,62,,1604746,3,,,0,23,,1604747,3,,,0,19,,1604748,3,,,0,59,,1604749,3,,,0,19,,1604750,3,,,0,20,,1604751,3,,,0,60,,1604752,3,,,0,20,,1604753,3,,,0,20,,1604754,3,,,0,61,,1604755,3,,,0,20,,1604756,3,,,0,19,,1604757,3,,,0,61,,1604758,3,,,0,20,,1604759,3,,,0,21,,1604760,3,,,0,57,,1604761,3,,,0,22,,1604762,3,,,0,18,,1604763,3,,,0,62,,1604764,3,,,0,19,,1604765,3,,,0,21,,1604766,3,,,0,61,,1604767,3,,,0,19,,1604768,3,,,0,19,,1604769,3,,,0,67,,1604770,3,,,0,23,,1604771,3,,,0,65,,1604772,3,,,0,23,,1604773,3,,,0,22,,1604774,3,,,0,62,,1604775,3,,,0,29,,1604776,3,,,0,70,,1604777,3,,,0,32,,1604778,3,,,0,70,,1604779,3,,,0,30,,1604780,3,,,0,72,,1604781,3,,,0,31,,1604782,3,,,0,71,,1604783,3,,,0,30,,1604784,3,,,0
7001,'20261007',548,,1604785,3,,,0,57,,1604786,3,,,0,15,,1604787,3,,,0,19,,1604788,3,,,0,19,,1604789,3,,,0,59,,1604790,3,,,0,17,,1604791,3,,,0,18,,1604792,3,,,0,62,,1604793,3,,,0,23,,1604794,3,,,0,19,,1604795,3,,,0,59,,1604796,3,,,0,19,,1604797,3,,,0,20,,1604798,3,,,0,60,,1604799,3,,,0,20,,1604800,3,,,0,20,,1604801,3,,,0,61,,1604802,3,,,0,20,,1604803,3,,,0,19,,1604804,3,,,0,61,,1604805,3,,,0,20,,1604806,3,,,0,21,,1604807,3,,,0,57,,1604808,3,,,0,22,,1604809,3,,,0,18,,1604810,3,,,0,62,,1604811,3,,,0,19,,1604812,3,,,0,21,,1604813,3,,,0,61,,1604814,3,,,0,19,,1604815,3,,,0,19,,1604816,3,,,0,67,,1604817,3,,,0,23,,1604818,3,,,0,65,,1604819,3,,,0,23,,1604820,3,,,0,22,,1604821,3,,,0,62,,1604822,3,,,0,29,,1604823,3,,,0,70,,1604824,3,,,0,32,,1604825,3,,,0,70,,1604826,3,,,0,30,,1604827,3,,,0,72,,1604828,3,,,0,31,,1604829,3,,,0,71,,1604830,3,,,0,30,,1604831,3,,,0
7001,'20261008',548,,1604832,3,,,0,57,,1604833,3,,,0,15,,1604834,3,,,0,19,,1604835,3,,,0,19,,1604836,3,,,0,59,,1604837,3,,,0,17,,1604838,3,,,0,18,,1604839,3,,,0,62,,1604840,3,,,0,23,,1604841,3,,,0,19,,1604842,3,,,0,59,,1604843,3,,,0,19,,1604844,3,,,0,20,,1604845,3,,,0,60,,1604846,3,,,0,20,,1604847,3,,,0,20,,1604848,3,,,0,61,,1604849,3,,,0,20,,1604850,3,,,0,19,,1604851,3,,,0,61,,1604852,3,,,0,20,,1604853,3,,,0,21,,1604854,3,,,0,57,,1604855,3,,,0,22,,1604856,3,,,0,18,,1604857,3,,,0,62,,1604858,3,,,0,19,,1604859,3,,,0,21,,1604860,3,,,0,61,,1604861,3,,,0,19,,1604862,3,,,0,19,,1604863,3,,,0,67,,1604864,3,,,0,23,,1604865,3,,,0,65,,1604866,3,,,0,23,,1604867,3,,,0,22,,1604868,3,,,0,62,,1604869,3,,,0,29,,1604870,3,,,0,70,,1604871,3,,,0,32,,1604872,3,,,0,70,,1604873,3,,,0,30,,1604874,3,,,0,72,,1604875,3,,,0,31,,1604876,3,,,0,71,,1604877,3,,,0,30,,1604878,3,,,0
7001,'20261009',548,,1604879,3,,,0,57,,1604880,3,,,0,15,,1604881,3,,,0,19,,1604882,3,,,0,19,,1604883,3,,,0,59,,1604884,3,,,0,17,,1604885,3,,,0,18,,1604886,3,,,0,62,,1604887,3,,,0,23,,1604888,3,,,0,19,,1604889,3,,,0,59,,1604890,3,,,0,19,,1604891,3,,,0,20,,1604892,3,,,0,60,,1604893,3,,,0,20,,1604894,3,,,0,20,,1604895,3,,,0,61,,1604896,3,,,0,20,,1604897,3,,,0,19,,1604898,3,,,0,61,,1604899,3,,,0,20,,1604900,3,,,0,21,,1604901,3,,,0,57,,1604902,3,,,0,22,,1604903,3,,,0,18,,1604904,3,,,0,62,,1604905,3,,,0,19,,1604906,3,,,0,21,,1604907,3,,,0,61,,1604908,3,,,0,19,,1604909,3,,,0,19,,1604910,3,,,0,67,,1604911,3,,,0,23,,1604912,3,,,0,65,,1604913,3,,,0,23,,1604914,3,,,0,22,,1604915,3,,,0,62,,1604916,3,,,0,29,,1604917,3,,,0,70,,1604918,3,,,0,32,,1604919,3,,,0,70,,1604920,3,,,0,30,,1604921,3,,,0,72,,1604922,3,,,0,31,,1604923,3,,,0,71,,1604924,3,,,0,30,,1604925,3,,,0
7001,'20261010',548,,1548099,3,,,0,70,,1548115,3,,,0,30,,1548100,3,,,0,69,,1548116,3,,,0,29,,1548101,3,,,0,70,,1548117,3,,,0,29,,1548102,3,,,0,70,,1548118,3,,,0,30,,1548103,3,,,0,69,,1548119,3,,,0,30,,1548104,3,,,0,69,,1548120,3,,,0,29,,1548105,3,,,0,70,,1548121,3,,,0,30,,1548106,3,,,0,70,,1548122,3,,,0,30,,1548123,3,,,0,70,,1548124,3,,,0,30,,1548125,3,,,0,70,,1548126,3,,,0,28,,1548107,3,,,0,70,,1548127,3,,,0,32,,1548108,3,,,0,72,,1548128,3,,,0,34,,1548109,3,,,0,70,,1548129,3,,,0,30,,1548130,3,,,0,70,,1548110,3,,,0,31,,1548131,3,,,0,70,,1548111,3,,,0,31,,1548114,3,,,0,70,,1548112,3,,,0,30,,1548132,3,,,0,70,,1548113,3,,,0
7001,'20261011',548,,1548133,3,,,0,70,,1548150,3,,,0,30,,1548134,3,,,0,69,,1548151,3,,,0,29,,1548135,3,,,0,70,,1548149,3,,,0,29,,1548136,3,,,0,70,,1548152,3,,,0,30,,1548137,3,,,0,69,,1548153,3,,,0,30,,1548138,3,,,0,69,,1548154,3,,,0,29,,1548139,3,,,0,70,,1548155,3,,,0,30,,1548140,3,,,0,70,,1548156,3,,,0,30,,1548157,3,,,0,70,,1548158,3,,,0,30,,1548159,3,,,0,70,,1548160,3,,,0,28,,1548141,3,,,0,70,,1548161,3,,,0,32,,1548142,3,,,0,72,,1548162,3,,,0,34,,1548143,3,,,0,70,,1548163,3,,,0,30,,1548164,3,,,0,70,,1548144,3,,,0,31,,1548165,3,,,0,70,,1548145,3,,,0,31,,1548148,3,,,0,70,,1548146,3,,,0,30,,1548166,3,,,0,70,,1548147,3,,,0
7001,'20261012',548,,1548167,3,,,0,70,,1548184,3,,,0,30,,1548168,3,,,0,69,,1548185,3,,,0,29,,1548169,3,,,0,70,,1548183,3,,,0,29,,1548170,3,,,0,70,,1548186,3,,,0,30,,1548171,3,,,0,69,,1548187,3,,,0,30,,1548172,3,,,0,69,,1548188,3,,,0,29,,1548173,3,,,0,70,,1548189,3,,,0,30,,1548174,3,,,0,70,,1548190,3,,,0,30,,1548191,3,,,0,70,,1548192,3,,,0,30,,1548193,3,,,0,70,,1548194,3,,,0,28,,1548175,3,,,0,70,,1548195,3,,,0,32,,1548176,3,,,0,72,,1548196,3,,,0,34,,1548177,3,,,0,70,,1548197,3,,,0,30,,1548198,3,,,0,70,,1548178,3,,,0,31,,1548199,3,,,0,70,,1548179,3,,,0,31,,1548182,3,,,0,70,,1548180,3,,,0,30,,1548200,3,,,0,70,,1548181,3,,,0
7001,'20261013',548,,1573177,3,,,0,57,,1573194,3,,,0,15,,1573195,3,,,0,19,,1573178,3,,,0,19,,1573196,3,,,0,59,,1573197,3,,,0,17,,1573179,3,,,0,18,,1573198,3,,,0,62,,1573199,3,,,0,23,,1573180,3,,,0,19,,1573200,3,,,0,59,,1573201,3,,,0,19,,1573181,3,,,0,20,,1573202,3,,,0,60,,1573203,3,,,0,20,,1573182,3,,,0,20,,1573204,3,,,0,61,,1573205,3,,,0,20,,1573183,3,,,0,19,,1573206,3,,,0,61,,1573207,3,,,0,20,,1573184,3,,,0,21,,1573208,3,,,0,57,,1573209,3,,,0,22,,1573185,3,,,0,18,,1573210,3,,,0,62,,1573211,3,,,0,19,,1573186,3,,,0,21,,1573212,3,,,0,61,,1573213,3,,,0,19,,1573187,3,,,0,19,,1573214,3,,,0,67,,1573215,3,,,0,23,,1573188,3,,,0,65,,1573216,3,,,0,23,,1573217,3,,,0,22,,1573189,3,,,0,62,,1573218,3,,,0,29,,1573190,3,,,0,70,,1573219,3,,,0,32,,1573191,3,,,0,70,,1573220,3,,,0,30,,1573192,3,,,0,72,,1573221,3,,,0,31,,1573193,3,,,0,71,,1573222,3,,,0,30,,1573223,3,,,0
7001,'20261014',548,,1573224,3,,,0,57,,1573241,3,,,0,15,,1573242,3,,,0,19,,1573225,3,,,0,19,,1573243,3,,,0,59,,1573244,3,,,0,17,,1573226,3,,,0,18,,1573245,3,,,0,62,,1573246,3,,,0,23,,1573227,3,,,0,19,,1573247,3,,,0,59,,1573248,3,,,0,19,,1573228,3,,,0,20,,1573249,3,,,0,60,,1573250,3,,,0,20,,1573229,3,,,0,20,,1573251,3,,,0,61,,1573252,3,,,0,20,,1573230,3,,,0,19,,1573253,3,,,0,61,,1573254,3,,,0,20,,1573231,3,,,0,21,,1573255,3,,,0,57,,1573256,3,,,0,22,,1573232,3,,,0,18,,1573257,3,,,0,62,,1573258,3,,,0,19,,1573233,3,,,0,21,,1573259,3,,,0,61,,1573260,3,,,0,19,,1573234,3,,,0,19,,1573261,3,,,0,67,,1573262,3,,,0,23,,1573235,3,,,0,65,,1573263,3,,,0,23,,1573264,3,,,0,22,,1573236,3,,,0,62,,1573265,3,,,0,29,,1573237,3,,,0,70,,1573266,3,,,0,32,,1573238,3,,,0,70,,1573267,3,,,0,30,,1573239,3,,,0,72,,1573268,3,,,0,31,,1573240,3,,,0,71,,1573269,3,,,0,30,,1573270,3,,,0
7001,'20261015',548,,1573271,3,,,0,57,,1573288,3,,,0,15,,1573289,3,,,0,19,,1573272,3,,,0,19,,1573290,3,,,0,59,,1573291,3,,,0,17,,1573273,3,,,0,18,,1573292,3,,,0,62,,1573293,3,,,0,23,,1573274,3,,,0,19,,1573294,3,,,0,59,,1573295,3,,,0,19,,1573275,3,,,0,20,,1573296,3,,,0,60,,1573297,3,,,0,20,,1573276,3,,,0,20,,1573298,3,,,0,61,,1573299,3,,,0,20,,1573277,3,,,0,19,,1573300,3,,,0,61,,1573301,3,,,0,20,,1573278,3,,,0,21,,1573302,3,,,0,57,,1573303,3,,,0,22,,1573279,3,,,0,18,,1573304,3,,,0,62,,1573305,3,,,0,19,,1573280,3,,,0,21,,1573306,3,,,0,61,,1573307,3,,,0,19,,1573281,3,,,0,19,,1573308,3,,,0,67,,1573309,3,,,0,23,,1573282,3,,,0,65,,1573310,3,,,0,23,,1573311,3,,,0,22,,1573283,3,,,0,62,,1573312,3,,,0,29,,1573284,3,,,0,70,,1573313,3,,,0,32,,1573285,3,,,0,70,,1573314,3,,,0,30,,1573286,3,,,0,72,,1573315,3,,,0,31,,1573287,3,,,0,71,,1573316,3,,,0,30,,1573317,3,,,0
7001,'20261016',548,,1573318,3,,,0,57,,1573335,3,,,0,15,,1573336,3,,,0,19,,1573319,3,,,0,19,,1573337,3,,,0,59,,1573338,3,,,0,17,,1573320,3,,,0,18,,1573339,3,,,0,62,,1573340,3,,,0,23,,1573321,3,,,0,19,,1573341,3,,,0,59,,1573342,3,,,0,19,,1573322,3,,,0,20,,1573343,3,,,0,60,,1573344,3,,,0,20,,1573323,3,,,0,20,,1573345,3,,,0,61,,1573346,3,,,0,20,,1573324,3,,,0,19,,1573347,3,,,0,61,,1573348,3,,,0,20,,1573325,3,,,0,21,,1573349,3,,,0,57,,1573350,3,,,0,22,,1573326,3,,,0,18,,1573351,3,,,0,62,,1573352,3,,,0,19,,1573327,3,,,0,21,,1573353,3,,,0,61,,1573354,3,,,0,19,,1573328,3,,,0,19,,1573355,3,,,0,67,,1573356,3,,,0,23,,1573329,3,,,0,65,,1573357,3,,,0,23,,1573358,3,,,0,22,,1573330,3,,,0,62,,1573359,3,,,0,29,,1573331,3,,,0,70,,1573360,3,,,0,32,,1573332,3,,,0,70,,1573361,3,,,0,30,,1573333,3,,,0,72,,1573362,3,,,0,31,,1573334,3,,,0,71,,1573363,3,,,0,30,,1573364,3,,,0
7001,'20261017',548,,1604926,3,,,0,70,,1604942,3,,,0,30,,1604927,3,,,0,69,,1604943,3,,,0,29,,1604928,3,,,0,70,,1604944,3,,,0,29,,1604929,3,,,0,70,,1604945,3,,,0,30,,1604930,3,,,0,69,,1604946,3,,,0,30,,1604931,3,,,0,69,,1604947,3,,,0,29,,1604932,3,,,0,70,,1604948,3,,,0,30,,1604933,3,,,0,70,,1604949,3,,,0,30,,1604950,3,,,0,70,,1604951,3,,,0,30,,1604952,3,,,0,70,,1604953,3,,,0,28,,1604934,3,,,0,70,,1604954,3,,,0,32,,1604935,3,,,0,72,,1604955,3,,,0,34,,1604936,3,,,0,70,,1604956,3,,,0,30,,1604957,3,,,0,70,,1604937,3,,,0,31,,1604958,3,,,0,70,,1604938,3,,,0,31,,1604941,3,,,0,70,,1604939,3,,,0,30,,1604959,3,,,0,70,,1604940,3,,,0
7001,'20261018',548,,1604960,3,,,0,70,,1604977,3,,,0,30,,1604961,3,,,0,69,,1604978,3,,,0,29,,1604962,3,,,0,70,,1604976,3,,,0,29,,1604963,3,,,0,70,,1604979,3,,,0,30,,1604964,3,,,0,69,,1604980,3,,,0,30,,1604965,3,,,0,69,,1604981,3,,,0,29,,1604966,3,,,0,70,,1604982,3,,,0,30,,1604967,3,,,0,70,,1604983,3,,,0,30,,1604984,3,,,0,70,,1604985,3,,,0,30,,1604986,3,,,0,70,,1604987,3,,,0,28,,1604968,3,,,0,70,,1604988,3,,,0,32,,1604969,3,,,0,72,,1604989,3,,,0,34,,1604970,3,,,0,70,,1604990,3,,,0,30,,1604991,3,,,0,70,,1604971,3,,,0,31,,1604992,3,,,0,70,,1604972,3,,,0,31,,1604975,3,,,0,70,,1604973,3,,,0,30,,1604993,3,,,0,70,,1604974,3,,,0
7001,'20261019',548,,1604994,3,,,0,57,,1605011,3,,,0,15,,1605012,3,,,0,19,,1604995,3,,,0,19,,1605013,3,,,0,59,,1605014,3,,,0,17,,1604996,3,,,0,18,,1605015,3,,,0,62,,1605016,3,,,0,23,,1604997,3,,,0,19,,1605017,3,,,0,59,,1605018,3,,,0,19,,1604998,3,,,0,20,,1605019,3,,,0,60,,1605020,3,,,0,20,,1604999,3,,,0,20,,1605021,3,,,0,61,,1605022,3,,,0,20,,1605000,3,,,0,19,,1605023,3,,,0,61,,1605024,3,,,0,20,,1605001,3,,,0,21,,1605025,3,,,0,57,,1605026,3,,,0,22,,1605002,3,,,0,18,,1605027,3,,,0,62,,1605028,3,,,0,19,,1605003,3,,,0,21,,1605029,3,,,0,61,,1605030,3,,,0,19,,1605004,3,,,0,19,,1605031,3,,,0,67,,1605032,3,,,0,23,,1605005,3,,,0,65,,1605033,3,,,0,23,,1605034,3,,,0,22,,1605006,3,,,0,62,,1605035,3,,,0,29,,1605007,3,,,0,70,,1605036,3,,,0,32,,1605008,3,,,0,70,,1605037,3,,,0,30,,1605009,3,,,0,72,,1605038,3,,,0,31,,1605010,3,,,0,71,,1605039,3,,,0,30,,1605040,3,,,0
7001,'20261020',548,,1605041,3,,,0,57,,1605058,3,,,0,15,,1605059,3,,,0,19,,1605042,3,,,0,19,,1605060,3,,,0,59,,1605061,3,,,0,17,,1605043,3,,,0,18,,1605062,3,,,0,62,,1605063,3,,,0,23,,1605044,3,,,0,19,,1605064,3,,,0,59,,1605065,3,,,0,19,,1605045,3,,,0,20,,1605066,3,,,0,60,,1605067,3,,,0,20,,1605046,3,,,0,20,,1605068,3,,,0,61,,1605069,3,,,0,20,,1605047,3,,,0,19,,1605070,3,,,0,61,,1605071,3,,,0,20,,1605048,3,,,0,21,,1605072,3,,,0,57,,1605073,3,,,0,22,,1605049,3,,,0,18,,1605074,3,,,0,62,,1605075,3,,,0,19,,1605050,3,,,0,21,,1605076,3,,,0,61,,1605077,3,,,0,19,,1605051,3,,,0,19,,1605078,3,,,0,67,,1605079,3,,,0,23,,1605052,3,,,0,65,,1605080,3,,,0,23,,1605081,3,,,0,22,,1605053,3,,,0,62,,1605082,3,,,0,29,,1605054,3,,,0,70,,1605083,3,,,0,32,,1605055,3,,,0,70,,1605084,3,,,0,30,,1605056,3,,,0,72,,1605085,3,,,0,31,,1605057,3,,,0,71,,1605086,3,,,0,30,,1605087,3,,,0
27001,'20261006',558,,1612191,3,,,0,53,,1612192,3,,,0,7,,1612193,3,,,0,12,,1612194,3,,,0,8,,1612195,3,,,0,18,,1612196,3,,,0,47,,1612197,3,,,0,16,,1612198,3,,,0,24,,1612199,3,,,0
27001,'20261007',558,,1612201,3,,,0,53,,1612202,3,,,0,7,,1612203,3,,,0,12,,1612204,3,,,0,8,,1612205,3,,,0,18,,1612206,3,,,0,47,,1612207,3,,,0,16,,1612208,3,,,0,24,,1612209,3,,,0
27001,'20261008',558,,1612211,3,,,0,53,,1612212,3,,,0,7,,1612213,3,,,0,12,,1612214,3,,,0,8,,1612215,3,,,0,18,,1612216,3,,,0,47,,1612217,3,,,0,16,,1612218,3,,,0,24,,1612219,3,,,0
27001,'20261009',558,,1612221,3,,,0,53,,1612222,3,,,0,7,,1612223,3,,,0,12,,1612224,3,,,0,8,,1612225,3,,,0,18,,1612226,3,,,0,47,,1612227,3,,,0,16,,1612228,3,,,0,24,,1612229,3,,,0
27001,'20261013',558,,1580465,3,,,0,53,,1580466,3,,,0,7,,1580467,3,,,0,12,,1580468,3,,,0,8,,1580469,3,,,0,18,,1580470,3,,,0,47,,1580471,3,,,0,16,,1580472,3,,,0,24,,1580473,3,,,0
27001,'20261014',558,,1580474,3,,,0,53,,1580475,3,,,0,7,,1580476,3,,,0,12,,1580477,3,,,0,8,,1580478,3,,,0,18,,1580479,3,,,0,47,,1580480,3,,,0,16,,1580481,3,,,0,24,,1580482,3,,,0
27001,'20261015',558,,1580483,3,,,0,53,,1580484,3,,,0,7,,1580485,3,,,0,12,,1580486,3,,,0,8,,1580487,3,,,0,18,,1580488,3,,,0,47,,1580489,3,,,0,16,,1580490,3,,,0,24,,1580491,3,,,0
27001,'20261016',558,,1580492,3,,,0,53,,1580493,3,,,0,7,,1580494,3,,,0,12,,1580495,3,,,0,8,,1580496,3,,,0,18,,1580497,3,,,0,47,,1580498,3,,,0,16,,1580499,3,,,0,24,,1580500,3,,,0
27001,'20261019',558,,1612230,3,,,0,53,,1612231,3,,,0,7,,1612232,3,,,0,12,,1612233,3,,,0,8,,1612234,3,,,0,18,,1612235,3,,,0,47,,1612236,3,,,0,16,,1612237,3,,,0,24,,1612238,3,,,0
27001,'20261020',558,,1612239,3,,,0,53,,1612240,3,,,0,7,,1612241,3,,,0,12,,1612242,3,,,0,8,,1612243,3,,,0,18,,1612244,3,,,0,47,,1612245,3,,,0,16,,1612246,3,,,0,24,,1612247,3,,,0
37001,'20261006',623,,1613502,3,,,0,8,,1613503,3,,,0,8,,1613504,3,,,0,13,,1613505,3,,,0,60,,1613506,3,,,0,190,,1613507,3,,,0,200,,1613508,3,,,0
37001,'20261007',623,,1613511,3,,,0,8,,1613512,3,,,0,8,,1613513,3,,,0,13,,1613514,3,,,0,60,,1613515,3,,,0,190,,1613516,3,,,0,200,,1613517,3,,,0
37001,'20261008',623,,1613520,3,,,0,8,,1613521,3,,,0,8,,1613522,3,,,0,13,,1613523,3,,,0,60,,1613524,3,,,0,190,,1613525,3,,,0,200,,1613526,3,,,0
37001,'20261009',623,,1613529,3,,,0,8,,1613530,3,,,0,8,,1613531,3,,,0,13,,1613532,3,,,0,60,,1613533,3,,,0,190,,1613534,3,,,0,200,,1613535,3,,,0
37001,'20261013',623,,1581759,3,,,0,8,,1581760,3,,,0,8,,1581761,3,,,0,13,,1581762,3,,,0,60,,1581763,3,,,0,190,,1581764,3,,,0,200,,1581765,3,,,0
37001,'20261014',623,,1581767,3,,,0,8,,1581768,3,,,0,8,,1581769,3,,,0,13,,1581770,3,,,0,60,,1581771,3,,,0,190,,1581772,3,,,0,200,,1581773,3,,,0
37001,'20261015',623,,1581775,3,,,0,8,,1581776,3,,,0,8,,1581777,3,,,0,13,,1581778,3,,,0,60,,1581779,3,,,0,190,,1581780,3,,,0,200,,1581781,3,,,0
37001,'20261016',623,,1581783,3,,,0,8,,1581784,3,,,0,8,,1581785,3,,,0,13,,1581786,3,,,0,60,,1581787,3,,,0,190,,1581788,3,,,0,200,,1581789,3,,,0
37001,'20261019',623,,1613536,3,,,0,8,,1613537,3,,,0,8,,1613538,3,,,0,13,,1613539,3,,,0,60,,1613540,3,,,0,190,,1613541,3,,,0,200,,1613542,3,,,0
37001,'20261020',623,,1613544,3,,,0,8,,1613545,3,,,0,8,,1613546,3,,,0,13,,1613547,3,,,0,60,,1613548,3,,,0,190,,1613549,3,,,0,200,,1613550,3,,,0
57001,'20261006',614,,1614280,3,,,0,26,,1614281,3,,,0,62,,1614282,3,,,0
57001,'20261007',614,,1614283,3,,,0,26,,1614284,3,,,0,62,,1614285,3,,,0
57001,'20261008',614,,1614286,3,,,0,26,,1614287,3,,,0,62,,1614288,3,,,0
57001,'20261009',614,,1614289,3,,,0,26,,1614290,3,,,0,62,,1614291,3,,,0
57001,'20261013',614,,1582528,3,,,0,26,,1582529,3,,,0,62,,1582530,3,,,0
57001,'20261014',614,,1582531,3,,,0,26,,1582532,3,,,0,62,,1582533,3,,,0
57001,'20261015',614,,1582534,3,,,0,26,,1582535,3,,,0,62,,1582536,3,,,0
57001,'20261016',614,,1582537,3,,,0,26,,1582538,3,,,0,62,,1582539,3,,,0
57001,'20261019',614,,1614292,3,,,0,26,,1614293,3,,,0,62,,1614294,3,,,0
57001,'20261020',614,,1614295,3,,,0,26,,1614296,3,,,0,62,,1614297,3,,,0
