300,'20261009',625,,1594410,45,,,0,98,,1594412,45,,,0,100,,1594414,45,,,0,101,,1594416,45,,,0,101,,1594418,45,,,0,99,,1594420,45,,,0,100,,1594422,45,,,0,100,,1594424,45,,,0,100,,1594426,45,,,0,100,,1594428,45,,,0,29,,1594429,45,,,0,68,,1594430,45,,,0,30,,1594432,45,,,0,71,,1594433,45,,,0,31,,1594435,45,,,0,70,,1594437,45,,,0,100,,1594439,45,,,0,101,,1594441,45,,,0,100,,1594443,45,,,0,101,,1594445,45,,,0,100,,1594447,45,,,0
300,'20261010',725,,1625963,45,,,0,99,,1625965,45,,,0,99,,1625967,45,,,0,100,,1625969,45,,,0,100,,1625971,45,,,0,100,,1625973,45,,,0,100,,1625975,45,,,0,100,,1625977,45,,,0,100,,1625979,45,,,0,100,,1625981,45,,,0,100,,1625983,45,,,0,100,,1625985,45,,,0,100,,1625987,45,,,0,100,,1625989,45,,,0,100,,1625991,45,,,0,101,,1625993,45,,,0,100,,1625995,45,,,0,100,,1625997,45,,,0
300,'20261011',725,,1626000,45,,,0,99,,1626002,45,,,0,99,,1626004,45,,,0,100,,1626006,45,,,0,100,,1626008,45,,,0,100,,1626010,45,,,0,100,,1626012,45,,,0,100,,1626014,45,,,0,100,,1626016,45,,,0,100,,1626018,45,,,0,100,,1626020,45,,,0,100,,1626022,45,,,0,100,,1626024,45,,,0,100,,1626026,45,,,0,100,,1626028,45,,,0,101,,1626030,45,,,0,100,,1626032,45,,,0,100,,1626034,45,,,0
300,'20261012',725,,1626037,45,,,0,99,,1626039,45,,,0,99,,1626041,45,,,0,100,,1626043,45,,,0,100,,1626045,45,,,0,100,,1626047,45,,,0,100,,1626049,45,,,0,100,,1626051,45,,,0,100,,1626053,45,,,0,100,,1626055,45,,,0,100,,1626057,45,,,0,100,,1626059,45,,,0,100,,1626061,45,,,0,100,,1626063,45,,,0,100,,1626065,45,,,0,101,,1626067,45,,,0,100,,1626069,45,,,0,100,,1626071,45,,,0
300,'20261013',625,,1562744,45,,,0,98,,1562745,45,,,0,100,,1562746,45,,,0,101,,1562747,45,,,0,101,,1562748,45,,,0,99,,1562749,45,,,0,100,,1562750,45,,,0,100,,1562751,45,,,0,100,,1562752,45,,,0,100,,1562753,45,,,0,29,,1562754,45,,,0,68,,1562755,45,,,0,30,,1562756,45,,,0,71,,1562757,45,,,0,31,,1562758,45,,,0,70,,1562759,45,,,0,100,,1562760,45,,,0,101,,1562761,45,,,0,100,,1562762,45,,,0,101,,1562763,45,,,0,100,,1562764,45,,,0
300,'20261014',625,,1562786,45,,,0,98,,1562787,45,,,0,100,,1562788,45,,,0,101,,1562789,45,,,0,101,,1562790,45,,,0,99,,1562791,45,,,0,100,,1562792,45,,,0,100,,1562793,45,,,0,100,,1562794,45,,,0,100,,1562795,45,,,0,29,,1562796,45,,,0,68,,1562797,45,,,0,30,,1562798,45,,,0,71,,1562799,45,,,0,31,,1562800,45,,,0,70,,1562801,45,,,0,100,,1562802,45,,,0,101,,1562803,45,,,0,100,,1562804,45,,,0,101,,1562805,45,,,0,100,,1562806,45,,,0
300,'20261015',625,,1562828,45,,,0,98,,1562829,45,,,0,100,,1562830,45,,,0,101,,1562831,45,,,0,101,,1562832,45,,,0,99,,1562833,45,,,0,100,,1562834,45,,,0,100,,1562835,45,,,0,100,,1562836,45,,,0,100,,1562837,45,,,0,29,,1562838,45,,,0,68,,1562839,45,,,0,30,,1562840,45,,,0,71,,1562841,45,,,0,31,,1562842,45,,,0,70,,1562843,45,,,0,100,,1562844,45,,,0,101,,1562845,45,,,0,100,,1562846,45,,,0,101,,1562847,45,,,0,100,,1562848,45,,,0
300,'20261016',625,,1562870,45,,,0,98,,1562871,45,,,0,100,,1562872,45,,,0,101,,1562873,45,,,0,101,,1562874,45,,,0,99,,1562875,45,,,0,100,,1562876,45,,,0,100,,1562877,45,,,0,100,,1562878,45,,,0,100,,1562879,45,,,0,29,,1562880,45,,,0,68,,1562881,45,,,0,30,,1562882,45,,,0,71,,1562883,45,,,0,31,,1562884,45,,,0,70,,1562885,45,,,0,100,,1562886,45,,,0,101,,1562887,45,,,0,100,,1562888,45,,,0,101,,1562889,45,,,0,100,,1562890,45,,,0
300,'20261017',725,,1594450,45,,,0,99,,1594451,45,,,0,99,,1594452,45,,,0,100,,1594453,45,,,0,100,,1594454,45,,,0,100,,1594455,45,,,0,100,,1594456,45,,,0,100,,1594457,45,,,0,100,,1594458,45,,,0,100,,1594459,45,,,0,100,,1594460,45,,,0,100,,1594461,45,,,0,100,,1594462,45,,,0,100,,1594463,45,,,0,100,,1594464,45,,,0,101,,1594465,45,,,0,100,,1594466,45,,,0,100,,1594467,45,,,0
300,'20261018',725,,1594487,45,,,0,99,,1594488,45,,,0,99,,1594489,45,,,0,100,,1594490,45,,,0,100,,1594491,45,,,0,100,,1594492,45,,,0,100,,1594493,45,,,0,100,,1594494,45,,,0,100,,1594495,45,,,0,100,,1594496,45,,,0,100,,1594497,45,,,0,100,,1594498,45,,,0,100,,1594499,45,,,0,100,,1594500,45,,,0,100,,1594501,45,,,0,101,,1594502,45,,,0,100,,1594503,45,,,0,100,,1594504,45,,,0
300,'20261019',625,,1594524,45,,,0,98,,1594525,45,,,0,100,,1594526,45,,,0,101,,1594527,45,,,0,101,,1594528,45,,,0,99,,1594529,45,,,0,100,,1594530,45,,,0,100,,1594531,45,,,0,100,,1594532,45,,,0,100,,1594533,45,,,0,29,,1594534,45,,,0,68,,1594535,45,,,0,30,,1594536,45,,,0,71,,1594537,45,,,0,31,,1594538,45,,,0,70,,1594539,45,,,0,100,,1594540,45,,,0,101,,1594541,45,,,0,100,,1594542,45,,,0,101,,1594543,45,,,0,100,,1594544,45,,,0
300,'20261020',625,,1594566,45,,,0,98,,1594567,45,,,0,100,,1594568,45,,,0,101,,1594569,45,,,0,101,,1594570,45,,,0,99,,1594571,45,,,0,100,,1594572,45,,,0,100,,1594573,45,,,0,100,,1594574,45,,,0,100,,1594575,45,,,0,29,,1594576,45,,,0,68,,1594577,45,,,0,30,,1594578,45,,,0,71,,1594579,45,,,0,31,,1594580,45,,,0,70,,1594581,45,,,0,100,,1594582,45,,,0,101,,1594583,45,,,0,100,,1594584,45,,,0,101,,1594585,45,,,0,100,,1594586,45,,,0
300,'20261021',625,,1626072,45,,,0,98,,1626073,45,,,0,100,,1626074,45,,,0,101,,1626075,45,,,0,101,,1626076,45,,,0,99,,1626077,45,,,0,100,,1626078,45,,,0,100,,1626079,45,,,0,100,,1626080,45,,,0,100,,1626081,45,,,0,29,,1626082,45,,,0,68,,1626083,45,,,0,30,,1626084,45,,,0,71,,1626085,45,,,0,31,,1626086,45,,,0,70,,1626087,45,,,0,100,,1626088,45,,,0,101,,1626089,45,,,0,100,,1626090,45,,,0,101,,1626091,45,,,0,100,,1626092,45,,,0
300,'20261022',625,,1626114,45,,,0,98,,1626115,45,,,0,100,,1626116,45,,,0,101,,1626117,45,,,0,101,,1626118,45,,,0,99,,1626119,45,,,0,100,,1626120,45,,,0,100,,1626121,45,,,0,100,,1626122,45,,,0,100,,1626123,45,,,0,29,,1626124,45,,,0,68,,1626125,45,,,0,30,,1626126,45,,,0,71,,1626127,45,,,0,31,,1626128,45,,,0,70,,1626129,45,,,0,100,,1626130,45,,,0,101,,1626131,45,,,0,100,,1626132,45,,,0,101,,1626133,45,,,0,100,,1626134,45,,,0
300,'20261023',625,,1626156,45,,,0,98,,1626157,45,,,0,100,,1626158,45,,,0,101,,1626159,45,,,0,101,,1626160,45,,,0,99,,1626161,45,,,0,100,,1626162,45,,,0,100,,1626163,45,,,0,100,,1626164,45,,,0,100,,1626165,45,,,0,29,,1626166,45,,,0,68,,1626167,45,,,0,30,,1626168,45,,,0,71,,1626169,45,,,0,31,,1626170,45,,,0,70,,1626171,45,,,0,100,,1626172,45,,,0,101,,1626173,45,,,0,100,,1626174,45,,,0,101,,1626175,45,,,0,100,,1626176,45,,,0
1008200,'20261009',810,,1625367,24,,,0
1008200,'20261013',810,,1593564,24,,,0
1008200,'20261014',810,,1593565,24,,,0
1008200,'20261015',810,,1593566,24,,,0
1008200,'20261016',810,,1593567,24,,,0
1008200,'20261019',810,,1625368,24,,,0
1008200,'20261020',810,,1625369,24,,,0
1008200,'20261021',810,,1646919,24,,,0
1008200,'20261022',810,,1646920,24,,,0
1008200,'20261023',810,,1646921,24,,,0
