7101,'20260929',627,,1548441,35,,,0,17,,1548442,35,,,0,61,,1548443,35,,,0,22,,1548444,35,,,0,21,,1548445,35,,,0,60,,1548446,35,,,0,18,,1548447,35,,,0,20,,1548448,35,,,0,59,,1548449,35,,,0,20,,1548450,35,,,0,17,,1548451,35,,,0,59,,1548452,35,,,0,25,,1548453,35,,,0,20,,1548454,35,,,0,59,,1548455,35,,,0,20,,1548456,35,,,0,17,,1548457,35,,,0,59,,1548458,35,,,0,20,,1548459,35,,,0,21,,1548460,35,,,0,60,,1548461,35,,,0,21,,1548462,35,,,0,21,,1548463,35,,,0,61,,1548464,35,,,0,23,,1548465,35,,,0,22,,1548466,35,,,0,61,,1548467,35,,,0,21,,1548468,35,,,0,20,,1548469,35,,,0,63,,1548470,35,,,0,19,,1548471,35,,,0,22,,1548472,35,,,0,60,,1548473,35,,,0,18,,1548474,35,,,0,20,,1548475,35,,,0,60,,1548476,35,,,0,20,,1548477,35,,,0,18,,1548478,35,,,0,60,,1548479,35,,,0,21,,1548480,35,,,0,70,,1548481,35,,,0,30,,1548482,35,,,0,70,,1548483,35,,,0,30,,1548484,35,,,0,70,,1548485,35,,,0,30,,1548486,35,,,0,70,,1548487,35,,,0
7101,'20260930',627,,1548488,35,,,0,17,,1548489,35,,,0,61,,1548490,35,,,0,22,,1548491,35,,,0,21,,1548492,35,,,0,60,,1548493,35,,,0,18,,1548494,35,,,0,20,,1548495,35,,,0,59,,1548496,35,,,0,20,,1548497,35,,,0,17,,1548498,35,,,0,59,,1548499,35,,,0,25,,1548500,35,,,0,20,,1548501,35,,,0,59,,1548502,35,,,0,20,,1548503,35,,,0,17,,1548504,35,,,0,59,,1548505,35,,,0,20,,1548506,35,,,0,21,,1548507,35,,,0,60,,1548508,35,,,0,21,,1548509,35,,,0,21,,1548510,35,,,0,61,,1548511,35,,,0,23,,1548512,35,,,0,22,,1548513,35,,,0,61,,1548514,35,,,0,21,,1548515,35,,,0,20,,1548516,35,,,0,63,,1548517,35,,,0,19,,1548518,35,,,0,22,,1548519,35,,,0,60,,1548520,35,,,0,18,,1548521,35,,,0,20,,1548522,35,,,0,60,,1548523,35,,,0,20,,1548524,35,,,0,18,,1548525,35,,,0,60,,1548526,35,,,0,21,,1548527,35,,,0,70,,1548528,35,,,0,30,,1548529,35,,,0,70,,1548530,35,,,0,30,,1548531,35,,,0,70,,1548532,35,,,0,30,,1548533,35,,,0,70,,1548534,35,,,0
7101,'20261001',627,,1548535,35,,,0,17,,1548536,35,,,0,61,,1548537,35,,,0,22,,1548538,35,,,0,21,,1548539,35,,,0,60,,1548540,35,,,0,18,,1548541,35,,,0,20,,1548542,35,,,0,59,,1548543,35,,,0,20,,1548544,35,,,0,17,,1548545,35,,,0,59,,1548546,35,,,0,25,,1548547,35,,,0,20,,1548548,35,,,0,59,,1548549,35,,,0,20,,1548550,35,,,0,17,,1548551,35,,,0,59,,1548552,35,,,0,20,,1548553,35,,,0,21,,1548554,35,,,0,60,,1548555,35,,,0,21,,1548556,35,,,0,21,,1548557,35,,,0,61,,1548558,35,,,0,23,,1548559,35,,,0,22,,1548560,35,,,0,61,,1548561,35,,,0,21,,1548562,35,,,0,20,,1548563,35,,,0,63,,1548564,35,,,0,19,,1548565,35,,,0,22,,1548566,35,,,0,60,,1548567,35,,,0,18,,1548568,35,,,0,20,,1548569,35,,,0,60,,1548570,35,,,0,20,,1548571,35,,,0,18,,1548572,35,,,0,60,,1548573,35,,,0,21,,1548574,35,,,0,70,,1548575,35,,,0,30,,1548576,35,,,0,70,,1548577,35,,,0,30,,1548578,35,,,0,70,,1548579,35,,,0,30,,1548580,35,,,0,70,,1548581,35,,,0
7101,'20261002',627,,1471438,35,,,0,17,,1471437,35,,,0,61,,1471392,35,,,0,22,,1471393,35,,,0,21,,1471394,35,,,0,60,,1471395,35,,,0,18,,1471396,35,,,0,20,,1471397,35,,,0,59,,1471398,35,,,0,20,,1471399,35,,,0,17,,1471400,35,,,0,59,,1471401,35,,,0,25,,1471402,35,,,0,20,,1471403,35,,,0,59,,1471404,35,,,0,20,,1471405,35,,,0,17,,1471406,35,,,0,59,,1471407,35,,,0,20,,1471408,35,,,0,21,,1471409,35,,,0,60,,1471410,35,,,0,21,,1471411,35,,,0,21,,1471412,35,,,0,61,,1471413,35,,,0,23,,1471414,35,,,0,22,,1471415,35,,,0,61,,1471416,35,,,0,21,,1471417,35,,,0,20,,1471418,35,,,0,63,,1471419,35,,,0,19,,1471420,35,,,0,22,,1471421,35,,,0,60,,1471422,35,,,0,18,,1471423,35,,,0,20,,1471424,35,,,0,60,,1471425,35,,,0,20,,1471426,35,,,0,18,,1471427,35,,,0,60,,1471428,35,,,0,21,,1471429,35,,,0,70,,1471430,35,,,0,30,,1471431,35,,,0,70,,1471432,35,,,0,30,,1471434,35,,,0,70,,1471435,35,,,0,30,,1471436,35,,,0,70,,1471433,35,,,0
7101,'20261003',730,,1494371,35,,,0,70,,1494372,35,,,0,30,,1494373,35,,,0,71,,1494374,35,,,0,30,,1494375,35,,,0,71,,1494376,35,,,0,30,,1494377,35,,,0,71,,1494378,35,,,0,30,,1494379,35,,,0,70,,1494380,35,,,0,29,,1494381,35,,,0,71,,1494382,35,,,0,31,,1494383,35,,,0,70,,1494384,35,,,0,30,,1494385,35,,,0,72,,1494386,35,,,0,28,,1494387,35,,,0,70,,1494388,35,,,0,30,,1494389,35,,,0,70,,1494390,35,,,0,29,,1494391,35,,,0,70,,1494392,35,,,0,29,,1494393,35,,,0,69,,1494394,35,,,0,30,,1494395,35,,,0,28,,1494396,35,,,0,71,,1494397,35,,,0,70,,1494398,35,,,0,31,,1494399,35,,,0,70,,1494400,35,,,0,30,,1494401,35,,,0,71,,1494402,35,,,0,31,,1494403,35,,,0
7101,'20261004',730,,1494404,35,,,0,70,,1494405,35,,,0,30,,1494406,35,,,0,71,,1494407,35,,,0,30,,1494408,35,,,0,71,,1494409,35,,,0,30,,1494410,35,,,0,71,,1494411,35,,,0,30,,1494412,35,,,0,70,,1494413,35,,,0,29,,1494414,35,,,0,71,,1494415,35,,,0,31,,1494416,35,,,0,70,,1494417,35,,,0,30,,1494418,35,,,0,72,,1494419,35,,,0,28,,1494420,35,,,0,70,,1494421,35,,,0,30,,1494422,35,,,0,70,,1494423,35,,,0,29,,1494424,35,,,0,70,,1494425,35,,,0,29,,1494426,35,,,0,69,,1494427,35,,,0,30,,1494428,35,,,0,28,,1494429,35,,,0,71,,1494430,35,,,0,70,,1494431,35,,,0,31,,1494432,35,,,0,70,,1494433,35,,,0,30,,1494434,35,,,0,71,,1494435,35,,,0,31,,1494436,35,,,0
7101,'20261005',627,,1494483,35,,,0,17,,1494482,35,,,0,61,,1494437,35,,,0,22,,1494438,35,,,0,21,,1494439,35,,,0,60,,1494440,35,,,0,18,,1494441,35,,,0,20,,1494442,35,,,0,59,,1494443,35,,,0,20,,1494444,35,,,0,17,,1494445,35,,,0,59,,1494446,35,,,0,25,,1494447,35,,,0,20,,1494448,35,,,0,59,,1494449,35,,,0,20,,1494450,35,,,0,17,,1494451,35,,,0,59,,1494452,35,,,0,20,,1494453,35,,,0,21,,1494454,35,,,0,60,,1494455,35,,,0,21,,1494456,35,,,0,21,,1494457,35,,,0,61,,1494458,35,,,0,23,,1494459,35,,,0,22,,1494460,35,,,0,61,,1494461,35,,,0,21,,1494462,35,,,0,20,,1494463,35,,,0,63,,1494464,35,,,0,19,,1494465,35,,,0,22,,1494466,35,,,0,60,,1494467,35,,,0,18,,1494468,35,,,0,20,,1494469,35,,,0,60,,1494470,35,,,0,20,,1494471,35,,,0,18,,1494472,35,,,0,60,,1494473,35,,,0,21,,1494474,35,,,0,70,,1494475,35,,,0,30,,1494476,35,,,0,70,,1494477,35,,,0,30,,1494479,35,,,0,70,,1494480,35,,,0,30,,1494481,35,,,0,70,,1494478,35,,,0
7101,'20261006',627,,1520644,35,,,0,17,,1520643,35,,,0,61,,1520598,35,,,0,22,,1520599,35,,,0,21,,1520600,35,,,0,60,,1520601,35,,,0,18,,1520602,35,,,0,20,,1520603,35,,,0,59,,1520604,35,,,0,20,,1520605,35,,,0,17,,1520606,35,,,0,59,,1520607,35,,,0,25,,1520608,35,,,0,20,,1520609,35,,,0,59,,1520610,35,,,0,20,,1520611,35,,,0,17,,1520612,35,,,0,59,,1520613,35,,,0,20,,1520614,35,,,0,21,,1520615,35,,,0,60,,1520616,35,,,0,21,,1520617,35,,,0,21,,1520618,35,,,0,61,,1520619,35,,,0,23,,1520620,35,,,0,22,,1520621,35,,,0,61,,1520622,35,,,0,21,,1520623,35,,,0,20,,1520624,35,,,0,63,,1520625,35,,,0,19,,1520626,35,,,0,22,,1520627,35,,,0,60,,1520628,35,,,0,18,,1520629,35,,,0,20,,1520630,35,,,0,60,,1520631,35,,,0,20,,1520632,35,,,0,18,,1520633,35,,,0,60,,1520634,35,,,0,21,,1520635,35,,,0,70,,1520636,35,,,0,30,,1520637,35,,,0,70,,1520638,35,,,0,30,,1520640,35,,,0,70,,1520641,35,,,0,30,,1520642,35,,,0,70,,1520639,35,,,0
7101,'20261007',627,,1520691,35,,,0,17,,1520690,35,,,0,61,,1520645,35,,,0,22,,1520646,35,,,0,21,,1520647,35,,,0,60,,1520648,35,,,0,18,,1520649,35,,,0,20,,1520650,35,,,0,59,,1520651,35,,,0,20,,1520652,35,,,0,17,,1520653,35,,,0,59,,1520654,35,,,0,25,,1520655,35,,,0,20,,1520656,35,,,0,59,,1520657,35,,,0,20,,1520658,35,,,0,17,,1520659,35,,,0,59,,1520660,35,,,0,20,,1520661,35,,,0,21,,1520662,35,,,0,60,,1520663,35,,,0,21,,1520664,35,,,0,21,,1520665,35,,,0,61,,1520666,35,,,0,23,,1520667,35,,,0,22,,1520668,35,,,0,61,,1520669,35,,,0,21,,1520670,35,,,0,20,,1520671,35,,,0,63,,1520672,35,,,0,19,,1520673,35,,,0,22,,1520674,35,,,0,60,,1520675,35,,,0,18,,1520676,35,,,0,20,,1520677,35,,,0,60,,1520678,35,,,0,20,,1520679,35,,,0,18,,1520680,35,,,0,60,,1520681,35,,,0,21,,1520682,35,,,0,70,,1520683,35,,,0,30,,1520684,35,,,0,70,,1520685,35,,,0,30,,1520687,35,,,0,70,,1520688,35,,,0,30,,1520689,35,,,0,70,,1520686,35,,,0
7101,'20261008',627,,1520738,35,,,0,17,,1520737,35,,,0,61,,1520692,35,,,0,22,,1520693,35,,,0,21,,1520694,35,,,0,60,,1520695,35,,,0,18,,1520696,35,,,0,20,,1520697,35,,,0,59,,1520698,35,,,0,20,,1520699,35,,,0,17,,1520700,35,,,0,59,,1520701,35,,,0,25,,1520702,35,,,0,20,,1520703,35,,,0,59,,1520704,35,,,0,20,,1520705,35,,,0,17,,1520706,35,,,0,59,,1520707,35,,,0,20,,1520708,35,,,0,21,,1520709,35,,,0,60,,1520710,35,,,0,21,,1520711,35,,,0,21,,1520712,35,,,0,61,,1520713,35,,,0,23,,1520714,35,,,0,22,,1520715,35,,,0,61,,1520716,35,,,0,21,,1520717,35,,,0,20,,1520718,35,,,0,63,,1520719,35,,,0,19,,1520720,35,,,0,22,,1520721,35,,,0,60,,1520722,35,,,0,18,,1520723,35,,,0,20,,1520724,35,,,0,60,,1520725,35,,,0,20,,1520726,35,,,0,18,,1520727,35,,,0,60,,1520728,35,,,0,21,,1520729,35,,,0,70,,1520730,35,,,0,30,,1520731,35,,,0,70,,1520732,35,,,0,30,,1520734,35,,,0,70,,1520735,35,,,0,30,,1520736,35,,,0,70,,1520733,35,,,0
7101,'20261009',627,,1520785,35,,,0,17,,1520784,35,,,0,61,,1520739,35,,,0,22,,1520740,35,,,0,21,,1520741,35,,,0,60,,1520742,35,,,0,18,,1520743,35,,,0,20,,1520744,35,,,0,59,,1520745,35,,,0,20,,1520746,35,,,0,17,,1520747,35,,,0,59,,1520748,35,,,0,25,,1520749,35,,,0,20,,1520750,35,,,0,59,,1520751,35,,,0,20,,1520752,35,,,0,17,,1520753,35,,,0,59,,1520754,35,,,0,20,,1520755,35,,,0,21,,1520756,35,,,0,60,,1520757,35,,,0,21,,1520758,35,,,0,21,,1520759,35,,,0,61,,1520760,35,,,0,23,,1520761,35,,,0,22,,1520762,35,,,0,61,,1520763,35,,,0,21,,1520764,35,,,0,20,,1520765,35,,,0,63,,1520766,35,,,0,19,,1520767,35,,,0,22,,1520768,35,,,0,60,,1520769,35,,,0,18,,1520770,35,,,0,20,,1520771,35,,,0,60,,1520772,35,,,0,20,,1520773,35,,,0,18,,1520774,35,,,0,60,,1520775,35,,,0,21,,1520776,35,,,0,70,,1520777,35,,,0,30,,1520778,35,,,0,70,,1520779,35,,,0,30,,1520781,35,,,0,70,,1520782,35,,,0,30,,1520783,35,,,0,70,,1520780,35,,,0
7101,'20261010',730,,1548582,35,,,0,70,,1548583,35,,,0,30,,1548584,35,,,0,71,,1548585,35,,,0,30,,1548586,35,,,0,71,,1548587,35,,,0,30,,1548588,35,,,0,71,,1548589,35,,,0,30,,1548590,35,,,0,70,,1548591,35,,,0,29,,1548592,35,,,0,71,,1548593,35,,,0,31,,1548594,35,,,0,70,,1548595,35,,,0,30,,1548596,35,,,0,72,,1548597,35,,,0,28,,1548598,35,,,0,70,,1548599,35,,,0,30,,1548600,35,,,0,70,,1548601,35,,,0,29,,1548602,35,,,0,70,,1548603,35,,,0,29,,1548604,35,,,0,69,,1548605,35,,,0,30,,1548606,35,,,0,28,,1548607,35,,,0,71,,1548608,35,,,0,70,,1548609,35,,,0,31,,1548610,35,,,0,70,,1548611,35,,,0,30,,1548612,35,,,0,71,,1548613,35,,,0,31,,1548614,35,,,0
7101,'20261011',730,,1548615,35,,,0,70,,1548616,35,,,0,30,,1548617,35,,,0,71,,1548618,35,,,0,30,,1548619,35,,,0,71,,1548620,35,,,0,30,,1548621,35,,,0,71,,1548622,35,,,0,30,,1548623,35,,,0,70,,1548624,35,,,0,29,,1548625,35,,,0,71,,1548626,35,,,0,31,,1548627,35,,,0,70,,1548628,35,,,0,30,,1548629,35,,,0,72,,1548630,35,,,0,28,,1548631,35,,,0,70,,1548632,35,,,0,30,,1548633,35,,,0,70,,1548634,35,,,0,29,,1548635,35,,,0,70,,1548636,35,,,0,29,,1548637,35,,,0,69,,1548638,35,,,0,30,,1548639,35,,,0,28,,1548640,35,,,0,71,,1548641,35,,,0,70,,1548642,35,,,0,31,,1548643,35,,,0,70,,1548644,35,,,0,30,,1548645,35,,,0,71,,1548646,35,,,0,31,,1548647,35,,,0
7101,'20261012',730,,1548648,35,,,0,70,,1548649,35,,,0,30,,1548650,35,,,0,71,,1548651,35,,,0,30,,1548652,35,,,0,71,,1548653,35,,,0,30,,1548654,35,,,0,71,,1548655,35,,,0,30,,1548656,35,,,0,70,,1548657,35,,,0,29,,1548658,35,,,0,71,,1548659,35,,,0,31,,1548660,35,,,0,70,,1548661,35,,,0,30,,1548662,35,,,0,72,,1548663,35,,,0,28,,1548664,35,,,0,70,,1548665,35,,,0,30,,1548666,35,,,0,70,,1548667,35,,,0,29,,1548668,35,,,0,70,,1548669,35,,,0,29,,1548670,35,,,0,69,,1548671,35,,,0,30,,1548672,35,,,0,28,,1548673,35,,,0,71,,1548674,35,,,0,70,,1548675,35,,,0,31,,1548676,35,,,0,70,,1548677,35,,,0,30,,1548678,35,,,0,71,,1548679,35,,,0,31,,1548680,35,,,0
8501,'20260929',1227,,1550922,21,,,0,321,,1550923,21,,,0,75,,1550924,21,,,0,27,,1550925,21,,,0,74,,1550926,21,,,0,23,,1550927,21,,,0
8501,'20260930',1227,,1550928,21,,,0,321,,1550929,21,,,0,75,,1550930,21,,,0,27,,1550931,21,,,0,74,,1550932,21,,,0,23,,1550933,21,,,0
8501,'20261001',1227,,1550934,21,,,0,321,,1550935,21,,,0,75,,1550936,21,,,0,27,,1550937,21,,,0,74,,1550938,21,,,0,23,,1550939,21,,,0
8501,'20261002',1227,,1473769,21,,,0,321,,1473774,21,,,0,75,,1473770,21,,,0,27,,1473773,21,,,0,74,,1473771,21,,,0,23,,1473772,21,,,0
8501,'20261003',1730,,1496803,21,,,0
8501,'20261004',1730,,1496804,21,,,0
8501,'20261005',1227,,1496805,21,,,0,321,,1496810,21,,,0,75,,1496806,21,,,0,27,,1496809,21,,,0,74,,1496807,21,,,0,23,,1496808,21,,,0
8501,'20261006',1227,,1523934,21,,,0,321,,1523939,21,,,0,75,,1523935,21,,,0,27,,1523938,21,,,0,74,,1523936,21,,,0,23,,1523937,21,,,0
8501,'20261007',1227,,1523940,21,,,0,321,,1523945,21,,,0,75,,1523941,21,,,0,27,,1523944,21,,,0,74,,1523942,21,,,0,23,,1523943,21,,,0
8501,'20261008',1227,,1523946,21,,,0,321,,1523951,21,,,0,75,,1523947,21,,,0,27,,1523950,21,,,0,74,,1523948,21,,,0,23,,1523949,21,,,0
8501,'20261009',1227,,1523952,21,,,0,321,,1523957,21,,,0,75,,1523953,21,,,0,27,,1523956,21,,,0,74,,1523954,21,,,0,23,,1523955,21,,,0
8501,'20261010',1730,,1550940,21,,,0
8501,'20261011',1730,,1550941,21,,,0
8501,'20261012',1730,,1550942,21,,,0
18501,'20260929',717,,1552649,28,,,0,25,,1552650,28,,,0,77,,1552651,28,,,0,27,,1552652,28,,,0,961,,1552653,16,,,0
18501,'20260930',717,,1552654,28,,,0,25,,1552655,28,,,0,77,,1552656,28,,,0,27,,1552657,28,,,0,961,,1552658,16,,,0
18501,'20261001',717,,1552659,28,,,0,25,,1552660,28,,,0,77,,1552661,28,,,0,27,,1552662,28,,,0,961,,1552663,16,,,0
18501,'20261002',717,,1475610,28,,,0,25,,1475611,28,,,0,77,,1475612,28,,,0,27,,1475614,28,,,0,961,,1475613,16,,,0
18501,'20261005',717,,1498645,28,,,0,25,,1498646,28,,,0,77,,1498647,28,,,0,27,,1498649,28,,,0,961,,1498648,16,,,0
18501,'20261006',717,,1526471,28,,,0,25,,1526472,28,,,0,77,,1526473,28,,,0,27,,1526475,28,,,0,961,,1526474,16,,,0
18501,'20261007',717,,1526476,28,,,0,25,,1526477,28,,,0,77,,1526478,28,,,0,27,,1526480,28,,,0,961,,1526479,16,,,0
18501,'20261008',717,,1526481,28,,,0,25,,1526482,28,,,0,77,,1526483,28,,,0,27,,1526485,28,,,0,961,,1526484,16,,,0
18501,'20261009',717,,1526486,28,,,0,25,,1526487,28,,,0,77,,1526488,28,,,0,27,,1526490,28,,,0,961,,1526489,16,,,0
