5401,'20261002',545,,1570619,39,,,1,66,,1570620,39,,,1,20,,1570621,39,,,1,14,,1570622,39,,,1,58,,1570623,39,,,1,21,,1570624,39,,,1,17,,1570625,39,,,1,18,,1570626,39,,,1,55,,1570627,39,,,1,17,,1570628,39,,,1,28,,1570629,39,,,1,70,,1570630,39,,,1,26,,1570631,39,,,1,68,,1570632,39,,,1,31,,1570633,39,,,1,71,,1570634,39,,,1,31,,1570635,39,,,1,71,,1570636,39,,,1,31,,1570637,39,,,1,70,,1570638,39,,,1,31,,1570639,39,,,1,68,,1570640,39,,,1,30,,1570641,39,,,1,71,,1570642,39,,,1,72,,1570643,39,,,1,24,,1570644,39,,,1,78,,1570645,39,,,1,31,,1570646,39,,,1,25,,1570647,39,,,1,94,,1570648,39,,,1,98,,1570649,39,,,1,105,,1570650,39,,,1,145,,1570651,39,,,1,57,,1570652,39,,,1,144,,1570653,39,,,1
5401,'20261003',651,,1570654,39,,,1,106,,1570655,39,,,1,100,,1570656,39,,,1,102,,1570657,39,,,1,99,,1570658,39,,,1,67,,1570659,39,,,1,33,,1570660,39,,,1,66,,1570661,39,,,1,35,,1570662,39,,,1,71,,1570663,39,,,1,70,,1570664,39,,,1,30,,1570665,39,,,1,71,,1570666,39,,,1,23,,1570667,39,,,1,35,,1570668,39,,,1,67,,1570669,39,,,1,32,,1570670,39,,,1,72,,1570671,39,,,1,79,,1570672,39,,,1,92,,1570673,39,,,1,58,,1570674,39,,,1,98,,1570675,39,,,1,100,,1570676,39,,,1,100,,1570677,39,,,1,97,,1570678,39,,,1
5401,'20261004',651,,1570679,39,,,1,106,,1570680,39,,,1,100,,1570681,39,,,1,102,,1570682,39,,,1,99,,1570683,39,,,1,67,,1570684,39,,,1,33,,1570685,39,,,1,66,,1570686,39,,,1,35,,1570687,39,,,1,71,,1570688,39,,,1,70,,1570689,39,,,1,30,,1570690,39,,,1,71,,1570691,39,,,1,23,,1570692,39,,,1,35,,1570693,39,,,1,67,,1570694,39,,,1,32,,1570695,39,,,1,72,,1570696,39,,,1,79,,1570697,39,,,1,92,,1570698,39,,,1,58,,1570699,39,,,1,98,,1570700,39,,,1,100,,1570701,39,,,1,100,,1570702,39,,,1,97,,1570703,39,,,1
5401,'20261005',545,,1570704,39,,,1,66,,1570705,39,,,1,20,,1570706,39,,,1,14,,1570707,39,,,1,58,,1570708,39,,,1,21,,1570709,39,,,1,17,,1570710,39,,,1,18,,1570711,39,,,1,55,,1570712,39,,,1,17,,1570713,39,,,1,28,,1570714,39,,,1,70,,1570715,39,,,1,26,,1570716,39,,,1,68,,1570717,39,,,1,31,,1570718,39,,,1,71,,1570719,39,,,1,31,,1570720,39,,,1,71,,1570721,39,,,1,31,,1570722,39,,,1,70,,1570723,39,,,1,31,,1570724,39,,,1,68,,1570725,39,,,1,30,,1570726,39,,,1,71,,1570727,39,,,1,72,,1570728,39,,,1,24,,1570729,39,,,1,78,,1570730,39,,,1,31,,1570731,39,,,1,25,,1570732,39,,,1,94,,1570733,39,,,1,98,,1570734,39,,,1,105,,1570735,39,,,1,145,,1570736,39,,,1,57,,1570737,39,,,1,144,,1570738,39,,,1
5401,'20261006',545,,1517462,39,,,1,66,,1517463,39,,,1,20,,1517464,39,,,1,14,,1517465,39,,,1,58,,1517466,39,,,1,21,,1517467,39,,,1,17,,1517468,39,,,1,18,,1517469,39,,,1,55,,1517470,39,,,1,17,,1517471,39,,,1,28,,1517472,39,,,1,70,,1517473,39,,,1,26,,1517474,39,,,1,68,,1517475,39,,,1,31,,1517476,39,,,1,71,,1517477,39,,,1,31,,1517478,39,,,1,71,,1517479,39,,,1,31,,1517480,39,,,1,70,,1517481,39,,,1,31,,1517482,39,,,1,68,,1517483,39,,,1,30,,1517484,39,,,1,71,,1517485,39,,,1,72,,1517486,39,,,1,24,,1517487,39,,,1,78,,1517488,39,,,1,31,,1517489,39,,,1,25,,1517490,39,,,1,94,,1517491,39,,,1,98,,1517492,39,,,1,105,,1517493,39,,,1,145,,1517494,39,,,1,57,,1517495,39,,,1,144,,1517496,39,,,1
5401,'20261007',545,,1517497,39,,,1,66,,1517498,39,,,1,20,,1517499,39,,,1,14,,1517500,39,,,1,58,,1517501,39,,,1,21,,1517502,39,,,1,17,,1517503,39,,,1,18,,1517504,39,,,1,55,,1517505,39,,,1,17,,1517506,39,,,1,28,,1517507,39,,,1,70,,1517508,39,,,1,26,,1517509,39,,,1,68,,1517510,39,,,1,31,,1517511,39,,,1,71,,1517512,39,,,1,31,,1517513,39,,,1,71,,1517514,39,,,1,31,,1517515,39,,,1,70,,1517516,39,,,1,31,,1517517,39,,,1,68,,1517518,39,,,1,30,,1517519,39,,,1,71,,1517520,39,,,1,72,,1517521,39,,,1,24,,1517522,39,,,1,78,,1517523,39,,,1,31,,1517524,39,,,1,25,,1517525,39,,,1,94,,1517526,39,,,1,98,,1517527,39,,,1,105,,1517528,39,,,1,145,,1517529,39,,,1,57,,1517530,39,,,1,144,,1517531,39,,,1
5401,'20261008',545,,1517532,39,,,1,66,,1517533,39,,,1,20,,1517534,39,,,1,14,,1517535,39,,,1,58,,1517536,39,,,1,21,,1517537,39,,,1,17,,1517538,39,,,1,18,,1517539,39,,,1,55,,1517540,39,,,1,17,,1517541,39,,,1,28,,1517542,39,,,1,70,,1517543,39,,,1,26,,1517544,39,,,1,68,,1517545,39,,,1,31,,1517546,39,,,1,71,,1517547,39,,,1,31,,1517548,39,,,1,71,,1517549,39,,,1,31,,1517550,39,,,1,70,,1517551,39,,,1,31,,1517552,39,,,1,68,,1517553,39,,,1,30,,1517554,39,,,1,71,,1517555,39,,,1,72,,1517556,39,,,1,24,,1517557,39,,,1,78,,1517558,39,,,1,31,,1517559,39,,,1,25,,1517560,39,,,1,94,,1517561,39,,,1,98,,1517562,39,,,1,105,,1517563,39,,,1,145,,1517564,39,,,1,57,,1517565,39,,,1,144,,1517566,39,,,1
5401,'20261009',545,,1517567,39,,,1,66,,1517568,39,,,1,20,,1517569,39,,,1,14,,1517570,39,,,1,58,,1517571,39,,,1,21,,1517572,39,,,1,17,,1517573,39,,,1,18,,1517574,39,,,1,55,,1517575,39,,,1,17,,1517576,39,,,1,28,,1517577,39,,,1,70,,1517578,39,,,1,26,,1517579,39,,,1,68,,1517580,39,,,1,31,,1517581,39,,,1,71,,1517582,39,,,1,31,,1517583,39,,,1,71,,1517584,39,,,1,31,,1517585,39,,,1,70,,1517586,39,,,1,31,,1517587,39,,,1,68,,1517588,39,,,1,30,,1517589,39,,,1,71,,1517590,39,,,1,72,,1517591,39,,,1,24,,1517592,39,,,1,78,,1517593,39,,,1,31,,1517594,39,,,1,25,,1517595,39,,,1,94,,1517596,39,,,1,98,,1517597,39,,,1,105,,1517598,39,,,1,145,,1517599,39,,,1,57,,1517600,39,,,1,144,,1517601,39,,,1
5401,'20261010',651,,1546380,39,,,1,106,,1546381,39,,,1,100,,1546382,39,,,1,102,,1546383,39,,,1,99,,1546384,39,,,1,67,,1546403,39,,,1,33,,1546385,39,,,1,66,,1546396,39,,,1,35,,1546386,39,,,1,71,,1546397,39,,,1,70,,1546387,39,,,1,30,,1546398,39,,,1,71,,1546388,39,,,1,23,,1546399,39,,,1,35,,1546389,39,,,1,67,,1546400,39,,,1,32,,1546390,39,,,1,72,,1546401,39,,,1,79,,1546404,39,,,1,92,,1546402,39,,,1,58,,1546391,39,,,1,98,,1546392,39,,,1,100,,1546393,39,,,1,100,,1546394,39,,,1,97,,1546395,39,,,1
5401,'20261011',651,,1546414,39,,,1,106,,1546411,39,,,1,100,,1546407,39,,,1,102,,1546415,39,,,1,99,,1546405,39,,,1,67,,1546424,39,,,1,33,,1546406,39,,,1,66,,1546426,39,,,1,35,,1546409,39,,,1,71,,1546425,39,,,1,70,,1546419,39,,,1,30,,1546422,39,,,1,71,,1546408,39,,,1,23,,1546423,39,,,1,35,,1546410,39,,,1,67,,1546427,39,,,1,32,,1546412,39,,,1,72,,1546421,39,,,1,79,,1546429,39,,,1,92,,1546428,39,,,1,58,,1546413,39,,,1,98,,1546416,39,,,1,100,,1546417,39,,,1,100,,1546418,39,,,1,97,,1546420,39,,,1
5401,'20261012',651,,1546439,39,,,1,106,,1546436,39,,,1,100,,1546432,39,,,1,102,,1546440,39,,,1,99,,1546430,39,,,1,67,,1546449,39,,,1,33,,1546431,39,,,1,66,,1546451,39,,,1,35,,1546434,39,,,1,71,,1546450,39,,,1,70,,1546444,39,,,1,30,,1546447,39,,,1,71,,1546433,39,,,1,23,,1546448,39,,,1,35,,1546435,39,,,1,67,,1546452,39,,,1,32,,1546437,39,,,1,72,,1546446,39,,,1,79,,1546454,39,,,1,92,,1546453,39,,,1,58,,1546438,39,,,1,98,,1546441,39,,,1,100,,1546442,39,,,1,100,,1546443,39,,,1,97,,1546445,39,,,1
5401,'20261013',545,,1570739,39,,,1,66,,1570740,39,,,1,20,,1570741,39,,,1,14,,1570742,39,,,1,58,,1570743,39,,,1,21,,1570744,39,,,1,17,,1570745,39,,,1,18,,1570746,39,,,1,55,,1570747,39,,,1,17,,1570748,39,,,1,28,,1570749,39,,,1,70,,1570750,39,,,1,26,,1570751,39,,,1,68,,1570752,39,,,1,31,,1570753,39,,,1,71,,1570754,39,,,1,31,,1570755,39,,,1,71,,1570756,39,,,1,31,,1570757,39,,,1,70,,1570758,39,,,1,31,,1570759,39,,,1,68,,1570760,39,,,1,30,,1570761,39,,,1,71,,1570762,39,,,1,72,,1570763,39,,,1,24,,1570764,39,,,1,78,,1570765,39,,,1,31,,1570766,39,,,1,25,,1570767,39,,,1,94,,1570768,39,,,1,98,,1570769,39,,,1,105,,1570770,39,,,1,145,,1570771,39,,,1,57,,1570772,39,,,1,144,,1570773,39,,,1
5401,'20261014',545,,1570774,39,,,1,66,,1570775,39,,,1,20,,1570776,39,,,1,14,,1570777,39,,,1,58,,1570778,39,,,1,21,,1570779,39,,,1,17,,1570780,39,,,1,18,,1570781,39,,,1,55,,1570782,39,,,1,17,,1570783,39,,,1,28,,1570784,39,,,1,70,,1570785,39,,,1,26,,1570786,39,,,1,68,,1570787,39,,,1,31,,1570788,39,,,1,71,,1570789,39,,,1,31,,1570790,39,,,1,71,,1570791,39,,,1,31,,1570792,39,,,1,70,,1570793,39,,,1,31,,1570794,39,,,1,68,,1570795,39,,,1,30,,1570796,39,,,1,71,,1570797,39,,,1,72,,1570798,39,,,1,24,,1570799,39,,,1,78,,1570800,39,,,1,31,,1570801,39,,,1,25,,1570802,39,,,1,94,,1570803,39,,,1,98,,1570804,39,,,1,105,,1570805,39,,,1,145,,1570806,39,,,1,57,,1570807,39,,,1,144,,1570808,39,,,1
5401,'20261015',545,,1570809,39,,,1,66,,1570810,39,,,1,20,,1570811,39,,,1,14,,1570812,39,,,1,58,,1570813,39,,,1,21,,1570814,39,,,1,17,,1570815,39,,,1,18,,1570816,39,,,1,55,,1570817,39,,,1,17,,1570818,39,,,1,28,,1570819,39,,,1,70,,1570820,39,,,1,26,,1570821,39,,,1,68,,1570822,39,,,1,31,,1570823,39,,,1,71,,1570824,39,,,1,31,,1570825,39,,,1,71,,1570826,39,,,1,31,,1570827,39,,,1,70,,1570828,39,,,1,31,,1570829,39,,,1,68,,1570830,39,,,1,30,,1570831,39,,,1,71,,1570832,39,,,1,72,,1570833,39,,,1,24,,1570834,39,,,1,78,,1570835,39,,,1,31,,1570836,39,,,1,25,,1570837,39,,,1,94,,1570838,39,,,1,98,,1570839,39,,,1,105,,1570840,39,,,1,145,,1570841,39,,,1,57,,1570842,39,,,1,144,,1570843,39,,,1
5401,'20261016',545,,1570844,39,,,1,66,,1570845,39,,,1,20,,1570846,39,,,1,14,,1570847,39,,,1,58,,1570848,39,,,1,21,,1570849,39,,,1,17,,1570850,39,,,1,18,,1570851,39,,,1,55,,1570852,39,,,1,17,,1570853,39,,,1,28,,1570854,39,,,1,70,,1570855,39,,,1,26,,1570856,39,,,1,68,,1570857,39,,,1,31,,1570858,39,,,1,71,,1570859,39,,,1,31,,1570860,39,,,1,71,,1570861,39,,,1,31,,1570862,39,,,1,70,,1570863,39,,,1,31,,1570864,39,,,1,68,,1570865,39,,,1,30,,1570866,39,,,1,71,,1570867,39,,,1,72,,1570868,39,,,1,24,,1570869,39,,,1,78,,1570870,39,,,1,31,,1570871,39,,,1,25,,1570872,39,,,1,94,,1570873,39,,,1,98,,1570874,39,,,1,105,,1570875,39,,,1,145,,1570876,39,,,1,57,,1570877,39,,,1,144,,1570878,39,,,1
33601,'20261002',703,,1581421,46,,,0,19,,1581422,46,,,0
33601,'20261005',703,,1581423,46,,,0,19,,1581424,46,,,0
33601,'20261006',703,,1528149,46,,,0,19,,1528150,46,,,0
33601,'20261007',703,,1528151,46,,,0,19,,1528152,46,,,0
33601,'20261008',703,,1528153,46,,,0,19,,1528154,46,,,0
33601,'20261009',703,,1528155,46,,,0,19,,1528156,46,,,0
33601,'20261013',703,,1581425,46,,,0,19,,1581426,46,,,0
33601,'20261014',703,,1581427,46,,,0,19,,1581428,46,,,0
33601,'20261015',703,,1581429,46,,,0,19,,1581430,46,,,0
33601,'20261016',703,,1581431,46,,,0,19,,1581432,46,,,0
35801,'20261002',704,,1581698,36,,,0,27,,1581699,36,,,0
35801,'20261005',704,,1581700,36,,,0,27,,1581701,36,,,0
35801,'20261006',704,,1528425,36,,,0,27,,1528426,36,,,0
35801,'20261007',704,,1528427,36,,,0,27,,1528428,36,,,0
35801,'20261008',704,,1528429,36,,,0,27,,1528430,36,,,0
35801,'20261009',704,,1528431,36,,,0,27,,1528432,36,,,0
35801,'20261013',704,,1581702,36,,,0,27,,1581703,36,,,0
35801,'20261014',704,,1581704,36,,,0,27,,1581705,36,,,0
35801,'20261015',704,,1581706,36,,,0,27,,1581707,36,,,0
35801,'20261016',704,,1581708,36,,,0,27,,1581709,36,,,0
53601,'20261002',658,,1582258,46,,,0,65,,1582259,46,,,0
53601,'20261005',658,,1582260,46,,,0,65,,1582261,46,,,0
53601,'20261006',658,,1528986,46,,,0,65,,1528987,46,,,0
53601,'20261007',658,,1528988,46,,,0,65,,1528989,46,,,0
53601,'20261008',658,,1528990,46,,,0,65,,1528991,46,,,0
53601,'20261009',658,,1528992,46,,,0,65,,1528993,46,,,0
53601,'20261013',658,,1582262,46,,,0,65,,1582263,46,,,0
53601,'20261014',658,,1582264,46,,,0,65,,1582265,46,,,0
53601,'20261015',658,,1582266,46,,,0,65,,1582267,46,,,0
53601,'20261016',658,,1582268,46,,,0,65,,1582269,46,,,0
55801,'20261002',659,,1582480,36,,,0,85,,1582481,36,,,0
55801,'20261005',659,,1582482,36,,,0,85,,1582483,36,,,0
55801,'20261006',659,,1529208,36,,,0,85,,1529209,36,,,0
55801,'20261007',659,,1529210,36,,,0,85,,1529211,36,,,0
55801,'20261008',659,,1529212,36,,,0,85,,1529213,36,,,0
55801,'20261009',659,,1529214,36,,,0,85,,1529215,36,,,0
55801,'20261013',659,,1582484,36,,,0,85,,1582485,36,,,0
55801,'20261014',659,,1582486,36,,,0,85,,1582487,36,,,0
55801,'20261015',659,,1582488,36,,,0,85,,1582489,36,,,0
55801,'20261016',659,,1582490,36,,,0,85,,1582491,36,,,0
