8100,'20261009',639,,1607969,30,,,0,70,,1607970,30,,,0,32,,1607971,30,,,0,71,,1607972,30,,,0,29,,1607973,30,,,0,69,,1607974,30,,,0,100,,1607975,30,,,0,100,,1607976,30,,,0,101,,1607977,30,,,0,100,,1607978,30,,,0,100,,1607979,30,,,0,101,,1607980,30,,,0,31,,1607981,30,,,0,71,,1607982,30,,,0,32,,1607983,30,,,0,68,,1607984,30,,,0,28,,1607985,30,,,0,68,,1607986,30,,,0,100,,1607987,30,,,0,99,,1607988,30,,,0,100,,1607989,30,,,0,100,,1607990,30,,,0,100,,1607991,30,,,0
8100,'20261010',809,,1635288,30,,,0,100,,1635289,30,,,0,100,,1635290,30,,,0,100,,1635291,30,,,0,100,,1635292,30,,,0,101,,1635293,30,,,0,100,,1635294,30,,,0,100,,1635295,30,,,0,100,,1635296,30,,,0,100,,1635297,30,,,0,100,,1635298,30,,,0,99,,1635299,30,,,0,100,,1635300,30,,,0,100,,1635301,30,,,0,100,,1635302,30,,,0,100,,1635303,30,,,0
8100,'20261011',809,,1635304,30,,,0,100,,1635305,30,,,0,100,,1635306,30,,,0,100,,1635307,30,,,0,100,,1635308,30,,,0,101,,1635309,30,,,0,100,,1635310,30,,,0,100,,1635311,30,,,0,100,,1635312,30,,,0,100,,1635313,30,,,0,100,,1635314,30,,,0,99,,1635315,30,,,0,100,,1635316,30,,,0,100,,1635317,30,,,0,100,,1635318,30,,,0,100,,1635319,30,,,0
8100,'20261012',809,,1635320,30,,,0,100,,1635321,30,,,0,100,,1635322,30,,,0,100,,1635323,30,,,0,100,,1635324,30,,,0,101,,1635325,30,,,0,100,,1635326,30,,,0,100,,1635327,30,,,0,100,,1635328,30,,,0,100,,1635329,30,,,0,100,,1635330,30,,,0,99,,1635331,30,,,0,100,,1635332,30,,,0,100,,1635333,30,,,0,100,,1635334,30,,,0,100,,1635335,30,,,0
8100,'20261013',639,,1576246,30,,,0,70,,1576247,30,,,0,32,,1576248,30,,,0,71,,1576249,30,,,0,29,,1576250,30,,,0,69,,1576251,30,,,0,100,,1576252,30,,,0,100,,1576253,30,,,0,101,,1576254,30,,,0,100,,1576255,30,,,0,100,,1576256,30,,,0,101,,1576257,30,,,0,31,,1576258,30,,,0,71,,1576259,30,,,0,32,,1576260,30,,,0,68,,1576261,30,,,0,28,,1576262,30,,,0,68,,1576263,30,,,0,100,,1576264,30,,,0,99,,1576265,30,,,0,100,,1576266,30,,,0,100,,1576267,30,,,0,100,,1576268,30,,,0
8100,'20261014',639,,1576269,30,,,0,70,,1576270,30,,,0,32,,1576271,30,,,0,71,,1576272,30,,,0,29,,1576273,30,,,0,69,,1576274,30,,,0,100,,1576275,30,,,0,100,,1576276,30,,,0,101,,1576277,30,,,0,100,,1576278,30,,,0,100,,1576279,30,,,0,101,,1576280,30,,,0,31,,1576281,30,,,0,71,,1576282,30,,,0,32,,1576283,30,,,0,68,,1576284,30,,,0,28,,1576285,30,,,0,68,,1576286,30,,,0,100,,1576287,30,,,0,99,,1576288,30,,,0,100,,1576289,30,,,0,100,,1576290,30,,,0,100,,1576291,30,,,0
8100,'20261015',639,,1576292,30,,,0,70,,1576293,30,,,0,32,,1576294,30,,,0,71,,1576295,30,,,0,29,,1576296,30,,,0,69,,1576297,30,,,0,100,,1576298,30,,,0,100,,1576299,30,,,0,101,,1576300,30,,,0,100,,1576301,30,,,0,100,,1576302,30,,,0,101,,1576303,30,,,0,31,,1576304,30,,,0,71,,1576305,30,,,0,32,,1576306,30,,,0,68,,1576307,30,,,0,28,,1576308,30,,,0,68,,1576309,30,,,0,100,,1576310,30,,,0,99,,1576311,30,,,0,100,,1576312,30,,,0,100,,1576313,30,,,0,100,,1576314,30,,,0
8100,'20261016',639,,1576315,30,,,0,70,,1576316,30,,,0,32,,1576317,30,,,0,71,,1576318,30,,,0,29,,1576319,30,,,0,69,,1576320,30,,,0,100,,1576321,30,,,0,100,,1576322,30,,,0,101,,1576323,30,,,0,100,,1576324,30,,,0,100,,1576325,30,,,0,101,,1576326,30,,,0,31,,1576327,30,,,0,71,,1576328,30,,,0,32,,1576329,30,,,0,68,,1576330,30,,,0,28,,1576331,30,,,0,68,,1576332,30,,,0,100,,1576333,30,,,0,99,,1576334,30,,,0,100,,1576335,30,,,0,100,,1576336,30,,,0,100,,1576337,30,,,0
8100,'20261017',809,,1607992,30,,,0,100,,1607993,30,,,0,100,,1607994,30,,,0,100,,1607995,30,,,0,100,,1607996,30,,,0,101,,1607997,30,,,0,100,,1607998,30,,,0,100,,1607999,30,,,0,100,,1608000,30,,,0,100,,1608001,30,,,0,100,,1608002,30,,,0,99,,1608003,30,,,0,100,,1608004,30,,,0,100,,1608005,30,,,0,100,,1608006,30,,,0,100,,1608007,30,,,0
8100,'20261018',809,,1608008,30,,,0,100,,1608009,30,,,0,100,,1608010,30,,,0,100,,1608011,30,,,0,100,,1608012,30,,,0,101,,1608013,30,,,0,100,,1608014,30,,,0,100,,1608015,30,,,0,100,,1608016,30,,,0,100,,1608017,30,,,0,100,,1608018,30,,,0,99,,1608019,30,,,0,100,,1608020,30,,,0,100,,1608021,30,,,0,100,,1608022,30,,,0,100,,1608023,30,,,0
8100,'20261019',639,,1608024,30,,,0,70,,1608025,30,,,0,32,,1608026,30,,,0,71,,1608027,30,,,0,29,,1608028,30,,,0,69,,1608029,30,,,0,100,,1608030,30,,,0,100,,1608031,30,,,0,101,,1608032,30,,,0,100,,1608033,30,,,0,100,,1608034,30,,,0,101,,1608035,30,,,0,31,,1608036,30,,,0,71,,1608037,30,,,0,32,,1608038,30,,,0,68,,1608039,30,,,0,28,,1608040,30,,,0,68,,1608041,30,,,0,100,,1608042,30,,,0,99,,1608043,30,,,0,100,,1608044,30,,,0,100,,1608045,30,,,0,100,,1608046,30,,,0
8100,'20261020',639,,1608047,30,,,0,70,,1608048,30,,,0,32,,1608049,30,,,0,71,,1608050,30,,,0,29,,1608051,30,,,0,69,,1608052,30,,,0,100,,1608053,30,,,0,100,,1608054,30,,,0,101,,1608055,30,,,0,100,,1608056,30,,,0,100,,1608057,30,,,0,101,,1608058,30,,,0,31,,1608059,30,,,0,71,,1608060,30,,,0,32,,1608061,30,,,0,68,,1608062,30,,,0,28,,1608063,30,,,0,68,,1608064,30,,,0,100,,1608065,30,,,0,99,,1608066,30,,,0,100,,1608067,30,,,0,100,,1608068,30,,,0,100,,1608069,30,,,0
8100,'20261021',639,,1635336,30,,,0,70,,1635337,30,,,0,32,,1635338,30,,,0,71,,1635339,30,,,0,29,,1635340,30,,,0,69,,1635341,30,,,0,100,,1635342,30,,,0,100,,1635343,30,,,0,101,,1635344,30,,,0,100,,1635345,30,,,0,100,,1635346,30,,,0,101,,1635347,30,,,0,31,,1635348,30,,,0,71,,1635349,30,,,0,32,,1635350,30,,,0,68,,1635351,30,,,0,28,,1635352,30,,,0,68,,1635353,30,,,0,100,,1635354,30,,,0,99,,1635355,30,,,0,100,,1635356,30,,,0,100,,1635357,30,,,0,100,,1635358,30,,,0
8100,'20261022',639,,1635359,30,,,0,70,,1635360,30,,,0,32,,1635361,30,,,0,71,,1635362,30,,,0,29,,1635363,30,,,0,69,,1635364,30,,,0,100,,1635365,30,,,0,100,,1635366,30,,,0,101,,1635367,30,,,0,100,,1635368,30,,,0,100,,1635369,30,,,0,101,,1635370,30,,,0,31,,1635371,30,,,0,71,,1635372,30,,,0,32,,1635373,30,,,0,68,,1635374,30,,,0,28,,1635375,30,,,0,68,,1635376,30,,,0,100,,1635377,30,,,0,99,,1635378,30,,,0,100,,1635379,30,,,0,100,,1635380,30,,,0,100,,1635381,30,,,0
8100,'20261023',639,,1635382,30,,,0,70,,1635383,30,,,0,32,,1635384,30,,,0,71,,1635385,30,,,0,29,,1635386,30,,,0,69,,1635387,30,,,0,100,,1635388,30,,,0,100,,1635389,30,,,0,101,,1635390,30,,,0,100,,1635391,30,,,0,100,,1635392,30,,,0,101,,1635393,30,,,0,31,,1635394,30,,,0,71,,1635395,30,,,0,32,,1635396,30,,,0,68,,1635397,30,,,0,28,,1635398,30,,,0,68,,1635399,30,,,0,100,,1635400,30,,,0,99,,1635401,30,,,0,100,,1635402,30,,,0,100,,1635403,30,,,0,100,,1635404,30,,,0
27200,'20261009',1630,,1612263,25,4,,0,72,,1612264,25,4,,0,40,,1612265,25,4,,0,62,,1612266,25,4,,0,23,,1612267,25,4,,0
27200,'20261013',1630,,1580512,25,4,,0,72,,1580513,25,4,,0,40,,1580514,25,4,,0,62,,1580515,25,4,,0,23,,1580511,25,4,,0
27200,'20261014',1630,,1580517,25,4,,0,72,,1580518,25,4,,0,40,,1580519,25,4,,0,62,,1580520,25,4,,0,23,,1580516,25,4,,0
27200,'20261015',1630,,1580522,25,4,,0,72,,1580523,25,4,,0,40,,1580524,25,4,,0,62,,1580525,25,4,,0,23,,1580521,25,4,,0
27200,'20261016',1630,,1580527,25,4,,0,72,,1580528,25,4,,0,40,,1580529,25,4,,0,62,,1580530,25,4,,0,23,,1580526,25,4,,0
27200,'20261019',1630,,1612269,25,4,,0,72,,1612270,25,4,,0,40,,1612271,25,4,,0,62,,1612272,25,4,,0,23,,1612268,25,4,,0
27200,'20261020',1630,,1612274,25,4,,0,72,,1612275,25,4,,0,40,,1612276,25,4,,0,62,,1612277,25,4,,0,23,,1612273,25,4,,0
27200,'20261021',1630,,1638109,25,4,,0,72,,1638110,25,4,,0,40,,1638111,25,4,,0,62,,1638112,25,4,,0,23,,1638108,25,4,,0
27200,'20261022',1630,,1638114,25,4,,0,72,,1638115,25,4,,0,40,,1638116,25,4,,0,62,,1638117,25,4,,0,23,,1638113,25,4,,0
27200,'20261023',1630,,1638119,25,4,,0,72,,1638120,25,4,,0,40,,1638121,25,4,,0,62,,1638122,25,4,,0,23,,1638118,25,4,,0
