8200,'20261002',711,,1576512,105,,,0,38,,1576513,105,,,0,77,,1576514,105,,,0,103,,1576516,105,,,0,195,,1576518,105,,,0,198,,1576520,105,,,0,197,,1576522,105,,,0,193,,1576524,105,,,0,28,,1576525,105,,,0,69,,1576526,105,,,0,28,,1576527,105,,,0,96,,1576528,105,,,0,78,,1576529,107,,,0,200,,1576531,107,,,0,199,,1576533,107,,,0
8200,'20261003',738,,1576534,107,,,0,200,,1576536,107,,,0,203,,1576538,107,,,0,201,,1576540,107,,,0,201,,1576542,107,,,0,201,,1576544,107,,,0,197,,1576546,107,,,0,199,,1576548,107,,,0,269,,1576550,107,,,0
8200,'20261004',738,,1576551,107,,,0,200,,1576553,107,,,0,203,,1576555,107,,,0,201,,1576557,107,,,0,201,,1576559,107,,,0,201,,1576561,107,,,0,197,,1576563,107,,,0,199,,1576565,107,,,0,269,,1576567,107,,,0
8200,'20261005',711,,1576568,105,,,0,38,,1576569,105,,,0,77,,1576570,105,,,0,103,,1576572,105,,,0,195,,1576574,105,,,0,198,,1576576,105,,,0,197,,1576578,105,,,0,193,,1576580,105,,,0,28,,1576581,105,,,0,69,,1576582,105,,,0,28,,1576583,105,,,0,96,,1576584,105,,,0,78,,1576585,107,,,0,200,,1576587,107,,,0,199,,1576589,107,,,0
8200,'20261006',711,,1523335,105,,,0,38,,1523318,105,,,0,77,,1523339,105,,,0,103,,1523334,105,,,0,195,,1523333,105,,,0,198,,1523319,105,,,0,197,,1523332,105,,,0,193,,1523320,105,,,0,28,,1523321,105,,,0,69,,1523322,105,,,0,28,,1523323,105,,,0,96,,1523330,105,,,0,78,,1523331,107,,,0,200,,1523336,107,,,0,199,,1523324,107,,,0
8200,'20261007',711,,1523357,105,,,0,38,,1523340,105,,,0,77,,1523361,105,,,0,103,,1523356,105,,,0,195,,1523355,105,,,0,198,,1523341,105,,,0,197,,1523354,105,,,0,193,,1523342,105,,,0,28,,1523343,105,,,0,69,,1523344,105,,,0,28,,1523345,105,,,0,96,,1523352,105,,,0,78,,1523353,107,,,0,200,,1523358,107,,,0,199,,1523346,107,,,0
8200,'20261008',711,,1523379,105,,,0,38,,1523362,105,,,0,77,,1523383,105,,,0,103,,1523378,105,,,0,195,,1523377,105,,,0,198,,1523363,105,,,0,197,,1523376,105,,,0,193,,1523364,105,,,0,28,,1523365,105,,,0,69,,1523366,105,,,0,28,,1523367,105,,,0,96,,1523374,105,,,0,78,,1523375,107,,,0,200,,1523380,107,,,0,199,,1523368,107,,,0
8200,'20261009',711,,1523401,105,,,0,38,,1523384,105,,,0,77,,1523405,105,,,0,103,,1523400,105,,,0,195,,1523399,105,,,0,198,,1523385,105,,,0,197,,1523398,105,,,0,193,,1523386,105,,,0,28,,1523387,105,,,0,69,,1523388,105,,,0,28,,1523389,105,,,0,96,,1523396,105,,,0,78,,1523397,107,,,0,200,,1523402,107,,,0,199,,1523390,107,,,0
8200,'20261010',738,,1550522,107,,,0,200,,1550512,107,,,0,203,,1550520,107,,,0,201,,1550509,107,,,0,201,,1550521,107,,,0,201,,1550524,107,,,0,197,,1550517,107,,,0,199,,1550523,107,,,0,269,,1550511,107,,,0
8200,'20261011',738,,1550537,107,,,0,200,,1550534,107,,,0,203,,1550533,107,,,0,201,,1550528,107,,,0,201,,1550531,107,,,0,201,,1550541,107,,,0,197,,1550526,107,,,0,199,,1550540,107,,,0,269,,1550530,107,,,0
8200,'20261012',738,,1550554,107,,,0,200,,1550551,107,,,0,203,,1550550,107,,,0,201,,1550545,107,,,0,201,,1550548,107,,,0,201,,1550558,107,,,0,197,,1550543,107,,,0,199,,1550557,107,,,0,269,,1550547,107,,,0
8200,'20261013',711,,1576607,105,,,0,38,,1576590,105,,,0,77,,1576611,105,,,0,103,,1576606,105,,,0,195,,1576605,105,,,0,198,,1576591,105,,,0,197,,1576604,105,,,0,193,,1576592,105,,,0,28,,1576593,105,,,0,69,,1576594,105,,,0,28,,1576595,105,,,0,96,,1576602,105,,,0,78,,1576603,107,,,0,200,,1576608,107,,,0,199,,1576596,107,,,0
8200,'20261014',711,,1576629,105,,,0,38,,1576612,105,,,0,77,,1576633,105,,,0,103,,1576628,105,,,0,195,,1576627,105,,,0,198,,1576613,105,,,0,197,,1576626,105,,,0,193,,1576614,105,,,0,28,,1576615,105,,,0,69,,1576616,105,,,0,28,,1576617,105,,,0,96,,1576624,105,,,0,78,,1576625,107,,,0,200,,1576630,107,,,0,199,,1576618,107,,,0
8200,'20261015',711,,1576651,105,,,0,38,,1576634,105,,,0,77,,1576655,105,,,0,103,,1576650,105,,,0,195,,1576649,105,,,0,198,,1576635,105,,,0,197,,1576648,105,,,0,193,,1576636,105,,,0,28,,1576637,105,,,0,69,,1576638,105,,,0,28,,1576639,105,,,0,96,,1576646,105,,,0,78,,1576647,107,,,0,200,,1576652,107,,,0,199,,1576640,107,,,0
8200,'20261016',711,,1576673,105,,,0,38,,1576656,105,,,0,77,,1576677,105,,,0,103,,1576672,105,,,0,195,,1576671,105,,,0,198,,1576657,105,,,0,197,,1576670,105,,,0,193,,1576658,105,,,0,28,,1576659,105,,,0,69,,1576660,105,,,0,28,,1576661,105,,,0,96,,1576668,105,,,0,78,,1576669,107,,,0,200,,1576674,107,,,0,199,,1576662,107,,,0
28200,'20261002',1614,,1580849,49,4,,0,30,,1580850,49,4,,0,79,,1580851,49,4,,0,32,,1580852,49,4,,0,65,,1580853,49,4,,0,18,,1580854,49,4,,0
28200,'20261005',1614,,1580855,49,4,,0,30,,1580856,49,4,,0,79,,1580857,49,4,,0,32,,1580858,49,4,,0,65,,1580859,49,4,,0,18,,1580860,49,4,,0
28200,'20261006',1614,,1527590,49,4,,0,30,,1527588,49,4,,0,79,,1527586,49,4,,0,32,,1527585,49,4,,0,65,,1527589,49,4,,0,18,,1527587,49,4,,0
28200,'20261007',1614,,1527596,49,4,,0,30,,1527594,49,4,,0,79,,1527592,49,4,,0,32,,1527591,49,4,,0,65,,1527595,49,4,,0,18,,1527593,49,4,,0
28200,'20261008',1614,,1527602,49,4,,0,30,,1527600,49,4,,0,79,,1527598,49,4,,0,32,,1527597,49,4,,0,65,,1527601,49,4,,0,18,,1527599,49,4,,0
28200,'20261009',1614,,1527608,49,4,,0,30,,1527606,49,4,,0,79,,1527604,49,4,,0,32,,1527603,49,4,,0,65,,1527607,49,4,,0,18,,1527605,49,4,,0
28200,'20261013',1614,,1580866,49,4,,0,30,,1580864,49,4,,0,79,,1580862,49,4,,0,32,,1580861,49,4,,0,65,,1580865,49,4,,0,18,,1580863,49,4,,0
28200,'20261014',1614,,1580872,49,4,,0,30,,1580870,49,4,,0,79,,1580868,49,4,,0,32,,1580867,49,4,,0,65,,1580871,49,4,,0,18,,1580869,49,4,,0
28200,'20261015',1614,,1580878,49,4,,0,30,,1580876,49,4,,0,79,,1580874,49,4,,0,32,,1580873,49,4,,0,65,,1580877,49,4,,0,18,,1580875,49,4,,0
28200,'20261016',1614,,1580884,49,4,,0,30,,1580882,49,4,,0,79,,1580880,49,4,,0,32,,1580879,49,4,,0,65,,1580883,49,4,,0,18,,1580881,49,4,,0
37200,'20261002',1302,,1581791,67,4,,0,413,,1581792,67,4,,0,100,,1581793,67,4,,0,94,,1581794,67,4,,0
37200,'20261005',1302,,1581795,67,4,,0,413,,1581796,67,4,,0,100,,1581797,67,4,,0,94,,1581798,67,4,,0
37200,'20261006',1302,,1528523,67,4,,0,413,,1528524,67,4,,0,100,,1528525,67,4,,0,94,,1528526,67,4,,0
37200,'20261007',1302,,1528527,67,4,,0,413,,1528528,67,4,,0,100,,1528529,67,4,,0,94,,1528530,67,4,,0
37200,'20261008',1302,,1528531,67,4,,0,413,,1528532,67,4,,0,100,,1528533,67,4,,0,94,,1528534,67,4,,0
37200,'20261009',1302,,1528535,67,4,,0,413,,1528536,67,4,,0,100,,1528537,67,4,,0,94,,1528538,67,4,,0
37200,'20261013',1302,,1581799,67,4,,0,413,,1581800,67,4,,0,100,,1581801,67,4,,0,94,,1581802,67,4,,0
37200,'20261014',1302,,1581803,67,4,,0,413,,1581804,67,4,,0,100,,1581805,67,4,,0,94,,1581806,67,4,,0
37200,'20261015',1302,,1581807,67,4,,0,413,,1581808,67,4,,0,100,,1581809,67,4,,0,94,,1581810,67,4,,0
37200,'20261016',1302,,1581811,67,4,,0,413,,1581812,67,4,,0,100,,1581813,67,4,,0,94,,1581814,67,4,,0
57200,'20261002',1635,,1582540,65,4,,0,84,,1582541,65,4,,0,36,,1582542,65,4,,0,63,,1582543,65,4,,0
57200,'20261005',1635,,1582544,65,4,,0,84,,1582545,65,4,,0,36,,1582546,65,4,,0,63,,1582547,65,4,,0
57200,'20261006',1635,,1529275,65,4,,0,84,,1529272,65,4,,0,36,,1529273,65,4,,0,63,,1529274,65,4,,0
57200,'20261007',1635,,1529279,65,4,,0,84,,1529276,65,4,,0,36,,1529277,65,4,,0,63,,1529278,65,4,,0
57200,'20261008',1635,,1529283,65,4,,0,84,,1529280,65,4,,0,36,,1529281,65,4,,0,63,,1529282,65,4,,0
57200,'20261009',1635,,1529287,65,4,,0,84,,1529284,65,4,,0,36,,1529285,65,4,,0,63,,1529286,65,4,,0
57200,'20261013',1635,,1582551,65,4,,0,84,,1582548,65,4,,0,36,,1582549,65,4,,0,63,,1582550,65,4,,0
57200,'20261014',1635,,1582555,65,4,,0,84,,1582552,65,4,,0,36,,1582553,65,4,,0,63,,1582554,65,4,,0
57200,'20261015',1635,,1582559,65,4,,0,84,,1582556,65,4,,0,36,,1582557,65,4,,0,63,,1582558,65,4,,0
57200,'20261016',1635,,1582563,65,4,,0,84,,1582560,65,4,,0,36,,1582561,65,4,,0,63,,1582562,65,4,,0
