8201,'20261009',530,,1608473,13,,,0,72,,1608474,13,,,0,26,,1608475,13,,,0,29,,1608476,13,,,0,73,,1608477,13,,,0,78,,1608478,13,,,0,36,,1608479,13,,,0,101,,1608480,13,,,0,195,,1608481,13,,,0,197,,1608482,13,,,0,199,,1608483,13,,,0,197,,1608484,13,,,0,93,,1608485,13,,,0,28,,1608486,13,,,0,101,,1608487,13,,,0,302,,1608488,13,,,0
8201,'20261010',626,,1635645,13,,,0,198,,1635646,13,,,0,200,,1635647,13,,,0,200,,1635648,13,,,0,200,,1635649,13,,,0,200,,1635650,13,,,0,203,,1635651,13,,,0,200,,1635652,13,,,0,300,,1635653,13,,,0
8201,'20261011',626,,1635662,13,,,0,198,,1635663,13,,,0,200,,1635664,13,,,0,200,,1635665,13,,,0,200,,1635666,13,,,0,200,,1635667,13,,,0,203,,1635668,13,,,0,200,,1635669,13,,,0,300,,1635670,13,,,0
8201,'20261012',626,,1635679,13,,,0,198,,1635680,13,,,0,200,,1635681,13,,,0,200,,1635682,13,,,0,200,,1635683,13,,,0,200,,1635684,13,,,0,203,,1635685,13,,,0,200,,1635686,13,,,0,300,,1635687,13,,,0
8201,'20261013',530,,1576754,13,,,0,72,,1576755,13,,,0,26,,1576756,13,,,0,29,,1576757,13,,,0,73,,1576771,13,,,0,78,,1576768,13,,,0,36,,1576773,13,,,0,101,,1576758,13,,,0,195,,1576759,13,,,0,197,,1576770,13,,,0,199,,1576769,13,,,0,197,,1576760,13,,,0,93,,1576761,13,,,0,28,,1576772,13,,,0,101,,1576774,13,,,0,302,,1576762,13,,,0
8201,'20261014',530,,1576775,13,,,0,72,,1576776,13,,,0,26,,1576777,13,,,0,29,,1576778,13,,,0,73,,1576792,13,,,0,78,,1576789,13,,,0,36,,1576794,13,,,0,101,,1576779,13,,,0,195,,1576780,13,,,0,197,,1576791,13,,,0,199,,1576790,13,,,0,197,,1576781,13,,,0,93,,1576782,13,,,0,28,,1576793,13,,,0,101,,1576795,13,,,0,302,,1576783,13,,,0
8201,'20261015',530,,1576796,13,,,0,72,,1576797,13,,,0,26,,1576798,13,,,0,29,,1576799,13,,,0,73,,1576813,13,,,0,78,,1576810,13,,,0,36,,1576815,13,,,0,101,,1576800,13,,,0,195,,1576801,13,,,0,197,,1576812,13,,,0,199,,1576811,13,,,0,197,,1576802,13,,,0,93,,1576803,13,,,0,28,,1576814,13,,,0,101,,1576816,13,,,0,302,,1576804,13,,,0
8201,'20261016',530,,1576817,13,,,0,72,,1576818,13,,,0,26,,1576819,13,,,0,29,,1576820,13,,,0,73,,1576834,13,,,0,78,,1576831,13,,,0,36,,1576836,13,,,0,101,,1576821,13,,,0,195,,1576822,13,,,0,197,,1576833,13,,,0,199,,1576832,13,,,0,197,,1576823,13,,,0,93,,1576824,13,,,0,28,,1576835,13,,,0,101,,1576837,13,,,0,302,,1576825,13,,,0
8201,'20261017',626,,1608509,13,,,0,198,,1608504,13,,,0,200,,1608507,13,,,0,200,,1608494,13,,,0,200,,1608505,13,,,0,200,,1608506,13,,,0,203,,1608508,13,,,0,200,,1608502,13,,,0,300,,1608496,13,,,0
8201,'20261018',626,,1608527,13,,,0,198,,1608522,13,,,0,200,,1608523,13,,,0,200,,1608516,13,,,0,200,,1608520,13,,,0,200,,1608519,13,,,0,203,,1608521,13,,,0,200,,1608515,13,,,0,300,,1608518,13,,,0
8201,'20261019',530,,1608528,13,,,0,72,,1608529,13,,,0,26,,1608530,13,,,0,29,,1608531,13,,,0,73,,1608545,13,,,0,78,,1608542,13,,,0,36,,1608547,13,,,0,101,,1608532,13,,,0,195,,1608533,13,,,0,197,,1608544,13,,,0,199,,1608543,13,,,0,197,,1608534,13,,,0,93,,1608535,13,,,0,28,,1608546,13,,,0,101,,1608548,13,,,0,302,,1608536,13,,,0
8201,'20261020',530,,1608549,13,,,0,72,,1608550,13,,,0,26,,1608551,13,,,0,29,,1608552,13,,,0,73,,1608566,13,,,0,78,,1608563,13,,,0,36,,1608568,13,,,0,101,,1608553,13,,,0,195,,1608554,13,,,0,197,,1608565,13,,,0,199,,1608564,13,,,0,197,,1608555,13,,,0,93,,1608556,13,,,0,28,,1608567,13,,,0,101,,1608569,13,,,0,302,,1608557,13,,,0
8201,'20261021',530,,1635696,13,,,0,72,,1635697,13,,,0,26,,1635698,13,,,0,29,,1635699,13,,,0,73,,1635713,13,,,0,78,,1635710,13,,,0,36,,1635715,13,,,0,101,,1635700,13,,,0,195,,1635701,13,,,0,197,,1635712,13,,,0,199,,1635711,13,,,0,197,,1635702,13,,,0,93,,1635703,13,,,0,28,,1635714,13,,,0,101,,1635716,13,,,0,302,,1635704,13,,,0
8201,'20261022',530,,1635717,13,,,0,72,,1635718,13,,,0,26,,1635719,13,,,0,29,,1635720,13,,,0,73,,1635734,13,,,0,78,,1635731,13,,,0,36,,1635736,13,,,0,101,,1635721,13,,,0,195,,1635722,13,,,0,197,,1635733,13,,,0,199,,1635732,13,,,0,197,,1635723,13,,,0,93,,1635724,13,,,0,28,,1635735,13,,,0,101,,1635737,13,,,0,302,,1635725,13,,,0
8201,'20261023',530,,1635738,13,,,0,72,,1635739,13,,,0,26,,1635740,13,,,0,29,,1635741,13,,,0,73,,1635755,13,,,0,78,,1635752,13,,,0,36,,1635757,13,,,0,101,,1635742,13,,,0,195,,1635743,13,,,0,197,,1635754,13,,,0,199,,1635753,13,,,0,197,,1635744,13,,,0,93,,1635745,13,,,0,28,,1635756,13,,,0,101,,1635758,13,,,0,302,,1635746,13,,,0
28201,'20261009',606,,1612647,13,,,0,18,,1612648,13,,,0,30,,1612649,13,,,0,61,,1612650,13,,,0,85,,1612651,13,,,0
28201,'20261013',606,,1580895,13,,,0,18,,1580898,13,,,0,30,,1580899,13,,,0,61,,1580896,13,,,0,85,,1580897,13,,,0
28201,'20261014',606,,1580900,13,,,0,18,,1580903,13,,,0,30,,1580904,13,,,0,61,,1580901,13,,,0,85,,1580902,13,,,0
28201,'20261015',606,,1580905,13,,,0,18,,1580908,13,,,0,30,,1580909,13,,,0,61,,1580906,13,,,0,85,,1580907,13,,,0
28201,'20261016',606,,1580910,13,,,0,18,,1580913,13,,,0,30,,1580914,13,,,0,61,,1580911,13,,,0,85,,1580912,13,,,0
28201,'20261019',606,,1612652,13,,,0,18,,1612655,13,,,0,30,,1612656,13,,,0,61,,1612653,13,,,0,85,,1612654,13,,,0
28201,'20261020',606,,1612657,13,,,0,18,,1612660,13,,,0,30,,1612661,13,,,0,61,,1612658,13,,,0,85,,1612659,13,,,0
28201,'20261021',606,,1638300,13,,,0,18,,1638303,13,,,0,30,,1638304,13,,,0,61,,1638301,13,,,0,85,,1638302,13,,,0
28201,'20261022',606,,1638305,13,,,0,18,,1638308,13,,,0,30,,1638309,13,,,0,61,,1638306,13,,,0,85,,1638307,13,,,0
28201,'20261023',606,,1638310,13,,,0,18,,1638313,13,,,0,30,,1638314,13,,,0,61,,1638311,13,,,0,85,,1638312,13,,,0
37201,'20261009',616,,1613591,13,,,0,22,,1613592,13,,,0,72,,1613593,13,,,0,141,,1613594,13,,,0,200,,1613595,13,,,0
37201,'20261013',616,,1581826,13,,,0,22,,1581825,13,,,0,72,,1581829,13,,,0,141,,1581827,13,,,0,200,,1581828,13,,,0
37201,'20261014',616,,1581831,13,,,0,22,,1581830,13,,,0,72,,1581834,13,,,0,141,,1581832,13,,,0,200,,1581833,13,,,0
37201,'20261015',616,,1581836,13,,,0,22,,1581835,13,,,0,72,,1581839,13,,,0,141,,1581837,13,,,0,200,,1581838,13,,,0
37201,'20261016',616,,1581841,13,,,0,22,,1581840,13,,,0,72,,1581844,13,,,0,141,,1581842,13,,,0,200,,1581843,13,,,0
37201,'20261019',616,,1613597,13,,,0,22,,1613596,13,,,0,72,,1613600,13,,,0,141,,1613598,13,,,0,200,,1613599,13,,,0
37201,'20261020',616,,1613602,13,,,0,22,,1613601,13,,,0,72,,1613605,13,,,0,141,,1613603,13,,,0,200,,1613604,13,,,0
37201,'20261021',616,,1638763,13,,,0,22,,1638762,13,,,0,72,,1638766,13,,,0,141,,1638764,13,,,0,200,,1638765,13,,,0
37201,'20261022',616,,1638768,13,,,0,22,,1638767,13,,,0,72,,1638771,13,,,0,141,,1638769,13,,,0,200,,1638770,13,,,0
37201,'20261023',616,,1638773,13,,,0,22,,1638772,13,,,0,72,,1638776,13,,,0,141,,1638774,13,,,0,200,,1638775,13,,,0
57201,'20261009',618,,1614331,13,,,0,18,,1614332,13,,,0,74,,1614333,13,,,0
57201,'20261013',618,,1582570,13,,,0,18,,1582571,13,,,0,74,,1582572,13,,,0
57201,'20261014',618,,1582573,13,,,0,18,,1582574,13,,,0,74,,1582575,13,,,0
57201,'20261015',618,,1582576,13,,,0,18,,1582577,13,,,0,74,,1582578,13,,,0
57201,'20261016',618,,1582579,13,,,0,18,,1582580,13,,,0,74,,1582581,13,,,0
57201,'20261019',618,,1614334,13,,,0,18,,1614335,13,,,0,74,,1614336,13,,,0
57201,'20261020',618,,1614337,13,,,0,18,,1614338,13,,,0,74,,1614339,13,,,0
57201,'20261021',618,,1639139,13,,,0,18,,1639140,13,,,0,74,,1639141,13,,,0
57201,'20261022',618,,1639142,13,,,0,18,,1639143,13,,,0,74,,1639144,13,,,0
57201,'20261023',618,,1639145,13,,,0,18,,1639146,13,,,0,74,,1639147,13,,,0
