8100,'20261002',649,,1576168,54,,,0,70,,1576169,54,,,0,33,,1576170,54,,,0,71,,1576171,54,,,0,28,,1576172,54,,,0,68,,1576173,54,,,0,100,,1576174,54,,,0,100,,1576175,54,,,0,102,,1576176,54,,,0,100,,1576177,54,,,0,100,,1576178,54,,,0,102,,1576179,54,,,0,33,,1576180,54,,,0,72,,1576181,54,,,0,73,,1576182,54,,,0,25,,1576183,54,,,0,26,,1576184,54,,,0,68,,1576185,54,,,0,100,,1576186,54,,,0,99,,1576187,54,,,0,100,,1576188,54,,,0,99,,1576189,54,,,0,100,,1576190,54,,,0
8100,'20261003',818,,1576191,54,,,0,100,,1576192,54,,,0,100,,1576193,54,,,0,101,,1576194,54,,,0,100,,1576195,54,,,0,101,,1576196,54,,,0,100,,1576197,54,,,0,100,,1576198,54,,,0,101,,1576199,54,,,0,99,,1576200,54,,,0,100,,1576201,54,,,0,99,,1576202,54,,,0,99,,1576203,54,,,0,100,,1576204,54,,,0,100,,1576205,54,,,0,100,,1576206,54,,,0
8100,'20261004',818,,1576207,54,,,0,100,,1576208,54,,,0,100,,1576209,54,,,0,101,,1576210,54,,,0,100,,1576211,54,,,0,101,,1576212,54,,,0,100,,1576213,54,,,0,100,,1576214,54,,,0,101,,1576215,54,,,0,99,,1576216,54,,,0,100,,1576217,54,,,0,99,,1576218,54,,,0,99,,1576219,54,,,0,100,,1576220,54,,,0,100,,1576221,54,,,0,100,,1576222,54,,,0
8100,'20261005',649,,1576223,54,,,0,70,,1576224,54,,,0,33,,1576225,54,,,0,71,,1576226,54,,,0,28,,1576227,54,,,0,68,,1576228,54,,,0,100,,1576229,54,,,0,100,,1576230,54,,,0,102,,1576231,54,,,0,100,,1576232,54,,,0,100,,1576233,54,,,0,102,,1576234,54,,,0,33,,1576235,54,,,0,72,,1576236,54,,,0,73,,1576237,54,,,0,25,,1576238,54,,,0,26,,1576239,54,,,0,68,,1576240,54,,,0,100,,1576241,54,,,0,99,,1576242,54,,,0,100,,1576243,54,,,0,99,,1576244,54,,,0,100,,1576245,54,,,0
8100,'20261006',649,,1522974,54,,,0,70,,1522975,54,,,0,33,,1522976,54,,,0,71,,1522977,54,,,0,28,,1522978,54,,,0,68,,1522979,54,,,0,100,,1522980,54,,,0,100,,1522981,54,,,0,102,,1522982,54,,,0,100,,1522983,54,,,0,100,,1522984,54,,,0,102,,1522985,54,,,0,33,,1522986,54,,,0,72,,1522987,54,,,0,73,,1522988,54,,,0,25,,1522989,54,,,0,26,,1522990,54,,,0,68,,1522991,54,,,0,100,,1522992,54,,,0,99,,1522993,54,,,0,100,,1522994,54,,,0,99,,1522995,54,,,0,100,,1522996,54,,,0
8100,'20261007',649,,1522997,54,,,0,70,,1522998,54,,,0,33,,1522999,54,,,0,71,,1523000,54,,,0,28,,1523001,54,,,0,68,,1523002,54,,,0,100,,1523003,54,,,0,100,,1523004,54,,,0,102,,1523005,54,,,0,100,,1523006,54,,,0,100,,1523007,54,,,0,102,,1523008,54,,,0,33,,1523009,54,,,0,72,,1523010,54,,,0,73,,1523011,54,,,0,25,,1523012,54,,,0,26,,1523013,54,,,0,68,,1523014,54,,,0,100,,1523015,54,,,0,99,,1523016,54,,,0,100,,1523017,54,,,0,99,,1523018,54,,,0,100,,1523019,54,,,0
8100,'20261008',649,,1523020,54,,,0,70,,1523021,54,,,0,33,,1523022,54,,,0,71,,1523023,54,,,0,28,,1523024,54,,,0,68,,1523025,54,,,0,100,,1523026,54,,,0,100,,1523027,54,,,0,102,,1523028,54,,,0,100,,1523029,54,,,0,100,,1523030,54,,,0,102,,1523031,54,,,0,33,,1523032,54,,,0,72,,1523033,54,,,0,73,,1523034,54,,,0,25,,1523035,54,,,0,26,,1523036,54,,,0,68,,1523037,54,,,0,100,,1523038,54,,,0,99,,1523039,54,,,0,100,,1523040,54,,,0,99,,1523041,54,,,0,100,,1523042,54,,,0
8100,'20261009',649,,1523043,54,,,0,70,,1523044,54,,,0,33,,1523045,54,,,0,71,,1523046,54,,,0,28,,1523047,54,,,0,68,,1523048,54,,,0,100,,1523049,54,,,0,100,,1523050,54,,,0,102,,1523051,54,,,0,100,,1523052,54,,,0,100,,1523053,54,,,0,102,,1523054,54,,,0,33,,1523055,54,,,0,72,,1523056,54,,,0,73,,1523057,54,,,0,25,,1523058,54,,,0,26,,1523059,54,,,0,68,,1523060,54,,,0,100,,1523061,54,,,0,99,,1523062,54,,,0,100,,1523063,54,,,0,99,,1523064,54,,,0,100,,1523065,54,,,0
8100,'20261010',818,,1550271,54,,,0,100,,1550272,54,,,0,100,,1550273,54,,,0,101,,1550274,54,,,0,100,,1550275,54,,,0,101,,1550276,54,,,0,100,,1550277,54,,,0,100,,1550278,54,,,0,101,,1550279,54,,,0,99,,1550280,54,,,0,100,,1550281,54,,,0,99,,1550282,54,,,0,99,,1550283,54,,,0,100,,1550284,54,,,0,100,,1550285,54,,,0,100,,1550286,54,,,0
8100,'20261011',818,,1550287,54,,,0,100,,1550288,54,,,0,100,,1550289,54,,,0,101,,1550290,54,,,0,100,,1550291,54,,,0,101,,1550292,54,,,0,100,,1550293,54,,,0,100,,1550294,54,,,0,101,,1550295,54,,,0,99,,1550296,54,,,0,100,,1550297,54,,,0,99,,1550298,54,,,0,99,,1550299,54,,,0,100,,1550300,54,,,0,100,,1550301,54,,,0,100,,1550302,54,,,0
8100,'20261012',818,,1550303,54,,,0,100,,1550304,54,,,0,100,,1550305,54,,,0,101,,1550306,54,,,0,100,,1550307,54,,,0,101,,1550308,54,,,0,100,,1550309,54,,,0,100,,1550310,54,,,0,101,,1550311,54,,,0,99,,1550312,54,,,0,100,,1550313,54,,,0,99,,1550314,54,,,0,99,,1550315,54,,,0,100,,1550316,54,,,0,100,,1550317,54,,,0,100,,1550318,54,,,0
8100,'20261013',649,,1576246,54,,,0,70,,1576247,54,,,0,33,,1576248,54,,,0,71,,1576249,54,,,0,28,,1576250,54,,,0,68,,1576251,54,,,0,100,,1576252,54,,,0,100,,1576253,54,,,0,102,,1576254,54,,,0,100,,1576255,54,,,0,100,,1576256,54,,,0,102,,1576257,54,,,0,33,,1576258,54,,,0,72,,1576259,54,,,0,73,,1576260,54,,,0,25,,1576261,54,,,0,26,,1576262,54,,,0,68,,1576263,54,,,0,100,,1576264,54,,,0,99,,1576265,54,,,0,100,,1576266,54,,,0,99,,1576267,54,,,0,100,,1576268,54,,,0
8100,'20261014',649,,1576269,54,,,0,70,,1576270,54,,,0,33,,1576271,54,,,0,71,,1576272,54,,,0,28,,1576273,54,,,0,68,,1576274,54,,,0,100,,1576275,54,,,0,100,,1576276,54,,,0,102,,1576277,54,,,0,100,,1576278,54,,,0,100,,1576279,54,,,0,102,,1576280,54,,,0,33,,1576281,54,,,0,72,,1576282,54,,,0,73,,1576283,54,,,0,25,,1576284,54,,,0,26,,1576285,54,,,0,68,,1576286,54,,,0,100,,1576287,54,,,0,99,,1576288,54,,,0,100,,1576289,54,,,0,99,,1576290,54,,,0,100,,1576291,54,,,0
8100,'20261015',649,,1576292,54,,,0,70,,1576293,54,,,0,33,,1576294,54,,,0,71,,1576295,54,,,0,28,,1576296,54,,,0,68,,1576297,54,,,0,100,,1576298,54,,,0,100,,1576299,54,,,0,102,,1576300,54,,,0,100,,1576301,54,,,0,100,,1576302,54,,,0,102,,1576303,54,,,0,33,,1576304,54,,,0,72,,1576305,54,,,0,73,,1576306,54,,,0,25,,1576307,54,,,0,26,,1576308,54,,,0,68,,1576309,54,,,0,100,,1576310,54,,,0,99,,1576311,54,,,0,100,,1576312,54,,,0,99,,1576313,54,,,0,100,,1576314,54,,,0
8100,'20261016',649,,1576315,54,,,0,70,,1576316,54,,,0,33,,1576317,54,,,0,71,,1576318,54,,,0,28,,1576319,54,,,0,68,,1576320,54,,,0,100,,1576321,54,,,0,100,,1576322,54,,,0,102,,1576323,54,,,0,100,,1576324,54,,,0,100,,1576325,54,,,0,102,,1576326,54,,,0,33,,1576327,54,,,0,72,,1576328,54,,,0,73,,1576329,54,,,0,25,,1576330,54,,,0,26,,1576331,54,,,0,68,,1576332,54,,,0,100,,1576333,54,,,0,99,,1576334,54,,,0,100,,1576335,54,,,0,99,,1576336,54,,,0,100,,1576337,54,,,0
28901,'20261002',648,,1581047,27,,,0,63,,1581048,27,,,0,18,,1581049,27,,,0,17,,1581050,27,,,0,73,,1581051,27,,,0
28901,'20261005',648,,1581052,27,,,0,63,,1581053,27,,,0,18,,1581054,27,,,0,17,,1581055,27,,,0,73,,1581056,27,,,0
28901,'20261006',648,,1527782,27,,,0,63,,1527781,27,,,0,18,,1527783,27,,,0,17,,1527785,27,,,0,73,,1527784,27,,,0
28901,'20261007',648,,1527787,27,,,0,63,,1527786,27,,,0,18,,1527788,27,,,0,17,,1527790,27,,,0,73,,1527789,27,,,0
28901,'20261008',648,,1527792,27,,,0,63,,1527791,27,,,0,18,,1527793,27,,,0,17,,1527795,27,,,0,73,,1527794,27,,,0
28901,'20261009',648,,1527797,27,,,0,63,,1527796,27,,,0,18,,1527798,27,,,0,17,,1527800,27,,,0,73,,1527799,27,,,0
28901,'20261013',648,,1581058,27,,,0,63,,1581057,27,,,0,18,,1581059,27,,,0,17,,1581061,27,,,0,73,,1581060,27,,,0
28901,'20261014',648,,1581063,27,,,0,63,,1581062,27,,,0,18,,1581064,27,,,0,17,,1581066,27,,,0,73,,1581065,27,,,0
28901,'20261015',648,,1581068,27,,,0,63,,1581067,27,,,0,18,,1581069,27,,,0,17,,1581071,27,,,0,73,,1581070,27,,,0
28901,'20261016',648,,1581073,27,,,0,63,,1581072,27,,,0,18,,1581074,27,,,0,17,,1581076,27,,,0,73,,1581075,27,,,0
38200,'20261002',1250,,1581983,35,4,,0,452,,1581984,35,4,,0,55,,1581985,35,4,,0,96,,1581986,35,4,,0
38200,'20261005',1250,,1581987,35,4,,0,452,,1581988,35,4,,0,55,,1581989,35,4,,0,96,,1581990,35,4,,0
38200,'20261006',1250,,1528715,35,4,,0,452,,1528716,35,4,,0,55,,1528717,35,4,,0,96,,1528718,35,4,,0
38200,'20261007',1250,,1528719,35,4,,0,452,,1528720,35,4,,0,55,,1528721,35,4,,0,96,,1528722,35,4,,0
38200,'20261008',1250,,1528723,35,4,,0,452,,1528724,35,4,,0,55,,1528725,35,4,,0,96,,1528726,35,4,,0
38200,'20261009',1250,,1528727,35,4,,0,452,,1528728,35,4,,0,55,,1528729,35,4,,0,96,,1528730,35,4,,0
38200,'20261013',1250,,1581991,35,4,,0,452,,1581992,35,4,,0,55,,1581993,35,4,,0,96,,1581994,35,4,,0
38200,'20261014',1250,,1581995,35,4,,0,452,,1581996,35,4,,0,55,,1581997,35,4,,0,96,,1581998,35,4,,0
38200,'20261015',1250,,1581999,35,4,,0,452,,1582000,35,4,,0,55,,1582001,35,4,,0,96,,1582002,35,4,,0
38200,'20261016',1250,,1582003,35,4,,0,452,,1582004,35,4,,0,55,,1582005,35,4,,0,96,,1582006,35,4,,0
58200,'20261002',1621,,1582702,33,4,,0,23,,1582703,33,4,,0,67,,1582704,33,4,,0,33,,1582705,33,4,,0,68,,1582706,33,4,,0
58200,'20261005',1621,,1582707,33,4,,0,23,,1582708,33,4,,0,67,,1582709,33,4,,0,33,,1582710,33,4,,0,68,,1582711,33,4,,0
58200,'20261006',1621,,1529439,33,4,,0,23,,1529440,33,4,,0,67,,1529437,33,4,,0,33,,1529438,33,4,,0,68,,1529436,33,4,,0
58200,'20261007',1621,,1529444,33,4,,0,23,,1529445,33,4,,0,67,,1529442,33,4,,0,33,,1529443,33,4,,0,68,,1529441,33,4,,0
58200,'20261008',1621,,1529449,33,4,,0,23,,1529450,33,4,,0,67,,1529447,33,4,,0,33,,1529448,33,4,,0,68,,1529446,33,4,,0
58200,'20261009',1621,,1529454,33,4,,0,23,,1529455,33,4,,0,67,,1529452,33,4,,0,33,,1529453,33,4,,0,68,,1529451,33,4,,0
58200,'20261013',1621,,1582715,33,4,,0,23,,1582716,33,4,,0,67,,1582713,33,4,,0,33,,1582714,33,4,,0,68,,1582712,33,4,,0
58200,'20261014',1621,,1582720,33,4,,0,23,,1582721,33,4,,0,67,,1582718,33,4,,0,33,,1582719,33,4,,0,68,,1582717,33,4,,0
58200,'20261015',1621,,1582725,33,4,,0,23,,1582726,33,4,,0,67,,1582723,33,4,,0,33,,1582724,33,4,,0,68,,1582722,33,4,,0
58200,'20261016',1621,,1582730,33,4,,0,23,,1582731,33,4,,0,67,,1582728,33,4,,0,33,,1582729,33,4,,0,68,,1582727,33,4,,0
