3600,'20261006',723,,1600435,25,,,0,30,,1600436,25,,,0,69,,1600437,25,,,0,101,,1600438,25,,,0,100,,1600439,25,,,0,100,,1600440,25,,,0,100,,1600441,25,,,0,100,,1600442,25,,,0,100,,1600443,25,,,0,100,,1600444,25,,,0,27,,1600445,25,,,0,69,,1600446,25,,,0,32,,1600447,25,0,43 44 45,0,71,,1600448,25,,,0,31,,1600449,25,,,0,70,,1600450,25,,,0,101,,1600451,25,,,0,100,,1600452,25,,,0,100,,1600453,25,,,0,101,,1600454,25,,,0,100,,1600455,25,,,0,100,,1600456,25,,,0
3600,'20261007',723,,1600458,25,,,0,30,,1600459,25,,,0,69,,1600460,25,,,0,101,,1600461,25,,,0,100,,1600462,25,,,0,100,,1600463,25,,,0,100,,1600464,25,,,0,100,,1600465,25,,,0,100,,1600466,25,,,0,100,,1600467,25,,,0,27,,1600468,25,,,0,69,,1600469,25,,,0,32,,1600470,25,0,43 44 45,0,71,,1600471,25,,,0,31,,1600472,25,,,0,70,,1600473,25,,,0,101,,1600474,25,,,0,100,,1600475,25,,,0,100,,1600476,25,,,0,101,,1600477,25,,,0,100,,1600478,25,,,0,100,,1600479,25,,,0
3600,'20261008',723,,1600481,25,,,0,30,,1600482,25,,,0,69,,1600483,25,,,0,101,,1600484,25,,,0,100,,1600485,25,,,0,100,,1600486,25,,,0,100,,1600487,25,,,0,100,,1600488,25,,,0,100,,1600489,25,,,0,100,,1600490,25,,,0,27,,1600491,25,,,0,69,,1600492,25,,,0,32,,1600493,25,0,43 44 45,0,71,,1600494,25,,,0,31,,1600495,25,,,0,70,,1600496,25,,,0,101,,1600497,25,,,0,100,,1600498,25,,,0,100,,1600499,25,,,0,101,,1600500,25,,,0,100,,1600501,25,,,0,100,,1600502,25,,,0
3600,'20261009',723,,1600504,25,,,0,30,,1600505,25,,,0,69,,1600506,25,,,0,101,,1600507,25,,,0,100,,1600508,25,,,0,100,,1600509,25,,,0,100,,1600510,25,,,0,100,,1600511,25,,,0,100,,1600512,25,,,0,100,,1600513,25,,,0,27,,1600514,25,,,0,69,,1600515,25,,,0,32,,1600516,25,0,43 44 45,0,71,,1600517,25,,,0,31,,1600518,25,,,0,70,,1600519,25,,,0,101,,1600520,25,,,0,100,,1600521,25,,,0,100,,1600522,25,,,0,101,,1600523,25,,,0,100,,1600524,25,,,0,100,,1600525,25,,,0
3600,'20261010',723,,1544999,25,,,0,100,,1545000,25,,,0,100,,1545001,25,,,0,100,,1545002,25,,,0,100,,1545003,25,,,0,100,,1545004,25,,,0,100,,1545005,25,,,0,100,,1545006,25,,,0,100,,1545007,25,,,0,100,,1545008,25,,,0,100,,1545009,25,,,0,100,,1545010,25,,,0,100,,1545012,25,,,0,100,,1544997,25,,,0,101,,1545013,25,,,0,100,,1544998,25,,,0,101,,1545011,25,,,0,101,,1545014,25,,,0
3600,'20261011',723,,1545032,25,,,0,100,,1545030,25,,,0,100,,1545024,25,,,0,100,,1545027,25,,,0,100,,1545016,25,,,0,100,,1545015,25,,,0,100,,1545023,25,,,0,100,,1545022,25,,,0,100,,1545021,25,,,0,100,,1545020,25,,,0,100,,1545019,25,,,0,100,,1545018,25,,,0,100,,1545028,25,,,0,100,,1545017,25,,,0,101,,1545029,25,,,0,100,,1545026,25,,,0,101,,1545025,25,,,0,101,,1545031,25,,,0
3600,'20261012',723,,1545050,25,,,0,100,,1545048,25,,,0,100,,1545042,25,,,0,100,,1545045,25,,,0,100,,1545034,25,,,0,100,,1545033,25,,,0,100,,1545041,25,,,0,100,,1545040,25,,,0,100,,1545039,25,,,0,100,,1545038,25,,,0,100,,1545037,25,,,0,100,,1545036,25,,,0,100,,1545046,25,,,0,100,,1545035,25,,,0,101,,1545047,25,,,0,100,,1545044,25,,,0,101,,1545043,25,,,0,101,,1545049,25,,,0
3600,'20261013',723,,1568803,25,,,0,30,,1568824,25,,,0,69,,1568804,25,,,0,101,,1568805,25,,,0,100,,1568806,25,,,0,100,,1568807,25,,,0,100,,1568808,25,,,0,100,,1568809,25,,,0,100,,1568810,25,,,0,100,,1568811,25,,,0,27,,1568812,25,,,0,69,,1568813,25,,,0,32,,1568814,25,,,0,71,,1568815,25,,,0,31,,1568816,25,,,0,70,,1568818,25,,,0,101,,1568819,25,,,0,100,,1568820,25,,,0,100,,1568821,25,,,0,101,,1568822,25,,,0,100,,1568823,25,,,0,100,,1568817,25,,,0
3600,'20261014',723,,1568825,25,,,0,30,,1568846,25,,,0,69,,1568826,25,,,0,101,,1568827,25,,,0,100,,1568828,25,,,0,100,,1568829,25,,,0,100,,1568830,25,,,0,100,,1568831,25,,,0,100,,1568832,25,,,0,100,,1568833,25,,,0,27,,1568834,25,,,0,69,,1568835,25,,,0,32,,1568836,25,,,0,71,,1568837,25,,,0,31,,1568838,25,,,0,70,,1568840,25,,,0,101,,1568841,25,,,0,100,,1568842,25,,,0,100,,1568843,25,,,0,101,,1568844,25,,,0,100,,1568845,25,,,0,100,,1568839,25,,,0
3600,'20261015',723,,1568847,25,,,0,30,,1568868,25,,,0,69,,1568848,25,,,0,101,,1568849,25,,,0,100,,1568850,25,,,0,100,,1568851,25,,,0,100,,1568852,25,,,0,100,,1568853,25,,,0,100,,1568854,25,,,0,100,,1568855,25,,,0,27,,1568856,25,,,0,69,,1568857,25,,,0,32,,1568858,25,,,0,71,,1568859,25,,,0,31,,1568860,25,,,0,70,,1568862,25,,,0,101,,1568863,25,,,0,100,,1568864,25,,,0,100,,1568865,25,,,0,101,,1568866,25,,,0,100,,1568867,25,,,0,100,,1568861,25,,,0
3600,'20261016',723,,1568869,25,,,0,30,,1568890,25,,,0,69,,1568870,25,,,0,101,,1568871,25,,,0,100,,1568872,25,,,0,100,,1568873,25,,,0,100,,1568874,25,,,0,100,,1568875,25,,,0,100,,1568876,25,,,0,100,,1568877,25,,,0,27,,1568878,25,,,0,69,,1568879,25,,,0,32,,1568880,25,,,0,71,,1568881,25,,,0,31,,1568882,25,,,0,70,,1568884,25,,,0,101,,1568885,25,,,0,100,,1568886,25,,,0,100,,1568887,25,,,0,101,,1568888,25,,,0,100,,1568889,25,,,0,100,,1568883,25,,,0
3600,'20261017',723,,1600528,25,,,0,100,,1600529,25,,,0,100,,1600530,25,,,0,100,,1600531,25,,,0,100,,1600532,25,,,0,100,,1600533,25,,,0,100,,1600534,25,,,0,100,,1600535,25,,,0,100,,1600536,25,,,0,100,,1600537,25,,,0,100,,1600538,25,,,0,100,,1600539,25,,,0,100,,1600541,25,,,0,100,,1600526,25,,,0,101,,1600542,25,,,0,100,,1600527,25,,,0,101,,1600540,25,,,0,101,,1600543,25,,,0
3600,'20261018',723,,1600561,25,,,0,100,,1600559,25,,,0,100,,1600553,25,,,0,100,,1600556,25,,,0,100,,1600545,25,,,0,100,,1600544,25,,,0,100,,1600552,25,,,0,100,,1600551,25,,,0,100,,1600550,25,,,0,100,,1600549,25,,,0,100,,1600548,25,,,0,100,,1600547,25,,,0,100,,1600557,25,,,0,100,,1600546,25,,,0,101,,1600558,25,,,0,100,,1600555,25,,,0,101,,1600554,25,,,0,101,,1600560,25,,,0
3600,'20261019',723,,1600562,25,,,0,30,,1600583,25,,,0,69,,1600563,25,,,0,101,,1600564,25,,,0,100,,1600565,25,,,0,100,,1600566,25,,,0,100,,1600567,25,,,0,100,,1600568,25,,,0,100,,1600569,25,,,0,100,,1600570,25,,,0,27,,1600571,25,,,0,69,,1600572,25,,,0,32,,1600573,25,,,0,71,,1600574,25,,,0,31,,1600575,25,,,0,70,,1600577,25,,,0,101,,1600578,25,,,0,100,,1600579,25,,,0,100,,1600580,25,,,0,101,,1600581,25,,,0,100,,1600582,25,,,0,100,,1600576,25,,,0
3600,'20261020',723,,1600584,25,,,0,30,,1600605,25,,,0,69,,1600585,25,,,0,101,,1600586,25,,,0,100,,1600587,25,,,0,100,,1600588,25,,,0,100,,1600589,25,,,0,100,,1600590,25,,,0,100,,1600591,25,,,0,100,,1600592,25,,,0,27,,1600593,25,,,0,69,,1600594,25,,,0,32,,1600595,25,,,0,71,,1600596,25,,,0,31,,1600597,25,,,0,70,,1600599,25,,,0,101,,1600600,25,,,0,100,,1600601,25,,,0,100,,1600602,25,,,0,101,,1600603,25,,,0,100,,1600604,25,,,0,100,,1600598,25,,,0
93600,'20261009',2549,,1625326,29,,,0
93600,'20261010',2549,,1561861,29,,,0
93600,'20261016',2549,,1593513,29,,,0
93600,'20261017',2549,,1625327,29,,,0
