3401,'20261006',616,,1600320,10,,,0,34,,1600321,10,,,0,77,,1600322,10,,,0,78,,1600323,10,,,0,22,,1600324,10,,,0,216,,1600325,10,,,0,200,,1600326,10,,,0,200,,1600327,10,,,0,198,,1600328,10,,,0,68,,1600329,10,,,0,29,,1600330,10,,,0,70,,1600331,10,,,0,32,,1600332,10,,,0,115,,1600333,10,,,0,192,,1600334,10,,,0,200,,1600335,10,,,0
3401,'20261007',616,,1600336,10,,,0,34,,1600337,10,,,0,77,,1600338,10,,,0,78,,1600339,10,,,0,22,,1600340,10,,,0,216,,1600341,10,,,0,200,,1600342,10,,,0,200,,1600343,10,,,0,198,,1600344,10,,,0,68,,1600345,10,,,0,29,,1600346,10,,,0,70,,1600347,10,,,0,32,,1600348,10,,,0,115,,1600349,10,,,0,192,,1600350,10,,,0,200,,1600351,10,,,0
3401,'20261008',616,,1600352,10,,,0,34,,1600353,10,,,0,77,,1600354,10,,,0,78,,1600355,10,,,0,22,,1600356,10,,,0,216,,1600357,10,,,0,200,,1600358,10,,,0,200,,1600359,10,,,0,198,,1600360,10,,,0,68,,1600361,10,,,0,29,,1600362,10,,,0,70,,1600363,10,,,0,32,,1600364,10,,,0,115,,1600365,10,,,0,192,,1600366,10,,,0,200,,1600367,10,,,0
3401,'20261009',616,,1600368,10,,,0,34,,1600369,10,,,0,77,,1600370,10,,,0,78,,1600371,10,,,0,22,,1600372,10,,,0,216,,1600373,10,,,0,200,,1600374,10,,,0,200,,1600375,10,,,0,198,,1600376,10,,,0,68,,1600377,10,,,0,29,,1600378,10,,,0,70,,1600379,10,,,0,32,,1600380,10,,,0,115,,1600381,10,,,0,192,,1600382,10,,,0,200,,1600383,10,,,0
3401,'20261010',654,,1544901,10,,,0,202,,1544904,10,,,0,200,,1544902,10,,,0,200,,1544906,10,,,0,200,,1544903,10,,,0,200,,1544907,10,,,0,202,,1544908,10,,,0,201,,1544909,10,,,0,200,,1544905,10,,,0
3401,'20261011',654,,1544910,10,,,0,202,,1544911,10,,,0,200,,1544912,10,,,0,200,,1544913,10,,,0,200,,1544914,10,,,0,200,,1544915,10,,,0,202,,1544916,10,,,0,201,,1544917,10,,,0,200,,1544918,10,,,0
3401,'20261012',654,,1544919,10,,,0,202,,1544920,10,,,0,200,,1544921,10,,,0,200,,1544922,10,,,0,200,,1544923,10,,,0,200,,1544924,10,,,0,202,,1544925,10,,,0,201,,1544926,10,,,0,200,,1544927,10,,,0
3401,'20261013',616,,1568664,10,,,0,34,,1568657,10,,,0,77,,1568658,10,,,0,78,,1568659,10,,,0,22,,1568672,10,,,0,216,,1568665,10,,,0,200,,1568660,10,,,0,200,,1568666,10,,,0,198,,1568670,10,,,0,68,,1568663,10,,,0,29,,1568661,10,,,0,70,,1568662,10,,,0,32,,1568671,10,,,0,115,,1568667,10,,,0,192,,1568668,10,,,0,200,,1568669,10,,,0
3401,'20261014',616,,1568680,10,,,0,34,,1568673,10,,,0,77,,1568674,10,,,0,78,,1568675,10,,,0,22,,1568688,10,,,0,216,,1568681,10,,,0,200,,1568676,10,,,0,200,,1568682,10,,,0,198,,1568686,10,,,0,68,,1568679,10,,,0,29,,1568677,10,,,0,70,,1568678,10,,,0,32,,1568687,10,,,0,115,,1568683,10,,,0,192,,1568684,10,,,0,200,,1568685,10,,,0
3401,'20261015',616,,1568696,10,,,0,34,,1568689,10,,,0,77,,1568690,10,,,0,78,,1568691,10,,,0,22,,1568704,10,,,0,216,,1568697,10,,,0,200,,1568692,10,,,0,200,,1568698,10,,,0,198,,1568702,10,,,0,68,,1568695,10,,,0,29,,1568693,10,,,0,70,,1568694,10,,,0,32,,1568703,10,,,0,115,,1568699,10,,,0,192,,1568700,10,,,0,200,,1568701,10,,,0
3401,'20261016',616,,1568712,10,,,0,34,,1568705,10,,,0,77,,1568706,10,,,0,78,,1568707,10,,,0,22,,1568720,10,,,0,216,,1568713,10,,,0,200,,1568708,10,,,0,200,,1568714,10,,,0,198,,1568718,10,,,0,68,,1568711,10,,,0,29,,1568709,10,,,0,70,,1568710,10,,,0,32,,1568719,10,,,0,115,,1568715,10,,,0,192,,1568716,10,,,0,200,,1568717,10,,,0
3401,'20261017',654,,1600384,10,,,0,202,,1600387,10,,,0,200,,1600385,10,,,0,200,,1600389,10,,,0,200,,1600386,10,,,0,200,,1600390,10,,,0,202,,1600391,10,,,0,201,,1600392,10,,,0,200,,1600388,10,,,0
3401,'20261018',654,,1600393,10,,,0,202,,1600394,10,,,0,200,,1600395,10,,,0,200,,1600396,10,,,0,200,,1600397,10,,,0,200,,1600398,10,,,0,202,,1600399,10,,,0,201,,1600400,10,,,0,200,,1600401,10,,,0
3401,'20261019',616,,1600409,10,,,0,34,,1600402,10,,,0,77,,1600403,10,,,0,78,,1600404,10,,,0,22,,1600417,10,,,0,216,,1600410,10,,,0,200,,1600405,10,,,0,200,,1600411,10,,,0,198,,1600415,10,,,0,68,,1600408,10,,,0,29,,1600406,10,,,0,70,,1600407,10,,,0,32,,1600416,10,,,0,115,,1600412,10,,,0,192,,1600413,10,,,0,200,,1600414,10,,,0
3401,'20261020',616,,1600425,10,,,0,34,,1600418,10,,,0,77,,1600419,10,,,0,78,,1600420,10,,,0,22,,1600433,10,,,0,216,,1600426,10,,,0,200,,1600421,10,,,0,200,,1600427,10,,,0,198,,1600431,10,,,0,68,,1600424,10,,,0,29,,1600422,10,,,0,70,,1600423,10,,,0,32,,1600432,10,,,0,115,,1600428,10,,,0,192,,1600429,10,,,0,200,,1600430,10,,,0
