1102,'20261009',637,,1596463,55,,,1,18,,1596464,55,,,1,52,,1596465,55,,,1,10,,1596466,55,,,1,11,,1596467,55,,,1,13,,1596468,55,,,1,8,,1596461,55,,,1,4,,1596469,55,,,1,56,,1596470,55,,,1,11,,1596471,55,,,1,12,,1596472,55,,,1,10,,1596473,55,,,1,13,,1596474,55,,,1,56,,1596475,55,,,1,31,,1596476,55,,,1,70,,1596477,55,,,1,29,,1596478,55,,,1,70,,1596479,55,,,1,31,,1596480,55,,,1,71,,1596481,55,,,1,30,,1596482,55,,,1,70,,1596483,55,,,1,30,,1596484,55,,,1,70,,1596485,55,,,1,29,,1596486,55,,,1,70,,1596487,55,,,1,15,,1596488,55,,,1,17,,1596489,55,,,1,15,,1596490,55,,,1,54,,1596491,55,,,1,16,,1596492,55,,,1,14,,1596493,55,,,1,57,,1596494,55,,,1,15,,1596495,55,,,1,27,,1596496,55,,,1,68,,1596497,55,,,1,31,,1596498,55,,,1,67,,1596499,55,,,1,29,,1596500,55,,,1,69,,1596501,55,,,1,99,,1596502,55,,,1,98,,1596503,55,,,1,99,,1596504,55,,,1,100,,1596505,55,,,1
1102,'20261010',606,,1627341,55,,,1,101,,1627342,55,,,1,100,,1627343,55,,,1,30,,1627344,55,,,1,71,,1627345,55,,,1,31,,1627346,55,,,1,70,,1627347,55,,,1,30,,1627348,55,,,1,71,,1627349,55,,,1,30,,1627350,55,,,1,70,,1627351,55,,,1,30,,1627352,55,,,1,69,,1627353,55,,,1,32,,1627354,55,,,1,68,,1627355,55,,,1,30,,1627356,55,,,1,69,,1627357,55,,,1,34,,1627358,55,,,1,67,,1627359,55,,,1,32,,1627360,55,,,1,69,,1627361,55,,,1,31,,1627362,55,,,1,69,,1627363,55,,,1,30,,1627364,55,,,1,69,,1627365,55,,,1,29,,1627366,55,,,1,69,,1627367,55,,,1,99,,1627368,55,,,1,100,,1627369,55,,,1,100,,1627370,55,,,1,100,,1627371,55,,,1
1102,'20261011',606,,1627372,55,,,1,101,,1627373,55,,,1,100,,1627374,55,,,1,30,,1627375,55,,,1,71,,1627376,55,,,1,31,,1627377,55,,,1,70,,1627378,55,,,1,30,,1627379,55,,,1,71,,1627380,55,,,1,30,,1627381,55,,,1,70,,1627382,55,,,1,30,,1627383,55,,,1,69,,1627384,55,,,1,32,,1627385,55,,,1,68,,1627386,55,,,1,30,,1627387,55,,,1,69,,1627388,55,,,1,34,,1627389,55,,,1,67,,1627390,55,,,1,32,,1627391,55,,,1,69,,1627392,55,,,1,31,,1627393,55,,,1,69,,1627394,55,,,1,30,,1627395,55,,,1,69,,1627396,55,,,1,29,,1627397,55,,,1,69,,1627398,55,,,1,99,,1627399,55,,,1,100,,1627400,55,,,1,100,,1627401,55,,,1,100,,1627402,55,,,1
1102,'20261012',606,,1627403,55,,,1,101,,1627404,55,,,1,100,,1627405,55,,,1,30,,1627406,55,,,1,71,,1627407,55,,,1,31,,1627408,55,,,1,70,,1627409,55,,,1,30,,1627410,55,,,1,71,,1627411,55,,,1,30,,1627412,55,,,1,70,,1627413,55,,,1,30,,1627414,55,,,1,69,,1627415,55,,,1,32,,1627416,55,,,1,68,,1627417,55,,,1,30,,1627418,55,,,1,69,,1627419,55,,,1,34,,1627420,55,,,1,67,,1627421,55,,,1,32,,1627422,55,,,1,69,,1627423,55,,,1,31,,1627424,55,,,1,69,,1627425,55,,,1,30,,1627426,55,,,1,69,,1627427,55,,,1,29,,1627428,55,,,1,69,,1627429,55,,,1,99,,1627430,55,,,1,100,,1627431,55,,,1,100,,1627432,55,,,1,100,,1627433,55,,,1
1102,'20261013',637,,1564782,55,,,1,18,,1564786,55,,,1,52,,1564791,55,,,1,10,,1564784,55,,,1,11,,1564780,55,,,1,13,,1564783,55,,,1,12,,1564778,55,,,1,56,,1564777,55,,,1,11,,1564779,55,,,1,12,,1564781,55,,,1,10,,1564792,55,,,1,13,,1564785,55,,,1,56,,1564787,55,,,1,31,,1564789,55,,,1,70,,1564788,55,,,1,29,,1564790,55,,,1,70,,1564812,55,,,1,31,,1564797,55,,,1,71,,1564809,55,,,1,30,,1564814,55,,,1,70,,1564796,55,,,1,30,,1564800,55,,,1,70,,1564810,55,,,1,29,,1564811,55,,,1,70,,1564803,55,,,1,15,,1564813,55,,,1,17,,1564806,55,,,1,15,,1564793,55,,,1,54,,1564815,55,,,1,16,,1564794,55,,,1,14,,1564798,55,,,1,57,,1564816,55,,,1,15,,1564795,55,,,1,27,,1564804,55,,,1,68,,1564808,55,,,1,31,,1564799,55,,,1,67,,1564818,55,,,1,29,,1564807,55,,,1,69,,1564801,55,,,1,99,,1564805,55,,,1,98,,1564817,55,,,1,99,,1564802,55,,,1,100,,1564819,55,,,1
1102,'20261014',637,,1564825,55,,,1,18,,1564829,55,,,1,52,,1564834,55,,,1,10,,1564827,55,,,1,11,,1564823,55,,,1,13,,1564826,55,,,1,12,,1564821,55,,,1,56,,1564820,55,,,1,11,,1564822,55,,,1,12,,1564824,55,,,1,10,,1564835,55,,,1,13,,1564828,55,,,1,56,,1564830,55,,,1,31,,1564832,55,,,1,70,,1564831,55,,,1,29,,1564833,55,,,1,70,,1564855,55,,,1,31,,1564840,55,,,1,71,,1564852,55,,,1,30,,1564857,55,,,1,70,,1564839,55,,,1,30,,1564843,55,,,1,70,,1564853,55,,,1,29,,1564854,55,,,1,70,,1564846,55,,,1,15,,1564856,55,,,1,17,,1564849,55,,,1,15,,1564836,55,,,1,54,,1564858,55,,,1,16,,1564837,55,,,1,14,,1564841,55,,,1,57,,1564859,55,,,1,15,,1564838,55,,,1,27,,1564847,55,,,1,68,,1564851,55,,,1,31,,1564842,55,,,1,67,,1564861,55,,,1,29,,1564850,55,,,1,69,,1564844,55,,,1,99,,1564848,55,,,1,98,,1564860,55,,,1,99,,1564845,55,,,1,100,,1564862,55,,,1
1102,'20261015',637,,1564868,55,,,1,18,,1564872,55,,,1,52,,1564877,55,,,1,10,,1564870,55,,,1,11,,1564866,55,,,1,13,,1564869,55,,,1,12,,1564864,55,,,1,56,,1564863,55,,,1,11,,1564865,55,,,1,12,,1564867,55,,,1,10,,1564878,55,,,1,13,,1564871,55,,,1,56,,1564873,55,,,1,31,,1564875,55,,,1,70,,1564874,55,,,1,29,,1564876,55,,,1,70,,1564898,55,,,1,31,,1564883,55,,,1,71,,1564895,55,,,1,30,,1564900,55,,,1,70,,1564882,55,,,1,30,,1564886,55,,,1,70,,1564896,55,,,1,29,,1564897,55,,,1,70,,1564889,55,,,1,15,,1564899,55,,,1,17,,1564892,55,,,1,15,,1564879,55,,,1,54,,1564901,55,,,1,16,,1564880,55,,,1,14,,1564884,55,,,1,57,,1564902,55,,,1,15,,1564881,55,,,1,27,,1564890,55,,,1,68,,1564894,55,,,1,31,,1564885,55,,,1,67,,1564904,55,,,1,29,,1564893,55,,,1,69,,1564887,55,,,1,99,,1564891,55,,,1,98,,1564903,55,,,1,99,,1564888,55,,,1,100,,1564905,55,,,1
1102,'20261016',637,,1564911,55,,,1,18,,1564915,55,,,1,52,,1564920,55,,,1,10,,1564913,55,,,1,11,,1564909,55,,,1,13,,1564912,55,,,1,12,,1564907,55,,,1,56,,1564906,55,,,1,11,,1564908,55,,,1,12,,1564910,55,,,1,10,,1564921,55,,,1,13,,1564914,55,,,1,56,,1564916,55,,,1,31,,1564918,55,,,1,70,,1564917,55,,,1,29,,1564919,55,,,1,70,,1564941,55,,,1,31,,1564926,55,,,1,71,,1564938,55,,,1,30,,1564943,55,,,1,70,,1564925,55,,,1,30,,1564929,55,,,1,70,,1564939,55,,,1,29,,1564940,55,,,1,70,,1564932,55,,,1,15,,1564942,55,,,1,17,,1564935,55,,,1,15,,1564922,55,,,1,54,,1564944,55,,,1,16,,1564923,55,,,1,14,,1564927,55,,,1,57,,1564945,55,,,1,15,,1564924,55,,,1,27,,1564933,55,,,1,68,,1564937,55,,,1,31,,1564928,55,,,1,67,,1564947,55,,,1,29,,1564936,55,,,1,69,,1564930,55,,,1,99,,1564934,55,,,1,98,,1564946,55,,,1,99,,1564931,55,,,1,100,,1564948,55,,,1
1102,'20261017',606,,1596507,55,,,1,101,,1596508,55,,,1,100,,1596509,55,,,1,30,,1596510,55,,,1,71,,1596511,55,,,1,31,,1596512,55,,,1,70,,1596513,55,,,1,30,,1596514,55,,,1,71,,1596515,55,,,1,30,,1596516,55,,,1,70,,1596517,55,,,1,30,,1596518,55,,,1,69,,1596519,55,,,1,32,,1596520,55,,,1,68,,1596521,55,,,1,30,,1596522,55,,,1,69,,1596523,55,,,1,34,,1596524,55,,,1,67,,1596525,55,,,1,32,,1596526,55,,,1,69,,1596527,55,,,1,31,,1596528,55,,,1,69,,1596529,55,,,1,30,,1596535,55,,,1,69,,1596530,55,,,1,29,,1596534,55,,,1,69,,1596531,55,,,1,99,,1596532,55,,,1,100,,1596533,55,,,1,100,,1596506,55,,,1,100,,1596536,55,,,1
1102,'20261018',606,,1596538,55,,,1,101,,1596539,55,,,1,100,,1596540,55,,,1,30,,1596541,55,,,1,71,,1596542,55,,,1,31,,1596543,55,,,1,70,,1596544,55,,,1,30,,1596545,55,,,1,71,,1596546,55,,,1,30,,1596547,55,,,1,70,,1596548,55,,,1,30,,1596549,55,,,1,69,,1596550,55,,,1,32,,1596551,55,,,1,68,,1596552,55,,,1,30,,1596553,55,,,1,69,,1596554,55,,,1,34,,1596555,55,,,1,67,,1596556,55,,,1,32,,1596557,55,,,1,69,,1596558,55,,,1,31,,1596559,55,,,1,69,,1596560,55,,,1,30,,1596561,55,,,1,69,,1596563,55,,,1,29,,1596562,55,,,1,69,,1596564,55,,,1,99,,1596565,55,,,1,100,,1596566,55,,,1,100,,1596567,55,,,1,100,,1596537,55,,,1
1102,'20261019',637,,1596573,55,,,1,18,,1596577,55,,,1,52,,1596582,55,,,1,10,,1596575,55,,,1,11,,1596571,55,,,1,13,,1596574,55,,,1,12,,1596569,55,,,1,56,,1596568,55,,,1,11,,1596570,55,,,1,12,,1596572,55,,,1,10,,1596583,55,,,1,13,,1596576,55,,,1,56,,1596578,55,,,1,31,,1596580,55,,,1,70,,1596579,55,,,1,29,,1596581,55,,,1,70,,1596603,55,,,1,31,,1596588,55,,,1,71,,1596600,55,,,1,30,,1596605,55,,,1,70,,1596587,55,,,1,30,,1596591,55,,,1,70,,1596601,55,,,1,29,,1596602,55,,,1,70,,1596594,55,,,1,15,,1596604,55,,,1,17,,1596597,55,,,1,15,,1596584,55,,,1,54,,1596606,55,,,1,16,,1596585,55,,,1,14,,1596589,55,,,1,57,,1596607,55,,,1,15,,1596586,55,,,1,27,,1596595,55,,,1,68,,1596599,55,,,1,31,,1596590,55,,,1,67,,1596609,55,,,1,29,,1596598,55,,,1,69,,1596592,55,,,1,99,,1596596,55,,,1,98,,1596608,55,,,1,99,,1596593,55,,,1,100,,1596610,55,,,1
1102,'20261020',637,,1596616,55,,,1,18,,1596620,55,,,1,52,,1596625,55,,,1,10,,1596618,55,,,1,11,,1596614,55,,,1,13,,1596617,55,,,1,12,,1596612,55,,,1,56,,1596611,55,,,1,11,,1596613,55,,,1,12,,1596615,55,,,1,10,,1596626,55,,,1,13,,1596619,55,,,1,56,,1596621,55,,,1,31,,1596623,55,,,1,70,,1596622,55,,,1,29,,1596624,55,,,1,70,,1596646,55,,,1,31,,1596631,55,,,1,71,,1596643,55,,,1,30,,1596648,55,,,1,70,,1596630,55,,,1,30,,1596634,55,,,1,70,,1596644,55,,,1,29,,1596645,55,,,1,70,,1596637,55,,,1,15,,1596647,55,,,1,17,,1596640,55,,,1,15,,1596627,55,,,1,54,,1596649,55,,,1,16,,1596628,55,,,1,14,,1596632,55,,,1,57,,1596650,55,,,1,15,,1596629,55,,,1,27,,1596638,55,,,1,68,,1596642,55,,,1,31,,1596633,55,,,1,67,,1596652,55,,,1,29,,1596641,55,,,1,69,,1596635,55,,,1,99,,1596639,55,,,1,98,,1596651,55,,,1,99,,1596636,55,,,1,100,,1596653,55,,,1
1102,'20261021',637,,1627439,55,,,1,18,,1627443,55,,,1,52,,1627448,55,,,1,10,,1627441,55,,,1,11,,1627437,55,,,1,13,,1627440,55,,,1,12,,1627435,55,,,1,56,,1627434,55,,,1,11,,1627436,55,,,1,12,,1627438,55,,,1,10,,1627449,55,,,1,13,,1627442,55,,,1,56,,1627444,55,,,1,31,,1627446,55,,,1,70,,1627445,55,,,1,29,,1627447,55,,,1,70,,1627469,55,,,1,31,,1627454,55,,,1,71,,1627466,55,,,1,30,,1627471,55,,,1,70,,1627453,55,,,1,30,,1627457,55,,,1,70,,1627467,55,,,1,29,,1627468,55,,,1,70,,1627460,55,,,1,15,,1627470,55,,,1,17,,1627463,55,,,1,15,,1627450,55,,,1,54,,1627472,55,,,1,16,,1627451,55,,,1,14,,1627455,55,,,1,57,,1627473,55,,,1,15,,1627452,55,,,1,27,,1627461,55,,,1,68,,1627465,55,,,1,31,,1627456,55,,,1,67,,1627475,55,,,1,29,,1627464,55,,,1,69,,1627458,55,,,1,99,,1627462,55,,,1,98,,1627474,55,,,1,99,,1627459,55,,,1,100,,1627476,55,,,1
1102,'20261022',637,,1627482,55,,,1,18,,1627486,55,,,1,52,,1627491,55,,,1,10,,1627484,55,,,1,11,,1627480,55,,,1,13,,1627483,55,,,1,12,,1627478,55,,,1,56,,1627477,55,,,1,11,,1627479,55,,,1,12,,1627481,55,,,1,10,,1627492,55,,,1,13,,1627485,55,,,1,56,,1627487,55,,,1,31,,1627489,55,,,1,70,,1627488,55,,,1,29,,1627490,55,,,1,70,,1627512,55,,,1,31,,1627497,55,,,1,71,,1627509,55,,,1,30,,1627514,55,,,1,70,,1627496,55,,,1,30,,1627500,55,,,1,70,,1627510,55,,,1,29,,1627511,55,,,1,70,,1627503,55,,,1,15,,1627513,55,,,1,17,,1627506,55,,,1,15,,1627493,55,,,1,54,,1627515,55,,,1,16,,1627494,55,,,1,14,,1627498,55,,,1,57,,1627516,55,,,1,15,,1627495,55,,,1,27,,1627504,55,,,1,68,,1627508,55,,,1,31,,1627499,55,,,1,67,,1627518,55,,,1,29,,1627507,55,,,1,69,,1627501,55,,,1,99,,1627505,55,,,1,98,,1627517,55,,,1,99,,1627502,55,,,1,100,,1627519,55,,,1
1102,'20261023',637,,1627525,55,,,1,18,,1627529,55,,,1,52,,1627534,55,,,1,10,,1627527,55,,,1,11,,1627523,55,,,1,13,,1627526,55,,,1,12,,1627521,55,,,1,56,,1627520,55,,,1,11,,1627522,55,,,1,12,,1627524,55,,,1,10,,1627535,55,,,1,13,,1627528,55,,,1,56,,1627530,55,,,1,31,,1627532,55,,,1,70,,1627531,55,,,1,29,,1627533,55,,,1,70,,1627555,55,,,1,31,,1627540,55,,,1,71,,1627552,55,,,1,30,,1627557,55,,,1,70,,1627539,55,,,1,30,,1627543,55,,,1,70,,1627553,55,,,1,29,,1627554,55,,,1,70,,1627546,55,,,1,15,,1627556,55,,,1,17,,1627549,55,,,1,15,,1627536,55,,,1,54,,1627558,55,,,1,16,,1627537,55,,,1,14,,1627541,55,,,1,57,,1627559,55,,,1,15,,1627538,55,,,1,27,,1627547,55,,,1,68,,1627551,55,,,1,31,,1627542,55,,,1,67,,1627561,55,,,1,29,,1627550,55,,,1,69,,1627544,55,,,1,99,,1627548,55,,,1,98,,1627560,55,,,1,99,,1627545,55,,,1,100,,1627562,55,,,1
80502,'20261009',534,,1622144,21,,,0,10,,1622145,21,,,0,9,,1622146,21,,,0,49,,1622147,21,,,0,9,,1622148,21,,,0,9,,1622149,21,,,0,10,,1622150,21,,,0,10,,1622151,21,,,0,10,,1622152,21,,,0,8,,1622153,21,,,0,49,,1622154,21,,,0,10,,1622155,21,,,0,8,,1622156,21,,,0,7,,1622157,21,,,0,8,,1622158,21,,,0,8,,1622159,21,,,0,5,,1622143,8,,,0,4,,1622160,21,,,0,48,,1622161,21,,,0,10,,1622162,21,,,0,10,,1622163,21,,,0,10,,1622164,21,,,0,11,,1622165,21,,,0,10,,1622166,21,,,0,49,,1622167,21,,,0,11,,1622168,21,,,0,10,,1622169,21,,,0,9,,1622170,21,,,0,10,,1622171,21,,,0,11,,1622172,21,,,0,50,,1622173,21,,,0,10,,1622174,21,,,0,10,,1622175,21,,,0,10,,1622176,21,,,0,10,,1622177,21,,,0,10,,1622178,21,,,0,50,,1622179,21,,,0,10,,1622180,21,,,0,10,,1622181,21,,,0,10,,1622182,21,,,0,10,,1622183,21,,,0,10,,1622184,21,,,0,50,,1622185,21,,,0,10,,1622186,21,,,0,10,,1622187,21,,,0,10,,1622188,21,,,0,10,,1622189,21,,,0,9,,1622190,21,,,0,50,,1622191,21,,,0,10,,1622192,21,,,0,10,,1622193,21,,,0,10,,1622194,21,,,0,9,,1622195,21,,,0,10,,1622196,21,,,0,49,,1622197,21,,,0,10,,1622198,21,,,0,11,,1622199,21,,,0,11,,1622200,21,,,0,9,,1622201,21,,,0,9,,1622202,21,,,0,5,,1622203,21,,,0,45,,1622204,21,,,0,4,,1622205,21,,,0,6,,1622206,21,,,0,7,,1622207,21,,,0,6,,1622208,21,,,0,8,,1622209,21,,,0,6,,1622210,21,,,0,7,,1622211,21,,,0,7,,1622212,21,,,0,47,,1622213,21,,,0,4,,1622214,21,,,0,6,,1622215,21,,,0,7,,1622216,21,,,0,8,,1622217,21,,,0,7,,1622218,21,,,0,6,,1622219,21,,,0,8,,1622220,21,,,0,8,,1622221,21,,,0,45,,1622222,21,,,0,10,,1622223,21,,,0,10,,1622224,21,,,0,8,,1622225,21,,,0,8,,1622226,21,,,0,6,,1622227,21,,,0,7,,1622228,21,,,0,7,,1622229,21,,,0,47,,1622230,21,,,0,10,,1622231,21,,,0,9,,1622232,21,,,0,11,,1622233,21,,,0,9,,1622234,21,,,0,10,,1622235,21,,,0,49,,1622236,21,,,0,12,,1622237,21,,,0,10,,1622238,21,,,0,11,,1622239,21,,,0,10,,1622240,21,,,0,10,,1622241,21,,,0,50,,1622242,21,,,0,10,,1622243,21,,,0,10,,1622244,21,,,0,10,,1622245,21,,,0,10,,1622246,21,,,0,10,,1622247,21,,,0,50,,1622248,21,,,0,10,,1622249,21,,,0,10,,1622250,21,,,0,10,,1622251,21,,,0,10,,1622252,21,,,0,10,,1622253,21,,,0,50,,1622254,21,,,0,11,,1622255,21,,,0,10,,1622256,21,,,0,11,,1622257,21,,,0,11,,1622258,21,,,0,9,,1622259,21,,,0,51,,1622260,21,,,0,10,,1622261,21,,,0,10,,1622262,21,,,0,10,,1622263,21,,,0,10,,1622264,21,,,0,10,,1622265,21,,,0,50,,1622266,21,,,0,10,,1622267,21,,,0,10,,1622268,21,,,0,10,,1622269,21,,,0,10,,1622270,21,,,0,10,,1622271,21,,,0,50,,1622272,21,,,0,10,,1622273,21,,,0,10,,1622274,21,,,0,9,,1622275,21,,,0
80502,'20261010',549,,1644302,21,,,0,10,,1644303,21,,,0,50,,1644304,21,,,0,9,,1644305,21,,,0,10,,1644306,21,,,0,10,,1644307,21,,,0,10,,1644308,21,,,0,9,,1644309,21,,,0,51,,1644310,21,,,0,10,,1644311,21,,,0,8,,1644312,21,,,0,10,,1644313,21,,,0,9,,1644314,21,,,0,10,,1644315,21,,,0,50,,1644316,21,,,0,10,,1644317,21,,,0,9,,1644318,21,,,0,10,,1644319,21,,,0,10,,1644320,21,,,0,9,,1644321,21,,,0,49,,1644322,21,,,0,11,,1644323,21,,,0,10,,1644324,21,,,0,10,,1644325,21,,,0,10,,1644326,21,,,0,10,,1644327,21,,,0,51,,1644328,21,,,0,10,,1644329,21,,,0,10,,1644330,21,,,0,10,,1644331,21,,,0,10,,1644332,21,,,0,10,,1644333,21,,,0,50,,1644334,21,,,0,11,,1644335,21,,,0,10,,1644336,21,,,0,10,,1644337,21,,,0,10,,1644338,21,,,0,10,,1644339,21,,,0,50,,1644340,21,,,0,10,,1644341,21,,,0,10,,1644342,21,,,0,10,,1644343,21,,,0,10,,1644344,21,,,0,10,,1644345,21,,,0,50,,1644346,21,,,0,10,,1644347,21,,,0,10,,1644348,21,,,0,10,,1644349,21,,,0,8,,1644350,21,,,0,10,,1644351,21,,,0,50,,1644352,21,,,0,10,,1644353,21,,,0,9,,1644354,21,,,0,10,,1644355,21,,,0,10,,1644356,21,,,0,10,,1644357,21,,,0,49,,1644358,21,,,0,9,,1644359,21,,,0,10,,1644360,21,,,0,10,,1644361,21,,,0,10,,1644362,21,,,0,10,,1644363,21,,,0,50,,1644364,21,,,0,10,,1644365,21,,,0,10,,1644366,21,,,0,10,,1644367,21,,,0,10,,1644368,21,,,0,10,,1644369,21,,,0,52,,1644370,21,,,0,10,,1644371,21,,,0,10,,1644372,21,,,0,11,,1644373,21,,,0,11,,1644374,21,,,0,9,,1644375,21,,,0,49,,1644376,21,,,0,10,,1644377,21,,,0,10,,1644378,21,,,0,10,,1644379,21,,,0,10,,1644380,21,,,0,10,,1644381,21,,,0,50,,1644382,21,,,0,10,,1644383,21,,,0,10,,1644384,21,,,0,10,,1644385,21,,,0,10,,1644386,21,,,0,10,,1644387,21,,,0,51,,1644388,21,,,0,10,,1644389,21,,,0,10,,1644390,21,,,0,11,,1644391,21,,,0,11,,1644392,21,,,0,10,,1644393,21,,,0,51,,1644394,21,,,0,10,,1644395,21,,,0,10,,1644396,21,,,0,10,,1644397,21,,,0,11,,1644398,21,,,0,10,,1644399,21,,,0,51,,1644400,21,,,0,9,,1644401,21,,,0,11,,1644402,21,,,0,10,,1644403,21,,,0,10,,1644404,21,,,0,10,,1644405,21,,,0,50,,1644406,21,,,0,10,,1644407,21,,,0,10,,1644408,21,,,0,10,,1644409,21,,,0,10,,1644410,21,,,0,10,,1644411,21,,,0,50,,1644412,21,,,0,10,,1644413,21,,,0,10,,1644414,21,,,0,11,,1644415,21,,,0,11,,1644416,21,,,0,50,,1644417,21,,,0,10,,1644418,21,,,0,10,,1644419,21,,,0
80502,'20261011',549,,1644420,21,,,0,10,,1644421,21,,,0,50,,1644422,21,,,0,9,,1644423,21,,,0,10,,1644424,21,,,0,10,,1644425,21,,,0,10,,1644426,21,,,0,9,,1644427,21,,,0,51,,1644428,21,,,0,10,,1644429,21,,,0,8,,1644430,21,,,0,10,,1644431,21,,,0,9,,1644432,21,,,0,10,,1644433,21,,,0,50,,1644434,21,,,0,10,,1644435,21,,,0,9,,1644436,21,,,0,10,,1644437,21,,,0,10,,1644438,21,,,0,9,,1644439,21,,,0,49,,1644440,21,,,0,11,,1644441,21,,,0,10,,1644442,21,,,0,10,,1644443,21,,,0,10,,1644444,21,,,0,10,,1644445,21,,,0,51,,1644446,21,,,0,10,,1644447,21,,,0,10,,1644448,21,,,0,10,,1644449,21,,,0,10,,1644450,21,,,0,10,,1644451,21,,,0,50,,1644452,21,,,0,11,,1644453,21,,,0,10,,1644454,21,,,0,10,,1644455,21,,,0,10,,1644456,21,,,0,10,,1644457,21,,,0,50,,1644458,21,,,0,10,,1644459,21,,,0,10,,1644460,21,,,0,10,,1644461,21,,,0,10,,1644462,21,,,0,10,,1644463,21,,,0,50,,1644464,21,,,0,10,,1644465,21,,,0,10,,1644466,21,,,0,10,,1644467,21,,,0,8,,1644468,21,,,0,10,,1644469,21,,,0,50,,1644470,21,,,0,10,,1644471,21,,,0,9,,1644472,21,,,0,10,,1644473,21,,,0,10,,1644474,21,,,0,10,,1644475,21,,,0,49,,1644476,21,,,0,9,,1644477,21,,,0,10,,1644478,21,,,0,10,,1644479,21,,,0,10,,1644480,21,,,0,10,,1644481,21,,,0,50,,1644482,21,,,0,10,,1644483,21,,,0,10,,1644484,21,,,0,10,,1644485,21,,,0,10,,1644486,21,,,0,10,,1644487,21,,,0,52,,1644488,21,,,0,10,,1644489,21,,,0,10,,1644490,21,,,0,11,,1644491,21,,,0,11,,1644492,21,,,0,9,,1644493,21,,,0,49,,1644494,21,,,0,10,,1644495,21,,,0,10,,1644496,21,,,0,10,,1644497,21,,,0,10,,1644498,21,,,0,10,,1644499,21,,,0,50,,1644500,21,,,0,10,,1644501,21,,,0,10,,1644502,21,,,0,10,,1644503,21,,,0,10,,1644504,21,,,0,10,,1644505,21,,,0,51,,1644506,21,,,0,10,,1644507,21,,,0,10,,1644508,21,,,0,11,,1644509,21,,,0,11,,1644510,21,,,0,10,,1644511,21,,,0,51,,1644512,21,,,0,10,,1644513,21,,,0,10,,1644514,21,,,0,10,,1644515,21,,,0,11,,1644516,21,,,0,10,,1644517,21,,,0,51,,1644518,21,,,0,9,,1644519,21,,,0,11,,1644520,21,,,0,10,,1644521,21,,,0,10,,1644522,21,,,0,10,,1644523,21,,,0,50,,1644524,21,,,0,10,,1644525,21,,,0,10,,1644526,21,,,0,10,,1644527,21,,,0,10,,1644528,21,,,0,10,,1644529,21,,,0,50,,1644530,21,,,0,10,,1644531,21,,,0,10,,1644532,21,,,0,11,,1644533,21,,,0,11,,1644534,21,,,0,50,,1644535,21,,,0,10,,1644536,21,,,0,10,,1644537,21,,,0
80502,'20261012',549,,1644538,21,,,0,10,,1644539,21,,,0,50,,1644540,21,,,0,9,,1644541,21,,,0,10,,1644542,21,,,0,10,,1644543,21,,,0,10,,1644544,21,,,0,9,,1644545,21,,,0,51,,1644546,21,,,0,10,,1644547,21,,,0,8,,1644548,21,,,0,10,,1644549,21,,,0,9,,1644550,21,,,0,10,,1644551,21,,,0,50,,1644552,21,,,0,10,,1644553,21,,,0,9,,1644554,21,,,0,10,,1644555,21,,,0,10,,1644556,21,,,0,9,,1644557,21,,,0,49,,1644558,21,,,0,11,,1644559,21,,,0,10,,1644560,21,,,0,10,,1644561,21,,,0,10,,1644562,21,,,0,10,,1644563,21,,,0,51,,1644564,21,,,0,10,,1644565,21,,,0,10,,1644566,21,,,0,10,,1644567,21,,,0,10,,1644568,21,,,0,10,,1644569,21,,,0,50,,1644570,21,,,0,11,,1644571,21,,,0,10,,1644572,21,,,0,10,,1644573,21,,,0,10,,1644574,21,,,0,10,,1644575,21,,,0,50,,1644576,21,,,0,10,,1644577,21,,,0,10,,1644578,21,,,0,10,,1644579,21,,,0,10,,1644580,21,,,0,10,,1644581,21,,,0,50,,1644582,21,,,0,10,,1644583,21,,,0,10,,1644584,21,,,0,10,,1644585,21,,,0,8,,1644586,21,,,0,10,,1644587,21,,,0,50,,1644588,21,,,0,10,,1644589,21,,,0,9,,1644590,21,,,0,10,,1644591,21,,,0,10,,1644592,21,,,0,10,,1644593,21,,,0,49,,1644594,21,,,0,9,,1644595,21,,,0,10,,1644596,21,,,0,10,,1644597,21,,,0,10,,1644598,21,,,0,10,,1644599,21,,,0,50,,1644600,21,,,0,10,,1644601,21,,,0,10,,1644602,21,,,0,10,,1644603,21,,,0,10,,1644604,21,,,0,10,,1644605,21,,,0,52,,1644606,21,,,0,10,,1644607,21,,,0,10,,1644608,21,,,0,11,,1644609,21,,,0,11,,1644610,21,,,0,9,,1644611,21,,,0,49,,1644612,21,,,0,10,,1644613,21,,,0,10,,1644614,21,,,0,10,,1644615,21,,,0,10,,1644616,21,,,0,10,,1644617,21,,,0,50,,1644618,21,,,0,10,,1644619,21,,,0,10,,1644620,21,,,0,10,,1644621,21,,,0,10,,1644622,21,,,0,10,,1644623,21,,,0,51,,1644624,21,,,0,10,,1644625,21,,,0,10,,1644626,21,,,0,11,,1644627,21,,,0,11,,1644628,21,,,0,10,,1644629,21,,,0,51,,1644630,21,,,0,10,,1644631,21,,,0,10,,1644632,21,,,0,10,,1644633,21,,,0,11,,1644634,21,,,0,10,,1644635,21,,,0,51,,1644636,21,,,0,9,,1644637,21,,,0,11,,1644638,21,,,0,10,,1644639,21,,,0,10,,1644640,21,,,0,10,,1644641,21,,,0,50,,1644642,21,,,0,10,,1644643,21,,,0,10,,1644644,21,,,0,10,,1644645,21,,,0,10,,1644646,21,,,0,10,,1644647,21,,,0,50,,1644648,21,,,0,10,,1644649,21,,,0,10,,1644650,21,,,0,11,,1644651,21,,,0,11,,1644652,21,,,0,50,,1644653,21,,,0,10,,1644654,21,,,0,10,,1644655,21,,,0
80502,'20261013',534,,1590551,21,,,0,10,,1590423,21,,,0,9,,1590424,21,,,0,49,,1590426,21,,,0,9,,1590427,21,,,0,9,,1590428,21,,,0,10,,1590554,21,,,0,10,,1590429,21,,,0,10,,1590430,21,,,0,8,,1590431,21,,,0,49,,1590425,21,,,0,10,,1590552,21,,,0,8,,1590553,21,,,0,7,,1590432,21,,,0,8,,1590433,21,,,0,8,,1590434,21,,,0,9,,1590436,21,,,0,48,,1590437,21,,,0,10,,1590438,21,,,0,10,,1590435,21,,,0,10,,1590439,21,,,0,11,,1590440,21,,,0,10,,1590441,21,,,0,49,,1590442,21,,,0,11,,1590530,21,,,0,10,,1590443,21,,,0,9,,1590444,21,,,0,10,,1590531,21,,,0,11,,1590445,21,,,0,50,,1590446,21,,,0,10,,1590532,21,,,0,10,,1590447,21,,,0,10,,1590448,21,,,0,10,,1590533,21,,,0,10,,1590449,21,,,0,50,,1590450,21,,,0,10,,1590534,21,,,0,10,,1590451,21,,,0,10,,1590452,21,,,0,10,,1590535,21,,,0,10,,1590454,21,,,0,50,,1590455,21,,,0,10,,1590456,21,,,0,10,,1590457,21,,,0,10,,1590536,21,,,0,10,,1590458,21,,,0,9,,1590459,21,,,0,50,,1590453,21,,,0,10,,1590460,21,,,0,10,,1590461,21,,,0,10,,1590462,21,,,0,9,,1590464,21,,,0,10,,1590463,21,,,0,49,,1590465,21,,,0,10,,1590466,21,,,0,11,,1590467,21,,,0,11,,1590468,21,,,0,9,,1590469,21,,,0,9,,1590470,21,,,0,5,,1590471,21,,,0,45,,1590472,21,,,0,4,,1590473,21,,,0,6,,1590474,21,,,0,7,,1590529,21,,,0,6,,1590475,21,,,0,8,,1590523,21,,,0,6,,1590476,21,,,0,7,,1590479,21,,,0,7,,1590480,21,,,0,47,,1590481,21,,,0,4,,1590482,21,,,0,6,,1590527,21,,,0,7,,1590478,21,,,0,8,,1590477,21,,,0,7,,1590484,21,,,0,6,,1590485,21,,,0,8,,1590486,21,,,0,8,,1590483,21,,,0,45,,1590487,21,,,0,10,,1590488,21,,,0,10,,1590489,21,,,0,8,,1590490,21,,,0,8,,1590491,21,,,0,6,,1590492,21,,,0,7,,1590493,21,,,0,7,,1590494,21,,,0,47,,1590495,21,,,0,10,,1590537,21,,,0,9,,1590496,21,,,0,11,,1590497,21,,,0,9,,1590498,21,,,0,10,,1590538,21,,,0,49,,1590500,21,,,0,12,,1590501,21,,,0,10,,1590539,21,,,0,11,,1590502,21,,,0,10,,1590540,21,,,0,10,,1590499,21,,,0,50,,1590503,21,,,0,10,,1590542,21,,,0,10,,1590504,21,,,0,10,,1590505,21,,,0,10,,1590506,21,,,0,10,,1590507,21,,,0,50,,1590508,21,,,0,10,,1590543,21,,,0,10,,1590509,21,,,0,10,,1590510,21,,,0,10,,1590544,21,,,0,10,,1590511,21,,,0,50,,1590513,21,,,0,11,,1590541,21,,,0,10,,1590514,21,,,0,11,,1590515,21,,,0,11,,1590545,21,,,0,9,,1590512,21,,,0,51,,1590516,21,,,0,10,,1590546,21,,,0,10,,1590517,21,,,0,10,,1590526,21,,,0,10,,1590547,21,,,0,10,,1590518,21,,,0,50,,1590519,21,,,0,10,,1590548,21,,,0,10,,1590524,21,,,0,10,,1590520,21,,,0,10,,1590549,21,,,0,10,,1590521,21,,,0,50,,1590522,21,,,0,10,,1590550,21,,,0,10,,1590525,21,,,0,9,,1590528,21,,,0
80502,'20261014',534,,1590683,21,,,0,10,,1590555,21,,,0,9,,1590556,21,,,0,49,,1590558,21,,,0,9,,1590559,21,,,0,9,,1590560,21,,,0,10,,1590686,21,,,0,10,,1590561,21,,,0,10,,1590562,21,,,0,8,,1590563,21,,,0,49,,1590557,21,,,0,10,,1590684,21,,,0,8,,1590685,21,,,0,7,,1590564,21,,,0,8,,1590565,21,,,0,8,,1590566,21,,,0,9,,1590568,21,,,0,48,,1590569,21,,,0,10,,1590570,21,,,0,10,,1590567,21,,,0,10,,1590571,21,,,0,11,,1590572,21,,,0,10,,1590573,21,,,0,49,,1590574,21,,,0,11,,1590662,21,,,0,10,,1590575,21,,,0,9,,1590576,21,,,0,10,,1590663,21,,,0,11,,1590577,21,,,0,50,,1590578,21,,,0,10,,1590664,21,,,0,10,,1590579,21,,,0,10,,1590580,21,,,0,10,,1590665,21,,,0,10,,1590581,21,,,0,50,,1590582,21,,,0,10,,1590666,21,,,0,10,,1590583,21,,,0,10,,1590584,21,,,0,10,,1590667,21,,,0,10,,1590586,21,,,0,50,,1590587,21,,,0,10,,1590588,21,,,0,10,,1590589,21,,,0,10,,1590668,21,,,0,10,,1590590,21,,,0,9,,1590591,21,,,0,50,,1590585,21,,,0,10,,1590592,21,,,0,10,,1590593,21,,,0,10,,1590594,21,,,0,9,,1590596,21,,,0,10,,1590595,21,,,0,49,,1590597,21,,,0,10,,1590598,21,,,0,11,,1590599,21,,,0,11,,1590600,21,,,0,9,,1590601,21,,,0,9,,1590602,21,,,0,5,,1590603,21,,,0,45,,1590604,21,,,0,4,,1590605,21,,,0,6,,1590606,21,,,0,7,,1590661,21,,,0,6,,1590607,21,,,0,8,,1590655,21,,,0,6,,1590608,21,,,0,7,,1590611,21,,,0,7,,1590612,21,,,0,47,,1590613,21,,,0,4,,1590614,21,,,0,6,,1590659,21,,,0,7,,1590610,21,,,0,8,,1590609,21,,,0,7,,1590616,21,,,0,6,,1590617,21,,,0,8,,1590618,21,,,0,8,,1590615,21,,,0,45,,1590619,21,,,0,10,,1590620,21,,,0,10,,1590621,21,,,0,8,,1590622,21,,,0,8,,1590623,21,,,0,6,,1590624,21,,,0,7,,1590625,21,,,0,7,,1590626,21,,,0,47,,1590627,21,,,0,10,,1590669,21,,,0,9,,1590628,21,,,0,11,,1590629,21,,,0,9,,1590630,21,,,0,10,,1590670,21,,,0,49,,1590632,21,,,0,12,,1590633,21,,,0,10,,1590671,21,,,0,11,,1590634,21,,,0,10,,1590672,21,,,0,10,,1590631,21,,,0,50,,1590635,21,,,0,10,,1590674,21,,,0,10,,1590636,21,,,0,10,,1590637,21,,,0,10,,1590638,21,,,0,10,,1590639,21,,,0,50,,1590640,21,,,0,10,,1590675,21,,,0,10,,1590641,21,,,0,10,,1590642,21,,,0,10,,1590676,21,,,0,10,,1590643,21,,,0,50,,1590645,21,,,0,11,,1590673,21,,,0,10,,1590646,21,,,0,11,,1590647,21,,,0,11,,1590677,21,,,0,9,,1590644,21,,,0,51,,1590648,21,,,0,10,,1590678,21,,,0,10,,1590649,21,,,0,10,,1590658,21,,,0,10,,1590679,21,,,0,10,,1590650,21,,,0,50,,1590651,21,,,0,10,,1590680,21,,,0,10,,1590656,21,,,0,10,,1590652,21,,,0,10,,1590681,21,,,0,10,,1590653,21,,,0,50,,1590654,21,,,0,10,,1590682,21,,,0,10,,1590657,21,,,0,9,,1590660,21,,,0
80502,'20261015',534,,1590815,21,,,0,10,,1590687,21,,,0,9,,1590688,21,,,0,49,,1590690,21,,,0,9,,1590691,21,,,0,9,,1590692,21,,,0,10,,1590818,21,,,0,10,,1590693,21,,,0,10,,1590694,21,,,0,8,,1590695,21,,,0,49,,1590689,21,,,0,10,,1590816,21,,,0,8,,1590817,21,,,0,7,,1590696,21,,,0,8,,1590697,21,,,0,8,,1590698,21,,,0,9,,1590700,21,,,0,48,,1590701,21,,,0,10,,1590702,21,,,0,10,,1590699,21,,,0,10,,1590703,21,,,0,11,,1590704,21,,,0,10,,1590705,21,,,0,49,,1590706,21,,,0,11,,1590794,21,,,0,10,,1590707,21,,,0,9,,1590708,21,,,0,10,,1590795,21,,,0,11,,1590709,21,,,0,50,,1590710,21,,,0,10,,1590796,21,,,0,10,,1590711,21,,,0,10,,1590712,21,,,0,10,,1590797,21,,,0,10,,1590713,21,,,0,50,,1590714,21,,,0,10,,1590798,21,,,0,10,,1590715,21,,,0,10,,1590716,21,,,0,10,,1590799,21,,,0,10,,1590718,21,,,0,50,,1590719,21,,,0,10,,1590720,21,,,0,10,,1590721,21,,,0,10,,1590800,21,,,0,10,,1590722,21,,,0,9,,1590723,21,,,0,50,,1590717,21,,,0,10,,1590724,21,,,0,10,,1590725,21,,,0,10,,1590726,21,,,0,9,,1590728,21,,,0,10,,1590727,21,,,0,49,,1590729,21,,,0,10,,1590730,21,,,0,11,,1590731,21,,,0,11,,1590732,21,,,0,9,,1590733,21,,,0,9,,1590734,21,,,0,5,,1590735,21,,,0,45,,1590736,21,,,0,4,,1590737,21,,,0,6,,1590738,21,,,0,7,,1590793,21,,,0,6,,1590739,21,,,0,8,,1590787,21,,,0,6,,1590740,21,,,0,7,,1590743,21,,,0,7,,1590744,21,,,0,47,,1590745,21,,,0,4,,1590746,21,,,0,6,,1590791,21,,,0,7,,1590742,21,,,0,8,,1590741,21,,,0,7,,1590748,21,,,0,6,,1590749,21,,,0,8,,1590750,21,,,0,8,,1590747,21,,,0,45,,1590751,21,,,0,10,,1590752,21,,,0,10,,1590753,21,,,0,8,,1590754,21,,,0,8,,1590755,21,,,0,6,,1590756,21,,,0,7,,1590757,21,,,0,7,,1590758,21,,,0,47,,1590759,21,,,0,10,,1590801,21,,,0,9,,1590760,21,,,0,11,,1590761,21,,,0,9,,1590762,21,,,0,10,,1590802,21,,,0,49,,1590764,21,,,0,12,,1590765,21,,,0,10,,1590803,21,,,0,11,,1590766,21,,,0,10,,1590804,21,,,0,10,,1590763,21,,,0,50,,1590767,21,,,0,10,,1590806,21,,,0,10,,1590768,21,,,0,10,,1590769,21,,,0,10,,1590770,21,,,0,10,,1590771,21,,,0,50,,1590772,21,,,0,10,,1590807,21,,,0,10,,1590773,21,,,0,10,,1590774,21,,,0,10,,1590808,21,,,0,10,,1590775,21,,,0,50,,1590777,21,,,0,11,,1590805,21,,,0,10,,1590778,21,,,0,11,,1590779,21,,,0,11,,1590809,21,,,0,9,,1590776,21,,,0,51,,1590780,21,,,0,10,,1590810,21,,,0,10,,1590781,21,,,0,10,,1590790,21,,,0,10,,1590811,21,,,0,10,,1590782,21,,,0,50,,1590783,21,,,0,10,,1590812,21,,,0,10,,1590788,21,,,0,10,,1590784,21,,,0,10,,1590813,21,,,0,10,,1590785,21,,,0,50,,1590786,21,,,0,10,,1590814,21,,,0,10,,1590789,21,,,0,9,,1590792,21,,,0
80502,'20261016',534,,1590947,21,,,0,10,,1590819,21,,,0,9,,1590820,21,,,0,49,,1590822,21,,,0,9,,1590823,21,,,0,9,,1590824,21,,,0,10,,1590950,21,,,0,10,,1590825,21,,,0,10,,1590826,21,,,0,8,,1590827,21,,,0,49,,1590821,21,,,0,10,,1590948,21,,,0,8,,1590949,21,,,0,7,,1590828,21,,,0,8,,1590829,21,,,0,8,,1590830,21,,,0,9,,1590832,21,,,0,48,,1590833,21,,,0,10,,1590834,21,,,0,10,,1590831,21,,,0,10,,1590835,21,,,0,11,,1590836,21,,,0,10,,1590837,21,,,0,49,,1590838,21,,,0,11,,1590926,21,,,0,10,,1590839,21,,,0,9,,1590840,21,,,0,10,,1590927,21,,,0,11,,1590841,21,,,0,50,,1590842,21,,,0,10,,1590928,21,,,0,10,,1590843,21,,,0,10,,1590844,21,,,0,10,,1590929,21,,,0,10,,1590845,21,,,0,50,,1590846,21,,,0,10,,1590930,21,,,0,10,,1590847,21,,,0,10,,1590848,21,,,0,10,,1590931,21,,,0,10,,1590850,21,,,0,50,,1590851,21,,,0,10,,1590852,21,,,0,10,,1590853,21,,,0,10,,1590932,21,,,0,10,,1590854,21,,,0,9,,1590855,21,,,0,50,,1590849,21,,,0,10,,1590856,21,,,0,10,,1590857,21,,,0,10,,1590858,21,,,0,9,,1590860,21,,,0,10,,1590859,21,,,0,49,,1590861,21,,,0,10,,1590862,21,,,0,11,,1590863,21,,,0,11,,1590864,21,,,0,9,,1590865,21,,,0,9,,1590866,21,,,0,5,,1590867,21,,,0,45,,1590868,21,,,0,4,,1590869,21,,,0,6,,1590870,21,,,0,7,,1590925,21,,,0,6,,1590871,21,,,0,8,,1590919,21,,,0,6,,1590872,21,,,0,7,,1590875,21,,,0,7,,1590876,21,,,0,47,,1590877,21,,,0,4,,1590878,21,,,0,6,,1590923,21,,,0,7,,1590874,21,,,0,8,,1590873,21,,,0,7,,1590880,21,,,0,6,,1590881,21,,,0,8,,1590882,21,,,0,8,,1590879,21,,,0,45,,1590883,21,,,0,10,,1590884,21,,,0,10,,1590885,21,,,0,8,,1590886,21,,,0,8,,1590887,21,,,0,6,,1590888,21,,,0,7,,1590889,21,,,0,7,,1590890,21,,,0,47,,1590891,21,,,0,10,,1590933,21,,,0,9,,1590892,21,,,0,11,,1590893,21,,,0,9,,1590894,21,,,0,10,,1590934,21,,,0,49,,1590896,21,,,0,12,,1590897,21,,,0,10,,1590935,21,,,0,11,,1590898,21,,,0,10,,1590936,21,,,0,10,,1590895,21,,,0,50,,1590899,21,,,0,10,,1590938,21,,,0,10,,1590900,21,,,0,10,,1590901,21,,,0,10,,1590902,21,,,0,10,,1590903,21,,,0,50,,1590904,21,,,0,10,,1590939,21,,,0,10,,1590905,21,,,0,10,,1590906,21,,,0,10,,1590940,21,,,0,10,,1590907,21,,,0,50,,1590909,21,,,0,11,,1590937,21,,,0,10,,1590910,21,,,0,11,,1590911,21,,,0,11,,1590941,21,,,0,9,,1590908,21,,,0,51,,1590912,21,,,0,10,,1590942,21,,,0,10,,1590913,21,,,0,10,,1590922,21,,,0,10,,1590943,21,,,0,10,,1590914,21,,,0,50,,1590915,21,,,0,10,,1590944,21,,,0,10,,1590920,21,,,0,10,,1590916,21,,,0,10,,1590945,21,,,0,10,,1590917,21,,,0,50,,1590918,21,,,0,10,,1590946,21,,,0,10,,1590921,21,,,0,9,,1590924,21,,,0
80502,'20261017',549,,1622392,21,,,0,10,,1622276,21,,,0,50,,1622369,21,,,0,9,,1622277,21,,,0,10,,1622363,21,,,0,10,,1622370,21,,,0,10,,1622278,21,,,0,9,,1622279,21,,,0,51,,1622371,21,,,0,10,,1622393,21,,,0,8,,1622280,21,,,0,10,,1622364,21,,,0,9,,1622372,21,,,0,10,,1622281,21,,,0,50,,1622282,21,,,0,10,,1622283,21,,,0,9,,1622284,21,,,0,10,,1622365,21,,,0,10,,1622373,21,,,0,9,,1622285,21,,,0,49,,1622286,21,,,0,11,,1622287,21,,,0,10,,1622288,21,,,0,10,,1622289,21,,,0,10,,1622374,21,,,0,10,,1622290,21,,,0,51,,1622291,21,,,0,10,,1622292,21,,,0,10,,1622293,21,,,0,10,,1622294,21,,,0,10,,1622375,21,,,0,10,,1622295,21,,,0,50,,1622296,21,,,0,11,,1622297,21,,,0,10,,1622298,21,,,0,10,,1622299,21,,,0,10,,1622376,21,,,0,10,,1622300,21,,,0,50,,1622301,21,,,0,10,,1622302,21,,,0,10,,1622304,21,,,0,10,,1622305,21,,,0,10,,1622377,21,,,0,10,,1622306,21,,,0,50,,1622303,21,,,0,10,,1622307,21,,,0,10,,1622308,21,,,0,10,,1622309,21,,,0,8,,1622378,21,,,0,10,,1622310,21,,,0,50,,1622311,21,,,0,10,,1622312,21,,,0,9,,1622313,21,,,0,10,,1622314,21,,,0,10,,1622315,21,,,0,10,,1622316,21,,,0,49,,1622317,21,,,0,9,,1622318,21,,,0,10,,1622319,21,,,0,10,,1622320,21,,,0,10,,1622321,21,,,0,10,,1622322,21,,,0,50,,1622323,21,,,0,10,,1622324,21,,,0,10,,1622325,21,,,0,10,,1622326,21,,,0,10,,1622327,21,,,0,10,,1622328,21,,,0,52,,1622368,21,,,0,10,,1622329,21,,,0,10,,1622330,21,,,0,11,,1622331,21,,,0,11,,1622332,21,,,0,9,,1622334,21,,,0,49,,1622335,21,,,0,10,,1622336,21,,,0,10,,1622367,21,,,0,10,,1622337,21,,,0,10,,1622338,21,,,0,10,,1622339,21,,,0,50,,1622379,21,,,0,10,,1622333,21,,,0,10,,1622340,21,,,0,10,,1622380,21,,,0,10,,1622341,21,,,0,10,,1622342,21,,,0,51,,1622381,21,,,0,10,,1622343,21,,,0,10,,1622344,21,,,0,11,,1622382,21,,,0,11,,1622345,21,,,0,10,,1622346,21,,,0,51,,1622383,21,,,0,10,,1622347,21,,,0,10,,1622348,21,,,0,10,,1622384,21,,,0,11,,1622349,21,,,0,10,,1622366,21,,,0,51,,1622385,21,,,0,9,,1622350,21,,,0,11,,1622351,21,,,0,10,,1622386,21,,,0,10,,1622352,21,,,0,10,,1622353,21,,,0,50,,1622387,21,,,0,10,,1622354,21,,,0,10,,1622355,21,,,0,10,,1622388,21,,,0,10,,1622356,21,,,0,10,,1622357,21,,,0,50,,1622389,21,,,0,10,,1622358,21,,,0,10,,1622359,21,,,0,11,,1622390,21,,,0,11,,1622362,21,,,0,50,,1622360,21,,,0,10,,1622391,21,,,0,10,,1622361,21,,,0
80502,'20261018',549,,1622511,21,,,0,10,,1622479,21,,,0,50,,1622487,21,,,0,9,,1622478,21,,,0,10,,1622480,21,,,0,10,,1622488,21,,,0,10,,1622477,21,,,0,9,,1622476,21,,,0,51,,1622489,21,,,0,10,,1622474,21,,,0,8,,1622473,21,,,0,10,,1622475,21,,,0,9,,1622490,21,,,0,10,,1622471,21,,,0,50,,1622459,21,,,0,10,,1622458,21,,,0,9,,1622463,21,,,0,10,,1622462,21,,,0,10,,1622491,21,,,0,9,,1622451,21,,,0,49,,1622454,21,,,0,11,,1622452,21,,,0,10,,1622466,21,,,0,10,,1622465,21,,,0,10,,1622492,21,,,0,10,,1622467,21,,,0,51,,1622450,21,,,0,10,,1622456,21,,,0,10,,1622472,21,,,0,10,,1622461,21,,,0,10,,1622493,21,,,0,10,,1622453,21,,,0,50,,1622457,21,,,0,11,,1622455,21,,,0,10,,1622469,21,,,0,10,,1622464,21,,,0,10,,1622494,21,,,0,10,,1622468,21,,,0,50,,1622470,21,,,0,10,,1622460,21,,,0,10,,1622443,21,,,0,10,,1622440,21,,,0,10,,1622495,21,,,0,10,,1622434,21,,,0,50,,1622442,21,,,0,10,,1622446,21,,,0,10,,1622439,21,,,0,10,,1622437,21,,,0,8,,1622496,21,,,0,10,,1622445,21,,,0,50,,1622435,21,,,0,10,,1622441,21,,,0,9,,1622438,21,,,0,10,,1622448,21,,,0,10,,1622449,21,,,0,10,,1622433,21,,,0,49,,1622436,21,,,0,9,,1622432,21,,,0,10,,1622444,21,,,0,10,,1622447,21,,,0,10,,1622425,21,,,0,10,,1622420,21,,,0,50,,1622424,21,,,0,10,,1622429,21,,,0,10,,1622419,21,,,0,10,,1622422,21,,,0,10,,1622418,21,,,0,10,,1622417,21,,,0,52,,1622416,21,,,0,10,,1622485,21,,,0,10,,1622428,21,,,0,11,,1622431,21,,,0,11,,1622430,21,,,0,9,,1622427,21,,,0,49,,1622421,21,,,0,10,,1622426,21,,,0,10,,1622423,21,,,0,10,,1622414,21,,,0,10,,1622481,21,,,0,10,,1622408,21,,,0,50,,1622497,21,,,0,10,,1622406,21,,,0,10,,1622415,21,,,0,10,,1622498,21,,,0,10,,1622405,21,,,0,10,,1622499,21,,,0,51,,1622412,21,,,0,10,,1622413,21,,,0,10,,1622500,21,,,0,11,,1622410,21,,,0,11,,1622407,21,,,0,10,,1622501,21,,,0,51,,1622409,21,,,0,10,,1622411,21,,,0,10,,1622502,21,,,0,10,,1622404,21,,,0,11,,1622403,21,,,0,10,,1622503,21,,,0,51,,1622400,21,,,0,9,,1622398,21,,,0,11,,1622504,21,,,0,10,,1622395,21,,,0,10,,1622484,21,,,0,10,,1622505,21,,,0,50,,1622396,21,,,0,10,,1622394,21,,,0,10,,1622507,21,,,0,10,,1622402,21,,,0,10,,1622397,21,,,0,10,,1622508,21,,,0,50,,1622399,21,,,0,10,,1622401,21,,,0,10,,1622509,21,,,0,11,,1622483,21,,,0,11,,1622482,21,,,0,50,,1622506,21,,,0,10,,1622486,21,,,0,10,,1622510,21,,,0
80502,'20261019',534,,1622640,21,,,0,10,,1622512,21,,,0,9,,1622513,21,,,0,49,,1622515,21,,,0,9,,1622516,21,,,0,9,,1622517,21,,,0,10,,1622643,21,,,0,10,,1622518,21,,,0,10,,1622519,21,,,0,8,,1622520,21,,,0,49,,1622514,21,,,0,10,,1622641,21,,,0,8,,1622642,21,,,0,7,,1622521,21,,,0,8,,1622522,21,,,0,8,,1622523,21,,,0,9,,1622525,21,,,0,48,,1622526,21,,,0,10,,1622527,21,,,0,10,,1622524,21,,,0,10,,1622528,21,,,0,11,,1622529,21,,,0,10,,1622530,21,,,0,49,,1622531,21,,,0,11,,1622619,21,,,0,10,,1622532,21,,,0,9,,1622533,21,,,0,10,,1622620,21,,,0,11,,1622534,21,,,0,50,,1622535,21,,,0,10,,1622621,21,,,0,10,,1622536,21,,,0,10,,1622537,21,,,0,10,,1622622,21,,,0,10,,1622538,21,,,0,50,,1622539,21,,,0,10,,1622623,21,,,0,10,,1622540,21,,,0,10,,1622541,21,,,0,10,,1622624,21,,,0,10,,1622543,21,,,0,50,,1622544,21,,,0,10,,1622545,21,,,0,10,,1622546,21,,,0,10,,1622625,21,,,0,10,,1622547,21,,,0,9,,1622548,21,,,0,50,,1622542,21,,,0,10,,1622549,21,,,0,10,,1622550,21,,,0,10,,1622551,21,,,0,9,,1622553,21,,,0,10,,1622552,21,,,0,49,,1622554,21,,,0,10,,1622555,21,,,0,11,,1622556,21,,,0,11,,1622557,21,,,0,9,,1622558,21,,,0,9,,1622559,21,,,0,5,,1622560,21,,,0,45,,1622561,21,,,0,4,,1622562,21,,,0,6,,1622563,21,,,0,7,,1622618,21,,,0,6,,1622564,21,,,0,8,,1622612,21,,,0,6,,1622565,21,,,0,7,,1622568,21,,,0,7,,1622569,21,,,0,47,,1622570,21,,,0,4,,1622571,21,,,0,6,,1622616,21,,,0,7,,1622567,21,,,0,8,,1622566,21,,,0,7,,1622573,21,,,0,6,,1622574,21,,,0,8,,1622575,21,,,0,8,,1622572,21,,,0,45,,1622576,21,,,0,10,,1622577,21,,,0,10,,1622578,21,,,0,8,,1622579,21,,,0,8,,1622580,21,,,0,6,,1622581,21,,,0,7,,1622582,21,,,0,7,,1622583,21,,,0,47,,1622584,21,,,0,10,,1622626,21,,,0,9,,1622585,21,,,0,11,,1622586,21,,,0,9,,1622587,21,,,0,10,,1622627,21,,,0,49,,1622589,21,,,0,12,,1622590,21,,,0,10,,1622628,21,,,0,11,,1622591,21,,,0,10,,1622629,21,,,0,10,,1622588,21,,,0,50,,1622592,21,,,0,10,,1622631,21,,,0,10,,1622593,21,,,0,10,,1622594,21,,,0,10,,1622595,21,,,0,10,,1622596,21,,,0,50,,1622597,21,,,0,10,,1622632,21,,,0,10,,1622598,21,,,0,10,,1622599,21,,,0,10,,1622633,21,,,0,10,,1622600,21,,,0,50,,1622602,21,,,0,11,,1622630,21,,,0,10,,1622603,21,,,0,11,,1622604,21,,,0,11,,1622634,21,,,0,9,,1622601,21,,,0,51,,1622605,21,,,0,10,,1622635,21,,,0,10,,1622606,21,,,0,10,,1622615,21,,,0,10,,1622636,21,,,0,10,,1622607,21,,,0,50,,1622608,21,,,0,10,,1622637,21,,,0,10,,1622613,21,,,0,10,,1622609,21,,,0,10,,1622638,21,,,0,10,,1622610,21,,,0,50,,1622611,21,,,0,10,,1622639,21,,,0,10,,1622614,21,,,0,9,,1622617,21,,,0
80502,'20261020',534,,1622772,21,,,0,10,,1622644,21,,,0,9,,1622645,21,,,0,49,,1622647,21,,,0,9,,1622648,21,,,0,9,,1622649,21,,,0,10,,1622775,21,,,0,10,,1622650,21,,,0,10,,1622651,21,,,0,8,,1622652,21,,,0,49,,1622646,21,,,0,10,,1622773,21,,,0,8,,1622774,21,,,0,7,,1622653,21,,,0,8,,1622654,21,,,0,8,,1622655,21,,,0,9,,1622657,21,,,0,48,,1622658,21,,,0,10,,1622659,21,,,0,10,,1622656,21,,,0,10,,1622660,21,,,0,11,,1622661,21,,,0,10,,1622662,21,,,0,49,,1622663,21,,,0,11,,1622751,21,,,0,10,,1622664,21,,,0,9,,1622665,21,,,0,10,,1622752,21,,,0,11,,1622666,21,,,0,50,,1622667,21,,,0,10,,1622753,21,,,0,10,,1622668,21,,,0,10,,1622669,21,,,0,10,,1622754,21,,,0,10,,1622670,21,,,0,50,,1622671,21,,,0,10,,1622755,21,,,0,10,,1622672,21,,,0,10,,1622673,21,,,0,10,,1622756,21,,,0,10,,1622675,21,,,0,50,,1622676,21,,,0,10,,1622677,21,,,0,10,,1622678,21,,,0,10,,1622757,21,,,0,10,,1622679,21,,,0,9,,1622680,21,,,0,50,,1622674,21,,,0,10,,1622681,21,,,0,10,,1622682,21,,,0,10,,1622683,21,,,0,9,,1622685,21,,,0,10,,1622684,21,,,0,49,,1622686,21,,,0,10,,1622687,21,,,0,11,,1622688,21,,,0,11,,1622689,21,,,0,9,,1622690,21,,,0,9,,1622691,21,,,0,5,,1622692,21,,,0,45,,1622693,21,,,0,4,,1622694,21,,,0,6,,1622695,21,,,0,7,,1622750,21,,,0,6,,1622696,21,,,0,8,,1622744,21,,,0,6,,1622697,21,,,0,7,,1622700,21,,,0,7,,1622701,21,,,0,47,,1622702,21,,,0,4,,1622703,21,,,0,6,,1622748,21,,,0,7,,1622699,21,,,0,8,,1622698,21,,,0,7,,1622705,21,,,0,6,,1622706,21,,,0,8,,1622707,21,,,0,8,,1622704,21,,,0,45,,1622708,21,,,0,10,,1622709,21,,,0,10,,1622710,21,,,0,8,,1622711,21,,,0,8,,1622712,21,,,0,6,,1622713,21,,,0,7,,1622714,21,,,0,7,,1622715,21,,,0,47,,1622716,21,,,0,10,,1622758,21,,,0,9,,1622717,21,,,0,11,,1622718,21,,,0,9,,1622719,21,,,0,10,,1622759,21,,,0,49,,1622721,21,,,0,12,,1622722,21,,,0,10,,1622760,21,,,0,11,,1622723,21,,,0,10,,1622761,21,,,0,10,,1622720,21,,,0,50,,1622724,21,,,0,10,,1622763,21,,,0,10,,1622725,21,,,0,10,,1622726,21,,,0,10,,1622727,21,,,0,10,,1622728,21,,,0,50,,1622729,21,,,0,10,,1622764,21,,,0,10,,1622730,21,,,0,10,,1622731,21,,,0,10,,1622765,21,,,0,10,,1622732,21,,,0,50,,1622734,21,,,0,11,,1622762,21,,,0,10,,1622735,21,,,0,11,,1622736,21,,,0,11,,1622766,21,,,0,9,,1622733,21,,,0,51,,1622737,21,,,0,10,,1622767,21,,,0,10,,1622738,21,,,0,10,,1622747,21,,,0,10,,1622768,21,,,0,10,,1622739,21,,,0,50,,1622740,21,,,0,10,,1622769,21,,,0,10,,1622745,21,,,0,10,,1622741,21,,,0,10,,1622770,21,,,0,10,,1622742,21,,,0,50,,1622743,21,,,0,10,,1622771,21,,,0,10,,1622746,21,,,0,9,,1622749,21,,,0
80502,'20261021',534,,1644784,21,,,0,10,,1644656,21,,,0,9,,1644657,21,,,0,49,,1644659,21,,,0,9,,1644660,21,,,0,9,,1644661,21,,,0,10,,1644787,21,,,0,10,,1644662,21,,,0,10,,1644663,21,,,0,8,,1644664,21,,,0,49,,1644658,21,,,0,10,,1644785,21,,,0,8,,1644786,21,,,0,7,,1644665,21,,,0,8,,1644666,21,,,0,8,,1644667,21,,,0,9,,1644669,21,,,0,48,,1644670,21,,,0,10,,1644671,21,,,0,10,,1644668,21,,,0,10,,1644672,21,,,0,11,,1644673,21,,,0,10,,1644674,21,,,0,49,,1644675,21,,,0,11,,1644763,21,,,0,10,,1644676,21,,,0,9,,1644677,21,,,0,10,,1644764,21,,,0,11,,1644678,21,,,0,50,,1644679,21,,,0,10,,1644765,21,,,0,10,,1644680,21,,,0,10,,1644681,21,,,0,10,,1644766,21,,,0,10,,1644682,21,,,0,50,,1644683,21,,,0,10,,1644767,21,,,0,10,,1644684,21,,,0,10,,1644685,21,,,0,10,,1644768,21,,,0,10,,1644687,21,,,0,50,,1644688,21,,,0,10,,1644689,21,,,0,10,,1644690,21,,,0,10,,1644769,21,,,0,10,,1644691,21,,,0,9,,1644692,21,,,0,50,,1644686,21,,,0,10,,1644693,21,,,0,10,,1644694,21,,,0,10,,1644695,21,,,0,9,,1644697,21,,,0,10,,1644696,21,,,0,49,,1644698,21,,,0,10,,1644699,21,,,0,11,,1644700,21,,,0,11,,1644701,21,,,0,9,,1644702,21,,,0,9,,1644703,21,,,0,5,,1644704,21,,,0,45,,1644705,21,,,0,4,,1644706,21,,,0,6,,1644707,21,,,0,7,,1644762,21,,,0,6,,1644708,21,,,0,8,,1644756,21,,,0,6,,1644709,21,,,0,7,,1644712,21,,,0,7,,1644713,21,,,0,47,,1644714,21,,,0,4,,1644715,21,,,0,6,,1644760,21,,,0,7,,1644711,21,,,0,8,,1644710,21,,,0,7,,1644717,21,,,0,6,,1644718,21,,,0,8,,1644719,21,,,0,8,,1644716,21,,,0,45,,1644720,21,,,0,10,,1644721,21,,,0,10,,1644722,21,,,0,8,,1644723,21,,,0,8,,1644724,21,,,0,6,,1644725,21,,,0,7,,1644726,21,,,0,7,,1644727,21,,,0,47,,1644728,21,,,0,10,,1644770,21,,,0,9,,1644729,21,,,0,11,,1644730,21,,,0,9,,1644731,21,,,0,10,,1644771,21,,,0,49,,1644733,21,,,0,12,,1644734,21,,,0,10,,1644772,21,,,0,11,,1644735,21,,,0,10,,1644773,21,,,0,10,,1644732,21,,,0,50,,1644736,21,,,0,10,,1644775,21,,,0,10,,1644737,21,,,0,10,,1644738,21,,,0,10,,1644739,21,,,0,10,,1644740,21,,,0,50,,1644741,21,,,0,10,,1644776,21,,,0,10,,1644742,21,,,0,10,,1644743,21,,,0,10,,1644777,21,,,0,10,,1644744,21,,,0,50,,1644746,21,,,0,11,,1644774,21,,,0,10,,1644747,21,,,0,11,,1644748,21,,,0,11,,1644778,21,,,0,9,,1644745,21,,,0,51,,1644749,21,,,0,10,,1644779,21,,,0,10,,1644750,21,,,0,10,,1644759,21,,,0,10,,1644780,21,,,0,10,,1644751,21,,,0,50,,1644752,21,,,0,10,,1644781,21,,,0,10,,1644757,21,,,0,10,,1644753,21,,,0,10,,1644782,21,,,0,10,,1644754,21,,,0,50,,1644755,21,,,0,10,,1644783,21,,,0,10,,1644758,21,,,0,9,,1644761,21,,,0
80502,'20261022',534,,1644916,21,,,0,10,,1644788,21,,,0,9,,1644789,21,,,0,49,,1644791,21,,,0,9,,1644792,21,,,0,9,,1644793,21,,,0,10,,1644919,21,,,0,10,,1644794,21,,,0,10,,1644795,21,,,0,8,,1644796,21,,,0,49,,1644790,21,,,0,10,,1644917,21,,,0,8,,1644918,21,,,0,7,,1644797,21,,,0,8,,1644798,21,,,0,8,,1644799,21,,,0,9,,1644801,21,,,0,48,,1644802,21,,,0,10,,1644803,21,,,0,10,,1644800,21,,,0,10,,1644804,21,,,0,11,,1644805,21,,,0,10,,1644806,21,,,0,49,,1644807,21,,,0,11,,1644895,21,,,0,10,,1644808,21,,,0,9,,1644809,21,,,0,10,,1644896,21,,,0,11,,1644810,21,,,0,50,,1644811,21,,,0,10,,1644897,21,,,0,10,,1644812,21,,,0,10,,1644813,21,,,0,10,,1644898,21,,,0,10,,1644814,21,,,0,50,,1644815,21,,,0,10,,1644899,21,,,0,10,,1644816,21,,,0,10,,1644817,21,,,0,10,,1644900,21,,,0,10,,1644819,21,,,0,50,,1644820,21,,,0,10,,1644821,21,,,0,10,,1644822,21,,,0,10,,1644901,21,,,0,10,,1644823,21,,,0,9,,1644824,21,,,0,50,,1644818,21,,,0,10,,1644825,21,,,0,10,,1644826,21,,,0,10,,1644827,21,,,0,9,,1644829,21,,,0,10,,1644828,21,,,0,49,,1644830,21,,,0,10,,1644831,21,,,0,11,,1644832,21,,,0,11,,1644833,21,,,0,9,,1644834,21,,,0,9,,1644835,21,,,0,5,,1644836,21,,,0,45,,1644837,21,,,0,4,,1644838,21,,,0,6,,1644839,21,,,0,7,,1644894,21,,,0,6,,1644840,21,,,0,8,,1644888,21,,,0,6,,1644841,21,,,0,7,,1644844,21,,,0,7,,1644845,21,,,0,47,,1644846,21,,,0,4,,1644847,21,,,0,6,,1644892,21,,,0,7,,1644843,21,,,0,8,,1644842,21,,,0,7,,1644849,21,,,0,6,,1644850,21,,,0,8,,1644851,21,,,0,8,,1644848,21,,,0,45,,1644852,21,,,0,10,,1644853,21,,,0,10,,1644854,21,,,0,8,,1644855,21,,,0,8,,1644856,21,,,0,6,,1644857,21,,,0,7,,1644858,21,,,0,7,,1644859,21,,,0,47,,1644860,21,,,0,10,,1644902,21,,,0,9,,1644861,21,,,0,11,,1644862,21,,,0,9,,1644863,21,,,0,10,,1644903,21,,,0,49,,1644865,21,,,0,12,,1644866,21,,,0,10,,1644904,21,,,0,11,,1644867,21,,,0,10,,1644905,21,,,0,10,,1644864,21,,,0,50,,1644868,21,,,0,10,,1644907,21,,,0,10,,1644869,21,,,0,10,,1644870,21,,,0,10,,1644871,21,,,0,10,,1644872,21,,,0,50,,1644873,21,,,0,10,,1644908,21,,,0,10,,1644874,21,,,0,10,,1644875,21,,,0,10,,1644909,21,,,0,10,,1644876,21,,,0,50,,1644878,21,,,0,11,,1644906,21,,,0,10,,1644879,21,,,0,11,,1644880,21,,,0,11,,1644910,21,,,0,9,,1644877,21,,,0,51,,1644881,21,,,0,10,,1644911,21,,,0,10,,1644882,21,,,0,10,,1644891,21,,,0,10,,1644912,21,,,0,10,,1644883,21,,,0,50,,1644884,21,,,0,10,,1644913,21,,,0,10,,1644889,21,,,0,10,,1644885,21,,,0,10,,1644914,21,,,0,10,,1644886,21,,,0,50,,1644887,21,,,0,10,,1644915,21,,,0,10,,1644890,21,,,0,9,,1644893,21,,,0
80502,'20261023',534,,1645048,21,,,0,10,,1644920,21,,,0,9,,1644921,21,,,0,49,,1644923,21,,,0,9,,1644924,21,,,0,9,,1644925,21,,,0,10,,1645051,21,,,0,10,,1644926,21,,,0,10,,1644927,21,,,0,8,,1644928,21,,,0,49,,1644922,21,,,0,10,,1645049,21,,,0,8,,1645050,21,,,0,7,,1644929,21,,,0,8,,1644930,21,,,0,8,,1644931,21,,,0,9,,1644933,21,,,0,48,,1644934,21,,,0,10,,1644935,21,,,0,10,,1644932,21,,,0,10,,1644936,21,,,0,11,,1644937,21,,,0,10,,1644938,21,,,0,49,,1644939,21,,,0,11,,1645027,21,,,0,10,,1644940,21,,,0,9,,1644941,21,,,0,10,,1645028,21,,,0,11,,1644942,21,,,0,50,,1644943,21,,,0,10,,1645029,21,,,0,10,,1644944,21,,,0,10,,1644945,21,,,0,10,,1645030,21,,,0,10,,1644946,21,,,0,50,,1644947,21,,,0,10,,1645031,21,,,0,10,,1644948,21,,,0,10,,1644949,21,,,0,10,,1645032,21,,,0,10,,1644951,21,,,0,50,,1644952,21,,,0,10,,1644953,21,,,0,10,,1644954,21,,,0,10,,1645033,21,,,0,10,,1644955,21,,,0,9,,1644956,21,,,0,50,,1644950,21,,,0,10,,1644957,21,,,0,10,,1644958,21,,,0,10,,1644959,21,,,0,9,,1644961,21,,,0,10,,1644960,21,,,0,49,,1644962,21,,,0,10,,1644963,21,,,0,11,,1644964,21,,,0,11,,1644965,21,,,0,9,,1644966,21,,,0,9,,1644967,21,,,0,5,,1644968,21,,,0,45,,1644969,21,,,0,4,,1644970,21,,,0,6,,1644971,21,,,0,7,,1645026,21,,,0,6,,1644972,21,,,0,8,,1645020,21,,,0,6,,1644973,21,,,0,7,,1644976,21,,,0,7,,1644977,21,,,0,47,,1644978,21,,,0,4,,1644979,21,,,0,6,,1645024,21,,,0,7,,1644975,21,,,0,8,,1644974,21,,,0,7,,1644981,21,,,0,6,,1644982,21,,,0,8,,1644983,21,,,0,8,,1644980,21,,,0,45,,1644984,21,,,0,10,,1644985,21,,,0,10,,1644986,21,,,0,8,,1644987,21,,,0,8,,1644988,21,,,0,6,,1644989,21,,,0,7,,1644990,21,,,0,7,,1644991,21,,,0,47,,1644992,21,,,0,10,,1645034,21,,,0,9,,1644993,21,,,0,11,,1644994,21,,,0,9,,1644995,21,,,0,10,,1645035,21,,,0,49,,1644997,21,,,0,12,,1644998,21,,,0,10,,1645036,21,,,0,11,,1644999,21,,,0,10,,1645037,21,,,0,10,,1644996,21,,,0,50,,1645000,21,,,0,10,,1645039,21,,,0,10,,1645001,21,,,0,10,,1645002,21,,,0,10,,1645003,21,,,0,10,,1645004,21,,,0,50,,1645005,21,,,0,10,,1645040,21,,,0,10,,1645006,21,,,0,10,,1645007,21,,,0,10,,1645041,21,,,0,10,,1645008,21,,,0,50,,1645010,21,,,0,11,,1645038,21,,,0,10,,1645011,21,,,0,11,,1645012,21,,,0,11,,1645042,21,,,0,9,,1645009,21,,,0,51,,1645013,21,,,0,10,,1645043,21,,,0,10,,1645014,21,,,0,10,,1645023,21,,,0,10,,1645044,21,,,0,10,,1645015,21,,,0,50,,1645016,21,,,0,10,,1645045,21,,,0,10,,1645021,21,,,0,10,,1645017,21,,,0,10,,1645046,21,,,0,10,,1645018,21,,,0,50,,1645019,21,,,0,10,,1645047,21,,,0,10,,1645022,21,,,0,9,,1645025,21,,,0
93100,'20261009',2650,,1625321,14,,,0
93100,'20261010',2650,,1646882,14,,,0
93100,'20261016',2650,,1593507,14,,,0
93100,'20261017',2650,,1625323,14,,,0
93100,'20261023',2650,,1646884,14,,,0
