7001,'20261006',557,,1604738,27,,,0,59,,1604739,27,,,0,16,,1604740,27,,,0,19,,1604741,27,,,0,60,,1604742,27,,,0,19,,1604743,27,,,0,19,,1604744,27,,,0,58,,1604745,27,,,0,22,,1604746,27,,,0,21,,1604747,27,,,0,59,,1604748,27,,,0,19,,1604749,27,,,0,18,,1604750,27,,,0,59,,1604751,27,,,0,20,,1604752,27,,,0,20,,1604753,27,,,0,60,,1604754,27,,,0,21,,1604755,27,,,0,20,,1604756,27,,,0,60,,1604757,27,,,0,21,,1604758,27,,,0,20,,1604759,27,,,0,60,,1604760,27,,,0,17,,1604761,27,,,0,22,,1604762,27,,,0,58,,1604763,27,,,0,22,,1604764,27,,,0,19,,1604765,27,,,0,63,,1604766,27,,,0,21,,1604767,27,,,0,19,,1604768,27,,,0,61,,1604769,27,,,0,26,,1604770,27,,,0,23,,1604771,27,,,0,64,,1604772,27,,,0,22,,1604773,27,,,0,62,,1604774,27,,,0,21,,1604775,27,,,0,29,,1604776,27,,,0,70,,1604777,27,,,0,31,,1604778,27,,,0,70,,1604779,27,,,0,30,,1604780,27,,,0,72,,1604781,27,,,0,71,,1604782,27,,,0,30,,1604783,27,,,0,70,,1604784,27,,,0
7001,'20261007',557,,1604785,27,,,0,59,,1604786,27,,,0,16,,1604787,27,,,0,19,,1604788,27,,,0,60,,1604789,27,,,0,19,,1604790,27,,,0,19,,1604791,27,,,0,58,,1604792,27,,,0,22,,1604793,27,,,0,21,,1604794,27,,,0,59,,1604795,27,,,0,19,,1604796,27,,,0,18,,1604797,27,,,0,59,,1604798,27,,,0,20,,1604799,27,,,0,20,,1604800,27,,,0,60,,1604801,27,,,0,21,,1604802,27,,,0,20,,1604803,27,,,0,60,,1604804,27,,,0,21,,1604805,27,,,0,20,,1604806,27,,,0,60,,1604807,27,,,0,17,,1604808,27,,,0,22,,1604809,27,,,0,58,,1604810,27,,,0,22,,1604811,27,,,0,19,,1604812,27,,,0,63,,1604813,27,,,0,21,,1604814,27,,,0,19,,1604815,27,,,0,61,,1604816,27,,,0,26,,1604817,27,,,0,23,,1604818,27,,,0,64,,1604819,27,,,0,22,,1604820,27,,,0,62,,1604821,27,,,0,21,,1604822,27,,,0,29,,1604823,27,,,0,70,,1604824,27,,,0,31,,1604825,27,,,0,70,,1604826,27,,,0,30,,1604827,27,,,0,72,,1604828,27,,,0,71,,1604829,27,,,0,30,,1604830,27,,,0,70,,1604831,27,,,0
7001,'20261008',557,,1604832,27,,,0,59,,1604833,27,,,0,16,,1604834,27,,,0,19,,1604835,27,,,0,60,,1604836,27,,,0,19,,1604837,27,,,0,19,,1604838,27,,,0,58,,1604839,27,,,0,22,,1604840,27,,,0,21,,1604841,27,,,0,59,,1604842,27,,,0,19,,1604843,27,,,0,18,,1604844,27,,,0,59,,1604845,27,,,0,20,,1604846,27,,,0,20,,1604847,27,,,0,60,,1604848,27,,,0,21,,1604849,27,,,0,20,,1604850,27,,,0,60,,1604851,27,,,0,21,,1604852,27,,,0,20,,1604853,27,,,0,60,,1604854,27,,,0,17,,1604855,27,,,0,22,,1604856,27,,,0,58,,1604857,27,,,0,22,,1604858,27,,,0,19,,1604859,27,,,0,63,,1604860,27,,,0,21,,1604861,27,,,0,19,,1604862,27,,,0,61,,1604863,27,,,0,26,,1604864,27,,,0,23,,1604865,27,,,0,64,,1604866,27,,,0,22,,1604867,27,,,0,62,,1604868,27,,,0,21,,1604869,27,,,0,29,,1604870,27,,,0,70,,1604871,27,,,0,31,,1604872,27,,,0,70,,1604873,27,,,0,30,,1604874,27,,,0,72,,1604875,27,,,0,71,,1604876,27,,,0,30,,1604877,27,,,0,70,,1604878,27,,,0
7001,'20261009',557,,1604879,27,,,0,59,,1604880,27,,,0,16,,1604881,27,,,0,19,,1604882,27,,,0,60,,1604883,27,,,0,19,,1604884,27,,,0,19,,1604885,27,,,0,58,,1604886,27,,,0,22,,1604887,27,,,0,21,,1604888,27,,,0,59,,1604889,27,,,0,19,,1604890,27,,,0,18,,1604891,27,,,0,59,,1604892,27,,,0,20,,1604893,27,,,0,20,,1604894,27,,,0,60,,1604895,27,,,0,21,,1604896,27,,,0,20,,1604897,27,,,0,60,,1604898,27,,,0,21,,1604899,27,,,0,20,,1604900,27,,,0,60,,1604901,27,,,0,17,,1604902,27,,,0,22,,1604903,27,,,0,58,,1604904,27,,,0,22,,1604905,27,,,0,19,,1604906,27,,,0,63,,1604907,27,,,0,21,,1604908,27,,,0,19,,1604909,27,,,0,61,,1604910,27,,,0,26,,1604911,27,,,0,23,,1604912,27,,,0,64,,1604913,27,,,0,22,,1604914,27,,,0,62,,1604915,27,,,0,21,,1604916,27,,,0,29,,1604917,27,,,0,70,,1604918,27,,,0,31,,1604919,27,,,0,70,,1604920,27,,,0,30,,1604921,27,,,0,72,,1604922,27,,,0,71,,1604923,27,,,0,30,,1604924,27,,,0,70,,1604925,27,,,0
7001,'20261010',557,,1548099,27,,,0,70,,1548115,27,,,0,30,,1548100,27,,,0,70,,1548116,27,,,0,29,,1548101,27,,,0,70,,1548117,27,,,0,29,,1548102,27,,,0,70,,1548118,27,,,0,30,,1548103,27,,,0,70,,1548119,27,,,0,30,,1548104,27,,,0,69,,1548120,27,,,0,29,,1548105,27,,,0,70,,1548121,27,,,0,30,,1548106,27,,,0,70,,1548122,27,,,0,30,,1548123,27,,,0,70,,1548124,27,,,0,30,,1548125,27,,,0,70,,1548126,27,,,0,28,,1548107,27,,,0,70,,1548127,27,,,0,32,,1548108,27,,,0,72,,1548128,27,,,0,33,,1548109,27,,,0,70,,1548129,27,,,0,30,,1548130,27,,,0,70,,1548110,27,,,0,30,,1548131,27,,,0,70,,1548111,27,,,0,31,,1548114,27,,,0,70,,1548112,27,,,0,30,,1548132,27,,,0,70,,1548113,27,,,0
7001,'20261011',557,,1548133,27,,,0,70,,1548150,27,,,0,30,,1548134,27,,,0,70,,1548151,27,,,0,29,,1548135,27,,,0,70,,1548149,27,,,0,29,,1548136,27,,,0,70,,1548152,27,,,0,30,,1548137,27,,,0,70,,1548153,27,,,0,30,,1548138,27,,,0,69,,1548154,27,,,0,29,,1548139,27,,,0,70,,1548155,27,,,0,30,,1548140,27,,,0,70,,1548156,27,,,0,30,,1548157,27,,,0,70,,1548158,27,,,0,30,,1548159,27,,,0,70,,1548160,27,,,0,28,,1548141,27,,,0,70,,1548161,27,,,0,32,,1548142,27,,,0,72,,1548162,27,,,0,33,,1548143,27,,,0,70,,1548163,27,,,0,30,,1548164,27,,,0,70,,1548144,27,,,0,30,,1548165,27,,,0,70,,1548145,27,,,0,31,,1548148,27,,,0,70,,1548146,27,,,0,30,,1548166,27,,,0,70,,1548147,27,,,0
7001,'20261012',557,,1548167,27,,,0,70,,1548184,27,,,0,30,,1548168,27,,,0,70,,1548185,27,,,0,29,,1548169,27,,,0,70,,1548183,27,,,0,29,,1548170,27,,,0,70,,1548186,27,,,0,30,,1548171,27,,,0,70,,1548187,27,,,0,30,,1548172,27,,,0,69,,1548188,27,,,0,29,,1548173,27,,,0,70,,1548189,27,,,0,30,,1548174,27,,,0,70,,1548190,27,,,0,30,,1548191,27,,,0,70,,1548192,27,,,0,30,,1548193,27,,,0,70,,1548194,27,,,0,28,,1548175,27,,,0,70,,1548195,27,,,0,32,,1548176,27,,,0,72,,1548196,27,,,0,33,,1548177,27,,,0,70,,1548197,27,,,0,30,,1548198,27,,,0,70,,1548178,27,,,0,30,,1548199,27,,,0,70,,1548179,27,,,0,31,,1548182,27,,,0,70,,1548180,27,,,0,30,,1548200,27,,,0,70,,1548181,27,,,0
7001,'20261013',557,,1573177,27,,,0,59,,1573194,27,,,0,16,,1573195,27,,,0,19,,1573178,27,,,0,60,,1573196,27,,,0,19,,1573197,27,,,0,19,,1573179,27,,,0,58,,1573198,27,,,0,22,,1573199,27,,,0,21,,1573180,27,,,0,59,,1573200,27,,,0,19,,1573201,27,,,0,18,,1573181,27,,,0,59,,1573202,27,,,0,20,,1573203,27,,,0,20,,1573182,27,,,0,60,,1573204,27,,,0,21,,1573205,27,,,0,20,,1573183,27,,,0,60,,1573206,27,,,0,21,,1573207,27,,,0,20,,1573184,27,,,0,60,,1573208,27,,,0,17,,1573209,27,,,0,22,,1573185,27,,,0,58,,1573210,27,,,0,22,,1573211,27,,,0,19,,1573186,27,,,0,63,,1573212,27,,,0,21,,1573213,27,,,0,19,,1573187,27,,,0,61,,1573214,27,,,0,26,,1573215,27,,,0,23,,1573188,27,,,0,64,,1573216,27,,,0,22,,1573217,27,,,0,62,,1573189,27,,,0,21,,1573218,27,,,0,29,,1573190,27,,,0,70,,1573219,27,,,0,31,,1573191,27,,,0,70,,1573220,27,,,0,30,,1573192,27,,,0,72,,1573221,27,,,0,71,,1573193,27,,,0,30,,1573222,27,,,0,70,,1573223,27,,,0
7001,'20261014',557,,1573224,27,,,0,59,,1573241,27,,,0,16,,1573242,27,,,0,19,,1573225,27,,,0,60,,1573243,27,,,0,19,,1573244,27,,,0,19,,1573226,27,,,0,58,,1573245,27,,,0,22,,1573246,27,,,0,21,,1573227,27,,,0,59,,1573247,27,,,0,19,,1573248,27,,,0,18,,1573228,27,,,0,59,,1573249,27,,,0,20,,1573250,27,,,0,20,,1573229,27,,,0,60,,1573251,27,,,0,21,,1573252,27,,,0,20,,1573230,27,,,0,60,,1573253,27,,,0,21,,1573254,27,,,0,20,,1573231,27,,,0,60,,1573255,27,,,0,17,,1573256,27,,,0,22,,1573232,27,,,0,58,,1573257,27,,,0,22,,1573258,27,,,0,19,,1573233,27,,,0,63,,1573259,27,,,0,21,,1573260,27,,,0,19,,1573234,27,,,0,61,,1573261,27,,,0,26,,1573262,27,,,0,23,,1573235,27,,,0,64,,1573263,27,,,0,22,,1573264,27,,,0,62,,1573236,27,,,0,21,,1573265,27,,,0,29,,1573237,27,,,0,70,,1573266,27,,,0,31,,1573238,27,,,0,70,,1573267,27,,,0,30,,1573239,27,,,0,72,,1573268,27,,,0,71,,1573240,27,,,0,30,,1573269,27,,,0,70,,1573270,27,,,0
7001,'20261015',557,,1573271,27,,,0,59,,1573288,27,,,0,16,,1573289,27,,,0,19,,1573272,27,,,0,60,,1573290,27,,,0,19,,1573291,27,,,0,19,,1573273,27,,,0,58,,1573292,27,,,0,22,,1573293,27,,,0,21,,1573274,27,,,0,59,,1573294,27,,,0,19,,1573295,27,,,0,18,,1573275,27,,,0,59,,1573296,27,,,0,20,,1573297,27,,,0,20,,1573276,27,,,0,60,,1573298,27,,,0,21,,1573299,27,,,0,20,,1573277,27,,,0,60,,1573300,27,,,0,21,,1573301,27,,,0,20,,1573278,27,,,0,60,,1573302,27,,,0,17,,1573303,27,,,0,22,,1573279,27,,,0,58,,1573304,27,,,0,22,,1573305,27,,,0,19,,1573280,27,,,0,63,,1573306,27,,,0,21,,1573307,27,,,0,19,,1573281,27,,,0,61,,1573308,27,,,0,26,,1573309,27,,,0,23,,1573282,27,,,0,64,,1573310,27,,,0,22,,1573311,27,,,0,62,,1573283,27,,,0,21,,1573312,27,,,0,29,,1573284,27,,,0,70,,1573313,27,,,0,31,,1573285,27,,,0,70,,1573314,27,,,0,30,,1573286,27,,,0,72,,1573315,27,,,0,71,,1573287,27,,,0,30,,1573316,27,,,0,70,,1573317,27,,,0
7001,'20261016',557,,1573318,27,,,0,59,,1573335,27,,,0,16,,1573336,27,,,0,19,,1573319,27,,,0,60,,1573337,27,,,0,19,,1573338,27,,,0,19,,1573320,27,,,0,58,,1573339,27,,,0,22,,1573340,27,,,0,21,,1573321,27,,,0,59,,1573341,27,,,0,19,,1573342,27,,,0,18,,1573322,27,,,0,59,,1573343,27,,,0,20,,1573344,27,,,0,20,,1573323,27,,,0,60,,1573345,27,,,0,21,,1573346,27,,,0,20,,1573324,27,,,0,60,,1573347,27,,,0,21,,1573348,27,,,0,20,,1573325,27,,,0,60,,1573349,27,,,0,17,,1573350,27,,,0,22,,1573326,27,,,0,58,,1573351,27,,,0,22,,1573352,27,,,0,19,,1573327,27,,,0,63,,1573353,27,,,0,21,,1573354,27,,,0,19,,1573328,27,,,0,61,,1573355,27,,,0,26,,1573356,27,,,0,23,,1573329,27,,,0,64,,1573357,27,,,0,22,,1573358,27,,,0,62,,1573330,27,,,0,21,,1573359,27,,,0,29,,1573331,27,,,0,70,,1573360,27,,,0,31,,1573332,27,,,0,70,,1573361,27,,,0,30,,1573333,27,,,0,72,,1573362,27,,,0,71,,1573334,27,,,0,30,,1573363,27,,,0,70,,1573364,27,,,0
7001,'20261017',557,,1604926,27,,,0,70,,1604942,27,,,0,30,,1604927,27,,,0,70,,1604943,27,,,0,29,,1604928,27,,,0,70,,1604944,27,,,0,29,,1604929,27,,,0,70,,1604945,27,,,0,30,,1604930,27,,,0,70,,1604946,27,,,0,30,,1604931,27,,,0,69,,1604947,27,,,0,29,,1604932,27,,,0,70,,1604948,27,,,0,30,,1604933,27,,,0,70,,1604949,27,,,0,30,,1604950,27,,,0,70,,1604951,27,,,0,30,,1604952,27,,,0,70,,1604953,27,,,0,28,,1604934,27,,,0,70,,1604954,27,,,0,32,,1604935,27,,,0,72,,1604955,27,,,0,33,,1604936,27,,,0,70,,1604956,27,,,0,30,,1604957,27,,,0,70,,1604937,27,,,0,30,,1604958,27,,,0,70,,1604938,27,,,0,31,,1604941,27,,,0,70,,1604939,27,,,0,30,,1604959,27,,,0,70,,1604940,27,,,0
7001,'20261018',557,,1604960,27,,,0,70,,1604977,27,,,0,30,,1604961,27,,,0,70,,1604978,27,,,0,29,,1604962,27,,,0,70,,1604976,27,,,0,29,,1604963,27,,,0,70,,1604979,27,,,0,30,,1604964,27,,,0,70,,1604980,27,,,0,30,,1604965,27,,,0,69,,1604981,27,,,0,29,,1604966,27,,,0,70,,1604982,27,,,0,30,,1604967,27,,,0,70,,1604983,27,,,0,30,,1604984,27,,,0,70,,1604985,27,,,0,30,,1604986,27,,,0,70,,1604987,27,,,0,28,,1604968,27,,,0,70,,1604988,27,,,0,32,,1604969,27,,,0,72,,1604989,27,,,0,33,,1604970,27,,,0,70,,1604990,27,,,0,30,,1604991,27,,,0,70,,1604971,27,,,0,30,,1604992,27,,,0,70,,1604972,27,,,0,31,,1604975,27,,,0,70,,1604973,27,,,0,30,,1604993,27,,,0,70,,1604974,27,,,0
7001,'20261019',557,,1604994,27,,,0,59,,1605011,27,,,0,16,,1605012,27,,,0,19,,1604995,27,,,0,60,,1605013,27,,,0,19,,1605014,27,,,0,19,,1604996,27,,,0,58,,1605015,27,,,0,22,,1605016,27,,,0,21,,1604997,27,,,0,59,,1605017,27,,,0,19,,1605018,27,,,0,18,,1604998,27,,,0,59,,1605019,27,,,0,20,,1605020,27,,,0,20,,1604999,27,,,0,60,,1605021,27,,,0,21,,1605022,27,,,0,20,,1605000,27,,,0,60,,1605023,27,,,0,21,,1605024,27,,,0,20,,1605001,27,,,0,60,,1605025,27,,,0,17,,1605026,27,,,0,22,,1605002,27,,,0,58,,1605027,27,,,0,22,,1605028,27,,,0,19,,1605003,27,,,0,63,,1605029,27,,,0,21,,1605030,27,,,0,19,,1605004,27,,,0,61,,1605031,27,,,0,26,,1605032,27,,,0,23,,1605005,27,,,0,64,,1605033,27,,,0,22,,1605034,27,,,0,62,,1605006,27,,,0,21,,1605035,27,,,0,29,,1605007,27,,,0,70,,1605036,27,,,0,31,,1605008,27,,,0,70,,1605037,27,,,0,30,,1605009,27,,,0,72,,1605038,27,,,0,71,,1605010,27,,,0,30,,1605039,27,,,0,70,,1605040,27,,,0
7001,'20261020',557,,1605041,27,,,0,59,,1605058,27,,,0,16,,1605059,27,,,0,19,,1605042,27,,,0,60,,1605060,27,,,0,19,,1605061,27,,,0,19,,1605043,27,,,0,58,,1605062,27,,,0,22,,1605063,27,,,0,21,,1605044,27,,,0,59,,1605064,27,,,0,19,,1605065,27,,,0,18,,1605045,27,,,0,59,,1605066,27,,,0,20,,1605067,27,,,0,20,,1605046,27,,,0,60,,1605068,27,,,0,21,,1605069,27,,,0,20,,1605047,27,,,0,60,,1605070,27,,,0,21,,1605071,27,,,0,20,,1605048,27,,,0,60,,1605072,27,,,0,17,,1605073,27,,,0,22,,1605049,27,,,0,58,,1605074,27,,,0,22,,1605075,27,,,0,19,,1605050,27,,,0,63,,1605076,27,,,0,21,,1605077,27,,,0,19,,1605051,27,,,0,61,,1605078,27,,,0,26,,1605079,27,,,0,23,,1605052,27,,,0,64,,1605080,27,,,0,22,,1605081,27,,,0,62,,1605053,27,,,0,21,,1605082,27,,,0,29,,1605054,27,,,0,70,,1605083,27,,,0,31,,1605055,27,,,0,70,,1605084,27,,,0,30,,1605056,27,,,0,72,,1605085,27,,,0,71,,1605057,27,,,0,30,,1605086,27,,,0,70,,1605087,27,,,0
27001,'20261006',609,,1612191,27,,,0,13,,1612192,27,,,0,7,,1612193,27,,,0,13,,1612194,27,,,0,9,,1612195,27,,,0,56,,1612190,8,,,0,2,,1612196,27,,,0,7,,1612197,27,,,0,16,,1612198,27,,,0,24,,1612199,27,,,0
27001,'20261007',609,,1612201,27,,,0,13,,1612202,27,,,0,7,,1612203,27,,,0,13,,1612204,27,,,0,9,,1612205,27,,,0,56,,1612200,8,,,0,2,,1612206,27,,,0,7,,1612207,27,,,0,16,,1612208,27,,,0,24,,1612209,27,,,0
27001,'20261008',609,,1612211,27,,,0,13,,1612212,27,,,0,7,,1612213,27,,,0,13,,1612214,27,,,0,9,,1612215,27,,,0,56,,1612210,8,,,0,2,,1612216,27,,,0,7,,1612217,27,,,0,16,,1612218,27,,,0,24,,1612219,27,,,0
27001,'20261009',609,,1612221,27,,,0,13,,1612222,27,,,0,7,,1612223,27,,,0,13,,1612224,27,,,0,9,,1612225,27,,,0,56,,1612220,8,,,0,2,,1612226,27,,,0,7,,1612227,27,,,0,16,,1612228,27,,,0,24,,1612229,27,,,0
27001,'20261013',609,,1580465,27,,,0,13,,1580466,27,,,0,7,,1580467,27,,,0,13,,1580468,27,,,0,9,,1580469,27,,,0,58,,1580470,27,,,0,7,,1580471,27,,,0,16,,1580472,27,,,0,24,,1580473,27,,,0
27001,'20261014',609,,1580474,27,,,0,13,,1580475,27,,,0,7,,1580476,27,,,0,13,,1580477,27,,,0,9,,1580478,27,,,0,58,,1580479,27,,,0,7,,1580480,27,,,0,16,,1580481,27,,,0,24,,1580482,27,,,0
27001,'20261015',609,,1580483,27,,,0,13,,1580484,27,,,0,7,,1580485,27,,,0,13,,1580486,27,,,0,9,,1580487,27,,,0,58,,1580488,27,,,0,7,,1580489,27,,,0,16,,1580490,27,,,0,24,,1580491,27,,,0
27001,'20261016',609,,1580492,27,,,0,13,,1580493,27,,,0,7,,1580494,27,,,0,13,,1580495,27,,,0,9,,1580496,27,,,0,58,,1580497,27,,,0,7,,1580498,27,,,0,16,,1580499,27,,,0,24,,1580500,27,,,0
27001,'20261019',609,,1612230,27,,,0,13,,1612231,27,,,0,7,,1612232,27,,,0,13,,1612233,27,,,0,9,,1612234,27,,,0,58,,1612235,27,,,0,7,,1612236,27,,,0,16,,1612237,27,,,0,24,,1612238,27,,,0
27001,'20261020',609,,1612239,27,,,0,13,,1612240,27,,,0,7,,1612241,27,,,0,13,,1612242,27,,,0,9,,1612243,27,,,0,58,,1612244,27,,,0,7,,1612245,27,,,0,16,,1612246,27,,,0,24,,1612247,27,,,0
37001,'20261006',634,,1613502,27,,,0,8,,1613503,27,,,0,10,,1613504,27,,,0,51,,1613500,8,,,0,2,,1613505,27,,,0,20,,1613506,27,,,0,187,,1613501,8,,,0,2,,1613507,27,,,0,200,,1613508,27,,,0
37001,'20261007',634,,1613511,27,,,0,8,,1613512,27,,,0,10,,1613513,27,,,0,51,,1613509,8,,,0,2,,1613514,27,,,0,20,,1613515,27,,,0,187,,1613510,8,,,0,2,,1613516,27,,,0,200,,1613517,27,,,0
37001,'20261008',634,,1613520,27,,,0,8,,1613521,27,,,0,10,,1613522,27,,,0,51,,1613518,8,,,0,2,,1613523,27,,,0,20,,1613524,27,,,0,187,,1613519,8,,,0,2,,1613525,27,,,0,200,,1613526,27,,,0
37001,'20261009',634,,1613529,27,,,0,8,,1613530,27,,,0,10,,1613531,27,,,0,51,,1613527,8,,,0,2,,1613532,27,,,0,20,,1613533,27,,,0,187,,1613528,8,,,0,2,,1613534,27,,,0,200,,1613535,27,,,0
37001,'20261013',634,,1581759,27,,,0,8,,1581760,27,,,0,10,,1581761,27,,,0,53,,1581762,27,,,0,20,,1581763,27,,,0,187,,1581766,8,,,0,2,,1581764,27,,,0,200,,1581765,27,,,0
37001,'20261014',634,,1581767,27,,,0,8,,1581768,27,,,0,10,,1581769,27,,,0,53,,1581770,27,,,0,20,,1581771,27,,,0,187,,1581774,8,,,0,2,,1581772,27,,,0,200,,1581773,27,,,0
37001,'20261015',634,,1581775,27,,,0,8,,1581776,27,,,0,10,,1581777,27,,,0,53,,1581778,27,,,0,20,,1581779,27,,,0,187,,1581782,8,,,0,2,,1581780,27,,,0,200,,1581781,27,,,0
37001,'20261016',634,,1581783,27,,,0,8,,1581784,27,,,0,10,,1581785,27,,,0,53,,1581786,27,,,0,20,,1581787,27,,,0,187,,1581790,8,,,0,2,,1581788,27,,,0,200,,1581789,27,,,0
37001,'20261019',634,,1613536,27,,,0,8,,1613537,27,,,0,10,,1613538,27,,,0,53,,1613539,27,,,0,20,,1613540,27,,,0,187,,1613543,8,,,0,2,,1613541,27,,,0,200,,1613542,27,,,0
37001,'20261020',634,,1613544,27,,,0,8,,1613545,27,,,0,10,,1613546,27,,,0,53,,1613547,27,,,0,20,,1613548,27,,,0,187,,1613551,8,,,0,2,,1613549,27,,,0,200,,1613550,27,,,0
57001,'20261006',626,,1614280,27,,,0,27,,1614281,27,,,0,63,,1614282,27,,,0
57001,'20261007',626,,1614283,27,,,0,27,,1614284,27,,,0,63,,1614285,27,,,0
57001,'20261008',626,,1614286,27,,,0,27,,1614287,27,,,0,63,,1614288,27,,,0
57001,'20261009',626,,1614289,27,,,0,27,,1614290,27,,,0,63,,1614291,27,,,0
57001,'20261013',626,,1582528,27,,,0,27,,1582529,27,,,0,63,,1582530,27,,,0
57001,'20261014',626,,1582531,27,,,0,27,,1582532,27,,,0,63,,1582533,27,,,0
57001,'20261015',626,,1582534,27,,,0,27,,1582535,27,,,0,63,,1582536,27,,,0
57001,'20261016',626,,1582537,27,,,0,27,,1582538,27,,,0,63,,1582539,27,,,0
57001,'20261019',626,,1614292,27,,,0,27,,1614293,27,,,0,63,,1614294,27,,,0
57001,'20261020',626,,1614295,27,,,0,27,,1614296,27,,,0,63,,1614297,27,,,0
