400,'20261009',655,,1595076,2,,,0,55,,1595077,2,,,0,15,,1595078,2,,,0,13,,1595079,2,,,0,16,,1595080,2,,,0,49,,1595081,2,,,0,22,,1595082,2,,,0,20,,1595083,2,,,0,66,,1595084,2,,,0,33,,1595085,2,,,0,70,,1595086,2,,,0,30,,1595087,2,,,0,70,,1595088,2,,,0,14,,1595089,2,,,0,14,,1595090,2,,,0,15,,1595091,2,,,0,56,,1595092,2,,,0,14,,1595093,2,,,0,16,,1595094,2,,,0,69,,1595095,2,,,0,31,,1595096,2,,,0,70,,1595097,2,,,0,30,,1595098,2,,,0,13,,1595099,2,,,0,54,,1595100,2,,,0,14,,1595101,2,,,0,6,,1595102,2,,,0,7,,1595103,2,,,0,6,,1595104,2,,,0,7,,1595105,2,,,0,54,,1595106,2,,,0,18,,1595107,2,,,0,26,,1595108,2,,,0,60,,1595109,2,,,0,24,,1595110,2,,,0,25,,1595111,2,,,0,73,,1595112,2,,,0,100,,1595113,2,,,0,100,,1595114,2,,,0,102,,1595115,2,,,0,99,,1595116,2,,,0,100,,1595117,2,,,0
400,'20261010',712,,1626447,2,,,0,99,,1626448,2,,,0,98,,1626449,2,,,0,100,,1626450,2,,,0,101,,1626451,2,,,0,98,,1626452,2,,,0,100,,1626453,2,,,0,100,,1626454,2,,,0,101,,1626455,2,,,0,96,,1626456,2,,,0,110,,1626457,2,,,0,94,,1626458,2,,,0,100,,1626459,2,,,0,98,,1626460,2,,,0,100,,1626461,2,,,0,98,,1626462,2,,,0,99,,1626463,2,,,0
400,'20261011',712,,1626464,2,,,0,99,,1626465,2,,,0,98,,1626466,2,,,0,100,,1626467,2,,,0,101,,1626468,2,,,0,98,,1626469,2,,,0,100,,1626470,2,,,0,100,,1626471,2,,,0,101,,1626472,2,,,0,96,,1626473,2,,,0,110,,1626474,2,,,0,94,,1626475,2,,,0,100,,1626476,2,,,0,98,,1626477,2,,,0,100,,1626478,2,,,0,98,,1626479,2,,,0,99,,1626480,2,,,0
400,'20261012',712,,1626481,2,,,0,99,,1626482,2,,,0,98,,1626483,2,,,0,100,,1626484,2,,,0,101,,1626485,2,,,0,98,,1626486,2,,,0,100,,1626487,2,,,0,100,,1626488,2,,,0,101,,1626489,2,,,0,96,,1626490,2,,,0,110,,1626491,2,,,0,94,,1626492,2,,,0,100,,1626493,2,,,0,98,,1626494,2,,,0,100,,1626495,2,,,0,98,,1626496,2,,,0,99,,1626497,2,,,0
400,'20261013',655,,1563395,2,,,0,55,,1563399,2,,,0,15,,1563380,2,,,0,13,,1563400,2,,,0,16,,1563381,2,,,0,49,,1563401,2,,,0,22,,1563402,2,,,0,20,,1563385,2,,,0,66,,1563394,2,,,0,33,,1563382,2,,,0,70,,1563396,2,,,0,30,,1563386,2,,,0,70,,1563383,2,,,0,14,,1563403,2,,,0,14,,1563384,2,,,0,15,,1563404,2,,,0,56,,1563393,2,,,0,14,,1563405,2,,,0,16,,1563372,2,,,0,69,,1563374,2,,,0,31,,1563378,2,,,0,70,,1563375,2,,,0,30,,1563373,2,,,0,13,,1563406,2,,,0,54,,1563398,2,,,0,14,,1563407,2,,,0,6,,1563412,2,,,0,7,,1563389,2,,,0,6,,1563413,2,,,0,7,,1563408,2,,,0,54,,1563409,2,,,0,18,,1563377,2,,,0,26,,1563410,2,,,0,60,,1563387,2,,,0,24,,1563388,2,,,0,25,,1563411,2,,,0,73,,1563397,2,,,0,100,,1563390,2,,,0,100,,1563376,2,,,0,102,,1563379,2,,,0,99,,1563391,2,,,0,100,,1563392,2,,,0
400,'20261014',655,,1563437,2,,,0,55,,1563441,2,,,0,15,,1563422,2,,,0,13,,1563442,2,,,0,16,,1563423,2,,,0,49,,1563443,2,,,0,22,,1563444,2,,,0,20,,1563427,2,,,0,66,,1563436,2,,,0,33,,1563424,2,,,0,70,,1563438,2,,,0,30,,1563428,2,,,0,70,,1563425,2,,,0,14,,1563445,2,,,0,14,,1563426,2,,,0,15,,1563446,2,,,0,56,,1563435,2,,,0,14,,1563447,2,,,0,16,,1563414,2,,,0,69,,1563416,2,,,0,31,,1563420,2,,,0,70,,1563417,2,,,0,30,,1563415,2,,,0,13,,1563448,2,,,0,54,,1563440,2,,,0,14,,1563449,2,,,0,6,,1563454,2,,,0,7,,1563431,2,,,0,6,,1563455,2,,,0,7,,1563450,2,,,0,54,,1563451,2,,,0,18,,1563419,2,,,0,26,,1563452,2,,,0,60,,1563429,2,,,0,24,,1563430,2,,,0,25,,1563453,2,,,0,73,,1563439,2,,,0,100,,1563432,2,,,0,100,,1563418,2,,,0,102,,1563421,2,,,0,99,,1563433,2,,,0,100,,1563434,2,,,0
400,'20261015',655,,1563479,2,,,0,55,,1563483,2,,,0,15,,1563464,2,,,0,13,,1563484,2,,,0,16,,1563465,2,,,0,49,,1563485,2,,,0,22,,1563486,2,,,0,20,,1563469,2,,,0,66,,1563478,2,,,0,33,,1563466,2,,,0,70,,1563480,2,,,0,30,,1563470,2,,,0,70,,1563467,2,,,0,14,,1563487,2,,,0,14,,1563468,2,,,0,15,,1563488,2,,,0,56,,1563477,2,,,0,14,,1563489,2,,,0,16,,1563456,2,,,0,69,,1563458,2,,,0,31,,1563462,2,,,0,70,,1563459,2,,,0,30,,1563457,2,,,0,13,,1563490,2,,,0,54,,1563482,2,,,0,14,,1563491,2,,,0,6,,1563496,2,,,0,7,,1563473,2,,,0,6,,1563497,2,,,0,7,,1563492,2,,,0,54,,1563493,2,,,0,18,,1563461,2,,,0,26,,1563494,2,,,0,60,,1563471,2,,,0,24,,1563472,2,,,0,25,,1563495,2,,,0,73,,1563481,2,,,0,100,,1563474,2,,,0,100,,1563460,2,,,0,102,,1563463,2,,,0,99,,1563475,2,,,0,100,,1563476,2,,,0
400,'20261016',655,,1563521,2,,,0,55,,1563525,2,,,0,15,,1563506,2,,,0,13,,1563526,2,,,0,16,,1563507,2,,,0,49,,1563527,2,,,0,22,,1563528,2,,,0,20,,1563511,2,,,0,66,,1563520,2,,,0,33,,1563508,2,,,0,70,,1563522,2,,,0,30,,1563512,2,,,0,70,,1563509,2,,,0,14,,1563529,2,,,0,14,,1563510,2,,,0,15,,1563530,2,,,0,56,,1563519,2,,,0,14,,1563531,2,,,0,16,,1563498,2,,,0,69,,1563500,2,,,0,31,,1563504,2,,,0,70,,1563501,2,,,0,30,,1563499,2,,,0,13,,1563532,2,,,0,54,,1563524,2,,,0,14,,1563533,2,,,0,6,,1563538,2,,,0,7,,1563515,2,,,0,6,,1563539,2,,,0,7,,1563534,2,,,0,54,,1563535,2,,,0,18,,1563503,2,,,0,26,,1563536,2,,,0,60,,1563513,2,,,0,24,,1563514,2,,,0,25,,1563537,2,,,0,73,,1563523,2,,,0,100,,1563516,2,,,0,100,,1563502,2,,,0,102,,1563505,2,,,0,99,,1563517,2,,,0,100,,1563518,2,,,0
400,'20261017',712,,1595118,2,,,0,99,,1595119,2,,,0,98,,1595120,2,,,0,100,,1595121,2,,,0,101,,1595122,2,,,0,98,,1595123,2,,,0,100,,1595124,2,,,0,100,,1595125,2,,,0,101,,1595126,2,,,0,96,,1595127,2,,,0,110,,1595128,2,,,0,94,,1595129,2,,,0,100,,1595130,2,,,0,98,,1595131,2,,,0,100,,1595132,2,,,0,98,,1595133,2,,,0,99,,1595134,2,,,0
400,'20261018',712,,1595135,2,,,0,99,,1595136,2,,,0,98,,1595137,2,,,0,100,,1595138,2,,,0,101,,1595139,2,,,0,98,,1595140,2,,,0,100,,1595141,2,,,0,100,,1595142,2,,,0,101,,1595143,2,,,0,96,,1595144,2,,,0,110,,1595145,2,,,0,94,,1595146,2,,,0,100,,1595147,2,,,0,98,,1595148,2,,,0,100,,1595149,2,,,0,98,,1595150,2,,,0,99,,1595151,2,,,0
400,'20261019',655,,1595175,2,,,0,55,,1595179,2,,,0,15,,1595160,2,,,0,13,,1595180,2,,,0,16,,1595161,2,,,0,49,,1595181,2,,,0,22,,1595182,2,,,0,20,,1595165,2,,,0,66,,1595174,2,,,0,33,,1595162,2,,,0,70,,1595176,2,,,0,30,,1595166,2,,,0,70,,1595163,2,,,0,14,,1595183,2,,,0,14,,1595164,2,,,0,15,,1595184,2,,,0,56,,1595173,2,,,0,14,,1595185,2,,,0,16,,1595152,2,,,0,69,,1595154,2,,,0,31,,1595158,2,,,0,70,,1595155,2,,,0,30,,1595153,2,,,0,13,,1595186,2,,,0,54,,1595178,2,,,0,14,,1595187,2,,,0,6,,1595192,2,,,0,7,,1595169,2,,,0,6,,1595193,2,,,0,7,,1595188,2,,,0,54,,1595189,2,,,0,18,,1595157,2,,,0,26,,1595190,2,,,0,60,,1595167,2,,,0,24,,1595168,2,,,0,25,,1595191,2,,,0,73,,1595177,2,,,0,100,,1595170,2,,,0,100,,1595156,2,,,0,102,,1595159,2,,,0,99,,1595171,2,,,0,100,,1595172,2,,,0
400,'20261020',655,,1595217,2,,,0,55,,1595221,2,,,0,15,,1595202,2,,,0,13,,1595222,2,,,0,16,,1595203,2,,,0,49,,1595223,2,,,0,22,,1595224,2,,,0,20,,1595207,2,,,0,66,,1595216,2,,,0,33,,1595204,2,,,0,70,,1595218,2,,,0,30,,1595208,2,,,0,70,,1595205,2,,,0,14,,1595225,2,,,0,14,,1595206,2,,,0,15,,1595226,2,,,0,56,,1595215,2,,,0,14,,1595227,2,,,0,16,,1595194,2,,,0,69,,1595196,2,,,0,31,,1595200,2,,,0,70,,1595197,2,,,0,30,,1595195,2,,,0,13,,1595228,2,,,0,54,,1595220,2,,,0,14,,1595229,2,,,0,6,,1595234,2,,,0,7,,1595211,2,,,0,6,,1595235,2,,,0,7,,1595230,2,,,0,54,,1595231,2,,,0,18,,1595199,2,,,0,26,,1595232,2,,,0,60,,1595209,2,,,0,24,,1595210,2,,,0,25,,1595233,2,,,0,73,,1595219,2,,,0,100,,1595212,2,,,0,100,,1595198,2,,,0,102,,1595201,2,,,0,99,,1595213,2,,,0,100,,1595214,2,,,0
400,'20261021',655,,1626521,2,,,0,55,,1626525,2,,,0,15,,1626506,2,,,0,13,,1626526,2,,,0,16,,1626507,2,,,0,49,,1626527,2,,,0,22,,1626528,2,,,0,20,,1626511,2,,,0,66,,1626520,2,,,0,33,,1626508,2,,,0,70,,1626522,2,,,0,30,,1626512,2,,,0,70,,1626509,2,,,0,14,,1626529,2,,,0,14,,1626510,2,,,0,15,,1626530,2,,,0,56,,1626519,2,,,0,14,,1626531,2,,,0,16,,1626498,2,,,0,69,,1626500,2,,,0,31,,1626504,2,,,0,70,,1626501,2,,,0,30,,1626499,2,,,0,13,,1626532,2,,,0,54,,1626524,2,,,0,14,,1626533,2,,,0,6,,1626538,2,,,0,7,,1626515,2,,,0,6,,1626539,2,,,0,7,,1626534,2,,,0,54,,1626535,2,,,0,18,,1626503,2,,,0,26,,1626536,2,,,0,60,,1626513,2,,,0,24,,1626514,2,,,0,25,,1626537,2,,,0,73,,1626523,2,,,0,100,,1626516,2,,,0,100,,1626502,2,,,0,102,,1626505,2,,,0,99,,1626517,2,,,0,100,,1626518,2,,,0
400,'20261022',655,,1626563,2,,,0,55,,1626567,2,,,0,15,,1626548,2,,,0,13,,1626568,2,,,0,16,,1626549,2,,,0,49,,1626569,2,,,0,22,,1626570,2,,,0,20,,1626553,2,,,0,66,,1626562,2,,,0,33,,1626550,2,,,0,70,,1626564,2,,,0,30,,1626554,2,,,0,70,,1626551,2,,,0,14,,1626571,2,,,0,14,,1626552,2,,,0,15,,1626572,2,,,0,56,,1626561,2,,,0,14,,1626573,2,,,0,16,,1626540,2,,,0,69,,1626542,2,,,0,31,,1626546,2,,,0,70,,1626543,2,,,0,30,,1626541,2,,,0,13,,1626574,2,,,0,54,,1626566,2,,,0,14,,1626575,2,,,0,6,,1626580,2,,,0,7,,1626557,2,,,0,6,,1626581,2,,,0,7,,1626576,2,,,0,54,,1626577,2,,,0,18,,1626545,2,,,0,26,,1626578,2,,,0,60,,1626555,2,,,0,24,,1626556,2,,,0,25,,1626579,2,,,0,73,,1626565,2,,,0,100,,1626558,2,,,0,100,,1626544,2,,,0,102,,1626547,2,,,0,99,,1626559,2,,,0,100,,1626560,2,,,0
400,'20261023',655,,1626605,2,,,0,55,,1626609,2,,,0,15,,1626590,2,,,0,13,,1626610,2,,,0,16,,1626591,2,,,0,49,,1626611,2,,,0,22,,1626612,2,,,0,20,,1626595,2,,,0,66,,1626604,2,,,0,33,,1626592,2,,,0,70,,1626606,2,,,0,30,,1626596,2,,,0,70,,1626593,2,,,0,14,,1626613,2,,,0,14,,1626594,2,,,0,15,,1626614,2,,,0,56,,1626603,2,,,0,14,,1626615,2,,,0,16,,1626582,2,,,0,69,,1626584,2,,,0,31,,1626588,2,,,0,70,,1626585,2,,,0,30,,1626583,2,,,0,13,,1626616,2,,,0,54,,1626608,2,,,0,14,,1626617,2,,,0,6,,1626622,2,,,0,7,,1626599,2,,,0,6,,1626623,2,,,0,7,,1626618,2,,,0,54,,1626619,2,,,0,18,,1626587,2,,,0,26,,1626620,2,,,0,60,,1626597,2,,,0,24,,1626598,2,,,0,25,,1626621,2,,,0,73,,1626607,2,,,0,100,,1626600,2,,,0,100,,1626586,2,,,0,102,,1626589,2,,,0,99,,1626601,2,,,0,100,,1626602,2,,,0
