7401,'20261002',633,,1574675,72,,,1,102,,1574676,72,,,1,99,,1574677,72,,,1,98,,1574678,72,,,1,100,,1574679,72,,,1,101,,1574680,72,,,1,100,,1574681,72,,,1,100,,1574682,72,,,1,101,,1574683,72,,,1,101,,1574684,72,,,1,104,,1574685,72,,,1,96,,1574686,72,,,1,99,,1574687,72,,,1,98,,1574688,72,,,1,100,,1574689,72,,,1,100,,1574690,72,,,1,99,,1574691,72,,,1,170,,1574692,72,,,1
7401,'20261003',731,,1574693,72,,,1,100,,1574694,72,,,1,101,,1574695,72,,,1,100,,1574696,72,,,1,100,,1574697,72,,,1,100,,1574698,72,,,1,101,,1574699,72,,,1,100,,1574700,72,,,1,100,,1574701,72,,,1,100,,1574702,72,,,1,100,,1574703,72,,,1,98,,1574704,72,,,1,100,,1574705,72,,,1,100,,1574706,72,,,1,100,,1574707,72,,,1,100,,1574708,72,,,1
7401,'20261004',731,,1574710,72,,,1,100,,1574711,72,,,1,101,,1574712,72,,,1,100,,1574713,72,,,1,100,,1574714,72,,,1,100,,1574715,72,,,1,101,,1574716,72,,,1,100,,1574717,72,,,1,100,,1574718,72,,,1,100,,1574719,72,,,1,100,,1574720,72,,,1,98,,1574721,72,,,1,100,,1574722,72,,,1,100,,1574723,72,,,1,100,,1574724,72,,,1,100,,1574725,72,,,1
7401,'20261005',633,,1574729,72,,,1,102,,1574730,72,,,1,99,,1574731,72,,,1,98,,1574732,72,,,1,100,,1574733,72,,,1,101,,1574734,72,,,1,100,,1574735,72,,,1,100,,1574736,72,,,1,101,,1574737,72,,,1,101,,1574738,72,,,1,104,,1574739,72,,,1,96,,1574740,72,,,1,99,,1574741,72,,,1,98,,1574742,72,,,1,100,,1574743,72,,,1,100,,1574744,72,,,1,99,,1574745,72,,,1,170,,1574746,72,,,1
7401,'20261006',633,,1521472,72,,,1,102,,1521473,72,,,1,99,,1521474,72,,,1,98,,1521475,72,,,1,100,,1521476,72,,,1,101,,1521477,72,,,1,100,,1521478,72,,,1,100,,1521479,72,,,1,101,,1521480,72,,,1,101,,1521481,72,,,1,104,,1521487,72,,,1,96,,1521482,72,,,1,99,,1521483,72,,,1,98,,1521489,72,,,1,100,,1521484,72,,,1,100,,1521488,72,,,1,99,,1521485,72,,,1,170,,1521486,72,,,1
7401,'20261007',633,,1521492,72,,,1,102,,1521493,72,,,1,99,,1521494,72,,,1,98,,1521495,72,,,1,100,,1521496,72,,,1,101,,1521497,72,,,1,100,,1521498,72,,,1,100,,1521499,72,,,1,101,,1521500,72,,,1,101,,1521501,72,,,1,104,,1521507,72,,,1,96,,1521502,72,,,1,99,,1521503,72,,,1,98,,1521509,72,,,1,100,,1521504,72,,,1,100,,1521508,72,,,1,99,,1521505,72,,,1,170,,1521506,72,,,1
7401,'20261008',633,,1521512,72,,,1,102,,1521513,72,,,1,99,,1521514,72,,,1,98,,1521515,72,,,1,100,,1521516,72,,,1,101,,1521517,72,,,1,100,,1521518,72,,,1,100,,1521519,72,,,1,101,,1521520,72,,,1,101,,1521521,72,,,1,104,,1521527,72,,,1,96,,1521522,72,,,1,99,,1521523,72,,,1,98,,1521529,72,,,1,100,,1521524,72,,,1,100,,1521528,72,,,1,99,,1521525,72,,,1,170,,1521526,72,,,1
7401,'20261009',633,,1521532,72,,,1,102,,1521533,72,,,1,99,,1521534,72,,,1,98,,1521535,72,,,1,100,,1521536,72,,,1,101,,1521537,72,,,1,100,,1521538,72,,,1,100,,1521539,72,,,1,101,,1521540,72,,,1,101,,1521541,72,,,1,104,,1521547,72,,,1,96,,1521542,72,,,1,99,,1521543,72,,,1,98,,1521549,72,,,1,100,,1521544,72,,,1,100,,1521548,72,,,1,99,,1521545,72,,,1,170,,1521546,72,,,1
7401,'20261010',731,,1549169,72,,,1,100,,1549155,72,,,1,101,,1549156,72,,,1,100,,1549170,72,,,1,100,,1549163,72,,,1,100,,1549164,72,,,1,101,,1549165,72,,,1,100,,1549166,72,,,1,100,,1549167,72,,,1,100,,1549168,72,,,1,100,,1549157,72,,,1,98,,1549161,72,,,1,100,,1549162,72,,,1,100,,1549158,72,,,1,100,,1549159,72,,,1,100,,1549160,72,,,1
7401,'20261011',731,,1549172,72,,,1,100,,1549187,72,,,1,101,,1549173,72,,,1,100,,1549188,72,,,1,100,,1549175,72,,,1,100,,1549176,72,,,1,101,,1549177,72,,,1,100,,1549178,72,,,1,100,,1549179,72,,,1,100,,1549180,72,,,1,100,,1549181,72,,,1,98,,1549182,72,,,1,100,,1549183,72,,,1,100,,1549184,72,,,1,100,,1549185,72,,,1,100,,1549186,72,,,1
7401,'20261012',731,,1549189,72,,,1,100,,1549204,72,,,1,101,,1549190,72,,,1,100,,1549205,72,,,1,100,,1549192,72,,,1,100,,1549193,72,,,1,101,,1549194,72,,,1,100,,1549195,72,,,1,100,,1549196,72,,,1,100,,1549197,72,,,1,100,,1549198,72,,,1,98,,1549199,72,,,1,100,,1549200,72,,,1,100,,1549201,72,,,1,100,,1549202,72,,,1,100,,1549203,72,,,1
7401,'20261013',633,,1574747,72,,,1,102,,1574748,72,,,1,99,,1574749,72,,,1,98,,1574750,72,,,1,100,,1574751,72,,,1,101,,1574752,72,,,1,100,,1574753,72,,,1,100,,1574754,72,,,1,101,,1574755,72,,,1,101,,1574756,72,,,1,104,,1574762,72,,,1,96,,1574757,72,,,1,99,,1574758,72,,,1,98,,1574764,72,,,1,100,,1574759,72,,,1,100,,1574763,72,,,1,99,,1574760,72,,,1,170,,1574761,72,,,1
7401,'20261014',633,,1574767,72,,,1,102,,1574768,72,,,1,99,,1574769,72,,,1,98,,1574770,72,,,1,100,,1574771,72,,,1,101,,1574772,72,,,1,100,,1574773,72,,,1,100,,1574774,72,,,1,101,,1574775,72,,,1,101,,1574776,72,,,1,104,,1574782,72,,,1,96,,1574777,72,,,1,99,,1574778,72,,,1,98,,1574784,72,,,1,100,,1574779,72,,,1,100,,1574783,72,,,1,99,,1574780,72,,,1,170,,1574781,72,,,1
7401,'20261015',633,,1574787,72,,,1,102,,1574788,72,,,1,99,,1574789,72,,,1,98,,1574790,72,,,1,100,,1574791,72,,,1,101,,1574792,72,,,1,100,,1574793,72,,,1,100,,1574794,72,,,1,101,,1574795,72,,,1,101,,1574796,72,,,1,104,,1574802,72,,,1,96,,1574797,72,,,1,99,,1574798,72,,,1,98,,1574804,72,,,1,100,,1574799,72,,,1,100,,1574803,72,,,1,99,,1574800,72,,,1,170,,1574801,72,,,1
7401,'20261016',633,,1574807,72,,,1,102,,1574808,72,,,1,99,,1574809,72,,,1,98,,1574810,72,,,1,100,,1574811,72,,,1,101,,1574812,72,,,1,100,,1574813,72,,,1,100,,1574814,72,,,1,101,,1574815,72,,,1,101,,1574816,72,,,1,104,,1574822,72,,,1,96,,1574817,72,,,1,99,,1574818,72,,,1,98,,1574824,72,,,1,100,,1574819,72,,,1,100,,1574823,72,,,1,99,,1574820,72,,,1,170,,1574821,72,,,1
8401,'20261002',705,,1576986,86,,,1,101,,1576988,86,,,1,97,,1576990,86,,,1,99,,1576992,86,,,1,100,,1576993,86,,,1,101,,1576994,86,,,1,100,,1576995,86,,,1,100,,1576996,86,,,1,101,,1576997,86,,,1,103,,1576998,86,,,1,100,,1576999,86,,,1,97,,1577000,86,,,1,99,,1577001,86,,,1,99,,1577002,86,,,1,100,,1577003,86,,,1,99,,1577004,86,,,1,100,,1577005,86,,,1,100,,1577006,86,,,1
8401,'20261003',701,,1577007,86,,,1,100,,1577008,86,,,1,101,,1577009,86,,,1,100,,1577010,86,,,1,100,,1577011,86,,,1,100,,1577012,86,,,1,100,,1577013,86,,,1,101,,1577014,86,,,1,100,,1577015,86,,,1,100,,1577016,86,,,1,100,,1577017,86,,,1,98,,1577018,86,,,1,100,,1577019,86,,,1,100,,1577020,86,,,1,100,,1577021,86,,,1,100,,1577022,86,,,1,100,,1577023,86,,,1,100,,1577024,86,,,1
8401,'20261004',701,,1577025,86,,,1,100,,1577026,86,,,1,101,,1577027,86,,,1,100,,1577028,86,,,1,100,,1577029,86,,,1,100,,1577030,86,,,1,100,,1577031,86,,,1,101,,1577032,86,,,1,100,,1577033,86,,,1,100,,1577034,86,,,1,100,,1577035,86,,,1,98,,1577036,86,,,1,100,,1577037,86,,,1,100,,1577038,86,,,1,100,,1577039,86,,,1,100,,1577040,86,,,1,100,,1577041,86,,,1,100,,1577042,86,,,1
8401,'20261005',705,,1577043,86,,,1,101,,1577045,86,,,1,97,,1577047,86,,,1,99,,1577049,86,,,1,100,,1577050,86,,,1,101,,1577051,86,,,1,100,,1577052,86,,,1,100,,1577053,86,,,1,101,,1577054,86,,,1,103,,1577055,86,,,1,100,,1577056,86,,,1,97,,1577057,86,,,1,99,,1577058,86,,,1,99,,1577059,86,,,1,100,,1577060,86,,,1,99,,1577061,86,,,1,100,,1577062,86,,,1,100,,1577063,86,,,1
8401,'20261006',705,,1523792,86,,,1,101,,1523793,86,,,1,97,,1523794,86,,,1,99,,1523795,86,,,1,100,,1523796,86,,,1,101,,1523797,86,,,1,100,,1523798,86,,,1,100,,1523799,86,,,1,101,,1523800,86,,,1,103,,1523801,86,,,1,100,,1523802,86,,,1,97,,1523803,86,,,1,99,,1523804,86,,,1,99,,1523805,86,,,1,100,,1523806,86,,,1,99,,1523807,86,,,1,100,,1523808,86,,,1,100,,1523810,86,,,1
8401,'20261007',705,,1523813,86,,,1,101,,1523814,86,,,1,97,,1523815,86,,,1,99,,1523816,86,,,1,100,,1523817,86,,,1,101,,1523818,86,,,1,100,,1523819,86,,,1,100,,1523820,86,,,1,101,,1523821,86,,,1,103,,1523822,86,,,1,100,,1523823,86,,,1,97,,1523824,86,,,1,99,,1523825,86,,,1,99,,1523826,86,,,1,100,,1523827,86,,,1,99,,1523828,86,,,1,100,,1523829,86,,,1,100,,1523831,86,,,1
8401,'20261008',705,,1523834,86,,,1,101,,1523835,86,,,1,97,,1523836,86,,,1,99,,1523837,86,,,1,100,,1523838,86,,,1,101,,1523839,86,,,1,100,,1523840,86,,,1,100,,1523841,86,,,1,101,,1523842,86,,,1,103,,1523843,86,,,1,100,,1523844,86,,,1,97,,1523845,86,,,1,99,,1523846,86,,,1,99,,1523847,86,,,1,100,,1523848,86,,,1,99,,1523849,86,,,1,100,,1523850,86,,,1,100,,1523852,86,,,1
8401,'20261009',705,,1523855,86,,,1,101,,1523856,86,,,1,97,,1523857,86,,,1,99,,1523858,86,,,1,100,,1523859,86,,,1,101,,1523860,86,,,1,100,,1523861,86,,,1,100,,1523862,86,,,1,101,,1523863,86,,,1,103,,1523864,86,,,1,100,,1523865,86,,,1,97,,1523866,86,,,1,99,,1523867,86,,,1,99,,1523868,86,,,1,100,,1523869,86,,,1,99,,1523870,86,,,1,100,,1523871,86,,,1,100,,1523873,86,,,1
8401,'20261010',701,,1550844,86,,,1,100,,1550859,86,,,1,101,,1550845,86,,,1,100,,1550858,86,,,1,100,,1550846,86,,,1,100,,1550853,86,,,1,100,,1550854,86,,,1,101,,1550855,86,,,1,100,,1550856,86,,,1,100,,1550857,86,,,1,100,,1550848,86,,,1,98,,1550847,86,,,1,100,,1550849,86,,,1,100,,1550852,86,,,1,100,,1550851,86,,,1,100,,1550850,86,,,1,100,,1550860,86,,,1,100,,1550861,86,,,1
8401,'20261011',701,,1550874,86,,,1,100,,1550878,86,,,1,101,,1550877,86,,,1,100,,1550875,86,,,1,100,,1550862,86,,,1,100,,1550868,86,,,1,100,,1550863,86,,,1,101,,1550869,86,,,1,100,,1550864,86,,,1,100,,1550870,86,,,1,100,,1550865,86,,,1,98,,1550871,86,,,1,100,,1550866,86,,,1,100,,1550872,86,,,1,100,,1550867,86,,,1,100,,1550873,86,,,1,100,,1550876,86,,,1,100,,1550879,86,,,1
8401,'20261012',701,,1550892,86,,,1,100,,1550896,86,,,1,101,,1550895,86,,,1,100,,1550893,86,,,1,100,,1550880,86,,,1,100,,1550886,86,,,1,100,,1550881,86,,,1,101,,1550887,86,,,1,100,,1550882,86,,,1,100,,1550888,86,,,1,100,,1550883,86,,,1,98,,1550889,86,,,1,100,,1550884,86,,,1,100,,1550890,86,,,1,100,,1550885,86,,,1,100,,1550891,86,,,1,100,,1550894,86,,,1,100,,1550897,86,,,1
8401,'20261013',705,,1577064,86,,,1,101,,1577065,86,,,1,97,,1577066,86,,,1,99,,1577067,86,,,1,100,,1577068,86,,,1,101,,1577069,86,,,1,100,,1577070,86,,,1,100,,1577071,86,,,1,101,,1577072,86,,,1,103,,1577073,86,,,1,100,,1577074,86,,,1,97,,1577075,86,,,1,99,,1577076,86,,,1,99,,1577077,86,,,1,100,,1577078,86,,,1,99,,1577079,86,,,1,100,,1577080,86,,,1,100,,1577082,86,,,1
8401,'20261014',705,,1577085,86,,,1,101,,1577086,86,,,1,97,,1577087,86,,,1,99,,1577088,86,,,1,100,,1577089,86,,,1,101,,1577090,86,,,1,100,,1577091,86,,,1,100,,1577092,86,,,1,101,,1577093,86,,,1,103,,1577094,86,,,1,100,,1577095,86,,,1,97,,1577096,86,,,1,99,,1577097,86,,,1,99,,1577098,86,,,1,100,,1577099,86,,,1,99,,1577100,86,,,1,100,,1577101,86,,,1,100,,1577103,86,,,1
8401,'20261015',705,,1577106,86,,,1,101,,1577107,86,,,1,97,,1577108,86,,,1,99,,1577109,86,,,1,100,,1577110,86,,,1,101,,1577111,86,,,1,100,,1577112,86,,,1,100,,1577113,86,,,1,101,,1577114,86,,,1,103,,1577115,86,,,1,100,,1577116,86,,,1,97,,1577117,86,,,1,99,,1577118,86,,,1,99,,1577119,86,,,1,100,,1577120,86,,,1,99,,1577121,86,,,1,100,,1577122,86,,,1,100,,1577124,86,,,1
8401,'20261016',705,,1577127,86,,,1,101,,1577128,86,,,1,97,,1577129,86,,,1,99,,1577130,86,,,1,100,,1577131,86,,,1,101,,1577132,86,,,1,100,,1577133,86,,,1,100,,1577134,86,,,1,101,,1577135,86,,,1,103,,1577136,86,,,1,100,,1577137,86,,,1,97,,1577138,86,,,1,99,,1577139,86,,,1,99,,1577140,86,,,1,100,,1577141,86,,,1,99,,1577142,86,,,1,100,,1577143,86,,,1,100,,1577145,86,,,1
8601,'20261002',641,,1577411,38,,,0,72,,1577412,38,,,0,29,,1577409,17,,,0,7,,1577413,38,,,0,65,,1577414,38,,,0,29,,1577415,38,,,0,69,,1577416,38,,,0,100,,1577417,38,,,0,100,,1577418,38,,,0,101,,1577419,38,,,0,100,,1577420,38,,,0,99,,1577421,38,,,0,103,,1577422,38,,,0,102,,1577423,38,,,0,28,,1577410,34,,,0,2,,1577424,38,,,0,70,,1577425,38,,,0,27,,1577426,38,,,0,69,,1577427,38,,,0,99,,1577428,38,,,0,99,,1577429,38,,,0,100,,1577430,38,,,0,100,,1577431,38,,,0,99,,1577432,38,,,0
8601,'20261003',811,,1577433,38,,,0,100,,1577434,38,,,0,100,,1577435,38,,,0,101,,1577436,38,,,0,100,,1577437,38,,,0,100,,1577438,38,,,0,100,,1577439,38,,,0,100,,1577440,38,,,0,100,,1577441,38,,,0,100,,1577442,38,,,0,100,,1577443,38,,,0,99,,1577444,38,,,0,100,,1577445,38,,,0,100,,1577446,38,,,0,100,,1577447,38,,,0,99,,1577448,38,,,0
8601,'20261004',811,,1577449,38,,,0,100,,1577450,38,,,0,100,,1577451,38,,,0,101,,1577452,38,,,0,100,,1577453,38,,,0,100,,1577454,38,,,0,100,,1577455,38,,,0,100,,1577456,38,,,0,100,,1577457,38,,,0,100,,1577458,38,,,0,100,,1577459,38,,,0,99,,1577460,38,,,0,100,,1577461,38,,,0,100,,1577462,38,,,0,100,,1577463,38,,,0,99,,1577464,38,,,0
8601,'20261005',641,,1577466,38,,,0,72,,1577467,38,,,0,29,,1577465,17,,,0,7,,1577468,38,,,0,65,,1577469,38,,,0,29,,1577470,38,,,0,69,,1577471,38,,,0,100,,1577472,38,,,0,100,,1577473,38,,,0,101,,1577474,38,,,0,100,,1577475,38,,,0,99,,1577476,38,,,0,103,,1577477,38,,,0,102,,1577478,38,,,0,30,,1577479,38,,,0,70,,1577480,38,,,0,27,,1577481,38,,,0,69,,1577482,38,,,0,99,,1577483,38,,,0,99,,1577484,38,,,0,100,,1577485,38,,,0,100,,1577486,38,,,0,99,,1577487,38,,,0
8601,'20261006',641,,1524228,38,,,0,72,,1524218,38,,,0,29,,1524240,17,,,0,7,,1524219,38,,,0,65,,1524220,38,,,0,29,,1524231,38,,,0,69,,1524234,38,,,0,100,,1524232,38,,,0,100,,1524235,38,,,0,101,,1524230,38,,,0,100,,1524236,38,,,0,99,,1524229,38,,,0,103,,1524237,38,,,0,102,,1524224,38,,,0,28,,1524241,34,,,0,2,,1524227,38,,,0,70,,1524223,38,,,0,27,,1524226,38,,,0,69,,1524221,38,,,0,99,,1524238,38,,,0,99,,1524225,38,,,0,100,,1524239,38,,,0,100,,1524222,38,,,0,99,,1524233,38,,,0
8601,'20261007',641,,1524252,38,,,0,72,,1524242,38,,,0,29,,1524264,17,,,0,7,,1524243,38,,,0,65,,1524244,38,,,0,29,,1524255,38,,,0,69,,1524258,38,,,0,100,,1524256,38,,,0,100,,1524259,38,,,0,101,,1524254,38,,,0,100,,1524260,38,,,0,99,,1524253,38,,,0,103,,1524261,38,,,0,102,,1524248,38,,,0,28,,1524265,34,,,0,2,,1524251,38,,,0,70,,1524247,38,,,0,27,,1524250,38,,,0,69,,1524245,38,,,0,99,,1524262,38,,,0,99,,1524249,38,,,0,100,,1524263,38,,,0,100,,1524246,38,,,0,99,,1524257,38,,,0
8601,'20261008',641,,1524276,38,,,0,72,,1524266,38,,,0,29,,1524288,17,,,0,7,,1524267,38,,,0,65,,1524268,38,,,0,29,,1524279,38,,,0,69,,1524282,38,,,0,100,,1524280,38,,,0,100,,1524283,38,,,0,101,,1524278,38,,,0,100,,1524284,38,,,0,99,,1524277,38,,,0,103,,1524285,38,,,0,102,,1524272,38,,,0,28,,1524289,34,,,0,2,,1524275,38,,,0,70,,1524271,38,,,0,27,,1524274,38,,,0,69,,1524269,38,,,0,99,,1524286,38,,,0,99,,1524273,38,,,0,100,,1524287,38,,,0,100,,1524270,38,,,0,99,,1524281,38,,,0
8601,'20261009',641,,1524300,38,,,0,72,,1524290,38,,,0,29,,1524312,17,,,0,7,,1524291,38,,,0,65,,1524292,38,,,0,29,,1524303,38,,,0,69,,1524306,38,,,0,100,,1524304,38,,,0,100,,1524307,38,,,0,101,,1524302,38,,,0,100,,1524308,38,,,0,99,,1524301,38,,,0,103,,1524309,38,,,0,102,,1524296,38,,,0,28,,1524313,34,,,0,2,,1524299,38,,,0,70,,1524295,38,,,0,27,,1524298,38,,,0,69,,1524293,38,,,0,99,,1524310,38,,,0,99,,1524297,38,,,0,100,,1524311,38,,,0,100,,1524294,38,,,0,99,,1524305,38,,,0
8601,'20261010',811,,1551141,38,,,0,100,,1551149,38,,,0,100,,1551145,38,,,0,101,,1551150,38,,,0,100,,1551142,38,,,0,100,,1551151,38,,,0,100,,1551146,38,,,0,100,,1551152,38,,,0,100,,1551147,38,,,0,100,,1551153,38,,,0,100,,1551143,38,,,0,99,,1551154,38,,,0,100,,1551148,38,,,0,100,,1551155,38,,,0,100,,1551144,38,,,0,99,,1551156,38,,,0
8601,'20261011',811,,1551160,38,,,0,100,,1551165,38,,,0,100,,1551161,38,,,0,101,,1551166,38,,,0,100,,1551157,38,,,0,100,,1551167,38,,,0,100,,1551162,38,,,0,100,,1551168,38,,,0,100,,1551163,38,,,0,100,,1551169,38,,,0,100,,1551158,38,,,0,99,,1551170,38,,,0,100,,1551164,38,,,0,100,,1551171,38,,,0,100,,1551159,38,,,0,99,,1551172,38,,,0
8601,'20261012',811,,1551176,38,,,0,100,,1551181,38,,,0,100,,1551177,38,,,0,101,,1551182,38,,,0,100,,1551173,38,,,0,100,,1551183,38,,,0,100,,1551178,38,,,0,100,,1551184,38,,,0,100,,1551179,38,,,0,100,,1551185,38,,,0,100,,1551174,38,,,0,99,,1551186,38,,,0,100,,1551180,38,,,0,100,,1551187,38,,,0,100,,1551175,38,,,0,99,,1551188,38,,,0
8601,'20261013',641,,1577498,38,,,0,72,,1577488,38,,,0,29,,1577510,17,,,0,7,,1577489,38,,,0,65,,1577490,38,,,0,29,,1577501,38,,,0,69,,1577504,38,,,0,100,,1577502,38,,,0,100,,1577505,38,,,0,101,,1577500,38,,,0,100,,1577506,38,,,0,99,,1577499,38,,,0,103,,1577507,38,,,0,102,,1577494,38,,,0,28,,1577511,34,,,0,2,,1577497,38,,,0,70,,1577493,38,,,0,27,,1577496,38,,,0,69,,1577491,38,,,0,99,,1577508,38,,,0,99,,1577495,38,,,0,100,,1577509,38,,,0,100,,1577492,38,,,0,99,,1577503,38,,,0
8601,'20261014',641,,1577522,38,,,0,72,,1577512,38,,,0,29,,1577534,17,,,0,7,,1577513,38,,,0,65,,1577514,38,,,0,29,,1577525,38,,,0,69,,1577528,38,,,0,100,,1577526,38,,,0,100,,1577529,38,,,0,101,,1577524,38,,,0,100,,1577530,38,,,0,99,,1577523,38,,,0,103,,1577531,38,,,0,102,,1577518,38,,,0,28,,1577535,34,,,0,2,,1577521,38,,,0,70,,1577517,38,,,0,27,,1577520,38,,,0,69,,1577515,38,,,0,99,,1577532,38,,,0,99,,1577519,38,,,0,100,,1577533,38,,,0,100,,1577516,38,,,0,99,,1577527,38,,,0
8601,'20261015',641,,1577546,38,,,0,72,,1577536,38,,,0,29,,1577558,17,,,0,7,,1577537,38,,,0,65,,1577538,38,,,0,29,,1577549,38,,,0,69,,1577552,38,,,0,100,,1577550,38,,,0,100,,1577553,38,,,0,101,,1577548,38,,,0,100,,1577554,38,,,0,99,,1577547,38,,,0,103,,1577555,38,,,0,102,,1577542,38,,,0,28,,1577559,34,,,0,2,,1577545,38,,,0,70,,1577541,38,,,0,27,,1577544,38,,,0,69,,1577539,38,,,0,99,,1577556,38,,,0,99,,1577543,38,,,0,100,,1577557,38,,,0,100,,1577540,38,,,0,99,,1577551,38,,,0
8601,'20261016',641,,1577570,38,,,0,72,,1577560,38,,,0,29,,1577582,17,,,0,7,,1577561,38,,,0,65,,1577562,38,,,0,29,,1577573,38,,,0,69,,1577576,38,,,0,100,,1577574,38,,,0,100,,1577577,38,,,0,101,,1577572,38,,,0,100,,1577578,38,,,0,99,,1577571,38,,,0,103,,1577579,38,,,0,102,,1577566,38,,,0,28,,1577583,34,,,0,2,,1577569,38,,,0,70,,1577565,38,,,0,27,,1577568,38,,,0,69,,1577563,38,,,0,99,,1577580,38,,,0,99,,1577567,38,,,0,100,,1577581,38,,,0,100,,1577564,38,,,0,99,,1577575,38,,,0
