8001,'20261009',613,,1607717,32,,,0,29,,1607718,32,,,0,70,,1607719,32,,,0,29,,1607720,32,,,0,70,,1607721,32,,,0,31,,1607722,32,,,0,70,,1607723,32,,,0,31,,1607724,32,,,0,70,,1607725,32,,,0,30,,1607726,32,,,0,70,,1607727,32,,,0,30,,1607728,32,,,0,70,,1607729,32,,,0,30,,1607730,32,,,0,70,,1607731,32,,,0,30,,1607732,32,,,0,70,,1607733,32,,,0,30,,1607734,32,,,0,69,,1607735,32,,,0,30,,1607736,32,,,0,69,,1607737,32,,,0,29,,1607738,32,,,0,2,,1607749,15,,,0,69,,1607739,32,,,0,30,,1607740,32,,,0,71,,1607741,32,,,0,31,,1607742,32,,,0,70,,1607743,32,,,0,100,,1607744,32,,,0,100,,1607745,32,,,0,100,,1607746,32,,,0,100,,1607747,32,,,0,30,,1607748,32,,,0
8001,'20261010',614,,1635069,32,,,0,30,,1635070,32,,,0,70,,1635071,32,,,0,30,,1635072,32,,,0,70,,1635073,32,,,0,30,,1635074,32,,,0,70,,1635075,32,,,0,30,,1635076,32,,,0,70,,1635077,32,,,0,30,,1635078,32,,,0,70,,1635079,32,,,0,30,,1635080,32,,,0,69,,1635081,32,,,0,30,,1635082,32,,,0,70,,1635083,32,,,0,30,,1635084,32,,,0,70,,1635085,32,,,0,30,,1635086,32,,,0,70,,1635087,32,,,0,30,,1635088,32,,,0,70,,1635089,32,,,0,30,,1635090,32,,,0,70,,1635091,32,,,0,30,,1635092,32,,,0,70,,1635093,32,,,0,30,,1635094,32,,,0,70,,1635095,32,,,0,30,,1635096,32,,,0,100,,1635097,32,,,0,100,,1635098,32,,,0,101,,1635099,32,,,0,100,,1635100,32,,,0
8001,'20261011',614,,1635105,32,,,0,30,,1635106,32,,,0,70,,1635107,32,,,0,30,,1635108,32,,,0,70,,1635109,32,,,0,30,,1635110,32,,,0,70,,1635111,32,,,0,30,,1635112,32,,,0,70,,1635113,32,,,0,30,,1635114,32,,,0,70,,1635115,32,,,0,30,,1635116,32,,,0,69,,1635117,32,,,0,30,,1635118,32,,,0,70,,1635119,32,,,0,30,,1635120,32,,,0,70,,1635121,32,,,0,30,,1635122,32,,,0,70,,1635123,32,,,0,30,,1635124,32,,,0,70,,1635125,32,,,0,30,,1635126,32,,,0,70,,1635127,32,,,0,30,,1635128,32,,,0,70,,1635129,32,,,0,30,,1635130,32,,,0,70,,1635131,32,,,0,30,,1635132,32,,,0,100,,1635133,32,,,0,100,,1635134,32,,,0,101,,1635135,32,,,0,100,,1635136,32,,,0
8001,'20261012',614,,1635141,32,,,0,30,,1635142,32,,,0,70,,1635143,32,,,0,30,,1635144,32,,,0,70,,1635145,32,,,0,30,,1635146,32,,,0,70,,1635147,32,,,0,30,,1635148,32,,,0,70,,1635149,32,,,0,30,,1635150,32,,,0,70,,1635151,32,,,0,30,,1635152,32,,,0,69,,1635153,32,,,0,30,,1635154,32,,,0,70,,1635155,32,,,0,30,,1635156,32,,,0,70,,1635157,32,,,0,30,,1635158,32,,,0,70,,1635159,32,,,0,30,,1635160,32,,,0,70,,1635161,32,,,0,30,,1635162,32,,,0,70,,1635163,32,,,0,30,,1635164,32,,,0,70,,1635165,32,,,0,30,,1635166,32,,,0,70,,1635167,32,,,0,30,,1635168,32,,,0,100,,1635169,32,,,0,100,,1635170,32,,,0,101,,1635171,32,,,0,100,,1635172,32,,,0
8001,'20261013',613,,1576020,32,,,0,29,,1576021,32,,,0,70,,1576022,32,,,0,29,,1576023,32,,,0,70,,1576024,32,,,0,31,,1576025,32,,,0,70,,1576026,32,,,0,31,,1576027,32,,,0,70,,1576028,32,,,0,30,,1576029,32,,,0,70,,1576030,32,,,0,30,,1576031,32,,,0,70,,1576032,32,,,0,30,,1576033,32,,,0,70,,1576034,32,,,0,30,,1576035,32,,,0,70,,1576036,32,,,0,30,,1576037,32,,,0,69,,1576038,32,,,0,30,,1576039,32,,,0,69,,1576040,32,,,0,29,,1576041,32,,,0,2,,1576056,15,,,0,69,,1576042,32,,,0,30,,1576043,32,,,0,71,,1576044,32,,,0,31,,1576045,32,,,0,70,,1576051,32,,,0,100,,1576052,32,,,0,100,,1576053,32,,,0,100,,1576054,32,,,0,100,,1576055,32,,,0,30,,1576050,32,,,0
8001,'20261014',613,,1576057,32,,,0,29,,1576058,32,,,0,70,,1576059,32,,,0,29,,1576060,32,,,0,70,,1576061,32,,,0,31,,1576062,32,,,0,70,,1576063,32,,,0,31,,1576064,32,,,0,70,,1576065,32,,,0,30,,1576066,32,,,0,70,,1576067,32,,,0,30,,1576068,32,,,0,70,,1576069,32,,,0,30,,1576070,32,,,0,70,,1576071,32,,,0,30,,1576072,32,,,0,70,,1576073,32,,,0,30,,1576074,32,,,0,69,,1576075,32,,,0,30,,1576076,32,,,0,69,,1576077,32,,,0,29,,1576078,32,,,0,2,,1576093,15,,,0,69,,1576079,32,,,0,30,,1576080,32,,,0,71,,1576081,32,,,0,31,,1576082,32,,,0,70,,1576088,32,,,0,100,,1576089,32,,,0,100,,1576090,32,,,0,100,,1576091,32,,,0,100,,1576092,32,,,0,30,,1576087,32,,,0
8001,'20261015',613,,1576094,32,,,0,29,,1576095,32,,,0,70,,1576096,32,,,0,29,,1576097,32,,,0,70,,1576098,32,,,0,31,,1576099,32,,,0,70,,1576100,32,,,0,31,,1576101,32,,,0,70,,1576102,32,,,0,30,,1576103,32,,,0,70,,1576104,32,,,0,30,,1576105,32,,,0,70,,1576106,32,,,0,30,,1576107,32,,,0,70,,1576108,32,,,0,30,,1576109,32,,,0,70,,1576110,32,,,0,30,,1576111,32,,,0,69,,1576112,32,,,0,30,,1576113,32,,,0,69,,1576114,32,,,0,29,,1576115,32,,,0,2,,1576130,15,,,0,69,,1576116,32,,,0,30,,1576117,32,,,0,71,,1576118,32,,,0,31,,1576119,32,,,0,70,,1576125,32,,,0,100,,1576126,32,,,0,100,,1576127,32,,,0,100,,1576128,32,,,0,100,,1576129,32,,,0,30,,1576124,32,,,0
8001,'20261016',613,,1576131,32,,,0,29,,1576132,32,,,0,70,,1576133,32,,,0,29,,1576134,32,,,0,70,,1576135,32,,,0,31,,1576136,32,,,0,70,,1576137,32,,,0,31,,1576138,32,,,0,70,,1576139,32,,,0,30,,1576140,32,,,0,70,,1576141,32,,,0,30,,1576142,32,,,0,70,,1576143,32,,,0,30,,1576144,32,,,0,70,,1576145,32,,,0,30,,1576146,32,,,0,70,,1576147,32,,,0,30,,1576148,32,,,0,69,,1576149,32,,,0,30,,1576150,32,,,0,69,,1576151,32,,,0,29,,1576152,32,,,0,2,,1576167,15,,,0,69,,1576153,32,,,0,30,,1576154,32,,,0,71,,1576155,32,,,0,31,,1576156,32,,,0,70,,1576162,32,,,0,100,,1576163,32,,,0,100,,1576164,32,,,0,100,,1576165,32,,,0,100,,1576166,32,,,0,30,,1576161,32,,,0
8001,'20261017',614,,1607785,32,,,0,30,,1607754,32,,,0,70,,1607772,32,,,0,30,,1607755,32,,,0,70,,1607773,32,,,0,30,,1607756,32,,,0,70,,1607774,32,,,0,30,,1607757,32,,,0,70,,1607775,32,,,0,30,,1607758,32,,,0,70,,1607776,32,,,0,30,,1607759,32,,,0,69,,1607777,32,,,0,30,,1607760,32,,,0,70,,1607778,32,,,0,30,,1607761,32,,,0,70,,1607779,32,,,0,30,,1607762,32,,,0,70,,1607780,32,,,0,30,,1607763,32,,,0,70,,1607781,32,,,0,30,,1607764,32,,,0,70,,1607782,32,,,0,30,,1607765,32,,,0,70,,1607783,32,,,0,30,,1607766,32,,,0,70,,1607784,32,,,0,30,,1607767,32,,,0,100,,1607768,32,,,0,100,,1607769,32,,,0,101,,1607770,32,,,0,100,,1607771,32,,,0
8001,'20261018',614,,1607821,32,,,0,30,,1607790,32,,,0,70,,1607808,32,,,0,30,,1607791,32,,,0,70,,1607809,32,,,0,30,,1607792,32,,,0,70,,1607810,32,,,0,30,,1607793,32,,,0,70,,1607811,32,,,0,30,,1607794,32,,,0,70,,1607812,32,,,0,30,,1607795,32,,,0,69,,1607813,32,,,0,30,,1607796,32,,,0,70,,1607814,32,,,0,30,,1607797,32,,,0,70,,1607815,32,,,0,30,,1607798,32,,,0,70,,1607816,32,,,0,30,,1607799,32,,,0,70,,1607817,32,,,0,30,,1607800,32,,,0,70,,1607818,32,,,0,30,,1607801,32,,,0,70,,1607819,32,,,0,30,,1607802,32,,,0,70,,1607820,32,,,0,30,,1607803,32,,,0,100,,1607804,32,,,0,100,,1607805,32,,,0,101,,1607806,32,,,0,100,,1607807,32,,,0
8001,'20261019',613,,1607826,32,,,0,29,,1607827,32,,,0,70,,1607828,32,,,0,29,,1607829,32,,,0,70,,1607830,32,,,0,31,,1607831,32,,,0,70,,1607832,32,,,0,31,,1607833,32,,,0,70,,1607834,32,,,0,30,,1607835,32,,,0,70,,1607836,32,,,0,30,,1607837,32,,,0,70,,1607838,32,,,0,30,,1607839,32,,,0,70,,1607840,32,,,0,30,,1607841,32,,,0,70,,1607842,32,,,0,30,,1607843,32,,,0,69,,1607844,32,,,0,30,,1607845,32,,,0,69,,1607846,32,,,0,29,,1607847,32,,,0,2,,1607862,15,,,0,69,,1607848,32,,,0,30,,1607849,32,,,0,71,,1607850,32,,,0,31,,1607851,32,,,0,70,,1607857,32,,,0,100,,1607858,32,,,0,100,,1607859,32,,,0,100,,1607860,32,,,0,100,,1607861,32,,,0,30,,1607856,32,,,0
8001,'20261020',613,,1607863,32,,,0,29,,1607864,32,,,0,70,,1607865,32,,,0,29,,1607866,32,,,0,70,,1607867,32,,,0,31,,1607868,32,,,0,70,,1607869,32,,,0,31,,1607870,32,,,0,70,,1607871,32,,,0,30,,1607872,32,,,0,70,,1607873,32,,,0,30,,1607874,32,,,0,70,,1607875,32,,,0,30,,1607876,32,,,0,70,,1607877,32,,,0,30,,1607878,32,,,0,70,,1607879,32,,,0,30,,1607880,32,,,0,69,,1607881,32,,,0,30,,1607882,32,,,0,69,,1607883,32,,,0,29,,1607884,32,,,0,2,,1607899,15,,,0,69,,1607885,32,,,0,30,,1607886,32,,,0,71,,1607887,32,,,0,31,,1607888,32,,,0,70,,1607894,32,,,0,100,,1607895,32,,,0,100,,1607896,32,,,0,100,,1607897,32,,,0,100,,1607898,32,,,0,30,,1607893,32,,,0
8001,'20261021',613,,1635177,32,,,0,29,,1635178,32,,,0,70,,1635179,32,,,0,29,,1635180,32,,,0,70,,1635181,32,,,0,31,,1635182,32,,,0,70,,1635183,32,,,0,31,,1635184,32,,,0,70,,1635185,32,,,0,30,,1635186,32,,,0,70,,1635187,32,,,0,30,,1635188,32,,,0,70,,1635189,32,,,0,30,,1635190,32,,,0,70,,1635191,32,,,0,30,,1635192,32,,,0,70,,1635193,32,,,0,30,,1635194,32,,,0,69,,1635195,32,,,0,30,,1635196,32,,,0,69,,1635197,32,,,0,29,,1635198,32,,,0,2,,1635213,15,,,0,69,,1635199,32,,,0,30,,1635200,32,,,0,71,,1635201,32,,,0,31,,1635202,32,,,0,70,,1635208,32,,,0,100,,1635209,32,,,0,100,,1635210,32,,,0,100,,1635211,32,,,0,100,,1635212,32,,,0,30,,1635207,32,,,0
8001,'20261022',613,,1635214,32,,,0,29,,1635215,32,,,0,70,,1635216,32,,,0,29,,1635217,32,,,0,70,,1635218,32,,,0,31,,1635219,32,,,0,70,,1635220,32,,,0,31,,1635221,32,,,0,70,,1635222,32,,,0,30,,1635223,32,,,0,70,,1635224,32,,,0,30,,1635225,32,,,0,70,,1635226,32,,,0,30,,1635227,32,,,0,70,,1635228,32,,,0,30,,1635229,32,,,0,70,,1635230,32,,,0,30,,1635231,32,,,0,69,,1635232,32,,,0,30,,1635233,32,,,0,69,,1635234,32,,,0,29,,1635235,32,,,0,2,,1635250,15,,,0,69,,1635236,32,,,0,30,,1635237,32,,,0,71,,1635238,32,,,0,31,,1635239,32,,,0,70,,1635245,32,,,0,100,,1635246,32,,,0,100,,1635247,32,,,0,100,,1635248,32,,,0,100,,1635249,32,,,0,30,,1635244,32,,,0
8001,'20261023',613,,1635251,32,,,0,29,,1635252,32,,,0,70,,1635253,32,,,0,29,,1635254,32,,,0,70,,1635255,32,,,0,31,,1635256,32,,,0,70,,1635257,32,,,0,31,,1635258,32,,,0,70,,1635259,32,,,0,30,,1635260,32,,,0,70,,1635261,32,,,0,30,,1635262,32,,,0,70,,1635263,32,,,0,30,,1635264,32,,,0,70,,1635265,32,,,0,30,,1635266,32,,,0,70,,1635267,32,,,0,30,,1635268,32,,,0,69,,1635269,32,,,0,30,,1635270,32,,,0,69,,1635271,32,,,0,29,,1635272,32,,,0,2,,1635287,15,,,0,69,,1635273,32,,,0,30,,1635274,32,,,0,71,,1635275,32,,,0,31,,1635276,32,,,0,70,,1635282,32,,,0,100,,1635283,32,,,0,100,,1635284,32,,,0,100,,1635285,32,,,0,100,,1635286,32,,,0,30,,1635281,32,,,0
28001,'20261009',631,,1612518,34,,,0,74,,1612519,34,,,0,21,,1612520,34,,,0,19,,1612521,34,,,0,56,,1612522,34,,,0,8,,1612523,34,,,0
28001,'20261013',631,,1580765,34,,,0,74,,1580766,34,,,0,21,,1580767,34,,,0,19,,1580770,34,,,0,56,,1580768,34,,,0,8,,1580769,34,,,0
28001,'20261014',631,,1580771,34,,,0,74,,1580772,34,,,0,21,,1580773,34,,,0,19,,1580776,34,,,0,56,,1580774,34,,,0,8,,1580775,34,,,0
28001,'20261015',631,,1580777,34,,,0,74,,1580778,34,,,0,21,,1580779,34,,,0,19,,1580782,34,,,0,56,,1580780,34,,,0,8,,1580781,34,,,0
28001,'20261016',631,,1580783,34,,,0,74,,1580784,34,,,0,21,,1580785,34,,,0,19,,1580788,34,,,0,56,,1580786,34,,,0,8,,1580787,34,,,0
28001,'20261019',631,,1612524,34,,,0,74,,1612525,34,,,0,21,,1612526,34,,,0,19,,1612529,34,,,0,56,,1612527,34,,,0,8,,1612528,34,,,0
28001,'20261020',631,,1612530,34,,,0,74,,1612531,34,,,0,21,,1612532,34,,,0,19,,1612535,34,,,0,56,,1612533,34,,,0,8,,1612534,34,,,0
28001,'20261021',631,,1638234,34,,,0,74,,1638235,34,,,0,21,,1638236,34,,,0,19,,1638239,34,,,0,56,,1638237,34,,,0,8,,1638238,34,,,0
28001,'20261022',631,,1638240,34,,,0,74,,1638241,34,,,0,21,,1638242,34,,,0,19,,1638245,34,,,0,56,,1638243,34,,,0,8,,1638244,34,,,0
28001,'20261023',631,,1638246,34,,,0,74,,1638247,34,,,0,21,,1638248,34,,,0,19,,1638251,34,,,0,56,,1638249,34,,,0,8,,1638250,34,,,0
38001,'20261009',659,,1613678,34,,,0,56,,1613679,34,,,0,24,,1613680,34,,,0,373,,1613681,34,,,0
38001,'20261013',659,,1581913,34,,,0,56,,1581915,34,,,0,24,,1581914,34,,,0,373,,1581916,34,,,0
38001,'20261014',659,,1581917,34,,,0,56,,1581919,34,,,0,24,,1581918,34,,,0,373,,1581920,34,,,0
38001,'20261015',659,,1581921,34,,,0,56,,1581923,34,,,0,24,,1581922,34,,,0,373,,1581924,34,,,0
38001,'20261016',659,,1581925,34,,,0,56,,1581927,34,,,0,24,,1581926,34,,,0,373,,1581928,34,,,0
38001,'20261019',659,,1613682,34,,,0,56,,1613684,34,,,0,24,,1613683,34,,,0,373,,1613685,34,,,0
38001,'20261020',659,,1613686,34,,,0,56,,1613688,34,,,0,24,,1613687,34,,,0,373,,1613689,34,,,0
38001,'20261021',659,,1638807,34,,,0,56,,1638809,34,,,0,24,,1638808,34,,,0,373,,1638810,34,,,0
38001,'20261022',659,,1638811,34,,,0,56,,1638813,34,,,0,24,,1638812,34,,,0,373,,1638814,34,,,0
38001,'20261023',659,,1638815,34,,,0,56,,1638817,34,,,0,24,,1638816,34,,,0,373,,1638818,34,,,0
58001,'20261009',709,,1614415,34,,,0,26,,1614416,34,,,0,75,,1614417,34,,,0
58001,'20261013',709,,1582655,34,,,0,26,,1582654,34,,,0,75,,1582656,34,,,0
58001,'20261014',709,,1582658,34,,,0,26,,1582657,34,,,0,75,,1582659,34,,,0
58001,'20261015',709,,1582661,34,,,0,26,,1582660,34,,,0,75,,1582662,34,,,0
58001,'20261016',709,,1582664,34,,,0,26,,1582663,34,,,0,75,,1582665,34,,,0
58001,'20261019',709,,1614419,34,,,0,26,,1614418,34,,,0,75,,1614420,34,,,0
58001,'20261020',709,,1614422,34,,,0,26,,1614421,34,,,0,75,,1614423,34,,,0
58001,'20261021',709,,1639182,34,,,0,26,,1639181,34,,,0,75,,1639183,34,,,0
58001,'20261022',709,,1639185,34,,,0,26,,1639184,34,,,0,75,,1639186,34,,,0
58001,'20261023',709,,1639188,34,,,0,26,,1639187,34,,,0,75,,1639189,34,,,0
