8001,'20261006',611,,1607603,28,,,0,29,,1607604,28,,,0,70,,1607605,28,,,0,29,,1607606,28,,,0,70,,1607607,28,,,0,31,,1607608,28,,,0,70,,1607609,28,,,0,31,,1607610,28,,,0,70,,1607611,28,,,0,30,,1607612,28,,,0,70,,1607613,28,,,0,30,,1607614,28,,,0,70,,1607615,28,,,0,30,,1607616,28,,,0,70,,1607617,28,,,0,30,,1607618,28,,,0,70,,1607619,28,,,0,30,,1607620,28,,,0,69,,1607621,28,,,0,30,,1607622,28,,,0,69,,1607623,28,,,0,29,,1607624,28,,,0,2,,1607635,11,,,0,69,,1607625,28,,,0,30,,1607626,28,,,0,71,,1607627,28,,,0,31,,1607628,28,,,0,70,,1607629,28,,,0,100,,1607630,28,,,0,100,,1607631,28,,,0,100,,1607632,28,,,0,100,,1607633,28,,,0,30,,1607634,28,,,0
8001,'20261007',611,,1607641,28,,,0,29,,1607642,28,,,0,70,,1607643,28,,,0,29,,1607644,28,,,0,70,,1607645,28,,,0,31,,1607646,28,,,0,70,,1607647,28,,,0,31,,1607648,28,,,0,70,,1607649,28,,,0,30,,1607650,28,,,0,70,,1607651,28,,,0,30,,1607652,28,,,0,70,,1607653,28,,,0,30,,1607654,28,,,0,70,,1607655,28,,,0,30,,1607656,28,,,0,70,,1607657,28,,,0,30,,1607658,28,,,0,69,,1607659,28,,,0,30,,1607660,28,,,0,69,,1607661,28,,,0,29,,1607662,28,,,0,2,,1607673,11,,,0,69,,1607663,28,,,0,30,,1607664,28,,,0,71,,1607665,28,,,0,31,,1607666,28,,,0,70,,1607667,28,,,0,100,,1607668,28,,,0,100,,1607669,28,,,0,100,,1607670,28,,,0,100,,1607671,28,,,0,30,,1607672,28,,,0
8001,'20261008',611,,1607679,28,,,0,29,,1607680,28,,,0,70,,1607681,28,,,0,29,,1607682,28,,,0,70,,1607683,28,,,0,31,,1607684,28,,,0,70,,1607685,28,,,0,31,,1607686,28,,,0,70,,1607687,28,,,0,30,,1607688,28,,,0,70,,1607689,28,,,0,30,,1607690,28,,,0,70,,1607691,28,,,0,30,,1607692,28,,,0,70,,1607693,28,,,0,30,,1607694,28,,,0,70,,1607695,28,,,0,30,,1607696,28,,,0,69,,1607697,28,,,0,30,,1607698,28,,,0,69,,1607699,28,,,0,29,,1607700,28,,,0,2,,1607711,11,,,0,69,,1607701,28,,,0,30,,1607702,28,,,0,71,,1607703,28,,,0,31,,1607704,28,,,0,70,,1607705,28,,,0,100,,1607706,28,,,0,100,,1607707,28,,,0,100,,1607708,28,,,0,100,,1607709,28,,,0,30,,1607710,28,,,0
8001,'20261009',611,,1607717,28,,,0,29,,1607718,28,,,0,70,,1607719,28,,,0,29,,1607720,28,,,0,70,,1607721,28,,,0,31,,1607722,28,,,0,70,,1607723,28,,,0,31,,1607724,28,,,0,70,,1607725,28,,,0,30,,1607726,28,,,0,70,,1607727,28,,,0,30,,1607728,28,,,0,70,,1607729,28,,,0,30,,1607730,28,,,0,70,,1607731,28,,,0,30,,1607732,28,,,0,70,,1607733,28,,,0,30,,1607734,28,,,0,69,,1607735,28,,,0,30,,1607736,28,,,0,69,,1607737,28,,,0,29,,1607738,28,,,0,2,,1607749,11,,,0,69,,1607739,28,,,0,30,,1607740,28,,,0,71,,1607741,28,,,0,31,,1607742,28,,,0,70,,1607743,28,,,0,100,,1607744,28,,,0,100,,1607745,28,,,0,100,,1607746,28,,,0,100,,1607747,28,,,0,30,,1607748,28,,,0
8001,'20261010',612,,1550125,28,,,0,30,,1550094,28,,,0,70,,1550112,28,,,0,30,,1550095,28,,,0,70,,1550113,28,,,0,30,,1550096,28,,,0,70,,1550114,28,,,0,30,,1550097,28,,,0,70,,1550115,28,,,0,30,,1550098,28,,,0,70,,1550116,28,,,0,30,,1550099,28,,,0,69,,1550117,28,,,0,30,,1550100,28,,,0,70,,1550118,28,,,0,30,,1550101,28,,,0,70,,1550119,28,,,0,30,,1550102,28,,,0,70,,1550120,28,,,0,30,,1550103,28,,,0,70,,1550121,28,,,0,30,,1550104,28,,,0,70,,1550122,28,,,0,30,,1550105,28,,,0,70,,1550123,28,,,0,30,,1550106,28,,,0,70,,1550124,28,,,0,30,,1550107,28,,,0,100,,1550108,28,,,0,100,,1550109,28,,,0,101,,1550110,28,,,0,100,,1550111,28,,,0
8001,'20261011',612,,1550161,28,,,0,30,,1550130,28,,,0,70,,1550148,28,,,0,30,,1550131,28,,,0,70,,1550149,28,,,0,30,,1550132,28,,,0,70,,1550150,28,,,0,30,,1550133,28,,,0,70,,1550151,28,,,0,30,,1550134,28,,,0,70,,1550152,28,,,0,30,,1550135,28,,,0,69,,1550153,28,,,0,30,,1550136,28,,,0,70,,1550154,28,,,0,30,,1550137,28,,,0,70,,1550155,28,,,0,30,,1550138,28,,,0,70,,1550156,28,,,0,30,,1550139,28,,,0,70,,1550157,28,,,0,30,,1550140,28,,,0,70,,1550158,28,,,0,30,,1550141,28,,,0,70,,1550159,28,,,0,30,,1550142,28,,,0,70,,1550160,28,,,0,30,,1550143,28,,,0,100,,1550144,28,,,0,100,,1550145,28,,,0,101,,1550146,28,,,0,100,,1550147,28,,,0
8001,'20261012',612,,1550197,28,,,0,30,,1550166,28,,,0,70,,1550184,28,,,0,30,,1550167,28,,,0,70,,1550185,28,,,0,30,,1550168,28,,,0,70,,1550186,28,,,0,30,,1550169,28,,,0,70,,1550187,28,,,0,30,,1550170,28,,,0,70,,1550188,28,,,0,30,,1550171,28,,,0,69,,1550189,28,,,0,30,,1550172,28,,,0,70,,1550190,28,,,0,30,,1550173,28,,,0,70,,1550191,28,,,0,30,,1550174,28,,,0,70,,1550192,28,,,0,30,,1550175,28,,,0,70,,1550193,28,,,0,30,,1550176,28,,,0,70,,1550194,28,,,0,30,,1550177,28,,,0,70,,1550195,28,,,0,30,,1550178,28,,,0,70,,1550196,28,,,0,30,,1550179,28,,,0,100,,1550180,28,,,0,100,,1550181,28,,,0,101,,1550182,28,,,0,100,,1550183,28,,,0
8001,'20261013',611,,1576020,28,,,0,29,,1576021,28,,,0,70,,1576022,28,,,0,29,,1576023,28,,,0,70,,1576024,28,,,0,31,,1576025,28,,,0,70,,1576026,28,,,0,31,,1576027,28,,,0,70,,1576028,28,,,0,30,,1576029,28,,,0,70,,1576030,28,,,0,30,,1576031,28,,,0,70,,1576032,28,,,0,30,,1576033,28,,,0,70,,1576034,28,,,0,30,,1576035,28,,,0,70,,1576036,28,,,0,30,,1576037,28,,,0,69,,1576038,28,,,0,30,,1576039,28,,,0,69,,1576040,28,,,0,29,,1576041,28,,,0,2,,1576056,11,,,0,69,,1576042,28,,,0,30,,1576043,28,,,0,71,,1576044,28,,,0,31,,1576045,28,,,0,70,,1576051,28,,,0,100,,1576052,28,,,0,100,,1576053,28,,,0,100,,1576054,28,,,0,100,,1576055,28,,,0,30,,1576050,28,,,0
8001,'20261014',611,,1576057,28,,,0,29,,1576058,28,,,0,70,,1576059,28,,,0,29,,1576060,28,,,0,70,,1576061,28,,,0,31,,1576062,28,,,0,70,,1576063,28,,,0,31,,1576064,28,,,0,70,,1576065,28,,,0,30,,1576066,28,,,0,70,,1576067,28,,,0,30,,1576068,28,,,0,70,,1576069,28,,,0,30,,1576070,28,,,0,70,,1576071,28,,,0,30,,1576072,28,,,0,70,,1576073,28,,,0,30,,1576074,28,,,0,69,,1576075,28,,,0,30,,1576076,28,,,0,69,,1576077,28,,,0,29,,1576078,28,,,0,2,,1576093,11,,,0,69,,1576079,28,,,0,30,,1576080,28,,,0,71,,1576081,28,,,0,31,,1576082,28,,,0,70,,1576088,28,,,0,100,,1576089,28,,,0,100,,1576090,28,,,0,100,,1576091,28,,,0,100,,1576092,28,,,0,30,,1576087,28,,,0
8001,'20261015',611,,1576094,28,,,0,29,,1576095,28,,,0,70,,1576096,28,,,0,29,,1576097,28,,,0,70,,1576098,28,,,0,31,,1576099,28,,,0,70,,1576100,28,,,0,31,,1576101,28,,,0,70,,1576102,28,,,0,30,,1576103,28,,,0,70,,1576104,28,,,0,30,,1576105,28,,,0,70,,1576106,28,,,0,30,,1576107,28,,,0,70,,1576108,28,,,0,30,,1576109,28,,,0,70,,1576110,28,,,0,30,,1576111,28,,,0,69,,1576112,28,,,0,30,,1576113,28,,,0,69,,1576114,28,,,0,29,,1576115,28,,,0,2,,1576130,11,,,0,69,,1576116,28,,,0,30,,1576117,28,,,0,71,,1576118,28,,,0,31,,1576119,28,,,0,70,,1576125,28,,,0,100,,1576126,28,,,0,100,,1576127,28,,,0,100,,1576128,28,,,0,100,,1576129,28,,,0,30,,1576124,28,,,0
8001,'20261016',611,,1576131,28,,,0,29,,1576132,28,,,0,70,,1576133,28,,,0,29,,1576134,28,,,0,70,,1576135,28,,,0,31,,1576136,28,,,0,70,,1576137,28,,,0,31,,1576138,28,,,0,70,,1576139,28,,,0,30,,1576140,28,,,0,70,,1576141,28,,,0,30,,1576142,28,,,0,70,,1576143,28,,,0,30,,1576144,28,,,0,70,,1576145,28,,,0,30,,1576146,28,,,0,70,,1576147,28,,,0,30,,1576148,28,,,0,69,,1576149,28,,,0,30,,1576150,28,,,0,69,,1576151,28,,,0,29,,1576152,28,,,0,2,,1576167,11,,,0,69,,1576153,28,,,0,30,,1576154,28,,,0,71,,1576155,28,,,0,31,,1576156,28,,,0,70,,1576162,28,,,0,100,,1576163,28,,,0,100,,1576164,28,,,0,100,,1576165,28,,,0,100,,1576166,28,,,0,30,,1576161,28,,,0
8001,'20261017',612,,1607785,28,,,0,30,,1607754,28,,,0,70,,1607772,28,,,0,30,,1607755,28,,,0,70,,1607773,28,,,0,30,,1607756,28,,,0,70,,1607774,28,,,0,30,,1607757,28,,,0,70,,1607775,28,,,0,30,,1607758,28,,,0,70,,1607776,28,,,0,30,,1607759,28,,,0,69,,1607777,28,,,0,30,,1607760,28,,,0,70,,1607778,28,,,0,30,,1607761,28,,,0,70,,1607779,28,,,0,30,,1607762,28,,,0,70,,1607780,28,,,0,30,,1607763,28,,,0,70,,1607781,28,,,0,30,,1607764,28,,,0,70,,1607782,28,,,0,30,,1607765,28,,,0,70,,1607783,28,,,0,30,,1607766,28,,,0,70,,1607784,28,,,0,30,,1607767,28,,,0,100,,1607768,28,,,0,100,,1607769,28,,,0,101,,1607770,28,,,0,100,,1607771,28,,,0
8001,'20261018',612,,1607821,28,,,0,30,,1607790,28,,,0,70,,1607808,28,,,0,30,,1607791,28,,,0,70,,1607809,28,,,0,30,,1607792,28,,,0,70,,1607810,28,,,0,30,,1607793,28,,,0,70,,1607811,28,,,0,30,,1607794,28,,,0,70,,1607812,28,,,0,30,,1607795,28,,,0,69,,1607813,28,,,0,30,,1607796,28,,,0,70,,1607814,28,,,0,30,,1607797,28,,,0,70,,1607815,28,,,0,30,,1607798,28,,,0,70,,1607816,28,,,0,30,,1607799,28,,,0,70,,1607817,28,,,0,30,,1607800,28,,,0,70,,1607818,28,,,0,30,,1607801,28,,,0,70,,1607819,28,,,0,30,,1607802,28,,,0,70,,1607820,28,,,0,30,,1607803,28,,,0,100,,1607804,28,,,0,100,,1607805,28,,,0,101,,1607806,28,,,0,100,,1607807,28,,,0
8001,'20261019',611,,1607826,28,,,0,29,,1607827,28,,,0,70,,1607828,28,,,0,29,,1607829,28,,,0,70,,1607830,28,,,0,31,,1607831,28,,,0,70,,1607832,28,,,0,31,,1607833,28,,,0,70,,1607834,28,,,0,30,,1607835,28,,,0,70,,1607836,28,,,0,30,,1607837,28,,,0,70,,1607838,28,,,0,30,,1607839,28,,,0,70,,1607840,28,,,0,30,,1607841,28,,,0,70,,1607842,28,,,0,30,,1607843,28,,,0,69,,1607844,28,,,0,30,,1607845,28,,,0,69,,1607846,28,,,0,29,,1607847,28,,,0,2,,1607862,11,,,0,69,,1607848,28,,,0,30,,1607849,28,,,0,71,,1607850,28,,,0,31,,1607851,28,,,0,70,,1607857,28,,,0,100,,1607858,28,,,0,100,,1607859,28,,,0,100,,1607860,28,,,0,100,,1607861,28,,,0,30,,1607856,28,,,0
8001,'20261020',611,,1607863,28,,,0,29,,1607864,28,,,0,70,,1607865,28,,,0,29,,1607866,28,,,0,70,,1607867,28,,,0,31,,1607868,28,,,0,70,,1607869,28,,,0,31,,1607870,28,,,0,70,,1607871,28,,,0,30,,1607872,28,,,0,70,,1607873,28,,,0,30,,1607874,28,,,0,70,,1607875,28,,,0,30,,1607876,28,,,0,70,,1607877,28,,,0,30,,1607878,28,,,0,70,,1607879,28,,,0,30,,1607880,28,,,0,69,,1607881,28,,,0,30,,1607882,28,,,0,69,,1607883,28,,,0,29,,1607884,28,,,0,2,,1607899,11,,,0,69,,1607885,28,,,0,30,,1607886,28,,,0,71,,1607887,28,,,0,31,,1607888,28,,,0,70,,1607894,28,,,0,100,,1607895,28,,,0,100,,1607896,28,,,0,100,,1607897,28,,,0,100,,1607898,28,,,0,30,,1607893,28,,,0
28001,'20261006',628,,1612500,30,,,0,74,,1612501,30,,,0,21,,1612502,30,,,0,19,,1612503,30,,,0,16,,1612504,30,,,0,48,,1612505,30,,,0
28001,'20261007',628,,1612506,30,,,0,74,,1612507,30,,,0,21,,1612508,30,,,0,19,,1612509,30,,,0,16,,1612510,30,,,0,48,,1612511,30,,,0
28001,'20261008',628,,1612512,30,,,0,74,,1612513,30,,,0,21,,1612514,30,,,0,19,,1612515,30,,,0,16,,1612516,30,,,0,48,,1612517,30,,,0
28001,'20261009',628,,1612518,30,,,0,74,,1612519,30,,,0,21,,1612520,30,,,0,19,,1612521,30,,,0,16,,1612522,30,,,0,48,,1612523,30,,,0
28001,'20261013',628,,1580765,30,,,0,74,,1580766,30,,,0,21,,1580767,30,,,0,19,,1580770,30,,,0,16,,1580768,30,,,0,48,,1580769,30,,,0
28001,'20261014',628,,1580771,30,,,0,74,,1580772,30,,,0,21,,1580773,30,,,0,19,,1580776,30,,,0,16,,1580774,30,,,0,48,,1580775,30,,,0
28001,'20261015',628,,1580777,30,,,0,74,,1580778,30,,,0,21,,1580779,30,,,0,19,,1580782,30,,,0,16,,1580780,30,,,0,48,,1580781,30,,,0
28001,'20261016',628,,1580783,30,,,0,74,,1580784,30,,,0,21,,1580785,30,,,0,19,,1580788,30,,,0,16,,1580786,30,,,0,48,,1580787,30,,,0
28001,'20261019',628,,1612524,30,,,0,74,,1612525,30,,,0,21,,1612526,30,,,0,19,,1612529,30,,,0,16,,1612527,30,,,0,48,,1612528,30,,,0
28001,'20261020',628,,1612530,30,,,0,74,,1612531,30,,,0,21,,1612532,30,,,0,19,,1612535,30,,,0,16,,1612533,30,,,0,48,,1612534,30,,,0
38001,'20261006',657,,1613666,30,,,0,56,,1613667,30,,,0,24,,1613668,30,,,0,373,,1613669,30,,,0
38001,'20261007',657,,1613670,30,,,0,56,,1613671,30,,,0,24,,1613672,30,,,0,373,,1613673,30,,,0
38001,'20261008',657,,1613674,30,,,0,56,,1613675,30,,,0,24,,1613676,30,,,0,373,,1613677,30,,,0
38001,'20261009',657,,1613678,30,,,0,56,,1613679,30,,,0,24,,1613680,30,,,0,373,,1613681,30,,,0
38001,'20261013',657,,1581913,30,,,0,56,,1581915,30,,,0,24,,1581914,30,,,0,373,,1581916,30,,,0
38001,'20261014',657,,1581917,30,,,0,56,,1581919,30,,,0,24,,1581918,30,,,0,373,,1581920,30,,,0
38001,'20261015',657,,1581921,30,,,0,56,,1581923,30,,,0,24,,1581922,30,,,0,373,,1581924,30,,,0
38001,'20261016',657,,1581925,30,,,0,56,,1581927,30,,,0,24,,1581926,30,,,0,373,,1581928,30,,,0
38001,'20261019',657,,1613682,30,,,0,56,,1613684,30,,,0,24,,1613683,30,,,0,373,,1613685,30,,,0
38001,'20261020',657,,1613686,30,,,0,56,,1613688,30,,,0,24,,1613687,30,,,0,373,,1613689,30,,,0
58001,'20261006',707,,1614406,30,,,0,26,,1614407,30,,,0,75,,1614408,30,,,0
58001,'20261007',707,,1614409,30,,,0,26,,1614410,30,,,0,75,,1614411,30,,,0
58001,'20261008',707,,1614412,30,,,0,26,,1614413,30,,,0,75,,1614414,30,,,0
58001,'20261009',707,,1614415,30,,,0,26,,1614416,30,,,0,75,,1614417,30,,,0
58001,'20261013',707,,1582655,30,,,0,26,,1582654,30,,,0,75,,1582656,30,,,0
58001,'20261014',707,,1582658,30,,,0,26,,1582657,30,,,0,75,,1582659,30,,,0
58001,'20261015',707,,1582661,30,,,0,26,,1582660,30,,,0,75,,1582662,30,,,0
58001,'20261016',707,,1582664,30,,,0,26,,1582663,30,,,0,75,,1582665,30,,,0
58001,'20261019',707,,1614419,30,,,0,26,,1614418,30,,,0,75,,1614420,30,,,0
58001,'20261020',707,,1614422,30,,,0,26,,1614421,30,,,0,75,,1614423,30,,,0
