5500,'20260929',716,,1546455,37,,,0,107,,1546456,37,,,0,93,,1546457,37,,,0,100,,1546458,37,,,0,99,,1546459,37,,,0,33,,1546460,37,,,0,70,,1546461,37,,,0,34,,1546462,37,,,0,100,,1546463,37,,,0,92,,1546464,37,,,0,69,,1546465,37,,,0,36,,1546466,37,,,0,78,,1546467,37,,,0,28,,1546468,37,,,0,72,,1546469,37,,,0,30,,1546470,37,,,0,71,,1546471,37,,,0,83,,1546472,37,,,0,90,,1546473,37,,,0,100,,1546474,37,,,0,102,,1546475,37,,,0,101,,1546476,37,,,0,100,,1546477,37,,,0,98,,1546478,37,,,0
5500,'20260930',716,,1546479,37,,,0,107,,1546480,37,,,0,93,,1546481,37,,,0,100,,1546482,37,,,0,99,,1546483,37,,,0,33,,1546484,37,,,0,70,,1546485,37,,,0,34,,1546486,37,,,0,100,,1546487,37,,,0,92,,1546488,37,,,0,69,,1546489,37,,,0,36,,1546490,37,,,0,78,,1546491,37,,,0,28,,1546492,37,,,0,72,,1546493,37,,,0,30,,1546494,37,,,0,71,,1546495,37,,,0,83,,1546496,37,,,0,90,,1546497,37,,,0,100,,1546498,37,,,0,102,,1546499,37,,,0,101,,1546500,37,,,0,100,,1546501,37,,,0,98,,1546502,37,,,0
5500,'20261001',716,,1546503,37,,,0,107,,1546504,37,,,0,93,,1546505,37,,,0,100,,1546506,37,,,0,99,,1546507,37,,,0,33,,1546508,37,,,0,70,,1546509,37,,,0,34,,1546510,37,,,0,100,,1546511,37,,,0,92,,1546512,37,,,0,69,,1546513,37,,,0,36,,1546514,37,,,0,78,,1546515,37,,,0,28,,1546516,37,,,0,72,,1546517,37,,,0,30,,1546518,37,,,0,71,,1546519,37,,,0,83,,1546520,37,,,0,90,,1546521,37,,,0,100,,1546522,37,,,0,102,,1546523,37,,,0,101,,1546524,37,,,0,100,,1546525,37,,,0,98,,1546526,37,,,0
5500,'20261002',716,,1469216,37,,,0,107,,1469217,37,,,0,93,,1469218,37,,,0,100,,1469219,37,,,0,99,,1469220,37,,,0,33,,1469238,37,,,0,70,,1469221,37,,,0,34,,1469222,37,,,0,100,,1469223,37,,,0,92,,1469224,37,,,0,69,,1469237,37,,,0,36,,1469225,37,,,0,78,,1469226,37,,,0,28,,1469227,37,,,0,72,,1469228,37,,,0,30,,1469229,37,,,0,71,,1469230,37,,,0,83,,1469231,37,,,0,90,,1469232,37,,,0,100,,1469233,37,,,0,102,,1469234,37,,,0,101,,1469235,37,,,0,100,,1469236,37,,,0,98,,1469239,37,,,0
5500,'20261003',753,,1492219,37,,,0,99,,1492220,37,,,0,101,,1492221,37,,,0,94,,1492222,37,,,0,103,,1492223,37,,,0,98,,1492224,37,,,0,104,,1492225,37,,,0,98,,1492226,37,,,0,99,,1492227,37,,,0,105,,1492228,37,,,0,105,,1492229,37,,,0,93,,1492230,37,,,0,100,,1492231,37,,,0,103,,1492232,37,,,0,102,,1492233,37,,,0,102,,1492234,37,,,0,142,,1492235,37,,,0,100,,1492236,37,,,0
5500,'20261004',753,,1492246,37,,,0,99,,1492251,37,,,0,101,,1492244,37,,,0,94,,1492245,37,,,0,103,,1492240,37,,,0,98,,1492252,37,,,0,104,,1492237,37,,,0,98,,1492242,37,,,0,99,,1492241,37,,,0,105,,1492247,37,,,0,105,,1492249,37,,,0,93,,1492248,37,,,0,100,,1492243,37,,,0,103,,1492239,37,,,0,102,,1492250,37,,,0,102,,1492253,37,,,0,142,,1492238,37,,,0,100,,1492254,37,,,0
5500,'20261005',716,,1492255,37,,,0,107,,1492256,37,,,0,93,,1492257,37,,,0,100,,1492258,37,,,0,99,,1492259,37,,,0,33,,1492277,37,,,0,70,,1492260,37,,,0,34,,1492261,37,,,0,100,,1492262,37,,,0,92,,1492263,37,,,0,69,,1492276,37,,,0,36,,1492264,37,,,0,78,,1492265,37,,,0,28,,1492266,37,,,0,72,,1492267,37,,,0,30,,1492268,37,,,0,71,,1492269,37,,,0,83,,1492270,37,,,0,90,,1492271,37,,,0,100,,1492272,37,,,0,102,,1492273,37,,,0,101,,1492274,37,,,0,100,,1492275,37,,,0,98,,1492278,37,,,0
5500,'20261006',716,,1517686,37,,,0,107,,1517687,37,,,0,93,,1517688,37,,,0,100,,1517689,37,,,0,99,,1517690,37,,,0,33,,1517708,37,,,0,70,,1517691,37,,,0,34,,1517692,37,,,0,100,,1517693,37,,,0,92,,1517694,37,,,0,69,,1517707,37,,,0,36,,1517695,37,,,0,78,,1517696,37,,,0,28,,1517697,37,,,0,72,,1517698,37,,,0,30,,1517699,37,,,0,71,,1517700,37,,,0,83,,1517701,37,,,0,90,,1517702,37,,,0,100,,1517703,37,,,0,102,,1517704,37,,,0,101,,1517705,37,,,0,100,,1517706,37,,,0,98,,1517709,37,,,0
5500,'20261007',716,,1517710,37,,,0,107,,1517711,37,,,0,93,,1517712,37,,,0,100,,1517713,37,,,0,99,,1517714,37,,,0,33,,1517732,37,,,0,70,,1517715,37,,,0,34,,1517716,37,,,0,100,,1517717,37,,,0,92,,1517718,37,,,0,69,,1517731,37,,,0,36,,1517719,37,,,0,78,,1517720,37,,,0,28,,1517721,37,,,0,72,,1517722,37,,,0,30,,1517723,37,,,0,71,,1517724,37,,,0,83,,1517725,37,,,0,90,,1517726,37,,,0,100,,1517727,37,,,0,102,,1517728,37,,,0,101,,1517729,37,,,0,100,,1517730,37,,,0,98,,1517733,37,,,0
5500,'20261008',716,,1517734,37,,,0,107,,1517735,37,,,0,93,,1517736,37,,,0,100,,1517737,37,,,0,99,,1517738,37,,,0,33,,1517756,37,,,0,70,,1517739,37,,,0,34,,1517740,37,,,0,100,,1517741,37,,,0,92,,1517742,37,,,0,69,,1517755,37,,,0,36,,1517743,37,,,0,78,,1517744,37,,,0,28,,1517745,37,,,0,72,,1517746,37,,,0,30,,1517747,37,,,0,71,,1517748,37,,,0,83,,1517749,37,,,0,90,,1517750,37,,,0,100,,1517751,37,,,0,102,,1517752,37,,,0,101,,1517753,37,,,0,100,,1517754,37,,,0,98,,1517757,37,,,0
5500,'20261009',716,,1517758,37,,,0,107,,1517759,37,,,0,93,,1517760,37,,,0,100,,1517761,37,,,0,99,,1517762,37,,,0,33,,1517780,37,,,0,70,,1517763,37,,,0,34,,1517764,37,,,0,100,,1517765,37,,,0,92,,1517766,37,,,0,69,,1517779,37,,,0,36,,1517767,37,,,0,78,,1517768,37,,,0,28,,1517769,37,,,0,72,,1517770,37,,,0,30,,1517771,37,,,0,71,,1517772,37,,,0,83,,1517773,37,,,0,90,,1517774,37,,,0,100,,1517775,37,,,0,102,,1517776,37,,,0,101,,1517777,37,,,0,100,,1517778,37,,,0,98,,1517781,37,,,0
5500,'20261010',753,,1546527,37,,,0,99,,1546528,37,,,0,101,,1546529,37,,,0,94,,1546530,37,,,0,103,,1546531,37,,,0,98,,1546532,37,,,0,104,,1546533,37,,,0,98,,1546534,37,,,0,99,,1546535,37,,,0,105,,1546536,37,,,0,105,,1546537,37,,,0,93,,1546538,37,,,0,100,,1546539,37,,,0,103,,1546540,37,,,0,102,,1546541,37,,,0,102,,1546542,37,,,0,142,,1546543,37,,,0,100,,1546544,37,,,0
5500,'20261011',753,,1546554,37,,,0,99,,1546559,37,,,0,101,,1546552,37,,,0,94,,1546553,37,,,0,103,,1546548,37,,,0,98,,1546560,37,,,0,104,,1546545,37,,,0,98,,1546550,37,,,0,99,,1546549,37,,,0,105,,1546555,37,,,0,105,,1546557,37,,,0,93,,1546556,37,,,0,100,,1546551,37,,,0,103,,1546547,37,,,0,102,,1546558,37,,,0,102,,1546561,37,,,0,142,,1546546,37,,,0,100,,1546562,37,,,0
5500,'20261012',753,,1546572,37,,,0,99,,1546577,37,,,0,101,,1546570,37,,,0,94,,1546571,37,,,0,103,,1546566,37,,,0,98,,1546578,37,,,0,104,,1546563,37,,,0,98,,1546568,37,,,0,99,,1546567,37,,,0,105,,1546573,37,,,0,105,,1546575,37,,,0,93,,1546574,37,,,0,100,,1546569,37,,,0,103,,1546565,37,,,0,102,,1546576,37,,,0,102,,1546579,37,,,0,142,,1546564,37,,,0,100,,1546580,37,,,0
25500,'20260929',1620,,1552916,33,4,,0,34,,1552917,33,4,,0,66,,1552918,33,4,,0,28,,1552919,33,4,,0
25500,'20260930',1620,,1552920,33,4,,0,34,,1552921,33,4,,0,66,,1552922,33,4,,0,28,,1552923,33,4,,0
25500,'20261001',1620,,1552924,33,4,,0,34,,1552925,33,4,,0,66,,1552926,33,4,,0,28,,1552927,33,4,,0
25500,'20261002',1620,,1475956,33,4,,0,34,,1475957,33,4,,0,66,,1475958,33,4,,0,28,,1475959,33,4,,0
25500,'20261005',1620,,1498993,33,4,,0,34,,1498994,33,4,,0,66,,1498995,33,4,,0,28,,1498996,33,4,,0
25500,'20261006',1620,,1526993,33,4,,0,34,,1526994,33,4,,0,66,,1526995,33,4,,0,28,,1526996,33,4,,0
25500,'20261007',1620,,1526997,33,4,,0,34,,1526998,33,4,,0,66,,1526999,33,4,,0,28,,1527000,33,4,,0
25500,'20261008',1620,,1527001,33,4,,0,34,,1527002,33,4,,0,66,,1527003,33,4,,0,28,,1527004,33,4,,0
25500,'20261009',1620,,1527005,33,4,,0,34,,1527006,33,4,,0,66,,1527007,33,4,,0,28,,1527008,33,4,,0
35500,'20260929',1705,,1553612,30,4,,0,52,,1553613,30,4,,0,93,,1553614,30,4,,0
35500,'20260930',1705,,1553615,30,4,,0,52,,1553616,30,4,,0,93,,1553617,30,4,,0
35500,'20261001',1705,,1553618,30,4,,0,52,,1553619,30,4,,0,93,,1553620,30,4,,0
35500,'20261002',1705,,1476878,30,4,,0,52,,1476880,30,4,,0,93,,1476879,30,4,,0
35500,'20261005',1705,,1499917,30,4,,0,52,,1499919,30,4,,0,93,,1499918,30,4,,0
35500,'20261006',1705,,1528379,30,4,,0,52,,1528381,30,4,,0,93,,1528380,30,4,,0
35500,'20261007',1705,,1528382,30,4,,0,52,,1528384,30,4,,0,93,,1528383,30,4,,0
35500,'20261008',1705,,1528385,30,4,,0,52,,1528387,30,4,,0,93,,1528386,30,4,,0
35500,'20261009',1705,,1528388,30,4,,0,52,,1528390,30,4,,0,93,,1528389,30,4,,0
55500,'20260929',1715,,1554012,28,4,,0,22,,1554013,28,4,,0,73,,1554014,28,4,,0
55500,'20260930',1715,,1554015,28,4,,0,22,,1554016,28,4,,0,73,,1554017,28,4,,0
55500,'20261001',1715,,1554018,28,4,,0,22,,1554019,28,4,,0,73,,1554020,28,4,,0
55500,'20261002',1715,,1477468,28,4,,0,22,,1477469,28,4,,0,73,,1477470,28,4,,0
55500,'20261005',1715,,1500441,28,4,,0,22,,1500442,28,4,,0,73,,1500443,28,4,,0
55500,'20261006',1715,,1529162,28,4,,0,22,,1529163,28,4,,0,73,,1529164,28,4,,0
55500,'20261007',1715,,1529165,28,4,,0,22,,1529166,28,4,,0,73,,1529167,28,4,,0
55500,'20261008',1715,,1529168,28,4,,0,22,,1529169,28,4,,0,73,,1529170,28,4,,0
55500,'20261009',1715,,1529171,28,4,,0,22,,1529172,28,4,,0,73,,1529173,28,4,,0
