1900,'20261006',608,,1598459,5,,,0,103,,1598460,5,,,0,30,,1598461,5,,,0,67,,1598458,5,,,0,31,,1598462,5,,,0,101,,1598463,5,,,0,100,,1598464,5,,,0,100,,1598465,5,,,0,99,,1598466,5,,,0,100,,1598467,5,,,0,98,,1598468,5,,,0,68,,1598469,5,,,0,24,,1598470,5,,,0,30,,1598457,5,,,0,69,,1598456,5,,,0,75,,1598472,5,,,0,32,,1598473,5,,,0,74,,1598474,5,,,0,32,,1598475,5,,,0,100,,1598476,5,,,0,102,,1598477,5,,,0,100,,1598478,5,,,0,100,,1598479,5,,,0,100,,1598480,5,,,0
1900,'20261007',608,,1598484,5,,,0,103,,1598485,5,,,0,30,,1598486,5,,,0,67,,1598483,5,,,0,31,,1598487,5,,,0,101,,1598488,5,,,0,100,,1598489,5,,,0,100,,1598490,5,,,0,99,,1598491,5,,,0,100,,1598492,5,,,0,98,,1598493,5,,,0,68,,1598494,5,,,0,24,,1598495,5,,,0,30,,1598482,5,,,0,69,,1598481,5,,,0,75,,1598497,5,,,0,32,,1598498,5,,,0,74,,1598499,5,,,0,32,,1598500,5,,,0,100,,1598501,5,,,0,102,,1598502,5,,,0,100,,1598503,5,,,0,100,,1598504,5,,,0,100,,1598505,5,,,0
1900,'20261008',608,,1598509,5,,,0,103,,1598510,5,,,0,30,,1598511,5,,,0,67,,1598508,5,,,0,31,,1598512,5,,,0,101,,1598513,5,,,0,100,,1598514,5,,,0,100,,1598515,5,,,0,99,,1598516,5,,,0,100,,1598517,5,,,0,98,,1598518,5,,,0,68,,1598519,5,,,0,24,,1598520,5,,,0,30,,1598507,5,,,0,69,,1598506,5,,,0,75,,1598522,5,,,0,32,,1598523,5,,,0,74,,1598524,5,,,0,32,,1598525,5,,,0,100,,1598526,5,,,0,102,,1598527,5,,,0,100,,1598528,5,,,0,100,,1598529,5,,,0,100,,1598530,5,,,0
1900,'20261009',608,,1598534,5,,,0,103,,1598535,5,,,0,30,,1598536,5,,,0,67,,1598533,5,,,0,31,,1598537,5,,,0,101,,1598538,5,,,0,100,,1598539,5,,,0,100,,1598540,5,,,0,99,,1598541,5,,,0,100,,1598542,5,,,0,98,,1598543,5,,,0,68,,1598544,5,,,0,24,,1598545,5,,,0,30,,1598532,5,,,0,69,,1598531,5,,,0,75,,1598547,5,,,0,32,,1598548,5,,,0,74,,1598549,5,,,0,32,,1598550,5,,,0,100,,1598551,5,,,0,102,,1598552,5,,,0,100,,1598553,5,,,0,100,,1598554,5,,,0,100,,1598555,5,,,0
1900,'20261010',638,,1543698,5,,,0,100,,1543699,5,,,0,98,,1543700,5,,,0,99,,1543701,5,,,0,101,,1543702,5,,,0,100,,1543703,5,,,0,97,,1543704,5,,,0,99,,1543705,5,,,0,101,,1543706,5,,,0,100,,1543707,5,,,0,100,,1543708,5,,,0,101,,1543709,5,,,0,101,,1543710,5,,,0,101,,1543711,5,,,0,100,,1543712,5,,,0,100,,1543713,5,,,0,100,,1543714,5,,,0,102,,1543715,5,,,0
1900,'20261011',638,,1543716,5,,,0,100,,1543717,5,,,0,98,,1543718,5,,,0,99,,1543719,5,,,0,101,,1543720,5,,,0,100,,1543721,5,,,0,97,,1543722,5,,,0,99,,1543723,5,,,0,101,,1543724,5,,,0,100,,1543725,5,,,0,100,,1543726,5,,,0,101,,1543727,5,,,0,101,,1543728,5,,,0,101,,1543729,5,,,0,100,,1543730,5,,,0,100,,1543731,5,,,0,100,,1543733,5,,,0,102,,1543732,5,,,0
1900,'20261012',638,,1543734,5,,,0,100,,1543735,5,,,0,98,,1543736,5,,,0,99,,1543737,5,,,0,101,,1543738,5,,,0,100,,1543739,5,,,0,97,,1543740,5,,,0,99,,1543741,5,,,0,101,,1543742,5,,,0,100,,1543743,5,,,0,100,,1543744,5,,,0,101,,1543745,5,,,0,101,,1543746,5,,,0,101,,1543747,5,,,0,100,,1543748,5,,,0,100,,1543749,5,,,0,100,,1543751,5,,,0,102,,1543750,5,,,0
1900,'20261013',608,,1566829,5,,,0,103,,1566830,5,,,0,30,,1566831,5,,,0,67,,1566832,5,,,0,31,,1566833,5,,,0,101,,1566834,5,,,0,100,,1566835,5,,,0,100,,1566836,5,,,0,99,,1566837,5,,,0,100,,1566838,5,,,0,98,,1566839,5,,,0,68,,1566840,5,,,0,24,,1566841,5,,,0,30,,1566842,5,,,0,69,,1566843,5,,,0,75,,1566844,5,,,0,32,,1566845,5,,,0,74,,1566846,5,,,0,32,,1566847,5,,,0,100,,1566848,5,,,0,102,,1566849,5,,,0,100,,1566850,5,,,0,100,,1566851,5,,,0,100,,1566852,5,,,0
1900,'20261014',608,,1566853,5,,,0,103,,1566854,5,,,0,30,,1566855,5,,,0,67,,1566856,5,,,0,31,,1566857,5,,,0,101,,1566858,5,,,0,100,,1566859,5,,,0,100,,1566860,5,,,0,99,,1566861,5,,,0,100,,1566862,5,,,0,98,,1566863,5,,,0,68,,1566864,5,,,0,24,,1566865,5,,,0,30,,1566866,5,,,0,69,,1566867,5,,,0,75,,1566868,5,,,0,32,,1566869,5,,,0,74,,1566870,5,,,0,32,,1566871,5,,,0,100,,1566872,5,,,0,102,,1566873,5,,,0,100,,1566874,5,,,0,100,,1566875,5,,,0,100,,1566876,5,,,0
1900,'20261015',608,,1566877,5,,,0,103,,1566878,5,,,0,30,,1566879,5,,,0,67,,1566880,5,,,0,31,,1566881,5,,,0,101,,1566882,5,,,0,100,,1566883,5,,,0,100,,1566884,5,,,0,99,,1566885,5,,,0,100,,1566886,5,,,0,98,,1566887,5,,,0,68,,1566888,5,,,0,24,,1566889,5,,,0,30,,1566890,5,,,0,69,,1566891,5,,,0,75,,1566892,5,,,0,32,,1566893,5,,,0,74,,1566894,5,,,0,32,,1566895,5,,,0,100,,1566896,5,,,0,102,,1566897,5,,,0,100,,1566898,5,,,0,100,,1566899,5,,,0,100,,1566900,5,,,0
1900,'20261016',608,,1566901,5,,,0,103,,1566902,5,,,0,30,,1566903,5,,,0,67,,1566904,5,,,0,31,,1566905,5,,,0,101,,1566906,5,,,0,100,,1566907,5,,,0,100,,1566908,5,,,0,99,,1566909,5,,,0,100,,1566910,5,,,0,98,,1566911,5,,,0,68,,1566912,5,,,0,24,,1566913,5,,,0,30,,1566914,5,,,0,69,,1566915,5,,,0,75,,1566916,5,,,0,32,,1566917,5,,,0,74,,1566918,5,,,0,32,,1566919,5,,,0,100,,1566920,5,,,0,102,,1566921,5,,,0,100,,1566922,5,,,0,100,,1566923,5,,,0,100,,1566924,5,,,0
1900,'20261017',638,,1598556,5,,,0,100,,1598557,5,,,0,98,,1598558,5,,,0,99,,1598559,5,,,0,101,,1598560,5,,,0,100,,1598561,5,,,0,97,,1598562,5,,,0,99,,1598563,5,,,0,101,,1598564,5,,,0,100,,1598565,5,,,0,100,,1598566,5,,,0,101,,1598567,5,,,0,101,,1598568,5,,,0,101,,1598569,5,,,0,100,,1598570,5,,,0,100,,1598571,5,,,0,100,,1598572,5,,,0,102,,1598573,5,,,0
1900,'20261018',638,,1598574,5,,,0,100,,1598575,5,,,0,98,,1598576,5,,,0,99,,1598577,5,,,0,101,,1598578,5,,,0,100,,1598579,5,,,0,97,,1598580,5,,,0,99,,1598581,5,,,0,101,,1598582,5,,,0,100,,1598583,5,,,0,100,,1598584,5,,,0,101,,1598585,5,,,0,101,,1598586,5,,,0,101,,1598587,5,,,0,100,,1598588,5,,,0,100,,1598589,5,,,0,100,,1598591,5,,,0,102,,1598590,5,,,0
1900,'20261019',608,,1598592,5,,,0,103,,1598593,5,,,0,30,,1598594,5,,,0,67,,1598595,5,,,0,31,,1598596,5,,,0,101,,1598597,5,,,0,100,,1598598,5,,,0,100,,1598599,5,,,0,99,,1598600,5,,,0,100,,1598601,5,,,0,98,,1598602,5,,,0,68,,1598603,5,,,0,24,,1598604,5,,,0,30,,1598605,5,,,0,69,,1598606,5,,,0,75,,1598607,5,,,0,32,,1598608,5,,,0,74,,1598609,5,,,0,32,,1598610,5,,,0,100,,1598611,5,,,0,102,,1598612,5,,,0,100,,1598613,5,,,0,100,,1598614,5,,,0,100,,1598615,5,,,0
1900,'20261020',608,,1598616,5,,,0,103,,1598617,5,,,0,30,,1598618,5,,,0,67,,1598619,5,,,0,31,,1598620,5,,,0,101,,1598621,5,,,0,100,,1598622,5,,,0,100,,1598623,5,,,0,99,,1598624,5,,,0,100,,1598625,5,,,0,98,,1598626,5,,,0,68,,1598627,5,,,0,24,,1598628,5,,,0,30,,1598629,5,,,0,69,,1598630,5,,,0,75,,1598631,5,,,0,32,,1598632,5,,,0,74,,1598633,5,,,0,32,,1598634,5,,,0,100,,1598635,5,,,0,102,,1598636,5,,,0,100,,1598637,5,,,0,100,,1598638,5,,,0,100,,1598639,5,,,0
28303,'20261006',1545,,1612680,6,,,0,69,,1612681,6,,,0,105,,1612682,6,,,0,24,,1612683,6,,,0
28303,'20261007',1545,,1612684,6,,,0,69,,1612685,6,,,0,105,,1612686,6,,,0,24,,1612687,6,,,0
28303,'20261008',1545,,1612688,6,,,0,69,,1612689,6,,,0,105,,1612690,6,,,0,24,,1612691,6,,,0
28303,'20261009',1545,,1612692,6,,,0,69,,1612693,6,,,0,105,,1612694,6,,,0,24,,1612695,6,,,0
28303,'20261013',1545,,1580944,6,,,0,69,,1580941,6,,,0,105,,1580942,6,,,0,24,,1580943,6,,,0
28303,'20261014',1545,,1580948,6,,,0,69,,1580945,6,,,0,105,,1580946,6,,,0,24,,1580947,6,,,0
28303,'20261015',1545,,1580952,6,,,0,69,,1580949,6,,,0,105,,1580950,6,,,0,24,,1580951,6,,,0
28303,'20261016',1545,,1580956,6,,,0,69,,1580953,6,,,0,105,,1580954,6,,,0,24,,1580955,6,,,0
28303,'20261019',1545,,1612699,6,,,0,69,,1612696,6,,,0,105,,1612697,6,,,0,24,,1612698,6,,,0
28303,'20261020',1545,,1612703,6,,,0,69,,1612700,6,,,0,105,,1612701,6,,,0,24,,1612702,6,,,0
29103,'20261006',1518,,1612902,6,,,0,31,,1612903,6,,,0,71,,1612904,6,,,0,34,,1612905,6,,,0
29103,'20261007',1518,,1612906,6,,,0,31,,1612907,6,,,0,71,,1612908,6,,,0,34,,1612909,6,,,0
29103,'20261008',1518,,1612910,6,,,0,31,,1612911,6,,,0,71,,1612912,6,,,0,34,,1612913,6,,,0
29103,'20261009',1518,,1612914,6,,,0,31,,1612915,6,,,0,71,,1612916,6,,,0,34,,1612917,6,,,0
29103,'20261013',1518,,1581166,6,,,0,31,,1581163,6,,,0,71,,1581165,6,,,0,34,,1581164,6,,,0
29103,'20261014',1518,,1581170,6,,,0,31,,1581167,6,,,0,71,,1581169,6,,,0,34,,1581168,6,,,0
29103,'20261015',1518,,1581174,6,,,0,31,,1581171,6,,,0,71,,1581173,6,,,0,34,,1581172,6,,,0
29103,'20261016',1518,,1581178,6,,,0,31,,1581175,6,,,0,71,,1581177,6,,,0,34,,1581176,6,,,0
29103,'20261019',1518,,1612921,6,,,0,31,,1612918,6,,,0,71,,1612920,6,,,0,34,,1612919,6,,,0
29103,'20261020',1518,,1612925,6,,,0,31,,1612922,6,,,0,71,,1612924,6,,,0,34,,1612923,6,,,0
29203,'20261006',1550,,1612944,6,,,0,70,,1612945,6,,,0,35,,1612946,6,,,0
29203,'20261007',1550,,1612947,6,,,0,70,,1612948,6,,,0,35,,1612949,6,,,0
29203,'20261008',1550,,1612950,6,,,0,70,,1612951,6,,,0,35,,1612952,6,,,0
29203,'20261009',1550,,1612953,6,,,0,70,,1612954,6,,,0,35,,1612955,6,,,0
29203,'20261013',1550,,1581204,6,,,0,70,,1581205,6,,,0,35,,1581203,6,,,0
29203,'20261014',1550,,1581207,6,,,0,70,,1581208,6,,,0,35,,1581206,6,,,0
29203,'20261015',1550,,1581210,6,,,0,70,,1581211,6,,,0,35,,1581209,6,,,0
29203,'20261016',1550,,1581213,6,,,0,70,,1581214,6,,,0,35,,1581212,6,,,0
29203,'20261019',1550,,1612957,6,,,0,70,,1612958,6,,,0,35,,1612956,6,,,0
29203,'20261020',1550,,1612960,6,,,0,70,,1612961,6,,,0,35,,1612959,6,,,0
29403,'20261006',1543,,1612981,6,,,0,102,,1612980,6,,,0,74,,1612982,6,,,0
29403,'20261007',1543,,1612984,6,,,0,102,,1612983,6,,,0,74,,1612985,6,,,0
29403,'20261008',1543,,1612987,6,,,0,102,,1612986,6,,,0,74,,1612988,6,,,0
29403,'20261009',1543,,1612990,6,,,0,102,,1612989,6,,,0,74,,1612991,6,,,0
29403,'20261013',1543,,1581239,6,,,0,102,,1581240,6,,,0,74,,1581241,6,,,0
29403,'20261014',1543,,1581242,6,,,0,102,,1581243,6,,,0,74,,1581244,6,,,0
29403,'20261015',1543,,1581245,6,,,0,102,,1581246,6,,,0,74,,1581247,6,,,0
29403,'20261016',1543,,1581248,6,,,0,102,,1581249,6,,,0,74,,1581250,6,,,0
29403,'20261019',1543,,1612992,6,,,0,102,,1612993,6,,,0,74,,1612994,6,,,0
29403,'20261020',1543,,1612995,6,,,0,102,,1612996,6,,,0,74,,1612997,6,,,0
80703,'20261006',520,,1624580,5,,,1,15,,1624581,5,,,1,15,,1624582,5,,,1,55,,1624583,5,,,1,16,,1624584,5,,,1,15,,1624585,5,,,1,15,,1624586,5,,,1,50,,1624587,5,,,1,7,,1624588,5,,,1,8,,1624589,5,,,1,5,,1624590,5,,,1,4,,1624591,5,,,1,5,,1624592,5,,,1,4,,1624593,5,,,1,7,,1624594,5,,,1,9,,1624595,5,,,1,50,,1624596,5,,,1,11,,1624597,5,,,1,10,,1624598,5,,,1,10,,1624599,5,,,1,9,,1624600,5,,,1,11,,1624601,5,,,1,56,,1624602,5,,,1,16,,1624603,5,,,1,15,,1624604,5,,,1,15,,1624605,5,,,1,54,,1624606,5,,,1,15,,1624607,5,,,1,15,,1624608,5,,,1,15,,1624609,5,,,1,55,,1624610,5,,,1,15,,1624611,5,,,1,15,,1624612,5,,,1,15,,1624613,5,,,1,53,,1624614,5,,,1,13,,1624615,5,,,1,13,,1624616,5,,,1,11,,1624617,5,,,1,11,,1624618,5,,,1,53,,1624619,5,,,1,12,,1624620,5,,,1,12,,1624621,5,,,1,12,,1624622,5,,,1,12,,1624623,5,,,1,52,,1624624,5,,,1,12,,1624625,5,,,1,12,,1624626,5,,,1,12,,1624627,5,,,1,12,,1624628,5,,,1,47,,1624629,5,,,1,6,,1624630,5,,,1,8,,1624631,5,,,1,7,,1624632,5,,,1,8,,1624633,5,,,1,10,,1624634,5,,,1,11,,1624635,5,,,1,51,,1624636,5,,,1,11,,1624637,5,,,1,11,,1624638,5,,,1,10,,1624639,5,,,1,11,,1624640,5,,,1,11,,1624641,5,,,1,50,,1624642,5,,,1,11,,1624643,5,,,1,9,,1624644,5,,,1,10,,1624645,5,,,1,15,,1624646,5,,,1,55,,1624647,5,,,1,14,,1624648,5,,,1,14,,1624649,5,,,1,16,,1624650,5,,,1,55,,1624651,5,,,1,15,,1624652,5,,,1,15,,1624653,5,,,1,16,,1624654,5,,,1,55,,1624655,5,,,1,15,,1624656,5,,,1,15,,1624657,5,,,1,15,,1624658,5,,,1,55,,1624659,5,,,1,15,,1624660,5,,,1,15,,1624661,5,,,1,15,,1624662,5,,,1,55,,1624663,5,,,1,14,,1624664,5,,,1,14,,1624665,5,,,1,15,,1624666,5,,,1,55,,1624667,5,,,1,14,,1624668,5,,,1,15,,1624669,5,,,1,15,,1624670,5,,,1,56,,1624671,5,,,1,14,,1624672,5,,,1,15,,1624673,5,,,1,15,,1624674,5,,,1
80703,'20261007',520,,1624675,5,,,1,15,,1624676,5,,,1,15,,1624677,5,,,1,55,,1624678,5,,,1,16,,1624679,5,,,1,15,,1624680,5,,,1,15,,1624681,5,,,1,50,,1624682,5,,,1,7,,1624683,5,,,1,8,,1624684,5,,,1,5,,1624685,5,,,1,4,,1624686,5,,,1,5,,1624687,5,,,1,4,,1624688,5,,,1,7,,1624689,5,,,1,9,,1624690,5,,,1,50,,1624691,5,,,1,11,,1624692,5,,,1,10,,1624693,5,,,1,10,,1624694,5,,,1,9,,1624695,5,,,1,11,,1624696,5,,,1,56,,1624697,5,,,1,16,,1624698,5,,,1,15,,1624699,5,,,1,15,,1624700,5,,,1,54,,1624701,5,,,1,15,,1624702,5,,,1,15,,1624703,5,,,1,15,,1624704,5,,,1,55,,1624705,5,,,1,15,,1624706,5,,,1,15,,1624707,5,,,1,15,,1624708,5,,,1,53,,1624709,5,,,1,13,,1624710,5,,,1,13,,1624711,5,,,1,11,,1624712,5,,,1,11,,1624713,5,,,1,53,,1624714,5,,,1,12,,1624715,5,,,1,12,,1624716,5,,,1,12,,1624717,5,,,1,12,,1624718,5,,,1,52,,1624719,5,,,1,12,,1624720,5,,,1,12,,1624721,5,,,1,12,,1624722,5,,,1,12,,1624723,5,,,1,47,,1624724,5,,,1,6,,1624725,5,,,1,8,,1624726,5,,,1,7,,1624727,5,,,1,8,,1624728,5,,,1,10,,1624729,5,,,1,11,,1624730,5,,,1,51,,1624731,5,,,1,11,,1624732,5,,,1,11,,1624733,5,,,1,10,,1624734,5,,,1,11,,1624735,5,,,1,11,,1624736,5,,,1,50,,1624737,5,,,1,11,,1624738,5,,,1,9,,1624739,5,,,1,10,,1624740,5,,,1,15,,1624741,5,,,1,55,,1624742,5,,,1,14,,1624743,5,,,1,14,,1624744,5,,,1,16,,1624745,5,,,1,55,,1624746,5,,,1,15,,1624747,5,,,1,15,,1624748,5,,,1,16,,1624749,5,,,1,55,,1624750,5,,,1,15,,1624751,5,,,1,15,,1624752,5,,,1,15,,1624753,5,,,1,55,,1624754,5,,,1,15,,1624755,5,,,1,15,,1624756,5,,,1,15,,1624757,5,,,1,55,,1624758,5,,,1,14,,1624759,5,,,1,14,,1624760,5,,,1,15,,1624761,5,,,1,55,,1624762,5,,,1,14,,1624763,5,,,1,15,,1624764,5,,,1,15,,1624765,5,,,1,56,,1624766,5,,,1,14,,1624767,5,,,1,15,,1624768,5,,,1,15,,1624769,5,,,1
80703,'20261008',520,,1624770,5,,,1,15,,1624771,5,,,1,15,,1624772,5,,,1,55,,1624773,5,,,1,16,,1624774,5,,,1,15,,1624775,5,,,1,15,,1624776,5,,,1,50,,1624777,5,,,1,7,,1624778,5,,,1,8,,1624779,5,,,1,5,,1624780,5,,,1,4,,1624781,5,,,1,5,,1624782,5,,,1,4,,1624783,5,,,1,7,,1624784,5,,,1,9,,1624785,5,,,1,50,,1624786,5,,,1,11,,1624787,5,,,1,10,,1624788,5,,,1,10,,1624789,5,,,1,9,,1624790,5,,,1,11,,1624791,5,,,1,56,,1624792,5,,,1,16,,1624793,5,,,1,15,,1624794,5,,,1,15,,1624795,5,,,1,54,,1624796,5,,,1,15,,1624797,5,,,1,15,,1624798,5,,,1,15,,1624799,5,,,1,55,,1624800,5,,,1,15,,1624801,5,,,1,15,,1624802,5,,,1,15,,1624803,5,,,1,53,,1624804,5,,,1,13,,1624805,5,,,1,13,,1624806,5,,,1,11,,1624807,5,,,1,11,,1624808,5,,,1,53,,1624809,5,,,1,12,,1624810,5,,,1,12,,1624811,5,,,1,12,,1624812,5,,,1,12,,1624813,5,,,1,52,,1624814,5,,,1,12,,1624815,5,,,1,12,,1624816,5,,,1,12,,1624817,5,,,1,12,,1624818,5,,,1,47,,1624819,5,,,1,6,,1624820,5,,,1,8,,1624821,5,,,1,7,,1624822,5,,,1,8,,1624823,5,,,1,10,,1624824,5,,,1,11,,1624825,5,,,1,51,,1624826,5,,,1,11,,1624827,5,,,1,11,,1624828,5,,,1,10,,1624829,5,,,1,11,,1624830,5,,,1,11,,1624831,5,,,1,50,,1624832,5,,,1,11,,1624833,5,,,1,9,,1624834,5,,,1,10,,1624835,5,,,1,15,,1624836,5,,,1,55,,1624837,5,,,1,14,,1624838,5,,,1,14,,1624839,5,,,1,16,,1624840,5,,,1,55,,1624841,5,,,1,15,,1624842,5,,,1,15,,1624843,5,,,1,16,,1624844,5,,,1,55,,1624845,5,,,1,15,,1624846,5,,,1,15,,1624847,5,,,1,15,,1624848,5,,,1,55,,1624849,5,,,1,15,,1624850,5,,,1,15,,1624851,5,,,1,15,,1624852,5,,,1,55,,1624853,5,,,1,14,,1624854,5,,,1,14,,1624855,5,,,1,15,,1624856,5,,,1,55,,1624857,5,,,1,14,,1624858,5,,,1,15,,1624859,5,,,1,15,,1624860,5,,,1,56,,1624861,5,,,1,14,,1624862,5,,,1,15,,1624863,5,,,1,15,,1624864,5,,,1
80703,'20261009',520,,1624865,5,,,1,15,,1624866,5,,,1,15,,1624867,5,,,1,55,,1624868,5,,,1,16,,1624869,5,,,1,15,,1624870,5,,,1,15,,1624871,5,,,1,50,,1624872,5,,,1,7,,1624873,5,,,1,8,,1624874,5,,,1,5,,1624875,5,,,1,4,,1624876,5,,,1,5,,1624877,5,,,1,4,,1624878,5,,,1,7,,1624879,5,,,1,9,,1624880,5,,,1,50,,1624881,5,,,1,11,,1624882,5,,,1,10,,1624883,5,,,1,10,,1624884,5,,,1,9,,1624885,5,,,1,11,,1624886,5,,,1,56,,1624887,5,,,1,16,,1624888,5,,,1,15,,1624889,5,,,1,15,,1624890,5,,,1,54,,1624891,5,,,1,15,,1624892,5,,,1,15,,1624893,5,,,1,15,,1624894,5,,,1,55,,1624895,5,,,1,15,,1624896,5,,,1,15,,1624897,5,,,1,15,,1624898,5,,,1,53,,1624899,5,,,1,13,,1624900,5,,,1,13,,1624901,5,,,1,11,,1624902,5,,,1,11,,1624903,5,,,1,53,,1624904,5,,,1,12,,1624905,5,,,1,12,,1624906,5,,,1,12,,1624907,5,,,1,12,,1624908,5,,,1,52,,1624909,5,,,1,12,,1624910,5,,,1,12,,1624911,5,,,1,12,,1624912,5,,,1,12,,1624913,5,,,1,47,,1624914,5,,,1,6,,1624915,5,,,1,8,,1624916,5,,,1,7,,1624917,5,,,1,8,,1624918,5,,,1,10,,1624919,5,,,1,11,,1624920,5,,,1,51,,1624921,5,,,1,11,,1624922,5,,,1,11,,1624923,5,,,1,10,,1624924,5,,,1,11,,1624925,5,,,1,11,,1624926,5,,,1,50,,1624927,5,,,1,11,,1624928,5,,,1,9,,1624929,5,,,1,10,,1624930,5,,,1,15,,1624931,5,,,1,55,,1624932,5,,,1,14,,1624933,5,,,1,14,,1624934,5,,,1,16,,1624935,5,,,1,55,,1624936,5,,,1,15,,1624937,5,,,1,15,,1624938,5,,,1,16,,1624939,5,,,1,55,,1624940,5,,,1,15,,1624941,5,,,1,15,,1624942,5,,,1,15,,1624943,5,,,1,55,,1624944,5,,,1,15,,1624945,5,,,1,15,,1624946,5,,,1,15,,1624947,5,,,1,55,,1624948,5,,,1,14,,1624949,5,,,1,14,,1624950,5,,,1,15,,1624951,5,,,1,55,,1624952,5,,,1,14,,1624953,5,,,1,15,,1624954,5,,,1,15,,1624955,5,,,1,56,,1624956,5,,,1,14,,1624957,5,,,1,15,,1624958,5,,,1,15,,1624959,5,,,1
80703,'20261010',533,,1561617,5,,,1,15,,1561618,5,,,1,55,,1561619,5,,,1,14,,1561693,5,,,1,15,,1561620,5,,,1,15,,1561621,5,,,1,55,,1561622,5,,,1,15,,1561694,5,,,1,15,,1561623,5,,,1,15,,1561624,5,,,1,55,,1561625,5,,,1,15,,1561626,5,,,1,15,,1561627,5,,,1,15,,1561628,5,,,1,54,,1561629,5,,,1,16,,1561630,5,,,1,15,,1561631,5,,,1,15,,1561632,5,,,1,55,,1561633,5,,,1,15,,1561634,5,,,1,16,,1561635,5,,,1,15,,1561636,5,,,1,56,,1561637,5,,,1,16,,1561638,5,,,1,15,,1561639,5,,,1,15,,1561640,5,,,1,55,,1561641,5,,,1,15,,1561642,5,,,1,15,,1561643,5,,,1,16,,1561644,5,,,1,55,,1561645,5,,,1,15,,1561646,5,,,1,15,,1561647,5,,,1,15,,1561648,5,,,1,55,,1561649,5,,,1,15,,1561650,5,,,1,15,,1561651,5,,,1,15,,1561652,5,,,1,55,,1561653,5,,,1,15,,1561654,5,,,1,15,,1561655,5,,,1,15,,1561656,5,,,1,55,,1561657,5,,,1,15,,1561658,5,,,1,15,,1561659,5,,,1,15,,1561660,5,,,1,55,,1561661,5,,,1,15,,1561662,5,,,1,16,,1561663,5,,,1,14,,1561664,5,,,1,55,,1561665,5,,,1,15,,1561666,5,,,1,15,,1561667,5,,,1,14,,1561668,5,,,1,55,,1561669,5,,,1,15,,1561670,5,,,1,14,,1561671,5,,,1,15,,1561672,5,,,1,54,,1561673,5,,,1,15,,1561674,5,,,1,15,,1561675,5,,,1,14,,1561676,5,,,1,56,,1561677,5,,,1,15,,1561678,5,,,1,15,,1561679,5,,,1,14,,1561680,5,,,1,55,,1561681,5,,,1,15,,1561682,5,,,1,15,,1561683,5,,,1,15,,1561684,5,,,1,55,,1561685,5,,,1,15,,1561686,5,,,1,15,,1561687,5,,,1,15,,1561688,5,,,1,56,,1561689,5,,,1,14,,1561690,5,,,1,14,,1561691,5,,,1,15,,1561692,5,,,1
80703,'20261011',533,,1561695,5,,,1,15,,1561696,5,,,1,55,,1561697,5,,,1,14,,1561698,5,,,1,15,,1561771,5,,,1,15,,1561699,5,,,1,55,,1561700,5,,,1,15,,1561701,5,,,1,15,,1561772,5,,,1,15,,1561702,5,,,1,55,,1561703,5,,,1,15,,1561704,5,,,1,15,,1561705,5,,,1,15,,1561706,5,,,1,54,,1561707,5,,,1,16,,1561708,5,,,1,15,,1561710,5,,,1,15,,1561711,5,,,1,55,,1561712,5,,,1,15,,1561709,5,,,1,16,,1561713,5,,,1,15,,1561714,5,,,1,56,,1561715,5,,,1,16,,1561716,5,,,1,15,,1561717,5,,,1,15,,1561718,5,,,1,55,,1561719,5,,,1,15,,1561720,5,,,1,15,,1561721,5,,,1,16,,1561722,5,,,1,55,,1561723,5,,,1,15,,1561724,5,,,1,15,,1561725,5,,,1,15,,1561726,5,,,1,55,,1561727,5,,,1,15,,1561728,5,,,1,15,,1561729,5,,,1,15,,1561730,5,,,1,55,,1561731,5,,,1,15,,1561732,5,,,1,15,,1561733,5,,,1,15,,1561734,5,,,1,55,,1561735,5,,,1,15,,1561736,5,,,1,15,,1561737,5,,,1,15,,1561738,5,,,1,55,,1561739,5,,,1,15,,1561741,5,,,1,16,,1561742,5,,,1,14,,1561743,5,,,1,55,,1561740,5,,,1,15,,1561744,5,,,1,15,,1561745,5,,,1,14,,1561746,5,,,1,55,,1561747,5,,,1,15,,1561748,5,,,1,14,,1561749,5,,,1,15,,1561750,5,,,1,54,,1561751,5,,,1,15,,1561752,5,,,1,15,,1561753,5,,,1,14,,1561754,5,,,1,56,,1561755,5,,,1,15,,1561756,5,,,1,15,,1561757,5,,,1,14,,1561758,5,,,1,55,,1561759,5,,,1,15,,1561760,5,,,1,15,,1561761,5,,,1,15,,1561762,5,,,1,55,,1561763,5,,,1,15,,1561764,5,,,1,15,,1561765,5,,,1,15,,1561766,5,,,1,56,,1561767,5,,,1,14,,1561768,5,,,1,14,,1561769,5,,,1,15,,1561770,5,,,1
80703,'20261012',533,,1561773,5,,,1,15,,1561774,5,,,1,55,,1561775,5,,,1,14,,1561776,5,,,1,15,,1561849,5,,,1,15,,1561777,5,,,1,55,,1561778,5,,,1,15,,1561779,5,,,1,15,,1561850,5,,,1,15,,1561780,5,,,1,55,,1561781,5,,,1,15,,1561782,5,,,1,15,,1561783,5,,,1,15,,1561784,5,,,1,54,,1561785,5,,,1,16,,1561786,5,,,1,15,,1561788,5,,,1,15,,1561789,5,,,1,55,,1561790,5,,,1,15,,1561787,5,,,1,16,,1561791,5,,,1,15,,1561792,5,,,1,56,,1561793,5,,,1,16,,1561794,5,,,1,15,,1561795,5,,,1,15,,1561796,5,,,1,55,,1561797,5,,,1,15,,1561798,5,,,1,15,,1561799,5,,,1,16,,1561800,5,,,1,55,,1561801,5,,,1,15,,1561802,5,,,1,15,,1561803,5,,,1,15,,1561804,5,,,1,55,,1561805,5,,,1,15,,1561806,5,,,1,15,,1561807,5,,,1,15,,1561808,5,,,1,55,,1561809,5,,,1,15,,1561810,5,,,1,15,,1561811,5,,,1,15,,1561812,5,,,1,55,,1561813,5,,,1,15,,1561814,5,,,1,15,,1561815,5,,,1,15,,1561816,5,,,1,55,,1561817,5,,,1,15,,1561819,5,,,1,16,,1561820,5,,,1,14,,1561821,5,,,1,55,,1561818,5,,,1,15,,1561822,5,,,1,15,,1561823,5,,,1,14,,1561824,5,,,1,55,,1561825,5,,,1,15,,1561826,5,,,1,14,,1561827,5,,,1,15,,1561828,5,,,1,54,,1561829,5,,,1,15,,1561830,5,,,1,15,,1561831,5,,,1,14,,1561832,5,,,1,56,,1561833,5,,,1,15,,1561834,5,,,1,15,,1561835,5,,,1,14,,1561836,5,,,1,55,,1561837,5,,,1,15,,1561838,5,,,1,15,,1561839,5,,,1,15,,1561840,5,,,1,55,,1561841,5,,,1,15,,1561842,5,,,1,15,,1561843,5,,,1,15,,1561844,5,,,1,56,,1561845,5,,,1,14,,1561846,5,,,1,14,,1561847,5,,,1,15,,1561848,5,,,1
80703,'20261013',520,,1593101,5,,,1,15,,1593124,5,,,1,15,,1593102,5,,,1,55,,1593103,5,,,1,16,,1593104,5,,,1,15,,1593105,5,,,1,15,,1593106,5,,,1,50,,1593186,5,,,1,7,,1593187,5,,,1,8,,1593188,5,,,1,5,,1593194,5,,,1,4,,1593189,5,,,1,5,,1593195,5,,,1,4,,1593190,5,,,1,7,,1593191,5,,,1,9,,1593167,5,,,1,50,,1593168,5,,,1,11,,1593170,5,,,1,10,,1593145,5,,,1,10,,1593144,5,,,1,9,,1593165,5,,,1,11,,1593143,5,,,1,56,,1593166,5,,,1,16,,1593164,5,,,1,15,,1593141,5,,,1,15,,1593140,5,,,1,54,,1593163,5,,,1,15,,1593162,5,,,1,15,,1593139,5,,,1,15,,1593161,5,,,1,55,,1593160,5,,,1,15,,1593138,5,,,1,15,,1593159,5,,,1,15,,1593137,5,,,1,53,,1593158,5,,,1,13,,1593136,5,,,1,13,,1593157,5,,,1,11,,1593147,5,,,1,11,,1593135,5,,,1,53,,1593146,5,,,1,12,,1593156,5,,,1,12,,1593125,5,,,1,12,,1593134,5,,,1,12,,1593133,5,,,1,52,,1593155,5,,,1,12,,1593154,5,,,1,12,,1593132,5,,,1,12,,1593153,5,,,1,12,,1593131,5,,,1,47,,1593152,5,,,1,6,,1593193,5,,,1,8,,1593107,5,,,1,7,,1593151,5,,,1,8,,1593130,5,,,1,10,,1593150,5,,,1,11,,1593129,5,,,1,51,,1593149,5,,,1,11,,1593114,5,,,1,11,,1593115,5,,,1,10,,1593127,5,,,1,11,,1593116,5,,,1,11,,1593126,5,,,1,50,,1593148,5,,,1,11,,1593117,5,,,1,9,,1593128,5,,,1,10,,1593142,5,,,1,15,,1593192,5,,,1,55,,1593169,5,,,1,14,,1593173,5,,,1,14,,1593172,5,,,1,16,,1593108,5,,,1,55,,1593118,5,,,1,15,,1593109,5,,,1,15,,1593119,5,,,1,16,,1593110,5,,,1,55,,1593120,5,,,1,15,,1593111,5,,,1,15,,1593121,5,,,1,15,,1593112,5,,,1,55,,1593122,5,,,1,15,,1593113,5,,,1,15,,1593123,5,,,1,15,,1593174,5,,,1,55,,1593175,5,,,1,14,,1593176,5,,,1,14,,1593177,5,,,1,15,,1593178,5,,,1,55,,1593179,5,,,1,14,,1593180,5,,,1,15,,1593181,5,,,1,15,,1593182,5,,,1,56,,1593183,5,,,1,14,,1593184,5,,,1,15,,1593185,5,,,1,15,,1593171,5,,,1
80703,'20261014',520,,1593196,5,,,1,15,,1593219,5,,,1,15,,1593197,5,,,1,55,,1593198,5,,,1,16,,1593199,5,,,1,15,,1593200,5,,,1,15,,1593201,5,,,1,50,,1593281,5,,,1,7,,1593282,5,,,1,8,,1593283,5,,,1,5,,1593289,5,,,1,4,,1593284,5,,,1,5,,1593290,5,,,1,4,,1593285,5,,,1,7,,1593286,5,,,1,9,,1593262,5,,,1,50,,1593263,5,,,1,11,,1593265,5,,,1,10,,1593240,5,,,1,10,,1593239,5,,,1,9,,1593260,5,,,1,11,,1593238,5,,,1,56,,1593261,5,,,1,16,,1593259,5,,,1,15,,1593236,5,,,1,15,,1593235,5,,,1,54,,1593258,5,,,1,15,,1593257,5,,,1,15,,1593234,5,,,1,15,,1593256,5,,,1,55,,1593255,5,,,1,15,,1593233,5,,,1,15,,1593254,5,,,1,15,,1593232,5,,,1,53,,1593253,5,,,1,13,,1593231,5,,,1,13,,1593252,5,,,1,11,,1593242,5,,,1,11,,1593230,5,,,1,53,,1593241,5,,,1,12,,1593251,5,,,1,12,,1593220,5,,,1,12,,1593229,5,,,1,12,,1593228,5,,,1,52,,1593250,5,,,1,12,,1593249,5,,,1,12,,1593227,5,,,1,12,,1593248,5,,,1,12,,1593226,5,,,1,47,,1593247,5,,,1,6,,1593288,5,,,1,8,,1593202,5,,,1,7,,1593246,5,,,1,8,,1593225,5,,,1,10,,1593245,5,,,1,11,,1593224,5,,,1,51,,1593244,5,,,1,11,,1593209,5,,,1,11,,1593210,5,,,1,10,,1593222,5,,,1,11,,1593211,5,,,1,11,,1593221,5,,,1,50,,1593243,5,,,1,11,,1593212,5,,,1,9,,1593223,5,,,1,10,,1593237,5,,,1,15,,1593287,5,,,1,55,,1593264,5,,,1,14,,1593268,5,,,1,14,,1593267,5,,,1,16,,1593203,5,,,1,55,,1593213,5,,,1,15,,1593204,5,,,1,15,,1593214,5,,,1,16,,1593205,5,,,1,55,,1593215,5,,,1,15,,1593206,5,,,1,15,,1593216,5,,,1,15,,1593207,5,,,1,55,,1593217,5,,,1,15,,1593208,5,,,1,15,,1593218,5,,,1,15,,1593269,5,,,1,55,,1593270,5,,,1,14,,1593271,5,,,1,14,,1593272,5,,,1,15,,1593273,5,,,1,55,,1593274,5,,,1,14,,1593275,5,,,1,15,,1593276,5,,,1,15,,1593277,5,,,1,56,,1593278,5,,,1,14,,1593279,5,,,1,15,,1593280,5,,,1,15,,1593266,5,,,1
80703,'20261015',520,,1593291,5,,,1,15,,1593314,5,,,1,15,,1593292,5,,,1,55,,1593293,5,,,1,16,,1593294,5,,,1,15,,1593295,5,,,1,15,,1593296,5,,,1,50,,1593376,5,,,1,7,,1593377,5,,,1,8,,1593378,5,,,1,5,,1593384,5,,,1,4,,1593379,5,,,1,5,,1593385,5,,,1,4,,1593380,5,,,1,7,,1593381,5,,,1,9,,1593357,5,,,1,50,,1593358,5,,,1,11,,1593360,5,,,1,10,,1593335,5,,,1,10,,1593334,5,,,1,9,,1593355,5,,,1,11,,1593333,5,,,1,56,,1593356,5,,,1,16,,1593354,5,,,1,15,,1593331,5,,,1,15,,1593330,5,,,1,54,,1593353,5,,,1,15,,1593352,5,,,1,15,,1593329,5,,,1,15,,1593351,5,,,1,55,,1593350,5,,,1,15,,1593328,5,,,1,15,,1593349,5,,,1,15,,1593327,5,,,1,53,,1593348,5,,,1,13,,1593326,5,,,1,13,,1593347,5,,,1,11,,1593337,5,,,1,11,,1593325,5,,,1,53,,1593336,5,,,1,12,,1593346,5,,,1,12,,1593315,5,,,1,12,,1593324,5,,,1,12,,1593323,5,,,1,52,,1593345,5,,,1,12,,1593344,5,,,1,12,,1593322,5,,,1,12,,1593343,5,,,1,12,,1593321,5,,,1,47,,1593342,5,,,1,6,,1593383,5,,,1,8,,1593297,5,,,1,7,,1593341,5,,,1,8,,1593320,5,,,1,10,,1593340,5,,,1,11,,1593319,5,,,1,51,,1593339,5,,,1,11,,1593304,5,,,1,11,,1593305,5,,,1,10,,1593317,5,,,1,11,,1593306,5,,,1,11,,1593316,5,,,1,50,,1593338,5,,,1,11,,1593307,5,,,1,9,,1593318,5,,,1,10,,1593332,5,,,1,15,,1593382,5,,,1,55,,1593359,5,,,1,14,,1593363,5,,,1,14,,1593362,5,,,1,16,,1593298,5,,,1,55,,1593308,5,,,1,15,,1593299,5,,,1,15,,1593309,5,,,1,16,,1593300,5,,,1,55,,1593310,5,,,1,15,,1593301,5,,,1,15,,1593311,5,,,1,15,,1593302,5,,,1,55,,1593312,5,,,1,15,,1593303,5,,,1,15,,1593313,5,,,1,15,,1593364,5,,,1,55,,1593365,5,,,1,14,,1593366,5,,,1,14,,1593367,5,,,1,15,,1593368,5,,,1,55,,1593369,5,,,1,14,,1593370,5,,,1,15,,1593371,5,,,1,15,,1593372,5,,,1,56,,1593373,5,,,1,14,,1593374,5,,,1,15,,1593375,5,,,1,15,,1593361,5,,,1
80703,'20261016',520,,1593386,5,,,1,15,,1593409,5,,,1,15,,1593387,5,,,1,55,,1593388,5,,,1,16,,1593389,5,,,1,15,,1593390,5,,,1,15,,1593391,5,,,1,50,,1593471,5,,,1,7,,1593472,5,,,1,8,,1593473,5,,,1,5,,1593479,5,,,1,4,,1593474,5,,,1,5,,1593480,5,,,1,4,,1593475,5,,,1,7,,1593476,5,,,1,9,,1593452,5,,,1,50,,1593453,5,,,1,11,,1593455,5,,,1,10,,1593430,5,,,1,10,,1593429,5,,,1,9,,1593450,5,,,1,11,,1593428,5,,,1,56,,1593451,5,,,1,16,,1593449,5,,,1,15,,1593426,5,,,1,15,,1593425,5,,,1,54,,1593448,5,,,1,15,,1593447,5,,,1,15,,1593424,5,,,1,15,,1593446,5,,,1,55,,1593445,5,,,1,15,,1593423,5,,,1,15,,1593444,5,,,1,15,,1593422,5,,,1,53,,1593443,5,,,1,13,,1593421,5,,,1,13,,1593442,5,,,1,11,,1593432,5,,,1,11,,1593420,5,,,1,53,,1593431,5,,,1,12,,1593441,5,,,1,12,,1593410,5,,,1,12,,1593419,5,,,1,12,,1593418,5,,,1,52,,1593440,5,,,1,12,,1593439,5,,,1,12,,1593417,5,,,1,12,,1593438,5,,,1,12,,1593416,5,,,1,47,,1593437,5,,,1,6,,1593478,5,,,1,8,,1593392,5,,,1,7,,1593436,5,,,1,8,,1593415,5,,,1,10,,1593435,5,,,1,11,,1593414,5,,,1,51,,1593434,5,,,1,11,,1593399,5,,,1,11,,1593400,5,,,1,10,,1593412,5,,,1,11,,1593401,5,,,1,11,,1593411,5,,,1,50,,1593433,5,,,1,11,,1593402,5,,,1,9,,1593413,5,,,1,10,,1593427,5,,,1,15,,1593477,5,,,1,55,,1593454,5,,,1,14,,1593458,5,,,1,14,,1593457,5,,,1,16,,1593393,5,,,1,55,,1593403,5,,,1,15,,1593394,5,,,1,15,,1593404,5,,,1,16,,1593395,5,,,1,55,,1593405,5,,,1,15,,1593396,5,,,1,15,,1593406,5,,,1,15,,1593397,5,,,1,55,,1593407,5,,,1,15,,1593398,5,,,1,15,,1593408,5,,,1,15,,1593459,5,,,1,55,,1593460,5,,,1,14,,1593461,5,,,1,14,,1593462,5,,,1,15,,1593463,5,,,1,55,,1593464,5,,,1,14,,1593465,5,,,1,15,,1593466,5,,,1,15,,1593467,5,,,1,56,,1593468,5,,,1,14,,1593469,5,,,1,15,,1593470,5,,,1,15,,1593456,5,,,1
80703,'20261017',533,,1624960,5,,,1,15,,1624961,5,,,1,55,,1624962,5,,,1,14,,1625036,5,,,1,15,,1624963,5,,,1,15,,1624964,5,,,1,55,,1624965,5,,,1,15,,1625037,5,,,1,15,,1624966,5,,,1,15,,1624967,5,,,1,55,,1624968,5,,,1,15,,1624969,5,,,1,15,,1624970,5,,,1,15,,1624971,5,,,1,54,,1624972,5,,,1,16,,1624973,5,,,1,15,,1624974,5,,,1,15,,1624975,5,,,1,55,,1624976,5,,,1,15,,1624977,5,,,1,16,,1624978,5,,,1,15,,1624979,5,,,1,56,,1624980,5,,,1,16,,1624981,5,,,1,15,,1624982,5,,,1,15,,1624983,5,,,1,55,,1624984,5,,,1,15,,1624985,5,,,1,15,,1624986,5,,,1,16,,1624987,5,,,1,55,,1624988,5,,,1,15,,1624989,5,,,1,15,,1624990,5,,,1,15,,1624991,5,,,1,55,,1624992,5,,,1,15,,1624993,5,,,1,15,,1624994,5,,,1,15,,1624995,5,,,1,55,,1624996,5,,,1,15,,1624997,5,,,1,15,,1624998,5,,,1,15,,1624999,5,,,1,55,,1625000,5,,,1,15,,1625001,5,,,1,15,,1625002,5,,,1,15,,1625003,5,,,1,55,,1625004,5,,,1,15,,1625005,5,,,1,16,,1625006,5,,,1,14,,1625007,5,,,1,55,,1625008,5,,,1,15,,1625009,5,,,1,15,,1625010,5,,,1,14,,1625011,5,,,1,55,,1625012,5,,,1,15,,1625013,5,,,1,14,,1625014,5,,,1,15,,1625015,5,,,1,54,,1625016,5,,,1,15,,1625017,5,,,1,15,,1625018,5,,,1,14,,1625019,5,,,1,56,,1625020,5,,,1,15,,1625021,5,,,1,15,,1625022,5,,,1,14,,1625023,5,,,1,55,,1625024,5,,,1,15,,1625025,5,,,1,15,,1625026,5,,,1,15,,1625027,5,,,1,55,,1625028,5,,,1,15,,1625029,5,,,1,15,,1625030,5,,,1,15,,1625031,5,,,1,56,,1625032,5,,,1,14,,1625033,5,,,1,14,,1625034,5,,,1,15,,1625035,5,,,1
80703,'20261018',533,,1625038,5,,,1,15,,1625039,5,,,1,55,,1625040,5,,,1,14,,1625041,5,,,1,15,,1625114,5,,,1,15,,1625042,5,,,1,55,,1625043,5,,,1,15,,1625044,5,,,1,15,,1625115,5,,,1,15,,1625045,5,,,1,55,,1625046,5,,,1,15,,1625047,5,,,1,15,,1625048,5,,,1,15,,1625049,5,,,1,54,,1625050,5,,,1,16,,1625051,5,,,1,15,,1625053,5,,,1,15,,1625054,5,,,1,55,,1625055,5,,,1,15,,1625052,5,,,1,16,,1625056,5,,,1,15,,1625057,5,,,1,56,,1625058,5,,,1,16,,1625059,5,,,1,15,,1625060,5,,,1,15,,1625061,5,,,1,55,,1625062,5,,,1,15,,1625063,5,,,1,15,,1625064,5,,,1,16,,1625065,5,,,1,55,,1625066,5,,,1,15,,1625067,5,,,1,15,,1625068,5,,,1,15,,1625069,5,,,1,55,,1625070,5,,,1,15,,1625071,5,,,1,15,,1625072,5,,,1,15,,1625073,5,,,1,55,,1625074,5,,,1,15,,1625075,5,,,1,15,,1625076,5,,,1,15,,1625077,5,,,1,55,,1625078,5,,,1,15,,1625079,5,,,1,15,,1625080,5,,,1,15,,1625081,5,,,1,55,,1625082,5,,,1,15,,1625084,5,,,1,16,,1625085,5,,,1,14,,1625086,5,,,1,55,,1625083,5,,,1,15,,1625087,5,,,1,15,,1625088,5,,,1,14,,1625089,5,,,1,55,,1625090,5,,,1,15,,1625091,5,,,1,14,,1625092,5,,,1,15,,1625093,5,,,1,54,,1625094,5,,,1,15,,1625095,5,,,1,15,,1625096,5,,,1,14,,1625097,5,,,1,56,,1625098,5,,,1,15,,1625099,5,,,1,15,,1625100,5,,,1,14,,1625101,5,,,1,55,,1625102,5,,,1,15,,1625103,5,,,1,15,,1625104,5,,,1,15,,1625105,5,,,1,55,,1625106,5,,,1,15,,1625107,5,,,1,15,,1625108,5,,,1,15,,1625109,5,,,1,56,,1625110,5,,,1,14,,1625111,5,,,1,14,,1625112,5,,,1,15,,1625113,5,,,1
80703,'20261019',520,,1625116,5,,,1,15,,1625139,5,,,1,15,,1625117,5,,,1,55,,1625118,5,,,1,16,,1625119,5,,,1,15,,1625120,5,,,1,15,,1625121,5,,,1,50,,1625201,5,,,1,7,,1625202,5,,,1,8,,1625203,5,,,1,5,,1625209,5,,,1,4,,1625204,5,,,1,5,,1625210,5,,,1,4,,1625205,5,,,1,7,,1625206,5,,,1,9,,1625182,5,,,1,50,,1625183,5,,,1,11,,1625185,5,,,1,10,,1625160,5,,,1,10,,1625159,5,,,1,9,,1625180,5,,,1,11,,1625158,5,,,1,56,,1625181,5,,,1,16,,1625179,5,,,1,15,,1625156,5,,,1,15,,1625155,5,,,1,54,,1625178,5,,,1,15,,1625177,5,,,1,15,,1625154,5,,,1,15,,1625176,5,,,1,55,,1625175,5,,,1,15,,1625153,5,,,1,15,,1625174,5,,,1,15,,1625152,5,,,1,53,,1625173,5,,,1,13,,1625151,5,,,1,13,,1625172,5,,,1,11,,1625162,5,,,1,11,,1625150,5,,,1,53,,1625161,5,,,1,12,,1625171,5,,,1,12,,1625140,5,,,1,12,,1625149,5,,,1,12,,1625148,5,,,1,52,,1625170,5,,,1,12,,1625169,5,,,1,12,,1625147,5,,,1,12,,1625168,5,,,1,12,,1625146,5,,,1,47,,1625167,5,,,1,6,,1625208,5,,,1,8,,1625122,5,,,1,7,,1625166,5,,,1,8,,1625145,5,,,1,10,,1625165,5,,,1,11,,1625144,5,,,1,51,,1625164,5,,,1,11,,1625129,5,,,1,11,,1625130,5,,,1,10,,1625142,5,,,1,11,,1625131,5,,,1,11,,1625141,5,,,1,50,,1625163,5,,,1,11,,1625132,5,,,1,9,,1625143,5,,,1,10,,1625157,5,,,1,15,,1625207,5,,,1,55,,1625184,5,,,1,14,,1625188,5,,,1,14,,1625187,5,,,1,16,,1625123,5,,,1,55,,1625133,5,,,1,15,,1625124,5,,,1,15,,1625134,5,,,1,16,,1625125,5,,,1,55,,1625135,5,,,1,15,,1625126,5,,,1,15,,1625136,5,,,1,15,,1625127,5,,,1,55,,1625137,5,,,1,15,,1625128,5,,,1,15,,1625138,5,,,1,15,,1625189,5,,,1,55,,1625190,5,,,1,14,,1625191,5,,,1,14,,1625192,5,,,1,15,,1625193,5,,,1,55,,1625194,5,,,1,14,,1625195,5,,,1,15,,1625196,5,,,1,15,,1625197,5,,,1,56,,1625198,5,,,1,14,,1625199,5,,,1,15,,1625200,5,,,1,15,,1625186,5,,,1
80703,'20261020',520,,1625211,5,,,1,15,,1625234,5,,,1,15,,1625212,5,,,1,55,,1625213,5,,,1,16,,1625214,5,,,1,15,,1625215,5,,,1,15,,1625216,5,,,1,50,,1625296,5,,,1,7,,1625297,5,,,1,8,,1625298,5,,,1,5,,1625304,5,,,1,4,,1625299,5,,,1,5,,1625305,5,,,1,4,,1625300,5,,,1,7,,1625301,5,,,1,9,,1625277,5,,,1,50,,1625278,5,,,1,11,,1625280,5,,,1,10,,1625255,5,,,1,10,,1625254,5,,,1,9,,1625275,5,,,1,11,,1625253,5,,,1,56,,1625276,5,,,1,16,,1625274,5,,,1,15,,1625251,5,,,1,15,,1625250,5,,,1,54,,1625273,5,,,1,15,,1625272,5,,,1,15,,1625249,5,,,1,15,,1625271,5,,,1,55,,1625270,5,,,1,15,,1625248,5,,,1,15,,1625269,5,,,1,15,,1625247,5,,,1,53,,1625268,5,,,1,13,,1625246,5,,,1,13,,1625267,5,,,1,11,,1625257,5,,,1,11,,1625245,5,,,1,53,,1625256,5,,,1,12,,1625266,5,,,1,12,,1625235,5,,,1,12,,1625244,5,,,1,12,,1625243,5,,,1,52,,1625265,5,,,1,12,,1625264,5,,,1,12,,1625242,5,,,1,12,,1625263,5,,,1,12,,1625241,5,,,1,47,,1625262,5,,,1,6,,1625303,5,,,1,8,,1625217,5,,,1,7,,1625261,5,,,1,8,,1625240,5,,,1,10,,1625260,5,,,1,11,,1625239,5,,,1,51,,1625259,5,,,1,11,,1625224,5,,,1,11,,1625225,5,,,1,10,,1625237,5,,,1,11,,1625226,5,,,1,11,,1625236,5,,,1,50,,1625258,5,,,1,11,,1625227,5,,,1,9,,1625238,5,,,1,10,,1625252,5,,,1,15,,1625302,5,,,1,55,,1625279,5,,,1,14,,1625283,5,,,1,14,,1625282,5,,,1,16,,1625218,5,,,1,55,,1625228,5,,,1,15,,1625219,5,,,1,15,,1625229,5,,,1,16,,1625220,5,,,1,55,,1625230,5,,,1,15,,1625221,5,,,1,15,,1625231,5,,,1,15,,1625222,5,,,1,55,,1625232,5,,,1,15,,1625223,5,,,1,15,,1625233,5,,,1,15,,1625284,5,,,1,55,,1625285,5,,,1,14,,1625286,5,,,1,14,,1625287,5,,,1,15,,1625288,5,,,1,55,,1625289,5,,,1,14,,1625290,5,,,1,15,,1625291,5,,,1,15,,1625292,5,,,1,56,,1625293,5,,,1,14,,1625294,5,,,1,15,,1625295,5,,,1,15,,1625281,5,,,1
90703,'20261009',2535,,1625312,5,,,0,170,,1625313,5,,,0
90703,'20261010',2535,,1561854,5,,,0,170,,1561855,5,,,0
90703,'20261016',2535,,1593494,5,,,0,170,,1593495,5,,,0
90703,'20261017',2535,,1625314,5,,,0,170,,1625315,5,,,0
