1303,'20261009',642,,1597521,2,,,0,104,,1597522,2,,,0,69,,1597523,2,,,0,101,,1597524,2,,,0,101,,1597525,2,,,0,99,,1597526,2,,,0,101,,1597527,2,,,0,99,,1597528,2,,,0,100,,1597529,2,,,0,96,,1597530,2,,,0,31,,1597531,2,,,0,70,,1597532,2,,,0,32,,1597533,2,,,0,76,,1597534,2,,,0,25,,1597535,2,,,0,70,,1597536,2,,,0,29,,1597537,2,,,0,68,,1597538,2,,,0,100,,1597539,2,,,0,100,,1597540,2,,,0,100,,1597541,2,,,0,99,,1597542,2,,,0
1303,'20261010',755,,1628112,2,,,0,102,,1628113,2,,,0,102,,1628114,2,,,0,142,,1628115,2,,,0,102,,1628116,2,,,0,102,,1628117,2,,,0,101,,1628118,2,,,0,104,,1628119,2,,,0,97,,1628120,2,,,0,100,,1628121,2,,,0,98,,1628122,2,,,0,98,,1628123,2,,,0,98,,1628124,2,,,0,58,,1628125,2,,,0,98,,1628126,2,,,0,98,,1628127,2,,,0
1303,'20261011',755,,1628128,2,,,0,102,,1628129,2,,,0,102,,1628130,2,,,0,142,,1628131,2,,,0,102,,1628132,2,,,0,102,,1628133,2,,,0,101,,1628134,2,,,0,104,,1628135,2,,,0,97,,1628136,2,,,0,100,,1628137,2,,,0,98,,1628138,2,,,0,98,,1628139,2,,,0,98,,1628140,2,,,0,58,,1628141,2,,,0,98,,1628142,2,,,0,98,,1628143,2,,,0
1303,'20261012',755,,1628144,2,,,0,102,,1628145,2,,,0,102,,1628146,2,,,0,142,,1628147,2,,,0,102,,1628148,2,,,0,102,,1628149,2,,,0,101,,1628150,2,,,0,104,,1628151,2,,,0,97,,1628152,2,,,0,100,,1628153,2,,,0,98,,1628154,2,,,0,98,,1628155,2,,,0,98,,1628156,2,,,0,58,,1628157,2,,,0,98,,1628158,2,,,0,98,,1628159,2,,,0
1303,'20261013',642,,1565817,2,,,0,104,,1565818,2,,,0,69,,1565819,2,,,0,101,,1565820,2,,,0,101,,1565821,2,,,0,99,,1565822,2,,,0,101,,1565823,2,,,0,99,,1565824,2,,,0,100,,1565825,2,,,0,96,,1565826,2,,,0,31,,1565835,2,,,0,70,,1565827,2,,,0,32,,1565836,2,,,0,76,,1565828,2,,,0,25,,1565837,2,,,0,70,,1565829,2,,,0,29,,1565838,2,,,0,68,,1565830,2,,,0,100,,1565831,2,,,0,100,,1565832,2,,,0,100,,1565833,2,,,0,99,,1565834,2,,,0
1303,'20261014',642,,1565840,2,,,0,104,,1565841,2,,,0,69,,1565842,2,,,0,101,,1565843,2,,,0,101,,1565844,2,,,0,99,,1565845,2,,,0,101,,1565846,2,,,0,99,,1565847,2,,,0,100,,1565848,2,,,0,96,,1565849,2,,,0,31,,1565858,2,,,0,70,,1565850,2,,,0,32,,1565859,2,,,0,76,,1565851,2,,,0,25,,1565860,2,,,0,70,,1565852,2,,,0,29,,1565861,2,,,0,68,,1565853,2,,,0,100,,1565854,2,,,0,100,,1565855,2,,,0,100,,1565856,2,,,0,99,,1565857,2,,,0
1303,'20261015',642,,1565863,2,,,0,104,,1565864,2,,,0,69,,1565865,2,,,0,101,,1565866,2,,,0,101,,1565867,2,,,0,99,,1565868,2,,,0,101,,1565869,2,,,0,99,,1565870,2,,,0,100,,1565871,2,,,0,96,,1565872,2,,,0,31,,1565881,2,,,0,70,,1565873,2,,,0,32,,1565882,2,,,0,76,,1565874,2,,,0,25,,1565883,2,,,0,70,,1565875,2,,,0,29,,1565884,2,,,0,68,,1565876,2,,,0,100,,1565877,2,,,0,100,,1565878,2,,,0,100,,1565879,2,,,0,99,,1565880,2,,,0
1303,'20261016',642,,1565886,2,,,0,104,,1565887,2,,,0,69,,1565888,2,,,0,101,,1565889,2,,,0,101,,1565890,2,,,0,99,,1565891,2,,,0,101,,1565892,2,,,0,99,,1565893,2,,,0,100,,1565894,2,,,0,96,,1565895,2,,,0,31,,1565904,2,,,0,70,,1565896,2,,,0,32,,1565905,2,,,0,76,,1565897,2,,,0,25,,1565906,2,,,0,70,,1565898,2,,,0,29,,1565907,2,,,0,68,,1565899,2,,,0,100,,1565900,2,,,0,100,,1565901,2,,,0,100,,1565902,2,,,0,99,,1565903,2,,,0
1303,'20261017',755,,1597545,2,,,0,102,,1597546,2,,,0,102,,1597547,2,,,0,142,,1597548,2,,,0,102,,1597549,2,,,0,102,,1597550,2,,,0,101,,1597551,2,,,0,104,,1597552,2,,,0,97,,1597553,2,,,0,100,,1597554,2,,,0,98,,1597555,2,,,0,98,,1597556,2,,,0,98,,1597557,2,,,0,58,,1597558,2,,,0,98,,1597559,2,,,0,98,,1597544,2,,,0
1303,'20261018',755,,1597560,2,,,0,102,,1597561,2,,,0,102,,1597562,2,,,0,142,,1597563,2,,,0,102,,1597564,2,,,0,102,,1597565,2,,,0,101,,1597566,2,,,0,104,,1597567,2,,,0,97,,1597568,2,,,0,100,,1597569,2,,,0,98,,1597570,2,,,0,98,,1597571,2,,,0,98,,1597572,2,,,0,58,,1597573,2,,,0,98,,1597574,2,,,0,98,,1597575,2,,,0
1303,'20261019',642,,1597576,2,,,0,104,,1597577,2,,,0,69,,1597578,2,,,0,101,,1597579,2,,,0,101,,1597580,2,,,0,99,,1597581,2,,,0,101,,1597582,2,,,0,99,,1597583,2,,,0,100,,1597584,2,,,0,96,,1597585,2,,,0,31,,1597594,2,,,0,70,,1597586,2,,,0,32,,1597595,2,,,0,76,,1597587,2,,,0,25,,1597596,2,,,0,70,,1597588,2,,,0,29,,1597597,2,,,0,68,,1597589,2,,,0,100,,1597590,2,,,0,100,,1597591,2,,,0,100,,1597592,2,,,0,99,,1597593,2,,,0
1303,'20261020',642,,1597599,2,,,0,104,,1597600,2,,,0,69,,1597601,2,,,0,101,,1597602,2,,,0,101,,1597603,2,,,0,99,,1597604,2,,,0,101,,1597605,2,,,0,99,,1597606,2,,,0,100,,1597607,2,,,0,96,,1597608,2,,,0,31,,1597617,2,,,0,70,,1597609,2,,,0,32,,1597618,2,,,0,76,,1597610,2,,,0,25,,1597619,2,,,0,70,,1597611,2,,,0,29,,1597620,2,,,0,68,,1597612,2,,,0,100,,1597613,2,,,0,100,,1597614,2,,,0,100,,1597615,2,,,0,99,,1597616,2,,,0
1303,'20261021',642,,1628160,2,,,0,104,,1628161,2,,,0,69,,1628162,2,,,0,101,,1628163,2,,,0,101,,1628164,2,,,0,99,,1628165,2,,,0,101,,1628166,2,,,0,99,,1628167,2,,,0,100,,1628168,2,,,0,96,,1628169,2,,,0,31,,1628178,2,,,0,70,,1628170,2,,,0,32,,1628179,2,,,0,76,,1628171,2,,,0,25,,1628180,2,,,0,70,,1628172,2,,,0,29,,1628181,2,,,0,68,,1628173,2,,,0,100,,1628174,2,,,0,100,,1628175,2,,,0,100,,1628176,2,,,0,99,,1628177,2,,,0
1303,'20261022',642,,1628183,2,,,0,104,,1628184,2,,,0,69,,1628185,2,,,0,101,,1628186,2,,,0,101,,1628187,2,,,0,99,,1628188,2,,,0,101,,1628189,2,,,0,99,,1628190,2,,,0,100,,1628191,2,,,0,96,,1628192,2,,,0,31,,1628201,2,,,0,70,,1628193,2,,,0,32,,1628202,2,,,0,76,,1628194,2,,,0,25,,1628203,2,,,0,70,,1628195,2,,,0,29,,1628204,2,,,0,68,,1628196,2,,,0,100,,1628197,2,,,0,100,,1628198,2,,,0,100,,1628199,2,,,0,99,,1628200,2,,,0
1303,'20261023',642,,1628206,2,,,0,104,,1628207,2,,,0,69,,1628208,2,,,0,101,,1628209,2,,,0,101,,1628210,2,,,0,99,,1628211,2,,,0,101,,1628212,2,,,0,99,,1628213,2,,,0,100,,1628214,2,,,0,96,,1628215,2,,,0,31,,1628224,2,,,0,70,,1628216,2,,,0,32,,1628225,2,,,0,76,,1628217,2,,,0,25,,1628226,2,,,0,70,,1628218,2,,,0,29,,1628227,2,,,0,68,,1628219,2,,,0,100,,1628220,2,,,0,100,,1628221,2,,,0,100,,1628222,2,,,0,99,,1628223,2,,,0
1802,'20261009',620,,1597992,5,,,0,21,,1597993,5,,,0,59,,1597994,5,,,0,17,,1597995,5,,,0,16,,1597996,5,,,0,16,,1597997,5,,,0,71,,1597998,5,,,0,31,,1597999,5,,,0,72,,1598000,5,,,0,30,,1598001,5,,,0,69,,1598002,5,,,0,30,,1598003,5,,,0,69,,1598004,5,,,0,20,,1598005,5,,,0,59,,1598006,5,,,0,21,,1598007,5,,,0,31,,1598008,5,,,0,70,,1598009,5,,,0,30,,1598010,5,,,0,70,,1598011,5,,,0,31,,1598012,5,,,0,50,,1598013,5,,,0,9,,1598014,5,,,0,10,,1598015,5,,,0,10,,1598016,5,,,0,9,,1598017,5,,,0,12,,1598018,5,,,0,54,,1598019,5,,,0,13,,1598020,5,,,0,22,,1598021,5,,,0,14,,1598022,5,,,0,58,,1598023,5,,,0,13,,1598024,5,,,0,14,,1598025,5,,,0,15,,1598026,5,,,0,54,,1598027,5,,,0,14,,1598028,5,,,0,30,,1598029,5,,,0,70,,1598030,5,,,0,99,,1598031,5,,,0,99,,1598032,5,,,0,99,,1598033,5,,,0,98,,1598034,5,,,0,101,,1598035,5,,,0
1802,'20261010',701,,1628364,5,,,0,100,,1628365,5,,,0,101,,1628366,5,,,0,100,,1628367,5,,,0,99,,1628368,5,,,0,54,,1628369,5,,,0,101,,1628370,5,,,0,145,,1628371,5,,,0,58,,1628372,5,,,0,99,,1628373,5,,,0,150,,1628374,5,,,0,96,,1628375,5,,,0,100,,1628376,5,,,0,96,,1628377,5,,,0,101,,1628378,5,,,0,100,,1628379,5,,,0,100,,1628380,5,,,0
1802,'20261011',701,,1628381,5,,,0,100,,1628382,5,,,0,101,,1628383,5,,,0,100,,1628384,5,,,0,99,,1628385,5,,,0,54,,1628386,5,,,0,101,,1628387,5,,,0,145,,1628388,5,,,0,58,,1628389,5,,,0,99,,1628390,5,,,0,150,,1628391,5,,,0,96,,1628392,5,,,0,100,,1628393,5,,,0,96,,1628394,5,,,0,101,,1628395,5,,,0,100,,1628396,5,,,0,100,,1628397,5,,,0
1802,'20261012',701,,1628398,5,,,0,100,,1628399,5,,,0,101,,1628400,5,,,0,100,,1628401,5,,,0,99,,1628402,5,,,0,54,,1628403,5,,,0,101,,1628404,5,,,0,145,,1628405,5,,,0,58,,1628406,5,,,0,99,,1628407,5,,,0,150,,1628408,5,,,0,96,,1628409,5,,,0,100,,1628410,5,,,0,96,,1628411,5,,,0,101,,1628412,5,,,0,100,,1628413,5,,,0,100,,1628414,5,,,0
1802,'20261013',620,,1566269,5,,,0,21,,1566270,5,,,0,59,,1566302,5,,,0,17,,1566271,5,,,0,16,,1566303,5,,,0,16,,1566272,5,,,0,71,,1566273,5,,,0,31,,1566274,5,,,0,72,,1566275,5,,,0,30,,1566276,5,,,0,69,,1566277,5,,,0,30,,1566278,5,,,0,69,,1566309,5,,,0,20,,1566279,5,,,0,59,,1566280,5,,,0,21,,1566281,5,,,0,31,,1566282,5,,,0,70,,1566283,5,,,0,30,,1566284,5,,,0,70,,1566285,5,,,0,31,,1566286,5,,,0,50,,1566305,5,,,0,9,,1566310,5,,,0,10,,1566287,5,,,0,10,,1566306,5,,,0,9,,1566311,5,,,0,12,,1566288,5,,,0,54,,1566307,5,,,0,13,,1566289,5,,,0,22,,1566308,5,,,0,14,,1566290,5,,,0,58,,1566291,5,,,0,13,,1566292,5,,,0,14,,1566293,5,,,0,15,,1566294,5,,,0,54,,1566295,5,,,0,14,,1566296,5,,,0,30,,1566304,5,,,0,70,,1566312,5,,,0,99,,1566300,5,,,0,99,,1566298,5,,,0,99,,1566301,5,,,0,98,,1566297,5,,,0,101,,1566299,5,,,0
1802,'20261014',620,,1566313,5,,,0,21,,1566314,5,,,0,59,,1566346,5,,,0,17,,1566315,5,,,0,16,,1566347,5,,,0,16,,1566316,5,,,0,71,,1566317,5,,,0,31,,1566318,5,,,0,72,,1566319,5,,,0,30,,1566320,5,,,0,69,,1566321,5,,,0,30,,1566322,5,,,0,69,,1566353,5,,,0,20,,1566323,5,,,0,59,,1566324,5,,,0,21,,1566325,5,,,0,31,,1566326,5,,,0,70,,1566327,5,,,0,30,,1566328,5,,,0,70,,1566329,5,,,0,31,,1566330,5,,,0,50,,1566349,5,,,0,9,,1566354,5,,,0,10,,1566331,5,,,0,10,,1566350,5,,,0,9,,1566355,5,,,0,12,,1566332,5,,,0,54,,1566351,5,,,0,13,,1566333,5,,,0,22,,1566352,5,,,0,14,,1566334,5,,,0,58,,1566335,5,,,0,13,,1566336,5,,,0,14,,1566337,5,,,0,15,,1566338,5,,,0,54,,1566339,5,,,0,14,,1566340,5,,,0,30,,1566348,5,,,0,70,,1566356,5,,,0,99,,1566344,5,,,0,99,,1566342,5,,,0,99,,1566345,5,,,0,98,,1566341,5,,,0,101,,1566343,5,,,0
1802,'20261015',620,,1566357,5,,,0,21,,1566358,5,,,0,59,,1566390,5,,,0,17,,1566359,5,,,0,16,,1566391,5,,,0,16,,1566360,5,,,0,71,,1566361,5,,,0,31,,1566362,5,,,0,72,,1566363,5,,,0,30,,1566364,5,,,0,69,,1566365,5,,,0,30,,1566366,5,,,0,69,,1566397,5,,,0,20,,1566367,5,,,0,59,,1566368,5,,,0,21,,1566369,5,,,0,31,,1566370,5,,,0,70,,1566371,5,,,0,30,,1566372,5,,,0,70,,1566373,5,,,0,31,,1566374,5,,,0,50,,1566393,5,,,0,9,,1566398,5,,,0,10,,1566375,5,,,0,10,,1566394,5,,,0,9,,1566399,5,,,0,12,,1566376,5,,,0,54,,1566395,5,,,0,13,,1566377,5,,,0,22,,1566396,5,,,0,14,,1566378,5,,,0,58,,1566379,5,,,0,13,,1566380,5,,,0,14,,1566381,5,,,0,15,,1566382,5,,,0,54,,1566383,5,,,0,14,,1566384,5,,,0,30,,1566392,5,,,0,70,,1566400,5,,,0,99,,1566388,5,,,0,99,,1566386,5,,,0,99,,1566389,5,,,0,98,,1566385,5,,,0,101,,1566387,5,,,0
1802,'20261016',620,,1566401,5,,,0,21,,1566402,5,,,0,59,,1566434,5,,,0,17,,1566403,5,,,0,16,,1566435,5,,,0,16,,1566404,5,,,0,71,,1566405,5,,,0,31,,1566406,5,,,0,72,,1566407,5,,,0,30,,1566408,5,,,0,69,,1566409,5,,,0,30,,1566410,5,,,0,69,,1566441,5,,,0,20,,1566411,5,,,0,59,,1566412,5,,,0,21,,1566413,5,,,0,31,,1566414,5,,,0,70,,1566415,5,,,0,30,,1566416,5,,,0,70,,1566417,5,,,0,31,,1566418,5,,,0,50,,1566437,5,,,0,9,,1566442,5,,,0,10,,1566419,5,,,0,10,,1566438,5,,,0,9,,1566443,5,,,0,12,,1566420,5,,,0,54,,1566439,5,,,0,13,,1566421,5,,,0,22,,1566440,5,,,0,14,,1566422,5,,,0,58,,1566423,5,,,0,13,,1566424,5,,,0,14,,1566425,5,,,0,15,,1566426,5,,,0,54,,1566427,5,,,0,14,,1566428,5,,,0,30,,1566436,5,,,0,70,,1566444,5,,,0,99,,1566432,5,,,0,99,,1566430,5,,,0,99,,1566433,5,,,0,98,,1566429,5,,,0,101,,1566431,5,,,0
1802,'20261017',701,,1598051,5,,,0,100,,1598037,5,,,0,101,,1598038,5,,,0,100,,1598039,5,,,0,99,,1598040,5,,,0,54,,1598041,5,,,0,101,,1598042,5,,,0,145,,1598043,5,,,0,58,,1598044,5,,,0,99,,1598045,5,,,0,150,,1598046,5,,,0,96,,1598047,5,,,0,100,,1598048,5,,,0,96,,1598049,5,,,0,101,,1598050,5,,,0,100,,1598036,5,,,0,100,,1598052,5,,,0
1802,'20261018',701,,1598068,5,,,0,100,,1598054,5,,,0,101,,1598055,5,,,0,100,,1598056,5,,,0,99,,1598057,5,,,0,54,,1598058,5,,,0,101,,1598059,5,,,0,145,,1598060,5,,,0,58,,1598061,5,,,0,99,,1598062,5,,,0,150,,1598063,5,,,0,96,,1598064,5,,,0,100,,1598065,5,,,0,96,,1598066,5,,,0,101,,1598067,5,,,0,100,,1598053,5,,,0,100,,1598069,5,,,0
1802,'20261019',620,,1598070,5,,,0,21,,1598071,5,,,0,59,,1598103,5,,,0,17,,1598072,5,,,0,16,,1598104,5,,,0,16,,1598073,5,,,0,71,,1598074,5,,,0,31,,1598075,5,,,0,72,,1598076,5,,,0,30,,1598077,5,,,0,69,,1598078,5,,,0,30,,1598079,5,,,0,69,,1598110,5,,,0,20,,1598080,5,,,0,59,,1598081,5,,,0,21,,1598082,5,,,0,31,,1598083,5,,,0,70,,1598084,5,,,0,30,,1598085,5,,,0,70,,1598086,5,,,0,31,,1598087,5,,,0,50,,1598106,5,,,0,9,,1598111,5,,,0,10,,1598088,5,,,0,10,,1598107,5,,,0,9,,1598112,5,,,0,12,,1598089,5,,,0,54,,1598108,5,,,0,13,,1598090,5,,,0,22,,1598109,5,,,0,14,,1598091,5,,,0,58,,1598092,5,,,0,13,,1598093,5,,,0,14,,1598094,5,,,0,15,,1598095,5,,,0,54,,1598096,5,,,0,14,,1598097,5,,,0,30,,1598105,5,,,0,70,,1598113,5,,,0,99,,1598101,5,,,0,99,,1598099,5,,,0,99,,1598102,5,,,0,98,,1598098,5,,,0,101,,1598100,5,,,0
1802,'20261020',620,,1598114,5,,,0,21,,1598115,5,,,0,59,,1598147,5,,,0,17,,1598116,5,,,0,16,,1598148,5,,,0,16,,1598117,5,,,0,71,,1598118,5,,,0,31,,1598119,5,,,0,72,,1598120,5,,,0,30,,1598121,5,,,0,69,,1598122,5,,,0,30,,1598123,5,,,0,69,,1598154,5,,,0,20,,1598124,5,,,0,59,,1598125,5,,,0,21,,1598126,5,,,0,31,,1598127,5,,,0,70,,1598128,5,,,0,30,,1598129,5,,,0,70,,1598130,5,,,0,31,,1598131,5,,,0,50,,1598150,5,,,0,9,,1598155,5,,,0,10,,1598132,5,,,0,10,,1598151,5,,,0,9,,1598156,5,,,0,12,,1598133,5,,,0,54,,1598152,5,,,0,13,,1598134,5,,,0,22,,1598153,5,,,0,14,,1598135,5,,,0,58,,1598136,5,,,0,13,,1598137,5,,,0,14,,1598138,5,,,0,15,,1598139,5,,,0,54,,1598140,5,,,0,14,,1598141,5,,,0,30,,1598149,5,,,0,70,,1598157,5,,,0,99,,1598145,5,,,0,99,,1598143,5,,,0,99,,1598146,5,,,0,98,,1598142,5,,,0,101,,1598144,5,,,0
1802,'20261021',620,,1628415,5,,,0,21,,1628416,5,,,0,59,,1628448,5,,,0,17,,1628417,5,,,0,16,,1628449,5,,,0,16,,1628418,5,,,0,71,,1628419,5,,,0,31,,1628420,5,,,0,72,,1628421,5,,,0,30,,1628422,5,,,0,69,,1628423,5,,,0,30,,1628424,5,,,0,69,,1628455,5,,,0,20,,1628425,5,,,0,59,,1628426,5,,,0,21,,1628427,5,,,0,31,,1628428,5,,,0,70,,1628429,5,,,0,30,,1628430,5,,,0,70,,1628431,5,,,0,31,,1628432,5,,,0,50,,1628451,5,,,0,9,,1628456,5,,,0,10,,1628433,5,,,0,10,,1628452,5,,,0,9,,1628457,5,,,0,12,,1628434,5,,,0,54,,1628453,5,,,0,13,,1628435,5,,,0,22,,1628454,5,,,0,14,,1628436,5,,,0,58,,1628437,5,,,0,13,,1628438,5,,,0,14,,1628439,5,,,0,15,,1628440,5,,,0,54,,1628441,5,,,0,14,,1628442,5,,,0,30,,1628450,5,,,0,70,,1628458,5,,,0,99,,1628446,5,,,0,99,,1628444,5,,,0,99,,1628447,5,,,0,98,,1628443,5,,,0,101,,1628445,5,,,0
1802,'20261022',620,,1628459,5,,,0,21,,1628460,5,,,0,59,,1628492,5,,,0,17,,1628461,5,,,0,16,,1628493,5,,,0,16,,1628462,5,,,0,71,,1628463,5,,,0,31,,1628464,5,,,0,72,,1628465,5,,,0,30,,1628466,5,,,0,69,,1628467,5,,,0,30,,1628468,5,,,0,69,,1628499,5,,,0,20,,1628469,5,,,0,59,,1628470,5,,,0,21,,1628471,5,,,0,31,,1628472,5,,,0,70,,1628473,5,,,0,30,,1628474,5,,,0,70,,1628475,5,,,0,31,,1628476,5,,,0,50,,1628495,5,,,0,9,,1628500,5,,,0,10,,1628477,5,,,0,10,,1628496,5,,,0,9,,1628501,5,,,0,12,,1628478,5,,,0,54,,1628497,5,,,0,13,,1628479,5,,,0,22,,1628498,5,,,0,14,,1628480,5,,,0,58,,1628481,5,,,0,13,,1628482,5,,,0,14,,1628483,5,,,0,15,,1628484,5,,,0,54,,1628485,5,,,0,14,,1628486,5,,,0,30,,1628494,5,,,0,70,,1628502,5,,,0,99,,1628490,5,,,0,99,,1628488,5,,,0,99,,1628491,5,,,0,98,,1628487,5,,,0,101,,1628489,5,,,0
1802,'20261023',620,,1628503,5,,,0,21,,1628504,5,,,0,59,,1628536,5,,,0,17,,1628505,5,,,0,16,,1628537,5,,,0,16,,1628506,5,,,0,71,,1628507,5,,,0,31,,1628508,5,,,0,72,,1628509,5,,,0,30,,1628510,5,,,0,69,,1628511,5,,,0,30,,1628512,5,,,0,69,,1628543,5,,,0,20,,1628513,5,,,0,59,,1628514,5,,,0,21,,1628515,5,,,0,31,,1628516,5,,,0,70,,1628517,5,,,0,30,,1628518,5,,,0,70,,1628519,5,,,0,31,,1628520,5,,,0,50,,1628539,5,,,0,9,,1628544,5,,,0,10,,1628521,5,,,0,10,,1628540,5,,,0,9,,1628545,5,,,0,12,,1628522,5,,,0,54,,1628541,5,,,0,13,,1628523,5,,,0,22,,1628542,5,,,0,14,,1628524,5,,,0,58,,1628525,5,,,0,13,,1628526,5,,,0,14,,1628527,5,,,0,15,,1628528,5,,,0,54,,1628529,5,,,0,14,,1628530,5,,,0,30,,1628538,5,,,0,70,,1628546,5,,,0,99,,1628534,5,,,0,99,,1628532,5,,,0,99,,1628535,5,,,0,98,,1628531,5,,,0,101,,1628533,5,,,0
2201,'20261009',642,,1598912,23,,,0,72,,1598913,23,,,0,32,,1598914,23,,,0,69,,1598915,23,,,0,29,,1598916,23,,,0,702,,1598917,23,,,0,72,,1598918,23,,,0,31,,1598919,23,,,0,67,,1598920,23,,,0,126,,1598921,23,,,0
2201,'20261013',642,,1567196,23,,,0,72,,1567187,23,,,0,32,,1567188,23,,,0,69,,1567189,23,,,0,29,,1567190,23,,,0,702,,1567191,23,,,0,72,,1567192,23,,,0,31,,1567193,23,,,0,67,,1567194,23,,,0,33,,1567195,23,,,0,93,,1567197,23,,,0
2201,'20261014',642,,1567207,23,,,0,72,,1567198,23,,,0,32,,1567199,23,,,0,69,,1567200,23,,,0,29,,1567201,23,,,0,702,,1567202,23,,,0,72,,1567203,23,,,0,31,,1567204,23,,,0,67,,1567205,23,,,0,33,,1567206,23,,,0,93,,1567208,23,,,0
2201,'20261015',642,,1567218,23,,,0,72,,1567209,23,,,0,32,,1567210,23,,,0,69,,1567211,23,,,0,29,,1567212,23,,,0,702,,1567213,23,,,0,72,,1567214,23,,,0,31,,1567215,23,,,0,67,,1567216,23,,,0,33,,1567217,23,,,0,93,,1567219,23,,,0
2201,'20261016',642,,1567229,23,,,0,72,,1567220,23,,,0,32,,1567221,23,,,0,69,,1567222,23,,,0,29,,1567223,23,,,0,702,,1567224,23,,,0,72,,1567225,23,,,0,31,,1567226,23,,,0,67,,1567227,23,,,0,33,,1567228,23,,,0,93,,1567230,23,,,0
2201,'20261019',642,,1598931,23,,,0,72,,1598922,23,,,0,32,,1598923,23,,,0,69,,1598924,23,,,0,29,,1598925,23,,,0,702,,1598926,23,,,0,72,,1598927,23,,,0,31,,1598928,23,,,0,67,,1598929,23,,,0,33,,1598930,23,,,0,93,,1598932,23,,,0
2201,'20261020',642,,1598942,23,,,0,72,,1598933,23,,,0,32,,1598934,23,,,0,69,,1598935,23,,,0,29,,1598936,23,,,0,702,,1598937,23,,,0,72,,1598938,23,,,0,31,,1598939,23,,,0,67,,1598940,23,,,0,33,,1598941,23,,,0,93,,1598943,23,,,0
2201,'20261021',642,,1629024,23,,,0,72,,1629015,23,,,0,32,,1629016,23,,,0,69,,1629017,23,,,0,29,,1629018,23,,,0,702,,1629019,23,,,0,72,,1629020,23,,,0,31,,1629021,23,,,0,67,,1629022,23,,,0,33,,1629023,23,,,0,93,,1629025,23,,,0
2201,'20261022',642,,1629035,23,,,0,72,,1629026,23,,,0,32,,1629027,23,,,0,69,,1629028,23,,,0,29,,1629029,23,,,0,702,,1629030,23,,,0,72,,1629031,23,,,0,31,,1629032,23,,,0,67,,1629033,23,,,0,33,,1629034,23,,,0,93,,1629036,23,,,0
2201,'20261023',642,,1629046,23,,,0,72,,1629037,23,,,0,32,,1629038,23,,,0,69,,1629039,23,,,0,29,,1629040,23,,,0,702,,1629041,23,,,0,72,,1629042,23,,,0,31,,1629043,23,,,0,67,,1629044,23,,,0,33,,1629045,23,,,0,93,,1629047,23,,,0
7901,'20261009',705,,1607191,52,,,0,31,,1607192,52,,,0,70,,1607193,52,,,0,29,,1607194,52,,,0,69,,1607195,52,,,0,100,,1607196,52,,,0
7901,'20261013',705,,1575482,52,,,0,31,,1575483,52,,,0,70,,1575484,52,,,0,29,,1575485,52,,,0,69,,1575486,52,,,0,100,,1575487,52,,,0
7901,'20261014',705,,1575504,52,,,0,31,,1575505,52,,,0,70,,1575506,52,,,0,29,,1575507,52,,,0,69,,1575508,52,,,0,100,,1575509,52,,,0
7901,'20261015',705,,1575526,52,,,0,31,,1575527,52,,,0,70,,1575528,52,,,0,29,,1575529,52,,,0,69,,1575530,52,,,0,100,,1575531,52,,,0
7901,'20261016',705,,1575548,52,,,0,31,,1575549,52,,,0,70,,1575550,52,,,0,29,,1575551,52,,,0,69,,1575552,52,,,0,100,,1575553,52,,,0
7901,'20261019',705,,1607249,52,,,0,31,,1607250,52,,,0,70,,1607251,52,,,0,29,,1607252,52,,,0,69,,1607253,52,,,0,100,,1607254,52,,,0
7901,'20261020',705,,1607271,52,,,0,31,,1607272,52,,,0,70,,1607273,52,,,0,29,,1607274,52,,,0,69,,1607275,52,,,0,100,,1607276,52,,,0
7901,'20261021',705,,1634779,52,,,0,31,,1634780,52,,,0,70,,1634781,52,,,0,29,,1634782,52,,,0,69,,1634783,52,,,0,100,,1634784,52,,,0
7901,'20261022',705,,1634801,52,,,0,31,,1634802,52,,,0,70,,1634803,52,,,0,29,,1634804,52,,,0,69,,1634805,52,,,0,100,,1634806,52,,,0
7901,'20261023',705,,1634823,52,,,0,31,,1634824,52,,,0,70,,1634825,52,,,0,29,,1634826,52,,,0,69,,1634827,52,,,0,100,,1634828,52,,,0
8801,'20261009',720,,1609422,38,,,0,2,,1609423,38,,,0,31,,1609424,38,,,0,72,,1609425,38,,,0,25,,1609426,38,,,0,169,,1609427,38,,,0,535,,1609428,38,,,0,71,,1609429,38,,,0,99,,1609430,38,,,0,124,,1609431,38,,,0
8801,'20261013',722,,1577680,38,,,0,31,,1577681,38,,,0,72,,1577682,38,,,0,25,,1577683,38,,,0,169,,1577687,38,,,0,535,,1577684,38,,,0,71,,1577685,38,,,0,99,,1577686,38,,,0,124,,1577688,38,,,0
8801,'20261014',722,,1577689,38,,,0,31,,1577690,38,,,0,72,,1577691,38,,,0,25,,1577692,38,,,0,169,,1577696,38,,,0,535,,1577693,38,,,0,71,,1577694,38,,,0,99,,1577695,38,,,0,124,,1577697,38,,,0
8801,'20261015',722,,1577698,38,,,0,31,,1577699,38,,,0,72,,1577700,38,,,0,25,,1577701,38,,,0,169,,1577705,38,,,0,535,,1577702,38,,,0,71,,1577703,38,,,0,99,,1577704,38,,,0,124,,1577706,38,,,0
8801,'20261016',722,,1577707,38,,,0,31,,1577708,38,,,0,72,,1577709,38,,,0,25,,1577710,38,,,0,169,,1577714,38,,,0,535,,1577711,38,,,0,71,,1577712,38,,,0,99,,1577713,38,,,0,124,,1577715,38,,,0
8801,'20261019',722,,1609432,38,,,0,31,,1609433,38,,,0,72,,1609434,38,,,0,25,,1609435,38,,,0,169,,1609439,38,,,0,535,,1609436,38,,,0,71,,1609437,38,,,0,99,,1609438,38,,,0,124,,1609440,38,,,0
8801,'20261020',722,,1609441,38,,,0,31,,1609442,38,,,0,72,,1609443,38,,,0,25,,1609444,38,,,0,169,,1609448,38,,,0,535,,1609445,38,,,0,71,,1609446,38,,,0,99,,1609447,38,,,0,124,,1609449,38,,,0
8801,'20261021',722,,1636314,38,,,0,31,,1636315,38,,,0,72,,1636316,38,,,0,25,,1636317,38,,,0,169,,1636321,38,,,0,535,,1636318,38,,,0,71,,1636319,38,,,0,99,,1636320,38,,,0,124,,1636322,38,,,0
8801,'20261022',722,,1636323,38,,,0,31,,1636324,38,,,0,72,,1636325,38,,,0,25,,1636326,38,,,0,169,,1636330,38,,,0,535,,1636327,38,,,0,71,,1636328,38,,,0,99,,1636329,38,,,0,124,,1636331,38,,,0
8801,'20261023',722,,1636332,38,,,0,31,,1636333,38,,,0,72,,1636334,38,,,0,25,,1636335,38,,,0,169,,1636339,38,,,0,535,,1636336,38,,,0,71,,1636337,38,,,0,99,,1636338,38,,,0,124,,1636340,38,,,0
9102,'20261009',542,,1609585,52,,,0,102,,1609586,52,,,0,73,,1609587,52,,,0,31,,1609588,52,,,0,69,,1609589,52,,,0,30,,1609590,52,,,0,69,,1609591,51,,,0,99,,1609592,51,,,0,100,,1609593,51,,,0,102,,1609594,51,,,0,99,,1609595,51,,,0,100,,1609596,51,,,0,100,,1609597,51,,,0,98,,1609598,52,,,0,104,,1609599,52,,,0,100,,1609600,52,,,0,97,,1609601,51,,,0,100,,1609602,51,,,0,99,,1609603,51,,,0,99,,1609604,51,,,0,98,,1609605,52,,,0
9102,'20261010',611,,1636377,52,,,0,101,,1636378,52,,,0,101,,1636379,52,,,0,100,,1636380,51,,,0,101,,1636381,51,,,0,101,,1636382,51,,,0,100,,1636383,51,,,0,100,,1636384,51,,,0,100,,1636385,51,,,0,100,,1636386,51,,,0,100,,1636387,51,,,0,100,,1636388,51,,,0,99,,1636389,51,,,0,98,,1636390,52,,,0,100,,1636391,52,,,0,100,,1636392,52,,,0,100,,1636393,52,,,0,99,,1636394,52,,,0
9102,'20261011',611,,1636395,52,,,0,101,,1636396,52,,,0,101,,1636397,52,,,0,100,,1636398,51,,,0,101,,1636399,51,,,0,101,,1636400,51,,,0,100,,1636401,51,,,0,100,,1636402,51,,,0,100,,1636403,51,,,0,100,,1636404,51,,,0,100,,1636405,51,,,0,100,,1636406,51,,,0,99,,1636407,51,,,0,98,,1636408,52,,,0,100,,1636409,52,,,0,100,,1636410,52,,,0,100,,1636411,52,,,0,99,,1636412,52,,,0
9102,'20261012',611,,1636413,52,,,0,101,,1636414,52,,,0,101,,1636415,52,,,0,100,,1636416,51,,,0,101,,1636417,51,,,0,101,,1636418,51,,,0,100,,1636419,51,,,0,100,,1636420,51,,,0,100,,1636421,51,,,0,100,,1636422,51,,,0,100,,1636423,51,,,0,100,,1636424,51,,,0,99,,1636425,51,,,0,98,,1636426,52,,,0,100,,1636427,52,,,0,100,,1636428,52,,,0,100,,1636429,52,,,0,99,,1636430,52,,,0
9102,'20261013',542,,1577865,52,,,0,102,,1577866,52,,,0,73,,1577867,52,,,0,31,,1577868,52,,,0,69,,1577869,52,,,0,30,,1577870,52,,,0,69,,1577871,51,,,0,99,,1577872,51,,,0,100,,1577873,51,,,0,102,,1577874,51,,,0,99,,1577875,51,,,0,100,,1577876,51,,,0,100,,1577877,51,,,0,98,,1577878,52,,,0,104,,1577879,52,,,0,100,,1577880,52,,,0,97,,1577881,51,,,0,100,,1577882,51,,,0,99,,1577883,51,,,0,99,,1577884,51,,,0,98,,1577885,52,,,0
9102,'20261014',542,,1577886,52,,,0,102,,1577887,52,,,0,73,,1577888,52,,,0,31,,1577889,52,,,0,69,,1577890,52,,,0,30,,1577891,52,,,0,69,,1577892,51,,,0,99,,1577893,51,,,0,100,,1577894,51,,,0,102,,1577895,51,,,0,99,,1577896,51,,,0,100,,1577897,51,,,0,100,,1577898,51,,,0,98,,1577899,52,,,0,104,,1577900,52,,,0,100,,1577901,52,,,0,97,,1577902,51,,,0,100,,1577903,51,,,0,99,,1577904,51,,,0,99,,1577905,51,,,0,98,,1577906,52,,,0
9102,'20261015',542,,1577907,52,,,0,102,,1577908,52,,,0,73,,1577909,52,,,0,31,,1577910,52,,,0,69,,1577911,52,,,0,30,,1577912,52,,,0,69,,1577913,51,,,0,99,,1577914,51,,,0,100,,1577915,51,,,0,102,,1577916,51,,,0,99,,1577917,51,,,0,100,,1577918,51,,,0,100,,1577919,51,,,0,98,,1577920,52,,,0,104,,1577921,52,,,0,100,,1577922,52,,,0,97,,1577923,51,,,0,100,,1577924,51,,,0,99,,1577925,51,,,0,99,,1577926,51,,,0,98,,1577927,52,,,0
9102,'20261016',542,,1577928,52,,,0,102,,1577929,52,,,0,73,,1577930,52,,,0,31,,1577931,52,,,0,69,,1577932,52,,,0,30,,1577933,52,,,0,69,,1577934,51,,,0,99,,1577935,51,,,0,100,,1577936,51,,,0,102,,1577937,51,,,0,99,,1577938,51,,,0,100,,1577939,51,,,0,100,,1577940,51,,,0,98,,1577941,52,,,0,104,,1577942,52,,,0,100,,1577943,52,,,0,97,,1577944,51,,,0,100,,1577945,51,,,0,99,,1577946,51,,,0,99,,1577947,51,,,0,98,,1577948,52,,,0
9102,'20261017',611,,1609606,52,,,0,101,,1609607,52,,,0,101,,1609608,52,,,0,100,,1609609,51,,,0,101,,1609610,51,,,0,101,,1609611,51,,,0,100,,1609612,51,,,0,100,,1609613,51,,,0,100,,1609614,51,,,0,100,,1609615,51,,,0,100,,1609616,51,,,0,100,,1609617,51,,,0,99,,1609618,51,,,0,98,,1609619,52,,,0,100,,1609620,52,,,0,100,,1609621,52,,,0,100,,1609622,52,,,0,99,,1609623,52,,,0
9102,'20261018',611,,1609624,52,,,0,101,,1609625,52,,,0,101,,1609626,52,,,0,100,,1609627,51,,,0,101,,1609628,51,,,0,101,,1609629,51,,,0,100,,1609630,51,,,0,100,,1609631,51,,,0,100,,1609632,51,,,0,100,,1609633,51,,,0,100,,1609634,51,,,0,100,,1609635,51,,,0,99,,1609636,51,,,0,98,,1609637,52,,,0,100,,1609638,52,,,0,100,,1609639,52,,,0,100,,1609640,52,,,0,99,,1609641,52,,,0
9102,'20261019',542,,1609642,52,,,0,102,,1609643,52,,,0,73,,1609644,52,,,0,31,,1609645,52,,,0,69,,1609646,52,,,0,30,,1609647,52,,,0,69,,1609648,51,,,0,99,,1609649,51,,,0,100,,1609650,51,,,0,102,,1609651,51,,,0,99,,1609652,51,,,0,100,,1609653,51,,,0,100,,1609654,51,,,0,98,,1609655,52,,,0,104,,1609656,52,,,0,100,,1609657,52,,,0,97,,1609658,51,,,0,100,,1609659,51,,,0,99,,1609660,51,,,0,99,,1609661,51,,,0,98,,1609662,52,,,0
9102,'20261020',542,,1609663,52,,,0,102,,1609664,52,,,0,73,,1609665,52,,,0,31,,1609666,52,,,0,69,,1609667,52,,,0,30,,1609668,52,,,0,69,,1609669,51,,,0,99,,1609670,51,,,0,100,,1609671,51,,,0,102,,1609672,51,,,0,99,,1609673,51,,,0,100,,1609674,51,,,0,100,,1609675,51,,,0,98,,1609676,52,,,0,104,,1609677,52,,,0,100,,1609678,52,,,0,97,,1609679,51,,,0,100,,1609680,51,,,0,99,,1609681,51,,,0,99,,1609682,51,,,0,98,,1609683,52,,,0
9102,'20261021',542,,1636431,52,,,0,102,,1636432,52,,,0,73,,1636433,52,,,0,31,,1636434,52,,,0,69,,1636435,52,,,0,30,,1636436,52,,,0,69,,1636437,51,,,0,99,,1636438,51,,,0,100,,1636439,51,,,0,102,,1636440,51,,,0,99,,1636441,51,,,0,100,,1636442,51,,,0,100,,1636443,51,,,0,98,,1636444,52,,,0,104,,1636445,52,,,0,100,,1636446,52,,,0,97,,1636447,51,,,0,100,,1636448,51,,,0,99,,1636449,51,,,0,99,,1636450,51,,,0,98,,1636451,52,,,0
9102,'20261022',542,,1636452,52,,,0,102,,1636453,52,,,0,73,,1636454,52,,,0,31,,1636455,52,,,0,69,,1636456,52,,,0,30,,1636457,52,,,0,69,,1636458,51,,,0,99,,1636459,51,,,0,100,,1636460,51,,,0,102,,1636461,51,,,0,99,,1636462,51,,,0,100,,1636463,51,,,0,100,,1636464,51,,,0,98,,1636465,52,,,0,104,,1636466,52,,,0,100,,1636467,52,,,0,97,,1636468,51,,,0,100,,1636469,51,,,0,99,,1636470,51,,,0,99,,1636471,51,,,0,98,,1636472,52,,,0
9102,'20261023',542,,1636473,52,,,0,102,,1636474,52,,,0,73,,1636475,52,,,0,31,,1636476,52,,,0,69,,1636477,52,,,0,30,,1636478,52,,,0,69,,1636479,51,,,0,99,,1636480,51,,,0,100,,1636481,51,,,0,102,,1636482,51,,,0,99,,1636483,51,,,0,100,,1636484,51,,,0,100,,1636485,51,,,0,98,,1636486,52,,,0,104,,1636487,52,,,0,100,,1636488,52,,,0,97,,1636489,51,,,0,100,,1636490,51,,,0,99,,1636491,51,,,0,99,,1636492,51,,,0,98,,1636493,52,,,0
9202,'20261009',611,,1609910,43,,,0,100,,1609911,43,,,0,36,,1609912,43,,,0,71,,1609913,43,,,0,29,,1609914,43,,,0,69,,1609915,43,,,0,99,,1609916,43,,,0,100,,1609917,43,,,0,102,,1609918,43,,,0,100,,1609919,43,,,0,100,,1609920,43,,,0,100,,1609921,43,,,0,108,,1609922,43,,,0,101,,1609923,43,,,0,94,,1609924,43,,,0,96,,1609925,43,,,0,98,,1609926,43,,,0,99,,1609927,43,,,0,98,,1609928,43,,,0,97,,1609929,43,,,0
9202,'20261010',629,,1636611,43,,,0,102,,1636612,43,,,0,100,,1636613,43,,,0,100,,1636614,43,,,0,101,,1636615,43,,,0,100,,1636616,43,,,0,97,,1636617,43,,,0,101,,1636618,43,,,0,101,,1636619,43,,,0,102,,1636620,43,,,0,101,,1636621,43,,,0,104,,1636622,43,,,0,96,,1636623,43,,,0,99,,1636624,43,,,0,97,,1636625,43,,,0,100,,1636626,43,,,0,100,,1636627,43,,,0
9202,'20261011',629,,1636628,43,,,0,102,,1636629,43,,,0,100,,1636630,43,,,0,100,,1636631,43,,,0,101,,1636632,43,,,0,100,,1636633,43,,,0,97,,1636634,43,,,0,101,,1636635,43,,,0,101,,1636636,43,,,0,102,,1636637,43,,,0,101,,1636638,43,,,0,104,,1636639,43,,,0,96,,1636640,43,,,0,99,,1636641,43,,,0,97,,1636642,43,,,0,100,,1636643,43,,,0,100,,1636644,43,,,0
9202,'20261012',629,,1636645,43,,,0,102,,1636646,43,,,0,100,,1636647,43,,,0,100,,1636648,43,,,0,101,,1636649,43,,,0,100,,1636650,43,,,0,97,,1636651,43,,,0,101,,1636652,43,,,0,101,,1636653,43,,,0,102,,1636654,43,,,0,101,,1636655,43,,,0,104,,1636656,43,,,0,96,,1636657,43,,,0,99,,1636658,43,,,0,97,,1636659,43,,,0,100,,1636660,43,,,0,100,,1636661,43,,,0
9202,'20261013',611,,1578206,43,,,0,100,,1578205,43,,,0,36,,1578204,43,,,0,71,,1578187,43,,,0,29,,1578203,43,,,0,69,,1578188,43,,,0,99,,1578189,43,,,0,100,,1578190,43,,,0,102,,1578192,43,,,0,100,,1578193,43,,,0,100,,1578191,43,,,0,100,,1578199,43,,,0,108,,1578197,43,,,0,101,,1578198,43,,,0,94,,1578200,43,,,0,96,,1578194,43,,,0,98,,1578195,43,,,0,99,,1578196,43,,,0,98,,1578201,43,,,0,97,,1578202,43,,,0
9202,'20261014',611,,1578226,43,,,0,100,,1578225,43,,,0,36,,1578224,43,,,0,71,,1578207,43,,,0,29,,1578223,43,,,0,69,,1578208,43,,,0,99,,1578209,43,,,0,100,,1578210,43,,,0,102,,1578212,43,,,0,100,,1578213,43,,,0,100,,1578211,43,,,0,100,,1578219,43,,,0,108,,1578217,43,,,0,101,,1578218,43,,,0,94,,1578220,43,,,0,96,,1578214,43,,,0,98,,1578215,43,,,0,99,,1578216,43,,,0,98,,1578221,43,,,0,97,,1578222,43,,,0
9202,'20261015',611,,1578246,43,,,0,100,,1578245,43,,,0,36,,1578244,43,,,0,71,,1578227,43,,,0,29,,1578243,43,,,0,69,,1578228,43,,,0,99,,1578229,43,,,0,100,,1578230,43,,,0,102,,1578232,43,,,0,100,,1578233,43,,,0,100,,1578231,43,,,0,100,,1578239,43,,,0,108,,1578237,43,,,0,101,,1578238,43,,,0,94,,1578240,43,,,0,96,,1578234,43,,,0,98,,1578235,43,,,0,99,,1578236,43,,,0,98,,1578241,43,,,0,97,,1578242,43,,,0
9202,'20261016',611,,1578266,43,,,0,100,,1578265,43,,,0,36,,1578264,43,,,0,71,,1578247,43,,,0,29,,1578263,43,,,0,69,,1578248,43,,,0,99,,1578249,43,,,0,100,,1578250,43,,,0,102,,1578252,43,,,0,100,,1578253,43,,,0,100,,1578251,43,,,0,100,,1578259,43,,,0,108,,1578257,43,,,0,101,,1578258,43,,,0,94,,1578260,43,,,0,96,,1578254,43,,,0,98,,1578255,43,,,0,99,,1578256,43,,,0,98,,1578261,43,,,0,97,,1578262,43,,,0
9202,'20261017',629,,1609946,43,,,0,102,,1609945,43,,,0,100,,1609930,43,,,0,100,,1609941,43,,,0,101,,1609940,43,,,0,100,,1609931,43,,,0,97,,1609942,43,,,0,101,,1609934,43,,,0,101,,1609936,43,,,0,102,,1609935,43,,,0,101,,1609943,43,,,0,104,,1609932,43,,,0,96,,1609933,43,,,0,99,,1609944,43,,,0,97,,1609937,43,,,0,100,,1609938,43,,,0,100,,1609939,43,,,0
9202,'20261018',629,,1609963,43,,,0,102,,1609962,43,,,0,100,,1609947,43,,,0,100,,1609957,43,,,0,101,,1609956,43,,,0,100,,1609948,43,,,0,97,,1609958,43,,,0,101,,1609951,43,,,0,101,,1609953,43,,,0,102,,1609952,43,,,0,101,,1609959,43,,,0,104,,1609949,43,,,0,96,,1609950,43,,,0,99,,1609960,43,,,0,97,,1609954,43,,,0,100,,1609955,43,,,0,100,,1609961,43,,,0
9202,'20261019',611,,1609983,43,,,0,100,,1609982,43,,,0,36,,1609981,43,,,0,71,,1609964,43,,,0,29,,1609980,43,,,0,69,,1609965,43,,,0,99,,1609966,43,,,0,100,,1609967,43,,,0,102,,1609969,43,,,0,100,,1609970,43,,,0,100,,1609968,43,,,0,100,,1609976,43,,,0,108,,1609974,43,,,0,101,,1609975,43,,,0,94,,1609977,43,,,0,96,,1609971,43,,,0,98,,1609972,43,,,0,99,,1609973,43,,,0,98,,1609978,43,,,0,97,,1609979,43,,,0
9202,'20261020',611,,1610003,43,,,0,100,,1610002,43,,,0,36,,1610001,43,,,0,71,,1609984,43,,,0,29,,1610000,43,,,0,69,,1609985,43,,,0,99,,1609986,43,,,0,100,,1609987,43,,,0,102,,1609989,43,,,0,100,,1609990,43,,,0,100,,1609988,43,,,0,100,,1609996,43,,,0,108,,1609994,43,,,0,101,,1609995,43,,,0,94,,1609997,43,,,0,96,,1609991,43,,,0,98,,1609992,43,,,0,99,,1609993,43,,,0,98,,1609998,43,,,0,97,,1609999,43,,,0
9202,'20261021',611,,1636681,43,,,0,100,,1636680,43,,,0,36,,1636679,43,,,0,71,,1636662,43,,,0,29,,1636678,43,,,0,69,,1636663,43,,,0,99,,1636664,43,,,0,100,,1636665,43,,,0,102,,1636667,43,,,0,100,,1636668,43,,,0,100,,1636666,43,,,0,100,,1636674,43,,,0,108,,1636672,43,,,0,101,,1636673,43,,,0,94,,1636675,43,,,0,96,,1636669,43,,,0,98,,1636670,43,,,0,99,,1636671,43,,,0,98,,1636676,43,,,0,97,,1636677,43,,,0
9202,'20261022',611,,1636701,43,,,0,100,,1636700,43,,,0,36,,1636699,43,,,0,71,,1636682,43,,,0,29,,1636698,43,,,0,69,,1636683,43,,,0,99,,1636684,43,,,0,100,,1636685,43,,,0,102,,1636687,43,,,0,100,,1636688,43,,,0,100,,1636686,43,,,0,100,,1636694,43,,,0,108,,1636692,43,,,0,101,,1636693,43,,,0,94,,1636695,43,,,0,96,,1636689,43,,,0,98,,1636690,43,,,0,99,,1636691,43,,,0,98,,1636696,43,,,0,97,,1636697,43,,,0
9202,'20261023',611,,1636721,43,,,0,100,,1636720,43,,,0,36,,1636719,43,,,0,71,,1636702,43,,,0,29,,1636718,43,,,0,69,,1636703,43,,,0,99,,1636704,43,,,0,100,,1636705,43,,,0,102,,1636707,43,,,0,100,,1636708,43,,,0,100,,1636706,43,,,0,100,,1636714,43,,,0,108,,1636712,43,,,0,101,,1636713,43,,,0,94,,1636715,43,,,0,96,,1636709,43,,,0,98,,1636710,43,,,0,99,,1636711,43,,,0,98,,1636716,43,,,0,97,,1636717,43,,,0
9301,'20261009',620,,1610535,52,0,31 10 1 32 13,0,14,,1610523,57,0,36 13,0,90,,1610536,52,0,31 10 1 32 13,0,16,,1610537,52,0,31 10 1 32 13,0,13,,1610534,14,0,31 10 1 32 13,0,2,,1610538,52,0,31 10 1 32 13,0,60,,1610524,57,0,36 13,0,13,,1610539,52,0,31 10 1 32 13,0,27,,1610540,52,0,31 10 1 32 13,0,70,,1610541,52,0,31 10 1 32 13,0,14,,1610525,57,0,36 13,0,17,,1610542,52,0,31 10 1 32 13,0,98,,1610543,52,0,31 10 1 32 13,0,54,,1610526,57,0,36 13,0,46,,1610544,52,0,31 10 1 32 13,0,86,,1610527,57,0,36 13,0,13,,1610545,52,0,31 10 1 32 13,0,101,,1610546,52,0,31 10 1 32 13,0,56,,1610528,57,0,36 13,0,43,,1610547,52,0,31 10 1 32 13,0,90,,1610529,57,0,36 13,0,8,,1610548,52,0,31 10 1 32 13,0,66,,1610549,52,0,31 10 1 32 13,0,31,,1610550,52,0,31 10 1 32 13,0,70,,1610530,57,0,36 13,0,5,,1610551,52,0,31 10 1 32 13,0,35,,1610552,52,0,31 10 1 32 13,0,81,,1610531,57,0,36 13,0,14,,1610553,52,0,31 10 1 32 13,0,99,,1610554,52,0,31 10 1 32 13,0,55,,1610532,57,0,36 13,0,45,,1610555,52,0,31 10 1 32 13,0,84,,1610533,57,0,36 13,0,15,,1610556,52,0,31 10 1 32 13,0,100,,1610557,52,0,31 10 1 32 13,0
9301,'20261010',634,,1637013,57,0,36 13,0,15,,1637024,52,0,31 10 1 32 13,0,101,,1637025,52,0,31 10 1 32 13,0,56,,1637014,57,0,36 13,0,44,,1637026,52,0,31 10 1 32 13,0,86,,1637015,57,0,36 13,0,15,,1637027,52,0,31 10 1 32 13,0,101,,1637028,52,0,31 10 1 32 13,0,57,,1637016,57,0,36 13,0,43,,1637029,52,0,31 10 1 32 13,0,87,,1637017,57,0,36 13,0,13,,1637030,52,0,31 10 1 32 13,0,101,,1637031,52,0,31 10 1 32 13,0,57,,1637018,57,0,36 13,0,43,,1637032,52,0,31 10 1 32 13,0,88,,1637019,57,0,36 13,0,12,,1637033,52,0,31 10 1 32 13,0,101,,1637034,52,0,31 10 1 32 13,0,58,,1637020,57,0,36 13,0,41,,1637035,52,0,31 10 1 32 13,0,83,,1637021,57,0,36 13,0,15,,1637036,52,0,31 10 1 32 13,0,98,,1637037,52,0,31 10 1 32 13,0,56,,1637022,57,0,36 13,0,44,,1637038,52,0,31 10 1 32 13,0,85,,1637023,57,0,36 13,0,115,,1637039,52,0,31 10 1 32 13,0
9301,'20261011',634,,1637040,57,0,36 13,0,15,,1637051,52,0,31 10 1 32 13,0,101,,1637052,52,0,31 10 1 32 13,0,56,,1637041,57,0,36 13,0,44,,1637053,52,0,31 10 1 32 13,0,86,,1637042,57,0,36 13,0,15,,1637054,52,0,31 10 1 32 13,0,101,,1637055,52,0,31 10 1 32 13,0,57,,1637043,57,0,36 13,0,43,,1637056,52,0,31 10 1 32 13,0,87,,1637044,57,0,36 13,0,13,,1637057,52,0,31 10 1 32 13,0,101,,1637058,52,0,31 10 1 32 13,0,57,,1637045,57,0,36 13,0,43,,1637059,52,0,31 10 1 32 13,0,88,,1637046,57,0,36 13,0,12,,1637060,52,0,31 10 1 32 13,0,101,,1637061,52,0,31 10 1 32 13,0,58,,1637047,57,0,36 13,0,41,,1637062,52,0,31 10 1 32 13,0,83,,1637048,57,0,36 13,0,15,,1637063,52,0,31 10 1 32 13,0,98,,1637064,52,0,31 10 1 32 13,0,56,,1637049,57,0,36 13,0,44,,1637065,52,0,31 10 1 32 13,0,85,,1637050,57,0,36 13,0,115,,1637066,52,0,31 10 1 32 13,0
9301,'20261012',634,,1637067,57,0,36 13,0,15,,1637078,52,0,31 10 1 32 13,0,101,,1637079,52,0,31 10 1 32 13,0,56,,1637068,57,0,36 13,0,44,,1637080,52,0,31 10 1 32 13,0,86,,1637069,57,0,36 13,0,15,,1637081,52,0,31 10 1 32 13,0,101,,1637082,52,0,31 10 1 32 13,0,57,,1637070,57,0,36 13,0,43,,1637083,52,0,31 10 1 32 13,0,87,,1637071,57,0,36 13,0,13,,1637084,52,0,31 10 1 32 13,0,101,,1637085,52,0,31 10 1 32 13,0,57,,1637072,57,0,36 13,0,43,,1637086,52,0,31 10 1 32 13,0,88,,1637073,57,0,36 13,0,12,,1637087,52,0,31 10 1 32 13,0,101,,1637088,52,0,31 10 1 32 13,0,58,,1637074,57,0,36 13,0,41,,1637089,52,0,31 10 1 32 13,0,83,,1637075,57,0,36 13,0,15,,1637090,52,0,31 10 1 32 13,0,98,,1637091,52,0,31 10 1 32 13,0,56,,1637076,57,0,36 13,0,44,,1637092,52,0,31 10 1 32 13,0,85,,1637077,57,0,36 13,0,115,,1637093,52,0,31 10 1 32 13,0
9301,'20261013',620,,1578818,52,0,31 10 1 32 13,0,14,,1578826,57,0,36 13,0,90,,1578803,52,0,31 10 1 32 13,0,16,,1578825,52,0,31 10 1 32 13,0,15,,1578804,52,0,31 10 1 32 13,0,60,,1578827,57,0,36 13,0,13,,1578805,52,0,31 10 1 32 13,0,27,,1578806,52,0,31 10 1 32 13,0,70,,1578807,52,0,31 10 1 32 13,0,14,,1578828,57,0,36 13,0,17,,1578816,52,0,31 10 1 32 13,0,98,,1578808,52,0,31 10 1 32 13,0,54,,1578829,57,0,36 13,0,46,,1578821,52,0,31 10 1 32 13,0,86,,1578830,57,0,36 13,0,13,,1578809,52,0,31 10 1 32 13,0,101,,1578822,52,0,31 10 1 32 13,0,56,,1578831,57,0,36 13,0,43,,1578810,52,0,31 10 1 32 13,0,90,,1578832,57,0,36 13,0,8,,1578814,52,0,31 10 1 32 13,0,66,,1578823,52,0,31 10 1 32 13,0,31,,1578811,52,0,31 10 1 32 13,0,70,,1578833,57,0,36 13,0,5,,1578824,52,0,31 10 1 32 13,0,35,,1578817,52,0,31 10 1 32 13,0,81,,1578834,57,0,36 13,0,14,,1578815,52,0,31 10 1 32 13,0,99,,1578819,52,0,31 10 1 32 13,0,55,,1578835,57,0,36 13,0,45,,1578812,52,0,31 10 1 32 13,0,84,,1578836,57,0,36 13,0,15,,1578820,52,0,31 10 1 32 13,0,100,,1578813,52,0,31 10 1 32 13,0
9301,'20261014',620,,1578852,52,0,31 10 1 32 13,0,14,,1578860,57,0,36 13,0,90,,1578837,52,0,31 10 1 32 13,0,16,,1578859,52,0,31 10 1 32 13,0,15,,1578838,52,0,31 10 1 32 13,0,60,,1578861,57,0,36 13,0,13,,1578839,52,0,31 10 1 32 13,0,27,,1578840,52,0,31 10 1 32 13,0,70,,1578841,52,0,31 10 1 32 13,0,14,,1578862,57,0,36 13,0,17,,1578850,52,0,31 10 1 32 13,0,98,,1578842,52,0,31 10 1 32 13,0,54,,1578863,57,0,36 13,0,46,,1578855,52,0,31 10 1 32 13,0,86,,1578864,57,0,36 13,0,13,,1578843,52,0,31 10 1 32 13,0,101,,1578856,52,0,31 10 1 32 13,0,56,,1578865,57,0,36 13,0,43,,1578844,52,0,31 10 1 32 13,0,90,,1578866,57,0,36 13,0,8,,1578848,52,0,31 10 1 32 13,0,66,,1578857,52,0,31 10 1 32 13,0,31,,1578845,52,0,31 10 1 32 13,0,70,,1578867,57,0,36 13,0,5,,1578858,52,0,31 10 1 32 13,0,35,,1578851,52,0,31 10 1 32 13,0,81,,1578868,57,0,36 13,0,14,,1578849,52,0,31 10 1 32 13,0,99,,1578853,52,0,31 10 1 32 13,0,55,,1578869,57,0,36 13,0,45,,1578846,52,0,31 10 1 32 13,0,84,,1578870,57,0,36 13,0,15,,1578854,52,0,31 10 1 32 13,0,100,,1578847,52,0,31 10 1 32 13,0
9301,'20261015',620,,1578886,52,0,31 10 1 32 13,0,14,,1578894,57,0,36 13,0,90,,1578871,52,0,31 10 1 32 13,0,16,,1578893,52,0,31 10 1 32 13,0,15,,1578872,52,0,31 10 1 32 13,0,60,,1578895,57,0,36 13,0,13,,1578873,52,0,31 10 1 32 13,0,27,,1578874,52,0,31 10 1 32 13,0,70,,1578875,52,0,31 10 1 32 13,0,14,,1578896,57,0,36 13,0,17,,1578884,52,0,31 10 1 32 13,0,98,,1578876,52,0,31 10 1 32 13,0,54,,1578897,57,0,36 13,0,46,,1578889,52,0,31 10 1 32 13,0,86,,1578898,57,0,36 13,0,13,,1578877,52,0,31 10 1 32 13,0,101,,1578890,52,0,31 10 1 32 13,0,56,,1578899,57,0,36 13,0,43,,1578878,52,0,31 10 1 32 13,0,90,,1578900,57,0,36 13,0,8,,1578882,52,0,31 10 1 32 13,0,66,,1578891,52,0,31 10 1 32 13,0,31,,1578879,52,0,31 10 1 32 13,0,70,,1578901,57,0,36 13,0,5,,1578892,52,0,31 10 1 32 13,0,35,,1578885,52,0,31 10 1 32 13,0,81,,1578902,57,0,36 13,0,14,,1578883,52,0,31 10 1 32 13,0,99,,1578887,52,0,31 10 1 32 13,0,55,,1578903,57,0,36 13,0,45,,1578880,52,0,31 10 1 32 13,0,84,,1578904,57,0,36 13,0,15,,1578888,52,0,31 10 1 32 13,0,100,,1578881,52,0,31 10 1 32 13,0
9301,'20261016',620,,1578920,52,0,31 10 1 32 13,0,14,,1578928,57,0,36 13,0,90,,1578905,52,0,31 10 1 32 13,0,16,,1578927,52,0,31 10 1 32 13,0,15,,1578906,52,0,31 10 1 32 13,0,60,,1578929,57,0,36 13,0,13,,1578907,52,0,31 10 1 32 13,0,27,,1578908,52,0,31 10 1 32 13,0,70,,1578909,52,0,31 10 1 32 13,0,14,,1578930,57,0,36 13,0,17,,1578918,52,0,31 10 1 32 13,0,98,,1578910,52,0,31 10 1 32 13,0,54,,1578931,57,0,36 13,0,46,,1578923,52,0,31 10 1 32 13,0,86,,1578932,57,0,36 13,0,13,,1578911,52,0,31 10 1 32 13,0,101,,1578924,52,0,31 10 1 32 13,0,56,,1578933,57,0,36 13,0,43,,1578912,52,0,31 10 1 32 13,0,90,,1578934,57,0,36 13,0,8,,1578916,52,0,31 10 1 32 13,0,66,,1578925,52,0,31 10 1 32 13,0,31,,1578913,52,0,31 10 1 32 13,0,70,,1578935,57,0,36 13,0,5,,1578926,52,0,31 10 1 32 13,0,35,,1578919,52,0,31 10 1 32 13,0,81,,1578936,57,0,36 13,0,14,,1578917,52,0,31 10 1 32 13,0,99,,1578921,52,0,31 10 1 32 13,0,55,,1578937,57,0,36 13,0,45,,1578914,52,0,31 10 1 32 13,0,84,,1578938,57,0,36 13,0,15,,1578922,52,0,31 10 1 32 13,0,100,,1578915,52,0,31 10 1 32 13,0
9301,'20261017',634,,1610574,57,0,36 13,0,15,,1610573,52,0,31 10 1 32 13,0,101,,1610563,52,0,31 10 1 32 13,0,56,,1610575,57,0,36 13,0,44,,1610558,52,0,31 10 1 32 13,0,86,,1610576,57,0,36 13,0,15,,1610572,52,0,31 10 1 32 13,0,101,,1610565,52,0,31 10 1 32 13,0,57,,1610577,57,0,36 13,0,43,,1610567,52,0,31 10 1 32 13,0,87,,1610578,57,0,36 13,0,13,,1610559,52,0,31 10 1 32 13,0,101,,1610568,52,0,31 10 1 32 13,0,57,,1610579,57,0,36 13,0,43,,1610566,52,0,31 10 1 32 13,0,88,,1610580,57,0,36 13,0,12,,1610569,52,0,31 10 1 32 13,0,101,,1610560,52,0,31 10 1 32 13,0,58,,1610581,57,0,36 13,0,41,,1610570,52,0,31 10 1 32 13,0,83,,1610582,57,0,36 13,0,15,,1610564,52,0,31 10 1 32 13,0,98,,1610571,52,0,31 10 1 32 13,0,56,,1610583,57,0,36 13,0,44,,1610561,52,0,31 10 1 32 13,0,85,,1610584,57,0,36 13,0,115,,1610562,52,0,31 10 1 32 13,0
9301,'20261018',634,,1610601,57,0,36 13,0,15,,1610600,52,0,31 10 1 32 13,0,101,,1610597,52,0,31 10 1 32 13,0,56,,1610602,57,0,36 13,0,44,,1610590,52,0,31 10 1 32 13,0,86,,1610603,57,0,36 13,0,15,,1610598,52,0,31 10 1 32 13,0,101,,1610585,52,0,31 10 1 32 13,0,57,,1610604,57,0,36 13,0,43,,1610593,52,0,31 10 1 32 13,0,87,,1610605,57,0,36 13,0,13,,1610586,52,0,31 10 1 32 13,0,101,,1610594,52,0,31 10 1 32 13,0,57,,1610606,57,0,36 13,0,43,,1610591,52,0,31 10 1 32 13,0,88,,1610607,57,0,36 13,0,12,,1610595,52,0,31 10 1 32 13,0,101,,1610587,52,0,31 10 1 32 13,0,58,,1610608,57,0,36 13,0,41,,1610596,52,0,31 10 1 32 13,0,83,,1610609,57,0,36 13,0,15,,1610592,52,0,31 10 1 32 13,0,98,,1610599,52,0,31 10 1 32 13,0,56,,1610610,57,0,36 13,0,44,,1610588,52,0,31 10 1 32 13,0,85,,1610611,57,0,36 13,0,115,,1610589,52,0,31 10 1 32 13,0
9301,'20261019',620,,1610627,52,0,31 10 1 32 13,0,14,,1610635,57,0,36 13,0,90,,1610612,52,0,31 10 1 32 13,0,16,,1610634,52,0,31 10 1 32 13,0,15,,1610613,52,0,31 10 1 32 13,0,60,,1610636,57,0,36 13,0,13,,1610614,52,0,31 10 1 32 13,0,27,,1610615,52,0,31 10 1 32 13,0,70,,1610616,52,0,31 10 1 32 13,0,14,,1610637,57,0,36 13,0,17,,1610625,52,0,31 10 1 32 13,0,98,,1610617,52,0,31 10 1 32 13,0,54,,1610638,57,0,36 13,0,46,,1610630,52,0,31 10 1 32 13,0,86,,1610639,57,0,36 13,0,13,,1610618,52,0,31 10 1 32 13,0,101,,1610631,52,0,31 10 1 32 13,0,56,,1610640,57,0,36 13,0,43,,1610619,52,0,31 10 1 32 13,0,90,,1610641,57,0,36 13,0,8,,1610623,52,0,31 10 1 32 13,0,66,,1610632,52,0,31 10 1 32 13,0,31,,1610620,52,0,31 10 1 32 13,0,70,,1610642,57,0,36 13,0,5,,1610633,52,0,31 10 1 32 13,0,35,,1610626,52,0,31 10 1 32 13,0,81,,1610643,57,0,36 13,0,14,,1610624,52,0,31 10 1 32 13,0,99,,1610628,52,0,31 10 1 32 13,0,55,,1610644,57,0,36 13,0,45,,1610621,52,0,31 10 1 32 13,0,84,,1610645,57,0,36 13,0,15,,1610629,52,0,31 10 1 32 13,0,100,,1610622,52,0,31 10 1 32 13,0
9301,'20261020',620,,1610661,52,0,31 10 1 32 13,0,14,,1610669,57,0,36 13,0,90,,1610646,52,0,31 10 1 32 13,0,16,,1610668,52,0,31 10 1 32 13,0,15,,1610647,52,0,31 10 1 32 13,0,60,,1610670,57,0,36 13,0,13,,1610648,52,0,31 10 1 32 13,0,27,,1610649,52,0,31 10 1 32 13,0,70,,1610650,52,0,31 10 1 32 13,0,14,,1610671,57,0,36 13,0,17,,1610659,52,0,31 10 1 32 13,0,98,,1610651,52,0,31 10 1 32 13,0,54,,1610672,57,0,36 13,0,46,,1610664,52,0,31 10 1 32 13,0,86,,1610673,57,0,36 13,0,13,,1610652,52,0,31 10 1 32 13,0,101,,1610665,52,0,31 10 1 32 13,0,56,,1610674,57,0,36 13,0,43,,1610653,52,0,31 10 1 32 13,0,90,,1610675,57,0,36 13,0,8,,1610657,52,0,31 10 1 32 13,0,66,,1610666,52,0,31 10 1 32 13,0,31,,1610654,52,0,31 10 1 32 13,0,70,,1610676,57,0,36 13,0,5,,1610667,52,0,31 10 1 32 13,0,35,,1610660,52,0,31 10 1 32 13,0,81,,1610677,57,0,36 13,0,14,,1610658,52,0,31 10 1 32 13,0,99,,1610662,52,0,31 10 1 32 13,0,55,,1610678,57,0,36 13,0,45,,1610655,52,0,31 10 1 32 13,0,84,,1610679,57,0,36 13,0,15,,1610663,52,0,31 10 1 32 13,0,100,,1610656,52,0,31 10 1 32 13,0
9301,'20261021',620,,1637109,52,0,31 10 1 32 13,0,14,,1637117,57,0,36 13,0,90,,1637094,52,0,31 10 1 32 13,0,16,,1637116,52,0,31 10 1 32 13,0,15,,1637095,52,0,31 10 1 32 13,0,60,,1637118,57,0,36 13,0,13,,1637096,52,0,31 10 1 32 13,0,27,,1637097,52,0,31 10 1 32 13,0,70,,1637098,52,0,31 10 1 32 13,0,14,,1637119,57,0,36 13,0,17,,1637107,52,0,31 10 1 32 13,0,98,,1637099,52,0,31 10 1 32 13,0,54,,1637120,57,0,36 13,0,46,,1637112,52,0,31 10 1 32 13,0,86,,1637121,57,0,36 13,0,13,,1637100,52,0,31 10 1 32 13,0,101,,1637113,52,0,31 10 1 32 13,0,56,,1637122,57,0,36 13,0,43,,1637101,52,0,31 10 1 32 13,0,90,,1637123,57,0,36 13,0,8,,1637105,52,0,31 10 1 32 13,0,66,,1637114,52,0,31 10 1 32 13,0,31,,1637102,52,0,31 10 1 32 13,0,70,,1637124,57,0,36 13,0,5,,1637115,52,0,31 10 1 32 13,0,35,,1637108,52,0,31 10 1 32 13,0,81,,1637125,57,0,36 13,0,14,,1637106,52,0,31 10 1 32 13,0,99,,1637110,52,0,31 10 1 32 13,0,55,,1637126,57,0,36 13,0,45,,1637103,52,0,31 10 1 32 13,0,84,,1637127,57,0,36 13,0,15,,1637111,52,0,31 10 1 32 13,0,100,,1637104,52,0,31 10 1 32 13,0
9301,'20261022',620,,1637143,52,0,31 10 1 32 13,0,14,,1637151,57,0,36 13,0,90,,1637128,52,0,31 10 1 32 13,0,16,,1637150,52,0,31 10 1 32 13,0,15,,1637129,52,0,31 10 1 32 13,0,60,,1637152,57,0,36 13,0,13,,1637130,52,0,31 10 1 32 13,0,27,,1637131,52,0,31 10 1 32 13,0,70,,1637132,52,0,31 10 1 32 13,0,14,,1637153,57,0,36 13,0,17,,1637141,52,0,31 10 1 32 13,0,98,,1637133,52,0,31 10 1 32 13,0,54,,1637154,57,0,36 13,0,46,,1637146,52,0,31 10 1 32 13,0,86,,1637155,57,0,36 13,0,13,,1637134,52,0,31 10 1 32 13,0,101,,1637147,52,0,31 10 1 32 13,0,56,,1637156,57,0,36 13,0,43,,1637135,52,0,31 10 1 32 13,0,90,,1637157,57,0,36 13,0,8,,1637139,52,0,31 10 1 32 13,0,66,,1637148,52,0,31 10 1 32 13,0,31,,1637136,52,0,31 10 1 32 13,0,70,,1637158,57,0,36 13,0,5,,1637149,52,0,31 10 1 32 13,0,35,,1637142,52,0,31 10 1 32 13,0,81,,1637159,57,0,36 13,0,14,,1637140,52,0,31 10 1 32 13,0,99,,1637144,52,0,31 10 1 32 13,0,55,,1637160,57,0,36 13,0,45,,1637137,52,0,31 10 1 32 13,0,84,,1637161,57,0,36 13,0,15,,1637145,52,0,31 10 1 32 13,0,100,,1637138,52,0,31 10 1 32 13,0
9301,'20261023',620,,1637177,52,0,31 10 1 32 13,0,14,,1637185,57,0,36 13,0,90,,1637162,52,0,31 10 1 32 13,0,16,,1637184,52,0,31 10 1 32 13,0,15,,1637163,52,0,31 10 1 32 13,0,60,,1637186,57,0,36 13,0,13,,1637164,52,0,31 10 1 32 13,0,27,,1637165,52,0,31 10 1 32 13,0,70,,1637166,52,0,31 10 1 32 13,0,14,,1637187,57,0,36 13,0,17,,1637175,52,0,31 10 1 32 13,0,98,,1637167,52,0,31 10 1 32 13,0,54,,1637188,57,0,36 13,0,46,,1637180,52,0,31 10 1 32 13,0,86,,1637189,57,0,36 13,0,13,,1637168,52,0,31 10 1 32 13,0,101,,1637181,52,0,31 10 1 32 13,0,56,,1637190,57,0,36 13,0,43,,1637169,52,0,31 10 1 32 13,0,90,,1637191,57,0,36 13,0,8,,1637173,52,0,31 10 1 32 13,0,66,,1637182,52,0,31 10 1 32 13,0,31,,1637170,52,0,31 10 1 32 13,0,70,,1637192,57,0,36 13,0,5,,1637183,52,0,31 10 1 32 13,0,35,,1637176,52,0,31 10 1 32 13,0,81,,1637193,57,0,36 13,0,14,,1637174,52,0,31 10 1 32 13,0,99,,1637178,52,0,31 10 1 32 13,0,55,,1637194,57,0,36 13,0,45,,1637171,52,0,31 10 1 32 13,0,84,,1637195,57,0,36 13,0,15,,1637179,52,0,31 10 1 32 13,0,100,,1637172,52,0,31 10 1 32 13,0
9402,'20261009',625,,1610744,42,,,0,100,,1610743,42,,,0,2,,1610745,42,,,0,73,,1610746,42,,,0,32,,1610747,42,,,0,68,,1610748,42,,,0,31,,1610749,42,,,0,99,,1610750,42,,,0,100,,1610751,42,,,0,100,,1610752,42,,,0,99,,1610753,42,,,0,100,,1610754,42,,,0,102,,1610755,42,,,0,104,,1610756,42,,,0,99,,1610757,42,,,0,98,,1610758,42,,,0,96,,1610759,42,,,0,99,,1610760,42,,,0,99,,1610761,42,,,0,98,,1610762,42,,,0,99,,1610763,42,,,0
9402,'20261010',617,,1637196,42,,,0,101,,1637197,42,,,0,101,,1637198,42,,,0,100,,1637199,42,,,0,103,,1637200,42,,,0,101,,1637201,42,,,0,101,,1637202,42,,,0,100,,1637203,42,,,0,100,,1637204,42,,,0,100,,1637205,42,,,0,100,,1637206,42,,,0,100,,1637207,42,,,0,98,,1637208,42,,,0,99,,1637209,42,,,0,99,,1637210,42,,,0,99,,1637211,42,,,0,99,,1637212,42,,,0,99,,1637213,42,,,0
9402,'20261011',617,,1637214,42,,,0,101,,1637215,42,,,0,101,,1637216,42,,,0,100,,1637217,42,,,0,103,,1637218,42,,,0,101,,1637219,42,,,0,101,,1637220,42,,,0,100,,1637221,42,,,0,100,,1637222,42,,,0,100,,1637223,42,,,0,100,,1637224,42,,,0,100,,1637225,42,,,0,98,,1637226,42,,,0,99,,1637227,42,,,0,99,,1637228,42,,,0,99,,1637229,42,,,0,99,,1637230,42,,,0,99,,1637231,42,,,0
9402,'20261012',617,,1637232,42,,,0,101,,1637233,42,,,0,101,,1637234,42,,,0,100,,1637235,42,,,0,103,,1637236,42,,,0,101,,1637237,42,,,0,101,,1637238,42,,,0,100,,1637239,42,,,0,100,,1637240,42,,,0,100,,1637241,42,,,0,100,,1637242,42,,,0,100,,1637243,42,,,0,98,,1637244,42,,,0,99,,1637245,42,,,0,99,,1637246,42,,,0,99,,1637247,42,,,0,99,,1637248,42,,,0,99,,1637249,42,,,0
9402,'20261013',625,,1579017,42,,,0,102,,1579019,42,,,0,73,,1579034,42,,,0,32,,1579035,42,,,0,68,,1579033,42,,,0,31,,1579018,42,,,0,99,,1579036,42,,,0,100,,1579020,42,,,0,100,,1579021,42,,,0,99,,1579022,42,,,0,100,,1579023,42,,,0,102,,1579024,42,,,0,104,,1579025,42,,,0,99,,1579026,42,,,0,98,,1579027,42,,,0,96,,1579028,42,,,0,99,,1579029,42,,,0,99,,1579030,42,,,0,98,,1579031,42,,,0,99,,1579032,42,,,0
9402,'20261014',625,,1579037,42,,,0,102,,1579039,42,,,0,73,,1579054,42,,,0,32,,1579055,42,,,0,68,,1579053,42,,,0,31,,1579038,42,,,0,99,,1579056,42,,,0,100,,1579040,42,,,0,100,,1579041,42,,,0,99,,1579042,42,,,0,100,,1579043,42,,,0,102,,1579044,42,,,0,104,,1579045,42,,,0,99,,1579046,42,,,0,98,,1579047,42,,,0,96,,1579048,42,,,0,99,,1579049,42,,,0,99,,1579050,42,,,0,98,,1579051,42,,,0,99,,1579052,42,,,0
9402,'20261015',625,,1579057,42,,,0,102,,1579059,42,,,0,73,,1579074,42,,,0,32,,1579075,42,,,0,68,,1579073,42,,,0,31,,1579058,42,,,0,99,,1579076,42,,,0,100,,1579060,42,,,0,100,,1579061,42,,,0,99,,1579062,42,,,0,100,,1579063,42,,,0,102,,1579064,42,,,0,104,,1579065,42,,,0,99,,1579066,42,,,0,98,,1579067,42,,,0,96,,1579068,42,,,0,99,,1579069,42,,,0,99,,1579070,42,,,0,98,,1579071,42,,,0,99,,1579072,42,,,0
9402,'20261016',625,,1579077,42,,,0,102,,1579079,42,,,0,73,,1579094,42,,,0,32,,1579095,42,,,0,68,,1579093,42,,,0,31,,1579078,42,,,0,99,,1579096,42,,,0,100,,1579080,42,,,0,100,,1579081,42,,,0,99,,1579082,42,,,0,100,,1579083,42,,,0,102,,1579084,42,,,0,104,,1579085,42,,,0,99,,1579086,42,,,0,98,,1579087,42,,,0,96,,1579088,42,,,0,99,,1579089,42,,,0,99,,1579090,42,,,0,98,,1579091,42,,,0,99,,1579092,42,,,0
9402,'20261017',617,,1610781,42,,,0,101,,1610764,42,,,0,101,,1610765,42,,,0,100,,1610766,42,,,0,103,,1610767,42,,,0,101,,1610768,42,,,0,101,,1610769,42,,,0,100,,1610770,42,,,0,100,,1610771,42,,,0,100,,1610772,42,,,0,100,,1610773,42,,,0,100,,1610774,42,,,0,98,,1610775,42,,,0,99,,1610776,42,,,0,99,,1610777,42,,,0,99,,1610778,42,,,0,99,,1610779,42,,,0,99,,1610780,42,,,0
9402,'20261018',617,,1610799,42,,,0,101,,1610782,42,,,0,101,,1610783,42,,,0,100,,1610784,42,,,0,103,,1610785,42,,,0,101,,1610786,42,,,0,101,,1610787,42,,,0,100,,1610788,42,,,0,100,,1610789,42,,,0,100,,1610790,42,,,0,100,,1610791,42,,,0,100,,1610792,42,,,0,98,,1610793,42,,,0,99,,1610794,42,,,0,99,,1610795,42,,,0,99,,1610796,42,,,0,99,,1610797,42,,,0,99,,1610798,42,,,0
9402,'20261019',625,,1610800,42,,,0,102,,1610802,42,,,0,73,,1610817,42,,,0,32,,1610818,42,,,0,68,,1610816,42,,,0,31,,1610801,42,,,0,99,,1610819,42,,,0,100,,1610803,42,,,0,100,,1610804,42,,,0,99,,1610805,42,,,0,100,,1610806,42,,,0,102,,1610807,42,,,0,104,,1610808,42,,,0,99,,1610809,42,,,0,98,,1610810,42,,,0,96,,1610811,42,,,0,99,,1610812,42,,,0,99,,1610813,42,,,0,98,,1610814,42,,,0,99,,1610815,42,,,0
9402,'20261020',625,,1610820,42,,,0,102,,1610822,42,,,0,73,,1610837,42,,,0,32,,1610838,42,,,0,68,,1610836,42,,,0,31,,1610821,42,,,0,99,,1610839,42,,,0,100,,1610823,42,,,0,100,,1610824,42,,,0,99,,1610825,42,,,0,100,,1610826,42,,,0,102,,1610827,42,,,0,104,,1610828,42,,,0,99,,1610829,42,,,0,98,,1610830,42,,,0,96,,1610831,42,,,0,99,,1610832,42,,,0,99,,1610833,42,,,0,98,,1610834,42,,,0,99,,1610835,42,,,0
9402,'20261021',625,,1637250,42,,,0,102,,1637252,42,,,0,73,,1637267,42,,,0,32,,1637268,42,,,0,68,,1637266,42,,,0,31,,1637251,42,,,0,99,,1637269,42,,,0,100,,1637253,42,,,0,100,,1637254,42,,,0,99,,1637255,42,,,0,100,,1637256,42,,,0,102,,1637257,42,,,0,104,,1637258,42,,,0,99,,1637259,42,,,0,98,,1637260,42,,,0,96,,1637261,42,,,0,99,,1637262,42,,,0,99,,1637263,42,,,0,98,,1637264,42,,,0,99,,1637265,42,,,0
9402,'20261022',625,,1637270,42,,,0,102,,1637272,42,,,0,73,,1637287,42,,,0,32,,1637288,42,,,0,68,,1637286,42,,,0,31,,1637271,42,,,0,99,,1637289,42,,,0,100,,1637273,42,,,0,100,,1637274,42,,,0,99,,1637275,42,,,0,100,,1637276,42,,,0,102,,1637277,42,,,0,104,,1637278,42,,,0,99,,1637279,42,,,0,98,,1637280,42,,,0,96,,1637281,42,,,0,99,,1637282,42,,,0,99,,1637283,42,,,0,98,,1637284,42,,,0,99,,1637285,42,,,0
9402,'20261023',625,,1637290,42,,,0,102,,1637292,42,,,0,73,,1637307,42,,,0,32,,1637308,42,,,0,68,,1637306,42,,,0,31,,1637291,42,,,0,99,,1637309,42,,,0,100,,1637293,42,,,0,100,,1637294,42,,,0,99,,1637295,42,,,0,100,,1637296,42,,,0,102,,1637297,42,,,0,104,,1637298,42,,,0,99,,1637299,42,,,0,98,,1637300,42,,,0,96,,1637301,42,,,0,99,,1637302,42,,,0,99,,1637303,42,,,0,98,,1637304,42,,,0,99,,1637305,42,,,0
33001,'20261009',646,,1613081,24,4,,0,61,,1613082,24,4,,0,11,,1613083,24,4,,0,16,,1613084,24,4,,0,15,,1613085,24,4,,0,57,,1613086,24,4,,0,23,,1613080,24,4,,0,1,,1613087,24,4,,0,70,,1613088,24,4,,0,15,,1613089,24,4,,0,17,,1613079,24,4,,0,2,,1613090,24,4,,0,100,,1613091,24,4,,0,93,,1613092,24,4,,0,100,,1613093,24,4,,0
33001,'20261013',646,,1581319,24,4,,0,61,,1581315,24,4,,0,11,,1581316,24,4,,0,16,,1581327,24,4,,0,15,,1581320,24,4,,0,57,,1581321,24,4,,0,24,,1581322,24,4,,0,70,,1581323,24,4,,0,15,,1581317,24,4,,0,19,,1581324,24,4,,0,100,,1581325,24,4,,0,93,,1581318,24,4,,0,100,,1581326,24,4,,0
33001,'20261014',646,,1581332,24,4,,0,61,,1581328,24,4,,0,11,,1581329,24,4,,0,16,,1581340,24,4,,0,15,,1581333,24,4,,0,57,,1581334,24,4,,0,24,,1581335,24,4,,0,70,,1581336,24,4,,0,15,,1581330,24,4,,0,19,,1581337,24,4,,0,100,,1581338,24,4,,0,93,,1581331,24,4,,0,100,,1581339,24,4,,0
33001,'20261015',646,,1581345,24,4,,0,61,,1581341,24,4,,0,11,,1581342,24,4,,0,16,,1581353,24,4,,0,15,,1581346,24,4,,0,57,,1581347,24,4,,0,24,,1581348,24,4,,0,70,,1581349,24,4,,0,15,,1581343,24,4,,0,19,,1581350,24,4,,0,100,,1581351,24,4,,0,93,,1581344,24,4,,0,100,,1581352,24,4,,0
33001,'20261016',646,,1581358,24,4,,0,61,,1581354,24,4,,0,11,,1581355,24,4,,0,16,,1581366,24,4,,0,15,,1581359,24,4,,0,57,,1581360,24,4,,0,24,,1581361,24,4,,0,70,,1581362,24,4,,0,15,,1581356,24,4,,0,19,,1581363,24,4,,0,100,,1581364,24,4,,0,93,,1581357,24,4,,0,100,,1581365,24,4,,0
33001,'20261019',646,,1613098,24,4,,0,61,,1613094,24,4,,0,11,,1613095,24,4,,0,16,,1613106,24,4,,0,15,,1613099,24,4,,0,57,,1613100,24,4,,0,24,,1613101,24,4,,0,70,,1613102,24,4,,0,15,,1613096,24,4,,0,19,,1613103,24,4,,0,100,,1613104,24,4,,0,93,,1613097,24,4,,0,100,,1613105,24,4,,0
33001,'20261020',646,,1613111,24,4,,0,61,,1613107,24,4,,0,11,,1613108,24,4,,0,16,,1613119,24,4,,0,15,,1613112,24,4,,0,57,,1613113,24,4,,0,24,,1613114,24,4,,0,70,,1613115,24,4,,0,15,,1613109,24,4,,0,19,,1613116,24,4,,0,100,,1613117,24,4,,0,93,,1613110,24,4,,0,100,,1613118,24,4,,0
33001,'20261021',646,,1638505,24,4,,0,61,,1638501,24,4,,0,11,,1638502,24,4,,0,16,,1638513,24,4,,0,15,,1638506,24,4,,0,57,,1638507,24,4,,0,24,,1638508,24,4,,0,70,,1638509,24,4,,0,15,,1638503,24,4,,0,19,,1638510,24,4,,0,100,,1638511,24,4,,0,93,,1638504,24,4,,0,100,,1638512,24,4,,0
33001,'20261022',646,,1638518,24,4,,0,61,,1638514,24,4,,0,11,,1638515,24,4,,0,16,,1638526,24,4,,0,15,,1638519,24,4,,0,57,,1638520,24,4,,0,24,,1638521,24,4,,0,70,,1638522,24,4,,0,15,,1638516,24,4,,0,19,,1638523,24,4,,0,100,,1638524,24,4,,0,93,,1638517,24,4,,0,100,,1638525,24,4,,0
33001,'20261023',646,,1638531,24,4,,0,61,,1638527,24,4,,0,11,,1638528,24,4,,0,16,,1638539,24,4,,0,15,,1638532,24,4,,0,57,,1638533,24,4,,0,24,,1638534,24,4,,0,70,,1638535,24,4,,0,15,,1638529,24,4,,0,19,,1638536,24,4,,0,100,,1638537,24,4,,0,93,,1638530,24,4,,0,100,,1638538,24,4,,0
33101,'20261009',705,,1613147,3,4,,0,23,,1613148,3,4,,0,72,,1613149,3,4,,0
33101,'20261013',705,,1581391,3,4,,0,23,,1581392,3,4,,0,72,,1581393,3,4,,0
33101,'20261014',705,,1581394,3,4,,0,23,,1581395,3,4,,0,72,,1581396,3,4,,0
33101,'20261015',705,,1581397,3,4,,0,23,,1581398,3,4,,0,72,,1581399,3,4,,0
33101,'20261016',705,,1581400,3,4,,0,23,,1581401,3,4,,0,72,,1581402,3,4,,0
33101,'20261019',705,,1613150,3,4,,0,23,,1613151,3,4,,0,72,,1613152,3,4,,0
33101,'20261020',705,,1613153,3,4,,0,23,,1613154,3,4,,0,72,,1613155,3,4,,0
33101,'20261021',705,,1638549,3,4,,0,23,,1638550,3,4,,0,72,,1638551,3,4,,0
33101,'20261022',705,,1638552,3,4,,0,23,,1638553,3,4,,0,72,,1638554,3,4,,0
33101,'20261023',705,,1638555,3,4,,0,23,,1638556,3,4,,0,72,,1638557,3,4,,0
33601,'20261009',728,,1613180,48,4,,0,22,,1613181,48,4,,0
33601,'20261013',728,,1581425,48,4,,0,22,,1581426,48,4,,0
33601,'20261014',728,,1581427,48,4,,0,22,,1581428,48,4,,0
33601,'20261015',728,,1581429,48,4,,0,22,,1581430,48,4,,0
33601,'20261016',728,,1581431,48,4,,0,22,,1581432,48,4,,0
33601,'20261019',728,,1613182,48,4,,0,22,,1613183,48,4,,0
33601,'20261020',728,,1613184,48,4,,0,22,,1613185,48,4,,0
33601,'20261021',728,,1638567,48,4,,0,22,,1638568,48,4,,0
33601,'20261022',728,,1638569,48,4,,0,22,,1638570,48,4,,0
33601,'20261023',728,,1638571,48,4,,0,22,,1638572,48,4,,0
33701,'20261009',704,,1613237,26,4,,0,9,,1613238,26,4,,0,12,,1613239,26,4,,0,75,,1613240,26,4,,0,31,,1613241,26,4,,0,99,,1613242,26,4,,0,201,,1613243,26,4,,0
33701,'20261013',704,,1581477,26,4,,0,9,,1581481,26,4,,0,12,,1581478,26,4,,0,75,,1581482,26,4,,0,31,,1581483,26,4,,0,99,,1581479,26,4,,0,201,,1581480,26,4,,0
33701,'20261014',704,,1581484,26,4,,0,9,,1581488,26,4,,0,12,,1581485,26,4,,0,75,,1581489,26,4,,0,31,,1581490,26,4,,0,99,,1581486,26,4,,0,201,,1581487,26,4,,0
33701,'20261015',704,,1581491,26,4,,0,9,,1581495,26,4,,0,12,,1581492,26,4,,0,75,,1581496,26,4,,0,31,,1581497,26,4,,0,99,,1581493,26,4,,0,201,,1581494,26,4,,0
33701,'20261016',704,,1581498,26,4,,0,9,,1581502,26,4,,0,12,,1581499,26,4,,0,75,,1581503,26,4,,0,31,,1581504,26,4,,0,99,,1581500,26,4,,0,201,,1581501,26,4,,0
33701,'20261019',704,,1613244,26,4,,0,9,,1613248,26,4,,0,12,,1613245,26,4,,0,75,,1613249,26,4,,0,31,,1613250,26,4,,0,99,,1613246,26,4,,0,201,,1613247,26,4,,0
33701,'20261020',704,,1613251,26,4,,0,9,,1613255,26,4,,0,12,,1613252,26,4,,0,75,,1613256,26,4,,0,31,,1613257,26,4,,0,99,,1613253,26,4,,0,201,,1613254,26,4,,0
33701,'20261021',704,,1638588,26,4,,0,9,,1638592,26,4,,0,12,,1638589,26,4,,0,75,,1638593,26,4,,0,31,,1638594,26,4,,0,99,,1638590,26,4,,0,201,,1638591,26,4,,0
33701,'20261022',704,,1638595,26,4,,0,9,,1638599,26,4,,0,12,,1638596,26,4,,0,75,,1638600,26,4,,0,31,,1638601,26,4,,0,99,,1638597,26,4,,0,201,,1638598,26,4,,0
33701,'20261023',704,,1638602,26,4,,0,9,,1638606,26,4,,0,12,,1638603,26,4,,0,75,,1638607,26,4,,0,31,,1638608,26,4,,0,99,,1638604,26,4,,0,201,,1638605,26,4,,0
33801,'20261009',702,,1613294,34,4,,0,16,,1613295,34,4,,0,41,,1613296,34,4,,0,375,,1613297,34,4,,0
33801,'20261013',702,,1581537,34,4,,0,16,,1581538,34,4,,0,41,,1581539,34,4,,0,375,,1581540,34,4,,0
33801,'20261014',702,,1581541,34,4,,0,16,,1581542,34,4,,0,41,,1581543,34,4,,0,375,,1581544,34,4,,0
33801,'20261015',702,,1581545,34,4,,0,16,,1581546,34,4,,0,41,,1581547,34,4,,0,375,,1581548,34,4,,0
33801,'20261016',702,,1581549,34,4,,0,16,,1581550,34,4,,0,41,,1581551,34,4,,0,375,,1581552,34,4,,0
33801,'20261019',702,,1613298,34,4,,0,16,,1613299,34,4,,0,41,,1613300,34,4,,0,375,,1613301,34,4,,0
33801,'20261020',702,,1613302,34,4,,0,16,,1613303,34,4,,0,41,,1613304,34,4,,0,375,,1613305,34,4,,0
33801,'20261021',702,,1638621,34,4,,0,16,,1638622,34,4,,0,41,,1638623,34,4,,0,375,,1638624,34,4,,0
33801,'20261022',702,,1638625,34,4,,0,16,,1638626,34,4,,0,41,,1638627,34,4,,0,375,,1638628,34,4,,0
33801,'20261023',702,,1638629,34,4,,0,16,,1638630,34,4,,0,41,,1638631,34,4,,0,375,,1638632,34,4,,0
35001,'20261009',700,,1613358,43,4,,0,18,,1613359,43,4,,0,82,,1613360,43,4,,0,34,,1613361,43,4,,0,103,,1613362,43,4,,0,200,,1613363,43,4,,0
35001,'20261013',700,,1581596,43,4,,0,18,,1581597,43,4,,0,82,,1581600,43,4,,0,34,,1581601,43,4,,0,103,,1581598,43,4,,0,200,,1581599,43,4,,0
35001,'20261014',700,,1581602,43,4,,0,18,,1581603,43,4,,0,82,,1581606,43,4,,0,34,,1581607,43,4,,0,103,,1581604,43,4,,0,200,,1581605,43,4,,0
35001,'20261015',700,,1581608,43,4,,0,18,,1581609,43,4,,0,82,,1581612,43,4,,0,34,,1581613,43,4,,0,103,,1581610,43,4,,0,200,,1581611,43,4,,0
35001,'20261016',700,,1581614,43,4,,0,18,,1581615,43,4,,0,82,,1581618,43,4,,0,34,,1581619,43,4,,0,103,,1581616,43,4,,0,200,,1581617,43,4,,0
35001,'20261019',700,,1613364,43,4,,0,18,,1613365,43,4,,0,82,,1613368,43,4,,0,34,,1613369,43,4,,0,103,,1613366,43,4,,0,200,,1613367,43,4,,0
35001,'20261020',700,,1613370,43,4,,0,18,,1613371,43,4,,0,82,,1613374,43,4,,0,34,,1613375,43,4,,0,103,,1613372,43,4,,0,200,,1613373,43,4,,0
35001,'20261021',700,,1638648,43,4,,0,18,,1638649,43,4,,0,82,,1638652,43,4,,0,34,,1638653,43,4,,0,103,,1638650,43,4,,0,200,,1638651,43,4,,0
35001,'20261022',700,,1638654,43,4,,0,18,,1638655,43,4,,0,82,,1638658,43,4,,0,34,,1638659,43,4,,0,103,,1638656,43,4,,0,200,,1638657,43,4,,0
35001,'20261023',700,,1638660,43,4,,0,18,,1638661,43,4,,0,82,,1638664,43,4,,0,34,,1638665,43,4,,0,103,,1638662,43,4,,0,200,,1638663,43,4,,0
35401,'20261009',733,,1613400,30,4,,0,401,,1613401,30,4,,0
35401,'20261013',733,,1581642,30,4,,0,401,,1581643,30,4,,0
35401,'20261014',733,,1581644,30,4,,0,401,,1581645,30,4,,0
35401,'20261015',733,,1581646,30,4,,0,401,,1581647,30,4,,0
35401,'20261016',733,,1581648,30,4,,0,401,,1581649,30,4,,0
35401,'20261019',733,,1613402,30,4,,0,401,,1613403,30,4,,0
35401,'20261020',733,,1613404,30,4,,0,401,,1613405,30,4,,0
35401,'20261021',733,,1638675,30,4,,0,401,,1638676,30,4,,0
35401,'20261022',733,,1638677,30,4,,0,401,,1638678,30,4,,0
35401,'20261023',733,,1638679,30,4,,0,401,,1638680,30,4,,0
35501,'20261009',730,,1613430,32,4,,0,205,,1613431,32,4,,0
35501,'20261013',730,,1581672,32,4,,0,205,,1581673,32,4,,0
35501,'20261014',730,,1581674,32,4,,0,205,,1581675,32,4,,0
35501,'20261015',730,,1581676,32,4,,0,205,,1581677,32,4,,0
35501,'20261016',730,,1581678,32,4,,0,205,,1581679,32,4,,0
35501,'20261019',730,,1613432,32,4,,0,205,,1613433,32,4,,0
35501,'20261020',730,,1613434,32,4,,0,205,,1613435,32,4,,0
35501,'20261021',730,,1638690,32,4,,0,205,,1638691,32,4,,0
35501,'20261022',730,,1638692,32,4,,0,205,,1638693,32,4,,0
35501,'20261023',730,,1638694,32,4,,0,205,,1638695,32,4,,0
35801,'20261009',730,,1613460,38,4,,0,70,,1613461,38,4,,0
35801,'20261013',730,,1581702,38,4,,0,70,,1581703,38,4,,0
35801,'20261014',730,,1581704,38,4,,0,70,,1581705,38,4,,0
35801,'20261015',730,,1581706,38,4,,0,70,,1581707,38,4,,0
35801,'20261016',730,,1581708,38,4,,0,70,,1581709,38,4,,0
35801,'20261019',730,,1613462,38,4,,0,70,,1613463,38,4,,0
35801,'20261020',730,,1613464,38,4,,0,70,,1613465,38,4,,0
35801,'20261021',730,,1638705,38,4,,0,70,,1638706,38,4,,0
35801,'20261022',730,,1638707,38,4,,0,70,,1638708,38,4,,0
35801,'20261023',730,,1638709,38,4,,0,70,,1638710,38,4,,0
37001,'20261009',703,,1613529,42,4,,0,10,,1613530,42,4,,0,12,,1613531,42,4,,0,13,,1613527,23,4,,0,2,,1613532,42,4,,0,65,,1613533,42,4,,0,132,,1613528,23,4,,0,2,,1613534,42,4,,0,200,,1613535,42,4,,0
37001,'20261013',703,,1581759,42,4,,0,10,,1581760,42,4,,0,12,,1581761,42,4,,0,15,,1581762,42,4,,0,65,,1581763,42,4,,0,132,,1581766,23,4,,0,2,,1581764,42,4,,0,200,,1581765,42,4,,0
37001,'20261014',703,,1581767,42,4,,0,10,,1581768,42,4,,0,12,,1581769,42,4,,0,15,,1581770,42,4,,0,65,,1581771,42,4,,0,132,,1581774,23,4,,0,2,,1581772,42,4,,0,200,,1581773,42,4,,0
37001,'20261015',703,,1581775,42,4,,0,10,,1581776,42,4,,0,12,,1581777,42,4,,0,15,,1581778,42,4,,0,65,,1581779,42,4,,0,132,,1581782,23,4,,0,2,,1581780,42,4,,0,200,,1581781,42,4,,0
37001,'20261016',703,,1581783,42,4,,0,10,,1581784,42,4,,0,12,,1581785,42,4,,0,15,,1581786,42,4,,0,65,,1581787,42,4,,0,132,,1581790,23,4,,0,2,,1581788,42,4,,0,200,,1581789,42,4,,0
37001,'20261019',703,,1613536,42,4,,0,10,,1613537,42,4,,0,12,,1613538,42,4,,0,15,,1613539,42,4,,0,65,,1613540,42,4,,0,132,,1613543,23,4,,0,2,,1613541,42,4,,0,200,,1613542,42,4,,0
37001,'20261020',703,,1613544,42,4,,0,10,,1613545,42,4,,0,12,,1613546,42,4,,0,15,,1613547,42,4,,0,65,,1613548,42,4,,0,132,,1613551,23,4,,0,2,,1613549,42,4,,0,200,,1613550,42,4,,0
37001,'20261021',703,,1638726,42,4,,0,10,,1638727,42,4,,0,12,,1638728,42,4,,0,15,,1638729,42,4,,0,65,,1638730,42,4,,0,132,,1638733,23,4,,0,2,,1638731,42,4,,0,200,,1638732,42,4,,0
37001,'20261022',703,,1638734,42,4,,0,10,,1638735,42,4,,0,12,,1638736,42,4,,0,15,,1638737,42,4,,0,65,,1638738,42,4,,0,132,,1638741,23,4,,0,2,,1638739,42,4,,0,200,,1638740,42,4,,0
37001,'20261023',703,,1638742,42,4,,0,10,,1638743,42,4,,0,12,,1638744,42,4,,0,15,,1638745,42,4,,0,65,,1638746,42,4,,0,132,,1638749,23,4,,0,2,,1638747,42,4,,0,200,,1638748,42,4,,0
37201,'20261009',656,,1613591,69,4,,0,68,,1613592,69,4,,0,77,,1613593,69,4,,0,131,,1613594,69,4,,0,200,,1613595,69,4,,0
37201,'20261013',656,,1581826,69,4,,0,68,,1581825,69,4,,0,77,,1581829,69,4,,0,131,,1581827,69,4,,0,200,,1581828,69,4,,0
37201,'20261014',656,,1581831,69,4,,0,68,,1581830,69,4,,0,77,,1581834,69,4,,0,131,,1581832,69,4,,0,200,,1581833,69,4,,0
37201,'20261015',656,,1581836,69,4,,0,68,,1581835,69,4,,0,77,,1581839,69,4,,0,131,,1581837,69,4,,0,200,,1581838,69,4,,0
37201,'20261016',656,,1581841,69,4,,0,68,,1581840,69,4,,0,77,,1581844,69,4,,0,131,,1581842,69,4,,0,200,,1581843,69,4,,0
37201,'20261019',656,,1613597,69,4,,0,68,,1613596,69,4,,0,77,,1613600,69,4,,0,131,,1613598,69,4,,0,200,,1613599,69,4,,0
37201,'20261020',656,,1613602,69,4,,0,68,,1613601,69,4,,0,77,,1613605,69,4,,0,131,,1613603,69,4,,0,200,,1613604,69,4,,0
37201,'20261021',656,,1638763,69,4,,0,68,,1638762,69,4,,0,77,,1638766,69,4,,0,131,,1638764,69,4,,0,200,,1638765,69,4,,0
37201,'20261022',656,,1638768,69,4,,0,68,,1638767,69,4,,0,77,,1638771,69,4,,0,131,,1638769,69,4,,0,200,,1638770,69,4,,0
37201,'20261023',656,,1638773,69,4,,0,68,,1638772,69,4,,0,77,,1638776,69,4,,0,131,,1638774,69,4,,0,200,,1638775,69,4,,0
37401,'20261009',726,,1613633,38,4,,0,88,,1613634,38,4,,0,125,,1613635,38,4,,0
37401,'20261013',726,,1581869,38,4,,0,88,,1581870,38,4,,0,125,,1581871,38,4,,0
37401,'20261014',726,,1581872,38,4,,0,88,,1581873,38,4,,0,125,,1581874,38,4,,0
37401,'20261015',726,,1581875,38,4,,0,88,,1581876,38,4,,0,125,,1581877,38,4,,0
37401,'20261016',726,,1581878,38,4,,0,88,,1581879,38,4,,0,125,,1581880,38,4,,0
37401,'20261019',726,,1613636,38,4,,0,88,,1613637,38,4,,0,125,,1613638,38,4,,0
37401,'20261020',726,,1613639,38,4,,0,88,,1613640,38,4,,0,125,,1613641,38,4,,0
37401,'20261021',726,,1638786,38,4,,0,88,,1638787,38,4,,0,125,,1638788,38,4,,0
37401,'20261022',726,,1638789,38,4,,0,88,,1638790,38,4,,0,125,,1638791,38,4,,0
37401,'20261023',726,,1638792,38,4,,0,88,,1638793,38,4,,0,125,,1638794,38,4,,0
38001,'20261009',722,,1613678,53,4,,0,16,,1613679,53,4,,0,66,,1613680,53,4,,0,328,,1613681,53,4,,0
38001,'20261013',722,,1581913,53,4,,0,16,,1581915,53,4,,0,66,,1581914,53,4,,0,328,,1581916,53,4,,0
38001,'20261014',722,,1581917,53,4,,0,16,,1581919,53,4,,0,66,,1581918,53,4,,0,328,,1581920,53,4,,0
38001,'20261015',722,,1581921,53,4,,0,16,,1581923,53,4,,0,66,,1581922,53,4,,0,328,,1581924,53,4,,0
38001,'20261016',722,,1581925,53,4,,0,16,,1581927,53,4,,0,66,,1581926,53,4,,0,328,,1581928,53,4,,0
38001,'20261019',722,,1613682,53,4,,0,16,,1613684,53,4,,0,66,,1613683,53,4,,0,328,,1613685,53,4,,0
38001,'20261020',722,,1613686,53,4,,0,16,,1613688,53,4,,0,66,,1613687,53,4,,0,328,,1613689,53,4,,0
38001,'20261021',722,,1638807,53,4,,0,16,,1638809,53,4,,0,66,,1638808,53,4,,0,328,,1638810,53,4,,0
38001,'20261022',722,,1638811,53,4,,0,16,,1638813,53,4,,0,66,,1638812,53,4,,0,328,,1638814,53,4,,0
38001,'20261023',722,,1638815,53,4,,0,16,,1638817,53,4,,0,66,,1638816,53,4,,0,328,,1638818,53,4,,0
38101,'20261009',658,,1613729,37,4,,0,75,,1613730,37,4,,0,10,,1613731,37,4,,0,14,,1613732,37,4,,0,183,,1613733,37,4,,0
38101,'20261013',658,,1581965,37,4,,0,75,,1581963,37,4,,0,10,,1581967,37,4,,0,14,,1581966,37,4,,0,183,,1581964,37,4,,0
38101,'20261014',658,,1581970,37,4,,0,75,,1581968,37,4,,0,10,,1581972,37,4,,0,14,,1581971,37,4,,0,183,,1581969,37,4,,0
38101,'20261015',658,,1581975,37,4,,0,75,,1581973,37,4,,0,10,,1581977,37,4,,0,14,,1581976,37,4,,0,183,,1581974,37,4,,0
38101,'20261016',658,,1581980,37,4,,0,75,,1581978,37,4,,0,10,,1581982,37,4,,0,14,,1581981,37,4,,0,183,,1581979,37,4,,0
38101,'20261019',658,,1613736,37,4,,0,75,,1613734,37,4,,0,10,,1613738,37,4,,0,14,,1613737,37,4,,0,183,,1613735,37,4,,0
38101,'20261020',658,,1613741,37,4,,0,75,,1613739,37,4,,0,10,,1613743,37,4,,0,14,,1613742,37,4,,0,183,,1613740,37,4,,0
38101,'20261021',658,,1638833,37,4,,0,75,,1638831,37,4,,0,10,,1638835,37,4,,0,14,,1638834,37,4,,0,183,,1638832,37,4,,0
38101,'20261022',658,,1638838,37,4,,0,75,,1638836,37,4,,0,10,,1638840,37,4,,0,14,,1638839,37,4,,0,183,,1638837,37,4,,0
38101,'20261023',658,,1638843,37,4,,0,75,,1638841,37,4,,0,10,,1638845,37,4,,0,14,,1638844,37,4,,0,183,,1638842,37,4,,0
38201,'20261009',650,,1613793,54,4,,0,52,,1613794,54,4,,0,15,,1613795,54,4,,0,15,,1613796,54,4,,0,68,,1613797,54,4,,0,131,,1613792,54,4,,0,2,,1613798,54,4,,0,200,,1613799,54,4,,0
38201,'20261013',650,,1582024,54,4,,0,52,,1582028,54,4,,0,15,,1582027,54,4,,0,15,,1582025,54,4,,0,68,,1582029,54,4,,0,133,,1582026,54,4,,0,200,,1582023,54,4,,0
38201,'20261014',650,,1582031,54,4,,0,52,,1582035,54,4,,0,15,,1582034,54,4,,0,15,,1582032,54,4,,0,68,,1582036,54,4,,0,133,,1582033,54,4,,0,200,,1582030,54,4,,0
38201,'20261015',650,,1582038,54,4,,0,52,,1582042,54,4,,0,15,,1582041,54,4,,0,15,,1582039,54,4,,0,68,,1582043,54,4,,0,133,,1582040,54,4,,0,200,,1582037,54,4,,0
38201,'20261016',650,,1582045,54,4,,0,52,,1582049,54,4,,0,15,,1582048,54,4,,0,15,,1582046,54,4,,0,68,,1582050,54,4,,0,133,,1582047,54,4,,0,200,,1582044,54,4,,0
38201,'20261019',650,,1613801,54,4,,0,52,,1613805,54,4,,0,15,,1613804,54,4,,0,15,,1613802,54,4,,0,68,,1613806,54,4,,0,133,,1613803,54,4,,0,200,,1613800,54,4,,0
38201,'20261020',650,,1613808,54,4,,0,52,,1613812,54,4,,0,15,,1613811,54,4,,0,15,,1613809,54,4,,0,68,,1613813,54,4,,0,133,,1613810,54,4,,0,200,,1613807,54,4,,0
38201,'20261021',650,,1638859,54,4,,0,52,,1638863,54,4,,0,15,,1638862,54,4,,0,15,,1638860,54,4,,0,68,,1638864,54,4,,0,133,,1638861,54,4,,0,200,,1638858,54,4,,0
38201,'20261022',650,,1638866,54,4,,0,52,,1638870,54,4,,0,15,,1638869,54,4,,0,15,,1638867,54,4,,0,68,,1638871,54,4,,0,133,,1638868,54,4,,0,200,,1638865,54,4,,0
38201,'20261023',650,,1638873,54,4,,0,52,,1638877,54,4,,0,15,,1638876,54,4,,0,15,,1638874,54,4,,0,68,,1638878,54,4,,0,133,,1638875,54,4,,0,200,,1638872,54,4,,0
38401,'20261009',657,,1613850,61,4,,0,72,,1613851,61,4,,0,72,,1613852,61,4,,0,136,,1613853,61,4,,0
38401,'20261013',657,,1582085,61,4,,0,72,,1582083,61,4,,0,72,,1582084,61,4,,0,136,,1582086,61,4,,0
38401,'20261014',657,,1582089,61,4,,0,72,,1582087,61,4,,0,72,,1582088,61,4,,0,136,,1582090,61,4,,0
38401,'20261015',657,,1582093,61,4,,0,72,,1582091,61,4,,0,72,,1582092,61,4,,0,136,,1582094,61,4,,0
38401,'20261016',657,,1582097,61,4,,0,72,,1582095,61,4,,0,72,,1582096,61,4,,0,136,,1582098,61,4,,0
38401,'20261019',657,,1613856,61,4,,0,72,,1613854,61,4,,0,72,,1613855,61,4,,0,136,,1613857,61,4,,0
38401,'20261020',657,,1613860,61,4,,0,72,,1613858,61,4,,0,72,,1613859,61,4,,0,136,,1613861,61,4,,0
38401,'20261021',657,,1638893,61,4,,0,72,,1638891,61,4,,0,72,,1638892,61,4,,0,136,,1638894,61,4,,0
38401,'20261022',657,,1638897,61,4,,0,72,,1638895,61,4,,0,72,,1638896,61,4,,0,136,,1638898,61,4,,0
38401,'20261023',657,,1638901,61,4,,0,72,,1638899,61,4,,0,72,,1638900,61,4,,0,136,,1638902,61,4,,0
80401,'20261009',552,,1621380,47,,,1,55,,1621381,47,,,1,15,,1621382,47,,,1,15,,1621383,47,,,1,16,,1621384,47,,,1,55,,1621385,47,,,1,13,,1621386,47,,,1,11,,1621387,47,,,1,9,,1621388,47,,,1,12,,1621389,47,,,1,50,,1621390,47,,,1,10,,1621391,47,,,1,10,,1621392,47,,,1,9,,1621393,47,,,1,9,,1621394,47,,,1,11,,1621395,47,,,1,52,,1621396,47,,,1,14,,1621397,47,,,1,15,,1621398,47,,,1,15,,1621399,47,,,1,54,,1621400,47,,,1,14,,1621401,47,,,1,15,,1621402,47,,,1,15,,1621403,47,,,1,54,,1621404,47,,,1,16,,1621405,47,,,1,14,,1621406,47,,,1,15,,1621407,47,,,1,14,,1621408,47,,,1,57,,1621409,47,,,1,15,,1621410,47,,,1,15,,1621411,47,,,1,55,,1621412,47,,,1,15,,1621413,47,,,1,15,,1621414,47,,,1,15,,1621415,47,,,1,55,,1621416,47,,,1,15,,1621417,47,,,1,14,,1621418,47,,,1,16,,1621419,47,,,1,55,,1621420,47,,,1,15,,1621421,47,,,1,16,,1621422,47,,,1,14,,1621423,47,,,1,57,,1621424,47,,,1,14,,1621425,47,,,1,17,,1621426,47,,,1,16,,1621427,47,,,1,51,,1621428,47,,,1,12,,1621429,47,,,1,10,,1621430,47,,,1,12,,1621431,47,,,1,14,,1621432,15,,,1,54,,1621433,47,,,1,15,,1621434,47,,,1,15,,1621435,47,,,1,18,,1621436,47,,,1,57,,1621437,47,,,1,18,,1621438,47,,,1,18,,1621439,47,,,1,58,,1621440,47,,,1,18,,1621441,47,,,1,17,,1621442,47,,,1,18,,1621443,47,,,1,58,,1621444,47,,,1,18,,1621445,47,,,1,18,,1621446,47,,,1,57,,1621447,47,,,1,18,,1621448,47,,,1,16,,1621449,47,,,1,17,,1621450,47,,,1,57,,1621451,47,,,1,18,,1621452,47,,,1,17,,1621453,47,,,1,58,,1621454,47,,,1,16,,1621455,47,,,1,17,,1621456,47,,,1,18,,1621457,47,,,1
80401,'20261010',701,,1643873,47,,,1,17,,1643874,47,,,1,18,,1643875,47,,,1,18,,1643876,47,,,1,58,,1643877,47,,,1,18,,1643878,47,,,1,17,,1643879,47,,,1,57,,1643880,47,,,1,15,,1643881,47,,,1,16,,1643882,47,,,1,15,,1643883,47,,,1,56,,1643884,47,,,1,15,,1643885,47,,,1,16,,1643886,47,,,1,16,,1643887,47,,,1,54,,1643888,47,,,1,15,,1643889,47,,,1,14,,1643890,47,,,1,14,,1643891,47,,,1,55,,1643892,47,,,1,14,,1643893,47,,,1,15,,1643894,47,,,1,15,,1643895,47,,,1,54,,1643896,47,,,1,15,,1643897,47,,,1,14,,1643898,47,,,1,15,,1643899,47,,,1,55,,1643900,47,,,1,15,,1643901,47,,,1,15,,1643902,47,,,1,15,,1643903,47,,,1,55,,1643904,47,,,1,15,,1643905,47,,,1,15,,1643906,47,,,1,15,,1643907,47,,,1,54,,1643908,47,,,1,15,,1643909,47,,,1,14,,1643910,47,,,1,15,,1643911,47,,,1,14,,1643912,47,,,1,56,,1643913,47,,,1,16,,1643914,47,,,1,19,,1643915,47,,,1,58,,1643916,47,,,1,19,,1643917,47,,,1,18,,1643918,47,,,1,59,,1643919,47,,,1,18,,1643920,47,,,1,18,,1643921,47,,,1,18,,1643922,47,,,1,58,,1643923,47,,,1,18,,1643924,47,,,1,18,,1643925,47,,,1,57,,1643926,47,,,1,18,,1643927,47,,,1,18,,1643928,47,,,1,58,,1643929,47,,,1,18,,1643930,47,,,1,18,,1643931,47,,,1,18,,1643932,47,,,1,58,,1643933,47,,,1,18,,1643934,47,,,1,18,,1643935,47,,,1,58,,1643936,47,,,1,18,,1643937,47,,,1
80401,'20261011',701,,1643938,47,,,1,17,,1643939,47,,,1,18,,1643940,47,,,1,18,,1643941,47,,,1,58,,1643942,47,,,1,18,,1643943,47,,,1,17,,1643944,47,,,1,57,,1643945,47,,,1,15,,1643946,47,,,1,16,,1643947,47,,,1,15,,1643948,47,,,1,56,,1643949,47,,,1,15,,1643950,47,,,1,16,,1643951,47,,,1,16,,1643952,47,,,1,54,,1643953,47,,,1,15,,1643954,47,,,1,14,,1643955,47,,,1,14,,1643956,47,,,1,55,,1643957,47,,,1,14,,1643958,47,,,1,15,,1643959,47,,,1,15,,1643960,47,,,1,54,,1643961,47,,,1,15,,1643962,47,,,1,14,,1643963,47,,,1,15,,1643964,47,,,1,55,,1643965,47,,,1,15,,1643966,47,,,1,15,,1643967,47,,,1,15,,1643968,47,,,1,55,,1643969,47,,,1,15,,1643970,47,,,1,15,,1643971,47,,,1,15,,1643972,47,,,1,54,,1643973,47,,,1,15,,1643974,47,,,1,14,,1643975,47,,,1,15,,1643976,47,,,1,14,,1643977,47,,,1,56,,1643978,47,,,1,16,,1643979,47,,,1,19,,1643980,47,,,1,58,,1643981,47,,,1,19,,1643982,47,,,1,18,,1643983,47,,,1,59,,1643984,47,,,1,18,,1643985,47,,,1,18,,1643986,47,,,1,18,,1643987,47,,,1,58,,1643988,47,,,1,18,,1643989,47,,,1,18,,1643990,47,,,1,57,,1643991,47,,,1,18,,1643992,47,,,1,18,,1643993,47,,,1,58,,1643994,47,,,1,18,,1643995,47,,,1,18,,1643996,47,,,1,18,,1643997,47,,,1,58,,1643998,47,,,1,18,,1643999,47,,,1,18,,1644000,47,,,1,58,,1644001,47,,,1,18,,1644002,47,,,1
80401,'20261012',701,,1644003,47,,,1,17,,1644004,47,,,1,18,,1644005,47,,,1,18,,1644006,47,,,1,58,,1644007,47,,,1,18,,1644008,47,,,1,17,,1644009,47,,,1,57,,1644010,47,,,1,15,,1644011,47,,,1,16,,1644012,47,,,1,15,,1644013,47,,,1,56,,1644014,47,,,1,15,,1644015,47,,,1,16,,1644016,47,,,1,16,,1644017,47,,,1,54,,1644018,47,,,1,15,,1644019,47,,,1,14,,1644020,47,,,1,14,,1644021,47,,,1,55,,1644022,47,,,1,14,,1644023,47,,,1,15,,1644024,47,,,1,15,,1644025,47,,,1,54,,1644026,47,,,1,15,,1644027,47,,,1,14,,1644028,47,,,1,15,,1644029,47,,,1,55,,1644030,47,,,1,15,,1644031,47,,,1,15,,1644032,47,,,1,15,,1644033,47,,,1,55,,1644034,47,,,1,15,,1644035,47,,,1,15,,1644036,47,,,1,15,,1644037,47,,,1,54,,1644038,47,,,1,15,,1644039,47,,,1,14,,1644040,47,,,1,15,,1644041,47,,,1,14,,1644042,47,,,1,56,,1644043,47,,,1,16,,1644044,47,,,1,19,,1644045,47,,,1,58,,1644046,47,,,1,19,,1644047,47,,,1,18,,1644048,47,,,1,59,,1644049,47,,,1,18,,1644050,47,,,1,18,,1644051,47,,,1,18,,1644052,47,,,1,58,,1644053,47,,,1,18,,1644054,47,,,1,18,,1644055,47,,,1,57,,1644056,47,,,1,18,,1644057,47,,,1,18,,1644058,47,,,1,58,,1644059,47,,,1,18,,1644060,47,,,1,18,,1644061,47,,,1,18,,1644062,47,,,1,58,,1644063,47,,,1,18,,1644064,47,,,1,18,,1644065,47,,,1,58,,1644066,47,,,1,18,,1644067,47,,,1
80401,'20261013',552,,1589685,47,,,1,55,,1589673,47,,,1,15,,1589609,47,,,1,15,,1589674,47,,,1,16,,1589656,47,,,1,55,,1589610,47,,,1,13,,1589611,47,,,1,11,,1589612,47,,,1,9,,1589613,47,,,1,12,,1589669,47,,,1,50,,1589663,47,,,1,10,,1589614,47,,,1,10,,1589615,47,,,1,9,,1589616,47,,,1,9,,1589617,47,,,1,11,,1589630,47,,,1,52,,1589631,47,,,1,14,,1589632,47,,,1,15,,1589670,47,,,1,15,,1589618,47,,,1,54,,1589619,47,,,1,14,,1589620,47,,,1,15,,1589621,47,,,1,15,,1589622,47,,,1,54,,1589671,47,,,1,16,,1589664,47,,,1,14,,1589623,47,,,1,15,,1589624,47,,,1,14,,1589625,47,,,1,57,,1589626,47,,,1,15,,1589627,47,,,1,15,,1589668,47,,,1,55,,1589628,47,,,1,15,,1589633,47,,,1,15,,1589634,47,,,1,15,,1589665,47,,,1,55,,1589629,47,,,1,15,,1589635,47,,,1,14,,1589636,47,,,1,16,,1589637,47,,,1,55,,1589638,47,,,1,15,,1589639,47,,,1,16,,1589667,47,,,1,14,,1589640,47,,,1,57,,1589641,47,,,1,14,,1589643,47,,,1,17,,1589672,47,,,1,16,,1589644,47,,,1,51,,1589645,47,,,1,12,,1589642,47,,,1,10,,1589646,47,,,1,12,,1589655,47,,,1,14,,1589680,47,,,1,54,,1589657,47,,,1,15,,1589647,47,,,1,15,,1589683,47,,,1,18,,1589666,47,,,1,57,,1589658,47,,,1,18,,1589659,47,,,1,18,,1589648,47,,,1,58,,1589649,47,,,1,18,,1589677,47,,,1,17,,1589660,47,,,1,18,,1589678,47,,,1,58,,1589679,47,,,1,18,,1589676,47,,,1,18,,1589675,47,,,1,57,,1589662,47,,,1,18,,1589661,47,,,1,16,,1589650,47,,,1,17,,1589651,47,,,1,57,,1589682,47,,,1,18,,1589652,47,,,1,17,,1589681,47,,,1,58,,1589653,47,,,1,16,,1589654,47,,,1,17,,1589684,47,,,1,18,,1589686,47,,,1
80401,'20261014',552,,1589763,47,,,1,55,,1589751,47,,,1,15,,1589687,47,,,1,15,,1589752,47,,,1,16,,1589734,47,,,1,55,,1589688,47,,,1,13,,1589689,47,,,1,11,,1589690,47,,,1,9,,1589691,47,,,1,12,,1589747,47,,,1,50,,1589741,47,,,1,10,,1589692,47,,,1,10,,1589693,47,,,1,9,,1589694,47,,,1,9,,1589695,47,,,1,11,,1589708,47,,,1,52,,1589709,47,,,1,14,,1589710,47,,,1,15,,1589748,47,,,1,15,,1589696,47,,,1,54,,1589697,47,,,1,14,,1589698,47,,,1,15,,1589699,47,,,1,15,,1589700,47,,,1,54,,1589749,47,,,1,16,,1589742,47,,,1,14,,1589701,47,,,1,15,,1589702,47,,,1,14,,1589703,47,,,1,57,,1589704,47,,,1,15,,1589705,47,,,1,15,,1589746,47,,,1,55,,1589706,47,,,1,15,,1589711,47,,,1,15,,1589712,47,,,1,15,,1589743,47,,,1,55,,1589707,47,,,1,15,,1589713,47,,,1,14,,1589714,47,,,1,16,,1589715,47,,,1,55,,1589716,47,,,1,15,,1589717,47,,,1,16,,1589745,47,,,1,14,,1589718,47,,,1,57,,1589719,47,,,1,14,,1589721,47,,,1,17,,1589750,47,,,1,16,,1589722,47,,,1,51,,1589723,47,,,1,12,,1589720,47,,,1,10,,1589724,47,,,1,12,,1589733,47,,,1,14,,1589758,47,,,1,54,,1589735,47,,,1,15,,1589725,47,,,1,15,,1589761,47,,,1,18,,1589744,47,,,1,57,,1589736,47,,,1,18,,1589737,47,,,1,18,,1589726,47,,,1,58,,1589727,47,,,1,18,,1589755,47,,,1,17,,1589738,47,,,1,18,,1589756,47,,,1,58,,1589757,47,,,1,18,,1589754,47,,,1,18,,1589753,47,,,1,57,,1589740,47,,,1,18,,1589739,47,,,1,16,,1589728,47,,,1,17,,1589729,47,,,1,57,,1589760,47,,,1,18,,1589730,47,,,1,17,,1589759,47,,,1,58,,1589731,47,,,1,16,,1589732,47,,,1,17,,1589762,47,,,1,18,,1589764,47,,,1
80401,'20261015',552,,1589841,47,,,1,55,,1589829,47,,,1,15,,1589765,47,,,1,15,,1589830,47,,,1,16,,1589812,47,,,1,55,,1589766,47,,,1,13,,1589767,47,,,1,11,,1589768,47,,,1,9,,1589769,47,,,1,12,,1589825,47,,,1,50,,1589819,47,,,1,10,,1589770,47,,,1,10,,1589771,47,,,1,9,,1589772,47,,,1,9,,1589773,47,,,1,11,,1589786,47,,,1,52,,1589787,47,,,1,14,,1589788,47,,,1,15,,1589826,47,,,1,15,,1589774,47,,,1,54,,1589775,47,,,1,14,,1589776,47,,,1,15,,1589777,47,,,1,15,,1589778,47,,,1,54,,1589827,47,,,1,16,,1589820,47,,,1,14,,1589779,47,,,1,15,,1589780,47,,,1,14,,1589781,47,,,1,57,,1589782,47,,,1,15,,1589783,47,,,1,15,,1589824,47,,,1,55,,1589784,47,,,1,15,,1589789,47,,,1,15,,1589790,47,,,1,15,,1589821,47,,,1,55,,1589785,47,,,1,15,,1589791,47,,,1,14,,1589792,47,,,1,16,,1589793,47,,,1,55,,1589794,47,,,1,15,,1589795,47,,,1,16,,1589823,47,,,1,14,,1589796,47,,,1,57,,1589797,47,,,1,14,,1589799,47,,,1,17,,1589828,47,,,1,16,,1589800,47,,,1,51,,1589801,47,,,1,12,,1589798,47,,,1,10,,1589802,47,,,1,12,,1589811,47,,,1,14,,1589836,47,,,1,54,,1589813,47,,,1,15,,1589803,47,,,1,15,,1589839,47,,,1,18,,1589822,47,,,1,57,,1589814,47,,,1,18,,1589815,47,,,1,18,,1589804,47,,,1,58,,1589805,47,,,1,18,,1589833,47,,,1,17,,1589816,47,,,1,18,,1589834,47,,,1,58,,1589835,47,,,1,18,,1589832,47,,,1,18,,1589831,47,,,1,57,,1589818,47,,,1,18,,1589817,47,,,1,16,,1589806,47,,,1,17,,1589807,47,,,1,57,,1589838,47,,,1,18,,1589808,47,,,1,17,,1589837,47,,,1,58,,1589809,47,,,1,16,,1589810,47,,,1,17,,1589840,47,,,1,18,,1589842,47,,,1
80401,'20261016',552,,1589919,47,,,1,55,,1589907,47,,,1,15,,1589843,47,,,1,15,,1589908,47,,,1,16,,1589890,47,,,1,55,,1589844,47,,,1,13,,1589845,47,,,1,11,,1589846,47,,,1,9,,1589847,47,,,1,12,,1589903,47,,,1,50,,1589897,47,,,1,10,,1589848,47,,,1,10,,1589849,47,,,1,9,,1589850,47,,,1,9,,1589851,47,,,1,11,,1589864,47,,,1,52,,1589865,47,,,1,14,,1589866,47,,,1,15,,1589904,47,,,1,15,,1589852,47,,,1,54,,1589853,47,,,1,14,,1589854,47,,,1,15,,1589855,47,,,1,15,,1589856,47,,,1,54,,1589905,47,,,1,16,,1589898,47,,,1,14,,1589857,47,,,1,15,,1589858,47,,,1,14,,1589859,47,,,1,57,,1589860,47,,,1,15,,1589861,47,,,1,15,,1589902,47,,,1,55,,1589862,47,,,1,15,,1589867,47,,,1,15,,1589868,47,,,1,15,,1589899,47,,,1,55,,1589863,47,,,1,15,,1589869,47,,,1,14,,1589870,47,,,1,16,,1589871,47,,,1,55,,1589872,47,,,1,15,,1589873,47,,,1,16,,1589901,47,,,1,14,,1589874,47,,,1,57,,1589875,47,,,1,14,,1589877,47,,,1,17,,1589906,47,,,1,16,,1589878,47,,,1,51,,1589879,47,,,1,12,,1589876,47,,,1,10,,1589880,47,,,1,12,,1589889,47,,,1,14,,1589914,47,,,1,54,,1589891,47,,,1,15,,1589881,47,,,1,15,,1589917,47,,,1,18,,1589900,47,,,1,57,,1589892,47,,,1,18,,1589893,47,,,1,18,,1589882,47,,,1,58,,1589883,47,,,1,18,,1589911,47,,,1,17,,1589894,47,,,1,18,,1589912,47,,,1,58,,1589913,47,,,1,18,,1589910,47,,,1,18,,1589909,47,,,1,57,,1589896,47,,,1,18,,1589895,47,,,1,16,,1589884,47,,,1,17,,1589885,47,,,1,57,,1589916,47,,,1,18,,1589886,47,,,1,17,,1589915,47,,,1,58,,1589887,47,,,1,16,,1589888,47,,,1,17,,1589918,47,,,1,18,,1589920,47,,,1
80401,'20261017',701,,1621458,47,,,1,17,,1621510,47,,,1,18,,1621509,47,,,1,18,,1621459,47,,,1,58,,1621460,47,,,1,18,,1621511,47,,,1,17,,1621498,47,,,1,57,,1621499,47,,,1,15,,1621500,47,,,1,16,,1621512,47,,,1,15,,1621461,47,,,1,56,,1621501,47,,,1,15,,1621502,47,,,1,16,,1621513,47,,,1,16,,1621462,47,,,1,54,,1621503,47,,,1,15,,1621504,47,,,1,14,,1621514,47,,,1,14,,1621463,47,,,1,55,,1621505,47,,,1,14,,1621506,47,,,1,15,,1621464,47,,,1,15,,1621507,47,,,1,54,,1621465,47,,,1,15,,1621466,47,,,1,14,,1621467,47,,,1,15,,1621468,47,,,1,55,,1621469,47,,,1,15,,1621470,47,,,1,15,,1621471,47,,,1,15,,1621472,47,,,1,55,,1621473,47,,,1,15,,1621474,47,,,1,15,,1621475,47,,,1,15,,1621476,47,,,1,54,,1621477,47,,,1,15,,1621478,47,,,1,14,,1621479,47,,,1,15,,1621480,47,,,1,14,,1621481,47,,,1,56,,1621482,47,,,1,16,,1621483,47,,,1,19,,1621484,47,,,1,58,,1621485,47,,,1,19,,1621508,47,,,1,18,,1621519,47,,,1,59,,1621486,47,,,1,18,,1621487,47,,,1,18,,1621520,47,,,1,18,,1621488,47,,,1,58,,1621521,47,,,1,18,,1621489,47,,,1,18,,1621490,47,,,1,57,,1621522,47,,,1,18,,1621491,47,,,1,18,,1621517,47,,,1,58,,1621492,47,,,1,18,,1621493,47,,,1,18,,1621516,47,,,1,18,,1621494,47,,,1,58,,1621515,47,,,1,18,,1621495,47,,,1,18,,1621496,47,,,1,58,,1621518,47,,,1,18,,1621497,47,,,1
80401,'20261018',701,,1621523,47,,,1,17,,1621524,47,,,1,18,,1621575,47,,,1,18,,1621574,47,,,1,58,,1621525,47,,,1,18,,1621576,47,,,1,17,,1621563,47,,,1,57,,1621564,47,,,1,15,,1621565,47,,,1,16,,1621577,47,,,1,15,,1621527,47,,,1,56,,1621566,47,,,1,15,,1621567,47,,,1,16,,1621578,47,,,1,16,,1621526,47,,,1,54,,1621568,47,,,1,15,,1621569,47,,,1,14,,1621579,47,,,1,14,,1621528,47,,,1,55,,1621570,47,,,1,14,,1621571,47,,,1,15,,1621529,47,,,1,15,,1621572,47,,,1,54,,1621530,47,,,1,15,,1621531,47,,,1,14,,1621532,47,,,1,15,,1621533,47,,,1,55,,1621534,47,,,1,15,,1621535,47,,,1,15,,1621536,47,,,1,15,,1621537,47,,,1,55,,1621538,47,,,1,15,,1621539,47,,,1,15,,1621540,47,,,1,15,,1621541,47,,,1,54,,1621542,47,,,1,15,,1621543,47,,,1,14,,1621544,47,,,1,15,,1621545,47,,,1,14,,1621546,47,,,1,56,,1621547,47,,,1,16,,1621548,47,,,1,19,,1621549,47,,,1,58,,1621550,47,,,1,19,,1621551,47,,,1,18,,1621573,47,,,1,59,,1621580,47,,,1,18,,1621552,47,,,1,18,,1621553,47,,,1,18,,1621581,47,,,1,58,,1621554,47,,,1,18,,1621582,47,,,1,18,,1621555,47,,,1,57,,1621556,47,,,1,18,,1621583,47,,,1,18,,1621557,47,,,1,58,,1621584,47,,,1,18,,1621558,47,,,1,18,,1621559,47,,,1,18,,1621585,47,,,1,58,,1621560,47,,,1,18,,1621586,47,,,1,18,,1621561,47,,,1,58,,1621587,47,,,1,18,,1621562,47,,,1
80401,'20261019',552,,1621664,47,,,1,55,,1621652,47,,,1,15,,1621588,47,,,1,15,,1621653,47,,,1,16,,1621635,47,,,1,55,,1621589,47,,,1,13,,1621590,47,,,1,11,,1621591,47,,,1,9,,1621592,47,,,1,12,,1621648,47,,,1,50,,1621642,47,,,1,10,,1621593,47,,,1,10,,1621594,47,,,1,9,,1621595,47,,,1,9,,1621596,47,,,1,11,,1621609,47,,,1,52,,1621610,47,,,1,14,,1621611,47,,,1,15,,1621649,47,,,1,15,,1621597,47,,,1,54,,1621598,47,,,1,14,,1621599,47,,,1,15,,1621600,47,,,1,15,,1621601,47,,,1,54,,1621650,47,,,1,16,,1621643,47,,,1,14,,1621602,47,,,1,15,,1621603,47,,,1,14,,1621604,47,,,1,57,,1621605,47,,,1,15,,1621606,47,,,1,15,,1621647,47,,,1,55,,1621607,47,,,1,15,,1621612,47,,,1,15,,1621613,47,,,1,15,,1621644,47,,,1,55,,1621608,47,,,1,15,,1621614,47,,,1,14,,1621615,47,,,1,16,,1621616,47,,,1,55,,1621617,47,,,1,15,,1621618,47,,,1,16,,1621646,47,,,1,14,,1621619,47,,,1,57,,1621620,47,,,1,14,,1621622,47,,,1,17,,1621651,47,,,1,16,,1621623,47,,,1,51,,1621624,47,,,1,12,,1621621,47,,,1,10,,1621625,47,,,1,12,,1621634,47,,,1,14,,1621659,47,,,1,54,,1621636,47,,,1,15,,1621626,47,,,1,15,,1621662,47,,,1,18,,1621645,47,,,1,57,,1621637,47,,,1,18,,1621638,47,,,1,18,,1621627,47,,,1,58,,1621628,47,,,1,18,,1621656,47,,,1,17,,1621639,47,,,1,18,,1621657,47,,,1,58,,1621658,47,,,1,18,,1621655,47,,,1,18,,1621654,47,,,1,57,,1621641,47,,,1,18,,1621640,47,,,1,16,,1621629,47,,,1,17,,1621630,47,,,1,57,,1621661,47,,,1,18,,1621631,47,,,1,17,,1621660,47,,,1,58,,1621632,47,,,1,16,,1621633,47,,,1,17,,1621663,47,,,1,18,,1621665,47,,,1
80401,'20261020',552,,1621742,47,,,1,55,,1621730,47,,,1,15,,1621666,47,,,1,15,,1621731,47,,,1,16,,1621713,47,,,1,55,,1621667,47,,,1,13,,1621668,47,,,1,11,,1621669,47,,,1,9,,1621670,47,,,1,12,,1621726,47,,,1,50,,1621720,47,,,1,10,,1621671,47,,,1,10,,1621672,47,,,1,9,,1621673,47,,,1,9,,1621674,47,,,1,11,,1621687,47,,,1,52,,1621688,47,,,1,14,,1621689,47,,,1,15,,1621727,47,,,1,15,,1621675,47,,,1,54,,1621676,47,,,1,14,,1621677,47,,,1,15,,1621678,47,,,1,15,,1621679,47,,,1,54,,1621728,47,,,1,16,,1621721,47,,,1,14,,1621680,47,,,1,15,,1621681,47,,,1,14,,1621682,47,,,1,57,,1621683,47,,,1,15,,1621684,47,,,1,15,,1621725,47,,,1,55,,1621685,47,,,1,15,,1621690,47,,,1,15,,1621691,47,,,1,15,,1621722,47,,,1,55,,1621686,47,,,1,15,,1621692,47,,,1,14,,1621693,47,,,1,16,,1621694,47,,,1,55,,1621695,47,,,1,15,,1621696,47,,,1,16,,1621724,47,,,1,14,,1621697,47,,,1,57,,1621698,47,,,1,14,,1621700,47,,,1,17,,1621729,47,,,1,16,,1621701,47,,,1,51,,1621702,47,,,1,12,,1621699,47,,,1,10,,1621703,47,,,1,12,,1621712,47,,,1,14,,1621737,47,,,1,54,,1621714,47,,,1,15,,1621704,47,,,1,15,,1621740,47,,,1,18,,1621723,47,,,1,57,,1621715,47,,,1,18,,1621716,47,,,1,18,,1621705,47,,,1,58,,1621706,47,,,1,18,,1621734,47,,,1,17,,1621717,47,,,1,18,,1621735,47,,,1,58,,1621736,47,,,1,18,,1621733,47,,,1,18,,1621732,47,,,1,57,,1621719,47,,,1,18,,1621718,47,,,1,16,,1621707,47,,,1,17,,1621708,47,,,1,57,,1621739,47,,,1,18,,1621709,47,,,1,17,,1621738,47,,,1,58,,1621710,47,,,1,16,,1621711,47,,,1,17,,1621741,47,,,1,18,,1621743,47,,,1
80401,'20261021',552,,1644144,47,,,1,55,,1644132,47,,,1,15,,1644068,47,,,1,15,,1644133,47,,,1,16,,1644115,47,,,1,55,,1644069,47,,,1,13,,1644070,47,,,1,11,,1644071,47,,,1,9,,1644072,47,,,1,12,,1644128,47,,,1,50,,1644122,47,,,1,10,,1644073,47,,,1,10,,1644074,47,,,1,9,,1644075,47,,,1,9,,1644076,47,,,1,11,,1644089,47,,,1,52,,1644090,47,,,1,14,,1644091,47,,,1,15,,1644129,47,,,1,15,,1644077,47,,,1,54,,1644078,47,,,1,14,,1644079,47,,,1,15,,1644080,47,,,1,15,,1644081,47,,,1,54,,1644130,47,,,1,16,,1644123,47,,,1,14,,1644082,47,,,1,15,,1644083,47,,,1,14,,1644084,47,,,1,57,,1644085,47,,,1,15,,1644086,47,,,1,15,,1644127,47,,,1,55,,1644087,47,,,1,15,,1644092,47,,,1,15,,1644093,47,,,1,15,,1644124,47,,,1,55,,1644088,47,,,1,15,,1644094,47,,,1,14,,1644095,47,,,1,16,,1644096,47,,,1,55,,1644097,47,,,1,15,,1644098,47,,,1,16,,1644126,47,,,1,14,,1644099,47,,,1,57,,1644100,47,,,1,14,,1644102,47,,,1,17,,1644131,47,,,1,16,,1644103,47,,,1,51,,1644104,47,,,1,12,,1644101,47,,,1,10,,1644105,47,,,1,12,,1644114,47,,,1,14,,1644139,47,,,1,54,,1644116,47,,,1,15,,1644106,47,,,1,15,,1644142,47,,,1,18,,1644125,47,,,1,57,,1644117,47,,,1,18,,1644118,47,,,1,18,,1644107,47,,,1,58,,1644108,47,,,1,18,,1644136,47,,,1,17,,1644119,47,,,1,18,,1644137,47,,,1,58,,1644138,47,,,1,18,,1644135,47,,,1,18,,1644134,47,,,1,57,,1644121,47,,,1,18,,1644120,47,,,1,16,,1644109,47,,,1,17,,1644110,47,,,1,57,,1644141,47,,,1,18,,1644111,47,,,1,17,,1644140,47,,,1,58,,1644112,47,,,1,16,,1644113,47,,,1,17,,1644143,47,,,1,18,,1644145,47,,,1
80401,'20261022',552,,1644222,47,,,1,55,,1644210,47,,,1,15,,1644146,47,,,1,15,,1644211,47,,,1,16,,1644193,47,,,1,55,,1644147,47,,,1,13,,1644148,47,,,1,11,,1644149,47,,,1,9,,1644150,47,,,1,12,,1644206,47,,,1,50,,1644200,47,,,1,10,,1644151,47,,,1,10,,1644152,47,,,1,9,,1644153,47,,,1,9,,1644154,47,,,1,11,,1644167,47,,,1,52,,1644168,47,,,1,14,,1644169,47,,,1,15,,1644207,47,,,1,15,,1644155,47,,,1,54,,1644156,47,,,1,14,,1644157,47,,,1,15,,1644158,47,,,1,15,,1644159,47,,,1,54,,1644208,47,,,1,16,,1644201,47,,,1,14,,1644160,47,,,1,15,,1644161,47,,,1,14,,1644162,47,,,1,57,,1644163,47,,,1,15,,1644164,47,,,1,15,,1644205,47,,,1,55,,1644165,47,,,1,15,,1644170,47,,,1,15,,1644171,47,,,1,15,,1644202,47,,,1,55,,1644166,47,,,1,15,,1644172,47,,,1,14,,1644173,47,,,1,16,,1644174,47,,,1,55,,1644175,47,,,1,15,,1644176,47,,,1,16,,1644204,47,,,1,14,,1644177,47,,,1,57,,1644178,47,,,1,14,,1644180,47,,,1,17,,1644209,47,,,1,16,,1644181,47,,,1,51,,1644182,47,,,1,12,,1644179,47,,,1,10,,1644183,47,,,1,12,,1644192,47,,,1,14,,1644217,47,,,1,54,,1644194,47,,,1,15,,1644184,47,,,1,15,,1644220,47,,,1,18,,1644203,47,,,1,57,,1644195,47,,,1,18,,1644196,47,,,1,18,,1644185,47,,,1,58,,1644186,47,,,1,18,,1644214,47,,,1,17,,1644197,47,,,1,18,,1644215,47,,,1,58,,1644216,47,,,1,18,,1644213,47,,,1,18,,1644212,47,,,1,57,,1644199,47,,,1,18,,1644198,47,,,1,16,,1644187,47,,,1,17,,1644188,47,,,1,57,,1644219,47,,,1,18,,1644189,47,,,1,17,,1644218,47,,,1,58,,1644190,47,,,1,16,,1644191,47,,,1,17,,1644221,47,,,1,18,,1644223,47,,,1
80401,'20261023',552,,1644300,47,,,1,55,,1644288,47,,,1,15,,1644224,47,,,1,15,,1644289,47,,,1,16,,1644271,47,,,1,55,,1644225,47,,,1,13,,1644226,47,,,1,11,,1644227,47,,,1,9,,1644228,47,,,1,12,,1644284,47,,,1,50,,1644278,47,,,1,10,,1644229,47,,,1,10,,1644230,47,,,1,9,,1644231,47,,,1,9,,1644232,47,,,1,11,,1644245,47,,,1,52,,1644246,47,,,1,14,,1644247,47,,,1,15,,1644285,47,,,1,15,,1644233,47,,,1,54,,1644234,47,,,1,14,,1644235,47,,,1,15,,1644236,47,,,1,15,,1644237,47,,,1,54,,1644286,47,,,1,16,,1644279,47,,,1,14,,1644238,47,,,1,15,,1644239,47,,,1,14,,1644240,47,,,1,57,,1644241,47,,,1,15,,1644242,47,,,1,15,,1644283,47,,,1,55,,1644243,47,,,1,15,,1644248,47,,,1,15,,1644249,47,,,1,15,,1644280,47,,,1,55,,1644244,47,,,1,15,,1644250,47,,,1,14,,1644251,47,,,1,16,,1644252,47,,,1,55,,1644253,47,,,1,15,,1644254,47,,,1,16,,1644282,47,,,1,14,,1644255,47,,,1,57,,1644256,47,,,1,14,,1644258,47,,,1,17,,1644287,47,,,1,16,,1644259,47,,,1,51,,1644260,47,,,1,12,,1644257,47,,,1,10,,1644261,47,,,1,12,,1644270,47,,,1,14,,1644295,47,,,1,54,,1644272,47,,,1,15,,1644262,47,,,1,15,,1644298,47,,,1,18,,1644281,47,,,1,57,,1644273,47,,,1,18,,1644274,47,,,1,18,,1644263,47,,,1,58,,1644264,47,,,1,18,,1644292,47,,,1,17,,1644275,47,,,1,18,,1644293,47,,,1,58,,1644294,47,,,1,18,,1644291,47,,,1,18,,1644290,47,,,1,57,,1644277,47,,,1,18,,1644276,47,,,1,16,,1644265,47,,,1,17,,1644266,47,,,1,57,,1644297,47,,,1,18,,1644267,47,,,1,17,,1644296,47,,,1,58,,1644268,47,,,1,16,,1644269,47,,,1,17,,1644299,47,,,1,18,,1644301,47,,,1
