3601,'20261002',614,,1568891,28,,,0,29,,1568892,28,,,0,67,,1568893,28,,,0,29,,1568894,28,,,0,70,,1568895,28,,,0,103,,1568896,28,,,0,100,,1568897,28,,,0,100,,1568898,28,,,0,100,,1568899,28,,,0,100,,1568900,28,,,0,100,,1568901,28,,,0,99,,1568902,28,,,0,97,,1568903,28,,,0,102,,1568904,28,,,0,102,,1568905,28,,,0,101,,1568906,28,,,0,102,,1568907,28,,,0,100,,1568908,28,,,0,100,,1568909,28,,,0,100,,1568910,28,,,0
3601,'20261003',618,,1568911,28,,,0,98,,1568912,28,,,0,100,,1568913,28,,,0,100,,1568914,28,,,0,99,,1568915,28,,,0,99,,1568916,28,,,0,100,,1568917,28,,,0,100,,1568918,28,,,0,100,,1568919,28,,,0,101,,1568920,28,,,0,100,,1568921,28,,,0,101,,1568922,28,,,0,100,,1568923,28,,,0,101,,1568924,28,,,0,100,,1568925,28,,,0,100,,1568926,28,,,0,102,,1568927,28,,,0,100,,1568928,28,,,0
3601,'20261004',618,,1568929,28,,,0,98,,1568930,28,,,0,100,,1568931,28,,,0,100,,1568932,28,,,0,99,,1568933,28,,,0,99,,1568934,28,,,0,100,,1568935,28,,,0,100,,1568936,28,,,0,100,,1568937,28,,,0,101,,1568938,28,,,0,100,,1568939,28,,,0,101,,1568940,28,,,0,100,,1568941,28,,,0,101,,1568942,28,,,0,100,,1568943,28,,,0,100,,1568944,28,,,0,102,,1568945,28,,,0,100,,1568946,28,,,0
3601,'20261005',614,,1568947,28,,,0,29,,1568948,28,,,0,67,,1568949,28,,,0,29,,1568950,28,,,0,70,,1568951,28,,,0,103,,1568952,28,,,0,100,,1568953,28,,,0,100,,1568954,28,,,0,100,,1568955,28,,,0,100,,1568956,28,,,0,100,,1568957,28,,,0,99,,1568958,28,,,0,97,,1568959,28,,,0,102,,1568960,28,,,0,102,,1568961,28,,,0,101,,1568962,28,,,0,102,,1568963,28,,,0,100,,1568964,28,,,0,100,,1568965,28,,,0,100,,1568966,28,,,0
3601,'20261006',614,,1515690,28,,,0,29,,1515691,28,,,0,67,,1515692,28,,,0,29,,1515693,28,,,0,70,,1515694,28,,,0,103,,1515695,28,,,0,100,,1515696,28,,,0,100,,1515697,28,,,0,100,,1515698,28,,,0,100,,1515699,28,,,0,100,,1515700,28,,,0,99,,1515701,28,,,0,97,,1515702,28,,,0,102,,1515703,28,,,0,102,,1515704,28,,,0,101,,1515705,28,,,0,102,,1515706,28,,,0,100,,1515707,28,,,0,100,,1515709,28,,,0,100,,1515708,28,,,0
3601,'20261007',614,,1515710,28,,,0,29,,1515711,28,,,0,67,,1515712,28,,,0,29,,1515713,28,,,0,70,,1515714,28,,,0,103,,1515715,28,,,0,100,,1515716,28,,,0,100,,1515717,28,,,0,100,,1515718,28,,,0,100,,1515719,28,,,0,100,,1515720,28,,,0,99,,1515721,28,,,0,97,,1515722,28,,,0,102,,1515723,28,,,0,102,,1515724,28,,,0,101,,1515725,28,,,0,102,,1515726,28,,,0,100,,1515727,28,,,0,100,,1515729,28,,,0,100,,1515728,28,,,0
3601,'20261008',614,,1515730,28,,,0,29,,1515731,28,,,0,67,,1515732,28,,,0,29,,1515733,28,,,0,70,,1515734,28,,,0,103,,1515735,28,,,0,100,,1515736,28,,,0,100,,1515737,28,,,0,100,,1515738,28,,,0,100,,1515739,28,,,0,100,,1515740,28,,,0,99,,1515741,28,,,0,97,,1515742,28,,,0,102,,1515743,28,,,0,102,,1515744,28,,,0,101,,1515745,28,,,0,102,,1515746,28,,,0,100,,1515747,28,,,0,100,,1515749,28,,,0,100,,1515748,28,,,0
3601,'20261009',614,,1515750,28,,,0,29,,1515751,28,,,0,67,,1515752,28,,,0,29,,1515753,28,,,0,70,,1515754,28,,,0,103,,1515755,28,,,0,100,,1515756,28,,,0,100,,1515757,28,,,0,100,,1515758,28,,,0,100,,1515759,28,,,0,100,,1515760,28,,,0,99,,1515761,28,,,0,97,,1515762,28,,,0,102,,1515763,28,,,0,102,,1515764,28,,,0,101,,1515765,28,,,0,102,,1515766,28,,,0,100,,1515767,28,,,0,100,,1515769,28,,,0,100,,1515768,28,,,0
3601,'20261010',618,,1545128,28,,,0,98,,1545111,28,,,0,100,,1545112,28,,,0,100,,1545113,28,,,0,99,,1545114,28,,,0,99,,1545115,28,,,0,100,,1545116,28,,,0,100,,1545117,28,,,0,100,,1545118,28,,,0,101,,1545119,28,,,0,100,,1545120,28,,,0,101,,1545121,28,,,0,100,,1545122,28,,,0,101,,1545123,28,,,0,100,,1545127,28,,,0,100,,1545124,28,,,0,102,,1545126,28,,,0,100,,1545125,28,,,0
3601,'20261011',618,,1545146,28,,,0,98,,1545139,28,,,0,100,,1545144,28,,,0,100,,1545138,28,,,0,99,,1545137,28,,,0,99,,1545136,28,,,0,100,,1545135,28,,,0,100,,1545134,28,,,0,100,,1545133,28,,,0,101,,1545132,28,,,0,100,,1545131,28,,,0,101,,1545130,28,,,0,100,,1545129,28,,,0,101,,1545143,28,,,0,100,,1545145,28,,,0,100,,1545142,28,,,0,102,,1545141,28,,,0,100,,1545140,28,,,0
3601,'20261012',618,,1545164,28,,,0,98,,1545157,28,,,0,100,,1545162,28,,,0,100,,1545156,28,,,0,99,,1545155,28,,,0,99,,1545154,28,,,0,100,,1545153,28,,,0,100,,1545152,28,,,0,100,,1545151,28,,,0,101,,1545150,28,,,0,100,,1545149,28,,,0,101,,1545148,28,,,0,100,,1545147,28,,,0,101,,1545161,28,,,0,100,,1545163,28,,,0,100,,1545160,28,,,0,102,,1545159,28,,,0,100,,1545158,28,,,0
3601,'20261013',614,,1568967,28,,,0,29,,1568968,28,,,0,67,,1568969,28,,,0,29,,1568970,28,,,0,70,,1568971,28,,,0,103,,1568972,28,,,0,100,,1568973,28,,,0,100,,1568974,28,,,0,100,,1568975,28,,,0,100,,1568976,28,,,0,100,,1568977,28,,,0,99,,1568978,28,,,0,97,,1568979,28,,,0,102,,1568980,28,,,0,102,,1568981,28,,,0,101,,1568982,28,,,0,102,,1568983,28,,,0,100,,1568984,28,,,0,100,,1568986,28,,,0,100,,1568985,28,,,0
3601,'20261014',614,,1568987,28,,,0,29,,1568988,28,,,0,67,,1568989,28,,,0,29,,1568990,28,,,0,70,,1568991,28,,,0,103,,1568992,28,,,0,100,,1568993,28,,,0,100,,1568994,28,,,0,100,,1568995,28,,,0,100,,1568996,28,,,0,100,,1568997,28,,,0,99,,1568998,28,,,0,97,,1568999,28,,,0,102,,1569000,28,,,0,102,,1569001,28,,,0,101,,1569002,28,,,0,102,,1569003,28,,,0,100,,1569004,28,,,0,100,,1569006,28,,,0,100,,1569005,28,,,0
3601,'20261015',614,,1569007,28,,,0,29,,1569008,28,,,0,67,,1569009,28,,,0,29,,1569010,28,,,0,70,,1569011,28,,,0,103,,1569012,28,,,0,100,,1569013,28,,,0,100,,1569014,28,,,0,100,,1569015,28,,,0,100,,1569016,28,,,0,100,,1569017,28,,,0,99,,1569018,28,,,0,97,,1569019,28,,,0,102,,1569020,28,,,0,102,,1569021,28,,,0,101,,1569022,28,,,0,102,,1569023,28,,,0,100,,1569024,28,,,0,100,,1569026,28,,,0,100,,1569025,28,,,0
3601,'20261016',614,,1569027,28,,,0,29,,1569028,28,,,0,67,,1569029,28,,,0,29,,1569030,28,,,0,70,,1569031,28,,,0,103,,1569032,28,,,0,100,,1569033,28,,,0,100,,1569034,28,,,0,100,,1569035,28,,,0,100,,1569036,28,,,0,100,,1569037,28,,,0,99,,1569038,28,,,0,97,,1569039,28,,,0,102,,1569040,28,,,0,102,,1569041,28,,,0,101,,1569042,28,,,0,102,,1569043,28,,,0,100,,1569044,28,,,0,100,,1569046,28,,,0,100,,1569045,28,,,0
5902,'20261002',712,,1571914,15,,,0,101,,1571915,15,,,0,30,,1571913,15,,,0,69,,1571916,15,,,0,100,,1571917,15,,,0,100,,1571918,15,,,0,100,,1571919,15,,,0,100,,1571920,15,,,0,100,,1571921,15,,,0,100,,1571922,15,,,0,102,,1571923,15,,,0,99,,1571924,15,,,0,99,,1571925,15,,,0,100,,1571926,15,,,0,100,,1571927,15,,,0,100,,1571928,15,,,0,99,,1571929,15,,,0,100,,1571930,15,,,0
5902,'20261003',811,,1571931,15,,,0,100,,1571932,15,,,0,101,,1571933,15,,,0,100,,1571934,15,,,0,100,,1571935,15,,,0,100,,1571936,15,,,0,100,,1571937,15,,,0,104,,1571938,15,,,0,96,,1571939,15,,,0,100,,1571940,15,,,0,99,,1571941,15,,,0,100,,1571942,15,,,0,100,,1571943,15,,,0,100,,1571944,15,,,0,100,,1571945,15,,,0
5902,'20261004',811,,1571946,15,,,0,100,,1571947,15,,,0,101,,1571948,15,,,0,100,,1571949,15,,,0,100,,1571950,15,,,0,100,,1571951,15,,,0,100,,1571952,15,,,0,104,,1571953,15,,,0,96,,1571954,15,,,0,100,,1571955,15,,,0,99,,1571956,15,,,0,100,,1571957,15,,,0,100,,1571958,15,,,0,100,,1571959,15,,,0,100,,1571960,15,,,0
5902,'20261005',712,,1571962,15,,,0,101,,1571963,15,,,0,30,,1571961,15,,,0,69,,1571964,15,,,0,100,,1571965,15,,,0,100,,1571966,15,,,0,100,,1571967,15,,,0,100,,1571968,15,,,0,100,,1571969,15,,,0,100,,1571970,15,,,0,102,,1571971,15,,,0,99,,1571972,15,,,0,99,,1571973,15,,,0,100,,1571974,15,,,0,100,,1571975,15,,,0,100,,1571976,15,,,0,99,,1571977,15,,,0,100,,1571978,15,,,0
5902,'20261006',712,,1518704,15,,,0,101,,1518705,15,,,0,30,,1518721,15,,,0,69,,1518706,15,,,0,100,,1518707,15,,,0,100,,1518708,15,,,0,100,,1518709,15,,,0,100,,1518710,15,,,0,100,,1518711,15,,,0,100,,1518712,15,,,0,102,,1518713,15,,,0,99,,1518714,15,,,0,99,,1518715,15,,,0,100,,1518716,15,,,0,100,,1518717,15,,,0,100,,1518718,15,,,0,99,,1518719,15,,,0,100,,1518720,15,,,0
5902,'20261007',712,,1518722,15,,,0,101,,1518723,15,,,0,30,,1518739,15,,,0,69,,1518724,15,,,0,100,,1518725,15,,,0,100,,1518726,15,,,0,100,,1518727,15,,,0,100,,1518728,15,,,0,100,,1518729,15,,,0,100,,1518730,15,,,0,102,,1518731,15,,,0,99,,1518732,15,,,0,99,,1518733,15,,,0,100,,1518734,15,,,0,100,,1518735,15,,,0,100,,1518736,15,,,0,99,,1518737,15,,,0,100,,1518738,15,,,0
5902,'20261008',712,,1518740,15,,,0,101,,1518741,15,,,0,30,,1518757,15,,,0,69,,1518742,15,,,0,100,,1518743,15,,,0,100,,1518744,15,,,0,100,,1518745,15,,,0,100,,1518746,15,,,0,100,,1518747,15,,,0,100,,1518748,15,,,0,102,,1518749,15,,,0,99,,1518750,15,,,0,99,,1518751,15,,,0,100,,1518752,15,,,0,100,,1518753,15,,,0,100,,1518754,15,,,0,99,,1518755,15,,,0,100,,1518756,15,,,0
5902,'20261009',712,,1518758,15,,,0,101,,1518759,15,,,0,30,,1518775,15,,,0,69,,1518760,15,,,0,100,,1518761,15,,,0,100,,1518762,15,,,0,100,,1518763,15,,,0,100,,1518764,15,,,0,100,,1518765,15,,,0,100,,1518766,15,,,0,102,,1518767,15,,,0,99,,1518768,15,,,0,99,,1518769,15,,,0,100,,1518770,15,,,0,100,,1518771,15,,,0,100,,1518772,15,,,0,99,,1518773,15,,,0,100,,1518774,15,,,0
5902,'20261010',811,,1547235,15,,,0,100,,1547236,15,,,0,101,,1547237,15,,,0,100,,1547238,15,,,0,100,,1547239,15,,,0,100,,1547240,15,,,0,100,,1547241,15,,,0,104,,1547242,15,,,0,96,,1547243,15,,,0,100,,1547244,15,,,0,99,,1547245,15,,,0,100,,1547246,15,,,0,100,,1547247,15,,,0,100,,1547248,15,,,0,100,,1547249,15,,,0
5902,'20261011',811,,1547250,15,,,0,100,,1547251,15,,,0,101,,1547252,15,,,0,100,,1547253,15,,,0,100,,1547254,15,,,0,100,,1547255,15,,,0,100,,1547256,15,,,0,104,,1547257,15,,,0,96,,1547258,15,,,0,100,,1547259,15,,,0,99,,1547260,15,,,0,100,,1547261,15,,,0,100,,1547262,15,,,0,100,,1547263,15,,,0,100,,1547264,15,,,0
5902,'20261012',811,,1547265,15,,,0,100,,1547266,15,,,0,101,,1547267,15,,,0,100,,1547268,15,,,0,100,,1547269,15,,,0,100,,1547270,15,,,0,100,,1547271,15,,,0,104,,1547272,15,,,0,96,,1547273,15,,,0,100,,1547274,15,,,0,99,,1547275,15,,,0,100,,1547276,15,,,0,100,,1547277,15,,,0,100,,1547278,15,,,0,100,,1547279,15,,,0
5902,'20261013',712,,1571979,15,,,0,101,,1571980,15,,,0,30,,1571996,15,,,0,69,,1571981,15,,,0,100,,1571982,15,,,0,100,,1571983,15,,,0,100,,1571984,15,,,0,100,,1571985,15,,,0,100,,1571986,15,,,0,100,,1571987,15,,,0,102,,1571988,15,,,0,99,,1571989,15,,,0,99,,1571990,15,,,0,100,,1571991,15,,,0,100,,1571992,15,,,0,100,,1571993,15,,,0,99,,1571994,15,,,0,100,,1571995,15,,,0
5902,'20261014',712,,1571997,15,,,0,101,,1571998,15,,,0,30,,1572014,15,,,0,69,,1571999,15,,,0,100,,1572000,15,,,0,100,,1572001,15,,,0,100,,1572002,15,,,0,100,,1572003,15,,,0,100,,1572004,15,,,0,100,,1572005,15,,,0,102,,1572006,15,,,0,99,,1572007,15,,,0,99,,1572008,15,,,0,100,,1572009,15,,,0,100,,1572010,15,,,0,100,,1572011,15,,,0,99,,1572012,15,,,0,100,,1572013,15,,,0
5902,'20261015',712,,1572015,15,,,0,101,,1572016,15,,,0,30,,1572032,15,,,0,69,,1572017,15,,,0,100,,1572018,15,,,0,100,,1572019,15,,,0,100,,1572020,15,,,0,100,,1572021,15,,,0,100,,1572022,15,,,0,100,,1572023,15,,,0,102,,1572024,15,,,0,99,,1572025,15,,,0,99,,1572026,15,,,0,100,,1572027,15,,,0,100,,1572028,15,,,0,100,,1572029,15,,,0,99,,1572030,15,,,0,100,,1572031,15,,,0
5902,'20261016',712,,1572033,15,,,0,101,,1572034,15,,,0,30,,1572050,15,,,0,69,,1572035,15,,,0,100,,1572036,15,,,0,100,,1572037,15,,,0,100,,1572038,15,,,0,100,,1572039,15,,,0,100,,1572040,15,,,0,100,,1572041,15,,,0,102,,1572042,15,,,0,99,,1572043,15,,,0,99,,1572044,15,,,0,100,,1572045,15,,,0,100,,1572046,15,,,0,100,,1572047,15,,,0,99,,1572048,15,,,0,100,,1572049,15,,,0
23601,'20261002',633,,1579847,28,,,0,12,,1579848,28,,,0,65,,1579849,28,,,0,23,,1579850,28,,,0,83,,1579851,28,,,0
23601,'20261005',633,,1579852,28,,,0,12,,1579853,28,,,0,65,,1579854,28,,,0,23,,1579855,28,,,0,83,,1579856,28,,,0
23601,'20261006',633,,1526585,28,,,0,12,,1526586,28,,,0,65,,1526589,28,,,0,23,,1526587,28,,,0,83,,1526588,28,,,0
23601,'20261007',633,,1526590,28,,,0,12,,1526591,28,,,0,65,,1526594,28,,,0,23,,1526592,28,,,0,83,,1526593,28,,,0
23601,'20261008',633,,1526595,28,,,0,12,,1526596,28,,,0,65,,1526599,28,,,0,23,,1526597,28,,,0,83,,1526598,28,,,0
23601,'20261009',633,,1526600,28,,,0,12,,1526601,28,,,0,65,,1526604,28,,,0,23,,1526602,28,,,0,83,,1526603,28,,,0
23601,'20261013',633,,1579857,28,,,0,12,,1579858,28,,,0,65,,1579861,28,,,0,23,,1579859,28,,,0,83,,1579860,28,,,0
23601,'20261014',633,,1579862,28,,,0,12,,1579863,28,,,0,65,,1579866,28,,,0,23,,1579864,28,,,0,83,,1579865,28,,,0
23601,'20261015',633,,1579867,28,,,0,12,,1579868,28,,,0,65,,1579871,28,,,0,23,,1579869,28,,,0,83,,1579870,28,,,0
23601,'20261016',633,,1579872,28,,,0,12,,1579873,28,,,0,65,,1579876,28,,,0,23,,1579874,28,,,0,83,,1579875,28,,,0
33601,'20261002',652,,1581421,28,,,0,59,,1581422,28,,,0
33601,'20261005',652,,1581423,28,,,0,59,,1581424,28,,,0
33601,'20261006',652,,1528149,28,,,0,59,,1528150,28,,,0
33601,'20261007',652,,1528151,28,,,0,59,,1528152,28,,,0
33601,'20261008',652,,1528153,28,,,0,59,,1528154,28,,,0
33601,'20261009',652,,1528155,28,,,0,59,,1528156,28,,,0
33601,'20261013',652,,1581425,28,,,0,59,,1581426,28,,,0
33601,'20261014',652,,1581427,28,,,0,59,,1581428,28,,,0
33601,'20261015',652,,1581429,28,,,0,59,,1581430,28,,,0
33601,'20261016',652,,1581431,28,,,0,59,,1581432,28,,,0
53601,'20261002',647,,1582258,28,,,0,65,,1582259,28,,,0
53601,'20261005',647,,1582260,28,,,0,65,,1582261,28,,,0
53601,'20261006',647,,1528986,28,,,0,65,,1528987,28,,,0
53601,'20261007',647,,1528988,28,,,0,65,,1528989,28,,,0
53601,'20261008',647,,1528990,28,,,0,65,,1528991,28,,,0
53601,'20261009',647,,1528992,28,,,0,65,,1528993,28,,,0
53601,'20261013',647,,1582262,28,,,0,65,,1582263,28,,,0
53601,'20261014',647,,1582264,28,,,0,65,,1582265,28,,,0
53601,'20261015',647,,1582266,28,,,0,65,,1582267,28,,,0
53601,'20261016',647,,1582268,28,,,0,65,,1582269,28,,,0
