6103,'20261002',621,,1572431,17,,,1,29,,1572432,17,,,1,70,,1572433,17,,,1,28,,1572434,17,,,1,68,,1572435,17,,,1,32,,1572436,17,,,1,70,,1572437,17,,,1,30,,1572438,17,,,1,69,,1572439,17,,,1,30,,1572440,17,,,1,70,,1572441,17,,,1,30,,1572442,17,,,1,69,,1572443,17,,,1,30,,1572444,17,,,1,71,,1572445,17,,,1,30,,1572446,17,,,1,70,,1572447,17,,,1,30,,1572448,17,,,1,70,,1572449,17,,,1,30,,1572450,17,,,1,68,,1572451,17,,,1,31,,1572452,17,,,1,71,,1572453,17,,,1,31,,1572454,17,,,1,70,,1572455,17,,,1,30,,1572456,17,,,1,101,,1572457,17,,,1,100,,1572458,17,,,1,100,,1572459,17,,,1,103,,1572460,17,,,1,100,,1572461,17,,,1
6103,'20261003',752,,1572462,17,,,1,67,,1572463,17,,,1,30,,1572464,17,,,1,99,,1572465,17,,,1,99,,1572466,17,,,1,100,,1572467,17,,,1,70,,1572468,17,,,1,30,,1572469,17,,,1,70,,1572470,17,,,1,30,,1572471,17,,,1,70,,1572472,17,,,1,30,,1572473,17,,,1,70,,1572474,17,,,1,30,,1572475,17,,,1,70,,1572476,17,,,1,30,,1572477,17,,,1,71,,1572478,17,,,1,31,,1572479,17,,,1,102,,1572480,17,,,1,100,,1572481,17,,,1,100,,1572482,17,,,1,100,,1572483,17,,,1,102,,1572484,17,,,1
6103,'20261004',752,,1572485,17,,,1,67,,1572486,17,,,1,30,,1572487,17,,,1,99,,1572488,17,,,1,99,,1572489,17,,,1,100,,1572490,17,,,1,70,,1572491,17,,,1,30,,1572492,17,,,1,70,,1572493,17,,,1,30,,1572494,17,,,1,70,,1572495,17,,,1,30,,1572496,17,,,1,70,,1572497,17,,,1,30,,1572498,17,,,1,70,,1572499,17,,,1,30,,1572500,17,,,1,71,,1572501,17,,,1,31,,1572502,17,,,1,102,,1572503,17,,,1,100,,1572504,17,,,1,100,,1572505,17,,,1,100,,1572506,17,,,1,102,,1572507,17,,,1
6103,'20261005',621,,1572508,17,,,1,29,,1572509,17,,,1,70,,1572510,17,,,1,28,,1572511,17,,,1,68,,1572512,17,,,1,32,,1572513,17,,,1,70,,1572514,17,,,1,30,,1572515,17,,,1,69,,1572516,17,,,1,30,,1572517,17,,,1,70,,1572518,17,,,1,30,,1572519,17,,,1,69,,1572520,17,,,1,30,,1572521,17,,,1,71,,1572522,17,,,1,30,,1572523,17,,,1,70,,1572524,17,,,1,30,,1572525,17,,,1,70,,1572526,17,,,1,30,,1572527,17,,,1,68,,1572528,17,,,1,31,,1572529,17,,,1,71,,1572530,17,,,1,31,,1572531,17,,,1,70,,1572532,17,,,1,30,,1572533,17,,,1,101,,1572534,17,,,1,100,,1572535,17,,,1,100,,1572536,17,,,1,103,,1572537,17,,,1,100,,1572538,17,,,1
6103,'20261006',621,,1519264,17,,,1,29,,1519265,17,,,1,70,,1519266,17,,,1,28,,1519267,17,,,1,68,,1519268,17,,,1,32,,1519269,17,,,1,70,,1519270,17,,,1,30,,1519283,17,,,1,69,,1519271,17,,,1,30,,1519284,17,,,1,70,,1519272,17,,,1,30,,1519285,17,,,1,69,,1519273,17,,,1,30,,1519286,17,,,1,71,,1519274,17,,,1,30,,1519287,17,,,1,70,,1519275,17,,,1,30,,1519288,17,,,1,70,,1519276,17,,,1,30,,1519277,17,,,1,68,,1519278,17,,,1,31,,1519279,17,,,1,71,,1519280,17,,,1,31,,1519281,17,,,1,70,,1519282,17,,,1,30,,1519289,17,,,1,101,,1519290,17,,,1,100,,1519291,17,,,1,100,,1519292,17,,,1,103,,1519293,17,,,1,100,,1519294,17,,,1
6103,'20261007',621,,1519295,17,,,1,29,,1519296,17,,,1,70,,1519297,17,,,1,28,,1519298,17,,,1,68,,1519299,17,,,1,32,,1519300,17,,,1,70,,1519301,17,,,1,30,,1519314,17,,,1,69,,1519302,17,,,1,30,,1519315,17,,,1,70,,1519303,17,,,1,30,,1519316,17,,,1,69,,1519304,17,,,1,30,,1519317,17,,,1,71,,1519305,17,,,1,30,,1519318,17,,,1,70,,1519306,17,,,1,30,,1519319,17,,,1,70,,1519307,17,,,1,30,,1519308,17,,,1,68,,1519309,17,,,1,31,,1519310,17,,,1,71,,1519311,17,,,1,31,,1519312,17,,,1,70,,1519313,17,,,1,30,,1519320,17,,,1,101,,1519321,17,,,1,100,,1519322,17,,,1,100,,1519323,17,,,1,103,,1519324,17,,,1,100,,1519325,17,,,1
6103,'20261008',621,,1519326,17,,,1,29,,1519327,17,,,1,70,,1519328,17,,,1,28,,1519329,17,,,1,68,,1519330,17,,,1,32,,1519331,17,,,1,70,,1519332,17,,,1,30,,1519345,17,,,1,69,,1519333,17,,,1,30,,1519346,17,,,1,70,,1519334,17,,,1,30,,1519347,17,,,1,69,,1519335,17,,,1,30,,1519348,17,,,1,71,,1519336,17,,,1,30,,1519349,17,,,1,70,,1519337,17,,,1,30,,1519350,17,,,1,70,,1519338,17,,,1,30,,1519339,17,,,1,68,,1519340,17,,,1,31,,1519341,17,,,1,71,,1519342,17,,,1,31,,1519343,17,,,1,70,,1519344,17,,,1,30,,1519351,17,,,1,101,,1519352,17,,,1,100,,1519353,17,,,1,100,,1519354,17,,,1,103,,1519355,17,,,1,100,,1519356,17,,,1
6103,'20261009',621,,1519357,17,,,1,29,,1519358,17,,,1,70,,1519359,17,,,1,28,,1519360,17,,,1,68,,1519361,17,,,1,32,,1519362,17,,,1,70,,1519363,17,,,1,30,,1519376,17,,,1,69,,1519364,17,,,1,30,,1519377,17,,,1,70,,1519365,17,,,1,30,,1519378,17,,,1,69,,1519366,17,,,1,30,,1519379,17,,,1,71,,1519367,17,,,1,30,,1519380,17,,,1,70,,1519368,17,,,1,30,,1519381,17,,,1,70,,1519369,17,,,1,30,,1519370,17,,,1,68,,1519371,17,,,1,31,,1519372,17,,,1,71,,1519373,17,,,1,31,,1519374,17,,,1,70,,1519375,17,,,1,30,,1519382,17,,,1,101,,1519383,17,,,1,100,,1519384,17,,,1,100,,1519385,17,,,1,103,,1519386,17,,,1,100,,1519387,17,,,1
6103,'20261010',752,,1547643,17,,,1,67,,1547659,17,,,1,30,,1547644,17,,,1,99,,1547648,17,,,1,99,,1547649,17,,,1,100,,1547650,17,,,1,70,,1547660,17,,,1,30,,1547651,17,,,1,70,,1547661,17,,,1,30,,1547652,17,,,1,70,,1547662,17,,,1,30,,1547653,17,,,1,70,,1547663,17,,,1,30,,1547645,17,,,1,70,,1547664,17,,,1,30,,1547646,17,,,1,71,,1547665,17,,,1,31,,1547647,17,,,1,102,,1547654,17,,,1,100,,1547655,17,,,1,100,,1547656,17,,,1,100,,1547657,17,,,1,102,,1547658,17,,,1
6103,'20261011',752,,1547666,17,,,1,67,,1547682,17,,,1,30,,1547667,17,,,1,99,,1547671,17,,,1,99,,1547672,17,,,1,100,,1547673,17,,,1,70,,1547683,17,,,1,30,,1547674,17,,,1,70,,1547684,17,,,1,30,,1547675,17,,,1,70,,1547685,17,,,1,30,,1547676,17,,,1,70,,1547686,17,,,1,30,,1547668,17,,,1,70,,1547687,17,,,1,30,,1547669,17,,,1,71,,1547688,17,,,1,31,,1547670,17,,,1,102,,1547677,17,,,1,100,,1547678,17,,,1,100,,1547679,17,,,1,100,,1547680,17,,,1,102,,1547681,17,,,1
6103,'20261012',752,,1547689,17,,,1,67,,1547705,17,,,1,30,,1547690,17,,,1,99,,1547694,17,,,1,99,,1547695,17,,,1,100,,1547696,17,,,1,70,,1547706,17,,,1,30,,1547697,17,,,1,70,,1547707,17,,,1,30,,1547698,17,,,1,70,,1547708,17,,,1,30,,1547699,17,,,1,70,,1547709,17,,,1,30,,1547691,17,,,1,70,,1547710,17,,,1,30,,1547692,17,,,1,71,,1547711,17,,,1,31,,1547693,17,,,1,102,,1547700,17,,,1,100,,1547701,17,,,1,100,,1547702,17,,,1,100,,1547703,17,,,1,102,,1547704,17,,,1
6103,'20261013',621,,1572539,17,,,1,29,,1572540,17,,,1,70,,1572541,17,,,1,28,,1572542,17,,,1,68,,1572543,17,,,1,32,,1572544,17,,,1,70,,1572545,17,,,1,30,,1572558,17,,,1,69,,1572546,17,,,1,30,,1572559,17,,,1,70,,1572547,17,,,1,30,,1572560,17,,,1,69,,1572548,17,,,1,30,,1572561,17,,,1,71,,1572549,17,,,1,30,,1572562,17,,,1,70,,1572550,17,,,1,30,,1572563,17,,,1,70,,1572551,17,,,1,30,,1572552,17,,,1,68,,1572553,17,,,1,31,,1572554,17,,,1,71,,1572555,17,,,1,31,,1572556,17,,,1,70,,1572557,17,,,1,30,,1572564,17,,,1,101,,1572565,17,,,1,100,,1572566,17,,,1,100,,1572567,17,,,1,103,,1572568,17,,,1,100,,1572569,17,,,1
6103,'20261014',621,,1572570,17,,,1,29,,1572571,17,,,1,70,,1572572,17,,,1,28,,1572573,17,,,1,68,,1572574,17,,,1,32,,1572575,17,,,1,70,,1572576,17,,,1,30,,1572589,17,,,1,69,,1572577,17,,,1,30,,1572590,17,,,1,70,,1572578,17,,,1,30,,1572591,17,,,1,69,,1572579,17,,,1,30,,1572592,17,,,1,71,,1572580,17,,,1,30,,1572593,17,,,1,70,,1572581,17,,,1,30,,1572594,17,,,1,70,,1572582,17,,,1,30,,1572583,17,,,1,68,,1572584,17,,,1,31,,1572585,17,,,1,71,,1572586,17,,,1,31,,1572587,17,,,1,70,,1572588,17,,,1,30,,1572595,17,,,1,101,,1572596,17,,,1,100,,1572597,17,,,1,100,,1572598,17,,,1,103,,1572599,17,,,1,100,,1572600,17,,,1
6103,'20261015',621,,1572601,17,,,1,29,,1572602,17,,,1,70,,1572603,17,,,1,28,,1572604,17,,,1,68,,1572605,17,,,1,32,,1572606,17,,,1,70,,1572607,17,,,1,30,,1572620,17,,,1,69,,1572608,17,,,1,30,,1572621,17,,,1,70,,1572609,17,,,1,30,,1572622,17,,,1,69,,1572610,17,,,1,30,,1572623,17,,,1,71,,1572611,17,,,1,30,,1572624,17,,,1,70,,1572612,17,,,1,30,,1572625,17,,,1,70,,1572613,17,,,1,30,,1572614,17,,,1,68,,1572615,17,,,1,31,,1572616,17,,,1,71,,1572617,17,,,1,31,,1572618,17,,,1,70,,1572619,17,,,1,30,,1572626,17,,,1,101,,1572627,17,,,1,100,,1572628,17,,,1,100,,1572629,17,,,1,103,,1572630,17,,,1,100,,1572631,17,,,1
6103,'20261016',621,,1572632,17,,,1,29,,1572633,17,,,1,70,,1572634,17,,,1,28,,1572635,17,,,1,68,,1572636,17,,,1,32,,1572637,17,,,1,70,,1572638,17,,,1,30,,1572651,17,,,1,69,,1572639,17,,,1,30,,1572652,17,,,1,70,,1572640,17,,,1,30,,1572653,17,,,1,69,,1572641,17,,,1,30,,1572654,17,,,1,71,,1572642,17,,,1,30,,1572655,17,,,1,70,,1572643,17,,,1,30,,1572656,17,,,1,70,,1572644,17,,,1,30,,1572645,17,,,1,68,,1572646,17,,,1,31,,1572647,17,,,1,71,,1572648,17,,,1,31,,1572649,17,,,1,70,,1572650,17,,,1,30,,1572657,17,,,1,101,,1572658,17,,,1,100,,1572659,17,,,1,100,,1572660,17,,,1,103,,1572661,17,,,1,100,,1572662,17,,,1
