8601,'20261009',638,,1609216,33,,,0,72,,1609217,33,,,0,29,,1609214,12,,,0,7,,1609218,33,,,0,65,,1609219,33,,,0,29,,1609220,33,,,0,69,,1609221,33,,,0,100,,1609222,33,,,0,100,,1609223,33,,,0,101,,1609224,33,,,0,100,,1609225,33,,,0,99,,1609226,33,,,0,102,,1609227,33,,,0,102,,1609228,33,,,0,28,,1609215,29,,,0,2,,1609229,33,,,0,70,,1609230,33,,,0,28,,1609231,33,,,0,69,,1609232,33,,,0,99,,1609233,33,,,0,99,,1609234,33,,,0,100,,1609235,33,,,0,100,,1609236,33,,,0,99,,1609237,33,,,0
8601,'20261010',808,,1636155,33,,,0,100,,1636156,33,,,0,100,,1636157,33,,,0,101,,1636158,33,,,0,100,,1636159,33,,,0,100,,1636160,33,,,0,100,,1636161,33,,,0,100,,1636162,33,,,0,100,,1636163,33,,,0,100,,1636164,33,,,0,100,,1636165,33,,,0,99,,1636166,33,,,0,100,,1636167,33,,,0,100,,1636168,33,,,0,100,,1636169,33,,,0,99,,1636170,33,,,0
8601,'20261011',808,,1636171,33,,,0,100,,1636172,33,,,0,100,,1636173,33,,,0,101,,1636174,33,,,0,100,,1636175,33,,,0,100,,1636176,33,,,0,100,,1636177,33,,,0,100,,1636178,33,,,0,100,,1636179,33,,,0,100,,1636180,33,,,0,100,,1636181,33,,,0,99,,1636182,33,,,0,100,,1636183,33,,,0,100,,1636184,33,,,0,100,,1636185,33,,,0,99,,1636186,33,,,0
8601,'20261012',808,,1636187,33,,,0,100,,1636188,33,,,0,100,,1636189,33,,,0,101,,1636190,33,,,0,100,,1636191,33,,,0,100,,1636192,33,,,0,100,,1636193,33,,,0,100,,1636194,33,,,0,100,,1636195,33,,,0,100,,1636196,33,,,0,100,,1636197,33,,,0,99,,1636198,33,,,0,100,,1636199,33,,,0,100,,1636200,33,,,0,100,,1636201,33,,,0,99,,1636202,33,,,0
8601,'20261013',638,,1577498,33,,,0,72,,1577488,33,,,0,29,,1577510,12,,,0,7,,1577489,33,,,0,65,,1577490,33,,,0,29,,1577501,33,,,0,69,,1577504,33,,,0,100,,1577502,33,,,0,100,,1577505,33,,,0,101,,1577500,33,,,0,100,,1577506,33,,,0,99,,1577499,33,,,0,102,,1577507,33,,,0,102,,1577494,33,,,0,28,,1577511,29,,,0,2,,1577497,33,,,0,70,,1577493,33,,,0,28,,1577496,33,,,0,69,,1577491,33,,,0,99,,1577508,33,,,0,99,,1577495,33,,,0,100,,1577509,33,,,0,100,,1577492,33,,,0,99,,1577503,33,,,0
8601,'20261014',638,,1577522,33,,,0,72,,1577512,33,,,0,29,,1577534,12,,,0,7,,1577513,33,,,0,65,,1577514,33,,,0,29,,1577525,33,,,0,69,,1577528,33,,,0,100,,1577526,33,,,0,100,,1577529,33,,,0,101,,1577524,33,,,0,100,,1577530,33,,,0,99,,1577523,33,,,0,102,,1577531,33,,,0,102,,1577518,33,,,0,28,,1577535,29,,,0,2,,1577521,33,,,0,70,,1577517,33,,,0,28,,1577520,33,,,0,69,,1577515,33,,,0,99,,1577532,33,,,0,99,,1577519,33,,,0,100,,1577533,33,,,0,100,,1577516,33,,,0,99,,1577527,33,,,0
8601,'20261015',638,,1577546,33,,,0,72,,1577536,33,,,0,29,,1577558,12,,,0,7,,1577537,33,,,0,65,,1577538,33,,,0,29,,1577549,33,,,0,69,,1577552,33,,,0,100,,1577550,33,,,0,100,,1577553,33,,,0,101,,1577548,33,,,0,100,,1577554,33,,,0,99,,1577547,33,,,0,102,,1577555,33,,,0,102,,1577542,33,,,0,28,,1577559,29,,,0,2,,1577545,33,,,0,70,,1577541,33,,,0,28,,1577544,33,,,0,69,,1577539,33,,,0,99,,1577556,33,,,0,99,,1577543,33,,,0,100,,1577557,33,,,0,100,,1577540,33,,,0,99,,1577551,33,,,0
8601,'20261016',638,,1577570,33,,,0,72,,1577560,33,,,0,29,,1577582,12,,,0,7,,1577561,33,,,0,65,,1577562,33,,,0,29,,1577573,33,,,0,69,,1577576,33,,,0,100,,1577574,33,,,0,100,,1577577,33,,,0,101,,1577572,33,,,0,100,,1577578,33,,,0,99,,1577571,33,,,0,102,,1577579,33,,,0,102,,1577566,33,,,0,28,,1577583,29,,,0,2,,1577569,33,,,0,70,,1577565,33,,,0,28,,1577568,33,,,0,69,,1577563,33,,,0,99,,1577580,33,,,0,99,,1577567,33,,,0,100,,1577581,33,,,0,100,,1577564,33,,,0,99,,1577575,33,,,0
8601,'20261017',808,,1609238,33,,,0,100,,1609246,33,,,0,100,,1609242,33,,,0,101,,1609247,33,,,0,100,,1609239,33,,,0,100,,1609248,33,,,0,100,,1609243,33,,,0,100,,1609249,33,,,0,100,,1609244,33,,,0,100,,1609250,33,,,0,100,,1609240,33,,,0,99,,1609251,33,,,0,100,,1609245,33,,,0,100,,1609252,33,,,0,100,,1609241,33,,,0,99,,1609253,33,,,0
8601,'20261018',808,,1609257,33,,,0,100,,1609262,33,,,0,100,,1609258,33,,,0,101,,1609263,33,,,0,100,,1609254,33,,,0,100,,1609264,33,,,0,100,,1609259,33,,,0,100,,1609265,33,,,0,100,,1609260,33,,,0,100,,1609266,33,,,0,100,,1609255,33,,,0,99,,1609267,33,,,0,100,,1609261,33,,,0,100,,1609268,33,,,0,100,,1609256,33,,,0,99,,1609269,33,,,0
8601,'20261019',638,,1609280,33,,,0,72,,1609270,33,,,0,29,,1609292,12,,,0,7,,1609271,33,,,0,65,,1609272,33,,,0,29,,1609283,33,,,0,69,,1609286,33,,,0,100,,1609284,33,,,0,100,,1609287,33,,,0,101,,1609282,33,,,0,100,,1609288,33,,,0,99,,1609281,33,,,0,102,,1609289,33,,,0,102,,1609276,33,,,0,28,,1609293,29,,,0,2,,1609279,33,,,0,70,,1609275,33,,,0,28,,1609278,33,,,0,69,,1609273,33,,,0,99,,1609290,33,,,0,99,,1609277,33,,,0,100,,1609291,33,,,0,100,,1609274,33,,,0,99,,1609285,33,,,0
8601,'20261020',638,,1609304,33,,,0,72,,1609294,33,,,0,29,,1609316,12,,,0,7,,1609295,33,,,0,65,,1609296,33,,,0,29,,1609307,33,,,0,69,,1609310,33,,,0,100,,1609308,33,,,0,100,,1609311,33,,,0,101,,1609306,33,,,0,100,,1609312,33,,,0,99,,1609305,33,,,0,102,,1609313,33,,,0,102,,1609300,33,,,0,28,,1609317,29,,,0,2,,1609303,33,,,0,70,,1609299,33,,,0,28,,1609302,33,,,0,69,,1609297,33,,,0,99,,1609314,33,,,0,99,,1609301,33,,,0,100,,1609315,33,,,0,100,,1609298,33,,,0,99,,1609309,33,,,0
8601,'20261021',638,,1636213,33,,,0,72,,1636203,33,,,0,29,,1636225,12,,,0,7,,1636204,33,,,0,65,,1636205,33,,,0,29,,1636216,33,,,0,69,,1636219,33,,,0,100,,1636217,33,,,0,100,,1636220,33,,,0,101,,1636215,33,,,0,100,,1636221,33,,,0,99,,1636214,33,,,0,102,,1636222,33,,,0,102,,1636209,33,,,0,28,,1636226,29,,,0,2,,1636212,33,,,0,70,,1636208,33,,,0,28,,1636211,33,,,0,69,,1636206,33,,,0,99,,1636223,33,,,0,99,,1636210,33,,,0,100,,1636224,33,,,0,100,,1636207,33,,,0,99,,1636218,33,,,0
8601,'20261022',638,,1636237,33,,,0,72,,1636227,33,,,0,29,,1636249,12,,,0,7,,1636228,33,,,0,65,,1636229,33,,,0,29,,1636240,33,,,0,69,,1636243,33,,,0,100,,1636241,33,,,0,100,,1636244,33,,,0,101,,1636239,33,,,0,100,,1636245,33,,,0,99,,1636238,33,,,0,102,,1636246,33,,,0,102,,1636233,33,,,0,28,,1636250,29,,,0,2,,1636236,33,,,0,70,,1636232,33,,,0,28,,1636235,33,,,0,69,,1636230,33,,,0,99,,1636247,33,,,0,99,,1636234,33,,,0,100,,1636248,33,,,0,100,,1636231,33,,,0,99,,1636242,33,,,0
8601,'20261023',638,,1636261,33,,,0,72,,1636251,33,,,0,29,,1636273,12,,,0,7,,1636252,33,,,0,65,,1636253,33,,,0,29,,1636264,33,,,0,69,,1636267,33,,,0,100,,1636265,33,,,0,100,,1636268,33,,,0,101,,1636263,33,,,0,100,,1636269,33,,,0,99,,1636262,33,,,0,102,,1636270,33,,,0,102,,1636257,33,,,0,28,,1636274,29,,,0,2,,1636260,33,,,0,70,,1636256,33,,,0,28,,1636259,33,,,0,69,,1636254,33,,,0,99,,1636271,33,,,0,99,,1636258,33,,,0,100,,1636272,33,,,0,100,,1636255,33,,,0,99,,1636266,33,,,0
