9102,'20261009',857,,1609591,41,,,0,99,,1609592,41,,,0,100,,1609593,41,,,0,100,,1609594,41,,,0,100,,1609595,41,,,0,100,,1609596,41,,,0,100,,1609597,41,,,0,401,,1609601,41,,,0,100,,1609602,41,,,0,99,,1609603,41,,,0,100,,1609604,41,,,0
9102,'20261010',855,,1636380,41,,,0,100,,1636381,41,,,0,100,,1636382,41,,,0,100,,1636383,41,,,0,100,,1636384,41,,,0,100,,1636385,41,,,0,100,,1636386,41,,,0,100,,1636387,41,,,0,100,,1636388,41,,,0,100,,1636389,41,,,0
9102,'20261011',855,,1636398,41,,,0,100,,1636399,41,,,0,100,,1636400,41,,,0,100,,1636401,41,,,0,100,,1636402,41,,,0,100,,1636403,41,,,0,100,,1636404,41,,,0,100,,1636405,41,,,0,100,,1636406,41,,,0,100,,1636407,41,,,0
9102,'20261012',855,,1636416,41,,,0,100,,1636417,41,,,0,100,,1636418,41,,,0,100,,1636419,41,,,0,100,,1636420,41,,,0,100,,1636421,41,,,0,100,,1636422,41,,,0,100,,1636423,41,,,0,100,,1636424,41,,,0,100,,1636425,41,,,0
9102,'20261013',857,,1577871,41,,,0,99,,1577872,41,,,0,100,,1577873,41,,,0,100,,1577874,41,,,0,100,,1577875,41,,,0,100,,1577876,41,,,0,100,,1577877,41,,,0,401,,1577881,41,,,0,100,,1577882,41,,,0,99,,1577883,41,,,0,100,,1577884,41,,,0
9102,'20261014',857,,1577892,41,,,0,99,,1577893,41,,,0,100,,1577894,41,,,0,100,,1577895,41,,,0,100,,1577896,41,,,0,100,,1577897,41,,,0,100,,1577898,41,,,0,401,,1577902,41,,,0,100,,1577903,41,,,0,99,,1577904,41,,,0,100,,1577905,41,,,0
9102,'20261015',857,,1577913,41,,,0,99,,1577914,41,,,0,100,,1577915,41,,,0,100,,1577916,41,,,0,100,,1577917,41,,,0,100,,1577918,41,,,0,100,,1577919,41,,,0,401,,1577923,41,,,0,100,,1577924,41,,,0,99,,1577925,41,,,0,100,,1577926,41,,,0
9102,'20261016',857,,1577934,41,,,0,99,,1577935,41,,,0,100,,1577936,41,,,0,100,,1577937,41,,,0,100,,1577938,41,,,0,100,,1577939,41,,,0,100,,1577940,41,,,0,401,,1577944,41,,,0,100,,1577945,41,,,0,99,,1577946,41,,,0,100,,1577947,41,,,0
9102,'20261017',855,,1609609,41,,,0,100,,1609610,41,,,0,100,,1609611,41,,,0,100,,1609612,41,,,0,100,,1609613,41,,,0,100,,1609614,41,,,0,100,,1609615,41,,,0,100,,1609616,41,,,0,100,,1609617,41,,,0,100,,1609618,41,,,0
9102,'20261018',855,,1609627,41,,,0,100,,1609628,41,,,0,100,,1609629,41,,,0,100,,1609630,41,,,0,100,,1609631,41,,,0,100,,1609632,41,,,0,100,,1609633,41,,,0,100,,1609634,41,,,0,100,,1609635,41,,,0,100,,1609636,41,,,0
9102,'20261019',857,,1609648,41,,,0,99,,1609649,41,,,0,100,,1609650,41,,,0,100,,1609651,41,,,0,100,,1609652,41,,,0,100,,1609653,41,,,0,100,,1609654,41,,,0,401,,1609658,41,,,0,100,,1609659,41,,,0,99,,1609660,41,,,0,100,,1609661,41,,,0
9102,'20261020',857,,1609669,41,,,0,99,,1609670,41,,,0,100,,1609671,41,,,0,100,,1609672,41,,,0,100,,1609673,41,,,0,100,,1609674,41,,,0,100,,1609675,41,,,0,401,,1609679,41,,,0,100,,1609680,41,,,0,99,,1609681,41,,,0,100,,1609682,41,,,0
9102,'20261021',857,,1636437,41,,,0,99,,1636438,41,,,0,100,,1636439,41,,,0,100,,1636440,41,,,0,100,,1636441,41,,,0,100,,1636442,41,,,0,100,,1636443,41,,,0,401,,1636447,41,,,0,100,,1636448,41,,,0,99,,1636449,41,,,0,100,,1636450,41,,,0
9102,'20261022',857,,1636458,41,,,0,99,,1636459,41,,,0,100,,1636460,41,,,0,100,,1636461,41,,,0,100,,1636462,41,,,0,100,,1636463,41,,,0,100,,1636464,41,,,0,401,,1636468,41,,,0,100,,1636469,41,,,0,99,,1636470,41,,,0,100,,1636471,41,,,0
9102,'20261023',857,,1636479,41,,,0,99,,1636480,41,,,0,100,,1636481,41,,,0,100,,1636482,41,,,0,100,,1636483,41,,,0,100,,1636484,41,,,0,100,,1636485,41,,,0,401,,1636489,41,,,0,100,,1636490,41,,,0,99,,1636491,41,,,0,100,,1636492,41,,,0
