9301,'20261006',554,,1610430,25,0,31 10 1 32 13,0,50,,1610418,25,0,36 13,0,49,,1610431,25,0,31 10 1 32 13,0,55,,1610432,25,0,31 10 1 32 13,0,15,,1610433,25,0,31 10 1 32 13,0,13,,1610419,25,0,36 13,0,20,,1610434,25,0,31 10 1 32 13,0,69,,1610435,25,0,31 10 1 32 13,0,31,,1610436,25,0,31 10 1 32 13,0,50,,1610420,25,0,36 13,0,22,,1610437,25,0,31 10 1 32 13,0,98,,1610438,25,0,31 10 1 32 13,0,9,,1610421,25,0,36 13,0,89,,1610439,25,0,31 10 1 32 13,0,81,,1610422,25,0,36 13,0,19,,1610440,25,0,31 10 1 32 13,0,100,,1610441,25,0,31 10 1 32 13,0,11,,1610423,25,0,36 13,0,88,,1610442,25,0,31 10 1 32 13,0,82,,1610424,25,0,36 13,0,13,,1610443,25,0,31 10 1 32 13,0,24,,1610444,25,0,31 10 1 32 13,0,69,,1610445,25,0,31 10 1 32 13,0,24,,1610425,25,0,36 13,0,13,,1610446,25,0,31 10 1 32 13,0,77,,1610447,25,0,31 10 1 32 13,0,80,,1610426,25,0,36 13,0,19,,1610448,25,0,31 10 1 32 13,0,101,,1610449,25,0,31 10 1 32 13,0,10,,1610427,25,0,36 13,0,90,,1610450,25,0,31 10 1 32 13,0,79,,1610428,25,0,36 13,0,21,,1610451,25,0,31 10 1 32 13,0,100,,1610452,25,0,31 10 1 32 13,0
9301,'20261007',554,,1610465,25,0,31 10 1 32 13,0,50,,1610453,25,0,36 13,0,49,,1610466,25,0,31 10 1 32 13,0,55,,1610467,25,0,31 10 1 32 13,0,15,,1610468,25,0,31 10 1 32 13,0,13,,1610454,25,0,36 13,0,20,,1610469,25,0,31 10 1 32 13,0,69,,1610470,25,0,31 10 1 32 13,0,31,,1610471,25,0,31 10 1 32 13,0,50,,1610455,25,0,36 13,0,22,,1610472,25,0,31 10 1 32 13,0,98,,1610473,25,0,31 10 1 32 13,0,9,,1610456,25,0,36 13,0,89,,1610474,25,0,31 10 1 32 13,0,81,,1610457,25,0,36 13,0,19,,1610475,25,0,31 10 1 32 13,0,100,,1610476,25,0,31 10 1 32 13,0,11,,1610458,25,0,36 13,0,88,,1610477,25,0,31 10 1 32 13,0,82,,1610459,25,0,36 13,0,13,,1610478,25,0,31 10 1 32 13,0,24,,1610479,25,0,31 10 1 32 13,0,69,,1610480,25,0,31 10 1 32 13,0,24,,1610460,25,0,36 13,0,13,,1610481,25,0,31 10 1 32 13,0,77,,1610482,25,0,31 10 1 32 13,0,80,,1610461,25,0,36 13,0,19,,1610483,25,0,31 10 1 32 13,0,101,,1610484,25,0,31 10 1 32 13,0,10,,1610462,25,0,36 13,0,90,,1610485,25,0,31 10 1 32 13,0,79,,1610463,25,0,36 13,0,21,,1610486,25,0,31 10 1 32 13,0,100,,1610487,25,0,31 10 1 32 13,0
9301,'20261008',554,,1610500,25,0,31 10 1 32 13,0,50,,1610488,25,0,36 13,0,49,,1610501,25,0,31 10 1 32 13,0,55,,1610502,25,0,31 10 1 32 13,0,15,,1610503,25,0,31 10 1 32 13,0,13,,1610489,25,0,36 13,0,20,,1610504,25,0,31 10 1 32 13,0,69,,1610505,25,0,31 10 1 32 13,0,31,,1610506,25,0,31 10 1 32 13,0,50,,1610490,25,0,36 13,0,22,,1610507,25,0,31 10 1 32 13,0,98,,1610508,25,0,31 10 1 32 13,0,9,,1610491,25,0,36 13,0,89,,1610509,25,0,31 10 1 32 13,0,81,,1610492,25,0,36 13,0,19,,1610510,25,0,31 10 1 32 13,0,100,,1610511,25,0,31 10 1 32 13,0,11,,1610493,25,0,36 13,0,88,,1610512,25,0,31 10 1 32 13,0,82,,1610494,25,0,36 13,0,13,,1610513,25,0,31 10 1 32 13,0,24,,1610514,25,0,31 10 1 32 13,0,69,,1610515,25,0,31 10 1 32 13,0,24,,1610495,25,0,36 13,0,13,,1610516,25,0,31 10 1 32 13,0,77,,1610517,25,0,31 10 1 32 13,0,80,,1610496,25,0,36 13,0,19,,1610518,25,0,31 10 1 32 13,0,101,,1610519,25,0,31 10 1 32 13,0,10,,1610497,25,0,36 13,0,90,,1610520,25,0,31 10 1 32 13,0,79,,1610498,25,0,36 13,0,21,,1610521,25,0,31 10 1 32 13,0,100,,1610522,25,0,31 10 1 32 13,0
9301,'20261009',554,,1610535,25,0,31 10 1 32 13,0,50,,1610523,25,0,36 13,0,49,,1610536,25,0,31 10 1 32 13,0,55,,1610537,25,0,31 10 1 32 13,0,15,,1610538,25,0,31 10 1 32 13,0,13,,1610524,25,0,36 13,0,20,,1610539,25,0,31 10 1 32 13,0,69,,1610540,25,0,31 10 1 32 13,0,31,,1610541,25,0,31 10 1 32 13,0,50,,1610525,25,0,36 13,0,22,,1610542,25,0,31 10 1 32 13,0,98,,1610543,25,0,31 10 1 32 13,0,9,,1610526,25,0,36 13,0,89,,1610544,25,0,31 10 1 32 13,0,81,,1610527,25,0,36 13,0,19,,1610545,25,0,31 10 1 32 13,0,100,,1610546,25,0,31 10 1 32 13,0,11,,1610528,25,0,36 13,0,88,,1610547,25,0,31 10 1 32 13,0,82,,1610529,25,0,36 13,0,13,,1610548,25,0,31 10 1 32 13,0,24,,1610549,25,0,31 10 1 32 13,0,69,,1610550,25,0,31 10 1 32 13,0,24,,1610530,25,0,36 13,0,13,,1610551,25,0,31 10 1 32 13,0,77,,1610552,25,0,31 10 1 32 13,0,80,,1610531,25,0,36 13,0,19,,1610553,25,0,31 10 1 32 13,0,101,,1610554,25,0,31 10 1 32 13,0,10,,1610532,25,0,36 13,0,90,,1610555,25,0,31 10 1 32 13,0,79,,1610533,25,0,36 13,0,21,,1610556,25,0,31 10 1 32 13,0,100,,1610557,25,0,31 10 1 32 13,0
9301,'20261010',604,,1552053,25,0,36 13,0,20,,1552052,25,0,31 10 1 32 13,0,99,,1552042,25,0,31 10 1 32 13,0,12,,1552054,25,0,36 13,0,88,,1552037,25,0,31 10 1 32 13,0,82,,1552055,25,0,36 13,0,18,,1552051,25,0,31 10 1 32 13,0,100,,1552044,25,0,31 10 1 32 13,0,12,,1552056,25,0,36 13,0,88,,1552046,25,0,31 10 1 32 13,0,82,,1552057,25,0,36 13,0,18,,1552038,25,0,31 10 1 32 13,0,100,,1552047,25,0,31 10 1 32 13,0,12,,1552058,25,0,36 13,0,88,,1552045,25,0,31 10 1 32 13,0,82,,1552059,25,0,36 13,0,18,,1552048,25,0,31 10 1 32 13,0,100,,1552039,25,0,31 10 1 32 13,0,12,,1552060,25,0,36 13,0,89,,1552049,25,0,31 10 1 32 13,0,81,,1552061,25,0,36 13,0,19,,1552043,25,0,31 10 1 32 13,0,99,,1552050,25,0,31 10 1 32 13,0,12,,1552062,25,0,36 13,0,88,,1552040,25,0,31 10 1 32 13,0,81,,1552063,25,0,36 13,0,119,,1552041,25,0,31 10 1 32 13,0
9301,'20261011',604,,1552080,25,0,36 13,0,20,,1552079,25,0,31 10 1 32 13,0,99,,1552076,25,0,31 10 1 32 13,0,12,,1552081,25,0,36 13,0,88,,1552069,25,0,31 10 1 32 13,0,82,,1552082,25,0,36 13,0,18,,1552077,25,0,31 10 1 32 13,0,100,,1552064,25,0,31 10 1 32 13,0,12,,1552083,25,0,36 13,0,88,,1552072,25,0,31 10 1 32 13,0,82,,1552084,25,0,36 13,0,18,,1552065,25,0,31 10 1 32 13,0,100,,1552073,25,0,31 10 1 32 13,0,12,,1552085,25,0,36 13,0,88,,1552070,25,0,31 10 1 32 13,0,82,,1552086,25,0,36 13,0,18,,1552074,25,0,31 10 1 32 13,0,100,,1552066,25,0,31 10 1 32 13,0,12,,1552087,25,0,36 13,0,89,,1552075,25,0,31 10 1 32 13,0,81,,1552088,25,0,36 13,0,19,,1552071,25,0,31 10 1 32 13,0,99,,1552078,25,0,31 10 1 32 13,0,12,,1552089,25,0,36 13,0,88,,1552067,25,0,31 10 1 32 13,0,81,,1552090,25,0,36 13,0,119,,1552068,25,0,31 10 1 32 13,0
9301,'20261012',604,,1552107,25,0,36 13,0,20,,1552106,25,0,31 10 1 32 13,0,99,,1552103,25,0,31 10 1 32 13,0,12,,1552108,25,0,36 13,0,88,,1552096,25,0,31 10 1 32 13,0,82,,1552109,25,0,36 13,0,18,,1552104,25,0,31 10 1 32 13,0,100,,1552091,25,0,31 10 1 32 13,0,12,,1552110,25,0,36 13,0,88,,1552099,25,0,31 10 1 32 13,0,82,,1552111,25,0,36 13,0,18,,1552092,25,0,31 10 1 32 13,0,100,,1552100,25,0,31 10 1 32 13,0,12,,1552112,25,0,36 13,0,88,,1552097,25,0,31 10 1 32 13,0,82,,1552113,25,0,36 13,0,18,,1552101,25,0,31 10 1 32 13,0,100,,1552093,25,0,31 10 1 32 13,0,12,,1552114,25,0,36 13,0,89,,1552102,25,0,31 10 1 32 13,0,81,,1552115,25,0,36 13,0,19,,1552098,25,0,31 10 1 32 13,0,99,,1552105,25,0,31 10 1 32 13,0,12,,1552116,25,0,36 13,0,88,,1552094,25,0,31 10 1 32 13,0,81,,1552117,25,0,36 13,0,119,,1552095,25,0,31 10 1 32 13,0
9301,'20261013',554,,1578818,25,0,31 10 1 32 13,0,50,,1578826,25,0,36 13,0,49,,1578803,25,0,31 10 1 32 13,0,55,,1578825,25,0,31 10 1 32 13,0,15,,1578804,25,0,31 10 1 32 13,0,13,,1578827,25,0,36 13,0,20,,1578805,25,0,31 10 1 32 13,0,69,,1578806,25,0,31 10 1 32 13,0,31,,1578807,25,0,31 10 1 32 13,0,50,,1578828,25,0,36 13,0,22,,1578816,25,0,31 10 1 32 13,0,98,,1578808,25,0,31 10 1 32 13,0,9,,1578829,25,0,36 13,0,89,,1578821,25,0,31 10 1 32 13,0,81,,1578830,25,0,36 13,0,19,,1578809,25,0,31 10 1 32 13,0,100,,1578822,25,0,31 10 1 32 13,0,11,,1578831,25,0,36 13,0,88,,1578810,25,0,31 10 1 32 13,0,82,,1578832,25,0,36 13,0,13,,1578814,25,0,31 10 1 32 13,0,24,,1578823,25,0,31 10 1 32 13,0,69,,1578811,25,0,31 10 1 32 13,0,24,,1578833,25,0,36 13,0,13,,1578824,25,0,31 10 1 32 13,0,77,,1578817,25,0,31 10 1 32 13,0,80,,1578834,25,0,36 13,0,19,,1578815,25,0,31 10 1 32 13,0,101,,1578819,25,0,31 10 1 32 13,0,10,,1578835,25,0,36 13,0,90,,1578812,25,0,31 10 1 32 13,0,79,,1578836,25,0,36 13,0,21,,1578820,25,0,31 10 1 32 13,0,100,,1578813,25,0,31 10 1 32 13,0
9301,'20261014',554,,1578852,25,0,31 10 1 32 13,0,50,,1578860,25,0,36 13,0,49,,1578837,25,0,31 10 1 32 13,0,55,,1578859,25,0,31 10 1 32 13,0,15,,1578838,25,0,31 10 1 32 13,0,13,,1578861,25,0,36 13,0,20,,1578839,25,0,31 10 1 32 13,0,69,,1578840,25,0,31 10 1 32 13,0,31,,1578841,25,0,31 10 1 32 13,0,50,,1578862,25,0,36 13,0,22,,1578850,25,0,31 10 1 32 13,0,98,,1578842,25,0,31 10 1 32 13,0,9,,1578863,25,0,36 13,0,89,,1578855,25,0,31 10 1 32 13,0,81,,1578864,25,0,36 13,0,19,,1578843,25,0,31 10 1 32 13,0,100,,1578856,25,0,31 10 1 32 13,0,11,,1578865,25,0,36 13,0,88,,1578844,25,0,31 10 1 32 13,0,82,,1578866,25,0,36 13,0,13,,1578848,25,0,31 10 1 32 13,0,24,,1578857,25,0,31 10 1 32 13,0,69,,1578845,25,0,31 10 1 32 13,0,24,,1578867,25,0,36 13,0,13,,1578858,25,0,31 10 1 32 13,0,77,,1578851,25,0,31 10 1 32 13,0,80,,1578868,25,0,36 13,0,19,,1578849,25,0,31 10 1 32 13,0,101,,1578853,25,0,31 10 1 32 13,0,10,,1578869,25,0,36 13,0,90,,1578846,25,0,31 10 1 32 13,0,79,,1578870,25,0,36 13,0,21,,1578854,25,0,31 10 1 32 13,0,100,,1578847,25,0,31 10 1 32 13,0
9301,'20261015',554,,1578886,25,0,31 10 1 32 13,0,50,,1578894,25,0,36 13,0,49,,1578871,25,0,31 10 1 32 13,0,55,,1578893,25,0,31 10 1 32 13,0,15,,1578872,25,0,31 10 1 32 13,0,13,,1578895,25,0,36 13,0,20,,1578873,25,0,31 10 1 32 13,0,69,,1578874,25,0,31 10 1 32 13,0,31,,1578875,25,0,31 10 1 32 13,0,50,,1578896,25,0,36 13,0,22,,1578884,25,0,31 10 1 32 13,0,98,,1578876,25,0,31 10 1 32 13,0,9,,1578897,25,0,36 13,0,89,,1578889,25,0,31 10 1 32 13,0,81,,1578898,25,0,36 13,0,19,,1578877,25,0,31 10 1 32 13,0,100,,1578890,25,0,31 10 1 32 13,0,11,,1578899,25,0,36 13,0,88,,1578878,25,0,31 10 1 32 13,0,82,,1578900,25,0,36 13,0,13,,1578882,25,0,31 10 1 32 13,0,24,,1578891,25,0,31 10 1 32 13,0,69,,1578879,25,0,31 10 1 32 13,0,24,,1578901,25,0,36 13,0,13,,1578892,25,0,31 10 1 32 13,0,77,,1578885,25,0,31 10 1 32 13,0,80,,1578902,25,0,36 13,0,19,,1578883,25,0,31 10 1 32 13,0,101,,1578887,25,0,31 10 1 32 13,0,10,,1578903,25,0,36 13,0,90,,1578880,25,0,31 10 1 32 13,0,79,,1578904,25,0,36 13,0,21,,1578888,25,0,31 10 1 32 13,0,100,,1578881,25,0,31 10 1 32 13,0
9301,'20261016',554,,1578920,25,0,31 10 1 32 13,0,50,,1578928,25,0,36 13,0,49,,1578905,25,0,31 10 1 32 13,0,55,,1578927,25,0,31 10 1 32 13,0,15,,1578906,25,0,31 10 1 32 13,0,13,,1578929,25,0,36 13,0,20,,1578907,25,0,31 10 1 32 13,0,69,,1578908,25,0,31 10 1 32 13,0,31,,1578909,25,0,31 10 1 32 13,0,50,,1578930,25,0,36 13,0,22,,1578918,25,0,31 10 1 32 13,0,98,,1578910,25,0,31 10 1 32 13,0,9,,1578931,25,0,36 13,0,89,,1578923,25,0,31 10 1 32 13,0,81,,1578932,25,0,36 13,0,19,,1578911,25,0,31 10 1 32 13,0,100,,1578924,25,0,31 10 1 32 13,0,11,,1578933,25,0,36 13,0,88,,1578912,25,0,31 10 1 32 13,0,82,,1578934,25,0,36 13,0,13,,1578916,25,0,31 10 1 32 13,0,24,,1578925,25,0,31 10 1 32 13,0,69,,1578913,25,0,31 10 1 32 13,0,24,,1578935,25,0,36 13,0,13,,1578926,25,0,31 10 1 32 13,0,77,,1578919,25,0,31 10 1 32 13,0,80,,1578936,25,0,36 13,0,19,,1578917,25,0,31 10 1 32 13,0,101,,1578921,25,0,31 10 1 32 13,0,10,,1578937,25,0,36 13,0,90,,1578914,25,0,31 10 1 32 13,0,79,,1578938,25,0,36 13,0,21,,1578922,25,0,31 10 1 32 13,0,100,,1578915,25,0,31 10 1 32 13,0
9301,'20261017',604,,1610574,25,0,36 13,0,20,,1610573,25,0,31 10 1 32 13,0,99,,1610563,25,0,31 10 1 32 13,0,12,,1610575,25,0,36 13,0,88,,1610558,25,0,31 10 1 32 13,0,82,,1610576,25,0,36 13,0,18,,1610572,25,0,31 10 1 32 13,0,100,,1610565,25,0,31 10 1 32 13,0,12,,1610577,25,0,36 13,0,88,,1610567,25,0,31 10 1 32 13,0,82,,1610578,25,0,36 13,0,18,,1610559,25,0,31 10 1 32 13,0,100,,1610568,25,0,31 10 1 32 13,0,12,,1610579,25,0,36 13,0,88,,1610566,25,0,31 10 1 32 13,0,82,,1610580,25,0,36 13,0,18,,1610569,25,0,31 10 1 32 13,0,100,,1610560,25,0,31 10 1 32 13,0,12,,1610581,25,0,36 13,0,89,,1610570,25,0,31 10 1 32 13,0,81,,1610582,25,0,36 13,0,19,,1610564,25,0,31 10 1 32 13,0,99,,1610571,25,0,31 10 1 32 13,0,12,,1610583,25,0,36 13,0,88,,1610561,25,0,31 10 1 32 13,0,81,,1610584,25,0,36 13,0,119,,1610562,25,0,31 10 1 32 13,0
9301,'20261018',604,,1610601,25,0,36 13,0,20,,1610600,25,0,31 10 1 32 13,0,99,,1610597,25,0,31 10 1 32 13,0,12,,1610602,25,0,36 13,0,88,,1610590,25,0,31 10 1 32 13,0,82,,1610603,25,0,36 13,0,18,,1610598,25,0,31 10 1 32 13,0,100,,1610585,25,0,31 10 1 32 13,0,12,,1610604,25,0,36 13,0,88,,1610593,25,0,31 10 1 32 13,0,82,,1610605,25,0,36 13,0,18,,1610586,25,0,31 10 1 32 13,0,100,,1610594,25,0,31 10 1 32 13,0,12,,1610606,25,0,36 13,0,88,,1610591,25,0,31 10 1 32 13,0,82,,1610607,25,0,36 13,0,18,,1610595,25,0,31 10 1 32 13,0,100,,1610587,25,0,31 10 1 32 13,0,12,,1610608,25,0,36 13,0,89,,1610596,25,0,31 10 1 32 13,0,81,,1610609,25,0,36 13,0,19,,1610592,25,0,31 10 1 32 13,0,99,,1610599,25,0,31 10 1 32 13,0,12,,1610610,25,0,36 13,0,88,,1610588,25,0,31 10 1 32 13,0,81,,1610611,25,0,36 13,0,119,,1610589,25,0,31 10 1 32 13,0
9301,'20261019',554,,1610627,25,0,31 10 1 32 13,0,50,,1610635,25,0,36 13,0,49,,1610612,25,0,31 10 1 32 13,0,55,,1610634,25,0,31 10 1 32 13,0,15,,1610613,25,0,31 10 1 32 13,0,13,,1610636,25,0,36 13,0,20,,1610614,25,0,31 10 1 32 13,0,69,,1610615,25,0,31 10 1 32 13,0,31,,1610616,25,0,31 10 1 32 13,0,50,,1610637,25,0,36 13,0,22,,1610625,25,0,31 10 1 32 13,0,98,,1610617,25,0,31 10 1 32 13,0,9,,1610638,25,0,36 13,0,89,,1610630,25,0,31 10 1 32 13,0,81,,1610639,25,0,36 13,0,19,,1610618,25,0,31 10 1 32 13,0,100,,1610631,25,0,31 10 1 32 13,0,11,,1610640,25,0,36 13,0,88,,1610619,25,0,31 10 1 32 13,0,82,,1610641,25,0,36 13,0,13,,1610623,25,0,31 10 1 32 13,0,24,,1610632,25,0,31 10 1 32 13,0,69,,1610620,25,0,31 10 1 32 13,0,24,,1610642,25,0,36 13,0,13,,1610633,25,0,31 10 1 32 13,0,77,,1610626,25,0,31 10 1 32 13,0,80,,1610643,25,0,36 13,0,19,,1610624,25,0,31 10 1 32 13,0,101,,1610628,25,0,31 10 1 32 13,0,10,,1610644,25,0,36 13,0,90,,1610621,25,0,31 10 1 32 13,0,79,,1610645,25,0,36 13,0,21,,1610629,25,0,31 10 1 32 13,0,100,,1610622,25,0,31 10 1 32 13,0
9301,'20261020',554,,1610661,25,0,31 10 1 32 13,0,50,,1610669,25,0,36 13,0,49,,1610646,25,0,31 10 1 32 13,0,55,,1610668,25,0,31 10 1 32 13,0,15,,1610647,25,0,31 10 1 32 13,0,13,,1610670,25,0,36 13,0,20,,1610648,25,0,31 10 1 32 13,0,69,,1610649,25,0,31 10 1 32 13,0,31,,1610650,25,0,31 10 1 32 13,0,50,,1610671,25,0,36 13,0,22,,1610659,25,0,31 10 1 32 13,0,98,,1610651,25,0,31 10 1 32 13,0,9,,1610672,25,0,36 13,0,89,,1610664,25,0,31 10 1 32 13,0,81,,1610673,25,0,36 13,0,19,,1610652,25,0,31 10 1 32 13,0,100,,1610665,25,0,31 10 1 32 13,0,11,,1610674,25,0,36 13,0,88,,1610653,25,0,31 10 1 32 13,0,82,,1610675,25,0,36 13,0,13,,1610657,25,0,31 10 1 32 13,0,24,,1610666,25,0,31 10 1 32 13,0,69,,1610654,25,0,31 10 1 32 13,0,24,,1610676,25,0,36 13,0,13,,1610667,25,0,31 10 1 32 13,0,77,,1610660,25,0,31 10 1 32 13,0,80,,1610677,25,0,36 13,0,19,,1610658,25,0,31 10 1 32 13,0,101,,1610662,25,0,31 10 1 32 13,0,10,,1610678,25,0,36 13,0,90,,1610655,25,0,31 10 1 32 13,0,79,,1610679,25,0,36 13,0,21,,1610663,25,0,31 10 1 32 13,0,100,,1610656,25,0,31 10 1 32 13,0
9601,'20261006',615,,1611140,20,,,0,99,,1611141,20,,,0,34,,1611142,20,,,0,68,,1611143,20,,,0,100,,1611144,20,,,0,100,,1611145,20,,,0,100,,1611146,20,,,0,99,,1611147,20,,,0,100,,1611148,20,,,0,100,,1611149,20,,,0,100,,1611150,20,,,0,98,,1611151,20,,,0,111,,1611152,20,,,0,92,,1611153,20,,,0,98,,1611154,20,,,0,100,,1611155,20,,,0,100,,1611156,20,,,0,100,,1611157,20,,,0,100,,1611158,20,,,0
9601,'20261007',615,,1611159,20,,,0,99,,1611160,20,,,0,34,,1611161,20,,,0,68,,1611162,20,,,0,100,,1611163,20,,,0,100,,1611164,20,,,0,100,,1611165,20,,,0,99,,1611166,20,,,0,100,,1611167,20,,,0,100,,1611168,20,,,0,100,,1611169,20,,,0,98,,1611170,20,,,0,111,,1611171,20,,,0,92,,1611172,20,,,0,98,,1611173,20,,,0,100,,1611174,20,,,0,100,,1611175,20,,,0,100,,1611176,20,,,0,100,,1611177,20,,,0
9601,'20261008',615,,1611178,20,,,0,99,,1611179,20,,,0,34,,1611180,20,,,0,68,,1611181,20,,,0,100,,1611182,20,,,0,100,,1611183,20,,,0,100,,1611184,20,,,0,99,,1611185,20,,,0,100,,1611186,20,,,0,100,,1611187,20,,,0,100,,1611188,20,,,0,98,,1611189,20,,,0,111,,1611190,20,,,0,92,,1611191,20,,,0,98,,1611192,20,,,0,100,,1611193,20,,,0,100,,1611194,20,,,0,100,,1611195,20,,,0,100,,1611196,20,,,0
9601,'20261009',615,,1611197,20,,,0,99,,1611198,20,,,0,34,,1611199,20,,,0,68,,1611200,20,,,0,100,,1611201,20,,,0,100,,1611202,20,,,0,100,,1611203,20,,,0,99,,1611204,20,,,0,100,,1611205,20,,,0,100,,1611206,20,,,0,100,,1611207,20,,,0,98,,1611208,20,,,0,111,,1611209,20,,,0,92,,1611210,20,,,0,98,,1611211,20,,,0,100,,1611212,20,,,0,100,,1611213,20,,,0,100,,1611214,20,,,0,100,,1611215,20,,,0
9601,'20261010',742,,1552508,20,,,0,100,,1552509,20,,,0,100,,1552510,20,,,0,101,,1552511,20,,,0,100,,1552512,20,,,0,96,,1552513,20,,,0,99,,1552514,20,,,0,108,,1552515,20,,,0,97,,1552516,20,,,0,96,,1552517,20,,,0,108,,1552518,20,,,0,95,,1552519,20,,,0,100,,1552520,20,,,0,100,,1552521,20,,,0,100,,1552522,20,,,0,100,,1552523,20,,,0
9601,'20261011',742,,1552524,20,,,0,100,,1552525,20,,,0,100,,1552526,20,,,0,101,,1552527,20,,,0,100,,1552528,20,,,0,96,,1552529,20,,,0,99,,1552530,20,,,0,108,,1552531,20,,,0,97,,1552532,20,,,0,96,,1552533,20,,,0,108,,1552534,20,,,0,95,,1552535,20,,,0,100,,1552536,20,,,0,100,,1552537,20,,,0,100,,1552538,20,,,0,100,,1552539,20,,,0
9601,'20261012',742,,1552540,20,,,0,100,,1552541,20,,,0,100,,1552542,20,,,0,101,,1552543,20,,,0,100,,1552544,20,,,0,96,,1552545,20,,,0,99,,1552546,20,,,0,108,,1552547,20,,,0,97,,1552548,20,,,0,96,,1552549,20,,,0,108,,1552550,20,,,0,95,,1552551,20,,,0,100,,1552552,20,,,0,100,,1552553,20,,,0,100,,1552554,20,,,0,100,,1552555,20,,,0
9601,'20261013',615,,1579467,20,,,0,99,,1579468,20,,,0,34,,1579469,20,,,0,68,,1579470,20,,,0,100,,1579485,20,,,0,100,,1579471,20,,,0,100,,1579472,20,,,0,99,,1579473,20,,,0,100,,1579474,20,,,0,100,,1579475,20,,,0,100,,1579476,20,,,0,98,,1579477,20,,,0,111,,1579478,20,,,0,92,,1579479,20,,,0,98,,1579480,20,,,0,100,,1579481,20,,,0,100,,1579482,20,,,0,100,,1579483,20,,,0,100,,1579484,20,,,0
9601,'20261014',615,,1579486,20,,,0,99,,1579487,20,,,0,34,,1579488,20,,,0,68,,1579489,20,,,0,100,,1579504,20,,,0,100,,1579490,20,,,0,100,,1579491,20,,,0,99,,1579492,20,,,0,100,,1579493,20,,,0,100,,1579494,20,,,0,100,,1579495,20,,,0,98,,1579496,20,,,0,111,,1579497,20,,,0,92,,1579498,20,,,0,98,,1579499,20,,,0,100,,1579500,20,,,0,100,,1579501,20,,,0,100,,1579502,20,,,0,100,,1579503,20,,,0
9601,'20261015',615,,1579505,20,,,0,99,,1579506,20,,,0,34,,1579507,20,,,0,68,,1579508,20,,,0,100,,1579523,20,,,0,100,,1579509,20,,,0,100,,1579510,20,,,0,99,,1579511,20,,,0,100,,1579512,20,,,0,100,,1579513,20,,,0,100,,1579514,20,,,0,98,,1579515,20,,,0,111,,1579516,20,,,0,92,,1579517,20,,,0,98,,1579518,20,,,0,100,,1579519,20,,,0,100,,1579520,20,,,0,100,,1579521,20,,,0,100,,1579522,20,,,0
9601,'20261016',615,,1579524,20,,,0,99,,1579525,20,,,0,34,,1579526,20,,,0,68,,1579527,20,,,0,100,,1579542,20,,,0,100,,1579528,20,,,0,100,,1579529,20,,,0,99,,1579530,20,,,0,100,,1579531,20,,,0,100,,1579532,20,,,0,100,,1579533,20,,,0,98,,1579534,20,,,0,111,,1579535,20,,,0,92,,1579536,20,,,0,98,,1579537,20,,,0,100,,1579538,20,,,0,100,,1579539,20,,,0,100,,1579540,20,,,0,100,,1579541,20,,,0
9601,'20261017',742,,1611216,20,,,0,100,,1611217,20,,,0,100,,1611218,20,,,0,101,,1611219,20,,,0,100,,1611220,20,,,0,96,,1611221,20,,,0,99,,1611222,20,,,0,108,,1611223,20,,,0,97,,1611224,20,,,0,96,,1611225,20,,,0,108,,1611226,20,,,0,95,,1611227,20,,,0,100,,1611228,20,,,0,100,,1611229,20,,,0,100,,1611230,20,,,0,100,,1611231,20,,,0
9601,'20261018',742,,1611232,20,,,0,100,,1611233,20,,,0,100,,1611234,20,,,0,101,,1611235,20,,,0,100,,1611236,20,,,0,96,,1611237,20,,,0,99,,1611238,20,,,0,108,,1611239,20,,,0,97,,1611240,20,,,0,96,,1611241,20,,,0,108,,1611242,20,,,0,95,,1611243,20,,,0,100,,1611244,20,,,0,100,,1611245,20,,,0,100,,1611246,20,,,0,100,,1611247,20,,,0
9601,'20261019',615,,1611248,20,,,0,99,,1611249,20,,,0,34,,1611250,20,,,0,68,,1611251,20,,,0,100,,1611266,20,,,0,100,,1611252,20,,,0,100,,1611253,20,,,0,99,,1611254,20,,,0,100,,1611255,20,,,0,100,,1611256,20,,,0,100,,1611257,20,,,0,98,,1611258,20,,,0,111,,1611259,20,,,0,92,,1611260,20,,,0,98,,1611261,20,,,0,100,,1611262,20,,,0,100,,1611263,20,,,0,100,,1611264,20,,,0,100,,1611265,20,,,0
9601,'20261020',615,,1611267,20,,,0,99,,1611268,20,,,0,34,,1611269,20,,,0,68,,1611270,20,,,0,100,,1611285,20,,,0,100,,1611271,20,,,0,100,,1611272,20,,,0,99,,1611273,20,,,0,100,,1611274,20,,,0,100,,1611275,20,,,0,100,,1611276,20,,,0,98,,1611277,20,,,0,111,,1611278,20,,,0,92,,1611279,20,,,0,98,,1611280,20,,,0,100,,1611281,20,,,0,100,,1611282,20,,,0,100,,1611283,20,,,0,100,,1611284,20,,,0
28302,'20261006',634,,1612662,22,,,0,25,,1612663,22,,,0,70,,1612664,22,,,0
28302,'20261007',634,,1612665,22,,,0,25,,1612666,22,,,0,70,,1612667,22,,,0
28302,'20261008',634,,1612668,22,,,0,25,,1612669,22,,,0,70,,1612670,22,,,0
28302,'20261009',634,,1612671,22,,,0,25,,1612672,22,,,0,70,,1612673,22,,,0
28302,'20261013',634,,1580923,22,,,0,25,,1580921,22,,,0,70,,1580922,22,,,0
28302,'20261014',634,,1580926,22,,,0,25,,1580924,22,,,0,70,,1580925,22,,,0
28302,'20261015',634,,1580929,22,,,0,25,,1580927,22,,,0,70,,1580928,22,,,0
28302,'20261016',634,,1580932,22,,,0,25,,1580930,22,,,0,70,,1580931,22,,,0
28302,'20261019',634,,1612676,22,,,0,25,,1612674,22,,,0,70,,1612675,22,,,0
28302,'20261020',634,,1612679,22,,,0,25,,1612677,22,,,0,70,,1612678,22,,,0
