301,'20260929',611,,1541096,24,,,0,30,,1541097,24,,,0,71,,1541098,24,,,0,29,,1541099,24,,,0,71,,1541100,24,,,0,29,,1541101,24,,,0,70,,1541102,24,,,0,100,,1541103,24,,,0,100,,1541104,24,,,0,100,,1541105,24,,,0,100,,1541106,24,,,0,100,,1541107,24,,,0,101,,1541108,24,,,0,100,,1541109,24,,,0,100,,1541110,24,,,0,99,,1541111,24,,,0,100,,1541112,24,,,0,100,,1541113,24,,,0,100,,1541114,24,,,0,100,,1541115,24,,,0,99,,1541116,24,,,0
301,'20260930',611,,1541140,24,,,0,30,,1541141,24,,,0,71,,1541142,24,,,0,29,,1541143,24,,,0,71,,1541144,24,,,0,29,,1541145,24,,,0,70,,1541146,24,,,0,100,,1541147,24,,,0,100,,1541148,24,,,0,100,,1541149,24,,,0,100,,1541150,24,,,0,100,,1541151,24,,,0,101,,1541152,24,,,0,100,,1541153,24,,,0,100,,1541154,24,,,0,99,,1541155,24,,,0,100,,1541156,24,,,0,100,,1541157,24,,,0,100,,1541158,24,,,0,100,,1541159,24,,,0,99,,1541160,24,,,0
301,'20261001',611,,1541184,24,,,0,30,,1541185,24,,,0,71,,1541186,24,,,0,29,,1541187,24,,,0,71,,1541188,24,,,0,29,,1541189,24,,,0,70,,1541190,24,,,0,100,,1541191,24,,,0,100,,1541192,24,,,0,100,,1541193,24,,,0,100,,1541194,24,,,0,100,,1541195,24,,,0,101,,1541196,24,,,0,100,,1541197,24,,,0,100,,1541198,24,,,0,99,,1541199,24,,,0,100,,1541200,24,,,0,100,,1541201,24,,,0,100,,1541202,24,,,0,100,,1541203,24,,,0,99,,1541204,24,,,0
301,'20261002',611,,1463545,24,,,0,30,,1463546,24,,,0,71,,1463547,24,,,0,29,,1463548,24,,,0,71,,1463549,24,,,0,29,,1463550,24,,,0,70,,1463551,24,,,0,100,,1463552,24,,,0,100,,1463553,24,,,0,100,,1463554,24,,,0,100,,1463555,24,,,0,100,,1463556,24,,,0,101,,1463557,24,,,0,100,,1463558,24,,,0,100,,1463559,24,,,0,99,,1463560,24,,,0,100,,1463561,24,,,0,100,,1463562,24,,,0,100,,1463563,24,,,0,100,,1463564,24,,,0,99,,1463565,24,,,0
301,'20261003',711,,1486523,24,,,0,100,,1486524,24,,,0,100,,1486525,24,,,0,100,,1486526,24,,,0,100,,1486527,24,,,0,100,,1486528,24,,,0,100,,1486529,24,,,0,100,,1486530,24,,,0,100,,1486531,24,,,0,100,,1486532,24,,,0,100,,1486533,24,,,0,100,,1486534,24,,,0,100,,1486535,24,,,0,100,,1486536,24,,,0,100,,1486537,24,,,0,100,,1486538,24,,,0,100,,1486539,24,,,0,99,,1486540,24,,,0
301,'20261004',711,,1486562,24,,,0,100,,1486563,24,,,0,100,,1486564,24,,,0,100,,1486565,24,,,0,100,,1486566,24,,,0,100,,1486567,24,,,0,100,,1486568,24,,,0,100,,1486569,24,,,0,100,,1486570,24,,,0,100,,1486571,24,,,0,100,,1486572,24,,,0,100,,1486573,24,,,0,100,,1486574,24,,,0,100,,1486575,24,,,0,100,,1486576,24,,,0,100,,1486577,24,,,0,100,,1486578,24,,,0,99,,1486579,24,,,0
301,'20261005',611,,1486601,24,,,0,30,,1486602,24,,,0,71,,1486603,24,,,0,29,,1486604,24,,,0,71,,1486605,24,,,0,29,,1486606,24,,,0,70,,1486607,24,,,0,100,,1486608,24,,,0,100,,1486609,24,,,0,100,,1486610,24,,,0,100,,1486611,24,,,0,100,,1486612,24,,,0,101,,1486613,24,,,0,100,,1486614,24,,,0,100,,1486615,24,,,0,99,,1486616,24,,,0,100,,1486617,24,,,0,100,,1486618,24,,,0,100,,1486619,24,,,0,100,,1486620,24,,,0,99,,1486621,24,,,0
301,'20261006',611,,1509801,24,,,0,30,,1509802,24,,,0,71,,1509803,24,,,0,29,,1509804,24,,,0,71,,1509805,24,,,0,29,,1509806,24,,,0,70,,1509807,24,,,0,100,,1509808,24,,,0,100,,1509809,24,,,0,100,,1509810,24,,,0,100,,1509811,24,,,0,100,,1509812,24,,,0,101,,1509813,24,,,0,100,,1509814,24,,,0,100,,1509815,24,,,0,99,,1509816,24,,,0,100,,1509817,24,,,0,100,,1509818,24,,,0,100,,1509819,24,,,0,100,,1509820,24,,,0,99,,1509821,24,,,0
301,'20261007',611,,1509845,24,,,0,30,,1509846,24,,,0,71,,1509847,24,,,0,29,,1509848,24,,,0,71,,1509849,24,,,0,29,,1509850,24,,,0,70,,1509851,24,,,0,100,,1509852,24,,,0,100,,1509853,24,,,0,100,,1509854,24,,,0,100,,1509855,24,,,0,100,,1509856,24,,,0,101,,1509857,24,,,0,100,,1509858,24,,,0,100,,1509859,24,,,0,99,,1509860,24,,,0,100,,1509861,24,,,0,100,,1509862,24,,,0,100,,1509863,24,,,0,100,,1509864,24,,,0,99,,1509865,24,,,0
301,'20261008',611,,1509889,24,,,0,30,,1509890,24,,,0,71,,1509891,24,,,0,29,,1509892,24,,,0,71,,1509893,24,,,0,29,,1509894,24,,,0,70,,1509895,24,,,0,100,,1509896,24,,,0,100,,1509897,24,,,0,100,,1509898,24,,,0,100,,1509899,24,,,0,100,,1509900,24,,,0,101,,1509901,24,,,0,100,,1509902,24,,,0,100,,1509903,24,,,0,99,,1509904,24,,,0,100,,1509905,24,,,0,100,,1509906,24,,,0,100,,1509907,24,,,0,100,,1509908,24,,,0,99,,1509909,24,,,0
301,'20261009',611,,1509933,24,,,0,30,,1509934,24,,,0,71,,1509935,24,,,0,29,,1509936,24,,,0,71,,1509937,24,,,0,29,,1509938,24,,,0,70,,1509939,24,,,0,100,,1509940,24,,,0,100,,1509941,24,,,0,100,,1509942,24,,,0,100,,1509943,24,,,0,100,,1509944,24,,,0,101,,1509945,24,,,0,100,,1509946,24,,,0,100,,1509947,24,,,0,99,,1509948,24,,,0,100,,1509949,24,,,0,100,,1509950,24,,,0,100,,1509951,24,,,0,100,,1509952,24,,,0,99,,1509953,24,,,0
301,'20261010',711,,1541205,24,,,0,100,,1541206,24,,,0,100,,1541207,24,,,0,100,,1541208,24,,,0,100,,1541209,24,,,0,100,,1541210,24,,,0,100,,1541211,24,,,0,100,,1541212,24,,,0,100,,1541213,24,,,0,100,,1541214,24,,,0,100,,1541215,24,,,0,100,,1541216,24,,,0,100,,1541217,24,,,0,100,,1541218,24,,,0,100,,1541219,24,,,0,100,,1541220,24,,,0,100,,1541221,24,,,0,99,,1541222,24,,,0
301,'20261011',711,,1541244,24,,,0,100,,1541245,24,,,0,100,,1541246,24,,,0,100,,1541247,24,,,0,100,,1541248,24,,,0,100,,1541249,24,,,0,100,,1541250,24,,,0,100,,1541251,24,,,0,100,,1541252,24,,,0,100,,1541253,24,,,0,100,,1541254,24,,,0,100,,1541255,24,,,0,100,,1541256,24,,,0,100,,1541257,24,,,0,100,,1541258,24,,,0,100,,1541259,24,,,0,100,,1541260,24,,,0,99,,1541261,24,,,0
301,'20261012',711,,1541283,24,,,0,100,,1541284,24,,,0,100,,1541285,24,,,0,100,,1541286,24,,,0,100,,1541287,24,,,0,100,,1541288,24,,,0,100,,1541289,24,,,0,100,,1541290,24,,,0,100,,1541291,24,,,0,100,,1541292,24,,,0,100,,1541293,24,,,0,100,,1541294,24,,,0,100,,1541295,24,,,0,100,,1541296,24,,,0,100,,1541297,24,,,0,100,,1541298,24,,,0,100,,1541299,24,,,0,99,,1541300,24,,,0
1008201,'20260929',1626,,1561883,39,,,0
1008201,'20260930',1626,,1561884,39,,,0
1008201,'20261001',1626,,1561885,39,,,0
1008201,'20261002',1626,,1485633,39,,,0
1008201,'20261005',1626,,1508588,39,,,0
1008201,'20261006',1626,,1540283,39,,,0
1008201,'20261007',1626,,1540284,39,,,0
1008201,'20261008',1626,,1540285,39,,,0
1008201,'20261009',1626,,1540286,39,,,0
