69003,'20261006',711,,1614700,14,,,0,32,,1614701,14,,,0,71,,1614702,14,,,0
69003,'20261007',711,,1614703,14,,,0,32,,1614704,14,,,0,71,,1614705,14,,,0
69003,'20261008',711,,1614706,14,,,0,32,,1614707,14,,,0,71,,1614708,14,,,0
69003,'20261009',711,,1614709,14,,,0,32,,1614710,14,,,0,71,,1614711,14,,,0
69003,'20261013',711,,1582948,14,,,0,32,,1582949,14,,,0,71,,1582950,14,,,0
69003,'20261014',711,,1582951,14,,,0,32,,1582952,14,,,0,71,,1582953,14,,,0
69003,'20261015',711,,1582954,14,,,0,32,,1582955,14,,,0,71,,1582956,14,,,0
69003,'20261016',711,,1582957,14,,,0,32,,1582958,14,,,0,71,,1582959,14,,,0
69003,'20261019',711,,1614712,14,,,0,32,,1614713,14,,,0,71,,1614714,14,,,0
69003,'20261020',711,,1614715,14,,,0,32,,1614716,14,,,0,71,,1614717,14,,,0
