9300,'20261002',650,,1578438,32,,,0,102,,1578439,32,,,0,49,,1578427,38,,,0,51,,1578440,32,,,0,76,,1578428,38,,,0,24,,1578441,32,,,0,100,,1578442,32,,,0,4,,1578429,38,,,0,96,,1578443,32,,,0,77,,1578430,38,,,0,23,,1578444,32,,,0,99,,1578445,32,,,0,7,,1578431,38,,,0,88,,1578446,32,,,0,69,,1578447,32,,,0,17,,1578432,38,,,0,11,,1578448,32,,,0,70,,1578449,32,,,0,33,,1578437,28,,,0,2,,1578450,32,,,0,60,,1578433,38,,,0,6,,1578451,32,,,0,31,,1578452,32,,,0,72,,1578453,32,,,0,14,,1578434,38,,,0,12,,1578454,32,,,0,69,,1578455,32,,,0,42,,1578435,38,,,0,1,,1578456,32,,,0,100,,1578457,32,,,0,68,,1578436,38,,,0,32,,1578458,32,,,0,99,,1578459,32,,,0,100,,1578460,32,,,0
9300,'20261003',649,,1578471,32,,,0,102,,1578472,32,,,0,100,,1578473,32,,,0,71,,1578462,38,,,0,28,,1578474,32,,,0,100,,1578475,32,,,0,3,,1578463,38,,,0,96,,1578476,32,,,0,76,,1578464,38,,,0,25,,1578477,32,,,0,101,,1578478,32,,,0,4,,1578465,38,,,0,96,,1578479,32,,,0,74,,1578466,38,,,0,26,,1578480,32,,,0,101,,1578481,32,,,0,5,,1578467,38,,,0,94,,1578482,32,,,0,74,,1578468,38,,,0,25,,1578483,32,,,0,99,,1578484,32,,,0,2,,1578469,38,,,0,168,,1578470,38,,,0,30,,1578485,32,,,0,200,,1578486,32,,,0
9300,'20261004',649,,1578497,32,,,0,102,,1578498,32,,,0,100,,1578499,32,,,0,71,,1578488,38,,,0,28,,1578500,32,,,0,100,,1578501,32,,,0,3,,1578489,38,,,0,96,,1578502,32,,,0,76,,1578490,38,,,0,25,,1578503,32,,,0,101,,1578504,32,,,0,4,,1578491,38,,,0,96,,1578505,32,,,0,74,,1578492,38,,,0,26,,1578506,32,,,0,101,,1578507,32,,,0,5,,1578493,38,,,0,94,,1578508,32,,,0,74,,1578494,38,,,0,25,,1578509,32,,,0,99,,1578510,32,,,0,2,,1578495,38,,,0,168,,1578496,38,,,0,30,,1578511,32,,,0,200,,1578512,32,,,0
9300,'20261005',650,,1578524,32,,,0,102,,1578525,32,,,0,49,,1578513,38,,,0,51,,1578526,32,,,0,76,,1578514,38,,,0,24,,1578527,32,,,0,100,,1578528,32,,,0,4,,1578515,38,,,0,96,,1578529,32,,,0,77,,1578516,38,,,0,23,,1578530,32,,,0,99,,1578531,32,,,0,7,,1578517,38,,,0,88,,1578532,32,,,0,69,,1578533,32,,,0,17,,1578518,38,,,0,11,,1578534,32,,,0,70,,1578535,32,,,0,33,,1578523,28,,,0,2,,1578536,32,,,0,60,,1578519,38,,,0,6,,1578537,32,,,0,31,,1578538,32,,,0,72,,1578539,32,,,0,14,,1578520,38,,,0,12,,1578540,32,,,0,69,,1578541,32,,,0,42,,1578521,38,,,0,1,,1578542,32,,,0,100,,1578543,32,,,0,68,,1578522,38,,,0,32,,1578544,32,,,0,99,,1578545,32,,,0,100,,1578546,32,,,0
9300,'20261006',650,,1525295,32,,,0,102,,1525275,32,,,0,49,,1525298,38,,,0,51,,1525287,32,,,0,76,,1525299,38,,,0,24,,1525291,32,,,0,100,,1525292,32,,,0,4,,1525300,38,,,0,96,,1525293,32,,,0,77,,1525301,38,,,0,23,,1525276,32,,,0,99,,1525277,32,,,0,7,,1525302,38,,,0,88,,1525294,32,,,0,69,,1525284,32,,,0,17,,1525303,38,,,0,11,,1525296,32,,,0,70,,1525288,32,,,0,35,,1525278,32,,,0,60,,1525304,38,,,0,6,,1525279,32,,,0,31,,1525280,32,,,0,72,,1525281,32,,,0,14,,1525305,38,,,0,12,,1525282,32,,,0,69,,1525289,32,,,0,42,,1525306,38,,,0,1,,1525283,32,,,0,100,,1525285,32,,,0,68,,1525307,38,,,0,32,,1525290,32,,,0,99,,1525286,32,,,0,100,,1525297,32,,,0
9300,'20261007',650,,1525328,32,,,0,102,,1525308,32,,,0,49,,1525331,38,,,0,51,,1525320,32,,,0,76,,1525332,38,,,0,24,,1525324,32,,,0,100,,1525325,32,,,0,4,,1525333,38,,,0,96,,1525326,32,,,0,77,,1525334,38,,,0,23,,1525309,32,,,0,99,,1525310,32,,,0,7,,1525335,38,,,0,88,,1525327,32,,,0,69,,1525317,32,,,0,17,,1525336,38,,,0,11,,1525329,32,,,0,70,,1525321,32,,,0,35,,1525311,32,,,0,60,,1525337,38,,,0,6,,1525312,32,,,0,31,,1525313,32,,,0,72,,1525314,32,,,0,14,,1525338,38,,,0,12,,1525315,32,,,0,69,,1525322,32,,,0,42,,1525339,38,,,0,1,,1525316,32,,,0,100,,1525318,32,,,0,68,,1525340,38,,,0,32,,1525323,32,,,0,99,,1525319,32,,,0,100,,1525330,32,,,0
9300,'20261008',650,,1525361,32,,,0,102,,1525341,32,,,0,49,,1525364,38,,,0,51,,1525353,32,,,0,76,,1525365,38,,,0,24,,1525357,32,,,0,100,,1525358,32,,,0,4,,1525366,38,,,0,96,,1525359,32,,,0,77,,1525367,38,,,0,23,,1525342,32,,,0,99,,1525343,32,,,0,7,,1525368,38,,,0,88,,1525360,32,,,0,69,,1525350,32,,,0,17,,1525369,38,,,0,11,,1525362,32,,,0,70,,1525354,32,,,0,35,,1525344,32,,,0,60,,1525370,38,,,0,6,,1525345,32,,,0,31,,1525346,32,,,0,72,,1525347,32,,,0,14,,1525371,38,,,0,12,,1525348,32,,,0,69,,1525355,32,,,0,42,,1525372,38,,,0,1,,1525349,32,,,0,100,,1525351,32,,,0,68,,1525373,38,,,0,32,,1525356,32,,,0,99,,1525352,32,,,0,100,,1525363,32,,,0
9300,'20261009',650,,1525394,32,,,0,102,,1525374,32,,,0,49,,1525397,38,,,0,51,,1525386,32,,,0,76,,1525398,38,,,0,24,,1525390,32,,,0,100,,1525391,32,,,0,4,,1525399,38,,,0,96,,1525392,32,,,0,77,,1525400,38,,,0,23,,1525375,32,,,0,99,,1525376,32,,,0,7,,1525401,38,,,0,88,,1525393,32,,,0,69,,1525383,32,,,0,17,,1525402,38,,,0,11,,1525395,32,,,0,70,,1525387,32,,,0,35,,1525377,32,,,0,60,,1525403,38,,,0,6,,1525378,32,,,0,31,,1525379,32,,,0,72,,1525380,32,,,0,14,,1525404,38,,,0,12,,1525381,32,,,0,69,,1525388,32,,,0,42,,1525405,38,,,0,1,,1525382,32,,,0,100,,1525384,32,,,0,68,,1525406,38,,,0,32,,1525389,32,,,0,99,,1525385,32,,,0,100,,1525396,32,,,0
9300,'20261010',649,,1551869,32,,,0,102,,1551860,32,,,0,100,,1551861,32,,,0,71,,1551871,38,,,0,28,,1551868,32,,,0,100,,1551854,32,,,0,3,,1551872,38,,,0,96,,1551865,32,,,0,76,,1551873,38,,,0,25,,1551862,32,,,0,101,,1551863,32,,,0,4,,1551874,38,,,0,96,,1551855,32,,,0,74,,1551875,38,,,0,26,,1551864,32,,,0,101,,1551866,32,,,0,5,,1551876,38,,,0,94,,1551856,32,,,0,74,,1551877,38,,,0,25,,1551867,32,,,0,99,,1551859,32,,,0,2,,1551878,38,,,0,168,,1551879,38,,,0,30,,1551857,32,,,0,200,,1551858,32,,,0
9300,'20261011',649,,1551895,32,,,0,102,,1551885,32,,,0,100,,1551893,32,,,0,71,,1551897,38,,,0,28,,1551894,32,,,0,100,,1551886,32,,,0,3,,1551898,38,,,0,96,,1551890,32,,,0,76,,1551899,38,,,0,25,,1551880,32,,,0,101,,1551888,32,,,0,4,,1551900,38,,,0,96,,1551887,32,,,0,74,,1551901,38,,,0,26,,1551889,32,,,0,101,,1551891,32,,,0,5,,1551902,38,,,0,94,,1551881,32,,,0,74,,1551903,38,,,0,25,,1551892,32,,,0,99,,1551884,32,,,0,2,,1551904,38,,,0,168,,1551905,38,,,0,30,,1551882,32,,,0,200,,1551883,32,,,0
9300,'20261012',649,,1551921,32,,,0,102,,1551911,32,,,0,100,,1551919,32,,,0,71,,1551923,38,,,0,28,,1551920,32,,,0,100,,1551912,32,,,0,3,,1551924,38,,,0,96,,1551916,32,,,0,76,,1551925,38,,,0,25,,1551906,32,,,0,101,,1551914,32,,,0,4,,1551926,38,,,0,96,,1551913,32,,,0,74,,1551927,38,,,0,26,,1551915,32,,,0,101,,1551917,32,,,0,5,,1551928,38,,,0,94,,1551907,32,,,0,74,,1551929,38,,,0,25,,1551918,32,,,0,99,,1551910,32,,,0,2,,1551930,38,,,0,168,,1551931,38,,,0,30,,1551908,32,,,0,200,,1551909,32,,,0
9300,'20261013',650,,1578567,32,,,0,102,,1578547,32,,,0,49,,1578570,38,,,0,51,,1578559,32,,,0,76,,1578571,38,,,0,24,,1578563,32,,,0,100,,1578564,32,,,0,4,,1578572,38,,,0,96,,1578565,32,,,0,77,,1578573,38,,,0,23,,1578548,32,,,0,99,,1578549,32,,,0,7,,1578574,38,,,0,88,,1578566,32,,,0,69,,1578556,32,,,0,17,,1578575,38,,,0,11,,1578568,32,,,0,70,,1578560,32,,,0,35,,1578550,32,,,0,60,,1578576,38,,,0,6,,1578551,32,,,0,31,,1578552,32,,,0,72,,1578553,32,,,0,14,,1578577,38,,,0,12,,1578554,32,,,0,69,,1578561,32,,,0,42,,1578578,38,,,0,1,,1578555,32,,,0,100,,1578557,32,,,0,68,,1578579,38,,,0,32,,1578562,32,,,0,99,,1578558,32,,,0,100,,1578569,32,,,0
9300,'20261014',650,,1578600,32,,,0,102,,1578580,32,,,0,49,,1578603,38,,,0,51,,1578592,32,,,0,76,,1578604,38,,,0,24,,1578596,32,,,0,100,,1578597,32,,,0,4,,1578605,38,,,0,96,,1578598,32,,,0,77,,1578606,38,,,0,23,,1578581,32,,,0,99,,1578582,32,,,0,7,,1578607,38,,,0,88,,1578599,32,,,0,69,,1578589,32,,,0,17,,1578608,38,,,0,11,,1578601,32,,,0,70,,1578593,32,,,0,35,,1578583,32,,,0,60,,1578609,38,,,0,6,,1578584,32,,,0,31,,1578585,32,,,0,72,,1578586,32,,,0,14,,1578610,38,,,0,12,,1578587,32,,,0,69,,1578594,32,,,0,42,,1578611,38,,,0,1,,1578588,32,,,0,100,,1578590,32,,,0,68,,1578612,38,,,0,32,,1578595,32,,,0,99,,1578591,32,,,0,100,,1578602,32,,,0
9300,'20261015',650,,1578633,32,,,0,102,,1578613,32,,,0,49,,1578636,38,,,0,51,,1578625,32,,,0,76,,1578637,38,,,0,24,,1578629,32,,,0,100,,1578630,32,,,0,4,,1578638,38,,,0,96,,1578631,32,,,0,77,,1578639,38,,,0,23,,1578614,32,,,0,99,,1578615,32,,,0,7,,1578640,38,,,0,88,,1578632,32,,,0,69,,1578622,32,,,0,17,,1578641,38,,,0,11,,1578634,32,,,0,70,,1578626,32,,,0,35,,1578616,32,,,0,60,,1578642,38,,,0,6,,1578617,32,,,0,31,,1578618,32,,,0,72,,1578619,32,,,0,14,,1578643,38,,,0,12,,1578620,32,,,0,69,,1578627,32,,,0,42,,1578644,38,,,0,1,,1578621,32,,,0,100,,1578623,32,,,0,68,,1578645,38,,,0,32,,1578628,32,,,0,99,,1578624,32,,,0,100,,1578635,32,,,0
9300,'20261016',650,,1578666,32,,,0,102,,1578646,32,,,0,49,,1578669,38,,,0,51,,1578658,32,,,0,76,,1578670,38,,,0,24,,1578662,32,,,0,100,,1578663,32,,,0,4,,1578671,38,,,0,96,,1578664,32,,,0,77,,1578672,38,,,0,23,,1578647,32,,,0,99,,1578648,32,,,0,7,,1578673,38,,,0,88,,1578665,32,,,0,69,,1578655,32,,,0,17,,1578674,38,,,0,11,,1578667,32,,,0,70,,1578659,32,,,0,35,,1578649,32,,,0,60,,1578675,38,,,0,6,,1578650,32,,,0,31,,1578651,32,,,0,72,,1578652,32,,,0,14,,1578676,38,,,0,12,,1578653,32,,,0,69,,1578660,32,,,0,42,,1578677,38,,,0,1,,1578654,32,,,0,100,,1578656,32,,,0,68,,1578678,38,,,0,32,,1578661,32,,,0,99,,1578657,32,,,0,100,,1578668,32,,,0
28303,'20261002',1626,,1580933,33,4,,0,28,,1580934,33,4,,0,99,,1580935,33,4,,0,62,,1580936,33,4,,0
28303,'20261005',1626,,1580937,33,4,,0,28,,1580938,33,4,,0,99,,1580939,33,4,,0,62,,1580940,33,4,,0
28303,'20261006',1626,,1527668,33,4,,0,28,,1527665,33,4,,0,99,,1527666,33,4,,0,62,,1527667,33,4,,0
28303,'20261007',1626,,1527672,33,4,,0,28,,1527669,33,4,,0,99,,1527670,33,4,,0,62,,1527671,33,4,,0
28303,'20261008',1626,,1527676,33,4,,0,28,,1527673,33,4,,0,99,,1527674,33,4,,0,62,,1527675,33,4,,0
28303,'20261009',1626,,1527680,33,4,,0,28,,1527677,33,4,,0,99,,1527678,33,4,,0,62,,1527679,33,4,,0
28303,'20261013',1626,,1580944,33,4,,0,28,,1580941,33,4,,0,99,,1580942,33,4,,0,62,,1580943,33,4,,0
28303,'20261014',1626,,1580948,33,4,,0,28,,1580945,33,4,,0,99,,1580946,33,4,,0,62,,1580947,33,4,,0
28303,'20261015',1626,,1580952,33,4,,0,28,,1580949,33,4,,0,99,,1580950,33,4,,0,62,,1580951,33,4,,0
28303,'20261016',1626,,1580956,33,4,,0,28,,1580953,33,4,,0,99,,1580954,33,4,,0,62,,1580955,33,4,,0
99203,'20261002',2602,,1593544,34,,,0,130,,1593545,34,,,0
99203,'20261003',2602,,1593546,34,,,0,130,,1593547,34,,,0
99203,'20261009',2602,,1540261,34,,,0,130,,1540262,34,,,0
99203,'20261010',2602,,1561872,34,,,0,130,,1561873,34,,,0
99203,'20261016',2602,,1593548,34,,,0,130,,1593549,34,,,0
