1202,'20260929',646,,1542664,36,,,0,76,,1542665,36,,,0,31,,1542666,36,,,0,74,,1542667,36,,,0,30,,1542668,36,,,0,96,,1542669,36,,,0,99,,1542670,36,,,0,100,,1542671,36,,,0,99,,1542672,36,,,0,100,,1542673,36,,,0,99,,1542674,36,,,0,101,,1542675,36,,,0,104,,1542663,36,,,0,2,,1542676,36,,,0,144,,1542677,36,,,0,53,,1542678,36,,,0,97,,1542679,36,,,0,100,,1542680,36,,,0,99,,1542681,36,,,0,99,,1542682,36,,,0
1202,'20260930',646,,1542684,36,,,0,76,,1542685,36,,,0,31,,1542686,36,,,0,74,,1542687,36,,,0,30,,1542688,36,,,0,96,,1542689,36,,,0,99,,1542690,36,,,0,100,,1542691,36,,,0,99,,1542692,36,,,0,100,,1542693,36,,,0,99,,1542694,36,,,0,101,,1542695,36,,,0,104,,1542683,36,,,0,2,,1542696,36,,,0,144,,1542697,36,,,0,53,,1542698,36,,,0,97,,1542699,36,,,0,100,,1542700,36,,,0,99,,1542701,36,,,0,99,,1542702,36,,,0
1202,'20261001',646,,1542704,36,,,0,76,,1542705,36,,,0,31,,1542706,36,,,0,74,,1542707,36,,,0,30,,1542708,36,,,0,96,,1542709,36,,,0,99,,1542710,36,,,0,100,,1542711,36,,,0,99,,1542712,36,,,0,100,,1542713,36,,,0,99,,1542714,36,,,0,101,,1542715,36,,,0,104,,1542703,36,,,0,2,,1542716,36,,,0,144,,1542717,36,,,0,53,,1542718,36,,,0,97,,1542719,36,,,0,100,,1542720,36,,,0,99,,1542721,36,,,0,99,,1542722,36,,,0
1202,'20261002',646,,1465142,36,,,0,76,,1465124,36,,,0,31,,1465125,36,,,0,74,,1465126,36,,,0,30,,1465127,36,,,0,96,,1465128,36,,,0,99,,1465129,36,,,0,100,,1465130,36,,,0,99,,1465131,36,,,0,100,,1465132,36,,,0,99,,1465133,36,,,0,101,,1465134,36,,,0,106,,1465135,36,,,0,144,,1465136,36,,,0,53,,1465137,36,,,0,97,,1465138,36,,,0,100,,1465139,36,,,0,99,,1465140,36,,,0,99,,1465141,36,,,0
1202,'20261003',828,,1488153,36,,,0,101,,1488154,36,,,0,102,,1488155,36,,,0,100,,1488162,37,,,0,107,,1488163,37,,,0,102,,1488164,37,,,0,95,,1488165,37,,,0,106,,1488166,37,,,0,99,,1488167,37,,,0,99,,1488168,37,,,0,97,,1488156,37,,,0,94,,1488157,36,,,0,99,,1488158,36,,,0,99,,1488159,36,,,0,100,,1488160,36,,,0,100,,1488161,36,,,0
1202,'20261004',828,,1488169,36,,,0,101,,1488170,36,,,0,102,,1488171,36,,,0,100,,1488172,37,,,0,107,,1488173,37,,,0,102,,1488174,37,,,0,95,,1488175,37,,,0,106,,1488176,37,,,0,99,,1488177,37,,,0,99,,1488178,37,,,0,97,,1488179,37,,,0,94,,1488180,36,,,0,99,,1488181,36,,,0,99,,1488182,36,,,0,100,,1488183,36,,,0,100,,1488184,36,,,0
1202,'20261005',646,,1488203,36,,,0,76,,1488185,36,,,0,31,,1488186,36,,,0,74,,1488187,36,,,0,30,,1488188,36,,,0,96,,1488189,36,,,0,99,,1488190,36,,,0,100,,1488191,36,,,0,99,,1488192,36,,,0,100,,1488193,36,,,0,99,,1488194,36,,,0,101,,1488195,36,,,0,106,,1488196,36,,,0,144,,1488197,36,,,0,53,,1488198,36,,,0,97,,1488199,36,,,0,100,,1488200,36,,,0,99,,1488201,36,,,0,99,,1488202,36,,,0
1202,'20261006',646,,1512068,36,,,0,76,,1512050,36,,,0,31,,1512051,36,,,0,74,,1512052,36,,,0,30,,1512053,36,,,0,96,,1512054,36,,,0,99,,1512055,36,,,0,100,,1512056,36,,,0,99,,1512057,36,,,0,100,,1512058,36,,,0,99,,1512059,36,,,0,101,,1512060,36,,,0,106,,1512061,36,,,0,144,,1512062,36,,,0,53,,1512063,36,,,0,97,,1512064,36,,,0,100,,1512065,36,,,0,99,,1512066,36,,,0,99,,1512067,36,,,0
1202,'20261007',646,,1512087,36,,,0,76,,1512069,36,,,0,31,,1512070,36,,,0,74,,1512071,36,,,0,30,,1512072,36,,,0,96,,1512073,36,,,0,99,,1512074,36,,,0,100,,1512075,36,,,0,99,,1512076,36,,,0,100,,1512077,36,,,0,99,,1512078,36,,,0,101,,1512079,36,,,0,106,,1512080,36,,,0,144,,1512081,36,,,0,53,,1512082,36,,,0,97,,1512083,36,,,0,100,,1512084,36,,,0,99,,1512085,36,,,0,99,,1512086,36,,,0
1202,'20261008',646,,1512106,36,,,0,76,,1512088,36,,,0,31,,1512089,36,,,0,74,,1512090,36,,,0,30,,1512091,36,,,0,96,,1512092,36,,,0,99,,1512093,36,,,0,100,,1512094,36,,,0,99,,1512095,36,,,0,100,,1512096,36,,,0,99,,1512097,36,,,0,101,,1512098,36,,,0,106,,1512099,36,,,0,144,,1512100,36,,,0,53,,1512101,36,,,0,97,,1512102,36,,,0,100,,1512103,36,,,0,99,,1512104,36,,,0,99,,1512105,36,,,0
1202,'20261009',646,,1512125,36,,,0,76,,1512107,36,,,0,31,,1512108,36,,,0,74,,1512109,36,,,0,30,,1512110,36,,,0,96,,1512111,36,,,0,99,,1512112,36,,,0,100,,1512113,36,,,0,99,,1512114,36,,,0,100,,1512115,36,,,0,99,,1512116,36,,,0,101,,1512117,36,,,0,106,,1512118,36,,,0,144,,1512119,36,,,0,53,,1512120,36,,,0,97,,1512121,36,,,0,100,,1512122,36,,,0,99,,1512123,36,,,0,99,,1512124,36,,,0
1202,'20261010',828,,1542723,36,,,0,101,,1542724,36,,,0,102,,1542725,36,,,0,100,,1542732,37,,,0,107,,1542733,37,,,0,102,,1542734,37,,,0,95,,1542735,37,,,0,106,,1542736,37,,,0,99,,1542737,37,,,0,99,,1542738,37,,,0,97,,1542726,37,,,0,94,,1542727,36,,,0,99,,1542728,36,,,0,99,,1542729,36,,,0,100,,1542730,36,,,0,100,,1542731,36,,,0
1202,'20261011',828,,1542739,36,,,0,101,,1542740,36,,,0,102,,1542741,36,,,0,100,,1542742,37,,,0,107,,1542743,37,,,0,102,,1542744,37,,,0,95,,1542745,37,,,0,106,,1542746,37,,,0,99,,1542747,37,,,0,99,,1542748,37,,,0,97,,1542749,37,,,0,94,,1542750,36,,,0,99,,1542751,36,,,0,99,,1542752,36,,,0,100,,1542753,36,,,0,100,,1542754,36,,,0
1202,'20261012',828,,1542755,36,,,0,101,,1542756,36,,,0,102,,1542757,36,,,0,100,,1542758,37,,,0,107,,1542759,37,,,0,102,,1542760,37,,,0,95,,1542761,37,,,0,106,,1542762,37,,,0,99,,1542763,37,,,0,99,,1542764,37,,,0,97,,1542765,37,,,0,94,,1542766,36,,,0,99,,1542767,36,,,0,99,,1542768,36,,,0,100,,1542769,36,,,0,100,,1542770,36,,,0
