1202,'20260730',639,,1015709,14,,,0,70,,1015710,14,,,0,31,,1015711,14,,,0,73,,1015712,14,,,0,30,,1015713,14,,,0,100,,1015714,14,,,0,98,,1015715,14,,,0,100,,1015716,14,,,0,100,,1015717,14,,,0,99,,1015718,14,,,0,99,,1015719,14,,,0,100,,1015720,14,,,0,104,,1015721,14,,,0,106,,1015722,14,,,0,94,,1015723,14,,,0,98,,1015724,14,,,0,100,,1015725,14,,,0,99,,1015726,14,,,0,99,,1015727,14,,,0
1202,'20260731',639,,1049673,14,,,0,70,,1049674,14,,,0,31,,1049675,14,,,0,73,,1049676,14,,,0,30,,1049677,14,,,0,100,,1049678,14,,,0,98,,1049679,14,,,0,100,,1049680,14,,,0,100,,1049681,14,,,0,99,,1049682,14,,,0,99,,1049683,14,,,0,100,,1049684,14,,,0,104,,1049685,14,,,0,106,,1049686,14,,,0,94,,1049687,14,,,0,98,,1049688,14,,,0,100,,1049689,14,,,0,99,,1049690,14,,,0,99,,1049691,14,,,0
1202,'20260801',817,,1066716,14,,,0,101,,1066717,14,,,0,102,,1066718,14,,,0,100,,1066719,14,,,0,102,,1066720,14,,,0,102,,1066721,14,,,0,100,,1066722,14,,,0,100,,1066723,14,,,0,100,,1066724,14,,,0,99,,1066725,14,,,0,98,,1066726,14,,,0,98,,1066727,14,,,0,99,,1066728,14,,,0,99,,1066729,14,,,0,100,,1066730,14,,,0,100,,1066731,14,,,0
1202,'20260802',817,,1066732,14,,,0,101,,1066733,14,,,0,102,,1066734,14,,,0,100,,1066735,14,,,0,102,,1066736,14,,,0,102,,1066737,14,,,0,100,,1066738,14,,,0,100,,1066739,14,,,0,100,,1066740,14,,,0,99,,1066741,14,,,0,98,,1066742,14,,,0,98,,1066743,14,,,0,99,,1066744,14,,,0,99,,1066745,14,,,0,100,,1066746,14,,,0,100,,1066747,14,,,0
1202,'20260803',639,,1066748,14,,,0,70,,1066749,14,,,0,31,,1066750,14,,,0,73,,1066751,14,,,0,30,,1066752,14,,,0,100,,1066753,14,,,0,98,,1066754,14,,,0,100,,1066755,14,,,0,100,,1066756,14,,,0,99,,1066757,14,,,0,99,,1066758,14,,,0,100,,1066759,14,,,0,104,,1066760,14,,,0,106,,1066761,14,,,0,94,,1066762,14,,,0,98,,1066763,14,,,0,100,,1066764,14,,,0,99,,1066765,14,,,0,99,,1066766,14,,,0
1202,'20260804',639,,1066767,14,,,0,70,,1066768,14,,,0,31,,1066769,14,,,0,73,,1066770,14,,,0,30,,1066771,14,,,0,100,,1066772,14,,,0,98,,1066773,14,,,0,100,,1066774,14,,,0,100,,1066775,14,,,0,99,,1066776,14,,,0,99,,1066777,14,,,0,100,,1066778,14,,,0,104,,1066779,14,,,0,106,,1066780,14,,,0,94,,1066781,14,,,0,98,,1066782,14,,,0,100,,1066783,14,,,0,99,,1066784,14,,,0,99,,1066785,14,,,0
1202,'20260805',639,,1015765,14,,,0,70,,1015747,14,,,0,31,,1015748,14,,,0,73,,1015749,14,,,0,30,,1015750,14,,,0,100,,1015751,14,,,0,98,,1015752,14,,,0,100,,1015753,14,,,0,100,,1015754,14,,,0,99,,1015755,14,,,0,99,,1015756,14,,,0,100,,1015757,14,,,0,104,,1015758,14,,,0,106,,1015759,14,,,0,94,,1015760,14,,,0,98,,1015761,14,,,0,100,,1015762,14,,,0,99,,1015763,14,,,0,99,,1015764,14,,,0
1202,'20260806',639,,1015784,14,,,0,70,,1015766,14,,,0,31,,1015767,14,,,0,73,,1015768,14,,,0,30,,1015769,14,,,0,100,,1015770,14,,,0,98,,1015771,14,,,0,100,,1015772,14,,,0,100,,1015773,14,,,0,99,,1015774,14,,,0,99,,1015775,14,,,0,100,,1015776,14,,,0,104,,1015777,14,,,0,106,,1015778,14,,,0,94,,1015779,14,,,0,98,,1015780,14,,,0,100,,1015781,14,,,0,99,,1015782,14,,,0,99,,1015783,14,,,0
1202,'20260807',639,,1015803,14,,,0,70,,1015785,14,,,0,31,,1015786,14,,,0,73,,1015787,14,,,0,30,,1015788,14,,,0,100,,1015789,14,,,0,98,,1015790,14,,,0,100,,1015791,14,,,0,100,,1015792,14,,,0,99,,1015793,14,,,0,99,,1015794,14,,,0,100,,1015795,14,,,0,104,,1015796,14,,,0,106,,1015797,14,,,0,94,,1015798,14,,,0,98,,1015799,14,,,0,100,,1015800,14,,,0,99,,1015801,14,,,0,99,,1015802,14,,,0
1202,'20260808',817,,1049692,14,,,0,101,,1049693,14,,,0,102,,1049694,14,,,0,100,,1049701,14,,,0,102,,1049702,14,,,0,102,,1049703,14,,,0,100,,1049704,14,,,0,100,,1049705,14,,,0,100,,1049706,14,,,0,99,,1049707,14,,,0,98,,1049695,14,,,0,98,,1049696,14,,,0,99,,1049697,14,,,0,99,,1049698,14,,,0,100,,1049699,14,,,0,100,,1049700,14,,,0
1202,'20260809',817,,1049708,14,,,0,101,,1049709,14,,,0,102,,1049710,14,,,0,100,,1049711,14,,,0,102,,1049712,14,,,0,102,,1049713,14,,,0,100,,1049714,14,,,0,100,,1049715,14,,,0,100,,1049716,14,,,0,99,,1049717,14,,,0,98,,1049718,14,,,0,98,,1049719,14,,,0,99,,1049720,14,,,0,99,,1049721,14,,,0,100,,1049722,14,,,0,100,,1049723,14,,,0
1202,'20260810',639,,1049742,14,,,0,70,,1049724,14,,,0,31,,1049725,14,,,0,73,,1049726,14,,,0,30,,1049727,14,,,0,100,,1049728,14,,,0,98,,1049729,14,,,0,100,,1049730,14,,,0,100,,1049731,14,,,0,99,,1049732,14,,,0,99,,1049733,14,,,0,100,,1049734,14,,,0,104,,1049735,14,,,0,106,,1049736,14,,,0,94,,1049737,14,,,0,98,,1049738,14,,,0,100,,1049739,14,,,0,99,,1049740,14,,,0,99,,1049741,14,,,0
1202,'20260811',639,,1049761,14,,,0,70,,1049743,14,,,0,31,,1049744,14,,,0,73,,1049745,14,,,0,30,,1049746,14,,,0,100,,1049747,14,,,0,98,,1049748,14,,,0,100,,1049749,14,,,0,100,,1049750,14,,,0,99,,1049751,14,,,0,99,,1049752,14,,,0,100,,1049753,14,,,0,104,,1049754,14,,,0,106,,1049755,14,,,0,94,,1049756,14,,,0,98,,1049757,14,,,0,100,,1049758,14,,,0,99,,1049759,14,,,0,99,,1049760,14,,,0
1202,'20260812',639,,1066804,14,,,0,70,,1066786,14,,,0,31,,1066787,14,,,0,73,,1066788,14,,,0,30,,1066789,14,,,0,100,,1066790,14,,,0,98,,1066791,14,,,0,100,,1066792,14,,,0,100,,1066793,14,,,0,99,,1066794,14,,,0,99,,1066795,14,,,0,100,,1066796,14,,,0,104,,1066797,14,,,0,106,,1066798,14,,,0,94,,1066799,14,,,0,98,,1066800,14,,,0,100,,1066801,14,,,0,99,,1066802,14,,,0,99,,1066803,14,,,0
1202,'20260813',639,,1066823,14,,,0,70,,1066805,14,,,0,31,,1066806,14,,,0,73,,1066807,14,,,0,30,,1066808,14,,,0,100,,1066809,14,,,0,98,,1066810,14,,,0,100,,1066811,14,,,0,100,,1066812,14,,,0,99,,1066813,14,,,0,99,,1066814,14,,,0,100,,1066815,14,,,0,104,,1066816,14,,,0,106,,1066817,14,,,0,94,,1066818,14,,,0,98,,1066819,14,,,0,100,,1066820,14,,,0,99,,1066821,14,,,0,99,,1066822,14,,,0
