33601,'20261006',701,,1613174,44,,,0,19,,1613175,44,,,0
33601,'20261007',701,,1613176,44,,,0,19,,1613177,44,,,0
33601,'20261008',701,,1613178,44,,,0,19,,1613179,44,,,0
33601,'20261009',701,,1613180,44,,,0,19,,1613181,44,,,0
33601,'20261013',701,,1581425,44,,,0,19,,1581426,44,,,0
33601,'20261014',701,,1581427,44,,,0,19,,1581428,44,,,0
33601,'20261015',701,,1581429,44,,,0,19,,1581430,44,,,0
33601,'20261016',701,,1581431,44,,,0,19,,1581432,44,,,0
33601,'20261019',701,,1613182,44,,,0,19,,1613183,44,,,0
33601,'20261020',701,,1613184,44,,,0,19,,1613185,44,,,0
53601,'20261006',656,,1614016,44,,,0,65,,1614017,44,,,0
53601,'20261007',656,,1614018,44,,,0,65,,1614019,44,,,0
53601,'20261008',656,,1614020,44,,,0,65,,1614021,44,,,0
53601,'20261009',656,,1614022,44,,,0,65,,1614023,44,,,0
53601,'20261013',656,,1582262,44,,,0,65,,1582263,44,,,0
53601,'20261014',656,,1582264,44,,,0,65,,1582265,44,,,0
53601,'20261015',656,,1582266,44,,,0,65,,1582267,44,,,0
53601,'20261016',656,,1582268,44,,,0,65,,1582269,44,,,0
53601,'20261019',656,,1614024,44,,,0,65,,1614025,44,,,0
53601,'20261020',656,,1614026,44,,,0,65,,1614027,44,,,0
