301,'20261002',607,,1562935,16,,,0,30,,1562936,16,,,0,70,,1562937,16,,,0,29,,1562938,16,,,0,71,,1562939,16,,,0,30,,1562940,16,,,0,70,,1562941,16,,,0,100,,1562942,16,,,0,100,,1562943,16,,,0,100,,1562944,16,,,0,100,,1562945,16,,,0,100,,1562946,16,,,0,100,,1562947,16,,,0,100,,1562948,16,,,0,100,,1562949,16,,,0,100,,1562950,16,,,0,100,,1562951,16,,,0,100,,1562952,16,,,0,100,,1562953,16,,,0,100,,1562954,16,,,0,99,,1562955,16,,,0
301,'20261003',707,,1562977,16,,,0,100,,1562978,16,,,0,100,,1562979,16,,,0,100,,1562980,16,,,0,100,,1562981,16,,,0,100,,1562982,16,,,0,100,,1562983,16,,,0,100,,1562984,16,,,0,100,,1562985,16,,,0,100,,1562986,16,,,0,100,,1562987,16,,,0,100,,1562988,16,,,0,100,,1562989,16,,,0,100,,1562990,16,,,0,100,,1562991,16,,,0,100,,1562992,16,,,0,100,,1562993,16,,,0,99,,1562994,16,,,0
301,'20261004',707,,1563016,16,,,0,100,,1563017,16,,,0,100,,1563018,16,,,0,100,,1563019,16,,,0,100,,1563020,16,,,0,100,,1563021,16,,,0,100,,1563022,16,,,0,100,,1563023,16,,,0,100,,1563024,16,,,0,100,,1563025,16,,,0,100,,1563026,16,,,0,100,,1563027,16,,,0,100,,1563028,16,,,0,100,,1563029,16,,,0,100,,1563030,16,,,0,100,,1563031,16,,,0,100,,1563032,16,,,0,99,,1563033,16,,,0
301,'20261005',607,,1563057,16,,,0,30,,1563058,16,,,0,70,,1563059,16,,,0,29,,1563060,16,,,0,71,,1563061,16,,,0,30,,1563062,16,,,0,70,,1563063,16,,,0,100,,1563064,16,,,0,100,,1563065,16,,,0,100,,1563066,16,,,0,100,,1563067,16,,,0,100,,1563068,16,,,0,100,,1563069,16,,,0,100,,1563070,16,,,0,100,,1563071,16,,,0,100,,1563072,16,,,0,100,,1563073,16,,,0,100,,1563074,16,,,0,100,,1563075,16,,,0,100,,1563076,16,,,0,99,,1563077,16,,,0
301,'20261006',607,,1509801,16,,,0,30,,1509802,16,,,0,70,,1509803,16,,,0,29,,1509804,16,,,0,71,,1509805,16,,,0,30,,1509806,16,,,0,70,,1509807,16,,,0,100,,1509808,16,,,0,100,,1509809,16,,,0,100,,1509810,16,,,0,100,,1509811,16,,,0,100,,1509812,16,,,0,100,,1509813,16,,,0,100,,1509814,16,,,0,100,,1509815,16,,,0,100,,1509816,16,,,0,100,,1509817,16,,,0,100,,1509818,16,,,0,100,,1509819,16,,,0,100,,1509820,16,,,0,99,,1509821,16,,,0
301,'20261007',607,,1509845,16,,,0,30,,1509846,16,,,0,70,,1509847,16,,,0,29,,1509848,16,,,0,71,,1509849,16,,,0,30,,1509850,16,,,0,70,,1509851,16,,,0,100,,1509852,16,,,0,100,,1509853,16,,,0,100,,1509854,16,,,0,100,,1509855,16,,,0,100,,1509856,16,,,0,100,,1509857,16,,,0,100,,1509858,16,,,0,100,,1509859,16,,,0,100,,1509860,16,,,0,100,,1509861,16,,,0,100,,1509862,16,,,0,100,,1509863,16,,,0,100,,1509864,16,,,0,99,,1509865,16,,,0
301,'20261008',607,,1509889,16,,,0,30,,1509890,16,,,0,70,,1509891,16,,,0,29,,1509892,16,,,0,71,,1509893,16,,,0,30,,1509894,16,,,0,70,,1509895,16,,,0,100,,1509896,16,,,0,100,,1509897,16,,,0,100,,1509898,16,,,0,100,,1509899,16,,,0,100,,1509900,16,,,0,100,,1509901,16,,,0,100,,1509902,16,,,0,100,,1509903,16,,,0,100,,1509904,16,,,0,100,,1509905,16,,,0,100,,1509906,16,,,0,100,,1509907,16,,,0,100,,1509908,16,,,0,99,,1509909,16,,,0
301,'20261009',607,,1509933,16,,,0,30,,1509934,16,,,0,70,,1509935,16,,,0,29,,1509936,16,,,0,71,,1509937,16,,,0,30,,1509938,16,,,0,70,,1509939,16,,,0,100,,1509940,16,,,0,100,,1509941,16,,,0,100,,1509942,16,,,0,100,,1509943,16,,,0,100,,1509944,16,,,0,100,,1509945,16,,,0,100,,1509946,16,,,0,100,,1509947,16,,,0,100,,1509948,16,,,0,100,,1509949,16,,,0,100,,1509950,16,,,0,100,,1509951,16,,,0,100,,1509952,16,,,0,99,,1509953,16,,,0
301,'20261010',707,,1541205,16,,,0,100,,1541206,16,,,0,100,,1541207,16,,,0,100,,1541208,16,,,0,100,,1541209,16,,,0,100,,1541210,16,,,0,100,,1541211,16,,,0,100,,1541212,16,,,0,100,,1541213,16,,,0,100,,1541214,16,,,0,100,,1541215,16,,,0,100,,1541216,16,,,0,100,,1541217,16,,,0,100,,1541218,16,,,0,100,,1541219,16,,,0,100,,1541220,16,,,0,100,,1541221,16,,,0,99,,1541222,16,,,0
301,'20261011',707,,1541244,16,,,0,100,,1541245,16,,,0,100,,1541246,16,,,0,100,,1541247,16,,,0,100,,1541248,16,,,0,100,,1541249,16,,,0,100,,1541250,16,,,0,100,,1541251,16,,,0,100,,1541252,16,,,0,100,,1541253,16,,,0,100,,1541254,16,,,0,100,,1541255,16,,,0,100,,1541256,16,,,0,100,,1541257,16,,,0,100,,1541258,16,,,0,100,,1541259,16,,,0,100,,1541260,16,,,0,99,,1541261,16,,,0
301,'20261012',707,,1541283,16,,,0,100,,1541284,16,,,0,100,,1541285,16,,,0,100,,1541286,16,,,0,100,,1541287,16,,,0,100,,1541288,16,,,0,100,,1541289,16,,,0,100,,1541290,16,,,0,100,,1541291,16,,,0,100,,1541292,16,,,0,100,,1541293,16,,,0,100,,1541294,16,,,0,100,,1541295,16,,,0,100,,1541296,16,,,0,100,,1541297,16,,,0,100,,1541298,16,,,0,100,,1541299,16,,,0,99,,1541300,16,,,0
301,'20261013',607,,1563078,16,,,0,30,,1563079,16,,,0,70,,1563080,16,,,0,29,,1563081,16,,,0,71,,1563082,16,,,0,30,,1563083,16,,,0,70,,1563084,16,,,0,100,,1563085,16,,,0,100,,1563086,16,,,0,100,,1563087,16,,,0,100,,1563088,16,,,0,100,,1563089,16,,,0,100,,1563090,16,,,0,100,,1563091,16,,,0,100,,1563092,16,,,0,100,,1563093,16,,,0,100,,1563094,16,,,0,100,,1563095,16,,,0,100,,1563096,16,,,0,100,,1563097,16,,,0,99,,1563098,16,,,0
301,'20261014',607,,1563122,16,,,0,30,,1563123,16,,,0,70,,1563124,16,,,0,29,,1563125,16,,,0,71,,1563126,16,,,0,30,,1563127,16,,,0,70,,1563128,16,,,0,100,,1563129,16,,,0,100,,1563130,16,,,0,100,,1563131,16,,,0,100,,1563132,16,,,0,100,,1563133,16,,,0,100,,1563134,16,,,0,100,,1563135,16,,,0,100,,1563136,16,,,0,100,,1563137,16,,,0,100,,1563138,16,,,0,100,,1563139,16,,,0,100,,1563140,16,,,0,100,,1563141,16,,,0,99,,1563142,16,,,0
301,'20261015',607,,1563166,16,,,0,30,,1563167,16,,,0,70,,1563168,16,,,0,29,,1563169,16,,,0,71,,1563170,16,,,0,30,,1563171,16,,,0,70,,1563172,16,,,0,100,,1563173,16,,,0,100,,1563174,16,,,0,100,,1563175,16,,,0,100,,1563176,16,,,0,100,,1563177,16,,,0,100,,1563178,16,,,0,100,,1563179,16,,,0,100,,1563180,16,,,0,100,,1563181,16,,,0,100,,1563182,16,,,0,100,,1563183,16,,,0,100,,1563184,16,,,0,100,,1563185,16,,,0,99,,1563186,16,,,0
301,'20261016',607,,1563210,16,,,0,30,,1563211,16,,,0,70,,1563212,16,,,0,29,,1563213,16,,,0,71,,1563214,16,,,0,30,,1563215,16,,,0,70,,1563216,16,,,0,100,,1563217,16,,,0,100,,1563218,16,,,0,100,,1563219,16,,,0,100,,1563220,16,,,0,100,,1563221,16,,,0,100,,1563222,16,,,0,100,,1563223,16,,,0,100,,1563224,16,,,0,100,,1563225,16,,,0,100,,1563226,16,,,0,100,,1563227,16,,,0,100,,1563228,16,,,0,100,,1563229,16,,,0,99,,1563230,16,,,0
1008201,'20261002',1621,,1593568,31,,,0
1008201,'20261005',1621,,1593569,31,,,0
1008201,'20261006',1621,,1540283,31,,,0
1008201,'20261007',1621,,1540284,31,,,0
1008201,'20261008',1621,,1540285,31,,,0
1008201,'20261009',1621,,1540286,31,,,0
1008201,'20261013',1621,,1593570,31,,,0
1008201,'20261014',1621,,1593571,31,,,0
1008201,'20261015',1621,,1593572,31,,,0
1008201,'20261016',1621,,1593573,31,,,0
