8101,'20260929',615,,1550319,3,,,0,28,,1550320,3,,,0,66,,1550321,3,,,0,28,,1550322,3,,,0,76,,1550323,3,,,0,33,,1550324,3,,,0,70,,1550325,3,,,0,100,,1550326,3,,,0,100,,1550327,3,,,0,99,,1550328,3,,,0,100,,1550329,3,,,0,99,,1550330,3,,,0,98,,1550331,3,,,0,28,,1550332,3,,,0,70,,1550333,3,,,0,30,,1550334,3,,,0,72,,1550335,3,,,0,103,,1550336,3,,,0,102,,1550337,3,,,0,100,,1550338,3,,,0,102,,1550339,3,,,0,100,,1550340,3,,,0,100,,1550341,3,,,0
8101,'20260930',615,,1550342,3,,,0,28,,1550343,3,,,0,66,,1550344,3,,,0,28,,1550345,3,,,0,76,,1550346,3,,,0,33,,1550347,3,,,0,70,,1550348,3,,,0,100,,1550349,3,,,0,100,,1550350,3,,,0,99,,1550351,3,,,0,100,,1550352,3,,,0,99,,1550353,3,,,0,98,,1550354,3,,,0,28,,1550355,3,,,0,70,,1550356,3,,,0,30,,1550357,3,,,0,72,,1550358,3,,,0,103,,1550359,3,,,0,102,,1550360,3,,,0,100,,1550361,3,,,0,102,,1550362,3,,,0,100,,1550363,3,,,0,100,,1550364,3,,,0
8101,'20261001',615,,1550365,3,,,0,28,,1550366,3,,,0,66,,1550367,3,,,0,28,,1550368,3,,,0,76,,1550369,3,,,0,33,,1550370,3,,,0,70,,1550371,3,,,0,100,,1550372,3,,,0,100,,1550373,3,,,0,99,,1550374,3,,,0,100,,1550375,3,,,0,99,,1550376,3,,,0,98,,1550377,3,,,0,28,,1550378,3,,,0,70,,1550379,3,,,0,30,,1550380,3,,,0,72,,1550381,3,,,0,103,,1550382,3,,,0,102,,1550383,3,,,0,100,,1550384,3,,,0,102,,1550385,3,,,0,100,,1550386,3,,,0,100,,1550387,3,,,0
8101,'20261002',615,,1473226,3,,,0,28,,1473227,3,,,0,66,,1473228,3,,,0,28,,1473229,3,,,0,76,,1473230,3,,,0,33,,1473231,3,,,0,70,,1473232,3,,,0,100,,1473233,3,,,0,100,,1473234,3,,,0,99,,1473235,3,,,0,100,,1473236,3,,,0,99,,1473237,3,,,0,98,,1473238,3,,,0,28,,1473239,3,,,0,70,,1473240,3,,,0,30,,1473241,3,,,0,72,,1473242,3,,,0,103,,1473243,3,,,0,102,,1473244,3,,,0,100,,1473245,3,,,0,102,,1473246,3,,,0,100,,1473247,3,,,0,100,,1473248,3,,,0
8101,'20261003',619,,1496226,3,,,0,99,,1496227,3,,,0,100,,1496228,3,,,0,100,,1496229,3,,,0,100,,1496230,3,,,0,99,,1496231,3,,,0,100,,1496232,3,,,0,98,,1496233,3,,,0,100,,1496234,3,,,0,100,,1496235,3,,,0,100,,1496236,3,,,0,103,,1496237,3,,,0,100,,1496238,3,,,0,100,,1496239,3,,,0,100,,1496240,3,,,0,100,,1496241,3,,,0,101,,1496242,3,,,0,100,,1496243,3,,,0
8101,'20261004',619,,1496244,3,,,0,99,,1496245,3,,,0,100,,1496246,3,,,0,100,,1496247,3,,,0,100,,1496248,3,,,0,99,,1496249,3,,,0,100,,1496250,3,,,0,98,,1496251,3,,,0,100,,1496252,3,,,0,100,,1496253,3,,,0,100,,1496254,3,,,0,103,,1496255,3,,,0,100,,1496256,3,,,0,100,,1496257,3,,,0,100,,1496258,3,,,0,100,,1496259,3,,,0,101,,1496260,3,,,0,100,,1496261,3,,,0
8101,'20261005',615,,1496262,3,,,0,28,,1496263,3,,,0,66,,1496264,3,,,0,28,,1496265,3,,,0,76,,1496266,3,,,0,33,,1496267,3,,,0,70,,1496268,3,,,0,100,,1496269,3,,,0,100,,1496270,3,,,0,99,,1496271,3,,,0,100,,1496272,3,,,0,99,,1496273,3,,,0,98,,1496274,3,,,0,28,,1496275,3,,,0,70,,1496276,3,,,0,30,,1496277,3,,,0,72,,1496278,3,,,0,103,,1496279,3,,,0,102,,1496280,3,,,0,100,,1496281,3,,,0,102,,1496282,3,,,0,100,,1496283,3,,,0,100,,1496284,3,,,0
8101,'20261006',615,,1523148,3,,,0,28,,1523149,3,,,0,66,,1523150,3,,,0,28,,1523151,3,,,0,76,,1523152,3,,,0,33,,1523153,3,,,0,70,,1523154,3,,,0,100,,1523155,3,,,0,100,,1523156,3,,,0,99,,1523157,3,,,0,100,,1523158,3,,,0,99,,1523159,3,,,0,98,,1523160,3,,,0,28,,1523161,3,,,0,70,,1523162,3,,,0,30,,1523163,3,,,0,72,,1523164,3,,,0,103,,1523165,3,,,0,102,,1523166,3,,,0,100,,1523167,3,,,0,102,,1523168,3,,,0,100,,1523169,3,,,0,100,,1523170,3,,,0
8101,'20261007',615,,1523171,3,,,0,28,,1523172,3,,,0,66,,1523173,3,,,0,28,,1523174,3,,,0,76,,1523175,3,,,0,33,,1523176,3,,,0,70,,1523177,3,,,0,100,,1523178,3,,,0,100,,1523179,3,,,0,99,,1523180,3,,,0,100,,1523181,3,,,0,99,,1523182,3,,,0,98,,1523183,3,,,0,28,,1523184,3,,,0,70,,1523185,3,,,0,30,,1523186,3,,,0,72,,1523187,3,,,0,103,,1523188,3,,,0,102,,1523189,3,,,0,100,,1523190,3,,,0,102,,1523191,3,,,0,100,,1523192,3,,,0,100,,1523193,3,,,0
8101,'20261008',615,,1523194,3,,,0,28,,1523195,3,,,0,66,,1523196,3,,,0,28,,1523197,3,,,0,76,,1523198,3,,,0,33,,1523199,3,,,0,70,,1523200,3,,,0,100,,1523201,3,,,0,100,,1523202,3,,,0,99,,1523203,3,,,0,100,,1523204,3,,,0,99,,1523205,3,,,0,98,,1523206,3,,,0,28,,1523207,3,,,0,70,,1523208,3,,,0,30,,1523209,3,,,0,72,,1523210,3,,,0,103,,1523211,3,,,0,102,,1523212,3,,,0,100,,1523213,3,,,0,102,,1523214,3,,,0,100,,1523215,3,,,0,100,,1523216,3,,,0
8101,'20261009',615,,1523217,3,,,0,28,,1523218,3,,,0,66,,1523219,3,,,0,28,,1523220,3,,,0,76,,1523221,3,,,0,33,,1523222,3,,,0,70,,1523223,3,,,0,100,,1523224,3,,,0,100,,1523225,3,,,0,99,,1523226,3,,,0,100,,1523227,3,,,0,99,,1523228,3,,,0,98,,1523229,3,,,0,28,,1523230,3,,,0,70,,1523231,3,,,0,30,,1523232,3,,,0,72,,1523233,3,,,0,103,,1523234,3,,,0,102,,1523235,3,,,0,100,,1523236,3,,,0,102,,1523237,3,,,0,100,,1523238,3,,,0,100,,1523239,3,,,0
8101,'20261010',619,,1550388,3,,,0,99,,1550389,3,,,0,100,,1550390,3,,,0,100,,1550391,3,,,0,100,,1550392,3,,,0,99,,1550393,3,,,0,100,,1550394,3,,,0,98,,1550395,3,,,0,100,,1550396,3,,,0,100,,1550397,3,,,0,100,,1550398,3,,,0,103,,1550399,3,,,0,100,,1550400,3,,,0,100,,1550401,3,,,0,100,,1550402,3,,,0,100,,1550403,3,,,0,101,,1550404,3,,,0,100,,1550405,3,,,0
8101,'20261011',619,,1550406,3,,,0,99,,1550407,3,,,0,100,,1550408,3,,,0,100,,1550409,3,,,0,100,,1550410,3,,,0,99,,1550411,3,,,0,100,,1550412,3,,,0,98,,1550413,3,,,0,100,,1550414,3,,,0,100,,1550415,3,,,0,100,,1550416,3,,,0,103,,1550417,3,,,0,100,,1550418,3,,,0,100,,1550419,3,,,0,100,,1550420,3,,,0,100,,1550421,3,,,0,101,,1550422,3,,,0,100,,1550423,3,,,0
8101,'20261012',619,,1550424,3,,,0,99,,1550425,3,,,0,100,,1550426,3,,,0,100,,1550427,3,,,0,100,,1550428,3,,,0,99,,1550429,3,,,0,100,,1550430,3,,,0,98,,1550431,3,,,0,100,,1550432,3,,,0,100,,1550433,3,,,0,100,,1550434,3,,,0,103,,1550435,3,,,0,100,,1550436,3,,,0,100,,1550437,3,,,0,100,,1550438,3,,,0,100,,1550439,3,,,0,101,,1550440,3,,,0,100,,1550441,3,,,0
28200,'20260929',1550,,1553210,3,4,,0,70,,1553211,3,4,,0,80,,1553212,3,4,,0,34,,1553213,3,4,,0,67,,1553214,3,4,,0,18,,1553215,3,4,,0
28200,'20260930',1550,,1553216,3,4,,0,70,,1553217,3,4,,0,80,,1553218,3,4,,0,34,,1553219,3,4,,0,67,,1553220,3,4,,0,18,,1553221,3,4,,0
28200,'20261001',1550,,1553222,3,4,,0,70,,1553223,3,4,,0,80,,1553224,3,4,,0,34,,1553225,3,4,,0,67,,1553226,3,4,,0,18,,1553227,3,4,,0
28200,'20261002',1550,,1476359,3,4,,0,70,,1476357,3,4,,0,80,,1476355,3,4,,0,34,,1476354,3,4,,0,67,,1476358,3,4,,0,18,,1476356,3,4,,0
28200,'20261005',1550,,1499396,3,4,,0,70,,1499394,3,4,,0,80,,1499392,3,4,,0,34,,1499391,3,4,,0,67,,1499395,3,4,,0,18,,1499393,3,4,,0
28200,'20261006',1550,,1527590,3,4,,0,70,,1527588,3,4,,0,80,,1527586,3,4,,0,34,,1527585,3,4,,0,67,,1527589,3,4,,0,18,,1527587,3,4,,0
28200,'20261007',1550,,1527596,3,4,,0,70,,1527594,3,4,,0,80,,1527592,3,4,,0,34,,1527591,3,4,,0,67,,1527595,3,4,,0,18,,1527593,3,4,,0
28200,'20261008',1550,,1527602,3,4,,0,70,,1527600,3,4,,0,80,,1527598,3,4,,0,34,,1527597,3,4,,0,67,,1527601,3,4,,0,18,,1527599,3,4,,0
28200,'20261009',1550,,1527608,3,4,,0,70,,1527606,3,4,,0,80,,1527604,3,4,,0,34,,1527603,3,4,,0,67,,1527607,3,4,,0,18,,1527605,3,4,,0
28900,'20260929',1615,,1553295,3,4,,0,18,,1553296,3,4,,0,17,,1553294,3,4,,0,92,,1553297,3,4,,0,77,,1553298,3,4,,0
28900,'20260930',1615,,1553300,3,4,,0,18,,1553301,3,4,,0,17,,1553299,3,4,,0,92,,1553302,3,4,,0,77,,1553303,3,4,,0
28900,'20261001',1615,,1553305,3,4,,0,18,,1553306,3,4,,0,17,,1553304,3,4,,0,92,,1553307,3,4,,0,77,,1553308,3,4,,0
28900,'20261002',1615,,1476465,3,4,,0,18,,1476466,3,4,,0,17,,1476464,3,4,,0,92,,1476463,3,4,,0,77,,1476467,3,4,,0
28900,'20261005',1615,,1499502,3,4,,0,18,,1499503,3,4,,0,17,,1499501,3,4,,0,92,,1499500,3,4,,0,77,,1499504,3,4,,0
28900,'20261006',1615,,1527753,3,4,,0,18,,1527754,3,4,,0,17,,1527752,3,4,,0,92,,1527751,3,4,,0,77,,1527755,3,4,,0
28900,'20261007',1615,,1527758,3,4,,0,18,,1527759,3,4,,0,17,,1527757,3,4,,0,92,,1527756,3,4,,0,77,,1527760,3,4,,0
28900,'20261008',1615,,1527763,3,4,,0,18,,1527764,3,4,,0,17,,1527762,3,4,,0,92,,1527761,3,4,,0,77,,1527765,3,4,,0
28900,'20261009',1615,,1527768,3,4,,0,18,,1527769,3,4,,0,17,,1527767,3,4,,0,92,,1527766,3,4,,0,77,,1527770,3,4,,0
