1302,'20260929',650,,1542886,22,,,0,65,,1542880,3,,,0,2,,1542881,3,,,0,31,,1542879,3,,,0,2,,1542887,22,,,0,56,,1542882,3,,,0,15,,1542888,22,,,0,14,,1542883,3,,,0,71,,1542884,3,,,0,17,,1542889,22,,,0,97,,1542890,22,,,0,98,,1542891,22,,,0,31,,1542885,3,,,0,70,,1542892,22,,,0,101,,1542893,22,,,0,99,,1542894,22,,,0,97,,1542895,22,,,0,97,,1542896,22,,,0,33,,1542897,22,,,0,2,,1542898,22,,,0,78,,1542899,22,,,0,98,,1542900,22,,,0,101,,1542901,22,,,0,99,,1542902,22,,,0,100,,1542903,22,,,0,100,,1542904,22,,,0,97,,1542905,22,,,0
1302,'20260930',650,,1542913,22,,,0,65,,1542907,3,,,0,2,,1542908,3,,,0,31,,1542906,3,,,0,2,,1542914,22,,,0,56,,1542909,3,,,0,15,,1542915,22,,,0,14,,1542910,3,,,0,71,,1542911,3,,,0,17,,1542916,22,,,0,97,,1542917,22,,,0,98,,1542918,22,,,0,31,,1542912,3,,,0,70,,1542919,22,,,0,101,,1542920,22,,,0,99,,1542921,22,,,0,97,,1542922,22,,,0,97,,1542923,22,,,0,33,,1542924,22,,,0,2,,1542925,22,,,0,78,,1542926,22,,,0,98,,1542927,22,,,0,101,,1542928,22,,,0,99,,1542929,22,,,0,100,,1542930,22,,,0,100,,1542931,22,,,0,97,,1542932,22,,,0
1302,'20261001',650,,1542940,22,,,0,65,,1542934,3,,,0,2,,1542935,3,,,0,31,,1542933,3,,,0,2,,1542941,22,,,0,56,,1542936,3,,,0,15,,1542942,22,,,0,14,,1542937,3,,,0,71,,1542938,3,,,0,17,,1542943,22,,,0,97,,1542944,22,,,0,98,,1542945,22,,,0,31,,1542939,3,,,0,70,,1542946,22,,,0,101,,1542947,22,,,0,99,,1542948,22,,,0,97,,1542949,22,,,0,97,,1542950,22,,,0,33,,1542951,22,,,0,2,,1542952,22,,,0,78,,1542953,22,,,0,98,,1542954,22,,,0,101,,1542955,22,,,0,99,,1542956,22,,,0,100,,1542957,22,,,0,100,,1542958,22,,,0,97,,1542959,22,,,0
1302,'20261002',650,,1465363,22,,,0,67,,1465381,3,,,0,33,,1465364,22,,,0,56,,1465382,3,,,0,15,,1465365,22,,,0,14,,1465383,3,,,0,71,,1465384,3,,,0,17,,1465366,22,,,0,97,,1465367,22,,,0,98,,1465368,22,,,0,31,,1465385,3,,,0,70,,1465369,22,,,0,101,,1465370,22,,,0,99,,1465371,22,,,0,97,,1465372,22,,,0,97,,1465373,22,,,0,33,,1465387,22,,,0,2,,1465386,22,,,0,78,,1465374,22,,,0,98,,1465375,22,,,0,101,,1465376,22,,,0,99,,1465377,22,,,0,100,,1465378,22,,,0,100,,1465379,22,,,0,97,,1465380,22,,,0
1302,'20261003',801,,1488398,22,,,0,58,,1488399,22,,,0,99,,1488400,22,,,0,99,,1488401,22,,,0,99,,1488402,22,,,0,99,,1488403,22,,,0,97,,1488404,22,,,0,103,,1488405,22,,,0,101,,1488406,22,,,0,101,,1488407,22,,,0,101,,1488408,22,,,0,101,,1488409,22,,,0,141,,1488410,22,,,0,101,,1488411,22,,,0,100,,1488412,22,,,0
1302,'20261004',801,,1488413,22,,,0,58,,1488414,22,,,0,99,,1488415,22,,,0,99,,1488416,22,,,0,99,,1488417,22,,,0,99,,1488418,22,,,0,97,,1488419,22,,,0,103,,1488420,22,,,0,101,,1488421,22,,,0,101,,1488422,22,,,0,101,,1488423,22,,,0,101,,1488424,22,,,0,141,,1488425,22,,,0,101,,1488426,22,,,0,100,,1488427,22,,,0
1302,'20261005',650,,1488428,22,,,0,67,,1488446,3,,,0,33,,1488429,22,,,0,56,,1488447,3,,,0,15,,1488430,22,,,0,14,,1488448,3,,,0,71,,1488449,3,,,0,17,,1488431,22,,,0,97,,1488432,22,,,0,98,,1488433,22,,,0,31,,1488450,3,,,0,70,,1488434,22,,,0,101,,1488435,22,,,0,99,,1488436,22,,,0,97,,1488437,22,,,0,97,,1488438,22,,,0,33,,1488452,22,,,0,2,,1488451,22,,,0,78,,1488439,22,,,0,98,,1488440,22,,,0,101,,1488441,22,,,0,99,,1488442,22,,,0,100,,1488443,22,,,0,100,,1488444,22,,,0,97,,1488445,22,,,0
1302,'20261006',650,,1512362,22,,,0,67,,1512380,3,,,0,33,,1512363,22,,,0,56,,1512381,3,,,0,15,,1512364,22,,,0,14,,1512382,3,,,0,71,,1512383,3,,,0,17,,1512365,22,,,0,97,,1512366,22,,,0,98,,1512367,22,,,0,31,,1512384,3,,,0,70,,1512368,22,,,0,101,,1512369,22,,,0,99,,1512370,22,,,0,97,,1512371,22,,,0,97,,1512372,22,,,0,33,,1512386,22,,,0,2,,1512385,22,,,0,78,,1512373,22,,,0,98,,1512374,22,,,0,101,,1512375,22,,,0,99,,1512376,22,,,0,100,,1512377,22,,,0,100,,1512378,22,,,0,97,,1512379,22,,,0
1302,'20261007',650,,1512387,22,,,0,67,,1512405,3,,,0,33,,1512388,22,,,0,56,,1512406,3,,,0,15,,1512389,22,,,0,14,,1512407,3,,,0,71,,1512408,3,,,0,17,,1512390,22,,,0,97,,1512391,22,,,0,98,,1512392,22,,,0,31,,1512409,3,,,0,70,,1512393,22,,,0,101,,1512394,22,,,0,99,,1512395,22,,,0,97,,1512396,22,,,0,97,,1512397,22,,,0,33,,1512411,22,,,0,2,,1512410,22,,,0,78,,1512398,22,,,0,98,,1512399,22,,,0,101,,1512400,22,,,0,99,,1512401,22,,,0,100,,1512402,22,,,0,100,,1512403,22,,,0,97,,1512404,22,,,0
1302,'20261008',650,,1512412,22,,,0,67,,1512430,3,,,0,33,,1512413,22,,,0,56,,1512431,3,,,0,15,,1512414,22,,,0,14,,1512432,3,,,0,71,,1512433,3,,,0,17,,1512415,22,,,0,97,,1512416,22,,,0,98,,1512417,22,,,0,31,,1512434,3,,,0,70,,1512418,22,,,0,101,,1512419,22,,,0,99,,1512420,22,,,0,97,,1512421,22,,,0,97,,1512422,22,,,0,33,,1512436,22,,,0,2,,1512435,22,,,0,78,,1512423,22,,,0,98,,1512424,22,,,0,101,,1512425,22,,,0,99,,1512426,22,,,0,100,,1512427,22,,,0,100,,1512428,22,,,0,97,,1512429,22,,,0
1302,'20261009',650,,1512437,22,,,0,67,,1512455,3,,,0,33,,1512438,22,,,0,56,,1512456,3,,,0,15,,1512439,22,,,0,14,,1512457,3,,,0,71,,1512458,3,,,0,17,,1512440,22,,,0,97,,1512441,22,,,0,98,,1512442,22,,,0,31,,1512459,3,,,0,70,,1512443,22,,,0,101,,1512444,22,,,0,99,,1512445,22,,,0,97,,1512446,22,,,0,97,,1512447,22,,,0,33,,1512461,22,,,0,2,,1512460,22,,,0,78,,1512448,22,,,0,98,,1512449,22,,,0,101,,1512450,22,,,0,99,,1512451,22,,,0,100,,1512452,22,,,0,100,,1512453,22,,,0,97,,1512454,22,,,0
1302,'20261010',801,,1542960,22,,,0,58,,1542961,22,,,0,99,,1542962,22,,,0,99,,1542963,22,,,0,99,,1542964,22,,,0,99,,1542965,22,,,0,97,,1542966,22,,,0,103,,1542967,22,,,0,101,,1542968,22,,,0,101,,1542969,22,,,0,101,,1542970,22,,,0,101,,1542971,22,,,0,141,,1542972,22,,,0,101,,1542973,22,,,0,100,,1542974,22,,,0
1302,'20261011',801,,1542975,22,,,0,58,,1542976,22,,,0,99,,1542977,22,,,0,99,,1542978,22,,,0,99,,1542979,22,,,0,99,,1542980,22,,,0,97,,1542981,22,,,0,103,,1542982,22,,,0,101,,1542983,22,,,0,101,,1542984,22,,,0,101,,1542985,22,,,0,101,,1542986,22,,,0,141,,1542987,22,,,0,101,,1542988,22,,,0,100,,1542989,22,,,0
1302,'20261012',801,,1542990,22,,,0,58,,1542991,22,,,0,99,,1542992,22,,,0,99,,1542993,22,,,0,99,,1542994,22,,,0,99,,1542995,22,,,0,97,,1542996,22,,,0,103,,1542997,22,,,0,101,,1542998,22,,,0,101,,1542999,22,,,0,101,,1543000,22,,,0,101,,1543001,22,,,0,141,,1543002,22,,,0,101,,1543003,22,,,0,100,,1543004,22,,,0
4001302,'20260929',836,,1561898,3,,,0
4001302,'20260930',836,,1561901,3,,,0
4001302,'20261001',836,,1561904,3,,,0
4001302,'20261002',836,,1485645,3,,,0
4001302,'20261005',836,,1508612,3,,,0
4001302,'20261006',836,,1540309,3,,,0
4001302,'20261007',836,,1540310,3,,,0
4001302,'20261008',836,,1540311,3,,,0
4001302,'20261009',836,,1540312,3,,,0
