1102,'20261002',613,,1564627,6,,,1,16,,1564628,6,,,1,11,,1564629,6,,,1,8,,1564630,6,,,1,10,,1564631,6,,,1,52,,1564632,6,,,1,7,,1564626,6,,,1,2,,1564633,6,,,1,11,,1564634,6,,,1,11,,1564635,6,,,1,17,,1564636,6,,,1,54,,1564637,6,,,1,15,,1564638,6,,,1,17,,1564639,6,,,1,71,,1564640,6,,,1,31,,1564641,6,,,1,69,,1564642,6,,,1,30,,1564643,6,,,1,70,,1564644,6,,,1,30,,1564645,6,,,1,71,,1564646,6,,,1,30,,1564647,6,,,1,70,,1564648,6,,,1,30,,1564649,6,,,1,69,,1564650,6,,,1,28,,1564651,6,,,1,14,,1564652,6,,,1,54,,1564653,6,,,1,15,,1564654,6,,,1,15,,1564655,6,,,1,16,,1564656,6,,,1,53,,1564657,6,,,1,17,,1564658,6,,,1,15,,1564659,6,,,1,71,,1564660,6,,,1,30,,1564661,6,,,1,71,,1564662,6,,,1,30,,1564663,6,,,1,69,,1564664,6,,,1,29,,1564665,6,,,1,100,,1564666,6,,,1,99,,1564667,6,,,1,100,,1564668,6,,,1,100,,1564669,6,,,1
1102,'20261003',544,,1564670,6,,,1,100,,1564671,6,,,1,100,,1564672,6,,,1,70,,1564673,6,,,1,30,,1564674,6,,,1,71,,1564675,6,,,1,30,,1564676,6,,,1,70,,1564677,6,,,1,30,,1564678,6,,,1,70,,1564679,6,,,1,30,,1564680,6,,,1,70,,1564681,6,,,1,28,,1564682,6,,,1,72,,1564683,6,,,1,28,,1564684,6,,,1,70,,1564685,6,,,1,29,,1564686,6,,,1,74,,1564687,6,,,1,27,,1564688,6,,,1,72,,1564689,6,,,1,30,,1564690,6,,,1,71,,1564691,6,,,1,30,,1564692,6,,,1,70,,1564693,6,,,1,30,,1564694,6,,,1,70,,1564695,6,,,1,29,,1564696,6,,,1,99,,1564697,6,,,1,101,,1564698,6,,,1,100,,1564699,6,,,1,100,,1564700,6,,,1
1102,'20261004',544,,1564701,6,,,1,100,,1564702,6,,,1,100,,1564703,6,,,1,70,,1564704,6,,,1,30,,1564705,6,,,1,71,,1564706,6,,,1,30,,1564707,6,,,1,70,,1564708,6,,,1,30,,1564709,6,,,1,70,,1564710,6,,,1,30,,1564711,6,,,1,70,,1564712,6,,,1,28,,1564713,6,,,1,72,,1564714,6,,,1,28,,1564715,6,,,1,70,,1564716,6,,,1,29,,1564717,6,,,1,74,,1564718,6,,,1,27,,1564719,6,,,1,72,,1564720,6,,,1,30,,1564721,6,,,1,71,,1564722,6,,,1,30,,1564723,6,,,1,70,,1564724,6,,,1,30,,1564725,6,,,1,70,,1564726,6,,,1,29,,1564727,6,,,1,99,,1564728,6,,,1,101,,1564729,6,,,1,100,,1564730,6,,,1,100,,1564731,6,,,1
1102,'20261005',613,,1564732,6,,,1,16,,1564733,6,,,1,11,,1564734,6,,,1,8,,1564735,6,,,1,10,,1564736,6,,,1,52,,1564737,6,,,1,7,,1564775,6,,,1,2,,1564738,6,,,1,9,,1564776,6,,,1,2,,1564739,6,,,1,11,,1564740,6,,,1,17,,1564741,6,,,1,54,,1564742,6,,,1,15,,1564743,6,,,1,17,,1564744,6,,,1,71,,1564745,6,,,1,31,,1564746,6,,,1,69,,1564747,6,,,1,30,,1564748,6,,,1,70,,1564749,6,,,1,30,,1564750,6,,,1,71,,1564751,6,,,1,30,,1564752,6,,,1,70,,1564753,6,,,1,30,,1564754,6,,,1,69,,1564755,6,,,1,28,,1564756,6,,,1,14,,1564757,6,,,1,54,,1564758,6,,,1,15,,1564759,6,,,1,15,,1564760,6,,,1,16,,1564761,6,,,1,53,,1564762,6,,,1,17,,1564763,6,,,1,15,,1564764,6,,,1,71,,1564765,6,,,1,30,,1564766,6,,,1,71,,1564767,6,,,1,30,,1564768,6,,,1,69,,1564769,6,,,1,29,,1564770,6,,,1,100,,1564771,6,,,1,99,,1564772,6,,,1,100,,1564773,6,,,1,100,,1564774,6,,,1
1102,'20261006',613,,1511504,6,,,1,16,,1511508,6,,,1,11,,1511513,6,,,1,8,,1511506,6,,,1,10,,1511502,6,,,1,52,,1511505,6,,,1,9,,1511500,6,,,1,11,,1511499,6,,,1,11,,1511501,6,,,1,17,,1511503,6,,,1,54,,1511514,6,,,1,15,,1511507,6,,,1,17,,1511509,6,,,1,71,,1511511,6,,,1,31,,1511510,6,,,1,69,,1511512,6,,,1,30,,1511534,6,,,1,70,,1511519,6,,,1,30,,1511531,6,,,1,71,,1511536,6,,,1,30,,1511518,6,,,1,70,,1511522,6,,,1,30,,1511532,6,,,1,69,,1511533,6,,,1,28,,1511525,6,,,1,14,,1511535,6,,,1,54,,1511528,6,,,1,15,,1511515,6,,,1,15,,1511537,6,,,1,16,,1511516,6,,,1,53,,1511520,6,,,1,17,,1511538,6,,,1,15,,1511517,6,,,1,71,,1511526,6,,,1,30,,1511530,6,,,1,71,,1511521,6,,,1,30,,1511540,6,,,1,69,,1511529,6,,,1,29,,1511523,6,,,1,100,,1511527,6,,,1,99,,1511539,6,,,1,100,,1511524,6,,,1,100,,1511541,6,,,1
1102,'20261007',613,,1511547,6,,,1,16,,1511551,6,,,1,11,,1511556,6,,,1,8,,1511549,6,,,1,10,,1511545,6,,,1,52,,1511548,6,,,1,9,,1511543,6,,,1,11,,1511542,6,,,1,11,,1511544,6,,,1,17,,1511546,6,,,1,54,,1511557,6,,,1,15,,1511550,6,,,1,17,,1511552,6,,,1,71,,1511554,6,,,1,31,,1511553,6,,,1,69,,1511555,6,,,1,30,,1511577,6,,,1,70,,1511562,6,,,1,30,,1511574,6,,,1,71,,1511579,6,,,1,30,,1511561,6,,,1,70,,1511565,6,,,1,30,,1511575,6,,,1,69,,1511576,6,,,1,28,,1511568,6,,,1,14,,1511578,6,,,1,54,,1511571,6,,,1,15,,1511558,6,,,1,15,,1511580,6,,,1,16,,1511559,6,,,1,53,,1511563,6,,,1,17,,1511581,6,,,1,15,,1511560,6,,,1,71,,1511569,6,,,1,30,,1511573,6,,,1,71,,1511564,6,,,1,30,,1511583,6,,,1,69,,1511572,6,,,1,29,,1511566,6,,,1,100,,1511570,6,,,1,99,,1511582,6,,,1,100,,1511567,6,,,1,100,,1511584,6,,,1
1102,'20261008',613,,1511590,6,,,1,16,,1511594,6,,,1,11,,1511599,6,,,1,8,,1511592,6,,,1,10,,1511588,6,,,1,52,,1511591,6,,,1,9,,1511586,6,,,1,11,,1511585,6,,,1,11,,1511587,6,,,1,17,,1511589,6,,,1,54,,1511600,6,,,1,15,,1511593,6,,,1,17,,1511595,6,,,1,71,,1511597,6,,,1,31,,1511596,6,,,1,69,,1511598,6,,,1,30,,1511620,6,,,1,70,,1511605,6,,,1,30,,1511617,6,,,1,71,,1511622,6,,,1,30,,1511604,6,,,1,70,,1511608,6,,,1,30,,1511618,6,,,1,69,,1511619,6,,,1,28,,1511611,6,,,1,14,,1511621,6,,,1,54,,1511614,6,,,1,15,,1511601,6,,,1,15,,1511623,6,,,1,16,,1511602,6,,,1,53,,1511606,6,,,1,17,,1511624,6,,,1,15,,1511603,6,,,1,71,,1511612,6,,,1,30,,1511616,6,,,1,71,,1511607,6,,,1,30,,1511626,6,,,1,69,,1511615,6,,,1,29,,1511609,6,,,1,100,,1511613,6,,,1,99,,1511625,6,,,1,100,,1511610,6,,,1,100,,1511627,6,,,1
1102,'20261009',613,,1511633,6,,,1,16,,1511637,6,,,1,11,,1511642,6,,,1,8,,1511635,6,,,1,10,,1511631,6,,,1,52,,1511634,6,,,1,9,,1511629,6,,,1,11,,1511628,6,,,1,11,,1511630,6,,,1,17,,1511632,6,,,1,54,,1511643,6,,,1,15,,1511636,6,,,1,17,,1511638,6,,,1,71,,1511640,6,,,1,31,,1511639,6,,,1,69,,1511641,6,,,1,30,,1511663,6,,,1,70,,1511648,6,,,1,30,,1511660,6,,,1,71,,1511665,6,,,1,30,,1511647,6,,,1,70,,1511651,6,,,1,30,,1511661,6,,,1,69,,1511662,6,,,1,28,,1511654,6,,,1,14,,1511664,6,,,1,54,,1511657,6,,,1,15,,1511644,6,,,1,15,,1511666,6,,,1,16,,1511645,6,,,1,53,,1511649,6,,,1,17,,1511667,6,,,1,15,,1511646,6,,,1,71,,1511655,6,,,1,30,,1511659,6,,,1,71,,1511650,6,,,1,30,,1511669,6,,,1,69,,1511658,6,,,1,29,,1511652,6,,,1,100,,1511656,6,,,1,99,,1511668,6,,,1,100,,1511653,6,,,1,100,,1511670,6,,,1
1102,'20261010',544,,1542355,6,,,1,100,,1542356,6,,,1,100,,1542357,6,,,1,70,,1542358,6,,,1,30,,1542359,6,,,1,71,,1542360,6,,,1,30,,1542361,6,,,1,70,,1542362,6,,,1,30,,1542363,6,,,1,70,,1542364,6,,,1,30,,1542365,6,,,1,70,,1542366,6,,,1,28,,1542367,6,,,1,72,,1542368,6,,,1,28,,1542369,6,,,1,70,,1542370,6,,,1,29,,1542371,6,,,1,74,,1542372,6,,,1,27,,1542373,6,,,1,72,,1542374,6,,,1,30,,1542375,6,,,1,71,,1542376,6,,,1,30,,1542377,6,,,1,70,,1542383,6,,,1,30,,1542378,6,,,1,70,,1542382,6,,,1,29,,1542379,6,,,1,99,,1542380,6,,,1,101,,1542381,6,,,1,100,,1542354,6,,,1,100,,1542384,6,,,1
1102,'20261011',544,,1542386,6,,,1,100,,1542387,6,,,1,100,,1542388,6,,,1,70,,1542389,6,,,1,30,,1542390,6,,,1,71,,1542391,6,,,1,30,,1542392,6,,,1,70,,1542393,6,,,1,30,,1542394,6,,,1,70,,1542395,6,,,1,30,,1542396,6,,,1,70,,1542397,6,,,1,28,,1542398,6,,,1,72,,1542399,6,,,1,28,,1542400,6,,,1,70,,1542401,6,,,1,29,,1542402,6,,,1,74,,1542403,6,,,1,27,,1542404,6,,,1,72,,1542405,6,,,1,30,,1542406,6,,,1,71,,1542407,6,,,1,30,,1542408,6,,,1,70,,1542409,6,,,1,30,,1542411,6,,,1,70,,1542410,6,,,1,29,,1542412,6,,,1,99,,1542413,6,,,1,101,,1542414,6,,,1,100,,1542415,6,,,1,100,,1542385,6,,,1
1102,'20261012',544,,1542417,6,,,1,100,,1542418,6,,,1,100,,1542419,6,,,1,70,,1542420,6,,,1,30,,1542421,6,,,1,71,,1542422,6,,,1,30,,1542423,6,,,1,70,,1542424,6,,,1,30,,1542425,6,,,1,70,,1542426,6,,,1,30,,1542427,6,,,1,70,,1542428,6,,,1,28,,1542429,6,,,1,72,,1542430,6,,,1,28,,1542431,6,,,1,70,,1542432,6,,,1,29,,1542433,6,,,1,74,,1542434,6,,,1,27,,1542435,6,,,1,72,,1542436,6,,,1,30,,1542437,6,,,1,71,,1542438,6,,,1,30,,1542439,6,,,1,70,,1542440,6,,,1,30,,1542442,6,,,1,70,,1542441,6,,,1,29,,1542443,6,,,1,99,,1542444,6,,,1,101,,1542445,6,,,1,100,,1542446,6,,,1,100,,1542416,6,,,1
1102,'20261013',613,,1564782,6,,,1,16,,1564786,6,,,1,11,,1564791,6,,,1,8,,1564784,6,,,1,10,,1564780,6,,,1,52,,1564783,6,,,1,9,,1564778,6,,,1,11,,1564777,6,,,1,11,,1564779,6,,,1,17,,1564781,6,,,1,54,,1564792,6,,,1,15,,1564785,6,,,1,17,,1564787,6,,,1,71,,1564789,6,,,1,31,,1564788,6,,,1,69,,1564790,6,,,1,30,,1564812,6,,,1,70,,1564797,6,,,1,30,,1564809,6,,,1,71,,1564814,6,,,1,30,,1564796,6,,,1,70,,1564800,6,,,1,30,,1564810,6,,,1,69,,1564811,6,,,1,28,,1564803,6,,,1,14,,1564813,6,,,1,54,,1564806,6,,,1,15,,1564793,6,,,1,15,,1564815,6,,,1,16,,1564794,6,,,1,53,,1564798,6,,,1,17,,1564816,6,,,1,15,,1564795,6,,,1,71,,1564804,6,,,1,30,,1564808,6,,,1,71,,1564799,6,,,1,30,,1564818,6,,,1,69,,1564807,6,,,1,29,,1564801,6,,,1,100,,1564805,6,,,1,99,,1564817,6,,,1,100,,1564802,6,,,1,100,,1564819,6,,,1
1102,'20261014',613,,1564825,6,,,1,16,,1564829,6,,,1,11,,1564834,6,,,1,8,,1564827,6,,,1,10,,1564823,6,,,1,52,,1564826,6,,,1,9,,1564821,6,,,1,11,,1564820,6,,,1,11,,1564822,6,,,1,17,,1564824,6,,,1,54,,1564835,6,,,1,15,,1564828,6,,,1,17,,1564830,6,,,1,71,,1564832,6,,,1,31,,1564831,6,,,1,69,,1564833,6,,,1,30,,1564855,6,,,1,70,,1564840,6,,,1,30,,1564852,6,,,1,71,,1564857,6,,,1,30,,1564839,6,,,1,70,,1564843,6,,,1,30,,1564853,6,,,1,69,,1564854,6,,,1,28,,1564846,6,,,1,14,,1564856,6,,,1,54,,1564849,6,,,1,15,,1564836,6,,,1,15,,1564858,6,,,1,16,,1564837,6,,,1,53,,1564841,6,,,1,17,,1564859,6,,,1,15,,1564838,6,,,1,71,,1564847,6,,,1,30,,1564851,6,,,1,71,,1564842,6,,,1,30,,1564861,6,,,1,69,,1564850,6,,,1,29,,1564844,6,,,1,100,,1564848,6,,,1,99,,1564860,6,,,1,100,,1564845,6,,,1,100,,1564862,6,,,1
1102,'20261015',613,,1564868,6,,,1,16,,1564872,6,,,1,11,,1564877,6,,,1,8,,1564870,6,,,1,10,,1564866,6,,,1,52,,1564869,6,,,1,9,,1564864,6,,,1,11,,1564863,6,,,1,11,,1564865,6,,,1,17,,1564867,6,,,1,54,,1564878,6,,,1,15,,1564871,6,,,1,17,,1564873,6,,,1,71,,1564875,6,,,1,31,,1564874,6,,,1,69,,1564876,6,,,1,30,,1564898,6,,,1,70,,1564883,6,,,1,30,,1564895,6,,,1,71,,1564900,6,,,1,30,,1564882,6,,,1,70,,1564886,6,,,1,30,,1564896,6,,,1,69,,1564897,6,,,1,28,,1564889,6,,,1,14,,1564899,6,,,1,54,,1564892,6,,,1,15,,1564879,6,,,1,15,,1564901,6,,,1,16,,1564880,6,,,1,53,,1564884,6,,,1,17,,1564902,6,,,1,15,,1564881,6,,,1,71,,1564890,6,,,1,30,,1564894,6,,,1,71,,1564885,6,,,1,30,,1564904,6,,,1,69,,1564893,6,,,1,29,,1564887,6,,,1,100,,1564891,6,,,1,99,,1564903,6,,,1,100,,1564888,6,,,1,100,,1564905,6,,,1
1102,'20261016',613,,1564911,6,,,1,16,,1564915,6,,,1,11,,1564920,6,,,1,8,,1564913,6,,,1,10,,1564909,6,,,1,52,,1564912,6,,,1,9,,1564907,6,,,1,11,,1564906,6,,,1,11,,1564908,6,,,1,17,,1564910,6,,,1,54,,1564921,6,,,1,15,,1564914,6,,,1,17,,1564916,6,,,1,71,,1564918,6,,,1,31,,1564917,6,,,1,69,,1564919,6,,,1,30,,1564941,6,,,1,70,,1564926,6,,,1,30,,1564938,6,,,1,71,,1564943,6,,,1,30,,1564925,6,,,1,70,,1564929,6,,,1,30,,1564939,6,,,1,69,,1564940,6,,,1,28,,1564932,6,,,1,14,,1564942,6,,,1,54,,1564935,6,,,1,15,,1564922,6,,,1,15,,1564944,6,,,1,16,,1564923,6,,,1,53,,1564927,6,,,1,17,,1564945,6,,,1,15,,1564924,6,,,1,71,,1564933,6,,,1,30,,1564937,6,,,1,71,,1564928,6,,,1,30,,1564947,6,,,1,69,,1564936,6,,,1,29,,1564930,6,,,1,100,,1564934,6,,,1,99,,1564946,6,,,1,100,,1564931,6,,,1,100,,1564948,6,,,1
