7400,'20261006',633,,1606236,23,,,1,72,,1606237,23,,,1,32,,1606240,56,,,1,69,,1606238,23,,,1,30,,1606241,56,,,1,68,,1606239,23,,,1,30,,1606242,56,,,1,99,,1606243,56,,,1,101,,1606244,56,,,1,100,,1606245,56,,,1,100,,1606246,56,,,1,101,,1606247,56,,,1,101,,1606248,56,,,1,100,,1606249,56,,,1,99,,1606250,56,,,1,100,,1606251,56,,,1,98,,1606252,56,,,1,100,,1606253,56,,,1,100,,1606254,56,,,1,100,,1606255,56,,,1,100,,1606256,56,,,1
7400,'20261007',633,,1606257,23,,,1,72,,1606258,23,,,1,32,,1606261,56,,,1,69,,1606259,23,,,1,30,,1606262,56,,,1,68,,1606260,23,,,1,30,,1606263,56,,,1,99,,1606264,56,,,1,101,,1606265,56,,,1,100,,1606266,56,,,1,100,,1606267,56,,,1,101,,1606268,56,,,1,101,,1606269,56,,,1,100,,1606270,56,,,1,99,,1606271,56,,,1,100,,1606272,56,,,1,98,,1606273,56,,,1,100,,1606274,56,,,1,100,,1606275,56,,,1,100,,1606276,56,,,1,100,,1606277,56,,,1
7400,'20261008',633,,1606278,23,,,1,72,,1606279,23,,,1,32,,1606282,56,,,1,69,,1606280,23,,,1,30,,1606283,56,,,1,68,,1606281,23,,,1,30,,1606284,56,,,1,99,,1606285,56,,,1,101,,1606286,56,,,1,100,,1606287,56,,,1,100,,1606288,56,,,1,101,,1606289,56,,,1,101,,1606290,56,,,1,100,,1606291,56,,,1,99,,1606292,56,,,1,100,,1606293,56,,,1,98,,1606294,56,,,1,100,,1606295,56,,,1,100,,1606296,56,,,1,100,,1606297,56,,,1,100,,1606298,56,,,1
7400,'20261009',633,,1606299,23,,,1,72,,1606300,23,,,1,32,,1606303,56,,,1,69,,1606301,23,,,1,30,,1606304,56,,,1,68,,1606302,23,,,1,30,,1606305,56,,,1,99,,1606306,56,,,1,101,,1606307,56,,,1,100,,1606308,56,,,1,100,,1606309,56,,,1,101,,1606310,56,,,1,101,,1606311,56,,,1,100,,1606312,56,,,1,99,,1606313,56,,,1,100,,1606314,56,,,1,98,,1606315,56,,,1,100,,1606316,56,,,1,100,,1606317,56,,,1,100,,1606318,56,,,1,100,,1606319,56,,,1
7400,'20261010',832,,1549044,56,,,1,101,,1549058,56,,,1,100,,1549059,56,,,1,100,,1549045,56,,,1,100,,1549046,56,,,1,100,,1549047,56,,,1,100,,1549048,56,,,1,101,,1549049,56,,,1,100,,1549050,56,,,1,100,,1549051,56,,,1,100,,1549052,56,,,1,99,,1549053,56,,,1,99,,1549054,56,,,1,100,,1549055,56,,,1,100,,1549056,56,,,1,100,,1549057,56,,,1,169,,1549060,56,,,1
7400,'20261011',832,,1549061,56,,,1,101,,1549075,56,,,1,100,,1549062,56,,,1,100,,1549076,56,,,1,100,,1549069,56,,,1,100,,1549070,56,,,1,100,,1549071,56,,,1,101,,1549072,56,,,1,100,,1549073,56,,,1,100,,1549074,56,,,1,100,,1549063,56,,,1,99,,1549067,56,,,1,99,,1549068,56,,,1,100,,1549064,56,,,1,100,,1549065,56,,,1,100,,1549066,56,,,1,169,,1549077,56,,,1
7400,'20261012',832,,1549078,56,,,1,101,,1549092,56,,,1,100,,1549079,56,,,1,100,,1549093,56,,,1,100,,1549086,56,,,1,100,,1549087,56,,,1,100,,1549088,56,,,1,101,,1549089,56,,,1,100,,1549090,56,,,1,100,,1549091,56,,,1,100,,1549080,56,,,1,99,,1549084,56,,,1,99,,1549085,56,,,1,100,,1549081,56,,,1,100,,1549082,56,,,1,100,,1549083,56,,,1,169,,1549094,56,,,1
7400,'20261013',633,,1574608,23,,,1,72,,1574609,23,,,1,32,,1574602,56,,,1,69,,1574607,23,,,1,30,,1574589,56,,,1,68,,1574606,23,,,1,30,,1574590,56,,,1,99,,1574591,56,,,1,101,,1574592,56,,,1,100,,1574593,56,,,1,100,,1574594,56,,,1,101,,1574595,56,,,1,101,,1574596,56,,,1,100,,1574597,56,,,1,99,,1574598,56,,,1,100,,1574599,56,,,1,98,,1574603,56,,,1,100,,1574604,56,,,1,100,,1574600,56,,,1,100,,1574605,56,,,1,100,,1574601,56,,,1
7400,'20261014',633,,1574629,23,,,1,72,,1574630,23,,,1,32,,1574623,56,,,1,69,,1574628,23,,,1,30,,1574610,56,,,1,68,,1574627,23,,,1,30,,1574611,56,,,1,99,,1574612,56,,,1,101,,1574613,56,,,1,100,,1574614,56,,,1,100,,1574615,56,,,1,101,,1574616,56,,,1,101,,1574617,56,,,1,100,,1574618,56,,,1,99,,1574619,56,,,1,100,,1574620,56,,,1,98,,1574624,56,,,1,100,,1574625,56,,,1,100,,1574621,56,,,1,100,,1574626,56,,,1,100,,1574622,56,,,1
7400,'20261015',633,,1574650,23,,,1,72,,1574651,23,,,1,32,,1574644,56,,,1,69,,1574649,23,,,1,30,,1574631,56,,,1,68,,1574648,23,,,1,30,,1574632,56,,,1,99,,1574633,56,,,1,101,,1574634,56,,,1,100,,1574635,56,,,1,100,,1574636,56,,,1,101,,1574637,56,,,1,101,,1574638,56,,,1,100,,1574639,56,,,1,99,,1574640,56,,,1,100,,1574641,56,,,1,98,,1574645,56,,,1,100,,1574646,56,,,1,100,,1574642,56,,,1,100,,1574647,56,,,1,100,,1574643,56,,,1
7400,'20261016',633,,1574671,23,,,1,72,,1574672,23,,,1,32,,1574665,56,,,1,69,,1574670,23,,,1,30,,1574652,56,,,1,68,,1574669,23,,,1,30,,1574653,56,,,1,99,,1574654,56,,,1,101,,1574655,56,,,1,100,,1574656,56,,,1,100,,1574657,56,,,1,101,,1574658,56,,,1,101,,1574659,56,,,1,100,,1574660,56,,,1,99,,1574661,56,,,1,100,,1574662,56,,,1,98,,1574666,56,,,1,100,,1574667,56,,,1,100,,1574663,56,,,1,100,,1574668,56,,,1,100,,1574664,56,,,1
7400,'20261017',832,,1606320,56,,,1,101,,1606334,56,,,1,100,,1606335,56,,,1,100,,1606321,56,,,1,100,,1606322,56,,,1,100,,1606323,56,,,1,100,,1606324,56,,,1,101,,1606325,56,,,1,100,,1606326,56,,,1,100,,1606327,56,,,1,100,,1606328,56,,,1,99,,1606329,56,,,1,99,,1606330,56,,,1,100,,1606331,56,,,1,100,,1606332,56,,,1,100,,1606333,56,,,1,169,,1606336,56,,,1
7400,'20261018',832,,1606337,56,,,1,101,,1606351,56,,,1,100,,1606338,56,,,1,100,,1606352,56,,,1,100,,1606345,56,,,1,100,,1606346,56,,,1,100,,1606347,56,,,1,101,,1606348,56,,,1,100,,1606349,56,,,1,100,,1606350,56,,,1,100,,1606339,56,,,1,99,,1606343,56,,,1,99,,1606344,56,,,1,100,,1606340,56,,,1,100,,1606341,56,,,1,100,,1606342,56,,,1,169,,1606353,56,,,1
7400,'20261019',633,,1606373,23,,,1,72,,1606374,23,,,1,32,,1606367,56,,,1,69,,1606372,23,,,1,30,,1606354,56,,,1,68,,1606371,23,,,1,30,,1606355,56,,,1,99,,1606356,56,,,1,101,,1606357,56,,,1,100,,1606358,56,,,1,100,,1606359,56,,,1,101,,1606360,56,,,1,101,,1606361,56,,,1,100,,1606362,56,,,1,99,,1606363,56,,,1,100,,1606364,56,,,1,98,,1606368,56,,,1,100,,1606369,56,,,1,100,,1606365,56,,,1,100,,1606370,56,,,1,100,,1606366,56,,,1
7400,'20261020',633,,1606394,23,,,1,72,,1606395,23,,,1,32,,1606388,56,,,1,69,,1606393,23,,,1,30,,1606375,56,,,1,68,,1606392,23,,,1,30,,1606376,56,,,1,99,,1606377,56,,,1,101,,1606378,56,,,1,100,,1606379,56,,,1,100,,1606380,56,,,1,101,,1606381,56,,,1,101,,1606382,56,,,1,100,,1606383,56,,,1,99,,1606384,56,,,1,100,,1606385,56,,,1,98,,1606389,56,,,1,100,,1606390,56,,,1,100,,1606386,56,,,1,100,,1606391,56,,,1,100,,1606387,56,,,1
7401,'20261006',601,,1606398,26,,,1,58,,1606399,26,,,1,99,,1606400,26,,,1,143,,1606401,26,,,1,100,,1606402,26,,,1,100,,1606403,26,,,1,100,,1606404,26,,,1,100,,1606405,26,,,1,100,,1606406,26,,,1,99,,1606407,26,,,1,58,,1606408,26,,,1,100,,1606409,26,,,1,101,,1606410,26,,,1,143,,1606411,26,,,1,100,,1606412,26,,,1,100,,1606413,26,,,1,100,,1606414,26,,,1,130,,1606415,26,,,1
7401,'20261007',601,,1606418,26,,,1,58,,1606419,26,,,1,99,,1606420,26,,,1,143,,1606421,26,,,1,100,,1606422,26,,,1,100,,1606423,26,,,1,100,,1606424,26,,,1,100,,1606425,26,,,1,100,,1606426,26,,,1,99,,1606427,26,,,1,58,,1606428,26,,,1,100,,1606429,26,,,1,101,,1606430,26,,,1,143,,1606431,26,,,1,100,,1606432,26,,,1,100,,1606433,26,,,1,100,,1606434,26,,,1,130,,1606435,26,,,1
7401,'20261008',601,,1606438,26,,,1,58,,1606439,26,,,1,99,,1606440,26,,,1,143,,1606441,26,,,1,100,,1606442,26,,,1,100,,1606443,26,,,1,100,,1606444,26,,,1,100,,1606445,26,,,1,100,,1606446,26,,,1,99,,1606447,26,,,1,58,,1606448,26,,,1,100,,1606449,26,,,1,101,,1606450,26,,,1,143,,1606451,26,,,1,100,,1606452,26,,,1,100,,1606453,26,,,1,100,,1606454,26,,,1,130,,1606455,26,,,1
7401,'20261009',601,,1606458,26,,,1,58,,1606459,26,,,1,99,,1606460,26,,,1,143,,1606461,26,,,1,100,,1606462,26,,,1,100,,1606463,26,,,1,100,,1606464,26,,,1,100,,1606465,26,,,1,100,,1606466,26,,,1,99,,1606467,26,,,1,58,,1606468,26,,,1,100,,1606469,26,,,1,101,,1606470,26,,,1,143,,1606471,26,,,1,100,,1606472,26,,,1,100,,1606473,26,,,1,100,,1606474,26,,,1,130,,1606475,26,,,1
7401,'20261010',702,,1549169,26,,,1,100,,1549155,26,,,1,100,,1549156,26,,,1,100,,1549170,26,,,1,99,,1549163,26,,,1,101,,1549164,26,,,1,100,,1549165,26,,,1,100,,1549166,26,,,1,100,,1549167,26,,,1,98,,1549168,26,,,1,100,,1549157,26,,,1,102,,1549161,26,,,1,100,,1549162,26,,,1,100,,1549158,26,,,1,99,,1549159,26,,,1,103,,1549160,26,,,1,130,,1549171,26,,,1
7401,'20261011',702,,1549172,26,,,1,100,,1549187,26,,,1,100,,1549173,26,,,1,100,,1549188,26,,,1,99,,1549175,26,,,1,101,,1549176,26,,,1,100,,1549177,26,,,1,100,,1549178,26,,,1,100,,1549179,26,,,1,98,,1549180,26,,,1,100,,1549181,26,,,1,102,,1549182,26,,,1,100,,1549183,26,,,1,100,,1549184,26,,,1,99,,1549185,26,,,1,103,,1549186,26,,,1,130,,1549174,26,,,1
7401,'20261012',702,,1549189,26,,,1,100,,1549204,26,,,1,100,,1549190,26,,,1,100,,1549205,26,,,1,99,,1549192,26,,,1,101,,1549193,26,,,1,100,,1549194,26,,,1,100,,1549195,26,,,1,100,,1549196,26,,,1,98,,1549197,26,,,1,100,,1549198,26,,,1,102,,1549199,26,,,1,100,,1549200,26,,,1,100,,1549201,26,,,1,99,,1549202,26,,,1,103,,1549203,26,,,1,130,,1549191,26,,,1
7401,'20261013',601,,1574747,26,,,1,58,,1574748,26,,,1,99,,1574749,26,,,1,143,,1574750,26,,,1,100,,1574751,26,,,1,100,,1574752,26,,,1,100,,1574753,26,,,1,100,,1574754,26,,,1,100,,1574755,26,,,1,99,,1574756,26,,,1,58,,1574762,26,,,1,100,,1574757,26,,,1,101,,1574758,26,,,1,143,,1574764,26,,,1,100,,1574759,26,,,1,100,,1574763,26,,,1,100,,1574760,26,,,1,130,,1574761,26,,,1
7401,'20261014',601,,1574767,26,,,1,58,,1574768,26,,,1,99,,1574769,26,,,1,143,,1574770,26,,,1,100,,1574771,26,,,1,100,,1574772,26,,,1,100,,1574773,26,,,1,100,,1574774,26,,,1,100,,1574775,26,,,1,99,,1574776,26,,,1,58,,1574782,26,,,1,100,,1574777,26,,,1,101,,1574778,26,,,1,143,,1574784,26,,,1,100,,1574779,26,,,1,100,,1574783,26,,,1,100,,1574780,26,,,1,130,,1574781,26,,,1
7401,'20261015',601,,1574787,26,,,1,58,,1574788,26,,,1,99,,1574789,26,,,1,143,,1574790,26,,,1,100,,1574791,26,,,1,100,,1574792,26,,,1,100,,1574793,26,,,1,100,,1574794,26,,,1,100,,1574795,26,,,1,99,,1574796,26,,,1,58,,1574802,26,,,1,100,,1574797,26,,,1,101,,1574798,26,,,1,143,,1574804,26,,,1,100,,1574799,26,,,1,100,,1574803,26,,,1,100,,1574800,26,,,1,130,,1574801,26,,,1
7401,'20261016',601,,1574807,26,,,1,58,,1574808,26,,,1,99,,1574809,26,,,1,143,,1574810,26,,,1,100,,1574811,26,,,1,100,,1574812,26,,,1,100,,1574813,26,,,1,100,,1574814,26,,,1,100,,1574815,26,,,1,99,,1574816,26,,,1,58,,1574822,26,,,1,100,,1574817,26,,,1,101,,1574818,26,,,1,143,,1574824,26,,,1,100,,1574819,26,,,1,100,,1574823,26,,,1,100,,1574820,26,,,1,130,,1574821,26,,,1
7401,'20261017',702,,1606490,26,,,1,100,,1606476,26,,,1,100,,1606477,26,,,1,100,,1606491,26,,,1,99,,1606484,26,,,1,101,,1606485,26,,,1,100,,1606486,26,,,1,100,,1606487,26,,,1,100,,1606488,26,,,1,98,,1606489,26,,,1,100,,1606478,26,,,1,102,,1606482,26,,,1,100,,1606483,26,,,1,100,,1606479,26,,,1,99,,1606480,26,,,1,103,,1606481,26,,,1,130,,1606492,26,,,1
7401,'20261018',702,,1606493,26,,,1,100,,1606508,26,,,1,100,,1606494,26,,,1,100,,1606509,26,,,1,99,,1606496,26,,,1,101,,1606497,26,,,1,100,,1606498,26,,,1,100,,1606499,26,,,1,100,,1606500,26,,,1,98,,1606501,26,,,1,100,,1606502,26,,,1,102,,1606503,26,,,1,100,,1606504,26,,,1,100,,1606505,26,,,1,99,,1606506,26,,,1,103,,1606507,26,,,1,130,,1606495,26,,,1
7401,'20261019',601,,1606510,26,,,1,58,,1606511,26,,,1,99,,1606512,26,,,1,143,,1606513,26,,,1,100,,1606514,26,,,1,100,,1606515,26,,,1,100,,1606516,26,,,1,100,,1606517,26,,,1,100,,1606518,26,,,1,99,,1606519,26,,,1,58,,1606525,26,,,1,100,,1606520,26,,,1,101,,1606521,26,,,1,143,,1606527,26,,,1,100,,1606522,26,,,1,100,,1606526,26,,,1,100,,1606523,26,,,1,130,,1606524,26,,,1
7401,'20261020',601,,1606530,26,,,1,58,,1606531,26,,,1,99,,1606532,26,,,1,143,,1606533,26,,,1,100,,1606534,26,,,1,100,,1606535,26,,,1,100,,1606536,26,,,1,100,,1606537,26,,,1,100,,1606538,26,,,1,99,,1606539,26,,,1,58,,1606545,26,,,1,100,,1606540,26,,,1,101,,1606541,26,,,1,143,,1606547,26,,,1,100,,1606542,26,,,1,100,,1606546,26,,,1,100,,1606543,26,,,1,130,,1606544,26,,,1
7900,'20261006',611,,1606964,36,,,0,101,,1606965,36,,,0,31,,1606966,36,,,0,71,,1606967,36,,,0,98,,1606968,36,,,0,100,,1606969,36,,,0,100,,1606970,36,,,0,100,,1606971,36,,,0,101,,1606958,60,,,0,99,,1606972,36,,,0,101,,1606973,36,,,0,101,,1606974,36,,,0,33,,1606959,60,,,0,69,,1606960,60,,,0,27,,1606961,60,,,0,70,,1606962,60,,,0,30,,1606963,60,,,0,69,,1606975,36,,,0,100,,1606976,36,,,0,100,,1606977,36,,,0,99,,1606978,36,,,0,100,,1606979,36,,,0
7900,'20261007',611,,1606986,36,,,0,101,,1606987,36,,,0,31,,1606988,36,,,0,71,,1606989,36,,,0,98,,1606990,36,,,0,100,,1606991,36,,,0,100,,1606992,36,,,0,100,,1606993,36,,,0,101,,1606980,60,,,0,99,,1606994,36,,,0,101,,1606995,36,,,0,101,,1606996,36,,,0,33,,1606981,60,,,0,69,,1606982,60,,,0,27,,1606983,60,,,0,70,,1606984,60,,,0,30,,1606985,60,,,0,69,,1606997,36,,,0,100,,1606998,36,,,0,100,,1606999,36,,,0,99,,1607000,36,,,0,100,,1607001,36,,,0
7900,'20261008',611,,1607008,36,,,0,101,,1607009,36,,,0,31,,1607010,36,,,0,71,,1607011,36,,,0,98,,1607012,36,,,0,100,,1607013,36,,,0,100,,1607014,36,,,0,100,,1607015,36,,,0,101,,1607002,60,,,0,99,,1607016,36,,,0,101,,1607017,36,,,0,101,,1607018,36,,,0,33,,1607003,60,,,0,69,,1607004,60,,,0,27,,1607005,60,,,0,70,,1607006,60,,,0,30,,1607007,60,,,0,69,,1607019,36,,,0,100,,1607020,36,,,0,100,,1607021,36,,,0,99,,1607022,36,,,0,100,,1607023,36,,,0
7900,'20261009',611,,1607030,36,,,0,101,,1607031,36,,,0,31,,1607032,36,,,0,71,,1607033,36,,,0,98,,1607034,36,,,0,100,,1607035,36,,,0,100,,1607036,36,,,0,100,,1607037,36,,,0,101,,1607024,60,,,0,99,,1607038,36,,,0,101,,1607039,36,,,0,101,,1607040,36,,,0,33,,1607025,60,,,0,69,,1607026,60,,,0,27,,1607027,60,,,0,70,,1607028,60,,,0,30,,1607029,60,,,0,69,,1607041,36,,,0,100,,1607042,36,,,0,100,,1607043,36,,,0,99,,1607044,36,,,0,100,,1607045,36,,,0
7900,'20261010',741,,1549594,36,,,0,70,,1549585,36,,,0,100,,1549586,36,,,0,100,,1549587,36,,,0,100,,1549583,36,,,0,100,,1549589,36,,,0,100,,1549578,36,,,0,101,,1549590,36,,,0,100,,1549584,36,,,0,100,,1549592,36,,,0,100,,1549579,36,,,0,100,,1549580,36,,,0,99,,1549593,36,,,0,100,,1549591,36,,,0,100,,1549581,36,,,0,100,,1549588,36,,,0,100,,1549582,36,,,0
7900,'20261011',741,,1549611,36,,,0,70,,1549602,36,,,0,100,,1549603,36,,,0,100,,1549604,36,,,0,100,,1549599,36,,,0,100,,1549605,36,,,0,100,,1549595,36,,,0,101,,1549606,36,,,0,100,,1549600,36,,,0,100,,1549607,36,,,0,100,,1549596,36,,,0,100,,1549597,36,,,0,99,,1549608,36,,,0,100,,1549609,36,,,0,100,,1549601,36,,,0,100,,1549610,36,,,0,100,,1549598,36,,,0
7900,'20261012',741,,1549628,36,,,0,70,,1549619,36,,,0,100,,1549620,36,,,0,100,,1549621,36,,,0,100,,1549616,36,,,0,100,,1549622,36,,,0,100,,1549612,36,,,0,101,,1549623,36,,,0,100,,1549617,36,,,0,100,,1549624,36,,,0,100,,1549613,36,,,0,100,,1549614,36,,,0,99,,1549625,36,,,0,100,,1549626,36,,,0,100,,1549618,36,,,0,100,,1549627,36,,,0,100,,1549615,36,,,0
7900,'20261013',611,,1575333,36,,,0,101,,1575331,36,,,0,31,,1575334,36,,,0,71,,1575329,36,,,0,98,,1575332,36,,,0,100,,1575330,36,,,0,100,,1575313,36,,,0,100,,1575314,36,,,0,101,,1575315,60,,,0,99,,1575316,36,,,0,101,,1575317,36,,,0,101,,1575318,36,,,0,33,,1575319,60,,,0,69,,1575320,60,,,0,27,,1575321,60,,,0,70,,1575322,60,,,0,30,,1575323,60,,,0,69,,1575324,36,,,0,100,,1575325,36,,,0,100,,1575326,36,,,0,99,,1575327,36,,,0,100,,1575328,36,,,0
7900,'20261014',611,,1575355,36,,,0,101,,1575353,36,,,0,31,,1575356,36,,,0,71,,1575351,36,,,0,98,,1575354,36,,,0,100,,1575352,36,,,0,100,,1575335,36,,,0,100,,1575336,36,,,0,101,,1575337,60,,,0,99,,1575338,36,,,0,101,,1575339,36,,,0,101,,1575340,36,,,0,33,,1575341,60,,,0,69,,1575342,60,,,0,27,,1575343,60,,,0,70,,1575344,60,,,0,30,,1575345,60,,,0,69,,1575346,36,,,0,100,,1575347,36,,,0,100,,1575348,36,,,0,99,,1575349,36,,,0,100,,1575350,36,,,0
7900,'20261015',611,,1575377,36,,,0,101,,1575375,36,,,0,31,,1575378,36,,,0,71,,1575373,36,,,0,98,,1575376,36,,,0,100,,1575374,36,,,0,100,,1575357,36,,,0,100,,1575358,36,,,0,101,,1575359,60,,,0,99,,1575360,36,,,0,101,,1575361,36,,,0,101,,1575362,36,,,0,33,,1575363,60,,,0,69,,1575364,60,,,0,27,,1575365,60,,,0,70,,1575366,60,,,0,30,,1575367,60,,,0,69,,1575368,36,,,0,100,,1575369,36,,,0,100,,1575370,36,,,0,99,,1575371,36,,,0,100,,1575372,36,,,0
7900,'20261016',611,,1575399,36,,,0,101,,1575397,36,,,0,31,,1575400,36,,,0,71,,1575395,36,,,0,98,,1575398,36,,,0,100,,1575396,36,,,0,100,,1575379,36,,,0,100,,1575380,36,,,0,101,,1575381,60,,,0,99,,1575382,36,,,0,101,,1575383,36,,,0,101,,1575384,36,,,0,33,,1575385,60,,,0,69,,1575386,60,,,0,27,,1575387,60,,,0,70,,1575388,60,,,0,30,,1575389,60,,,0,69,,1575390,36,,,0,100,,1575391,36,,,0,100,,1575392,36,,,0,99,,1575393,36,,,0,100,,1575394,36,,,0
7900,'20261017',741,,1607062,36,,,0,70,,1607053,36,,,0,100,,1607054,36,,,0,100,,1607055,36,,,0,100,,1607051,36,,,0,100,,1607057,36,,,0,100,,1607046,36,,,0,101,,1607058,36,,,0,100,,1607052,36,,,0,100,,1607060,36,,,0,100,,1607047,36,,,0,100,,1607048,36,,,0,99,,1607061,36,,,0,100,,1607059,36,,,0,100,,1607049,36,,,0,100,,1607056,36,,,0,100,,1607050,36,,,0
7900,'20261018',741,,1607079,36,,,0,70,,1607070,36,,,0,100,,1607071,36,,,0,100,,1607072,36,,,0,100,,1607067,36,,,0,100,,1607073,36,,,0,100,,1607063,36,,,0,101,,1607074,36,,,0,100,,1607068,36,,,0,100,,1607075,36,,,0,100,,1607064,36,,,0,100,,1607065,36,,,0,99,,1607076,36,,,0,100,,1607077,36,,,0,100,,1607069,36,,,0,100,,1607078,36,,,0,100,,1607066,36,,,0
7900,'20261019',611,,1607100,36,,,0,101,,1607098,36,,,0,31,,1607101,36,,,0,71,,1607096,36,,,0,98,,1607099,36,,,0,100,,1607097,36,,,0,100,,1607080,36,,,0,100,,1607081,36,,,0,101,,1607082,60,,,0,99,,1607083,36,,,0,101,,1607084,36,,,0,101,,1607085,36,,,0,33,,1607086,60,,,0,69,,1607087,60,,,0,27,,1607088,60,,,0,70,,1607089,60,,,0,30,,1607090,60,,,0,69,,1607091,36,,,0,100,,1607092,36,,,0,100,,1607093,36,,,0,99,,1607094,36,,,0,100,,1607095,36,,,0
7900,'20261020',611,,1607122,36,,,0,101,,1607120,36,,,0,31,,1607123,36,,,0,71,,1607118,36,,,0,98,,1607121,36,,,0,100,,1607119,36,,,0,100,,1607102,36,,,0,100,,1607103,36,,,0,101,,1607104,60,,,0,99,,1607105,36,,,0,101,,1607106,36,,,0,101,,1607107,36,,,0,33,,1607108,60,,,0,69,,1607109,60,,,0,27,,1607110,60,,,0,70,,1607111,60,,,0,30,,1607112,60,,,0,69,,1607113,36,,,0,100,,1607114,36,,,0,100,,1607115,36,,,0,99,,1607116,36,,,0,100,,1607117,36,,,0
