8201,'20260929',542,,1550559,47,,,0,72,,1550560,47,,,0,28,,1550561,47,,,0,69,,1550562,47,,,0,34,,1550563,47,,,0,77,,1550564,47,,,0,36,,1550565,47,,,0,100,,1550566,47,,,0,101,,1550575,32,,,0,94,,1550567,47,,,0,99,,1550576,32,,,0,97,,1550568,47,,,0,95,,1550577,32,,,0,107,,1550569,47,,,0,100,,1550578,32,,,0,95,,1550570,47,,,0,93,,1550571,47,,,0,68,,1550572,47,,,0,100,,1550573,47,,,0,130,,1550579,32,,,0,172,,1550574,47,,,0
8201,'20260930',542,,1550580,47,,,0,72,,1550581,47,,,0,28,,1550582,47,,,0,69,,1550583,47,,,0,34,,1550584,47,,,0,77,,1550585,47,,,0,36,,1550586,47,,,0,100,,1550587,47,,,0,101,,1550596,32,,,0,94,,1550588,47,,,0,99,,1550597,32,,,0,97,,1550589,47,,,0,95,,1550598,32,,,0,107,,1550590,47,,,0,100,,1550599,32,,,0,95,,1550591,47,,,0,93,,1550592,47,,,0,68,,1550593,47,,,0,100,,1550594,47,,,0,130,,1550600,32,,,0,172,,1550595,47,,,0
8201,'20261001',542,,1550601,47,,,0,72,,1550602,47,,,0,28,,1550603,47,,,0,69,,1550604,47,,,0,34,,1550605,47,,,0,77,,1550606,47,,,0,36,,1550607,47,,,0,100,,1550608,47,,,0,101,,1550617,32,,,0,94,,1550609,47,,,0,99,,1550618,32,,,0,97,,1550610,47,,,0,95,,1550619,32,,,0,107,,1550611,47,,,0,100,,1550620,32,,,0,95,,1550612,47,,,0,93,,1550613,47,,,0,68,,1550614,47,,,0,100,,1550615,47,,,0,130,,1550621,32,,,0,172,,1550616,47,,,0
8201,'20261002',542,,1473468,47,,,0,72,,1473469,47,,,0,28,,1473470,47,,,0,69,,1473471,47,,,0,34,,1473485,47,,,0,77,,1473482,47,,,0,36,,1473487,47,,,0,100,,1473472,47,,,0,101,,1473477,32,,,0,94,,1473473,47,,,0,99,,1473478,32,,,0,97,,1473484,47,,,0,95,,1473479,32,,,0,107,,1473483,47,,,0,100,,1473480,32,,,0,95,,1473474,47,,,0,93,,1473475,47,,,0,68,,1473486,47,,,0,100,,1473488,47,,,0,130,,1473481,32,,,0,172,,1473476,47,,,0
8201,'20261003',638,,1496485,47,,,0,98,,1496479,32,,,0,100,,1496480,47,,,0,100,,1496473,32,,,0,100,,1496483,47,,,0,100,,1496474,32,,,0,100,,1496470,47,,,0,100,,1496475,32,,,0,100,,1496481,47,,,0,100,,1496476,32,,,0,100,,1496482,47,,,0,102,,1496477,32,,,0,101,,1496484,47,,,0,100,,1496471,32,,,0,100,,1496478,47,,,0,170,,1496486,32,,,0,130,,1496472,47,,,0
8201,'20261004',638,,1496503,47,,,0,98,,1496502,32,,,0,100,,1496498,47,,,0,100,,1496500,32,,,0,100,,1496499,47,,,0,100,,1496501,32,,,0,100,,1496492,47,,,0,100,,1496487,32,,,0,100,,1496496,47,,,0,100,,1496488,32,,,0,100,,1496495,47,,,0,102,,1496489,32,,,0,101,,1496497,47,,,0,100,,1496493,32,,,0,100,,1496491,47,,,0,170,,1496490,32,,,0,130,,1496494,47,,,0
8201,'20261005',542,,1496504,47,,,0,72,,1496505,47,,,0,28,,1496506,47,,,0,69,,1496507,47,,,0,34,,1496521,47,,,0,77,,1496518,47,,,0,36,,1496523,47,,,0,100,,1496508,47,,,0,101,,1496513,32,,,0,94,,1496509,47,,,0,99,,1496514,32,,,0,97,,1496520,47,,,0,95,,1496515,32,,,0,107,,1496519,47,,,0,100,,1496516,32,,,0,95,,1496510,47,,,0,93,,1496511,47,,,0,68,,1496522,47,,,0,100,,1496524,47,,,0,130,,1496517,32,,,0,172,,1496512,47,,,0
8201,'20261006',542,,1523482,47,,,0,72,,1523483,47,,,0,28,,1523484,47,,,0,69,,1523485,47,,,0,34,,1523499,47,,,0,77,,1523496,47,,,0,36,,1523501,47,,,0,100,,1523486,47,,,0,101,,1523491,32,,,0,94,,1523487,47,,,0,99,,1523492,32,,,0,97,,1523498,47,,,0,95,,1523493,32,,,0,107,,1523497,47,,,0,100,,1523494,32,,,0,95,,1523488,47,,,0,93,,1523489,47,,,0,68,,1523500,47,,,0,100,,1523502,47,,,0,130,,1523495,32,,,0,172,,1523490,47,,,0
8201,'20261007',542,,1523503,47,,,0,72,,1523504,47,,,0,28,,1523505,47,,,0,69,,1523506,47,,,0,34,,1523520,47,,,0,77,,1523517,47,,,0,36,,1523522,47,,,0,100,,1523507,47,,,0,101,,1523512,32,,,0,94,,1523508,47,,,0,99,,1523513,32,,,0,97,,1523519,47,,,0,95,,1523514,32,,,0,107,,1523518,47,,,0,100,,1523515,32,,,0,95,,1523509,47,,,0,93,,1523510,47,,,0,68,,1523521,47,,,0,100,,1523523,47,,,0,130,,1523516,32,,,0,172,,1523511,47,,,0
8201,'20261008',542,,1523524,47,,,0,72,,1523525,47,,,0,28,,1523526,47,,,0,69,,1523527,47,,,0,34,,1523541,47,,,0,77,,1523538,47,,,0,36,,1523543,47,,,0,100,,1523528,47,,,0,101,,1523533,32,,,0,94,,1523529,47,,,0,99,,1523534,32,,,0,97,,1523540,47,,,0,95,,1523535,32,,,0,107,,1523539,47,,,0,100,,1523536,32,,,0,95,,1523530,47,,,0,93,,1523531,47,,,0,68,,1523542,47,,,0,100,,1523544,47,,,0,130,,1523537,32,,,0,172,,1523532,47,,,0
8201,'20261009',542,,1523545,47,,,0,72,,1523546,47,,,0,28,,1523547,47,,,0,69,,1523548,47,,,0,34,,1523562,47,,,0,77,,1523559,47,,,0,36,,1523564,47,,,0,100,,1523549,47,,,0,101,,1523554,32,,,0,94,,1523550,47,,,0,99,,1523555,32,,,0,97,,1523561,47,,,0,95,,1523556,32,,,0,107,,1523560,47,,,0,100,,1523557,32,,,0,95,,1523551,47,,,0,93,,1523552,47,,,0,68,,1523563,47,,,0,100,,1523565,47,,,0,130,,1523558,32,,,0,172,,1523553,47,,,0
8201,'20261010',638,,1550637,47,,,0,98,,1550631,32,,,0,100,,1550632,47,,,0,100,,1550625,32,,,0,100,,1550635,47,,,0,100,,1550626,32,,,0,100,,1550622,47,,,0,100,,1550627,32,,,0,100,,1550633,47,,,0,100,,1550628,32,,,0,100,,1550634,47,,,0,102,,1550629,32,,,0,101,,1550636,47,,,0,100,,1550623,32,,,0,100,,1550630,47,,,0,170,,1550638,32,,,0,130,,1550624,47,,,0
8201,'20261011',638,,1550655,47,,,0,98,,1550654,32,,,0,100,,1550650,47,,,0,100,,1550652,32,,,0,100,,1550651,47,,,0,100,,1550653,32,,,0,100,,1550644,47,,,0,100,,1550639,32,,,0,100,,1550648,47,,,0,100,,1550640,32,,,0,100,,1550647,47,,,0,102,,1550641,32,,,0,101,,1550649,47,,,0,100,,1550645,32,,,0,100,,1550643,47,,,0,170,,1550642,32,,,0,130,,1550646,47,,,0
8201,'20261012',638,,1550672,47,,,0,98,,1550671,32,,,0,100,,1550667,47,,,0,100,,1550669,32,,,0,100,,1550668,47,,,0,100,,1550670,32,,,0,100,,1550661,47,,,0,100,,1550656,32,,,0,100,,1550665,47,,,0,100,,1550657,32,,,0,100,,1550664,47,,,0,102,,1550658,32,,,0,101,,1550666,47,,,0,100,,1550662,32,,,0,100,,1550660,47,,,0,170,,1550659,32,,,0,130,,1550663,47,,,0
28901,'20260929',640,,1553309,14,,,0,63,,1553310,14,,,0,17,,1553311,14,,,0,17,,1553312,14,,,0,74,,1553313,14,,,0
28901,'20260930',640,,1553314,14,,,0,63,,1553315,14,,,0,17,,1553316,14,,,0,17,,1553317,14,,,0,74,,1553318,14,,,0
28901,'20261001',640,,1553319,14,,,0,63,,1553320,14,,,0,17,,1553321,14,,,0,17,,1553322,14,,,0,74,,1553323,14,,,0
28901,'20261002',640,,1476484,14,,,0,63,,1476483,14,,,0,17,,1476485,14,,,0,17,,1476487,14,,,0,74,,1476486,14,,,0
28901,'20261005',640,,1499521,14,,,0,63,,1499520,14,,,0,17,,1499522,14,,,0,17,,1499524,14,,,0,74,,1499523,14,,,0
28901,'20261006',640,,1527782,14,,,0,63,,1527781,14,,,0,17,,1527783,14,,,0,17,,1527785,14,,,0,74,,1527784,14,,,0
28901,'20261007',640,,1527787,14,,,0,63,,1527786,14,,,0,17,,1527788,14,,,0,17,,1527790,14,,,0,74,,1527789,14,,,0
28901,'20261008',640,,1527792,14,,,0,63,,1527791,14,,,0,17,,1527793,14,,,0,17,,1527795,14,,,0,74,,1527794,14,,,0
28901,'20261009',640,,1527797,14,,,0,63,,1527796,14,,,0,17,,1527798,14,,,0,17,,1527800,14,,,0,74,,1527799,14,,,0
38201,'20260929',619,,1553796,14,,,0,12,,1553797,14,,,0,13,,1553798,14,,,0,10,,1553799,14,,,0,67,,1553800,14,,,0,136,,1553795,14,,,0,2,,1553801,14,,,0,200,,1553802,14,,,0
38201,'20260930',619,,1553804,14,,,0,12,,1553805,14,,,0,13,,1553806,14,,,0,10,,1553807,14,,,0,67,,1553808,14,,,0,136,,1553803,14,,,0,2,,1553809,14,,,0,200,,1553810,14,,,0
38201,'20261001',619,,1553812,14,,,0,12,,1553813,14,,,0,13,,1553814,14,,,0,10,,1553815,14,,,0,67,,1553816,14,,,0,136,,1553811,14,,,0,2,,1553817,14,,,0,200,,1553818,14,,,0
38201,'20261002',619,,1477130,14,,,0,12,,1477134,14,,,0,13,,1477133,14,,,0,10,,1477131,14,,,0,67,,1477135,14,,,0,138,,1477132,14,,,0,200,,1477129,14,,,0
38201,'20261005',619,,1500175,14,,,0,12,,1500179,14,,,0,13,,1500178,14,,,0,10,,1500176,14,,,0,67,,1500180,14,,,0,138,,1500177,14,,,0,200,,1500174,14,,,0
38201,'20261006',619,,1528748,14,,,0,12,,1528752,14,,,0,13,,1528751,14,,,0,10,,1528749,14,,,0,67,,1528753,14,,,0,138,,1528750,14,,,0,200,,1528747,14,,,0
38201,'20261007',619,,1528755,14,,,0,12,,1528759,14,,,0,13,,1528758,14,,,0,10,,1528756,14,,,0,67,,1528760,14,,,0,138,,1528757,14,,,0,200,,1528754,14,,,0
38201,'20261008',619,,1528762,14,,,0,12,,1528766,14,,,0,13,,1528765,14,,,0,10,,1528763,14,,,0,67,,1528767,14,,,0,138,,1528764,14,,,0,200,,1528761,14,,,0
38201,'20261009',619,,1528769,14,,,0,12,,1528773,14,,,0,13,,1528772,14,,,0,10,,1528770,14,,,0,67,,1528774,14,,,0,138,,1528771,14,,,0,200,,1528768,14,,,0
58201,'20260929',621,,1554162,14,,,0,12,,1554163,14,,,0,21,,1554164,14,,,0,54,,1554165,14,,,0,14,,1554166,14,,,0
58201,'20260930',621,,1554167,14,,,0,12,,1554168,14,,,0,21,,1554169,14,,,0,54,,1554170,14,,,0,14,,1554171,14,,,0
58201,'20261001',621,,1554172,14,,,0,12,,1554173,14,,,0,21,,1554174,14,,,0,54,,1554175,14,,,0,14,,1554176,14,,,0
58201,'20261002',621,,1477676,14,,,0,12,,1477674,14,,,0,21,,1477677,14,,,0,54,,1477675,14,,,0,14,,1477678,14,,,0
58201,'20261005',621,,1500649,14,,,0,12,,1500647,14,,,0,21,,1500650,14,,,0,54,,1500648,14,,,0,14,,1500651,14,,,0
58201,'20261006',621,,1529468,14,,,0,12,,1529466,14,,,0,21,,1529469,14,,,0,54,,1529467,14,,,0,14,,1529470,14,,,0
58201,'20261007',621,,1529473,14,,,0,12,,1529471,14,,,0,21,,1529474,14,,,0,54,,1529472,14,,,0,14,,1529475,14,,,0
58201,'20261008',621,,1529478,14,,,0,12,,1529476,14,,,0,21,,1529479,14,,,0,54,,1529477,14,,,0,14,,1529480,14,,,0
58201,'20261009',621,,1529483,14,,,0,12,,1529481,14,,,0,21,,1529484,14,,,0,54,,1529482,14,,,0,14,,1529485,14,,,0
