5302,'20260929',701,,1545855,5,,,0,29,,1545856,5,,,0,71,,1545857,5,,,0,34,,1545858,5,,,0,81,,1545859,5,,,0,85,,1545860,5,,,0,100,,1545861,5,,,0,100,,1545862,5,,,0,100,,1545863,5,,,0,100,,1545864,5,,,0,45,,1545865,5,,,0,85,,1545866,5,,,0,25,,1545867,5,,,0,71,,1545868,5,,,0,76,,1545869,5,,,0,28,,1545870,5,,,0,69,,1545871,5,,,0,101,,1545872,5,,,0,100,,1545873,5,,,0,104,,1545874,5,,,0,104,,1545875,5,,,0,103,,1545876,5,,,0
5302,'20260930',701,,1545877,5,,,0,29,,1545878,5,,,0,71,,1545879,5,,,0,34,,1545880,5,,,0,81,,1545881,5,,,0,85,,1545882,5,,,0,100,,1545883,5,,,0,100,,1545884,5,,,0,100,,1545885,5,,,0,100,,1545886,5,,,0,45,,1545887,5,,,0,85,,1545888,5,,,0,25,,1545889,5,,,0,71,,1545890,5,,,0,76,,1545891,5,,,0,28,,1545892,5,,,0,69,,1545893,5,,,0,101,,1545894,5,,,0,100,,1545895,5,,,0,104,,1545896,5,,,0,104,,1545897,5,,,0,103,,1545898,5,,,0
5302,'20261001',701,,1545899,5,,,0,29,,1545900,5,,,0,71,,1545901,5,,,0,34,,1545902,5,,,0,81,,1545903,5,,,0,85,,1545904,5,,,0,100,,1545905,5,,,0,100,,1545906,5,,,0,100,,1545907,5,,,0,100,,1545908,5,,,0,45,,1545909,5,,,0,85,,1545910,5,,,0,25,,1545911,5,,,0,71,,1545912,5,,,0,76,,1545913,5,,,0,28,,1545914,5,,,0,69,,1545915,5,,,0,101,,1545916,5,,,0,100,,1545917,5,,,0,104,,1545918,5,,,0,104,,1545919,5,,,0,103,,1545920,5,,,0
5302,'20261002',701,,1468594,5,,,0,29,,1468597,5,,,0,71,,1468576,5,,,0,34,,1468588,5,,,0,81,,1468596,5,,,0,85,,1468589,5,,,0,100,,1468577,5,,,0,100,,1468593,5,,,0,100,,1468590,5,,,0,100,,1468591,5,,,0,45,,1468592,5,,,0,85,,1468586,5,,,0,25,,1468578,5,,,0,71,,1468585,5,,,0,76,,1468583,5,,,0,28,,1468579,5,,,0,69,,1468580,5,,,0,101,,1468584,5,,,0,100,,1468581,5,,,0,104,,1468582,5,,,0,104,,1468587,5,,,0,103,,1468595,5,,,0
5302,'20261003',705,,1491594,5,,,0,101,,1491581,5,,,0,100,,1491582,5,,,0,100,,1491593,5,,,0,98,,1491583,5,,,0,99,,1491584,5,,,0,100,,1491595,5,,,0,99,,1491585,5,,,0,57,,1491586,5,,,0,144,,1491596,5,,,0,56,,1491587,5,,,0,145,,1491588,5,,,0,100,,1491592,5,,,0,100,,1491589,5,,,0,100,,1491590,5,,,0,98,,1491597,5,,,0,106,,1491591,5,,,0
5302,'20261004',705,,1491609,5,,,0,101,,1491599,5,,,0,100,,1491605,5,,,0,100,,1491610,5,,,0,98,,1491600,5,,,0,99,,1491604,5,,,0,100,,1491614,5,,,0,99,,1491598,5,,,0,57,,1491607,5,,,0,144,,1491612,5,,,0,56,,1491606,5,,,0,145,,1491603,5,,,0,100,,1491611,5,,,0,100,,1491608,5,,,0,100,,1491602,5,,,0,98,,1491613,5,,,0,106,,1491601,5,,,0
5302,'20261005',701,,1491633,5,,,0,29,,1491636,5,,,0,71,,1491615,5,,,0,34,,1491627,5,,,0,81,,1491635,5,,,0,85,,1491628,5,,,0,100,,1491616,5,,,0,100,,1491632,5,,,0,100,,1491629,5,,,0,100,,1491630,5,,,0,45,,1491631,5,,,0,85,,1491625,5,,,0,25,,1491617,5,,,0,71,,1491624,5,,,0,76,,1491622,5,,,0,28,,1491618,5,,,0,69,,1491619,5,,,0,101,,1491623,5,,,0,100,,1491620,5,,,0,104,,1491621,5,,,0,104,,1491626,5,,,0,103,,1491634,5,,,0
5302,'20261006',701,,1516834,5,,,0,29,,1516837,5,,,0,71,,1516816,5,,,0,34,,1516828,5,,,0,81,,1516836,5,,,0,85,,1516829,5,,,0,100,,1516817,5,,,0,100,,1516833,5,,,0,100,,1516830,5,,,0,100,,1516831,5,,,0,45,,1516832,5,,,0,85,,1516826,5,,,0,25,,1516818,5,,,0,71,,1516825,5,,,0,76,,1516823,5,,,0,28,,1516819,5,,,0,69,,1516820,5,,,0,101,,1516824,5,,,0,100,,1516821,5,,,0,104,,1516822,5,,,0,104,,1516827,5,,,0,103,,1516835,5,,,0
5302,'20261007',701,,1516856,5,,,0,29,,1516859,5,,,0,71,,1516838,5,,,0,34,,1516850,5,,,0,81,,1516858,5,,,0,85,,1516851,5,,,0,100,,1516839,5,,,0,100,,1516855,5,,,0,100,,1516852,5,,,0,100,,1516853,5,,,0,45,,1516854,5,,,0,85,,1516848,5,,,0,25,,1516840,5,,,0,71,,1516847,5,,,0,76,,1516845,5,,,0,28,,1516841,5,,,0,69,,1516842,5,,,0,101,,1516846,5,,,0,100,,1516843,5,,,0,104,,1516844,5,,,0,104,,1516849,5,,,0,103,,1516857,5,,,0
5302,'20261008',701,,1516878,5,,,0,29,,1516881,5,,,0,71,,1516860,5,,,0,34,,1516872,5,,,0,81,,1516880,5,,,0,85,,1516873,5,,,0,100,,1516861,5,,,0,100,,1516877,5,,,0,100,,1516874,5,,,0,100,,1516875,5,,,0,45,,1516876,5,,,0,85,,1516870,5,,,0,25,,1516862,5,,,0,71,,1516869,5,,,0,76,,1516867,5,,,0,28,,1516863,5,,,0,69,,1516864,5,,,0,101,,1516868,5,,,0,100,,1516865,5,,,0,104,,1516866,5,,,0,104,,1516871,5,,,0,103,,1516879,5,,,0
5302,'20261009',701,,1516900,5,,,0,29,,1516903,5,,,0,71,,1516882,5,,,0,34,,1516894,5,,,0,81,,1516902,5,,,0,85,,1516895,5,,,0,100,,1516883,5,,,0,100,,1516899,5,,,0,100,,1516896,5,,,0,100,,1516897,5,,,0,45,,1516898,5,,,0,85,,1516892,5,,,0,25,,1516884,5,,,0,71,,1516891,5,,,0,76,,1516889,5,,,0,28,,1516885,5,,,0,69,,1516886,5,,,0,101,,1516890,5,,,0,100,,1516887,5,,,0,104,,1516888,5,,,0,104,,1516893,5,,,0,103,,1516901,5,,,0
5302,'20261010',705,,1545934,5,,,0,101,,1545921,5,,,0,100,,1545922,5,,,0,100,,1545933,5,,,0,98,,1545923,5,,,0,99,,1545924,5,,,0,100,,1545935,5,,,0,99,,1545925,5,,,0,57,,1545926,5,,,0,144,,1545936,5,,,0,56,,1545927,5,,,0,145,,1545928,5,,,0,100,,1545932,5,,,0,100,,1545929,5,,,0,100,,1545930,5,,,0,98,,1545937,5,,,0,106,,1545931,5,,,0
5302,'20261011',705,,1545949,5,,,0,101,,1545939,5,,,0,100,,1545945,5,,,0,100,,1545950,5,,,0,98,,1545940,5,,,0,99,,1545944,5,,,0,100,,1545954,5,,,0,99,,1545938,5,,,0,57,,1545947,5,,,0,144,,1545952,5,,,0,56,,1545946,5,,,0,145,,1545943,5,,,0,100,,1545951,5,,,0,100,,1545948,5,,,0,100,,1545942,5,,,0,98,,1545953,5,,,0,106,,1545941,5,,,0
5302,'20261012',705,,1545966,5,,,0,101,,1545956,5,,,0,100,,1545962,5,,,0,100,,1545967,5,,,0,98,,1545957,5,,,0,99,,1545961,5,,,0,100,,1545971,5,,,0,99,,1545955,5,,,0,57,,1545964,5,,,0,144,,1545969,5,,,0,56,,1545963,5,,,0,145,,1545960,5,,,0,100,,1545968,5,,,0,100,,1545965,5,,,0,100,,1545959,5,,,0,98,,1545970,5,,,0,106,,1545958,5,,,0
25100,'20260929',1552,,1552832,4,4,,0,69,,1552833,4,4,,0,33,,1552834,4,4,,0,67,,1552835,4,4,,0
25100,'20260930',1552,,1552836,4,4,,0,69,,1552837,4,4,,0,33,,1552838,4,4,,0,67,,1552839,4,4,,0
25100,'20261001',1552,,1552840,4,4,,0,69,,1552841,4,4,,0,33,,1552842,4,4,,0,67,,1552843,4,4,,0
25100,'20261002',1552,,1475848,4,4,,0,69,,1475849,4,4,,0,33,,1475850,4,4,,0,67,,1475851,4,4,,0
25100,'20261005',1552,,1498885,4,4,,0,69,,1498886,4,4,,0,33,,1498887,4,4,,0,67,,1498888,4,4,,0
25100,'20261006',1552,,1526831,4,4,,0,69,,1526832,4,4,,0,33,,1526833,4,4,,0,67,,1526834,4,4,,0
25100,'20261007',1552,,1526835,4,4,,0,69,,1526836,4,4,,0,33,,1526837,4,4,,0,67,,1526838,4,4,,0
25100,'20261008',1552,,1526839,4,4,,0,69,,1526840,4,4,,0,33,,1526841,4,4,,0,67,,1526842,4,4,,0
25100,'20261009',1552,,1526843,4,4,,0,69,,1526844,4,4,,0,33,,1526845,4,4,,0,67,,1526846,4,4,,0
25300,'20260929',1553,,1552853,4,4,,0,70,,1552854,4,4,,0,32,,1552855,4,4,,0,70,,1552856,4,4,,0
25300,'20260930',1553,,1552857,4,4,,0,70,,1552858,4,4,,0,32,,1552859,4,4,,0,70,,1552860,4,4,,0
25300,'20261001',1553,,1552861,4,4,,0,70,,1552862,4,4,,0,32,,1552863,4,4,,0,70,,1552864,4,4,,0
25300,'20261002',1553,,1475876,4,4,,0,70,,1475877,4,4,,0,32,,1475878,4,4,,0,70,,1475879,4,4,,0
25300,'20261005',1553,,1498913,4,4,,0,70,,1498914,4,4,,0,32,,1498915,4,4,,0,70,,1498916,4,4,,0
25300,'20261006',1553,,1526873,4,4,,0,70,,1526874,4,4,,0,32,,1526875,4,4,,0,70,,1526876,4,4,,0
25300,'20261007',1553,,1526877,4,4,,0,70,,1526878,4,4,,0,32,,1526879,4,4,,0,70,,1526880,4,4,,0
25300,'20261008',1553,,1526881,4,4,,0,70,,1526882,4,4,,0,32,,1526883,4,4,,0,70,,1526884,4,4,,0
25300,'20261009',1553,,1526885,4,4,,0,70,,1526886,4,4,,0,32,,1526887,4,4,,0,70,,1526888,4,4,,0
