1202,'20261006',634,,1596963,13,,,0,75,,1596964,13,,,0,31,,1596965,13,,,0,73,,1596966,13,,,0,32,,1596967,13,,,0,96,,1596968,13,,,0,99,,1596969,13,,,0,100,,1596970,13,,,0,99,,1596971,13,,,0,100,,1596972,13,,,0,99,,1596973,13,,,0,99,,1596974,13,,,0,104,,1596962,13,,,0,2,,1596975,13,,,0,106,,1596976,13,,,0,94,,1596977,13,,,0,97,,1596978,13,,,0,100,,1596979,13,,,0,99,,1596980,13,,,0,99,,1596981,13,,,0
1202,'20261007',634,,1596983,13,,,0,75,,1596984,13,,,0,31,,1596985,13,,,0,73,,1596986,13,,,0,32,,1596987,13,,,0,96,,1596988,13,,,0,99,,1596989,13,,,0,100,,1596990,13,,,0,99,,1596991,13,,,0,100,,1596992,13,,,0,99,,1596993,13,,,0,99,,1596994,13,,,0,104,,1596982,13,,,0,2,,1596995,13,,,0,106,,1596996,13,,,0,94,,1596997,13,,,0,97,,1596998,13,,,0,100,,1596999,13,,,0,99,,1597000,13,,,0,99,,1597001,13,,,0
1202,'20261008',634,,1597003,13,,,0,75,,1597004,13,,,0,31,,1597005,13,,,0,73,,1597006,13,,,0,32,,1597007,13,,,0,96,,1597008,13,,,0,99,,1597009,13,,,0,100,,1597010,13,,,0,99,,1597011,13,,,0,100,,1597012,13,,,0,99,,1597013,13,,,0,99,,1597014,13,,,0,104,,1597002,13,,,0,2,,1597015,13,,,0,106,,1597016,13,,,0,94,,1597017,13,,,0,97,,1597018,13,,,0,100,,1597019,13,,,0,99,,1597020,13,,,0,99,,1597021,13,,,0
1202,'20261009',634,,1597023,13,,,0,75,,1597024,13,,,0,31,,1597025,13,,,0,73,,1597026,13,,,0,32,,1597027,13,,,0,96,,1597028,13,,,0,99,,1597029,13,,,0,100,,1597030,13,,,0,99,,1597031,13,,,0,100,,1597032,13,,,0,99,,1597033,13,,,0,99,,1597034,13,,,0,104,,1597022,13,,,0,2,,1597035,13,,,0,106,,1597036,13,,,0,94,,1597037,13,,,0,97,,1597038,13,,,0,100,,1597039,13,,,0,99,,1597040,13,,,0,99,,1597041,13,,,0
1202,'20261010',817,,1542723,13,,,0,101,,1542724,13,,,0,102,,1542725,13,,,0,95,,1542732,13,,,0,107,,1542733,13,,,0,102,,1542734,13,,,0,95,,1542735,13,,,0,106,,1542736,13,,,0,99,,1542737,13,,,0,99,,1542738,13,,,0,98,,1542726,13,,,0,98,,1542727,13,,,0,99,,1542728,13,,,0,99,,1542729,13,,,0,100,,1542730,13,,,0,100,,1542731,13,,,0
1202,'20261011',817,,1542739,13,,,0,101,,1542740,13,,,0,102,,1542741,13,,,0,95,,1542742,13,,,0,107,,1542743,13,,,0,102,,1542744,13,,,0,95,,1542745,13,,,0,106,,1542746,13,,,0,99,,1542747,13,,,0,99,,1542748,13,,,0,98,,1542749,13,,,0,98,,1542750,13,,,0,99,,1542751,13,,,0,99,,1542752,13,,,0,100,,1542753,13,,,0,100,,1542754,13,,,0
1202,'20261012',817,,1542755,13,,,0,101,,1542756,13,,,0,102,,1542757,13,,,0,95,,1542758,13,,,0,107,,1542759,13,,,0,102,,1542760,13,,,0,95,,1542761,13,,,0,106,,1542762,13,,,0,99,,1542763,13,,,0,99,,1542764,13,,,0,98,,1542765,13,,,0,98,,1542766,13,,,0,99,,1542767,13,,,0,99,,1542768,13,,,0,100,,1542769,13,,,0,100,,1542770,13,,,0
1202,'20261013',634,,1565346,13,,,0,75,,1565328,13,,,0,31,,1565329,13,,,0,73,,1565330,13,,,0,32,,1565331,13,,,0,96,,1565332,13,,,0,99,,1565333,13,,,0,100,,1565334,13,,,0,99,,1565335,13,,,0,100,,1565336,13,,,0,99,,1565337,13,,,0,99,,1565338,13,,,0,106,,1565339,13,,,0,106,,1565340,13,,,0,94,,1565341,13,,,0,97,,1565342,13,,,0,100,,1565343,13,,,0,99,,1565344,13,,,0,99,,1565345,13,,,0
1202,'20261014',634,,1565365,13,,,0,75,,1565347,13,,,0,31,,1565348,13,,,0,73,,1565349,13,,,0,32,,1565350,13,,,0,96,,1565351,13,,,0,99,,1565352,13,,,0,100,,1565353,13,,,0,99,,1565354,13,,,0,100,,1565355,13,,,0,99,,1565356,13,,,0,99,,1565357,13,,,0,106,,1565358,13,,,0,106,,1565359,13,,,0,94,,1565360,13,,,0,97,,1565361,13,,,0,100,,1565362,13,,,0,99,,1565363,13,,,0,99,,1565364,13,,,0
1202,'20261015',634,,1565384,13,,,0,75,,1565366,13,,,0,31,,1565367,13,,,0,73,,1565368,13,,,0,32,,1565369,13,,,0,96,,1565370,13,,,0,99,,1565371,13,,,0,100,,1565372,13,,,0,99,,1565373,13,,,0,100,,1565374,13,,,0,99,,1565375,13,,,0,99,,1565376,13,,,0,106,,1565377,13,,,0,106,,1565378,13,,,0,94,,1565379,13,,,0,97,,1565380,13,,,0,100,,1565381,13,,,0,99,,1565382,13,,,0,99,,1565383,13,,,0
1202,'20261016',634,,1565403,13,,,0,75,,1565385,13,,,0,31,,1565386,13,,,0,73,,1565387,13,,,0,32,,1565388,13,,,0,96,,1565389,13,,,0,99,,1565390,13,,,0,100,,1565391,13,,,0,99,,1565392,13,,,0,100,,1565393,13,,,0,99,,1565394,13,,,0,99,,1565395,13,,,0,106,,1565396,13,,,0,106,,1565397,13,,,0,94,,1565398,13,,,0,97,,1565399,13,,,0,100,,1565400,13,,,0,99,,1565401,13,,,0,99,,1565402,13,,,0
1202,'20261017',817,,1597042,13,,,0,101,,1597043,13,,,0,102,,1597044,13,,,0,95,,1597051,13,,,0,107,,1597052,13,,,0,102,,1597053,13,,,0,95,,1597054,13,,,0,106,,1597055,13,,,0,99,,1597056,13,,,0,99,,1597057,13,,,0,98,,1597045,13,,,0,98,,1597046,13,,,0,99,,1597047,13,,,0,99,,1597048,13,,,0,100,,1597049,13,,,0,100,,1597050,13,,,0
1202,'20261018',817,,1597058,13,,,0,101,,1597059,13,,,0,102,,1597060,13,,,0,95,,1597061,13,,,0,107,,1597062,13,,,0,102,,1597063,13,,,0,95,,1597064,13,,,0,106,,1597065,13,,,0,99,,1597066,13,,,0,99,,1597067,13,,,0,98,,1597068,13,,,0,98,,1597069,13,,,0,99,,1597070,13,,,0,99,,1597071,13,,,0,100,,1597072,13,,,0,100,,1597073,13,,,0
1202,'20261019',634,,1597092,13,,,0,75,,1597074,13,,,0,31,,1597075,13,,,0,73,,1597076,13,,,0,32,,1597077,13,,,0,96,,1597078,13,,,0,99,,1597079,13,,,0,100,,1597080,13,,,0,99,,1597081,13,,,0,100,,1597082,13,,,0,99,,1597083,13,,,0,99,,1597084,13,,,0,106,,1597085,13,,,0,106,,1597086,13,,,0,94,,1597087,13,,,0,97,,1597088,13,,,0,100,,1597089,13,,,0,99,,1597090,13,,,0,99,,1597091,13,,,0
1202,'20261020',634,,1597111,13,,,0,75,,1597093,13,,,0,31,,1597094,13,,,0,73,,1597095,13,,,0,32,,1597096,13,,,0,96,,1597097,13,,,0,99,,1597098,13,,,0,100,,1597099,13,,,0,99,,1597100,13,,,0,100,,1597101,13,,,0,99,,1597102,13,,,0,99,,1597103,13,,,0,106,,1597104,13,,,0,106,,1597105,13,,,0,94,,1597106,13,,,0,97,,1597107,13,,,0,100,,1597108,13,,,0,99,,1597109,13,,,0,99,,1597110,13,,,0
80502,'20261006',514,,1621745,6,,,0,10,,1621746,6,,,0,8,,1621747,6,,,0,9,,1621748,6,,,0,8,,1621749,6,,,0,9,,1621750,6,,,0,50,,1621751,6,,,0,9,,1621752,6,,,0,9,,1621753,6,,,0,8,,1621754,6,,,0,9,,1621755,6,,,0,8,,1621756,6,,,0,6,,1621757,6,,,0,47,,1621758,6,,,0,6,,1621759,6,,,0,8,,1621760,6,,,0,9,,1621761,6,,,0,6,,1621762,6,,,0,10,,1621763,6,,,0,10,,1621764,6,,,0,51,,1621765,6,,,0,11,,1621766,6,,,0,11,,1621767,6,,,0,11,,1621768,6,,,0,13,,1621769,6,,,0,50,,1621770,6,,,0,9,,1621771,6,,,0,10,,1621772,6,,,0,11,,1621773,6,,,0,10,,1621774,6,,,0,10,,1621775,6,,,0,50,,1621776,6,,,0,10,,1621777,6,,,0,10,,1621778,6,,,0,10,,1621779,6,,,0,10,,1621780,6,,,0,10,,1621781,6,,,0,50,,1621782,6,,,0,9,,1621783,6,,,0,10,,1621784,6,,,0,10,,1621785,6,,,0,10,,1621786,6,,,0,10,,1621787,6,,,0,10,,1621788,6,,,0,50,,1621789,6,,,0,10,,1621790,6,,,0,9,,1621791,6,,,0,10,,1621792,6,,,0,10,,1621793,6,,,0,10,,1621794,6,,,0,50,,1621795,6,,,0,9,,1621796,6,,,0,10,,1621797,6,,,0,9,,1621798,6,,,0,10,,1621799,6,,,0,11,,1621800,6,,,0,51,,1621801,6,,,0,9,,1621802,6,,,0,9,,1621803,6,,,0,5,,1621804,6,,,0,5,,1621805,6,,,0,4,,1621806,6,,,0,6,,1621807,6,,,0,6,,1621808,6,,,0,6,,1621809,6,,,0,47,,1621810,6,,,0,4,,1621811,6,,,0,7,,1621812,6,,,0,7,,1621813,6,,,0,7,,1621814,6,,,0,4,,1621815,6,,,0,5,,1621816,6,,,0,7,,1621817,6,,,0,8,,1621818,6,,,0,47,,1621819,6,,,0,6,,1621820,6,,,0,7,,1621821,6,,,0,8,,1621822,6,,,0,5,,1621823,6,,,0,10,,1621824,6,,,0,10,,1621825,6,,,0,8,,1621826,6,,,0,49,,1621827,6,,,0,6,,1621828,6,,,0,8,,1621829,6,,,0,8,,1621830,6,,,0,8,,1621831,6,,,0,10,,1621832,6,,,0,9,,1621833,6,,,0,52,,1621834,6,,,0,10,,1621835,6,,,0,10,,1621836,6,,,0,10,,1621837,6,,,0,13,,1621838,6,,,0,10,,1621839,6,,,0,51,,1621840,6,,,0,11,,1621841,6,,,0,10,,1621842,6,,,0,10,,1621843,6,,,0,10,,1621844,6,,,0,50,,1621845,6,,,0,10,,1621846,6,,,0,11,,1621847,6,,,0,10,,1621848,6,,,0,10,,1621849,6,,,0,10,,1621850,6,,,0,50,,1621851,6,,,0,10,,1621852,6,,,0,11,,1621853,6,,,0,10,,1621854,6,,,0,10,,1621855,6,,,0,11,,1621856,6,,,0,51,,1621857,6,,,0,12,,1621858,6,,,0,11,,1621859,6,,,0,9,,1621860,6,,,0,11,,1621861,6,,,0,10,,1621862,6,,,0,50,,1621863,6,,,0,10,,1621864,6,,,0,10,,1621865,6,,,0,10,,1621866,6,,,0,10,,1621867,6,,,0,10,,1621868,6,,,0,50,,1621869,6,,,0,10,,1621870,6,,,0,10,,1621871,6,,,0,10,,1621872,6,,,0,10,,1621873,6,,,0,10,,1621874,6,,,0,50,,1621875,6,,,0,9,,1621876,6,,,0
80502,'20261007',514,,1621878,6,,,0,10,,1621879,6,,,0,8,,1621880,6,,,0,9,,1621881,6,,,0,8,,1621882,6,,,0,9,,1621883,6,,,0,50,,1621884,6,,,0,9,,1621885,6,,,0,9,,1621886,6,,,0,8,,1621887,6,,,0,9,,1621888,6,,,0,8,,1621889,6,,,0,6,,1621890,6,,,0,47,,1621891,6,,,0,6,,1621892,6,,,0,8,,1621893,6,,,0,9,,1621894,6,,,0,6,,1621895,6,,,0,10,,1621896,6,,,0,10,,1621897,6,,,0,51,,1621898,6,,,0,11,,1621899,6,,,0,11,,1621900,6,,,0,11,,1621901,6,,,0,13,,1621902,6,,,0,50,,1621903,6,,,0,9,,1621904,6,,,0,10,,1621905,6,,,0,11,,1621906,6,,,0,10,,1621907,6,,,0,10,,1621908,6,,,0,50,,1621909,6,,,0,10,,1621910,6,,,0,10,,1621911,6,,,0,10,,1621912,6,,,0,10,,1621913,6,,,0,10,,1621914,6,,,0,50,,1621915,6,,,0,9,,1621916,6,,,0,10,,1621917,6,,,0,10,,1621918,6,,,0,10,,1621919,6,,,0,10,,1621920,6,,,0,10,,1621921,6,,,0,50,,1621922,6,,,0,10,,1621923,6,,,0,9,,1621924,6,,,0,10,,1621925,6,,,0,10,,1621926,6,,,0,10,,1621927,6,,,0,50,,1621928,6,,,0,9,,1621929,6,,,0,10,,1621930,6,,,0,9,,1621931,6,,,0,10,,1621932,6,,,0,11,,1621933,6,,,0,51,,1621934,6,,,0,9,,1621935,6,,,0,9,,1621936,6,,,0,5,,1621937,6,,,0,5,,1621938,6,,,0,4,,1621939,6,,,0,6,,1621940,6,,,0,6,,1621941,6,,,0,6,,1621942,6,,,0,47,,1621943,6,,,0,4,,1621944,6,,,0,7,,1621945,6,,,0,7,,1621946,6,,,0,7,,1621947,6,,,0,4,,1621948,6,,,0,5,,1621949,6,,,0,7,,1621950,6,,,0,8,,1621951,6,,,0,47,,1621952,6,,,0,6,,1621953,6,,,0,7,,1621954,6,,,0,8,,1621955,6,,,0,5,,1621956,6,,,0,10,,1621957,6,,,0,10,,1621958,6,,,0,8,,1621959,6,,,0,49,,1621960,6,,,0,6,,1621961,6,,,0,8,,1621962,6,,,0,8,,1621963,6,,,0,8,,1621964,6,,,0,10,,1621965,6,,,0,9,,1621966,6,,,0,52,,1621967,6,,,0,10,,1621968,6,,,0,10,,1621969,6,,,0,10,,1621970,6,,,0,13,,1621971,6,,,0,10,,1621972,6,,,0,51,,1621973,6,,,0,11,,1621974,6,,,0,10,,1621975,6,,,0,10,,1621976,6,,,0,10,,1621977,6,,,0,50,,1621978,6,,,0,10,,1621979,6,,,0,11,,1621980,6,,,0,10,,1621981,6,,,0,10,,1621982,6,,,0,10,,1621983,6,,,0,50,,1621984,6,,,0,10,,1621985,6,,,0,11,,1621986,6,,,0,10,,1621987,6,,,0,10,,1621988,6,,,0,11,,1621989,6,,,0,51,,1621990,6,,,0,12,,1621991,6,,,0,11,,1621992,6,,,0,9,,1621993,6,,,0,11,,1621994,6,,,0,10,,1621995,6,,,0,50,,1621996,6,,,0,10,,1621997,6,,,0,10,,1621998,6,,,0,10,,1621999,6,,,0,10,,1622000,6,,,0,10,,1622001,6,,,0,50,,1622002,6,,,0,10,,1622003,6,,,0,10,,1622004,6,,,0,10,,1622005,6,,,0,10,,1622006,6,,,0,10,,1622007,6,,,0,50,,1622008,6,,,0,9,,1622009,6,,,0
80502,'20261008',514,,1622011,6,,,0,10,,1622012,6,,,0,8,,1622013,6,,,0,9,,1622014,6,,,0,8,,1622015,6,,,0,9,,1622016,6,,,0,50,,1622017,6,,,0,9,,1622018,6,,,0,9,,1622019,6,,,0,8,,1622020,6,,,0,9,,1622021,6,,,0,8,,1622022,6,,,0,6,,1622023,6,,,0,47,,1622024,6,,,0,6,,1622025,6,,,0,8,,1622026,6,,,0,9,,1622027,6,,,0,6,,1622028,6,,,0,10,,1622029,6,,,0,10,,1622030,6,,,0,51,,1622031,6,,,0,11,,1622032,6,,,0,11,,1622033,6,,,0,11,,1622034,6,,,0,13,,1622035,6,,,0,50,,1622036,6,,,0,9,,1622037,6,,,0,10,,1622038,6,,,0,11,,1622039,6,,,0,10,,1622040,6,,,0,10,,1622041,6,,,0,50,,1622042,6,,,0,10,,1622043,6,,,0,10,,1622044,6,,,0,10,,1622045,6,,,0,10,,1622046,6,,,0,10,,1622047,6,,,0,50,,1622048,6,,,0,9,,1622049,6,,,0,10,,1622050,6,,,0,10,,1622051,6,,,0,10,,1622052,6,,,0,10,,1622053,6,,,0,10,,1622054,6,,,0,50,,1622055,6,,,0,10,,1622056,6,,,0,9,,1622057,6,,,0,10,,1622058,6,,,0,10,,1622059,6,,,0,10,,1622060,6,,,0,50,,1622061,6,,,0,9,,1622062,6,,,0,10,,1622063,6,,,0,9,,1622064,6,,,0,10,,1622065,6,,,0,11,,1622066,6,,,0,51,,1622067,6,,,0,9,,1622068,6,,,0,9,,1622069,6,,,0,5,,1622070,6,,,0,5,,1622071,6,,,0,4,,1622072,6,,,0,6,,1622073,6,,,0,6,,1622074,6,,,0,6,,1622075,6,,,0,47,,1622076,6,,,0,4,,1622077,6,,,0,7,,1622078,6,,,0,7,,1622079,6,,,0,7,,1622080,6,,,0,4,,1622081,6,,,0,5,,1622082,6,,,0,7,,1622083,6,,,0,8,,1622084,6,,,0,47,,1622085,6,,,0,6,,1622086,6,,,0,7,,1622087,6,,,0,8,,1622088,6,,,0,5,,1622089,6,,,0,10,,1622090,6,,,0,10,,1622091,6,,,0,8,,1622092,6,,,0,49,,1622093,6,,,0,6,,1622094,6,,,0,8,,1622095,6,,,0,8,,1622096,6,,,0,8,,1622097,6,,,0,10,,1622098,6,,,0,9,,1622099,6,,,0,52,,1622100,6,,,0,10,,1622101,6,,,0,10,,1622102,6,,,0,10,,1622103,6,,,0,13,,1622104,6,,,0,10,,1622105,6,,,0,51,,1622106,6,,,0,11,,1622107,6,,,0,10,,1622108,6,,,0,10,,1622109,6,,,0,10,,1622110,6,,,0,50,,1622111,6,,,0,10,,1622112,6,,,0,11,,1622113,6,,,0,10,,1622114,6,,,0,10,,1622115,6,,,0,10,,1622116,6,,,0,50,,1622117,6,,,0,10,,1622118,6,,,0,11,,1622119,6,,,0,10,,1622120,6,,,0,10,,1622121,6,,,0,11,,1622122,6,,,0,51,,1622123,6,,,0,12,,1622124,6,,,0,11,,1622125,6,,,0,9,,1622126,6,,,0,11,,1622127,6,,,0,10,,1622128,6,,,0,50,,1622129,6,,,0,10,,1622130,6,,,0,10,,1622131,6,,,0,10,,1622132,6,,,0,10,,1622133,6,,,0,10,,1622134,6,,,0,50,,1622135,6,,,0,10,,1622136,6,,,0,10,,1622137,6,,,0,10,,1622138,6,,,0,10,,1622139,6,,,0,10,,1622140,6,,,0,50,,1622141,6,,,0,9,,1622142,6,,,0
80502,'20261009',514,,1622144,6,,,0,10,,1622145,6,,,0,8,,1622146,6,,,0,9,,1622147,6,,,0,8,,1622148,6,,,0,9,,1622149,6,,,0,50,,1622150,6,,,0,9,,1622151,6,,,0,9,,1622152,6,,,0,8,,1622153,6,,,0,9,,1622154,6,,,0,8,,1622155,6,,,0,6,,1622156,6,,,0,47,,1622157,6,,,0,6,,1622158,6,,,0,8,,1622159,6,,,0,9,,1622160,6,,,0,6,,1622161,6,,,0,10,,1622162,6,,,0,10,,1622163,6,,,0,51,,1622164,6,,,0,11,,1622165,6,,,0,11,,1622166,6,,,0,11,,1622167,6,,,0,13,,1622168,6,,,0,50,,1622169,6,,,0,9,,1622170,6,,,0,10,,1622171,6,,,0,11,,1622172,6,,,0,10,,1622173,6,,,0,10,,1622174,6,,,0,50,,1622175,6,,,0,10,,1622176,6,,,0,10,,1622177,6,,,0,10,,1622178,6,,,0,10,,1622179,6,,,0,10,,1622180,6,,,0,50,,1622181,6,,,0,9,,1622182,6,,,0,10,,1622183,6,,,0,10,,1622184,6,,,0,10,,1622185,6,,,0,10,,1622186,6,,,0,10,,1622187,6,,,0,50,,1622188,6,,,0,10,,1622189,6,,,0,9,,1622190,6,,,0,10,,1622191,6,,,0,10,,1622192,6,,,0,10,,1622193,6,,,0,50,,1622194,6,,,0,9,,1622195,6,,,0,10,,1622196,6,,,0,9,,1622197,6,,,0,10,,1622198,6,,,0,11,,1622199,6,,,0,51,,1622200,6,,,0,9,,1622201,6,,,0,9,,1622202,6,,,0,5,,1622203,6,,,0,5,,1622204,6,,,0,4,,1622205,6,,,0,6,,1622206,6,,,0,6,,1622207,6,,,0,6,,1622208,6,,,0,47,,1622209,6,,,0,4,,1622210,6,,,0,7,,1622211,6,,,0,7,,1622212,6,,,0,7,,1622213,6,,,0,4,,1622214,6,,,0,5,,1622215,6,,,0,7,,1622216,6,,,0,8,,1622217,6,,,0,47,,1622218,6,,,0,6,,1622219,6,,,0,7,,1622220,6,,,0,8,,1622221,6,,,0,5,,1622222,6,,,0,10,,1622223,6,,,0,10,,1622224,6,,,0,8,,1622225,6,,,0,49,,1622226,6,,,0,6,,1622227,6,,,0,8,,1622228,6,,,0,8,,1622229,6,,,0,8,,1622230,6,,,0,10,,1622231,6,,,0,9,,1622232,6,,,0,52,,1622233,6,,,0,10,,1622234,6,,,0,10,,1622235,6,,,0,10,,1622236,6,,,0,13,,1622237,6,,,0,10,,1622238,6,,,0,51,,1622239,6,,,0,11,,1622240,6,,,0,10,,1622241,6,,,0,10,,1622242,6,,,0,10,,1622243,6,,,0,50,,1622244,6,,,0,10,,1622245,6,,,0,11,,1622246,6,,,0,10,,1622247,6,,,0,10,,1622248,6,,,0,10,,1622249,6,,,0,50,,1622250,6,,,0,10,,1622251,6,,,0,11,,1622252,6,,,0,10,,1622253,6,,,0,10,,1622254,6,,,0,11,,1622255,6,,,0,51,,1622256,6,,,0,12,,1622257,6,,,0,11,,1622258,6,,,0,9,,1622259,6,,,0,11,,1622260,6,,,0,10,,1622261,6,,,0,50,,1622262,6,,,0,10,,1622263,6,,,0,10,,1622264,6,,,0,10,,1622265,6,,,0,10,,1622266,6,,,0,10,,1622267,6,,,0,50,,1622268,6,,,0,10,,1622269,6,,,0,10,,1622270,6,,,0,10,,1622271,6,,,0,10,,1622272,6,,,0,10,,1622273,6,,,0,50,,1622274,6,,,0,9,,1622275,6,,,0
80502,'20261010',529,,1559798,6,,,0,10,,1559682,6,,,0,10,,1559775,6,,,0,9,,1559683,6,,,0,50,,1559769,6,,,0,9,,1559776,6,,,0,10,,1559684,6,,,0,9,,1559685,6,,,0,11,,1559777,6,,,0,9,,1559799,6,,,0,48,,1559686,6,,,0,10,,1559770,6,,,0,8,,1559778,6,,,0,10,,1559687,6,,,0,10,,1559688,6,,,0,10,,1559689,6,,,0,49,,1559690,6,,,0,10,,1559771,6,,,0,10,,1559779,6,,,0,9,,1559691,6,,,0,9,,1559692,6,,,0,11,,1559693,6,,,0,50,,1559694,6,,,0,10,,1559695,6,,,0,10,,1559780,6,,,0,10,,1559696,6,,,0,10,,1559697,6,,,0,10,,1559698,6,,,0,50,,1559699,6,,,0,10,,1559700,6,,,0,10,,1559781,6,,,0,10,,1559701,6,,,0,10,,1559702,6,,,0,10,,1559703,6,,,0,50,,1559704,6,,,0,10,,1559705,6,,,0,10,,1559782,6,,,0,10,,1559706,6,,,0,10,,1559707,6,,,0,10,,1559708,6,,,0,50,,1559710,6,,,0,10,,1559711,6,,,0,10,,1559783,6,,,0,10,,1559712,6,,,0,10,,1559709,6,,,0,10,,1559713,6,,,0,9,,1559714,6,,,0,50,,1559715,6,,,0,8,,1559784,6,,,0,10,,1559716,6,,,0,10,,1559717,6,,,0,10,,1559718,6,,,0,9,,1559719,6,,,0,50,,1559720,6,,,0,10,,1559721,6,,,0,10,,1559722,6,,,0,9,,1559723,6,,,0,9,,1559724,6,,,0,10,,1559725,6,,,0,50,,1559726,6,,,0,10,,1559727,6,,,0,10,,1559728,6,,,0,10,,1559729,6,,,0,10,,1559730,6,,,0,10,,1559731,6,,,0,50,,1559732,6,,,0,10,,1559733,6,,,0,10,,1559734,6,,,0,12,,1559774,6,,,0,10,,1559735,6,,,0,10,,1559736,6,,,0,51,,1559737,6,,,0,11,,1559738,6,,,0,9,,1559740,6,,,0,9,,1559741,6,,,0,10,,1559742,6,,,0,11,,1559773,6,,,0,50,,1559743,6,,,0,11,,1559744,6,,,0,10,,1559745,6,,,0,11,,1559785,6,,,0,11,,1559739,6,,,0,51,,1559746,6,,,0,10,,1559786,6,,,0,10,,1559747,6,,,0,10,,1559748,6,,,0,11,,1559787,6,,,0,10,,1559749,6,,,0,50,,1559750,6,,,0,11,,1559788,6,,,0,11,,1559751,6,,,0,10,,1559752,6,,,0,11,,1559789,6,,,0,10,,1559753,6,,,0,50,,1559754,6,,,0,10,,1559790,6,,,0,11,,1559755,6,,,0,10,,1559772,6,,,0,11,,1559791,6,,,0,9,,1559756,6,,,0,52,,1559757,6,,,0,10,,1559792,6,,,0,10,,1559758,6,,,0,10,,1559759,6,,,0,10,,1559793,6,,,0,10,,1559760,6,,,0,50,,1559761,6,,,0,10,,1559794,6,,,0,10,,1559762,6,,,0,10,,1559763,6,,,0,10,,1559795,6,,,0,10,,1559764,6,,,0,50,,1559765,6,,,0,11,,1559796,6,,,0,11,,1559768,6,,,0,10,,1559766,6,,,0,10,,1559797,6,,,0,50,,1559767,6,,,0
80502,'20261011',529,,1559917,6,,,0,10,,1559885,6,,,0,10,,1559893,6,,,0,9,,1559884,6,,,0,50,,1559886,6,,,0,9,,1559894,6,,,0,10,,1559883,6,,,0,9,,1559882,6,,,0,11,,1559895,6,,,0,9,,1559880,6,,,0,48,,1559879,6,,,0,10,,1559881,6,,,0,8,,1559896,6,,,0,10,,1559877,6,,,0,10,,1559865,6,,,0,10,,1559864,6,,,0,49,,1559869,6,,,0,10,,1559868,6,,,0,10,,1559897,6,,,0,9,,1559857,6,,,0,9,,1559860,6,,,0,11,,1559858,6,,,0,50,,1559872,6,,,0,10,,1559871,6,,,0,10,,1559898,6,,,0,10,,1559873,6,,,0,10,,1559856,6,,,0,10,,1559862,6,,,0,50,,1559878,6,,,0,10,,1559867,6,,,0,10,,1559899,6,,,0,10,,1559859,6,,,0,10,,1559863,6,,,0,10,,1559861,6,,,0,50,,1559875,6,,,0,10,,1559870,6,,,0,10,,1559900,6,,,0,10,,1559874,6,,,0,10,,1559876,6,,,0,10,,1559866,6,,,0,50,,1559849,6,,,0,10,,1559846,6,,,0,10,,1559901,6,,,0,10,,1559840,6,,,0,10,,1559848,6,,,0,10,,1559852,6,,,0,9,,1559845,6,,,0,50,,1559843,6,,,0,8,,1559902,6,,,0,10,,1559851,6,,,0,10,,1559841,6,,,0,10,,1559847,6,,,0,9,,1559844,6,,,0,50,,1559854,6,,,0,10,,1559855,6,,,0,10,,1559839,6,,,0,9,,1559842,6,,,0,9,,1559838,6,,,0,10,,1559850,6,,,0,50,,1559853,6,,,0,10,,1559831,6,,,0,10,,1559826,6,,,0,10,,1559830,6,,,0,10,,1559835,6,,,0,10,,1559825,6,,,0,50,,1559828,6,,,0,10,,1559824,6,,,0,10,,1559823,6,,,0,12,,1559822,6,,,0,10,,1559891,6,,,0,10,,1559834,6,,,0,51,,1559837,6,,,0,11,,1559836,6,,,0,9,,1559833,6,,,0,9,,1559827,6,,,0,10,,1559832,6,,,0,11,,1559829,6,,,0,50,,1559820,6,,,0,11,,1559887,6,,,0,10,,1559814,6,,,0,11,,1559903,6,,,0,11,,1559812,6,,,0,51,,1559821,6,,,0,10,,1559904,6,,,0,10,,1559811,6,,,0,10,,1559905,6,,,0,11,,1559818,6,,,0,10,,1559819,6,,,0,50,,1559906,6,,,0,11,,1559816,6,,,0,11,,1559813,6,,,0,10,,1559907,6,,,0,11,,1559815,6,,,0,10,,1559817,6,,,0,50,,1559908,6,,,0,10,,1559810,6,,,0,11,,1559809,6,,,0,10,,1559909,6,,,0,11,,1559806,6,,,0,9,,1559804,6,,,0,52,,1559910,6,,,0,10,,1559801,6,,,0,10,,1559890,6,,,0,10,,1559911,6,,,0,10,,1559802,6,,,0,10,,1559800,6,,,0,50,,1559913,6,,,0,10,,1559808,6,,,0,10,,1559803,6,,,0,10,,1559914,6,,,0,10,,1559805,6,,,0,10,,1559807,6,,,0,50,,1559915,6,,,0,11,,1559889,6,,,0,11,,1559888,6,,,0,10,,1559912,6,,,0,10,,1559892,6,,,0,50,,1559916,6,,,0
80502,'20261012',529,,1560035,6,,,0,10,,1560003,6,,,0,10,,1560011,6,,,0,9,,1560002,6,,,0,50,,1560004,6,,,0,9,,1560012,6,,,0,10,,1560001,6,,,0,9,,1560000,6,,,0,11,,1560013,6,,,0,9,,1559998,6,,,0,48,,1559997,6,,,0,10,,1559999,6,,,0,8,,1560014,6,,,0,10,,1559995,6,,,0,10,,1559983,6,,,0,10,,1559982,6,,,0,49,,1559987,6,,,0,10,,1559986,6,,,0,10,,1560015,6,,,0,9,,1559975,6,,,0,9,,1559978,6,,,0,11,,1559976,6,,,0,50,,1559990,6,,,0,10,,1559989,6,,,0,10,,1560016,6,,,0,10,,1559991,6,,,0,10,,1559974,6,,,0,10,,1559980,6,,,0,50,,1559996,6,,,0,10,,1559985,6,,,0,10,,1560017,6,,,0,10,,1559977,6,,,0,10,,1559981,6,,,0,10,,1559979,6,,,0,50,,1559993,6,,,0,10,,1559988,6,,,0,10,,1560018,6,,,0,10,,1559992,6,,,0,10,,1559994,6,,,0,10,,1559984,6,,,0,50,,1559967,6,,,0,10,,1559964,6,,,0,10,,1560019,6,,,0,10,,1559958,6,,,0,10,,1559966,6,,,0,10,,1559970,6,,,0,9,,1559963,6,,,0,50,,1559961,6,,,0,8,,1560020,6,,,0,10,,1559969,6,,,0,10,,1559959,6,,,0,10,,1559965,6,,,0,9,,1559962,6,,,0,50,,1559972,6,,,0,10,,1559973,6,,,0,10,,1559957,6,,,0,9,,1559960,6,,,0,9,,1559956,6,,,0,10,,1559968,6,,,0,50,,1559971,6,,,0,10,,1559949,6,,,0,10,,1559944,6,,,0,10,,1559948,6,,,0,10,,1559953,6,,,0,10,,1559943,6,,,0,50,,1559946,6,,,0,10,,1559942,6,,,0,10,,1559941,6,,,0,12,,1559940,6,,,0,10,,1560009,6,,,0,10,,1559952,6,,,0,51,,1559955,6,,,0,11,,1559954,6,,,0,9,,1559951,6,,,0,9,,1559945,6,,,0,10,,1559950,6,,,0,11,,1559947,6,,,0,50,,1559938,6,,,0,11,,1560005,6,,,0,10,,1559932,6,,,0,11,,1560021,6,,,0,11,,1559930,6,,,0,51,,1559939,6,,,0,10,,1560022,6,,,0,10,,1559929,6,,,0,10,,1560023,6,,,0,11,,1559936,6,,,0,10,,1559937,6,,,0,50,,1560024,6,,,0,11,,1559934,6,,,0,11,,1559931,6,,,0,10,,1560025,6,,,0,11,,1559933,6,,,0,10,,1559935,6,,,0,50,,1560026,6,,,0,10,,1559928,6,,,0,11,,1559927,6,,,0,10,,1560027,6,,,0,11,,1559924,6,,,0,9,,1559922,6,,,0,52,,1560028,6,,,0,10,,1559919,6,,,0,10,,1560008,6,,,0,10,,1560029,6,,,0,10,,1559920,6,,,0,10,,1559918,6,,,0,50,,1560031,6,,,0,10,,1559926,6,,,0,10,,1559921,6,,,0,10,,1560032,6,,,0,10,,1559923,6,,,0,10,,1559925,6,,,0,50,,1560033,6,,,0,11,,1560007,6,,,0,11,,1560006,6,,,0,10,,1560030,6,,,0,10,,1560010,6,,,0,50,,1560034,6,,,0
80502,'20261013',514,,1590551,6,,,0,10,,1590423,6,,,0,8,,1590424,6,,,0,9,,1590426,6,,,0,8,,1590427,6,,,0,9,,1590428,6,,,0,50,,1590554,6,,,0,9,,1590429,6,,,0,9,,1590430,6,,,0,8,,1590431,6,,,0,9,,1590425,6,,,0,8,,1590552,6,,,0,6,,1590553,6,,,0,47,,1590432,6,,,0,6,,1590433,6,,,0,8,,1590434,6,,,0,9,,1590436,6,,,0,6,,1590437,6,,,0,10,,1590438,6,,,0,10,,1590435,6,,,0,51,,1590439,6,,,0,11,,1590440,6,,,0,11,,1590441,6,,,0,11,,1590442,6,,,0,13,,1590530,6,,,0,50,,1590443,6,,,0,9,,1590444,6,,,0,10,,1590531,6,,,0,11,,1590445,6,,,0,10,,1590446,6,,,0,10,,1590532,6,,,0,50,,1590447,6,,,0,10,,1590448,6,,,0,10,,1590533,6,,,0,10,,1590449,6,,,0,10,,1590450,6,,,0,10,,1590534,6,,,0,50,,1590451,6,,,0,9,,1590452,6,,,0,10,,1590535,6,,,0,10,,1590454,6,,,0,10,,1590455,6,,,0,10,,1590456,6,,,0,10,,1590457,6,,,0,50,,1590536,6,,,0,10,,1590458,6,,,0,9,,1590459,6,,,0,10,,1590453,6,,,0,10,,1590460,6,,,0,10,,1590461,6,,,0,50,,1590462,6,,,0,9,,1590464,6,,,0,10,,1590463,6,,,0,9,,1590465,6,,,0,10,,1590466,6,,,0,11,,1590467,6,,,0,51,,1590468,6,,,0,9,,1590469,6,,,0,9,,1590470,6,,,0,5,,1590471,6,,,0,5,,1590472,6,,,0,4,,1590473,6,,,0,6,,1590474,6,,,0,6,,1590529,6,,,0,6,,1590475,6,,,0,47,,1590523,6,,,0,4,,1590476,6,,,0,7,,1590479,6,,,0,7,,1590480,6,,,0,7,,1590481,6,,,0,4,,1590482,6,,,0,5,,1590527,6,,,0,7,,1590478,6,,,0,8,,1590477,6,,,0,47,,1590484,6,,,0,6,,1590485,6,,,0,7,,1590486,6,,,0,8,,1590483,6,,,0,5,,1590487,6,,,0,10,,1590488,6,,,0,10,,1590489,6,,,0,8,,1590490,6,,,0,49,,1590491,6,,,0,6,,1590492,6,,,0,8,,1590493,6,,,0,8,,1590494,6,,,0,8,,1590495,6,,,0,10,,1590537,6,,,0,9,,1590496,6,,,0,52,,1590497,6,,,0,10,,1590498,6,,,0,10,,1590538,6,,,0,10,,1590500,6,,,0,13,,1590501,6,,,0,10,,1590539,6,,,0,51,,1590502,6,,,0,11,,1590540,6,,,0,10,,1590499,6,,,0,10,,1590503,6,,,0,10,,1590542,6,,,0,50,,1590504,6,,,0,10,,1590505,6,,,0,11,,1590506,6,,,0,10,,1590507,6,,,0,10,,1590508,6,,,0,10,,1590543,6,,,0,50,,1590509,6,,,0,10,,1590510,6,,,0,11,,1590544,6,,,0,10,,1590511,6,,,0,10,,1590513,6,,,0,11,,1590541,6,,,0,51,,1590514,6,,,0,12,,1590515,6,,,0,11,,1590545,6,,,0,9,,1590512,6,,,0,11,,1590516,6,,,0,10,,1590546,6,,,0,50,,1590517,6,,,0,10,,1590526,6,,,0,10,,1590547,6,,,0,10,,1590518,6,,,0,10,,1590519,6,,,0,10,,1590548,6,,,0,50,,1590524,6,,,0,10,,1590520,6,,,0,10,,1590549,6,,,0,10,,1590521,6,,,0,10,,1590522,6,,,0,10,,1590550,6,,,0,50,,1590525,6,,,0,9,,1590528,6,,,0
80502,'20261014',514,,1590683,6,,,0,10,,1590555,6,,,0,8,,1590556,6,,,0,9,,1590558,6,,,0,8,,1590559,6,,,0,9,,1590560,6,,,0,50,,1590686,6,,,0,9,,1590561,6,,,0,9,,1590562,6,,,0,8,,1590563,6,,,0,9,,1590557,6,,,0,8,,1590684,6,,,0,6,,1590685,6,,,0,47,,1590564,6,,,0,6,,1590565,6,,,0,8,,1590566,6,,,0,9,,1590568,6,,,0,6,,1590569,6,,,0,10,,1590570,6,,,0,10,,1590567,6,,,0,51,,1590571,6,,,0,11,,1590572,6,,,0,11,,1590573,6,,,0,11,,1590574,6,,,0,13,,1590662,6,,,0,50,,1590575,6,,,0,9,,1590576,6,,,0,10,,1590663,6,,,0,11,,1590577,6,,,0,10,,1590578,6,,,0,10,,1590664,6,,,0,50,,1590579,6,,,0,10,,1590580,6,,,0,10,,1590665,6,,,0,10,,1590581,6,,,0,10,,1590582,6,,,0,10,,1590666,6,,,0,50,,1590583,6,,,0,9,,1590584,6,,,0,10,,1590667,6,,,0,10,,1590586,6,,,0,10,,1590587,6,,,0,10,,1590588,6,,,0,10,,1590589,6,,,0,50,,1590668,6,,,0,10,,1590590,6,,,0,9,,1590591,6,,,0,10,,1590585,6,,,0,10,,1590592,6,,,0,10,,1590593,6,,,0,50,,1590594,6,,,0,9,,1590596,6,,,0,10,,1590595,6,,,0,9,,1590597,6,,,0,10,,1590598,6,,,0,11,,1590599,6,,,0,51,,1590600,6,,,0,9,,1590601,6,,,0,9,,1590602,6,,,0,5,,1590603,6,,,0,5,,1590604,6,,,0,4,,1590605,6,,,0,6,,1590606,6,,,0,6,,1590661,6,,,0,6,,1590607,6,,,0,47,,1590655,6,,,0,4,,1590608,6,,,0,7,,1590611,6,,,0,7,,1590612,6,,,0,7,,1590613,6,,,0,4,,1590614,6,,,0,5,,1590659,6,,,0,7,,1590610,6,,,0,8,,1590609,6,,,0,47,,1590616,6,,,0,6,,1590617,6,,,0,7,,1590618,6,,,0,8,,1590615,6,,,0,5,,1590619,6,,,0,10,,1590620,6,,,0,10,,1590621,6,,,0,8,,1590622,6,,,0,49,,1590623,6,,,0,6,,1590624,6,,,0,8,,1590625,6,,,0,8,,1590626,6,,,0,8,,1590627,6,,,0,10,,1590669,6,,,0,9,,1590628,6,,,0,52,,1590629,6,,,0,10,,1590630,6,,,0,10,,1590670,6,,,0,10,,1590632,6,,,0,13,,1590633,6,,,0,10,,1590671,6,,,0,51,,1590634,6,,,0,11,,1590672,6,,,0,10,,1590631,6,,,0,10,,1590635,6,,,0,10,,1590674,6,,,0,50,,1590636,6,,,0,10,,1590637,6,,,0,11,,1590638,6,,,0,10,,1590639,6,,,0,10,,1590640,6,,,0,10,,1590675,6,,,0,50,,1590641,6,,,0,10,,1590642,6,,,0,11,,1590676,6,,,0,10,,1590643,6,,,0,10,,1590645,6,,,0,11,,1590673,6,,,0,51,,1590646,6,,,0,12,,1590647,6,,,0,11,,1590677,6,,,0,9,,1590644,6,,,0,11,,1590648,6,,,0,10,,1590678,6,,,0,50,,1590649,6,,,0,10,,1590658,6,,,0,10,,1590679,6,,,0,10,,1590650,6,,,0,10,,1590651,6,,,0,10,,1590680,6,,,0,50,,1590656,6,,,0,10,,1590652,6,,,0,10,,1590681,6,,,0,10,,1590653,6,,,0,10,,1590654,6,,,0,10,,1590682,6,,,0,50,,1590657,6,,,0,9,,1590660,6,,,0
80502,'20261015',514,,1590815,6,,,0,10,,1590687,6,,,0,8,,1590688,6,,,0,9,,1590690,6,,,0,8,,1590691,6,,,0,9,,1590692,6,,,0,50,,1590818,6,,,0,9,,1590693,6,,,0,9,,1590694,6,,,0,8,,1590695,6,,,0,9,,1590689,6,,,0,8,,1590816,6,,,0,6,,1590817,6,,,0,47,,1590696,6,,,0,6,,1590697,6,,,0,8,,1590698,6,,,0,9,,1590700,6,,,0,6,,1590701,6,,,0,10,,1590702,6,,,0,10,,1590699,6,,,0,51,,1590703,6,,,0,11,,1590704,6,,,0,11,,1590705,6,,,0,11,,1590706,6,,,0,13,,1590794,6,,,0,50,,1590707,6,,,0,9,,1590708,6,,,0,10,,1590795,6,,,0,11,,1590709,6,,,0,10,,1590710,6,,,0,10,,1590796,6,,,0,50,,1590711,6,,,0,10,,1590712,6,,,0,10,,1590797,6,,,0,10,,1590713,6,,,0,10,,1590714,6,,,0,10,,1590798,6,,,0,50,,1590715,6,,,0,9,,1590716,6,,,0,10,,1590799,6,,,0,10,,1590718,6,,,0,10,,1590719,6,,,0,10,,1590720,6,,,0,10,,1590721,6,,,0,50,,1590800,6,,,0,10,,1590722,6,,,0,9,,1590723,6,,,0,10,,1590717,6,,,0,10,,1590724,6,,,0,10,,1590725,6,,,0,50,,1590726,6,,,0,9,,1590728,6,,,0,10,,1590727,6,,,0,9,,1590729,6,,,0,10,,1590730,6,,,0,11,,1590731,6,,,0,51,,1590732,6,,,0,9,,1590733,6,,,0,9,,1590734,6,,,0,5,,1590735,6,,,0,5,,1590736,6,,,0,4,,1590737,6,,,0,6,,1590738,6,,,0,6,,1590793,6,,,0,6,,1590739,6,,,0,47,,1590787,6,,,0,4,,1590740,6,,,0,7,,1590743,6,,,0,7,,1590744,6,,,0,7,,1590745,6,,,0,4,,1590746,6,,,0,5,,1590791,6,,,0,7,,1590742,6,,,0,8,,1590741,6,,,0,47,,1590748,6,,,0,6,,1590749,6,,,0,7,,1590750,6,,,0,8,,1590747,6,,,0,5,,1590751,6,,,0,10,,1590752,6,,,0,10,,1590753,6,,,0,8,,1590754,6,,,0,49,,1590755,6,,,0,6,,1590756,6,,,0,8,,1590757,6,,,0,8,,1590758,6,,,0,8,,1590759,6,,,0,10,,1590801,6,,,0,9,,1590760,6,,,0,52,,1590761,6,,,0,10,,1590762,6,,,0,10,,1590802,6,,,0,10,,1590764,6,,,0,13,,1590765,6,,,0,10,,1590803,6,,,0,51,,1590766,6,,,0,11,,1590804,6,,,0,10,,1590763,6,,,0,10,,1590767,6,,,0,10,,1590806,6,,,0,50,,1590768,6,,,0,10,,1590769,6,,,0,11,,1590770,6,,,0,10,,1590771,6,,,0,10,,1590772,6,,,0,10,,1590807,6,,,0,50,,1590773,6,,,0,10,,1590774,6,,,0,11,,1590808,6,,,0,10,,1590775,6,,,0,10,,1590777,6,,,0,11,,1590805,6,,,0,51,,1590778,6,,,0,12,,1590779,6,,,0,11,,1590809,6,,,0,9,,1590776,6,,,0,11,,1590780,6,,,0,10,,1590810,6,,,0,50,,1590781,6,,,0,10,,1590790,6,,,0,10,,1590811,6,,,0,10,,1590782,6,,,0,10,,1590783,6,,,0,10,,1590812,6,,,0,50,,1590788,6,,,0,10,,1590784,6,,,0,10,,1590813,6,,,0,10,,1590785,6,,,0,10,,1590786,6,,,0,10,,1590814,6,,,0,50,,1590789,6,,,0,9,,1590792,6,,,0
80502,'20261016',514,,1590947,6,,,0,10,,1590819,6,,,0,8,,1590820,6,,,0,9,,1590822,6,,,0,8,,1590823,6,,,0,9,,1590824,6,,,0,50,,1590950,6,,,0,9,,1590825,6,,,0,9,,1590826,6,,,0,8,,1590827,6,,,0,9,,1590821,6,,,0,8,,1590948,6,,,0,6,,1590949,6,,,0,47,,1590828,6,,,0,6,,1590829,6,,,0,8,,1590830,6,,,0,9,,1590832,6,,,0,6,,1590833,6,,,0,10,,1590834,6,,,0,10,,1590831,6,,,0,51,,1590835,6,,,0,11,,1590836,6,,,0,11,,1590837,6,,,0,11,,1590838,6,,,0,13,,1590926,6,,,0,50,,1590839,6,,,0,9,,1590840,6,,,0,10,,1590927,6,,,0,11,,1590841,6,,,0,10,,1590842,6,,,0,10,,1590928,6,,,0,50,,1590843,6,,,0,10,,1590844,6,,,0,10,,1590929,6,,,0,10,,1590845,6,,,0,10,,1590846,6,,,0,10,,1590930,6,,,0,50,,1590847,6,,,0,9,,1590848,6,,,0,10,,1590931,6,,,0,10,,1590850,6,,,0,10,,1590851,6,,,0,10,,1590852,6,,,0,10,,1590853,6,,,0,50,,1590932,6,,,0,10,,1590854,6,,,0,9,,1590855,6,,,0,10,,1590849,6,,,0,10,,1590856,6,,,0,10,,1590857,6,,,0,50,,1590858,6,,,0,9,,1590860,6,,,0,10,,1590859,6,,,0,9,,1590861,6,,,0,10,,1590862,6,,,0,11,,1590863,6,,,0,51,,1590864,6,,,0,9,,1590865,6,,,0,9,,1590866,6,,,0,5,,1590867,6,,,0,5,,1590868,6,,,0,4,,1590869,6,,,0,6,,1590870,6,,,0,6,,1590925,6,,,0,6,,1590871,6,,,0,47,,1590919,6,,,0,4,,1590872,6,,,0,7,,1590875,6,,,0,7,,1590876,6,,,0,7,,1590877,6,,,0,4,,1590878,6,,,0,5,,1590923,6,,,0,7,,1590874,6,,,0,8,,1590873,6,,,0,47,,1590880,6,,,0,6,,1590881,6,,,0,7,,1590882,6,,,0,8,,1590879,6,,,0,5,,1590883,6,,,0,10,,1590884,6,,,0,10,,1590885,6,,,0,8,,1590886,6,,,0,49,,1590887,6,,,0,6,,1590888,6,,,0,8,,1590889,6,,,0,8,,1590890,6,,,0,8,,1590891,6,,,0,10,,1590933,6,,,0,9,,1590892,6,,,0,52,,1590893,6,,,0,10,,1590894,6,,,0,10,,1590934,6,,,0,10,,1590896,6,,,0,13,,1590897,6,,,0,10,,1590935,6,,,0,51,,1590898,6,,,0,11,,1590936,6,,,0,10,,1590895,6,,,0,10,,1590899,6,,,0,10,,1590938,6,,,0,50,,1590900,6,,,0,10,,1590901,6,,,0,11,,1590902,6,,,0,10,,1590903,6,,,0,10,,1590904,6,,,0,10,,1590939,6,,,0,50,,1590905,6,,,0,10,,1590906,6,,,0,11,,1590940,6,,,0,10,,1590907,6,,,0,10,,1590909,6,,,0,11,,1590937,6,,,0,51,,1590910,6,,,0,12,,1590911,6,,,0,11,,1590941,6,,,0,9,,1590908,6,,,0,11,,1590912,6,,,0,10,,1590942,6,,,0,50,,1590913,6,,,0,10,,1590922,6,,,0,10,,1590943,6,,,0,10,,1590914,6,,,0,10,,1590915,6,,,0,10,,1590944,6,,,0,50,,1590920,6,,,0,10,,1590916,6,,,0,10,,1590945,6,,,0,10,,1590917,6,,,0,10,,1590918,6,,,0,10,,1590946,6,,,0,50,,1590921,6,,,0,9,,1590924,6,,,0
80502,'20261017',529,,1622392,6,,,0,10,,1622276,6,,,0,10,,1622369,6,,,0,9,,1622277,6,,,0,50,,1622363,6,,,0,9,,1622370,6,,,0,10,,1622278,6,,,0,9,,1622279,6,,,0,11,,1622371,6,,,0,9,,1622393,6,,,0,48,,1622280,6,,,0,10,,1622364,6,,,0,8,,1622372,6,,,0,10,,1622281,6,,,0,10,,1622282,6,,,0,10,,1622283,6,,,0,49,,1622284,6,,,0,10,,1622365,6,,,0,10,,1622373,6,,,0,9,,1622285,6,,,0,9,,1622286,6,,,0,11,,1622287,6,,,0,50,,1622288,6,,,0,10,,1622289,6,,,0,10,,1622374,6,,,0,10,,1622290,6,,,0,10,,1622291,6,,,0,10,,1622292,6,,,0,50,,1622293,6,,,0,10,,1622294,6,,,0,10,,1622375,6,,,0,10,,1622295,6,,,0,10,,1622296,6,,,0,10,,1622297,6,,,0,50,,1622298,6,,,0,10,,1622299,6,,,0,10,,1622376,6,,,0,10,,1622300,6,,,0,10,,1622301,6,,,0,10,,1622302,6,,,0,50,,1622304,6,,,0,10,,1622305,6,,,0,10,,1622377,6,,,0,10,,1622306,6,,,0,10,,1622303,6,,,0,10,,1622307,6,,,0,9,,1622308,6,,,0,50,,1622309,6,,,0,8,,1622378,6,,,0,10,,1622310,6,,,0,10,,1622311,6,,,0,10,,1622312,6,,,0,9,,1622313,6,,,0,50,,1622314,6,,,0,10,,1622315,6,,,0,10,,1622316,6,,,0,9,,1622317,6,,,0,9,,1622318,6,,,0,10,,1622319,6,,,0,50,,1622320,6,,,0,10,,1622321,6,,,0,10,,1622322,6,,,0,10,,1622323,6,,,0,10,,1622324,6,,,0,10,,1622325,6,,,0,50,,1622326,6,,,0,10,,1622327,6,,,0,10,,1622328,6,,,0,12,,1622368,6,,,0,10,,1622329,6,,,0,10,,1622330,6,,,0,51,,1622331,6,,,0,11,,1622332,6,,,0,9,,1622334,6,,,0,9,,1622335,6,,,0,10,,1622336,6,,,0,11,,1622367,6,,,0,50,,1622337,6,,,0,11,,1622338,6,,,0,10,,1622339,6,,,0,11,,1622379,6,,,0,11,,1622333,6,,,0,51,,1622340,6,,,0,10,,1622380,6,,,0,10,,1622341,6,,,0,10,,1622342,6,,,0,11,,1622381,6,,,0,10,,1622343,6,,,0,50,,1622344,6,,,0,11,,1622382,6,,,0,11,,1622345,6,,,0,10,,1622346,6,,,0,11,,1622383,6,,,0,10,,1622347,6,,,0,50,,1622348,6,,,0,10,,1622384,6,,,0,11,,1622349,6,,,0,10,,1622366,6,,,0,11,,1622385,6,,,0,9,,1622350,6,,,0,52,,1622351,6,,,0,10,,1622386,6,,,0,10,,1622352,6,,,0,10,,1622353,6,,,0,10,,1622387,6,,,0,10,,1622354,6,,,0,50,,1622355,6,,,0,10,,1622388,6,,,0,10,,1622356,6,,,0,10,,1622357,6,,,0,10,,1622389,6,,,0,10,,1622358,6,,,0,50,,1622359,6,,,0,11,,1622390,6,,,0,11,,1622362,6,,,0,10,,1622360,6,,,0,10,,1622391,6,,,0,50,,1622361,6,,,0
80502,'20261018',529,,1622511,6,,,0,10,,1622479,6,,,0,10,,1622487,6,,,0,9,,1622478,6,,,0,50,,1622480,6,,,0,9,,1622488,6,,,0,10,,1622477,6,,,0,9,,1622476,6,,,0,11,,1622489,6,,,0,9,,1622474,6,,,0,48,,1622473,6,,,0,10,,1622475,6,,,0,8,,1622490,6,,,0,10,,1622471,6,,,0,10,,1622459,6,,,0,10,,1622458,6,,,0,49,,1622463,6,,,0,10,,1622462,6,,,0,10,,1622491,6,,,0,9,,1622451,6,,,0,9,,1622454,6,,,0,11,,1622452,6,,,0,50,,1622466,6,,,0,10,,1622465,6,,,0,10,,1622492,6,,,0,10,,1622467,6,,,0,10,,1622450,6,,,0,10,,1622456,6,,,0,50,,1622472,6,,,0,10,,1622461,6,,,0,10,,1622493,6,,,0,10,,1622453,6,,,0,10,,1622457,6,,,0,10,,1622455,6,,,0,50,,1622469,6,,,0,10,,1622464,6,,,0,10,,1622494,6,,,0,10,,1622468,6,,,0,10,,1622470,6,,,0,10,,1622460,6,,,0,50,,1622443,6,,,0,10,,1622440,6,,,0,10,,1622495,6,,,0,10,,1622434,6,,,0,10,,1622442,6,,,0,10,,1622446,6,,,0,9,,1622439,6,,,0,50,,1622437,6,,,0,8,,1622496,6,,,0,10,,1622445,6,,,0,10,,1622435,6,,,0,10,,1622441,6,,,0,9,,1622438,6,,,0,50,,1622448,6,,,0,10,,1622449,6,,,0,10,,1622433,6,,,0,9,,1622436,6,,,0,9,,1622432,6,,,0,10,,1622444,6,,,0,50,,1622447,6,,,0,10,,1622425,6,,,0,10,,1622420,6,,,0,10,,1622424,6,,,0,10,,1622429,6,,,0,10,,1622419,6,,,0,50,,1622422,6,,,0,10,,1622418,6,,,0,10,,1622417,6,,,0,12,,1622416,6,,,0,10,,1622485,6,,,0,10,,1622428,6,,,0,51,,1622431,6,,,0,11,,1622430,6,,,0,9,,1622427,6,,,0,9,,1622421,6,,,0,10,,1622426,6,,,0,11,,1622423,6,,,0,50,,1622414,6,,,0,11,,1622481,6,,,0,10,,1622408,6,,,0,11,,1622497,6,,,0,11,,1622406,6,,,0,51,,1622415,6,,,0,10,,1622498,6,,,0,10,,1622405,6,,,0,10,,1622499,6,,,0,11,,1622412,6,,,0,10,,1622413,6,,,0,50,,1622500,6,,,0,11,,1622410,6,,,0,11,,1622407,6,,,0,10,,1622501,6,,,0,11,,1622409,6,,,0,10,,1622411,6,,,0,50,,1622502,6,,,0,10,,1622404,6,,,0,11,,1622403,6,,,0,10,,1622503,6,,,0,11,,1622400,6,,,0,9,,1622398,6,,,0,52,,1622504,6,,,0,10,,1622395,6,,,0,10,,1622484,6,,,0,10,,1622505,6,,,0,10,,1622396,6,,,0,10,,1622394,6,,,0,50,,1622507,6,,,0,10,,1622402,6,,,0,10,,1622397,6,,,0,10,,1622508,6,,,0,10,,1622399,6,,,0,10,,1622401,6,,,0,50,,1622509,6,,,0,11,,1622483,6,,,0,11,,1622482,6,,,0,10,,1622506,6,,,0,10,,1622486,6,,,0,50,,1622510,6,,,0
80502,'20261019',514,,1622640,6,,,0,10,,1622512,6,,,0,8,,1622513,6,,,0,9,,1622515,6,,,0,8,,1622516,6,,,0,9,,1622517,6,,,0,50,,1622643,6,,,0,9,,1622518,6,,,0,9,,1622519,6,,,0,8,,1622520,6,,,0,9,,1622514,6,,,0,8,,1622641,6,,,0,6,,1622642,6,,,0,47,,1622521,6,,,0,6,,1622522,6,,,0,8,,1622523,6,,,0,9,,1622525,6,,,0,6,,1622526,6,,,0,10,,1622527,6,,,0,10,,1622524,6,,,0,51,,1622528,6,,,0,11,,1622529,6,,,0,11,,1622530,6,,,0,11,,1622531,6,,,0,13,,1622619,6,,,0,50,,1622532,6,,,0,9,,1622533,6,,,0,10,,1622620,6,,,0,11,,1622534,6,,,0,10,,1622535,6,,,0,10,,1622621,6,,,0,50,,1622536,6,,,0,10,,1622537,6,,,0,10,,1622622,6,,,0,10,,1622538,6,,,0,10,,1622539,6,,,0,10,,1622623,6,,,0,50,,1622540,6,,,0,9,,1622541,6,,,0,10,,1622624,6,,,0,10,,1622543,6,,,0,10,,1622544,6,,,0,10,,1622545,6,,,0,10,,1622546,6,,,0,50,,1622625,6,,,0,10,,1622547,6,,,0,9,,1622548,6,,,0,10,,1622542,6,,,0,10,,1622549,6,,,0,10,,1622550,6,,,0,50,,1622551,6,,,0,9,,1622553,6,,,0,10,,1622552,6,,,0,9,,1622554,6,,,0,10,,1622555,6,,,0,11,,1622556,6,,,0,51,,1622557,6,,,0,9,,1622558,6,,,0,9,,1622559,6,,,0,5,,1622560,6,,,0,5,,1622561,6,,,0,4,,1622562,6,,,0,6,,1622563,6,,,0,6,,1622618,6,,,0,6,,1622564,6,,,0,47,,1622612,6,,,0,4,,1622565,6,,,0,7,,1622568,6,,,0,7,,1622569,6,,,0,7,,1622570,6,,,0,4,,1622571,6,,,0,5,,1622616,6,,,0,7,,1622567,6,,,0,8,,1622566,6,,,0,47,,1622573,6,,,0,6,,1622574,6,,,0,7,,1622575,6,,,0,8,,1622572,6,,,0,5,,1622576,6,,,0,10,,1622577,6,,,0,10,,1622578,6,,,0,8,,1622579,6,,,0,49,,1622580,6,,,0,6,,1622581,6,,,0,8,,1622582,6,,,0,8,,1622583,6,,,0,8,,1622584,6,,,0,10,,1622626,6,,,0,9,,1622585,6,,,0,52,,1622586,6,,,0,10,,1622587,6,,,0,10,,1622627,6,,,0,10,,1622589,6,,,0,13,,1622590,6,,,0,10,,1622628,6,,,0,51,,1622591,6,,,0,11,,1622629,6,,,0,10,,1622588,6,,,0,10,,1622592,6,,,0,10,,1622631,6,,,0,50,,1622593,6,,,0,10,,1622594,6,,,0,11,,1622595,6,,,0,10,,1622596,6,,,0,10,,1622597,6,,,0,10,,1622632,6,,,0,50,,1622598,6,,,0,10,,1622599,6,,,0,11,,1622633,6,,,0,10,,1622600,6,,,0,10,,1622602,6,,,0,11,,1622630,6,,,0,51,,1622603,6,,,0,12,,1622604,6,,,0,11,,1622634,6,,,0,9,,1622601,6,,,0,11,,1622605,6,,,0,10,,1622635,6,,,0,50,,1622606,6,,,0,10,,1622615,6,,,0,10,,1622636,6,,,0,10,,1622607,6,,,0,10,,1622608,6,,,0,10,,1622637,6,,,0,50,,1622613,6,,,0,10,,1622609,6,,,0,10,,1622638,6,,,0,10,,1622610,6,,,0,10,,1622611,6,,,0,10,,1622639,6,,,0,50,,1622614,6,,,0,9,,1622617,6,,,0
80502,'20261020',514,,1622772,6,,,0,10,,1622644,6,,,0,8,,1622645,6,,,0,9,,1622647,6,,,0,8,,1622648,6,,,0,9,,1622649,6,,,0,50,,1622775,6,,,0,9,,1622650,6,,,0,9,,1622651,6,,,0,8,,1622652,6,,,0,9,,1622646,6,,,0,8,,1622773,6,,,0,6,,1622774,6,,,0,47,,1622653,6,,,0,6,,1622654,6,,,0,8,,1622655,6,,,0,9,,1622657,6,,,0,6,,1622658,6,,,0,10,,1622659,6,,,0,10,,1622656,6,,,0,51,,1622660,6,,,0,11,,1622661,6,,,0,11,,1622662,6,,,0,11,,1622663,6,,,0,13,,1622751,6,,,0,50,,1622664,6,,,0,9,,1622665,6,,,0,10,,1622752,6,,,0,11,,1622666,6,,,0,10,,1622667,6,,,0,10,,1622753,6,,,0,50,,1622668,6,,,0,10,,1622669,6,,,0,10,,1622754,6,,,0,10,,1622670,6,,,0,10,,1622671,6,,,0,10,,1622755,6,,,0,50,,1622672,6,,,0,9,,1622673,6,,,0,10,,1622756,6,,,0,10,,1622675,6,,,0,10,,1622676,6,,,0,10,,1622677,6,,,0,10,,1622678,6,,,0,50,,1622757,6,,,0,10,,1622679,6,,,0,9,,1622680,6,,,0,10,,1622674,6,,,0,10,,1622681,6,,,0,10,,1622682,6,,,0,50,,1622683,6,,,0,9,,1622685,6,,,0,10,,1622684,6,,,0,9,,1622686,6,,,0,10,,1622687,6,,,0,11,,1622688,6,,,0,51,,1622689,6,,,0,9,,1622690,6,,,0,9,,1622691,6,,,0,5,,1622692,6,,,0,5,,1622693,6,,,0,4,,1622694,6,,,0,6,,1622695,6,,,0,6,,1622750,6,,,0,6,,1622696,6,,,0,47,,1622744,6,,,0,4,,1622697,6,,,0,7,,1622700,6,,,0,7,,1622701,6,,,0,7,,1622702,6,,,0,4,,1622703,6,,,0,5,,1622748,6,,,0,7,,1622699,6,,,0,8,,1622698,6,,,0,47,,1622705,6,,,0,6,,1622706,6,,,0,7,,1622707,6,,,0,8,,1622704,6,,,0,5,,1622708,6,,,0,10,,1622709,6,,,0,10,,1622710,6,,,0,8,,1622711,6,,,0,49,,1622712,6,,,0,6,,1622713,6,,,0,8,,1622714,6,,,0,8,,1622715,6,,,0,8,,1622716,6,,,0,10,,1622758,6,,,0,9,,1622717,6,,,0,52,,1622718,6,,,0,10,,1622719,6,,,0,10,,1622759,6,,,0,10,,1622721,6,,,0,13,,1622722,6,,,0,10,,1622760,6,,,0,51,,1622723,6,,,0,11,,1622761,6,,,0,10,,1622720,6,,,0,10,,1622724,6,,,0,10,,1622763,6,,,0,50,,1622725,6,,,0,10,,1622726,6,,,0,11,,1622727,6,,,0,10,,1622728,6,,,0,10,,1622729,6,,,0,10,,1622764,6,,,0,50,,1622730,6,,,0,10,,1622731,6,,,0,11,,1622765,6,,,0,10,,1622732,6,,,0,10,,1622734,6,,,0,11,,1622762,6,,,0,51,,1622735,6,,,0,12,,1622736,6,,,0,11,,1622766,6,,,0,9,,1622733,6,,,0,11,,1622737,6,,,0,10,,1622767,6,,,0,50,,1622738,6,,,0,10,,1622747,6,,,0,10,,1622768,6,,,0,10,,1622739,6,,,0,10,,1622740,6,,,0,10,,1622769,6,,,0,50,,1622745,6,,,0,10,,1622741,6,,,0,10,,1622770,6,,,0,10,,1622742,6,,,0,10,,1622743,6,,,0,10,,1622771,6,,,0,50,,1622746,6,,,0,9,,1622749,6,,,0
