1103,'20260929',606,,1542447,10,,,1,30,,1542448,10,,,1,70,,1542449,10,,,1,16,,1542450,10,,,1,16,,1542451,10,,,1,15,,1542452,10,,,1,54,,1542453,10,,,1,27,,1542454,10,,,1,69,,1542455,10,,,1,29,,1542456,10,,,1,70,,1542457,10,,,1,30,,1542458,10,,,1,70,,1542459,10,,,1,30,,1542460,10,,,1,70,,1542461,10,,,1,30,,1542462,10,,,1,70,,1542463,10,,,1,30,,1542464,10,,,1,71,,1542465,10,,,1,31,,1542466,10,,,1,71,,1542467,10,,,1,6,,1542468,10,,,1,4,,1542469,10,,,1,7,,1542470,10,,,1,5,,1542471,10,,,1,16,,1542472,10,,,1,16,,1542473,10,,,1,56,,1542474,10,,,1,16,,1542475,10,,,1,15,,1542476,10,,,1,54,,1542477,10,,,1,32,,1542478,10,,,1,68,,1542479,10,,,1,30,,1542480,10,,,1,70,,1542481,10,,,1,30,,1542482,10,,,1,71,,1542483,10,,,1,100,,1542484,10,,,1,100,,1542485,10,,,1,100,,1542486,10,,,1,99,,1542487,10,,,1
1103,'20260930',606,,1542488,10,,,1,30,,1542489,10,,,1,70,,1542490,10,,,1,16,,1542491,10,,,1,16,,1542492,10,,,1,15,,1542493,10,,,1,54,,1542494,10,,,1,27,,1542495,10,,,1,69,,1542496,10,,,1,29,,1542497,10,,,1,70,,1542498,10,,,1,30,,1542499,10,,,1,70,,1542500,10,,,1,30,,1542501,10,,,1,70,,1542502,10,,,1,30,,1542503,10,,,1,70,,1542504,10,,,1,30,,1542505,10,,,1,71,,1542506,10,,,1,31,,1542507,10,,,1,71,,1542508,10,,,1,6,,1542509,10,,,1,4,,1542510,10,,,1,7,,1542511,10,,,1,5,,1542512,10,,,1,16,,1542513,10,,,1,16,,1542514,10,,,1,56,,1542515,10,,,1,16,,1542516,10,,,1,15,,1542517,10,,,1,54,,1542518,10,,,1,32,,1542519,10,,,1,68,,1542520,10,,,1,30,,1542521,10,,,1,70,,1542522,10,,,1,30,,1542523,10,,,1,71,,1542524,10,,,1,100,,1542525,10,,,1,100,,1542526,10,,,1,100,,1542527,10,,,1,99,,1542528,10,,,1
1103,'20261001',606,,1542529,10,,,1,30,,1542530,10,,,1,70,,1542531,10,,,1,16,,1542532,10,,,1,16,,1542533,10,,,1,15,,1542534,10,,,1,54,,1542535,10,,,1,27,,1542536,10,,,1,69,,1542537,10,,,1,29,,1542538,10,,,1,70,,1542539,10,,,1,30,,1542540,10,,,1,70,,1542541,10,,,1,30,,1542542,10,,,1,70,,1542543,10,,,1,30,,1542544,10,,,1,70,,1542545,10,,,1,30,,1542546,10,,,1,71,,1542547,10,,,1,31,,1542548,10,,,1,71,,1542549,10,,,1,6,,1542550,10,,,1,4,,1542551,10,,,1,7,,1542552,10,,,1,5,,1542553,10,,,1,16,,1542554,10,,,1,16,,1542555,10,,,1,56,,1542556,10,,,1,16,,1542557,10,,,1,15,,1542558,10,,,1,54,,1542559,10,,,1,32,,1542560,10,,,1,68,,1542561,10,,,1,30,,1542562,10,,,1,70,,1542563,10,,,1,30,,1542564,10,,,1,71,,1542565,10,,,1,100,,1542566,10,,,1,100,,1542567,10,,,1,100,,1542568,10,,,1,99,,1542569,10,,,1
1103,'20261002',606,,1464996,10,,,1,30,,1464995,10,,,1,70,,1464997,10,,,1,16,,1465030,10,,,1,16,,1464998,10,,,1,15,,1464994,10,,,1,54,,1464999,10,,,1,27,,1465000,10,,,1,69,,1465001,10,,,1,29,,1465002,10,,,1,70,,1465003,10,,,1,30,,1465009,10,,,1,70,,1465004,10,,,1,30,,1465005,10,,,1,70,,1465006,10,,,1,30,,1465007,10,,,1,70,,1465008,10,,,1,30,,1465010,10,,,1,71,,1465016,10,,,1,31,,1465019,10,,,1,71,,1465024,10,,,1,6,,1465022,10,,,1,4,,1465015,10,,,1,7,,1465031,10,,,1,5,,1465034,10,,,1,16,,1465014,10,,,1,16,,1465021,10,,,1,56,,1465032,10,,,1,16,,1465013,10,,,1,15,,1465033,10,,,1,54,,1465025,10,,,1,32,,1465026,10,,,1,68,,1465011,10,,,1,30,,1465012,10,,,1,70,,1465017,10,,,1,30,,1465020,10,,,1,71,,1465027,10,,,1,100,,1465029,10,,,1,100,,1465023,10,,,1,100,,1465028,10,,,1,99,,1465018,10,,,1
1103,'20261003',605,,1488018,10,,,1,100,,1488017,10,,,1,100,,1487993,10,,,1,30,,1487994,10,,,1,70,,1487995,10,,,1,30,,1487996,10,,,1,70,,1487997,10,,,1,29,,1487998,10,,,1,70,,1487999,10,,,1,30,,1488000,10,,,1,69,,1488001,10,,,1,29,,1488002,10,,,1,70,,1488003,10,,,1,30,,1488004,10,,,1,70,,1488005,10,,,1,31,,1488006,10,,,1,69,,1488007,10,,,1,33,,1488008,10,,,1,66,,1488009,10,,,1,30,,1488010,10,,,1,70,,1488011,10,,,1,34,,1488012,10,,,1,69,,1488013,10,,,1,30,,1488014,10,,,1,70,,1488019,10,,,1,30,,1488015,10,,,1,70,,1488020,10,,,1,101,,1488021,10,,,1,100,,1488022,10,,,1,100,,1488023,10,,,1,100,,1488016,10,,,1
1103,'20261004',605,,1488053,10,,,1,100,,1488024,10,,,1,100,,1488025,10,,,1,30,,1488026,10,,,1,70,,1488027,10,,,1,30,,1488028,10,,,1,70,,1488029,10,,,1,29,,1488031,10,,,1,70,,1488032,10,,,1,30,,1488033,10,,,1,69,,1488030,10,,,1,29,,1488034,10,,,1,70,,1488035,10,,,1,30,,1488036,10,,,1,70,,1488037,10,,,1,31,,1488038,10,,,1,69,,1488039,10,,,1,33,,1488040,10,,,1,66,,1488041,10,,,1,30,,1488042,10,,,1,70,,1488043,10,,,1,34,,1488044,10,,,1,69,,1488045,10,,,1,30,,1488046,10,,,1,70,,1488047,10,,,1,30,,1488054,10,,,1,70,,1488048,10,,,1,101,,1488049,10,,,1,100,,1488050,10,,,1,100,,1488051,10,,,1,100,,1488052,10,,,1
1103,'20261005',606,,1488057,10,,,1,30,,1488056,10,,,1,70,,1488058,10,,,1,16,,1488091,10,,,1,16,,1488059,10,,,1,15,,1488055,10,,,1,54,,1488060,10,,,1,27,,1488061,10,,,1,69,,1488062,10,,,1,29,,1488063,10,,,1,70,,1488064,10,,,1,30,,1488070,10,,,1,70,,1488065,10,,,1,30,,1488066,10,,,1,70,,1488067,10,,,1,30,,1488068,10,,,1,70,,1488069,10,,,1,30,,1488071,10,,,1,71,,1488077,10,,,1,31,,1488080,10,,,1,71,,1488085,10,,,1,6,,1488083,10,,,1,4,,1488076,10,,,1,7,,1488092,10,,,1,5,,1488095,10,,,1,16,,1488075,10,,,1,16,,1488082,10,,,1,56,,1488093,10,,,1,16,,1488074,10,,,1,15,,1488094,10,,,1,54,,1488086,10,,,1,32,,1488087,10,,,1,68,,1488072,10,,,1,30,,1488073,10,,,1,70,,1488078,10,,,1,30,,1488081,10,,,1,71,,1488088,10,,,1,100,,1488090,10,,,1,100,,1488084,10,,,1,100,,1488089,10,,,1,99,,1488079,10,,,1
1103,'20261006',606,,1511817,10,,,1,30,,1511816,10,,,1,70,,1511818,10,,,1,16,,1511851,10,,,1,16,,1511819,10,,,1,15,,1511815,10,,,1,54,,1511820,10,,,1,27,,1511821,10,,,1,69,,1511822,10,,,1,29,,1511823,10,,,1,70,,1511824,10,,,1,30,,1511830,10,,,1,70,,1511825,10,,,1,30,,1511826,10,,,1,70,,1511827,10,,,1,30,,1511828,10,,,1,70,,1511829,10,,,1,30,,1511831,10,,,1,71,,1511837,10,,,1,31,,1511840,10,,,1,71,,1511845,10,,,1,6,,1511843,10,,,1,4,,1511836,10,,,1,7,,1511852,10,,,1,5,,1511855,10,,,1,16,,1511835,10,,,1,16,,1511842,10,,,1,56,,1511853,10,,,1,16,,1511834,10,,,1,15,,1511854,10,,,1,54,,1511846,10,,,1,32,,1511847,10,,,1,68,,1511832,10,,,1,30,,1511833,10,,,1,70,,1511838,10,,,1,30,,1511841,10,,,1,71,,1511848,10,,,1,100,,1511850,10,,,1,100,,1511844,10,,,1,100,,1511849,10,,,1,99,,1511839,10,,,1
1103,'20261007',606,,1511858,10,,,1,30,,1511857,10,,,1,70,,1511859,10,,,1,16,,1511892,10,,,1,16,,1511860,10,,,1,15,,1511856,10,,,1,54,,1511861,10,,,1,27,,1511862,10,,,1,69,,1511863,10,,,1,29,,1511864,10,,,1,70,,1511865,10,,,1,30,,1511871,10,,,1,70,,1511866,10,,,1,30,,1511867,10,,,1,70,,1511868,10,,,1,30,,1511869,10,,,1,70,,1511870,10,,,1,30,,1511872,10,,,1,71,,1511878,10,,,1,31,,1511881,10,,,1,71,,1511886,10,,,1,6,,1511884,10,,,1,4,,1511877,10,,,1,7,,1511893,10,,,1,5,,1511896,10,,,1,16,,1511876,10,,,1,16,,1511883,10,,,1,56,,1511894,10,,,1,16,,1511875,10,,,1,15,,1511895,10,,,1,54,,1511887,10,,,1,32,,1511888,10,,,1,68,,1511873,10,,,1,30,,1511874,10,,,1,70,,1511879,10,,,1,30,,1511882,10,,,1,71,,1511889,10,,,1,100,,1511891,10,,,1,100,,1511885,10,,,1,100,,1511890,10,,,1,99,,1511880,10,,,1
1103,'20261008',606,,1511899,10,,,1,30,,1511898,10,,,1,70,,1511900,10,,,1,16,,1511933,10,,,1,16,,1511901,10,,,1,15,,1511897,10,,,1,54,,1511902,10,,,1,27,,1511903,10,,,1,69,,1511904,10,,,1,29,,1511905,10,,,1,70,,1511906,10,,,1,30,,1511912,10,,,1,70,,1511907,10,,,1,30,,1511908,10,,,1,70,,1511909,10,,,1,30,,1511910,10,,,1,70,,1511911,10,,,1,30,,1511913,10,,,1,71,,1511919,10,,,1,31,,1511922,10,,,1,71,,1511927,10,,,1,6,,1511925,10,,,1,4,,1511918,10,,,1,7,,1511934,10,,,1,5,,1511937,10,,,1,16,,1511917,10,,,1,16,,1511924,10,,,1,56,,1511935,10,,,1,16,,1511916,10,,,1,15,,1511936,10,,,1,54,,1511928,10,,,1,32,,1511929,10,,,1,68,,1511914,10,,,1,30,,1511915,10,,,1,70,,1511920,10,,,1,30,,1511923,10,,,1,71,,1511930,10,,,1,100,,1511932,10,,,1,100,,1511926,10,,,1,100,,1511931,10,,,1,99,,1511921,10,,,1
1103,'20261009',606,,1511940,10,,,1,30,,1511939,10,,,1,70,,1511941,10,,,1,16,,1511974,10,,,1,16,,1511942,10,,,1,15,,1511938,10,,,1,54,,1511943,10,,,1,27,,1511944,10,,,1,69,,1511945,10,,,1,29,,1511946,10,,,1,70,,1511947,10,,,1,30,,1511953,10,,,1,70,,1511948,10,,,1,30,,1511949,10,,,1,70,,1511950,10,,,1,30,,1511951,10,,,1,70,,1511952,10,,,1,30,,1511954,10,,,1,71,,1511960,10,,,1,31,,1511963,10,,,1,71,,1511968,10,,,1,6,,1511966,10,,,1,4,,1511959,10,,,1,7,,1511975,10,,,1,5,,1511978,10,,,1,16,,1511958,10,,,1,16,,1511965,10,,,1,56,,1511976,10,,,1,16,,1511957,10,,,1,15,,1511977,10,,,1,54,,1511969,10,,,1,32,,1511970,10,,,1,68,,1511955,10,,,1,30,,1511956,10,,,1,70,,1511961,10,,,1,30,,1511964,10,,,1,71,,1511971,10,,,1,100,,1511973,10,,,1,100,,1511967,10,,,1,100,,1511972,10,,,1,99,,1511962,10,,,1
1103,'20261010',605,,1542595,10,,,1,100,,1542594,10,,,1,100,,1542570,10,,,1,30,,1542571,10,,,1,70,,1542572,10,,,1,30,,1542573,10,,,1,70,,1542574,10,,,1,29,,1542575,10,,,1,70,,1542576,10,,,1,30,,1542577,10,,,1,69,,1542578,10,,,1,29,,1542579,10,,,1,70,,1542580,10,,,1,30,,1542581,10,,,1,70,,1542582,10,,,1,31,,1542583,10,,,1,69,,1542584,10,,,1,33,,1542585,10,,,1,66,,1542586,10,,,1,30,,1542587,10,,,1,70,,1542588,10,,,1,34,,1542589,10,,,1,69,,1542590,10,,,1,30,,1542591,10,,,1,70,,1542596,10,,,1,30,,1542592,10,,,1,70,,1542597,10,,,1,101,,1542598,10,,,1,100,,1542599,10,,,1,100,,1542600,10,,,1,100,,1542593,10,,,1
1103,'20261011',605,,1542630,10,,,1,100,,1542601,10,,,1,100,,1542602,10,,,1,30,,1542603,10,,,1,70,,1542604,10,,,1,30,,1542605,10,,,1,70,,1542606,10,,,1,29,,1542608,10,,,1,70,,1542609,10,,,1,30,,1542610,10,,,1,69,,1542607,10,,,1,29,,1542611,10,,,1,70,,1542612,10,,,1,30,,1542613,10,,,1,70,,1542614,10,,,1,31,,1542615,10,,,1,69,,1542616,10,,,1,33,,1542617,10,,,1,66,,1542618,10,,,1,30,,1542619,10,,,1,70,,1542620,10,,,1,34,,1542621,10,,,1,69,,1542622,10,,,1,30,,1542623,10,,,1,70,,1542624,10,,,1,30,,1542631,10,,,1,70,,1542625,10,,,1,101,,1542626,10,,,1,100,,1542627,10,,,1,100,,1542628,10,,,1,100,,1542629,10,,,1
1103,'20261012',605,,1542661,10,,,1,100,,1542632,10,,,1,100,,1542633,10,,,1,30,,1542634,10,,,1,70,,1542635,10,,,1,30,,1542636,10,,,1,70,,1542637,10,,,1,29,,1542639,10,,,1,70,,1542640,10,,,1,30,,1542641,10,,,1,69,,1542638,10,,,1,29,,1542642,10,,,1,70,,1542643,10,,,1,30,,1542644,10,,,1,70,,1542645,10,,,1,31,,1542646,10,,,1,69,,1542647,10,,,1,33,,1542648,10,,,1,66,,1542649,10,,,1,30,,1542650,10,,,1,70,,1542651,10,,,1,34,,1542652,10,,,1,69,,1542653,10,,,1,30,,1542654,10,,,1,70,,1542655,10,,,1,30,,1542662,10,,,1,70,,1542656,10,,,1,101,,1542657,10,,,1,100,,1542658,10,,,1,100,,1542659,10,,,1,100,,1542660,10,,,1
80503,'20260929',523,,1560036,14,,,0,9,,1560037,14,,,0,11,,1560038,14,,,0,10,,1560039,14,,,0,50,,1560040,14,,,0,10,,1560041,14,,,0,10,,1560042,14,,,0,10,,1560043,14,,,0,10,,1560044,14,,,0,5,,1560045,14,,,0,8,,1560046,14,,,0,48,,1560047,14,,,0,5,,1560048,14,,,0,6,,1560049,14,,,0,5,,1560050,14,,,0,5,,1560051,14,,,0,5,,1560052,14,,,0,5,,1560053,14,,,0,5,,1560054,14,,,0,5,,1560055,14,,,0,5,,1560056,14,,,0,4,,1560057,14,,,0,47,,1560058,14,,,0,5,,1560059,14,,,0,8,,1560060,14,,,0,8,,1560061,14,,,0,8,,1560062,14,,,0,8,,1560063,14,,,0,9,,1560064,14,,,0,8,,1560065,14,,,0,48,,1560066,14,,,0,9,,1560067,14,,,0,10,,1560068,14,,,0,11,,1560069,14,,,0,8,,1560070,14,,,0,10,,1560071,14,,,0,51,,1560072,14,,,0,10,,1560073,14,,,0,10,,1560074,14,,,0,10,,1560075,14,,,0,8,,1560076,14,,,0,10,,1560077,14,,,0,50,,1560078,14,,,0,10,,1560079,14,,,0,10,,1560080,14,,,0,10,,1560081,14,,,0,11,,1560082,14,,,0,10,,1560083,14,,,0,50,,1560084,14,,,0,10,,1560085,14,,,0,10,,1560086,14,,,0,10,,1560087,14,,,0,10,,1560088,14,,,0,10,,1560089,14,,,0,50,,1560090,14,,,0,10,,1560091,14,,,0,10,,1560092,14,,,0,10,,1560093,14,,,0,10,,1560094,14,,,0,10,,1560095,14,,,0,50,,1560096,14,,,0,10,,1560097,14,,,0,9,,1560098,14,,,0,10,,1560099,14,,,0,6,,1560100,14,,,0,6,,1560101,14,,,0,7,,1560102,14,,,0,6,,1560103,14,,,0,45,,1560104,14,,,0,7,,1560105,14,,,0,6,,1560106,14,,,0,6,,1560107,14,,,0,6,,1560108,14,,,0,7,,1560109,14,,,0,7,,1560110,14,,,0,5,,1560111,14,,,0,7,,1560112,14,,,0,5,,1560113,14,,,0,47,,1560114,14,,,0,8,,1560115,14,,,0,7,,1560116,14,,,0,8,,1560117,14,,,0,8,,1560118,14,,,0,7,,1560119,14,,,0,7,,1560120,14,,,0,7,,1560121,14,,,0,50,,1560122,14,,,0,8,,1560123,14,,,0,8,,1560124,14,,,0,9,,1560125,14,,,0,9,,1560126,14,,,0,11,,1560127,14,,,0,51,,1560128,14,,,0,10,,1560129,14,,,0,10,,1560130,14,,,0,10,,1560131,14,,,0,9,,1560132,14,,,0,9,,1560133,14,,,0,10,,1560134,14,,,0,49,,1560135,14,,,0,10,,1560136,14,,,0,9,,1560137,14,,,0,10,,1560138,14,,,0,9,,1560139,14,,,0,11,,1560140,14,,,0,50,,1560141,14,,,0,10,,1560142,14,,,0,10,,1560143,14,,,0,10,,1560144,14,,,0,10,,1560145,14,,,0,10,,1560146,14,,,0,50,,1560147,14,,,0,10,,1560148,14,,,0,10,,1560149,14,,,0,10,,1560150,14,,,0,10,,1560151,14,,,0,10,,1560152,14,,,0,50,,1560153,14,,,0,10,,1560154,14,,,0,10,,1560155,14,,,0,10,,1560156,14,,,0,10,,1560157,14,,,0,10,,1560158,14,,,0,50,,1560159,14,,,0,10,,1560160,14,,,0,10,,1560161,14,,,0,10,,1560162,14,,,0,10,,1560163,14,,,0,10,,1560164,14,,,0,50,,1560165,14,,,0,10,,1560166,14,,,0,10,,1560167,14,,,0,10,,1560168,14,,,0,10,,1560169,14,,,0,10,,1560170,14,,,0,50,,1560171,14,,,0,10,,1560172,14,,,0,10,,1560173,14,,,0,10,,1560174,14,,,0
80503,'20260930',523,,1560175,14,,,0,9,,1560176,14,,,0,11,,1560177,14,,,0,10,,1560178,14,,,0,50,,1560179,14,,,0,10,,1560180,14,,,0,10,,1560181,14,,,0,10,,1560182,14,,,0,10,,1560183,14,,,0,5,,1560184,14,,,0,8,,1560185,14,,,0,48,,1560186,14,,,0,5,,1560187,14,,,0,6,,1560188,14,,,0,5,,1560189,14,,,0,5,,1560190,14,,,0,5,,1560191,14,,,0,5,,1560192,14,,,0,5,,1560193,14,,,0,5,,1560194,14,,,0,5,,1560195,14,,,0,4,,1560196,14,,,0,47,,1560197,14,,,0,5,,1560198,14,,,0,8,,1560199,14,,,0,8,,1560200,14,,,0,8,,1560201,14,,,0,8,,1560202,14,,,0,9,,1560203,14,,,0,8,,1560204,14,,,0,48,,1560205,14,,,0,9,,1560206,14,,,0,10,,1560207,14,,,0,11,,1560208,14,,,0,8,,1560209,14,,,0,10,,1560210,14,,,0,51,,1560211,14,,,0,10,,1560212,14,,,0,10,,1560213,14,,,0,10,,1560214,14,,,0,8,,1560215,14,,,0,10,,1560216,14,,,0,50,,1560217,14,,,0,10,,1560218,14,,,0,10,,1560219,14,,,0,10,,1560220,14,,,0,11,,1560221,14,,,0,10,,1560222,14,,,0,50,,1560223,14,,,0,10,,1560224,14,,,0,10,,1560225,14,,,0,10,,1560226,14,,,0,10,,1560227,14,,,0,10,,1560228,14,,,0,50,,1560229,14,,,0,10,,1560230,14,,,0,10,,1560231,14,,,0,10,,1560232,14,,,0,10,,1560233,14,,,0,10,,1560234,14,,,0,50,,1560235,14,,,0,10,,1560236,14,,,0,9,,1560237,14,,,0,10,,1560238,14,,,0,6,,1560239,14,,,0,6,,1560240,14,,,0,7,,1560241,14,,,0,6,,1560242,14,,,0,45,,1560243,14,,,0,7,,1560244,14,,,0,6,,1560245,14,,,0,6,,1560246,14,,,0,6,,1560247,14,,,0,7,,1560248,14,,,0,7,,1560249,14,,,0,5,,1560250,14,,,0,7,,1560251,14,,,0,5,,1560252,14,,,0,47,,1560253,14,,,0,8,,1560254,14,,,0,7,,1560255,14,,,0,8,,1560256,14,,,0,8,,1560257,14,,,0,7,,1560258,14,,,0,7,,1560259,14,,,0,7,,1560260,14,,,0,50,,1560261,14,,,0,8,,1560262,14,,,0,8,,1560263,14,,,0,9,,1560264,14,,,0,9,,1560265,14,,,0,11,,1560266,14,,,0,51,,1560267,14,,,0,10,,1560268,14,,,0,10,,1560269,14,,,0,10,,1560270,14,,,0,9,,1560271,14,,,0,9,,1560272,14,,,0,10,,1560273,14,,,0,49,,1560274,14,,,0,10,,1560275,14,,,0,9,,1560276,14,,,0,10,,1560277,14,,,0,9,,1560278,14,,,0,11,,1560279,14,,,0,50,,1560280,14,,,0,10,,1560281,14,,,0,10,,1560282,14,,,0,10,,1560283,14,,,0,10,,1560284,14,,,0,10,,1560285,14,,,0,50,,1560286,14,,,0,10,,1560287,14,,,0,10,,1560288,14,,,0,10,,1560289,14,,,0,10,,1560290,14,,,0,10,,1560291,14,,,0,50,,1560292,14,,,0,10,,1560293,14,,,0,10,,1560294,14,,,0,10,,1560295,14,,,0,10,,1560296,14,,,0,10,,1560297,14,,,0,50,,1560298,14,,,0,10,,1560299,14,,,0,10,,1560300,14,,,0,10,,1560301,14,,,0,10,,1560302,14,,,0,10,,1560303,14,,,0,50,,1560304,14,,,0,10,,1560305,14,,,0,10,,1560306,14,,,0,10,,1560307,14,,,0,10,,1560308,14,,,0,10,,1560309,14,,,0,50,,1560310,14,,,0,10,,1560311,14,,,0,10,,1560312,14,,,0,10,,1560313,14,,,0
80503,'20261001',523,,1560314,14,,,0,9,,1560315,14,,,0,11,,1560316,14,,,0,10,,1560317,14,,,0,50,,1560318,14,,,0,10,,1560319,14,,,0,10,,1560320,14,,,0,10,,1560321,14,,,0,10,,1560322,14,,,0,5,,1560323,14,,,0,8,,1560324,14,,,0,48,,1560325,14,,,0,5,,1560326,14,,,0,6,,1560327,14,,,0,5,,1560328,14,,,0,5,,1560329,14,,,0,5,,1560330,14,,,0,5,,1560331,14,,,0,5,,1560332,14,,,0,5,,1560333,14,,,0,5,,1560334,14,,,0,4,,1560335,14,,,0,47,,1560336,14,,,0,5,,1560337,14,,,0,8,,1560338,14,,,0,8,,1560339,14,,,0,8,,1560340,14,,,0,8,,1560341,14,,,0,9,,1560342,14,,,0,8,,1560343,14,,,0,48,,1560344,14,,,0,9,,1560345,14,,,0,10,,1560346,14,,,0,11,,1560347,14,,,0,8,,1560348,14,,,0,10,,1560349,14,,,0,51,,1560350,14,,,0,10,,1560351,14,,,0,10,,1560352,14,,,0,10,,1560353,14,,,0,8,,1560354,14,,,0,10,,1560355,14,,,0,50,,1560356,14,,,0,10,,1560357,14,,,0,10,,1560358,14,,,0,10,,1560359,14,,,0,11,,1560360,14,,,0,10,,1560361,14,,,0,50,,1560362,14,,,0,10,,1560363,14,,,0,10,,1560364,14,,,0,10,,1560365,14,,,0,10,,1560366,14,,,0,10,,1560367,14,,,0,50,,1560368,14,,,0,10,,1560369,14,,,0,10,,1560370,14,,,0,10,,1560371,14,,,0,10,,1560372,14,,,0,10,,1560373,14,,,0,50,,1560374,14,,,0,10,,1560375,14,,,0,9,,1560376,14,,,0,10,,1560377,14,,,0,6,,1560378,14,,,0,6,,1560379,14,,,0,7,,1560380,14,,,0,6,,1560381,14,,,0,45,,1560382,14,,,0,7,,1560383,14,,,0,6,,1560384,14,,,0,6,,1560385,14,,,0,6,,1560386,14,,,0,7,,1560387,14,,,0,7,,1560388,14,,,0,5,,1560389,14,,,0,7,,1560390,14,,,0,5,,1560391,14,,,0,47,,1560392,14,,,0,8,,1560393,14,,,0,7,,1560394,14,,,0,8,,1560395,14,,,0,8,,1560396,14,,,0,7,,1560397,14,,,0,7,,1560398,14,,,0,7,,1560399,14,,,0,50,,1560400,14,,,0,8,,1560401,14,,,0,8,,1560402,14,,,0,9,,1560403,14,,,0,9,,1560404,14,,,0,11,,1560405,14,,,0,51,,1560406,14,,,0,10,,1560407,14,,,0,10,,1560408,14,,,0,10,,1560409,14,,,0,9,,1560410,14,,,0,9,,1560411,14,,,0,10,,1560412,14,,,0,49,,1560413,14,,,0,10,,1560414,14,,,0,9,,1560415,14,,,0,10,,1560416,14,,,0,9,,1560417,14,,,0,11,,1560418,14,,,0,50,,1560419,14,,,0,10,,1560420,14,,,0,10,,1560421,14,,,0,10,,1560422,14,,,0,10,,1560423,14,,,0,10,,1560424,14,,,0,50,,1560425,14,,,0,10,,1560426,14,,,0,10,,1560427,14,,,0,10,,1560428,14,,,0,10,,1560429,14,,,0,10,,1560430,14,,,0,50,,1560431,14,,,0,10,,1560432,14,,,0,10,,1560433,14,,,0,10,,1560434,14,,,0,10,,1560435,14,,,0,10,,1560436,14,,,0,50,,1560437,14,,,0,10,,1560438,14,,,0,10,,1560439,14,,,0,10,,1560440,14,,,0,10,,1560441,14,,,0,10,,1560442,14,,,0,50,,1560443,14,,,0,10,,1560444,14,,,0,10,,1560445,14,,,0,10,,1560446,14,,,0,10,,1560447,14,,,0,10,,1560448,14,,,0,50,,1560449,14,,,0,10,,1560450,14,,,0,10,,1560451,14,,,0,10,,1560452,14,,,0
80503,'20261002',523,,1484484,14,,,0,9,,1484483,14,,,0,11,,1484361,14,,,0,10,,1484362,14,,,0,50,,1484363,14,,,0,10,,1484464,14,,,0,10,,1484364,14,,,0,10,,1484457,14,,,0,10,,1484365,14,,,0,5,,1484456,14,,,0,8,,1484366,14,,,0,48,,1484367,14,,,0,5,,1484368,14,,,0,6,,1484488,14,,,0,5,,1484493,14,,,0,5,,1484369,14,,,0,5,,1484494,14,,,0,5,,1484497,14,,,0,5,,1484454,14,,,0,5,,1484495,14,,,0,5,,1484455,14,,,0,4,,1484496,14,,,0,47,,1484370,14,,,0,5,,1484499,14,,,0,8,,1484371,14,,,0,8,,1484372,14,,,0,8,,1484373,14,,,0,8,,1484374,14,,,0,9,,1484453,14,,,0,8,,1484375,14,,,0,48,,1484376,14,,,0,9,,1484377,14,,,0,10,,1484379,14,,,0,11,,1484380,14,,,0,8,,1484378,14,,,0,10,,1484381,14,,,0,51,,1484462,14,,,0,10,,1484382,14,,,0,10,,1484383,14,,,0,10,,1484384,14,,,0,8,,1484385,14,,,0,10,,1484487,14,,,0,50,,1484466,14,,,0,10,,1484386,14,,,0,10,,1484388,14,,,0,10,,1484389,14,,,0,11,,1484467,14,,,0,10,,1484390,14,,,0,50,,1484387,14,,,0,10,,1484391,14,,,0,10,,1484392,14,,,0,10,,1484393,14,,,0,10,,1484394,14,,,0,10,,1484396,14,,,0,50,,1484397,14,,,0,10,,1484398,14,,,0,10,,1484468,14,,,0,10,,1484395,14,,,0,10,,1484469,14,,,0,10,,1484399,14,,,0,50,,1484400,14,,,0,10,,1484401,14,,,0,9,,1484402,14,,,0,10,,1484403,14,,,0,6,,1484458,14,,,0,6,,1484498,14,,,0,7,,1484404,14,,,0,6,,1484406,14,,,0,45,,1484489,14,,,0,7,,1484490,14,,,0,6,,1484407,14,,,0,6,,1484408,14,,,0,6,,1484405,14,,,0,7,,1484465,14,,,0,7,,1484492,14,,,0,5,,1484409,14,,,0,7,,1484460,14,,,0,5,,1484463,14,,,0,47,,1484410,14,,,0,8,,1484411,14,,,0,7,,1484412,14,,,0,8,,1484413,14,,,0,8,,1484414,14,,,0,7,,1484415,14,,,0,7,,1484416,14,,,0,7,,1484417,14,,,0,50,,1484418,14,,,0,8,,1484419,14,,,0,8,,1484420,14,,,0,9,,1484422,14,,,0,9,,1484423,14,,,0,11,,1484424,14,,,0,51,,1484421,14,,,0,10,,1484426,14,,,0,10,,1484427,14,,,0,10,,1484428,14,,,0,9,,1484425,14,,,0,9,,1484429,14,,,0,10,,1484470,14,,,0,49,,1484430,14,,,0,10,,1484431,14,,,0,9,,1484471,14,,,0,10,,1484432,14,,,0,9,,1484433,14,,,0,11,,1484472,14,,,0,50,,1484434,14,,,0,10,,1484435,14,,,0,10,,1484473,14,,,0,10,,1484436,14,,,0,10,,1484437,14,,,0,10,,1484474,14,,,0,50,,1484438,14,,,0,10,,1484439,14,,,0,10,,1484475,14,,,0,10,,1484440,14,,,0,10,,1484441,14,,,0,10,,1484476,14,,,0,50,,1484442,14,,,0,10,,1484443,14,,,0,10,,1484477,14,,,0,10,,1484444,14,,,0,10,,1484445,14,,,0,10,,1484478,14,,,0,50,,1484447,14,,,0,10,,1484448,14,,,0,10,,1484479,14,,,0,10,,1484449,14,,,0,10,,1484446,14,,,0,10,,1484480,14,,,0,50,,1484450,14,,,0,10,,1484451,14,,,0,10,,1484481,14,,,0,10,,1484452,14,,,0,10,,1484459,14,,,0,10,,1484482,14,,,0,50,,1484461,14,,,0,10,,1484485,14,,,0,10,,1484486,14,,,0,10,,1484491,14,,,0
80503,'20261003',544,,1507097,14,,,0,10,,1507187,14,,,0,50,,1507182,14,,,0,10,,1507099,14,,,0,10,,1507188,14,,,0,10,,1507100,14,,,0,10,,1507101,14,,,0,10,,1507181,14,,,0,50,,1507189,14,,,0,10,,1507102,14,,,0,11,,1507103,14,,,0,11,,1507104,14,,,0,10,,1507183,14,,,0,10,,1507186,14,,,0,49,,1507190,14,,,0,10,,1507098,14,,,0,9,,1507180,14,,,0,11,,1507105,14,,,0,10,,1507106,14,,,0,10,,1507107,14,,,0,49,,1507191,14,,,0,10,,1507108,14,,,0,11,,1507109,14,,,0,10,,1507110,14,,,0,10,,1507111,14,,,0,11,,1507112,14,,,0,50,,1507192,14,,,0,10,,1507113,14,,,0,10,,1507185,14,,,0,10,,1507114,14,,,0,11,,1507115,14,,,0,10,,1507116,14,,,0,50,,1507193,14,,,0,10,,1507117,14,,,0,11,,1507215,14,,,0,10,,1507118,14,,,0,10,,1507119,14,,,0,11,,1507120,14,,,0,50,,1507121,14,,,0,10,,1507194,14,,,0,10,,1507122,14,,,0,10,,1507123,14,,,0,10,,1507124,14,,,0,10,,1507125,14,,,0,50,,1507126,14,,,0,10,,1507195,14,,,0,10,,1507179,14,,,0,10,,1507127,14,,,0,10,,1507129,14,,,0,10,,1507130,14,,,0,51,,1507131,14,,,0,11,,1507196,14,,,0,8,,1507128,14,,,0,10,,1507133,14,,,0,10,,1507134,14,,,0,10,,1507135,14,,,0,49,,1507132,14,,,0,10,,1507197,14,,,0,10,,1507136,14,,,0,10,,1507137,14,,,0,9,,1507138,14,,,0,9,,1507139,14,,,0,50,,1507140,14,,,0,10,,1507198,14,,,0,10,,1507141,14,,,0,10,,1507142,14,,,0,10,,1507143,14,,,0,10,,1507144,14,,,0,49,,1507145,14,,,0,10,,1507199,14,,,0,10,,1507146,14,,,0,10,,1507147,14,,,0,11,,1507148,14,,,0,10,,1507149,14,,,0,50,,1507200,14,,,0,11,,1507150,14,,,0,10,,1507151,14,,,0,9,,1507152,14,,,0,9,,1507201,14,,,0,10,,1507153,14,,,0,50,,1507154,14,,,0,10,,1507202,14,,,0,10,,1507155,14,,,0,9,,1507156,14,,,0,10,,1507203,14,,,0,10,,1507157,14,,,0,50,,1507159,14,,,0,10,,1507204,14,,,0,10,,1507160,14,,,0,10,,1507161,14,,,0,11,,1507205,14,,,0,10,,1507158,14,,,0,50,,1507163,14,,,0,10,,1507206,14,,,0,10,,1507164,14,,,0,10,,1507165,14,,,0,10,,1507207,14,,,0,10,,1507162,14,,,0,50,,1507166,14,,,0,10,,1507208,14,,,0,10,,1507167,14,,,0,10,,1507168,14,,,0,10,,1507209,14,,,0,9,,1507169,14,,,0,50,,1507170,14,,,0,10,,1507210,14,,,0,10,,1507171,14,,,0,10,,1507172,14,,,0,10,,1507212,14,,,0,10,,1507178,14,,,0,50,,1507173,14,,,0,10,,1507213,14,,,0,10,,1507174,14,,,0,10,,1507175,14,,,0,10,,1507214,14,,,0,10,,1507184,14,,,0,50,,1507176,14,,,0,11,,1507211,14,,,0,12,,1507177,14,,,0
80503,'20261004',544,,1507306,14,,,0,10,,1507300,14,,,0,50,,1507307,14,,,0,10,,1507298,14,,,0,10,,1507296,14,,,0,10,,1507309,14,,,0,10,,1507301,14,,,0,10,,1507299,14,,,0,50,,1507297,14,,,0,10,,1507302,14,,,0,11,,1507295,14,,,0,11,,1507310,14,,,0,10,,1507280,14,,,0,10,,1507285,14,,,0,49,,1507273,14,,,0,10,,1507294,14,,,0,9,,1507287,14,,,0,11,,1507311,14,,,0,10,,1507275,14,,,0,10,,1507293,14,,,0,49,,1507286,14,,,0,10,,1507278,14,,,0,11,,1507290,14,,,0,10,,1507308,14,,,0,10,,1507291,14,,,0,11,,1507289,14,,,0,50,,1507276,14,,,0,10,,1507274,14,,,0,10,,1507288,14,,,0,10,,1507312,14,,,0,11,,1507292,14,,,0,10,,1507283,14,,,0,50,,1507284,14,,,0,10,,1507277,14,,,0,11,,1507279,14,,,0,10,,1507313,14,,,0,10,,1507282,14,,,0,11,,1507281,14,,,0,50,,1507257,14,,,0,10,,1507263,14,,,0,10,,1507254,14,,,0,10,,1507314,14,,,0,10,,1507264,14,,,0,10,,1507255,14,,,0,50,,1507261,14,,,0,10,,1507262,14,,,0,10,,1507272,14,,,0,10,,1507315,14,,,0,10,,1507256,14,,,0,10,,1507260,14,,,0,51,,1507268,14,,,0,11,,1507271,14,,,0,8,,1507269,14,,,0,10,,1507316,14,,,0,10,,1507270,14,,,0,10,,1507267,14,,,0,49,,1507266,14,,,0,10,,1507265,14,,,0,10,,1507259,14,,,0,10,,1507317,14,,,0,9,,1507258,14,,,0,9,,1507239,14,,,0,50,,1507237,14,,,0,10,,1507247,14,,,0,10,,1507236,14,,,0,10,,1507318,14,,,0,10,,1507240,14,,,0,10,,1507235,14,,,0,49,,1507248,14,,,0,10,,1507238,14,,,0,10,,1507252,14,,,0,10,,1507319,14,,,0,11,,1507251,14,,,0,10,,1507246,14,,,0,50,,1507244,14,,,0,11,,1507320,14,,,0,10,,1507249,14,,,0,9,,1507242,14,,,0,9,,1507321,14,,,0,10,,1507253,14,,,0,50,,1507234,14,,,0,10,,1507322,14,,,0,10,,1507241,14,,,0,9,,1507233,14,,,0,10,,1507323,14,,,0,10,,1507245,14,,,0,50,,1507232,14,,,0,10,,1507324,14,,,0,10,,1507243,14,,,0,10,,1507250,14,,,0,11,,1507325,14,,,0,10,,1507227,14,,,0,50,,1507231,14,,,0,10,,1507326,14,,,0,10,,1507221,14,,,0,10,,1507230,14,,,0,10,,1507327,14,,,0,10,,1507229,14,,,0,50,,1507220,14,,,0,10,,1507328,14,,,0,10,,1507228,14,,,0,10,,1507303,14,,,0,10,,1507329,14,,,0,9,,1507225,14,,,0,50,,1507226,14,,,0,10,,1507330,14,,,0,10,,1507224,14,,,0,10,,1507223,14,,,0,10,,1507331,14,,,0,10,,1507222,14,,,0,50,,1507218,14,,,0,10,,1507332,14,,,0,10,,1507216,14,,,0,10,,1507217,14,,,0,10,,1507333,14,,,0,10,,1507219,14,,,0,50,,1507304,14,,,0,11,,1507305,14,,,0,12,,1507334,14,,,0
80503,'20261005',523,,1507458,14,,,0,9,,1507457,14,,,0,11,,1507335,14,,,0,10,,1507336,14,,,0,50,,1507337,14,,,0,10,,1507438,14,,,0,10,,1507338,14,,,0,10,,1507431,14,,,0,10,,1507339,14,,,0,5,,1507430,14,,,0,8,,1507340,14,,,0,48,,1507341,14,,,0,5,,1507342,14,,,0,6,,1507462,14,,,0,5,,1507467,14,,,0,5,,1507343,14,,,0,5,,1507468,14,,,0,5,,1507471,14,,,0,5,,1507428,14,,,0,5,,1507469,14,,,0,5,,1507429,14,,,0,4,,1507470,14,,,0,47,,1507344,14,,,0,5,,1507473,14,,,0,8,,1507345,14,,,0,8,,1507346,14,,,0,8,,1507347,14,,,0,8,,1507348,14,,,0,9,,1507427,14,,,0,8,,1507349,14,,,0,48,,1507350,14,,,0,9,,1507351,14,,,0,10,,1507353,14,,,0,11,,1507354,14,,,0,8,,1507352,14,,,0,10,,1507355,14,,,0,51,,1507436,14,,,0,10,,1507356,14,,,0,10,,1507357,14,,,0,10,,1507358,14,,,0,8,,1507359,14,,,0,10,,1507461,14,,,0,50,,1507440,14,,,0,10,,1507360,14,,,0,10,,1507362,14,,,0,10,,1507363,14,,,0,11,,1507441,14,,,0,10,,1507364,14,,,0,50,,1507361,14,,,0,10,,1507365,14,,,0,10,,1507366,14,,,0,10,,1507367,14,,,0,10,,1507368,14,,,0,10,,1507370,14,,,0,50,,1507371,14,,,0,10,,1507372,14,,,0,10,,1507442,14,,,0,10,,1507369,14,,,0,10,,1507443,14,,,0,10,,1507373,14,,,0,50,,1507374,14,,,0,10,,1507375,14,,,0,9,,1507376,14,,,0,10,,1507377,14,,,0,6,,1507432,14,,,0,6,,1507472,14,,,0,7,,1507378,14,,,0,6,,1507380,14,,,0,45,,1507463,14,,,0,7,,1507464,14,,,0,6,,1507381,14,,,0,6,,1507382,14,,,0,6,,1507379,14,,,0,7,,1507439,14,,,0,7,,1507466,14,,,0,5,,1507383,14,,,0,7,,1507434,14,,,0,5,,1507437,14,,,0,47,,1507384,14,,,0,8,,1507385,14,,,0,7,,1507386,14,,,0,8,,1507387,14,,,0,8,,1507388,14,,,0,7,,1507389,14,,,0,7,,1507390,14,,,0,7,,1507391,14,,,0,50,,1507392,14,,,0,8,,1507393,14,,,0,8,,1507394,14,,,0,9,,1507396,14,,,0,9,,1507397,14,,,0,11,,1507398,14,,,0,51,,1507395,14,,,0,10,,1507400,14,,,0,10,,1507401,14,,,0,10,,1507402,14,,,0,9,,1507399,14,,,0,9,,1507403,14,,,0,10,,1507444,14,,,0,49,,1507404,14,,,0,10,,1507405,14,,,0,9,,1507445,14,,,0,10,,1507406,14,,,0,9,,1507407,14,,,0,11,,1507446,14,,,0,50,,1507408,14,,,0,10,,1507409,14,,,0,10,,1507447,14,,,0,10,,1507410,14,,,0,10,,1507411,14,,,0,10,,1507448,14,,,0,50,,1507412,14,,,0,10,,1507413,14,,,0,10,,1507449,14,,,0,10,,1507414,14,,,0,10,,1507415,14,,,0,10,,1507450,14,,,0,50,,1507416,14,,,0,10,,1507417,14,,,0,10,,1507451,14,,,0,10,,1507418,14,,,0,10,,1507419,14,,,0,10,,1507452,14,,,0,50,,1507421,14,,,0,10,,1507422,14,,,0,10,,1507453,14,,,0,10,,1507423,14,,,0,10,,1507420,14,,,0,10,,1507454,14,,,0,50,,1507424,14,,,0,10,,1507425,14,,,0,10,,1507455,14,,,0,10,,1507426,14,,,0,10,,1507433,14,,,0,10,,1507456,14,,,0,50,,1507435,14,,,0,10,,1507459,14,,,0,10,,1507460,14,,,0,10,,1507465,14,,,0
80503,'20261006',523,,1538303,14,,,0,9,,1538302,14,,,0,11,,1538180,14,,,0,10,,1538181,14,,,0,50,,1538182,14,,,0,10,,1538283,14,,,0,10,,1538183,14,,,0,10,,1538276,14,,,0,10,,1538184,14,,,0,5,,1538275,14,,,0,8,,1538185,14,,,0,48,,1538186,14,,,0,5,,1538187,14,,,0,6,,1538307,14,,,0,5,,1538312,14,,,0,5,,1538188,14,,,0,5,,1538313,14,,,0,5,,1538316,14,,,0,5,,1538273,14,,,0,5,,1538314,14,,,0,5,,1538274,14,,,0,4,,1538315,14,,,0,47,,1538189,14,,,0,5,,1538318,14,,,0,8,,1538190,14,,,0,8,,1538191,14,,,0,8,,1538192,14,,,0,8,,1538193,14,,,0,9,,1538272,14,,,0,8,,1538194,14,,,0,48,,1538195,14,,,0,9,,1538196,14,,,0,10,,1538198,14,,,0,11,,1538199,14,,,0,8,,1538197,14,,,0,10,,1538200,14,,,0,51,,1538281,14,,,0,10,,1538201,14,,,0,10,,1538202,14,,,0,10,,1538203,14,,,0,8,,1538204,14,,,0,10,,1538306,14,,,0,50,,1538285,14,,,0,10,,1538205,14,,,0,10,,1538207,14,,,0,10,,1538208,14,,,0,11,,1538286,14,,,0,10,,1538209,14,,,0,50,,1538206,14,,,0,10,,1538210,14,,,0,10,,1538211,14,,,0,10,,1538212,14,,,0,10,,1538213,14,,,0,10,,1538215,14,,,0,50,,1538216,14,,,0,10,,1538217,14,,,0,10,,1538287,14,,,0,10,,1538214,14,,,0,10,,1538288,14,,,0,10,,1538218,14,,,0,50,,1538219,14,,,0,10,,1538220,14,,,0,9,,1538221,14,,,0,10,,1538222,14,,,0,6,,1538277,14,,,0,6,,1538317,14,,,0,7,,1538223,14,,,0,6,,1538225,14,,,0,45,,1538308,14,,,0,7,,1538309,14,,,0,6,,1538226,14,,,0,6,,1538227,14,,,0,6,,1538224,14,,,0,7,,1538284,14,,,0,7,,1538311,14,,,0,5,,1538228,14,,,0,7,,1538279,14,,,0,5,,1538282,14,,,0,47,,1538229,14,,,0,8,,1538230,14,,,0,7,,1538231,14,,,0,8,,1538232,14,,,0,8,,1538233,14,,,0,7,,1538234,14,,,0,7,,1538235,14,,,0,7,,1538236,14,,,0,50,,1538237,14,,,0,8,,1538238,14,,,0,8,,1538239,14,,,0,9,,1538241,14,,,0,9,,1538242,14,,,0,11,,1538243,14,,,0,51,,1538240,14,,,0,10,,1538245,14,,,0,10,,1538246,14,,,0,10,,1538247,14,,,0,9,,1538244,14,,,0,9,,1538248,14,,,0,10,,1538289,14,,,0,49,,1538249,14,,,0,10,,1538250,14,,,0,9,,1538290,14,,,0,10,,1538251,14,,,0,9,,1538252,14,,,0,11,,1538291,14,,,0,50,,1538253,14,,,0,10,,1538254,14,,,0,10,,1538292,14,,,0,10,,1538255,14,,,0,10,,1538256,14,,,0,10,,1538293,14,,,0,50,,1538257,14,,,0,10,,1538258,14,,,0,10,,1538294,14,,,0,10,,1538259,14,,,0,10,,1538260,14,,,0,10,,1538295,14,,,0,50,,1538261,14,,,0,10,,1538262,14,,,0,10,,1538296,14,,,0,10,,1538263,14,,,0,10,,1538264,14,,,0,10,,1538297,14,,,0,50,,1538266,14,,,0,10,,1538267,14,,,0,10,,1538298,14,,,0,10,,1538268,14,,,0,10,,1538265,14,,,0,10,,1538299,14,,,0,50,,1538269,14,,,0,10,,1538270,14,,,0,10,,1538300,14,,,0,10,,1538271,14,,,0,10,,1538278,14,,,0,10,,1538301,14,,,0,50,,1538280,14,,,0,10,,1538304,14,,,0,10,,1538305,14,,,0,10,,1538310,14,,,0
80503,'20261007',523,,1538442,14,,,0,9,,1538441,14,,,0,11,,1538319,14,,,0,10,,1538320,14,,,0,50,,1538321,14,,,0,10,,1538422,14,,,0,10,,1538322,14,,,0,10,,1538415,14,,,0,10,,1538323,14,,,0,5,,1538414,14,,,0,8,,1538324,14,,,0,48,,1538325,14,,,0,5,,1538326,14,,,0,6,,1538446,14,,,0,5,,1538451,14,,,0,5,,1538327,14,,,0,5,,1538452,14,,,0,5,,1538455,14,,,0,5,,1538412,14,,,0,5,,1538453,14,,,0,5,,1538413,14,,,0,4,,1538454,14,,,0,47,,1538328,14,,,0,5,,1538457,14,,,0,8,,1538329,14,,,0,8,,1538330,14,,,0,8,,1538331,14,,,0,8,,1538332,14,,,0,9,,1538411,14,,,0,8,,1538333,14,,,0,48,,1538334,14,,,0,9,,1538335,14,,,0,10,,1538337,14,,,0,11,,1538338,14,,,0,8,,1538336,14,,,0,10,,1538339,14,,,0,51,,1538420,14,,,0,10,,1538340,14,,,0,10,,1538341,14,,,0,10,,1538342,14,,,0,8,,1538343,14,,,0,10,,1538445,14,,,0,50,,1538424,14,,,0,10,,1538344,14,,,0,10,,1538346,14,,,0,10,,1538347,14,,,0,11,,1538425,14,,,0,10,,1538348,14,,,0,50,,1538345,14,,,0,10,,1538349,14,,,0,10,,1538350,14,,,0,10,,1538351,14,,,0,10,,1538352,14,,,0,10,,1538354,14,,,0,50,,1538355,14,,,0,10,,1538356,14,,,0,10,,1538426,14,,,0,10,,1538353,14,,,0,10,,1538427,14,,,0,10,,1538357,14,,,0,50,,1538358,14,,,0,10,,1538359,14,,,0,9,,1538360,14,,,0,10,,1538361,14,,,0,6,,1538416,14,,,0,6,,1538456,14,,,0,7,,1538362,14,,,0,6,,1538364,14,,,0,45,,1538447,14,,,0,7,,1538448,14,,,0,6,,1538365,14,,,0,6,,1538366,14,,,0,6,,1538363,14,,,0,7,,1538423,14,,,0,7,,1538450,14,,,0,5,,1538367,14,,,0,7,,1538418,14,,,0,5,,1538421,14,,,0,47,,1538368,14,,,0,8,,1538369,14,,,0,7,,1538370,14,,,0,8,,1538371,14,,,0,8,,1538372,14,,,0,7,,1538373,14,,,0,7,,1538374,14,,,0,7,,1538375,14,,,0,50,,1538376,14,,,0,8,,1538377,14,,,0,8,,1538378,14,,,0,9,,1538380,14,,,0,9,,1538381,14,,,0,11,,1538382,14,,,0,51,,1538379,14,,,0,10,,1538384,14,,,0,10,,1538385,14,,,0,10,,1538386,14,,,0,9,,1538383,14,,,0,9,,1538387,14,,,0,10,,1538428,14,,,0,49,,1538388,14,,,0,10,,1538389,14,,,0,9,,1538429,14,,,0,10,,1538390,14,,,0,9,,1538391,14,,,0,11,,1538430,14,,,0,50,,1538392,14,,,0,10,,1538393,14,,,0,10,,1538431,14,,,0,10,,1538394,14,,,0,10,,1538395,14,,,0,10,,1538432,14,,,0,50,,1538396,14,,,0,10,,1538397,14,,,0,10,,1538433,14,,,0,10,,1538398,14,,,0,10,,1538399,14,,,0,10,,1538434,14,,,0,50,,1538400,14,,,0,10,,1538401,14,,,0,10,,1538435,14,,,0,10,,1538402,14,,,0,10,,1538403,14,,,0,10,,1538436,14,,,0,50,,1538405,14,,,0,10,,1538406,14,,,0,10,,1538437,14,,,0,10,,1538407,14,,,0,10,,1538404,14,,,0,10,,1538438,14,,,0,50,,1538408,14,,,0,10,,1538409,14,,,0,10,,1538439,14,,,0,10,,1538410,14,,,0,10,,1538417,14,,,0,10,,1538440,14,,,0,50,,1538419,14,,,0,10,,1538443,14,,,0,10,,1538444,14,,,0,10,,1538449,14,,,0
80503,'20261008',523,,1538581,14,,,0,9,,1538580,14,,,0,11,,1538458,14,,,0,10,,1538459,14,,,0,50,,1538460,14,,,0,10,,1538561,14,,,0,10,,1538461,14,,,0,10,,1538554,14,,,0,10,,1538462,14,,,0,5,,1538553,14,,,0,8,,1538463,14,,,0,48,,1538464,14,,,0,5,,1538465,14,,,0,6,,1538585,14,,,0,5,,1538590,14,,,0,5,,1538466,14,,,0,5,,1538591,14,,,0,5,,1538594,14,,,0,5,,1538551,14,,,0,5,,1538592,14,,,0,5,,1538552,14,,,0,4,,1538593,14,,,0,47,,1538467,14,,,0,5,,1538596,14,,,0,8,,1538468,14,,,0,8,,1538469,14,,,0,8,,1538470,14,,,0,8,,1538471,14,,,0,9,,1538550,14,,,0,8,,1538472,14,,,0,48,,1538473,14,,,0,9,,1538474,14,,,0,10,,1538476,14,,,0,11,,1538477,14,,,0,8,,1538475,14,,,0,10,,1538478,14,,,0,51,,1538559,14,,,0,10,,1538479,14,,,0,10,,1538480,14,,,0,10,,1538481,14,,,0,8,,1538482,14,,,0,10,,1538584,14,,,0,50,,1538563,14,,,0,10,,1538483,14,,,0,10,,1538485,14,,,0,10,,1538486,14,,,0,11,,1538564,14,,,0,10,,1538487,14,,,0,50,,1538484,14,,,0,10,,1538488,14,,,0,10,,1538489,14,,,0,10,,1538490,14,,,0,10,,1538491,14,,,0,10,,1538493,14,,,0,50,,1538494,14,,,0,10,,1538495,14,,,0,10,,1538565,14,,,0,10,,1538492,14,,,0,10,,1538566,14,,,0,10,,1538496,14,,,0,50,,1538497,14,,,0,10,,1538498,14,,,0,9,,1538499,14,,,0,10,,1538500,14,,,0,6,,1538555,14,,,0,6,,1538595,14,,,0,7,,1538501,14,,,0,6,,1538503,14,,,0,45,,1538586,14,,,0,7,,1538587,14,,,0,6,,1538504,14,,,0,6,,1538505,14,,,0,6,,1538502,14,,,0,7,,1538562,14,,,0,7,,1538589,14,,,0,5,,1538506,14,,,0,7,,1538557,14,,,0,5,,1538560,14,,,0,47,,1538507,14,,,0,8,,1538508,14,,,0,7,,1538509,14,,,0,8,,1538510,14,,,0,8,,1538511,14,,,0,7,,1538512,14,,,0,7,,1538513,14,,,0,7,,1538514,14,,,0,50,,1538515,14,,,0,8,,1538516,14,,,0,8,,1538517,14,,,0,9,,1538519,14,,,0,9,,1538520,14,,,0,11,,1538521,14,,,0,51,,1538518,14,,,0,10,,1538523,14,,,0,10,,1538524,14,,,0,10,,1538525,14,,,0,9,,1538522,14,,,0,9,,1538526,14,,,0,10,,1538567,14,,,0,49,,1538527,14,,,0,10,,1538528,14,,,0,9,,1538568,14,,,0,10,,1538529,14,,,0,9,,1538530,14,,,0,11,,1538569,14,,,0,50,,1538531,14,,,0,10,,1538532,14,,,0,10,,1538570,14,,,0,10,,1538533,14,,,0,10,,1538534,14,,,0,10,,1538571,14,,,0,50,,1538535,14,,,0,10,,1538536,14,,,0,10,,1538572,14,,,0,10,,1538537,14,,,0,10,,1538538,14,,,0,10,,1538573,14,,,0,50,,1538539,14,,,0,10,,1538540,14,,,0,10,,1538574,14,,,0,10,,1538541,14,,,0,10,,1538542,14,,,0,10,,1538575,14,,,0,50,,1538544,14,,,0,10,,1538545,14,,,0,10,,1538576,14,,,0,10,,1538546,14,,,0,10,,1538543,14,,,0,10,,1538577,14,,,0,50,,1538547,14,,,0,10,,1538548,14,,,0,10,,1538578,14,,,0,10,,1538549,14,,,0,10,,1538556,14,,,0,10,,1538579,14,,,0,50,,1538558,14,,,0,10,,1538582,14,,,0,10,,1538583,14,,,0,10,,1538588,14,,,0
80503,'20261009',523,,1538720,14,,,0,9,,1538719,14,,,0,11,,1538597,14,,,0,10,,1538598,14,,,0,50,,1538599,14,,,0,10,,1538700,14,,,0,10,,1538600,14,,,0,10,,1538693,14,,,0,10,,1538601,14,,,0,5,,1538692,14,,,0,8,,1538602,14,,,0,48,,1538603,14,,,0,5,,1538604,14,,,0,6,,1538724,14,,,0,5,,1538729,14,,,0,5,,1538605,14,,,0,5,,1538730,14,,,0,5,,1538733,14,,,0,5,,1538690,14,,,0,5,,1538731,14,,,0,5,,1538691,14,,,0,4,,1538732,14,,,0,47,,1538606,14,,,0,5,,1538735,14,,,0,8,,1538607,14,,,0,8,,1538608,14,,,0,8,,1538609,14,,,0,8,,1538610,14,,,0,9,,1538689,14,,,0,8,,1538611,14,,,0,48,,1538612,14,,,0,9,,1538613,14,,,0,10,,1538615,14,,,0,11,,1538616,14,,,0,8,,1538614,14,,,0,10,,1538617,14,,,0,51,,1538698,14,,,0,10,,1538618,14,,,0,10,,1538619,14,,,0,10,,1538620,14,,,0,8,,1538621,14,,,0,10,,1538723,14,,,0,50,,1538702,14,,,0,10,,1538622,14,,,0,10,,1538624,14,,,0,10,,1538625,14,,,0,11,,1538703,14,,,0,10,,1538626,14,,,0,50,,1538623,14,,,0,10,,1538627,14,,,0,10,,1538628,14,,,0,10,,1538629,14,,,0,10,,1538630,14,,,0,10,,1538632,14,,,0,50,,1538633,14,,,0,10,,1538634,14,,,0,10,,1538704,14,,,0,10,,1538631,14,,,0,10,,1538705,14,,,0,10,,1538635,14,,,0,50,,1538636,14,,,0,10,,1538637,14,,,0,9,,1538638,14,,,0,10,,1538639,14,,,0,6,,1538694,14,,,0,6,,1538734,14,,,0,7,,1538640,14,,,0,6,,1538642,14,,,0,45,,1538725,14,,,0,7,,1538726,14,,,0,6,,1538643,14,,,0,6,,1538644,14,,,0,6,,1538641,14,,,0,7,,1538701,14,,,0,7,,1538728,14,,,0,5,,1538645,14,,,0,7,,1538696,14,,,0,5,,1538699,14,,,0,47,,1538646,14,,,0,8,,1538647,14,,,0,7,,1538648,14,,,0,8,,1538649,14,,,0,8,,1538650,14,,,0,7,,1538651,14,,,0,7,,1538652,14,,,0,7,,1538653,14,,,0,50,,1538654,14,,,0,8,,1538655,14,,,0,8,,1538656,14,,,0,9,,1538658,14,,,0,9,,1538659,14,,,0,11,,1538660,14,,,0,51,,1538657,14,,,0,10,,1538662,14,,,0,10,,1538663,14,,,0,10,,1538664,14,,,0,9,,1538661,14,,,0,9,,1538665,14,,,0,10,,1538706,14,,,0,49,,1538666,14,,,0,10,,1538667,14,,,0,9,,1538707,14,,,0,10,,1538668,14,,,0,9,,1538669,14,,,0,11,,1538708,14,,,0,50,,1538670,14,,,0,10,,1538671,14,,,0,10,,1538709,14,,,0,10,,1538672,14,,,0,10,,1538673,14,,,0,10,,1538710,14,,,0,50,,1538674,14,,,0,10,,1538675,14,,,0,10,,1538711,14,,,0,10,,1538676,14,,,0,10,,1538677,14,,,0,10,,1538712,14,,,0,50,,1538678,14,,,0,10,,1538679,14,,,0,10,,1538713,14,,,0,10,,1538680,14,,,0,10,,1538681,14,,,0,10,,1538714,14,,,0,50,,1538683,14,,,0,10,,1538684,14,,,0,10,,1538715,14,,,0,10,,1538685,14,,,0,10,,1538682,14,,,0,10,,1538716,14,,,0,50,,1538686,14,,,0,10,,1538687,14,,,0,10,,1538717,14,,,0,10,,1538688,14,,,0,10,,1538695,14,,,0,10,,1538718,14,,,0,50,,1538697,14,,,0,10,,1538721,14,,,0,10,,1538722,14,,,0,10,,1538727,14,,,0
80503,'20261010',544,,1560453,14,,,0,10,,1560543,14,,,0,50,,1560538,14,,,0,10,,1560455,14,,,0,10,,1560544,14,,,0,10,,1560456,14,,,0,10,,1560457,14,,,0,10,,1560537,14,,,0,50,,1560545,14,,,0,10,,1560458,14,,,0,11,,1560459,14,,,0,11,,1560460,14,,,0,10,,1560539,14,,,0,10,,1560542,14,,,0,49,,1560546,14,,,0,10,,1560454,14,,,0,9,,1560536,14,,,0,11,,1560461,14,,,0,10,,1560462,14,,,0,10,,1560463,14,,,0,49,,1560547,14,,,0,10,,1560464,14,,,0,11,,1560465,14,,,0,10,,1560466,14,,,0,10,,1560467,14,,,0,11,,1560468,14,,,0,50,,1560548,14,,,0,10,,1560469,14,,,0,10,,1560541,14,,,0,10,,1560470,14,,,0,11,,1560471,14,,,0,10,,1560472,14,,,0,50,,1560549,14,,,0,10,,1560473,14,,,0,11,,1560571,14,,,0,10,,1560474,14,,,0,10,,1560475,14,,,0,11,,1560476,14,,,0,50,,1560477,14,,,0,10,,1560550,14,,,0,10,,1560478,14,,,0,10,,1560479,14,,,0,10,,1560480,14,,,0,10,,1560481,14,,,0,50,,1560482,14,,,0,10,,1560551,14,,,0,10,,1560535,14,,,0,10,,1560483,14,,,0,10,,1560485,14,,,0,10,,1560486,14,,,0,51,,1560487,14,,,0,11,,1560552,14,,,0,8,,1560484,14,,,0,10,,1560489,14,,,0,10,,1560490,14,,,0,10,,1560491,14,,,0,49,,1560488,14,,,0,10,,1560553,14,,,0,10,,1560492,14,,,0,10,,1560493,14,,,0,9,,1560494,14,,,0,9,,1560495,14,,,0,50,,1560496,14,,,0,10,,1560554,14,,,0,10,,1560497,14,,,0,10,,1560498,14,,,0,10,,1560499,14,,,0,10,,1560500,14,,,0,49,,1560501,14,,,0,10,,1560555,14,,,0,10,,1560502,14,,,0,10,,1560503,14,,,0,11,,1560504,14,,,0,10,,1560505,14,,,0,50,,1560556,14,,,0,11,,1560506,14,,,0,10,,1560507,14,,,0,9,,1560508,14,,,0,9,,1560557,14,,,0,10,,1560509,14,,,0,50,,1560510,14,,,0,10,,1560558,14,,,0,10,,1560511,14,,,0,9,,1560512,14,,,0,10,,1560559,14,,,0,10,,1560513,14,,,0,50,,1560515,14,,,0,10,,1560560,14,,,0,10,,1560516,14,,,0,10,,1560517,14,,,0,11,,1560561,14,,,0,10,,1560514,14,,,0,50,,1560519,14,,,0,10,,1560562,14,,,0,10,,1560520,14,,,0,10,,1560521,14,,,0,10,,1560563,14,,,0,10,,1560518,14,,,0,50,,1560522,14,,,0,10,,1560564,14,,,0,10,,1560523,14,,,0,10,,1560524,14,,,0,10,,1560565,14,,,0,9,,1560525,14,,,0,50,,1560526,14,,,0,10,,1560566,14,,,0,10,,1560527,14,,,0,10,,1560528,14,,,0,10,,1560568,14,,,0,10,,1560534,14,,,0,50,,1560529,14,,,0,10,,1560569,14,,,0,10,,1560530,14,,,0,10,,1560531,14,,,0,10,,1560570,14,,,0,10,,1560540,14,,,0,50,,1560532,14,,,0,11,,1560567,14,,,0,12,,1560533,14,,,0
80503,'20261011',544,,1560662,14,,,0,10,,1560656,14,,,0,50,,1560663,14,,,0,10,,1560654,14,,,0,10,,1560652,14,,,0,10,,1560665,14,,,0,10,,1560657,14,,,0,10,,1560655,14,,,0,50,,1560653,14,,,0,10,,1560658,14,,,0,11,,1560651,14,,,0,11,,1560666,14,,,0,10,,1560636,14,,,0,10,,1560641,14,,,0,49,,1560629,14,,,0,10,,1560650,14,,,0,9,,1560643,14,,,0,11,,1560667,14,,,0,10,,1560631,14,,,0,10,,1560649,14,,,0,49,,1560642,14,,,0,10,,1560634,14,,,0,11,,1560646,14,,,0,10,,1560664,14,,,0,10,,1560647,14,,,0,11,,1560645,14,,,0,50,,1560632,14,,,0,10,,1560630,14,,,0,10,,1560644,14,,,0,10,,1560668,14,,,0,11,,1560648,14,,,0,10,,1560639,14,,,0,50,,1560640,14,,,0,10,,1560633,14,,,0,11,,1560635,14,,,0,10,,1560669,14,,,0,10,,1560638,14,,,0,11,,1560637,14,,,0,50,,1560613,14,,,0,10,,1560619,14,,,0,10,,1560610,14,,,0,10,,1560670,14,,,0,10,,1560620,14,,,0,10,,1560611,14,,,0,50,,1560617,14,,,0,10,,1560618,14,,,0,10,,1560628,14,,,0,10,,1560671,14,,,0,10,,1560612,14,,,0,10,,1560616,14,,,0,51,,1560624,14,,,0,11,,1560627,14,,,0,8,,1560625,14,,,0,10,,1560672,14,,,0,10,,1560626,14,,,0,10,,1560623,14,,,0,49,,1560622,14,,,0,10,,1560621,14,,,0,10,,1560615,14,,,0,10,,1560673,14,,,0,9,,1560614,14,,,0,9,,1560595,14,,,0,50,,1560593,14,,,0,10,,1560603,14,,,0,10,,1560592,14,,,0,10,,1560674,14,,,0,10,,1560596,14,,,0,10,,1560591,14,,,0,49,,1560604,14,,,0,10,,1560594,14,,,0,10,,1560608,14,,,0,10,,1560675,14,,,0,11,,1560607,14,,,0,10,,1560602,14,,,0,50,,1560600,14,,,0,11,,1560676,14,,,0,10,,1560605,14,,,0,9,,1560598,14,,,0,9,,1560677,14,,,0,10,,1560609,14,,,0,50,,1560590,14,,,0,10,,1560678,14,,,0,10,,1560597,14,,,0,9,,1560589,14,,,0,10,,1560679,14,,,0,10,,1560601,14,,,0,50,,1560588,14,,,0,10,,1560680,14,,,0,10,,1560599,14,,,0,10,,1560606,14,,,0,11,,1560681,14,,,0,10,,1560583,14,,,0,50,,1560587,14,,,0,10,,1560682,14,,,0,10,,1560577,14,,,0,10,,1560586,14,,,0,10,,1560683,14,,,0,10,,1560585,14,,,0,50,,1560576,14,,,0,10,,1560684,14,,,0,10,,1560584,14,,,0,10,,1560659,14,,,0,10,,1560685,14,,,0,9,,1560581,14,,,0,50,,1560582,14,,,0,10,,1560686,14,,,0,10,,1560580,14,,,0,10,,1560579,14,,,0,10,,1560687,14,,,0,10,,1560578,14,,,0,50,,1560574,14,,,0,10,,1560688,14,,,0,10,,1560572,14,,,0,10,,1560573,14,,,0,10,,1560689,14,,,0,10,,1560575,14,,,0,50,,1560660,14,,,0,11,,1560661,14,,,0,12,,1560690,14,,,0
80503,'20261012',544,,1560781,14,,,0,10,,1560775,14,,,0,50,,1560782,14,,,0,10,,1560773,14,,,0,10,,1560771,14,,,0,10,,1560784,14,,,0,10,,1560776,14,,,0,10,,1560774,14,,,0,50,,1560772,14,,,0,10,,1560777,14,,,0,11,,1560770,14,,,0,11,,1560785,14,,,0,10,,1560755,14,,,0,10,,1560760,14,,,0,49,,1560748,14,,,0,10,,1560769,14,,,0,9,,1560762,14,,,0,11,,1560786,14,,,0,10,,1560750,14,,,0,10,,1560768,14,,,0,49,,1560761,14,,,0,10,,1560753,14,,,0,11,,1560765,14,,,0,10,,1560783,14,,,0,10,,1560766,14,,,0,11,,1560764,14,,,0,50,,1560751,14,,,0,10,,1560749,14,,,0,10,,1560763,14,,,0,10,,1560787,14,,,0,11,,1560767,14,,,0,10,,1560758,14,,,0,50,,1560759,14,,,0,10,,1560752,14,,,0,11,,1560754,14,,,0,10,,1560788,14,,,0,10,,1560757,14,,,0,11,,1560756,14,,,0,50,,1560732,14,,,0,10,,1560738,14,,,0,10,,1560729,14,,,0,10,,1560789,14,,,0,10,,1560739,14,,,0,10,,1560730,14,,,0,50,,1560736,14,,,0,10,,1560737,14,,,0,10,,1560747,14,,,0,10,,1560790,14,,,0,10,,1560731,14,,,0,10,,1560735,14,,,0,51,,1560743,14,,,0,11,,1560746,14,,,0,8,,1560744,14,,,0,10,,1560791,14,,,0,10,,1560745,14,,,0,10,,1560742,14,,,0,49,,1560741,14,,,0,10,,1560740,14,,,0,10,,1560734,14,,,0,10,,1560792,14,,,0,9,,1560733,14,,,0,9,,1560714,14,,,0,50,,1560712,14,,,0,10,,1560722,14,,,0,10,,1560711,14,,,0,10,,1560793,14,,,0,10,,1560715,14,,,0,10,,1560710,14,,,0,49,,1560723,14,,,0,10,,1560713,14,,,0,10,,1560727,14,,,0,10,,1560794,14,,,0,11,,1560726,14,,,0,10,,1560721,14,,,0,50,,1560719,14,,,0,11,,1560795,14,,,0,10,,1560724,14,,,0,9,,1560717,14,,,0,9,,1560796,14,,,0,10,,1560728,14,,,0,50,,1560709,14,,,0,10,,1560797,14,,,0,10,,1560716,14,,,0,9,,1560708,14,,,0,10,,1560798,14,,,0,10,,1560720,14,,,0,50,,1560707,14,,,0,10,,1560799,14,,,0,10,,1560718,14,,,0,10,,1560725,14,,,0,11,,1560800,14,,,0,10,,1560702,14,,,0,50,,1560706,14,,,0,10,,1560801,14,,,0,10,,1560696,14,,,0,10,,1560705,14,,,0,10,,1560802,14,,,0,10,,1560704,14,,,0,50,,1560695,14,,,0,10,,1560803,14,,,0,10,,1560703,14,,,0,10,,1560778,14,,,0,10,,1560804,14,,,0,9,,1560700,14,,,0,50,,1560701,14,,,0,10,,1560805,14,,,0,10,,1560699,14,,,0,10,,1560698,14,,,0,10,,1560806,14,,,0,10,,1560697,14,,,0,50,,1560693,14,,,0,10,,1560807,14,,,0,10,,1560691,14,,,0,10,,1560692,14,,,0,10,,1560808,14,,,0,10,,1560694,14,,,0,50,,1560779,14,,,0,11,,1560780,14,,,0,12,,1560809,14,,,0
92503,'20261002',2539,,1485588,10,,,0,170,,1485589,10,,,0
92503,'20261003',2539,,1508556,10,,,0,170,,1508555,10,,,0
92503,'20261009',2539,,1540213,10,,,0,170,,1540214,10,,,0
92503,'20261010',2539,,1561857,10,,,0,170,,1561856,10,,,0
99103,'20261002',2539,,1485616,10,,,0,170,,1485617,10,,,0
99103,'20261003',2539,,1508569,10,,,0,170,,1508570,10,,,0
99103,'20261009',2539,,1540255,10,,,0,170,,1540256,10,,,0
99103,'20261010',2539,,1561870,10,,,0,170,,1561871,10,,,0
99203,'20261002',2539,,1485620,10,,,0,170,,1485621,10,,,0
99203,'20261003',2539,,1508571,10,,,0,170,,1508572,10,,,0
99203,'20261009',2539,,1540261,10,,,0,170,,1540262,10,,,0
99203,'20261010',2539,,1561872,10,,,0,170,,1561873,10,,,0
