2801,'20260929',554,,1544169,5,,,0,70,,1544170,5,,,0,28,,1544171,5,,,0,57,,1544172,5,,,0,13,,1544173,5,,,0,10,,1544174,5,,,0,11,,1544175,5,,,0,13,,1544176,5,,,0,56,,1544177,5,,,0,15,,1544178,5,,,0,13,,1544179,5,,,0,15,,1544180,5,,,0,69,,1544181,5,,,0,30,,1544182,5,,,0,70,,1544183,5,,,0,30,,1544184,5,,,0,70,,1544185,5,,,0,31,,1544186,5,,,0,71,,1544187,5,,,0,29,,1544188,5,,,0,71,,1544189,5,,,0,29,,1544190,5,,,0,71,,1544191,5,,,0,29,,1544192,5,,,0,70,,1544193,5,,,0,31,,1544194,5,,,0,70,,1544195,5,,,0,74,,1544196,5,,,0,26,,1544197,5,,,0,30,,1544198,5,,,0,69,,1544199,5,,,0,29,,1544200,5,,,0,71,,1544201,5,,,0,31,,1544202,5,,,0,71,,1544203,5,,,0,31,,1544204,5,,,0,71,,1544205,5,,,0,28,,1544206,5,,,0,69,,1544207,5,,,0,29,,1544208,5,,,0,69,,1544209,5,,,0,30,,1544210,5,,,0
2801,'20260930',554,,1544211,5,,,0,70,,1544212,5,,,0,28,,1544213,5,,,0,57,,1544214,5,,,0,13,,1544215,5,,,0,10,,1544216,5,,,0,11,,1544217,5,,,0,13,,1544218,5,,,0,56,,1544219,5,,,0,15,,1544220,5,,,0,13,,1544221,5,,,0,15,,1544222,5,,,0,69,,1544223,5,,,0,30,,1544224,5,,,0,70,,1544225,5,,,0,30,,1544226,5,,,0,70,,1544227,5,,,0,31,,1544228,5,,,0,71,,1544229,5,,,0,29,,1544230,5,,,0,71,,1544231,5,,,0,29,,1544232,5,,,0,71,,1544233,5,,,0,29,,1544234,5,,,0,70,,1544235,5,,,0,31,,1544236,5,,,0,70,,1544237,5,,,0,74,,1544238,5,,,0,26,,1544239,5,,,0,30,,1544240,5,,,0,69,,1544241,5,,,0,29,,1544242,5,,,0,71,,1544243,5,,,0,31,,1544244,5,,,0,71,,1544245,5,,,0,31,,1544246,5,,,0,71,,1544247,5,,,0,28,,1544248,5,,,0,69,,1544249,5,,,0,29,,1544250,5,,,0,69,,1544251,5,,,0,30,,1544252,5,,,0
2801,'20261001',554,,1544253,5,,,0,70,,1544254,5,,,0,28,,1544255,5,,,0,57,,1544256,5,,,0,13,,1544257,5,,,0,10,,1544258,5,,,0,11,,1544259,5,,,0,13,,1544260,5,,,0,56,,1544261,5,,,0,15,,1544262,5,,,0,13,,1544263,5,,,0,15,,1544264,5,,,0,69,,1544265,5,,,0,30,,1544266,5,,,0,70,,1544267,5,,,0,30,,1544268,5,,,0,70,,1544269,5,,,0,31,,1544270,5,,,0,71,,1544271,5,,,0,29,,1544272,5,,,0,71,,1544273,5,,,0,29,,1544274,5,,,0,71,,1544275,5,,,0,29,,1544276,5,,,0,70,,1544277,5,,,0,31,,1544278,5,,,0,70,,1544279,5,,,0,74,,1544280,5,,,0,26,,1544281,5,,,0,30,,1544282,5,,,0,69,,1544283,5,,,0,29,,1544284,5,,,0,71,,1544285,5,,,0,31,,1544286,5,,,0,71,,1544287,5,,,0,31,,1544288,5,,,0,71,,1544289,5,,,0,28,,1544290,5,,,0,69,,1544291,5,,,0,29,,1544292,5,,,0,69,,1544293,5,,,0,30,,1544294,5,,,0
2801,'20261002',554,,1466875,5,,,0,70,,1466876,5,,,0,28,,1466877,5,,,0,57,,1466878,5,,,0,13,,1466879,5,,,0,10,,1466916,5,,,0,11,,1466880,5,,,0,13,,1466881,5,,,0,56,,1466882,5,,,0,15,,1466883,5,,,0,13,,1466885,5,,,0,15,,1466886,5,,,0,69,,1466887,5,,,0,30,,1466884,5,,,0,70,,1466888,5,,,0,30,,1466890,5,,,0,70,,1466891,5,,,0,31,,1466892,5,,,0,71,,1466889,5,,,0,29,,1466893,5,,,0,71,,1466894,5,,,0,29,,1466895,5,,,0,71,,1466896,5,,,0,29,,1466897,5,,,0,70,,1466911,5,,,0,31,,1466912,5,,,0,70,,1466909,5,,,0,74,,1466913,5,,,0,26,,1466914,5,,,0,30,,1466915,5,,,0,69,,1466898,5,,,0,29,,1466900,5,,,0,71,,1466901,5,,,0,31,,1466902,5,,,0,71,,1466899,5,,,0,31,,1466903,5,,,0,71,,1466904,5,,,0,28,,1466905,5,,,0,69,,1466906,5,,,0,29,,1466907,5,,,0,69,,1466908,5,,,0,30,,1466910,5,,,0
2801,'20261003',626,,1489851,5,,,0,31,,1489865,5,,,0,71,,1489852,5,,,0,29,,1489866,5,,,0,70,,1489853,5,,,0,30,,1489867,5,,,0,70,,1489854,5,,,0,31,,1489868,5,,,0,71,,1489855,5,,,0,29,,1489869,5,,,0,71,,1489856,5,,,0,28,,1489870,5,,,0,71,,1489859,5,,,0,29,,1489871,5,,,0,67,,1489860,5,,,0,31,,1489872,5,,,0,74,,1489861,5,,,0,76,,1489873,5,,,0,25,,1489862,5,,,0,72,,1489874,5,,,0,25,,1489863,5,,,0,32,,1489875,5,,,0,73,,1489864,5,,,0,68,,1489877,5,,,0,30,,1489857,5,,,0,70,,1489878,5,,,0,30,,1489858,5,,,0,28,,1489879,5,,,0,100,,1489876,5,,,0,100,,1489880,5,,,0,100,,1489881,5,,,0,101,,1489882,5,,,0
2801,'20261004',626,,1489883,5,,,0,31,,1489897,5,,,0,71,,1489884,5,,,0,29,,1489899,5,,,0,70,,1489885,5,,,0,30,,1489900,5,,,0,70,,1489886,5,,,0,31,,1489901,5,,,0,71,,1489887,5,,,0,29,,1489898,5,,,0,71,,1489888,5,,,0,28,,1489902,5,,,0,71,,1489892,5,,,0,29,,1489905,5,,,0,67,,1489893,5,,,0,31,,1489906,5,,,0,74,,1489894,5,,,0,76,,1489903,5,,,0,25,,1489891,5,,,0,72,,1489904,5,,,0,25,,1489895,5,,,0,32,,1489907,5,,,0,73,,1489896,5,,,0,68,,1489908,5,,,0,30,,1489889,5,,,0,70,,1489910,5,,,0,30,,1489890,5,,,0,28,,1489911,5,,,0,100,,1489912,5,,,0,100,,1489909,5,,,0,100,,1489913,5,,,0,101,,1489914,5,,,0
2801,'20261005',554,,1489915,5,,,0,70,,1489916,5,,,0,28,,1489917,5,,,0,57,,1489918,5,,,0,13,,1489919,5,,,0,10,,1489956,5,,,0,11,,1489920,5,,,0,13,,1489921,5,,,0,56,,1489922,5,,,0,15,,1489923,5,,,0,13,,1489925,5,,,0,15,,1489926,5,,,0,69,,1489927,5,,,0,30,,1489924,5,,,0,70,,1489928,5,,,0,30,,1489930,5,,,0,70,,1489931,5,,,0,31,,1489932,5,,,0,71,,1489929,5,,,0,29,,1489933,5,,,0,71,,1489934,5,,,0,29,,1489935,5,,,0,71,,1489936,5,,,0,29,,1489937,5,,,0,70,,1489951,5,,,0,31,,1489952,5,,,0,70,,1489949,5,,,0,74,,1489953,5,,,0,26,,1489954,5,,,0,30,,1489955,5,,,0,69,,1489938,5,,,0,29,,1489940,5,,,0,71,,1489941,5,,,0,31,,1489942,5,,,0,71,,1489939,5,,,0,31,,1489943,5,,,0,71,,1489944,5,,,0,28,,1489945,5,,,0,69,,1489946,5,,,0,29,,1489947,5,,,0,69,,1489948,5,,,0,30,,1489950,5,,,0
2801,'20261006',554,,1514426,5,,,0,70,,1514427,5,,,0,28,,1514428,5,,,0,57,,1514429,5,,,0,13,,1514430,5,,,0,10,,1514467,5,,,0,11,,1514431,5,,,0,13,,1514432,5,,,0,56,,1514433,5,,,0,15,,1514434,5,,,0,13,,1514436,5,,,0,15,,1514437,5,,,0,69,,1514438,5,,,0,30,,1514435,5,,,0,70,,1514439,5,,,0,30,,1514441,5,,,0,70,,1514442,5,,,0,31,,1514443,5,,,0,71,,1514440,5,,,0,29,,1514444,5,,,0,71,,1514445,5,,,0,29,,1514446,5,,,0,71,,1514447,5,,,0,29,,1514448,5,,,0,70,,1514462,5,,,0,31,,1514463,5,,,0,70,,1514460,5,,,0,74,,1514464,5,,,0,26,,1514465,5,,,0,30,,1514466,5,,,0,69,,1514449,5,,,0,29,,1514451,5,,,0,71,,1514452,5,,,0,31,,1514453,5,,,0,71,,1514450,5,,,0,31,,1514454,5,,,0,71,,1514455,5,,,0,28,,1514456,5,,,0,69,,1514457,5,,,0,29,,1514458,5,,,0,69,,1514459,5,,,0,30,,1514461,5,,,0
2801,'20261007',554,,1514468,5,,,0,70,,1514469,5,,,0,28,,1514470,5,,,0,57,,1514471,5,,,0,13,,1514472,5,,,0,10,,1514509,5,,,0,11,,1514473,5,,,0,13,,1514474,5,,,0,56,,1514475,5,,,0,15,,1514476,5,,,0,13,,1514478,5,,,0,15,,1514479,5,,,0,69,,1514480,5,,,0,30,,1514477,5,,,0,70,,1514481,5,,,0,30,,1514483,5,,,0,70,,1514484,5,,,0,31,,1514485,5,,,0,71,,1514482,5,,,0,29,,1514486,5,,,0,71,,1514487,5,,,0,29,,1514488,5,,,0,71,,1514489,5,,,0,29,,1514490,5,,,0,70,,1514504,5,,,0,31,,1514505,5,,,0,70,,1514502,5,,,0,74,,1514506,5,,,0,26,,1514507,5,,,0,30,,1514508,5,,,0,69,,1514491,5,,,0,29,,1514493,5,,,0,71,,1514494,5,,,0,31,,1514495,5,,,0,71,,1514492,5,,,0,31,,1514496,5,,,0,71,,1514497,5,,,0,28,,1514498,5,,,0,69,,1514499,5,,,0,29,,1514500,5,,,0,69,,1514501,5,,,0,30,,1514503,5,,,0
2801,'20261008',554,,1514510,5,,,0,70,,1514511,5,,,0,28,,1514512,5,,,0,57,,1514513,5,,,0,13,,1514514,5,,,0,10,,1514551,5,,,0,11,,1514515,5,,,0,13,,1514516,5,,,0,56,,1514517,5,,,0,15,,1514518,5,,,0,13,,1514520,5,,,0,15,,1514521,5,,,0,69,,1514522,5,,,0,30,,1514519,5,,,0,70,,1514523,5,,,0,30,,1514525,5,,,0,70,,1514526,5,,,0,31,,1514527,5,,,0,71,,1514524,5,,,0,29,,1514528,5,,,0,71,,1514529,5,,,0,29,,1514530,5,,,0,71,,1514531,5,,,0,29,,1514532,5,,,0,70,,1514546,5,,,0,31,,1514547,5,,,0,70,,1514544,5,,,0,74,,1514548,5,,,0,26,,1514549,5,,,0,30,,1514550,5,,,0,69,,1514533,5,,,0,29,,1514535,5,,,0,71,,1514536,5,,,0,31,,1514537,5,,,0,71,,1514534,5,,,0,31,,1514538,5,,,0,71,,1514539,5,,,0,28,,1514540,5,,,0,69,,1514541,5,,,0,29,,1514542,5,,,0,69,,1514543,5,,,0,30,,1514545,5,,,0
2801,'20261009',554,,1514552,5,,,0,70,,1514553,5,,,0,28,,1514554,5,,,0,57,,1514555,5,,,0,13,,1514556,5,,,0,10,,1514593,5,,,0,11,,1514557,5,,,0,13,,1514558,5,,,0,56,,1514559,5,,,0,15,,1514560,5,,,0,13,,1514562,5,,,0,15,,1514563,5,,,0,69,,1514564,5,,,0,30,,1514561,5,,,0,70,,1514565,5,,,0,30,,1514567,5,,,0,70,,1514568,5,,,0,31,,1514569,5,,,0,71,,1514566,5,,,0,29,,1514570,5,,,0,71,,1514571,5,,,0,29,,1514572,5,,,0,71,,1514573,5,,,0,29,,1514574,5,,,0,70,,1514588,5,,,0,31,,1514589,5,,,0,70,,1514586,5,,,0,74,,1514590,5,,,0,26,,1514591,5,,,0,30,,1514592,5,,,0,69,,1514575,5,,,0,29,,1514577,5,,,0,71,,1514578,5,,,0,31,,1514579,5,,,0,71,,1514576,5,,,0,31,,1514580,5,,,0,71,,1514581,5,,,0,28,,1514582,5,,,0,69,,1514583,5,,,0,29,,1514584,5,,,0,69,,1514585,5,,,0,30,,1514587,5,,,0
2801,'20261010',626,,1544295,5,,,0,31,,1544309,5,,,0,71,,1544296,5,,,0,29,,1544310,5,,,0,70,,1544297,5,,,0,30,,1544311,5,,,0,70,,1544298,5,,,0,31,,1544312,5,,,0,71,,1544299,5,,,0,29,,1544313,5,,,0,71,,1544300,5,,,0,28,,1544314,5,,,0,71,,1544303,5,,,0,29,,1544315,5,,,0,67,,1544304,5,,,0,31,,1544316,5,,,0,74,,1544305,5,,,0,76,,1544317,5,,,0,25,,1544306,5,,,0,72,,1544318,5,,,0,25,,1544307,5,,,0,32,,1544319,5,,,0,73,,1544308,5,,,0,68,,1544321,5,,,0,30,,1544301,5,,,0,70,,1544322,5,,,0,30,,1544302,5,,,0,28,,1544323,5,,,0,100,,1544320,5,,,0,100,,1544324,5,,,0,100,,1544325,5,,,0,101,,1544326,5,,,0
2801,'20261011',626,,1544327,5,,,0,31,,1544341,5,,,0,71,,1544328,5,,,0,29,,1544343,5,,,0,70,,1544329,5,,,0,30,,1544344,5,,,0,70,,1544330,5,,,0,31,,1544345,5,,,0,71,,1544331,5,,,0,29,,1544342,5,,,0,71,,1544332,5,,,0,28,,1544346,5,,,0,71,,1544336,5,,,0,29,,1544349,5,,,0,67,,1544337,5,,,0,31,,1544350,5,,,0,74,,1544338,5,,,0,76,,1544347,5,,,0,25,,1544335,5,,,0,72,,1544348,5,,,0,25,,1544339,5,,,0,32,,1544351,5,,,0,73,,1544340,5,,,0,68,,1544352,5,,,0,30,,1544333,5,,,0,70,,1544354,5,,,0,30,,1544334,5,,,0,28,,1544355,5,,,0,100,,1544356,5,,,0,100,,1544353,5,,,0,100,,1544357,5,,,0,101,,1544358,5,,,0
2801,'20261012',626,,1544359,5,,,0,31,,1544373,5,,,0,71,,1544360,5,,,0,29,,1544375,5,,,0,70,,1544361,5,,,0,30,,1544376,5,,,0,70,,1544362,5,,,0,31,,1544377,5,,,0,71,,1544363,5,,,0,29,,1544374,5,,,0,71,,1544364,5,,,0,28,,1544378,5,,,0,71,,1544368,5,,,0,29,,1544381,5,,,0,67,,1544369,5,,,0,31,,1544382,5,,,0,74,,1544370,5,,,0,76,,1544379,5,,,0,25,,1544367,5,,,0,72,,1544380,5,,,0,25,,1544371,5,,,0,32,,1544383,5,,,0,73,,1544372,5,,,0,68,,1544384,5,,,0,30,,1544365,5,,,0,70,,1544386,5,,,0,30,,1544366,5,,,0,28,,1544387,5,,,0,100,,1544388,5,,,0,100,,1544385,5,,,0,100,,1544389,5,,,0,101,,1544390,5,,,0
80303,'20260929',539,,1557903,11,,,1,15,,1557904,11,,,1,55,,1557905,11,,,1,13,,1557906,11,,,1,13,,1557907,11,,,1,11,,1557908,11,,,1,12,,1557909,11,,,1,52,,1557910,11,,,1,11,,1557911,11,,,1,10,,1557912,11,,,1,8,,1557913,11,,,1,9,,1557914,11,,,1,7,,1557915,11,,,1,48,,1557916,11,,,1,9,,1557917,11,,,1,8,,1557918,11,,,1,9,,1557919,11,,,1,8,,1557920,11,,,1,11,,1557921,11,,,1,10,,1557922,11,,,1,50,,1557923,11,,,1,10,,1557924,11,,,1,10,,1557925,11,,,1,10,,1557926,11,,,1,12,,1557927,11,,,1,52,,1557928,11,,,1,12,,1557929,11,,,1,11,,1557930,11,,,1,12,,1557931,11,,,1,12,,1557932,11,,,1,52,,1557933,11,,,1,12,,1557934,11,,,1,12,,1557935,11,,,1,12,,1557936,11,,,1,13,,1557937,11,,,1,53,,1557938,11,,,1,12,,1557939,11,,,1,12,,1557940,11,,,1,11,,1557941,11,,,1,12,,1557942,11,,,1,52,,1557943,11,,,1,12,,1557944,11,,,1,12,,1557945,11,,,1,12,,1557946,11,,,1,12,,1557947,11,,,1,52,,1557948,11,,,1,11,,1557949,11,,,1,13,,1557950,11,,,1,12,,1557951,11,,,1,10,,1557952,11,,,1,52,,1557953,11,,,1,10,,1557954,11,,,1,10,,1557955,11,,,1,10,,1557956,11,,,1,10,,1557957,11,,,1,9,,1557958,11,,,1,51,,1557959,11,,,1,9,,1557960,11,,,1,10,,1557961,11,,,1,10,,1557962,11,,,1,10,,1557963,11,,,1,11,,1557964,11,,,1,9,,1557965,11,,,1,51,,1557966,11,,,1,9,,1557967,11,,,1,11,,1557968,11,,,1,11,,1557969,11,,,1,10,,1557970,11,,,1,51,,1557971,11,,,1,11,,1557972,11,,,1,12,,1557973,11,,,1,13,,1557974,11,,,1,14,,1557975,11,,,1,55,,1557976,11,,,1,16,,1557977,11,,,1,13,,1557978,11,,,1,15,,1557979,11,,,1,55,,1557980,11,,,1,15,,1557981,11,,,1,15,,1557982,11,,,1,15,,1557983,11,,,1,55,,1557984,11,,,1,15,,1557985,11,,,1,15,,1557986,11,,,1,15,,1557987,11,,,1,55,,1557988,11,,,1,15,,1557989,11,,,1,15,,1557990,11,,,1,15,,1557991,11,,,1,56,,1557992,11,,,1,15,,1557993,11,,,1,15,,1557994,11,,,1,16,,1557995,11,,,1,55,,1557996,11,,,1,15,,1557997,11,,,1,15,,1557998,11,,,1,16,,1557999,11,,,1,55,,1558000,11,,,1
80303,'20260930',539,,1558001,11,,,1,15,,1558002,11,,,1,55,,1558003,11,,,1,13,,1558004,11,,,1,13,,1558005,11,,,1,11,,1558006,11,,,1,12,,1558007,11,,,1,52,,1558008,11,,,1,11,,1558009,11,,,1,10,,1558010,11,,,1,8,,1558011,11,,,1,9,,1558012,11,,,1,7,,1558013,11,,,1,48,,1558014,11,,,1,9,,1558015,11,,,1,8,,1558016,11,,,1,9,,1558017,11,,,1,8,,1558018,11,,,1,11,,1558019,11,,,1,10,,1558020,11,,,1,50,,1558021,11,,,1,10,,1558022,11,,,1,10,,1558023,11,,,1,10,,1558024,11,,,1,12,,1558025,11,,,1,52,,1558026,11,,,1,12,,1558027,11,,,1,11,,1558028,11,,,1,12,,1558029,11,,,1,12,,1558030,11,,,1,52,,1558031,11,,,1,12,,1558032,11,,,1,12,,1558033,11,,,1,12,,1558034,11,,,1,13,,1558035,11,,,1,53,,1558036,11,,,1,12,,1558037,11,,,1,12,,1558038,11,,,1,11,,1558039,11,,,1,12,,1558040,11,,,1,52,,1558041,11,,,1,12,,1558042,11,,,1,12,,1558043,11,,,1,12,,1558044,11,,,1,12,,1558045,11,,,1,52,,1558046,11,,,1,11,,1558047,11,,,1,13,,1558048,11,,,1,12,,1558049,11,,,1,10,,1558050,11,,,1,52,,1558051,11,,,1,10,,1558052,11,,,1,10,,1558053,11,,,1,10,,1558054,11,,,1,10,,1558055,11,,,1,9,,1558056,11,,,1,51,,1558057,11,,,1,9,,1558058,11,,,1,10,,1558059,11,,,1,10,,1558060,11,,,1,10,,1558061,11,,,1,11,,1558062,11,,,1,9,,1558063,11,,,1,51,,1558064,11,,,1,9,,1558065,11,,,1,11,,1558066,11,,,1,11,,1558067,11,,,1,10,,1558068,11,,,1,51,,1558069,11,,,1,11,,1558070,11,,,1,12,,1558071,11,,,1,13,,1558072,11,,,1,14,,1558073,11,,,1,55,,1558074,11,,,1,16,,1558075,11,,,1,13,,1558076,11,,,1,15,,1558077,11,,,1,55,,1558078,11,,,1,15,,1558079,11,,,1,15,,1558080,11,,,1,15,,1558081,11,,,1,55,,1558082,11,,,1,15,,1558083,11,,,1,15,,1558084,11,,,1,15,,1558085,11,,,1,55,,1558086,11,,,1,15,,1558087,11,,,1,15,,1558088,11,,,1,15,,1558089,11,,,1,56,,1558090,11,,,1,15,,1558091,11,,,1,15,,1558092,11,,,1,16,,1558093,11,,,1,55,,1558094,11,,,1,15,,1558095,11,,,1,15,,1558096,11,,,1,16,,1558097,11,,,1,55,,1558098,11,,,1
80303,'20261001',539,,1558099,11,,,1,15,,1558100,11,,,1,55,,1558101,11,,,1,13,,1558102,11,,,1,13,,1558103,11,,,1,11,,1558104,11,,,1,12,,1558105,11,,,1,52,,1558106,11,,,1,11,,1558107,11,,,1,10,,1558108,11,,,1,8,,1558109,11,,,1,9,,1558110,11,,,1,7,,1558111,11,,,1,48,,1558112,11,,,1,9,,1558113,11,,,1,8,,1558114,11,,,1,9,,1558115,11,,,1,8,,1558116,11,,,1,11,,1558117,11,,,1,10,,1558118,11,,,1,50,,1558119,11,,,1,10,,1558120,11,,,1,10,,1558121,11,,,1,10,,1558122,11,,,1,12,,1558123,11,,,1,52,,1558124,11,,,1,12,,1558125,11,,,1,11,,1558126,11,,,1,12,,1558127,11,,,1,12,,1558128,11,,,1,52,,1558129,11,,,1,12,,1558130,11,,,1,12,,1558131,11,,,1,12,,1558132,11,,,1,13,,1558133,11,,,1,53,,1558134,11,,,1,12,,1558135,11,,,1,12,,1558136,11,,,1,11,,1558137,11,,,1,12,,1558138,11,,,1,52,,1558139,11,,,1,12,,1558140,11,,,1,12,,1558141,11,,,1,12,,1558142,11,,,1,12,,1558143,11,,,1,52,,1558144,11,,,1,11,,1558145,11,,,1,13,,1558146,11,,,1,12,,1558147,11,,,1,10,,1558148,11,,,1,52,,1558149,11,,,1,10,,1558150,11,,,1,10,,1558151,11,,,1,10,,1558152,11,,,1,10,,1558153,11,,,1,9,,1558154,11,,,1,51,,1558155,11,,,1,9,,1558156,11,,,1,10,,1558157,11,,,1,10,,1558158,11,,,1,10,,1558159,11,,,1,11,,1558160,11,,,1,9,,1558161,11,,,1,51,,1558162,11,,,1,9,,1558163,11,,,1,11,,1558164,11,,,1,11,,1558165,11,,,1,10,,1558166,11,,,1,51,,1558167,11,,,1,11,,1558168,11,,,1,12,,1558169,11,,,1,13,,1558170,11,,,1,14,,1558171,11,,,1,55,,1558172,11,,,1,16,,1558173,11,,,1,13,,1558174,11,,,1,15,,1558175,11,,,1,55,,1558176,11,,,1,15,,1558177,11,,,1,15,,1558178,11,,,1,15,,1558179,11,,,1,55,,1558180,11,,,1,15,,1558181,11,,,1,15,,1558182,11,,,1,15,,1558183,11,,,1,55,,1558184,11,,,1,15,,1558185,11,,,1,15,,1558186,11,,,1,15,,1558187,11,,,1,56,,1558188,11,,,1,15,,1558189,11,,,1,15,,1558190,11,,,1,16,,1558191,11,,,1,55,,1558192,11,,,1,15,,1558193,11,,,1,15,,1558194,11,,,1,16,,1558195,11,,,1,55,,1558196,11,,,1
80303,'20261002',539,,1481966,11,,,1,15,,1481967,11,,,1,55,,1481968,11,,,1,13,,1481969,11,,,1,13,,1481970,11,,,1,11,,1481971,11,,,1,12,,1481973,11,,,1,52,,1481975,11,,,1,11,,1481977,11,,,1,10,,1482055,11,,,1,8,,1481979,11,,,1,9,,1482054,11,,,1,7,,1481982,11,,,1,48,,1481983,11,,,1,9,,1482053,11,,,1,8,,1481986,11,,,1,9,,1481988,11,,,1,8,,1482052,11,,,1,11,,1481991,11,,,1,10,,1482063,11,,,1,50,,1481993,11,,,1,10,,1482056,11,,,1,10,,1482051,11,,,1,10,,1481995,11,,,1,12,,1481997,11,,,1,52,,1482000,11,,,1,12,,1482001,11,,,1,11,,1482050,11,,,1,12,,1482004,11,,,1,12,,1482006,11,,,1,52,,1482009,11,,,1,12,,1482011,11,,,1,12,,1482062,11,,,1,12,,1482049,11,,,1,13,,1482013,11,,,1,53,,1482048,11,,,1,12,,1482016,11,,,1,12,,1482017,11,,,1,11,,1482047,11,,,1,12,,1482020,11,,,1,52,,1482018,11,,,1,12,,1482046,11,,,1,12,,1482025,11,,,1,12,,1482045,11,,,1,12,,1482028,11,,,1,52,,1482030,11,,,1,11,,1482032,11,,,1,13,,1482034,11,,,1,12,,1482044,11,,,1,10,,1481972,11,,,1,52,,1482043,11,,,1,10,,1481989,11,,,1,10,,1482042,11,,,1,10,,1481998,11,,,1,10,,1482003,11,,,1,9,,1482010,11,,,1,51,,1482041,11,,,1,9,,1482019,11,,,1,10,,1482024,11,,,1,10,,1482040,11,,,1,10,,1482036,11,,,1,11,,1481985,11,,,1,9,,1482039,11,,,1,51,,1481980,11,,,1,9,,1482027,11,,,1,11,,1482037,11,,,1,11,,1482033,11,,,1,10,,1482022,11,,,1,51,,1482057,11,,,1,11,,1482038,11,,,1,12,,1482007,11,,,1,13,,1481992,11,,,1,14,,1482058,11,,,1,55,,1481974,11,,,1,16,,1482035,11,,,1,13,,1482031,11,,,1,15,,1482029,11,,,1,55,,1482026,11,,,1,15,,1482023,11,,,1,15,,1482021,11,,,1,15,,1482015,11,,,1,55,,1482014,11,,,1,15,,1482012,11,,,1,15,,1482008,11,,,1,15,,1482005,11,,,1,55,,1482002,11,,,1,15,,1481999,11,,,1,15,,1481996,11,,,1,15,,1481994,11,,,1,56,,1481990,11,,,1,15,,1481987,11,,,1,15,,1481984,11,,,1,16,,1481981,11,,,1,55,,1481978,11,,,1,15,,1481976,11,,,1,15,,1482059,11,,,1,16,,1482060,11,,,1,55,,1482061,11,,,1
80303,'20261003',542,,1504782,11,,,1,15,,1504783,11,,,1,54,,1504787,11,,,1,15,,1504845,11,,,1,14,,1504785,11,,,1,14,,1504784,11,,,1,54,,1504786,11,,,1,15,,1504846,11,,,1,16,,1504797,11,,,1,16,,1504793,11,,,1,56,,1504791,11,,,1,15,,1504847,11,,,1,15,,1504790,11,,,1,15,,1504788,11,,,1,55,,1504848,11,,,1,14,,1504789,11,,,1,15,,1504798,11,,,1,15,,1504799,11,,,1,55,,1504795,11,,,1,15,,1504796,11,,,1,15,,1504792,11,,,1,15,,1504794,11,,,1,55,,1504838,11,,,1,15,,1504836,11,,,1,15,,1504841,11,,,1,15,,1504837,11,,,1,58,,1504803,11,,,1,14,,1504807,11,,,1,16,,1504805,11,,,1,13,,1504823,11,,,1,55,,1504828,11,,,1,14,,1504829,11,,,1,17,,1504826,11,,,1,15,,1504824,11,,,1,54,,1504818,11,,,1,15,,1504832,11,,,1,16,,1504819,11,,,1,13,,1504831,11,,,1,56,,1504834,11,,,1,16,,1504833,11,,,1,16,,1504812,11,,,1,14,,1504843,11,,,1,55,,1504827,11,,,1,16,,1504806,11,,,1,15,,1504808,11,,,1,13,,1504825,11,,,1,56,,1504830,11,,,1,15,,1504815,11,,,1,15,,1504814,11,,,1,16,,1504817,11,,,1,55,,1504816,11,,,1,15,,1504821,11,,,1,16,,1504822,11,,,1,15,,1504849,11,,,1,55,,1504840,11,,,1,14,,1504809,11,,,1,15,,1504810,11,,,1,15,,1504850,11,,,1,55,,1504800,11,,,1,15,,1504802,11,,,1,15,,1504852,11,,,1,15,,1504839,11,,,1,55,,1504853,11,,,1,15,,1504801,11,,,1,15,,1504854,11,,,1,15,,1504835,11,,,1,55,,1504851,11,,,1,15,,1504813,11,,,1,15,,1504855,11,,,1,15,,1504811,11,,,1,56,,1504856,11,,,1,15,,1504842,11,,,1,16,,1504857,11,,,1,55,,1504804,11,,,1,15,,1504858,11,,,1,15,,1504820,11,,,1,15,,1504844,11,,,1
80303,'20261004',542,,1504935,11,,,1,15,,1504932,11,,,1,54,,1504930,11,,,1,15,,1504868,11,,,1,14,,1504928,11,,,1,14,,1504927,11,,,1,54,,1504931,11,,,1,15,,1504864,11,,,1,16,,1504919,11,,,1,16,,1504924,11,,,1,56,,1504934,11,,,1,15,,1504871,11,,,1,15,,1504929,11,,,1,15,,1504933,11,,,1,55,,1504869,11,,,1,14,,1504926,11,,,1,15,,1504906,11,,,1,15,,1504912,11,,,1,55,,1504922,11,,,1,15,,1504913,11,,,1,15,,1504923,11,,,1,15,,1504921,11,,,1,55,,1504904,11,,,1,15,,1504898,11,,,1,15,,1504902,11,,,1,15,,1504899,11,,,1,58,,1504915,11,,,1,14,,1504911,11,,,1,16,,1504909,11,,,1,13,,1504880,11,,,1,55,,1504878,11,,,1,14,,1504893,11,,,1,17,,1504891,11,,,1,15,,1504889,11,,,1,54,,1504883,11,,,1,15,,1504896,11,,,1,16,,1504885,11,,,1,13,,1504895,11,,,1,56,,1504897,11,,,1,16,,1504888,11,,,1,16,,1504875,11,,,1,14,,1504905,11,,,1,55,,1504892,11,,,1,16,,1504908,11,,,1,15,,1504916,11,,,1,13,,1504874,11,,,1,56,,1504894,11,,,1,15,,1504890,11,,,1,15,,1504877,11,,,1,16,,1504884,11,,,1,55,,1504881,11,,,1,15,,1504886,11,,,1,16,,1504882,11,,,1,15,,1504867,11,,,1,55,,1504901,11,,,1,14,,1504917,11,,,1,15,,1504918,11,,,1,15,,1504860,11,,,1,55,,1504914,11,,,1,15,,1504910,11,,,1,15,,1504873,11,,,1,15,,1504900,11,,,1,55,,1504862,11,,,1,15,,1504925,11,,,1,15,,1504872,11,,,1,15,,1504887,11,,,1,55,,1504861,11,,,1,15,,1504876,11,,,1,15,,1504863,11,,,1,15,,1504920,11,,,1,56,,1504866,11,,,1,15,,1504903,11,,,1,16,,1504865,11,,,1,55,,1504907,11,,,1,15,,1504870,11,,,1,15,,1504879,11,,,1,15,,1504859,11,,,1
80303,'20261005',539,,1504936,11,,,1,15,,1504937,11,,,1,55,,1504938,11,,,1,13,,1504939,11,,,1,13,,1504940,11,,,1,11,,1504941,11,,,1,12,,1504943,11,,,1,52,,1504945,11,,,1,11,,1504947,11,,,1,10,,1505025,11,,,1,8,,1504949,11,,,1,9,,1505024,11,,,1,7,,1504952,11,,,1,48,,1504953,11,,,1,9,,1505023,11,,,1,8,,1504956,11,,,1,9,,1504958,11,,,1,8,,1505022,11,,,1,11,,1504961,11,,,1,10,,1505033,11,,,1,50,,1504963,11,,,1,10,,1505026,11,,,1,10,,1505021,11,,,1,10,,1504965,11,,,1,12,,1504967,11,,,1,52,,1504970,11,,,1,12,,1504971,11,,,1,11,,1505020,11,,,1,12,,1504974,11,,,1,12,,1504976,11,,,1,52,,1504979,11,,,1,12,,1504981,11,,,1,12,,1505032,11,,,1,12,,1505019,11,,,1,13,,1504983,11,,,1,53,,1505018,11,,,1,12,,1504986,11,,,1,12,,1504987,11,,,1,11,,1505017,11,,,1,12,,1504990,11,,,1,52,,1504988,11,,,1,12,,1505016,11,,,1,12,,1504995,11,,,1,12,,1505015,11,,,1,12,,1504998,11,,,1,52,,1505000,11,,,1,11,,1505002,11,,,1,13,,1505004,11,,,1,12,,1505014,11,,,1,10,,1504942,11,,,1,52,,1505013,11,,,1,10,,1504959,11,,,1,10,,1505012,11,,,1,10,,1504968,11,,,1,10,,1504973,11,,,1,9,,1504980,11,,,1,51,,1505011,11,,,1,9,,1504989,11,,,1,10,,1504994,11,,,1,10,,1505010,11,,,1,10,,1505006,11,,,1,11,,1504955,11,,,1,9,,1505009,11,,,1,51,,1504950,11,,,1,9,,1504997,11,,,1,11,,1505007,11,,,1,11,,1505003,11,,,1,10,,1504992,11,,,1,51,,1505027,11,,,1,11,,1505008,11,,,1,12,,1504977,11,,,1,13,,1504962,11,,,1,14,,1505028,11,,,1,55,,1504944,11,,,1,16,,1505005,11,,,1,13,,1505001,11,,,1,15,,1504999,11,,,1,55,,1504996,11,,,1,15,,1504993,11,,,1,15,,1504991,11,,,1,15,,1504985,11,,,1,55,,1504984,11,,,1,15,,1504982,11,,,1,15,,1504978,11,,,1,15,,1504975,11,,,1,55,,1504972,11,,,1,15,,1504969,11,,,1,15,,1504966,11,,,1,15,,1504964,11,,,1,56,,1504960,11,,,1,15,,1504957,11,,,1,15,,1504954,11,,,1,16,,1504951,11,,,1,55,,1504948,11,,,1,15,,1504946,11,,,1,15,,1505029,11,,,1,16,,1505030,11,,,1,55,,1505031,11,,,1
80303,'20261006',539,,1535056,11,,,1,15,,1535057,11,,,1,55,,1535058,11,,,1,13,,1535059,11,,,1,13,,1535060,11,,,1,11,,1535061,11,,,1,12,,1535063,11,,,1,52,,1535065,11,,,1,11,,1535067,11,,,1,10,,1535145,11,,,1,8,,1535069,11,,,1,9,,1535144,11,,,1,7,,1535072,11,,,1,48,,1535073,11,,,1,9,,1535143,11,,,1,8,,1535076,11,,,1,9,,1535078,11,,,1,8,,1535142,11,,,1,11,,1535081,11,,,1,10,,1535153,11,,,1,50,,1535083,11,,,1,10,,1535146,11,,,1,10,,1535141,11,,,1,10,,1535085,11,,,1,12,,1535087,11,,,1,52,,1535090,11,,,1,12,,1535091,11,,,1,11,,1535140,11,,,1,12,,1535094,11,,,1,12,,1535096,11,,,1,52,,1535099,11,,,1,12,,1535101,11,,,1,12,,1535152,11,,,1,12,,1535139,11,,,1,13,,1535103,11,,,1,53,,1535138,11,,,1,12,,1535106,11,,,1,12,,1535107,11,,,1,11,,1535137,11,,,1,12,,1535110,11,,,1,52,,1535108,11,,,1,12,,1535136,11,,,1,12,,1535115,11,,,1,12,,1535135,11,,,1,12,,1535118,11,,,1,52,,1535120,11,,,1,11,,1535122,11,,,1,13,,1535124,11,,,1,12,,1535134,11,,,1,10,,1535062,11,,,1,52,,1535133,11,,,1,10,,1535079,11,,,1,10,,1535132,11,,,1,10,,1535088,11,,,1,10,,1535093,11,,,1,9,,1535100,11,,,1,51,,1535131,11,,,1,9,,1535109,11,,,1,10,,1535114,11,,,1,10,,1535130,11,,,1,10,,1535126,11,,,1,11,,1535075,11,,,1,9,,1535129,11,,,1,51,,1535070,11,,,1,9,,1535117,11,,,1,11,,1535127,11,,,1,11,,1535123,11,,,1,10,,1535112,11,,,1,51,,1535147,11,,,1,11,,1535128,11,,,1,12,,1535097,11,,,1,13,,1535082,11,,,1,14,,1535148,11,,,1,55,,1535064,11,,,1,16,,1535125,11,,,1,13,,1535121,11,,,1,15,,1535119,11,,,1,55,,1535116,11,,,1,15,,1535113,11,,,1,15,,1535111,11,,,1,15,,1535105,11,,,1,55,,1535104,11,,,1,15,,1535102,11,,,1,15,,1535098,11,,,1,15,,1535095,11,,,1,55,,1535092,11,,,1,15,,1535089,11,,,1,15,,1535086,11,,,1,15,,1535084,11,,,1,56,,1535080,11,,,1,15,,1535077,11,,,1,15,,1535074,11,,,1,16,,1535071,11,,,1,55,,1535068,11,,,1,15,,1535066,11,,,1,15,,1535149,11,,,1,16,,1535150,11,,,1,55,,1535151,11,,,1
80303,'20261007',539,,1535154,11,,,1,15,,1535155,11,,,1,55,,1535156,11,,,1,13,,1535157,11,,,1,13,,1535158,11,,,1,11,,1535159,11,,,1,12,,1535161,11,,,1,52,,1535163,11,,,1,11,,1535165,11,,,1,10,,1535243,11,,,1,8,,1535167,11,,,1,9,,1535242,11,,,1,7,,1535170,11,,,1,48,,1535171,11,,,1,9,,1535241,11,,,1,8,,1535174,11,,,1,9,,1535176,11,,,1,8,,1535240,11,,,1,11,,1535179,11,,,1,10,,1535251,11,,,1,50,,1535181,11,,,1,10,,1535244,11,,,1,10,,1535239,11,,,1,10,,1535183,11,,,1,12,,1535185,11,,,1,52,,1535188,11,,,1,12,,1535189,11,,,1,11,,1535238,11,,,1,12,,1535192,11,,,1,12,,1535194,11,,,1,52,,1535197,11,,,1,12,,1535199,11,,,1,12,,1535250,11,,,1,12,,1535237,11,,,1,13,,1535201,11,,,1,53,,1535236,11,,,1,12,,1535204,11,,,1,12,,1535205,11,,,1,11,,1535235,11,,,1,12,,1535208,11,,,1,52,,1535206,11,,,1,12,,1535234,11,,,1,12,,1535213,11,,,1,12,,1535233,11,,,1,12,,1535216,11,,,1,52,,1535218,11,,,1,11,,1535220,11,,,1,13,,1535222,11,,,1,12,,1535232,11,,,1,10,,1535160,11,,,1,52,,1535231,11,,,1,10,,1535177,11,,,1,10,,1535230,11,,,1,10,,1535186,11,,,1,10,,1535191,11,,,1,9,,1535198,11,,,1,51,,1535229,11,,,1,9,,1535207,11,,,1,10,,1535212,11,,,1,10,,1535228,11,,,1,10,,1535224,11,,,1,11,,1535173,11,,,1,9,,1535227,11,,,1,51,,1535168,11,,,1,9,,1535215,11,,,1,11,,1535225,11,,,1,11,,1535221,11,,,1,10,,1535210,11,,,1,51,,1535245,11,,,1,11,,1535226,11,,,1,12,,1535195,11,,,1,13,,1535180,11,,,1,14,,1535246,11,,,1,55,,1535162,11,,,1,16,,1535223,11,,,1,13,,1535219,11,,,1,15,,1535217,11,,,1,55,,1535214,11,,,1,15,,1535211,11,,,1,15,,1535209,11,,,1,15,,1535203,11,,,1,55,,1535202,11,,,1,15,,1535200,11,,,1,15,,1535196,11,,,1,15,,1535193,11,,,1,55,,1535190,11,,,1,15,,1535187,11,,,1,15,,1535184,11,,,1,15,,1535182,11,,,1,56,,1535178,11,,,1,15,,1535175,11,,,1,15,,1535172,11,,,1,16,,1535169,11,,,1,55,,1535166,11,,,1,15,,1535164,11,,,1,15,,1535247,11,,,1,16,,1535248,11,,,1,55,,1535249,11,,,1
80303,'20261008',539,,1535252,11,,,1,15,,1535253,11,,,1,55,,1535254,11,,,1,13,,1535255,11,,,1,13,,1535256,11,,,1,11,,1535257,11,,,1,12,,1535259,11,,,1,52,,1535261,11,,,1,11,,1535263,11,,,1,10,,1535341,11,,,1,8,,1535265,11,,,1,9,,1535340,11,,,1,7,,1535268,11,,,1,48,,1535269,11,,,1,9,,1535339,11,,,1,8,,1535272,11,,,1,9,,1535274,11,,,1,8,,1535338,11,,,1,11,,1535277,11,,,1,10,,1535349,11,,,1,50,,1535279,11,,,1,10,,1535342,11,,,1,10,,1535337,11,,,1,10,,1535281,11,,,1,12,,1535283,11,,,1,52,,1535286,11,,,1,12,,1535287,11,,,1,11,,1535336,11,,,1,12,,1535290,11,,,1,12,,1535292,11,,,1,52,,1535295,11,,,1,12,,1535297,11,,,1,12,,1535348,11,,,1,12,,1535335,11,,,1,13,,1535299,11,,,1,53,,1535334,11,,,1,12,,1535302,11,,,1,12,,1535303,11,,,1,11,,1535333,11,,,1,12,,1535306,11,,,1,52,,1535304,11,,,1,12,,1535332,11,,,1,12,,1535311,11,,,1,12,,1535331,11,,,1,12,,1535314,11,,,1,52,,1535316,11,,,1,11,,1535318,11,,,1,13,,1535320,11,,,1,12,,1535330,11,,,1,10,,1535258,11,,,1,52,,1535329,11,,,1,10,,1535275,11,,,1,10,,1535328,11,,,1,10,,1535284,11,,,1,10,,1535289,11,,,1,9,,1535296,11,,,1,51,,1535327,11,,,1,9,,1535305,11,,,1,10,,1535310,11,,,1,10,,1535326,11,,,1,10,,1535322,11,,,1,11,,1535271,11,,,1,9,,1535325,11,,,1,51,,1535266,11,,,1,9,,1535313,11,,,1,11,,1535323,11,,,1,11,,1535319,11,,,1,10,,1535308,11,,,1,51,,1535343,11,,,1,11,,1535324,11,,,1,12,,1535293,11,,,1,13,,1535278,11,,,1,14,,1535344,11,,,1,55,,1535260,11,,,1,16,,1535321,11,,,1,13,,1535317,11,,,1,15,,1535315,11,,,1,55,,1535312,11,,,1,15,,1535309,11,,,1,15,,1535307,11,,,1,15,,1535301,11,,,1,55,,1535300,11,,,1,15,,1535298,11,,,1,15,,1535294,11,,,1,15,,1535291,11,,,1,55,,1535288,11,,,1,15,,1535285,11,,,1,15,,1535282,11,,,1,15,,1535280,11,,,1,56,,1535276,11,,,1,15,,1535273,11,,,1,15,,1535270,11,,,1,16,,1535267,11,,,1,55,,1535264,11,,,1,15,,1535262,11,,,1,15,,1535345,11,,,1,16,,1535346,11,,,1,55,,1535347,11,,,1
80303,'20261009',539,,1535350,11,,,1,15,,1535351,11,,,1,55,,1535352,11,,,1,13,,1535353,11,,,1,13,,1535354,11,,,1,11,,1535355,11,,,1,12,,1535357,11,,,1,52,,1535359,11,,,1,11,,1535361,11,,,1,10,,1535439,11,,,1,8,,1535363,11,,,1,9,,1535438,11,,,1,7,,1535366,11,,,1,48,,1535367,11,,,1,9,,1535437,11,,,1,8,,1535370,11,,,1,9,,1535372,11,,,1,8,,1535436,11,,,1,11,,1535375,11,,,1,10,,1535447,11,,,1,50,,1535377,11,,,1,10,,1535440,11,,,1,10,,1535435,11,,,1,10,,1535379,11,,,1,12,,1535381,11,,,1,52,,1535384,11,,,1,12,,1535385,11,,,1,11,,1535434,11,,,1,12,,1535388,11,,,1,12,,1535390,11,,,1,52,,1535393,11,,,1,12,,1535395,11,,,1,12,,1535446,11,,,1,12,,1535433,11,,,1,13,,1535397,11,,,1,53,,1535432,11,,,1,12,,1535400,11,,,1,12,,1535401,11,,,1,11,,1535431,11,,,1,12,,1535404,11,,,1,52,,1535402,11,,,1,12,,1535430,11,,,1,12,,1535409,11,,,1,12,,1535429,11,,,1,12,,1535412,11,,,1,52,,1535414,11,,,1,11,,1535416,11,,,1,13,,1535418,11,,,1,12,,1535428,11,,,1,10,,1535356,11,,,1,52,,1535427,11,,,1,10,,1535373,11,,,1,10,,1535426,11,,,1,10,,1535382,11,,,1,10,,1535387,11,,,1,9,,1535394,11,,,1,51,,1535425,11,,,1,9,,1535403,11,,,1,10,,1535408,11,,,1,10,,1535424,11,,,1,10,,1535420,11,,,1,11,,1535369,11,,,1,9,,1535423,11,,,1,51,,1535364,11,,,1,9,,1535411,11,,,1,11,,1535421,11,,,1,11,,1535417,11,,,1,10,,1535406,11,,,1,51,,1535441,11,,,1,11,,1535422,11,,,1,12,,1535391,11,,,1,13,,1535376,11,,,1,14,,1535442,11,,,1,55,,1535358,11,,,1,16,,1535419,11,,,1,13,,1535415,11,,,1,15,,1535413,11,,,1,55,,1535410,11,,,1,15,,1535407,11,,,1,15,,1535405,11,,,1,15,,1535399,11,,,1,55,,1535398,11,,,1,15,,1535396,11,,,1,15,,1535392,11,,,1,15,,1535389,11,,,1,55,,1535386,11,,,1,15,,1535383,11,,,1,15,,1535380,11,,,1,15,,1535378,11,,,1,56,,1535374,11,,,1,15,,1535371,11,,,1,15,,1535368,11,,,1,16,,1535365,11,,,1,55,,1535362,11,,,1,15,,1535360,11,,,1,15,,1535443,11,,,1,16,,1535444,11,,,1,55,,1535445,11,,,1
80303,'20261010',542,,1558197,11,,,1,15,,1558198,11,,,1,54,,1558202,11,,,1,15,,1558260,11,,,1,14,,1558200,11,,,1,14,,1558199,11,,,1,54,,1558201,11,,,1,15,,1558261,11,,,1,16,,1558212,11,,,1,16,,1558208,11,,,1,56,,1558206,11,,,1,15,,1558262,11,,,1,15,,1558205,11,,,1,15,,1558203,11,,,1,55,,1558263,11,,,1,14,,1558204,11,,,1,15,,1558213,11,,,1,15,,1558214,11,,,1,55,,1558210,11,,,1,15,,1558211,11,,,1,15,,1558207,11,,,1,15,,1558209,11,,,1,55,,1558253,11,,,1,15,,1558251,11,,,1,15,,1558256,11,,,1,15,,1558252,11,,,1,58,,1558218,11,,,1,14,,1558222,11,,,1,16,,1558220,11,,,1,13,,1558238,11,,,1,55,,1558243,11,,,1,14,,1558244,11,,,1,17,,1558241,11,,,1,15,,1558239,11,,,1,54,,1558233,11,,,1,15,,1558247,11,,,1,16,,1558234,11,,,1,13,,1558246,11,,,1,56,,1558249,11,,,1,16,,1558248,11,,,1,16,,1558227,11,,,1,14,,1558258,11,,,1,55,,1558242,11,,,1,16,,1558221,11,,,1,15,,1558223,11,,,1,13,,1558240,11,,,1,56,,1558245,11,,,1,15,,1558230,11,,,1,15,,1558229,11,,,1,16,,1558232,11,,,1,55,,1558231,11,,,1,15,,1558236,11,,,1,16,,1558237,11,,,1,15,,1558264,11,,,1,55,,1558255,11,,,1,14,,1558224,11,,,1,15,,1558225,11,,,1,15,,1558265,11,,,1,55,,1558215,11,,,1,15,,1558217,11,,,1,15,,1558267,11,,,1,15,,1558254,11,,,1,55,,1558268,11,,,1,15,,1558216,11,,,1,15,,1558269,11,,,1,15,,1558250,11,,,1,55,,1558266,11,,,1,15,,1558228,11,,,1,15,,1558270,11,,,1,15,,1558226,11,,,1,56,,1558271,11,,,1,15,,1558257,11,,,1,16,,1558272,11,,,1,55,,1558219,11,,,1,15,,1558273,11,,,1,15,,1558235,11,,,1,15,,1558259,11,,,1
80303,'20261011',542,,1558350,11,,,1,15,,1558347,11,,,1,54,,1558345,11,,,1,15,,1558283,11,,,1,14,,1558343,11,,,1,14,,1558342,11,,,1,54,,1558346,11,,,1,15,,1558279,11,,,1,16,,1558334,11,,,1,16,,1558339,11,,,1,56,,1558349,11,,,1,15,,1558286,11,,,1,15,,1558344,11,,,1,15,,1558348,11,,,1,55,,1558284,11,,,1,14,,1558341,11,,,1,15,,1558321,11,,,1,15,,1558327,11,,,1,55,,1558337,11,,,1,15,,1558328,11,,,1,15,,1558338,11,,,1,15,,1558336,11,,,1,55,,1558319,11,,,1,15,,1558313,11,,,1,15,,1558317,11,,,1,15,,1558314,11,,,1,58,,1558330,11,,,1,14,,1558326,11,,,1,16,,1558324,11,,,1,13,,1558295,11,,,1,55,,1558293,11,,,1,14,,1558308,11,,,1,17,,1558306,11,,,1,15,,1558304,11,,,1,54,,1558298,11,,,1,15,,1558311,11,,,1,16,,1558300,11,,,1,13,,1558310,11,,,1,56,,1558312,11,,,1,16,,1558303,11,,,1,16,,1558290,11,,,1,14,,1558320,11,,,1,55,,1558307,11,,,1,16,,1558323,11,,,1,15,,1558331,11,,,1,13,,1558289,11,,,1,56,,1558309,11,,,1,15,,1558305,11,,,1,15,,1558292,11,,,1,16,,1558299,11,,,1,55,,1558296,11,,,1,15,,1558301,11,,,1,16,,1558297,11,,,1,15,,1558282,11,,,1,55,,1558316,11,,,1,14,,1558332,11,,,1,15,,1558333,11,,,1,15,,1558275,11,,,1,55,,1558329,11,,,1,15,,1558325,11,,,1,15,,1558288,11,,,1,15,,1558315,11,,,1,55,,1558277,11,,,1,15,,1558340,11,,,1,15,,1558287,11,,,1,15,,1558302,11,,,1,55,,1558276,11,,,1,15,,1558291,11,,,1,15,,1558278,11,,,1,15,,1558335,11,,,1,56,,1558281,11,,,1,15,,1558318,11,,,1,16,,1558280,11,,,1,55,,1558322,11,,,1,15,,1558285,11,,,1,15,,1558294,11,,,1,15,,1558274,11,,,1
80303,'20261012',542,,1558427,11,,,1,15,,1558424,11,,,1,54,,1558422,11,,,1,15,,1558360,11,,,1,14,,1558420,11,,,1,14,,1558419,11,,,1,54,,1558423,11,,,1,15,,1558356,11,,,1,16,,1558411,11,,,1,16,,1558416,11,,,1,56,,1558426,11,,,1,15,,1558363,11,,,1,15,,1558421,11,,,1,15,,1558425,11,,,1,55,,1558361,11,,,1,14,,1558418,11,,,1,15,,1558398,11,,,1,15,,1558404,11,,,1,55,,1558414,11,,,1,15,,1558405,11,,,1,15,,1558415,11,,,1,15,,1558413,11,,,1,55,,1558396,11,,,1,15,,1558390,11,,,1,15,,1558394,11,,,1,15,,1558391,11,,,1,58,,1558407,11,,,1,14,,1558403,11,,,1,16,,1558401,11,,,1,13,,1558372,11,,,1,55,,1558370,11,,,1,14,,1558385,11,,,1,17,,1558383,11,,,1,15,,1558381,11,,,1,54,,1558375,11,,,1,15,,1558388,11,,,1,16,,1558377,11,,,1,13,,1558387,11,,,1,56,,1558389,11,,,1,16,,1558380,11,,,1,16,,1558367,11,,,1,14,,1558397,11,,,1,55,,1558384,11,,,1,16,,1558400,11,,,1,15,,1558408,11,,,1,13,,1558366,11,,,1,56,,1558386,11,,,1,15,,1558382,11,,,1,15,,1558369,11,,,1,16,,1558376,11,,,1,55,,1558373,11,,,1,15,,1558378,11,,,1,16,,1558374,11,,,1,15,,1558359,11,,,1,55,,1558393,11,,,1,14,,1558409,11,,,1,15,,1558410,11,,,1,15,,1558352,11,,,1,55,,1558406,11,,,1,15,,1558402,11,,,1,15,,1558365,11,,,1,15,,1558392,11,,,1,55,,1558354,11,,,1,15,,1558417,11,,,1,15,,1558364,11,,,1,15,,1558379,11,,,1,55,,1558353,11,,,1,15,,1558368,11,,,1,15,,1558355,11,,,1,15,,1558412,11,,,1,56,,1558358,11,,,1,15,,1558395,11,,,1,16,,1558357,11,,,1,55,,1558399,11,,,1,15,,1558362,11,,,1,15,,1558371,11,,,1,15,,1558351,11,,,1
