23901,'20260804',653,,1076722,24,,,0,60,,1076723,24,,,0,46,,1076724,24,,,0,58,,1076725,24,,,0
23901,'20260805',653,,1101505,24,,,0,60,,1101506,24,,,0,46,,1101507,24,,,0,58,,1101508,24,,,0
23901,'20260806',653,,1101509,24,,,0,60,,1101510,24,,,0,46,,1101511,24,,,0,58,,1101512,24,,,0
23901,'20260807',653,,1101513,24,,,0,60,,1101514,24,,,0,46,,1101515,24,,,0,58,,1101516,24,,,0
23901,'20260810',653,,1057830,24,,,0,60,,1057831,24,,,0,46,,1057832,24,,,0,58,,1057833,24,,,0
23901,'20260811',653,,1057834,24,,,0,60,,1057835,24,,,0,46,,1057836,24,,,0,58,,1057837,24,,,0
23901,'20260812',653,,1076726,24,,,0,60,,1076727,24,,,0,46,,1076728,24,,,0,58,,1076729,24,,,0
23901,'20260813',653,,1076730,24,,,0,60,,1076731,24,,,0,46,,1076732,24,,,0,58,,1076733,24,,,0
23901,'20260814',653,,1101517,24,,,0,60,,1101518,24,,,0,46,,1101519,24,,,0,58,,1101520,24,,,0
23901,'20260817',653,,1101521,24,,,0,60,,1101522,24,,,0,46,,1101523,24,,,0,58,,1101524,24,,,0
23901,'20260818',653,,1101525,24,,,0,60,,1101526,24,,,0,46,,1101527,24,,,0,58,,1101528,24,,,0
