7401,'20260929',549,,1549097,12,,,1,95,,1549098,12,,,1,99,,1549099,12,,,1,104,,1549100,12,,,1,101,,1549101,12,,,1,100,,1549102,12,,,1,99,,1549103,12,,,1,101,,1549104,12,,,1,100,,1549105,12,,,1,99,,1549106,12,,,1,97,,1549107,12,,,1,100,,1549108,12,,,1,102,,1549109,12,,,1,104,,1549110,12,,,1,100,,1549111,12,,,1,100,,1549112,12,,,1,100,,1549113,12,,,1,170,,1549114,12,,,1
7401,'20260930',549,,1549117,12,,,1,95,,1549118,12,,,1,99,,1549119,12,,,1,104,,1549120,12,,,1,101,,1549121,12,,,1,100,,1549122,12,,,1,99,,1549123,12,,,1,101,,1549124,12,,,1,100,,1549125,12,,,1,99,,1549126,12,,,1,97,,1549127,12,,,1,100,,1549128,12,,,1,102,,1549129,12,,,1,104,,1549130,12,,,1,100,,1549131,12,,,1,100,,1549132,12,,,1,100,,1549133,12,,,1,170,,1549134,12,,,1
7401,'20261001',549,,1549137,12,,,1,95,,1549138,12,,,1,99,,1549139,12,,,1,104,,1549140,12,,,1,101,,1549141,12,,,1,100,,1549142,12,,,1,99,,1549143,12,,,1,101,,1549144,12,,,1,100,,1549145,12,,,1,99,,1549146,12,,,1,97,,1549147,12,,,1,100,,1549148,12,,,1,102,,1549149,12,,,1,104,,1549150,12,,,1,100,,1549151,12,,,1,100,,1549152,12,,,1,100,,1549153,12,,,1,170,,1549154,12,,,1
7401,'20261002',549,,1471977,12,,,1,95,,1471978,12,,,1,99,,1471979,12,,,1,104,,1471980,12,,,1,101,,1471981,12,,,1,100,,1471982,12,,,1,99,,1471983,12,,,1,101,,1471984,12,,,1,100,,1471985,12,,,1,99,,1471986,12,,,1,97,,1471992,12,,,1,100,,1471987,12,,,1,102,,1471988,12,,,1,104,,1471994,12,,,1,100,,1471989,12,,,1,100,,1471993,12,,,1,100,,1471990,12,,,1,170,,1471991,12,,,1
7401,'20261003',650,,1495002,12,,,1,99,,1494988,12,,,1,100,,1494989,12,,,1,100,,1495003,12,,,1,99,,1494996,12,,,1,101,,1494997,12,,,1,99,,1494998,12,,,1,100,,1494999,12,,,1,100,,1495000,12,,,1,98,,1495001,12,,,1,100,,1494990,12,,,1,103,,1494994,12,,,1,100,,1494995,12,,,1,100,,1494991,12,,,1,99,,1494992,12,,,1,104,,1494993,12,,,1,170,,1495004,12,,,1
7401,'20261004',650,,1495005,12,,,1,99,,1495020,12,,,1,100,,1495006,12,,,1,100,,1495021,12,,,1,99,,1495008,12,,,1,101,,1495009,12,,,1,99,,1495010,12,,,1,100,,1495011,12,,,1,100,,1495012,12,,,1,98,,1495013,12,,,1,100,,1495014,12,,,1,103,,1495015,12,,,1,100,,1495016,12,,,1,100,,1495017,12,,,1,99,,1495018,12,,,1,104,,1495019,12,,,1,170,,1495007,12,,,1
7401,'20261005',549,,1495022,12,,,1,95,,1495023,12,,,1,99,,1495024,12,,,1,104,,1495025,12,,,1,101,,1495026,12,,,1,100,,1495027,12,,,1,99,,1495028,12,,,1,101,,1495029,12,,,1,100,,1495030,12,,,1,99,,1495031,12,,,1,97,,1495037,12,,,1,100,,1495032,12,,,1,102,,1495033,12,,,1,104,,1495039,12,,,1,100,,1495034,12,,,1,100,,1495038,12,,,1,100,,1495035,12,,,1,170,,1495036,12,,,1
7401,'20261006',549,,1521472,12,,,1,95,,1521473,12,,,1,99,,1521474,12,,,1,104,,1521475,12,,,1,101,,1521476,12,,,1,100,,1521477,12,,,1,99,,1521478,12,,,1,101,,1521479,12,,,1,100,,1521480,12,,,1,99,,1521481,12,,,1,97,,1521487,12,,,1,100,,1521482,12,,,1,102,,1521483,12,,,1,104,,1521489,12,,,1,100,,1521484,12,,,1,100,,1521488,12,,,1,100,,1521485,12,,,1,170,,1521486,12,,,1
7401,'20261007',549,,1521492,12,,,1,95,,1521493,12,,,1,99,,1521494,12,,,1,104,,1521495,12,,,1,101,,1521496,12,,,1,100,,1521497,12,,,1,99,,1521498,12,,,1,101,,1521499,12,,,1,100,,1521500,12,,,1,99,,1521501,12,,,1,97,,1521507,12,,,1,100,,1521502,12,,,1,102,,1521503,12,,,1,104,,1521509,12,,,1,100,,1521504,12,,,1,100,,1521508,12,,,1,100,,1521505,12,,,1,170,,1521506,12,,,1
7401,'20261008',549,,1521512,12,,,1,95,,1521513,12,,,1,99,,1521514,12,,,1,104,,1521515,12,,,1,101,,1521516,12,,,1,100,,1521517,12,,,1,99,,1521518,12,,,1,101,,1521519,12,,,1,100,,1521520,12,,,1,99,,1521521,12,,,1,97,,1521527,12,,,1,100,,1521522,12,,,1,102,,1521523,12,,,1,104,,1521529,12,,,1,100,,1521524,12,,,1,100,,1521528,12,,,1,100,,1521525,12,,,1,170,,1521526,12,,,1
7401,'20261009',549,,1521532,12,,,1,95,,1521533,12,,,1,99,,1521534,12,,,1,104,,1521535,12,,,1,101,,1521536,12,,,1,100,,1521537,12,,,1,99,,1521538,12,,,1,101,,1521539,12,,,1,100,,1521540,12,,,1,99,,1521541,12,,,1,97,,1521547,12,,,1,100,,1521542,12,,,1,102,,1521543,12,,,1,104,,1521549,12,,,1,100,,1521544,12,,,1,100,,1521548,12,,,1,100,,1521545,12,,,1,170,,1521546,12,,,1
7401,'20261010',650,,1549169,12,,,1,99,,1549155,12,,,1,100,,1549156,12,,,1,100,,1549170,12,,,1,99,,1549163,12,,,1,101,,1549164,12,,,1,99,,1549165,12,,,1,100,,1549166,12,,,1,100,,1549167,12,,,1,98,,1549168,12,,,1,100,,1549157,12,,,1,103,,1549161,12,,,1,100,,1549162,12,,,1,100,,1549158,12,,,1,99,,1549159,12,,,1,104,,1549160,12,,,1,170,,1549171,12,,,1
7401,'20261011',650,,1549172,12,,,1,99,,1549187,12,,,1,100,,1549173,12,,,1,100,,1549188,12,,,1,99,,1549175,12,,,1,101,,1549176,12,,,1,99,,1549177,12,,,1,100,,1549178,12,,,1,100,,1549179,12,,,1,98,,1549180,12,,,1,100,,1549181,12,,,1,103,,1549182,12,,,1,100,,1549183,12,,,1,100,,1549184,12,,,1,99,,1549185,12,,,1,104,,1549186,12,,,1,170,,1549174,12,,,1
7401,'20261012',650,,1549189,12,,,1,99,,1549204,12,,,1,100,,1549190,12,,,1,100,,1549205,12,,,1,99,,1549192,12,,,1,101,,1549193,12,,,1,99,,1549194,12,,,1,100,,1549195,12,,,1,100,,1549196,12,,,1,98,,1549197,12,,,1,100,,1549198,12,,,1,103,,1549199,12,,,1,100,,1549200,12,,,1,100,,1549201,12,,,1,99,,1549202,12,,,1,104,,1549203,12,,,1,170,,1549191,12,,,1
