8000,'20261002',657,,1575571,52,,,0,70,,1575572,52,,,0,30,,1575573,52,,,0,68,,1575569,10,,,0,2,,1575574,52,,,0,25,,1575608,10,,,0,5,,1575575,52,,,0,69,,1575576,52,,,0,30,,1575577,52,,,0,70,,1575578,52,,,0,30,,1575579,52,,,0,70,,1575580,52,,,0,30,,1575581,52,,,0,70,,1575582,52,,,0,30,,1575583,52,,,0,70,,1575584,52,,,0,30,,1575585,52,,,0,70,,1575586,52,,,0,31,,1575587,52,,,0,70,,1575588,52,,,0,30,,1575589,52,,,0,70,,1575590,52,,,0,30,,1575591,52,,,0,70,,1575592,52,,,0,30,,1575593,52,,,0,70,,1575594,52,,,0,29,,1575595,52,,,0,70,,1575596,52,,,0,100,,1575598,52,,,0,100,,1575600,52,,,0,100,,1575602,52,,,0,100,,1575604,52,,,0,100,,1575606,52,,,0,30,,1575607,52,,,0
8000,'20261003',656,,1575609,52,,,0,70,,1575610,52,,,0,30,,1575611,52,,,0,70,,1575612,52,,,0,30,,1575613,52,,,0,70,,1575614,52,,,0,30,,1575615,52,,,0,70,,1575616,52,,,0,30,,1575617,52,,,0,70,,1575618,52,,,0,30,,1575619,52,,,0,70,,1575620,52,,,0,31,,1575621,52,,,0,70,,1575622,52,,,0,30,,1575623,52,,,0,70,,1575624,52,,,0,30,,1575625,52,,,0,70,,1575626,52,,,0,30,,1575627,52,,,0,70,,1575628,52,,,0,30,,1575629,52,,,0,70,,1575630,52,,,0,30,,1575631,52,,,0,69,,1575632,52,,,0,30,,1575633,52,,,0,70,,1575634,52,,,0,30,,1575635,52,,,0,100,,1575637,52,,,0,100,,1575639,52,,,0,100,,1575641,52,,,0,100,,1575643,52,,,0,100,,1575645,52,,,0
8000,'20261004',656,,1575646,52,,,0,70,,1575647,52,,,0,30,,1575648,52,,,0,70,,1575649,52,,,0,30,,1575650,52,,,0,70,,1575651,52,,,0,30,,1575652,52,,,0,70,,1575653,52,,,0,30,,1575654,52,,,0,70,,1575655,52,,,0,30,,1575656,52,,,0,70,,1575657,52,,,0,31,,1575658,52,,,0,70,,1575659,52,,,0,30,,1575660,52,,,0,70,,1575661,52,,,0,30,,1575662,52,,,0,70,,1575663,52,,,0,30,,1575664,52,,,0,70,,1575665,52,,,0,30,,1575666,52,,,0,70,,1575667,52,,,0,30,,1575668,52,,,0,69,,1575669,52,,,0,30,,1575670,52,,,0,70,,1575671,52,,,0,30,,1575672,52,,,0,100,,1575674,52,,,0,100,,1575676,52,,,0,100,,1575678,52,,,0,100,,1575680,52,,,0,100,,1575682,52,,,0
8000,'20261005',657,,1575684,52,,,0,70,,1575685,52,,,0,30,,1575686,52,,,0,70,,1575687,52,,,0,30,,1575688,52,,,0,69,,1575689,52,,,0,30,,1575690,52,,,0,70,,1575691,52,,,0,30,,1575692,52,,,0,70,,1575693,52,,,0,30,,1575694,52,,,0,70,,1575695,52,,,0,30,,1575696,52,,,0,70,,1575697,52,,,0,30,,1575698,52,,,0,70,,1575699,52,,,0,31,,1575700,52,,,0,70,,1575701,52,,,0,30,,1575702,52,,,0,70,,1575703,52,,,0,30,,1575704,52,,,0,70,,1575705,52,,,0,30,,1575706,52,,,0,70,,1575707,52,,,0,29,,1575708,52,,,0,70,,1575709,52,,,0,100,,1575711,52,,,0,100,,1575713,52,,,0,100,,1575715,52,,,0,100,,1575717,52,,,0,100,,1575719,52,,,0,30,,1575720,52,,,0
8000,'20261006',657,,1522448,52,,,0,70,,1522449,52,,,0,30,,1522450,52,,,0,70,,1522451,52,,,0,25,,1522485,10,,,0,5,,1522452,52,,,0,69,,1522453,52,,,0,30,,1522454,52,,,0,70,,1522455,52,,,0,30,,1522456,52,,,0,70,,1522457,52,,,0,30,,1522458,52,,,0,70,,1522459,52,,,0,30,,1522460,52,,,0,70,,1522461,52,,,0,30,,1522462,52,,,0,70,,1522463,52,,,0,31,,1522464,52,,,0,70,,1522465,52,,,0,30,,1522466,52,,,0,70,,1522467,52,,,0,30,,1522468,52,,,0,70,,1522469,52,,,0,30,,1522470,52,,,0,70,,1522471,52,,,0,29,,1522472,52,,,0,70,,1522479,52,,,0,100,,1522480,52,,,0,100,,1522481,52,,,0,100,,1522482,52,,,0,100,,1522483,52,,,0,100,,1522484,52,,,0,30,,1522478,52,,,0
8000,'20261007',657,,1522486,52,,,0,70,,1522487,52,,,0,30,,1522488,52,,,0,70,,1522489,52,,,0,25,,1522523,10,,,0,5,,1522490,52,,,0,69,,1522491,52,,,0,30,,1522492,52,,,0,70,,1522493,52,,,0,30,,1522494,52,,,0,70,,1522495,52,,,0,30,,1522496,52,,,0,70,,1522497,52,,,0,30,,1522498,52,,,0,70,,1522499,52,,,0,30,,1522500,52,,,0,70,,1522501,52,,,0,31,,1522502,52,,,0,70,,1522503,52,,,0,30,,1522504,52,,,0,70,,1522505,52,,,0,30,,1522506,52,,,0,70,,1522507,52,,,0,30,,1522508,52,,,0,70,,1522509,52,,,0,29,,1522510,52,,,0,70,,1522517,52,,,0,100,,1522518,52,,,0,100,,1522519,52,,,0,100,,1522520,52,,,0,100,,1522521,52,,,0,100,,1522522,52,,,0,30,,1522516,52,,,0
8000,'20261008',657,,1522524,52,,,0,70,,1522525,52,,,0,30,,1522526,52,,,0,70,,1522527,52,,,0,25,,1522561,10,,,0,5,,1522528,52,,,0,69,,1522529,52,,,0,30,,1522530,52,,,0,70,,1522531,52,,,0,30,,1522532,52,,,0,70,,1522533,52,,,0,30,,1522534,52,,,0,70,,1522535,52,,,0,30,,1522536,52,,,0,70,,1522537,52,,,0,30,,1522538,52,,,0,70,,1522539,52,,,0,31,,1522540,52,,,0,70,,1522541,52,,,0,30,,1522542,52,,,0,70,,1522543,52,,,0,30,,1522544,52,,,0,70,,1522545,52,,,0,30,,1522546,52,,,0,70,,1522547,52,,,0,29,,1522548,52,,,0,70,,1522555,52,,,0,100,,1522556,52,,,0,100,,1522557,52,,,0,100,,1522558,52,,,0,100,,1522559,52,,,0,100,,1522560,52,,,0,30,,1522554,52,,,0
8000,'20261009',657,,1522562,52,,,0,70,,1522563,52,,,0,30,,1522564,52,,,0,70,,1522565,52,,,0,25,,1522599,10,,,0,5,,1522566,52,,,0,69,,1522567,52,,,0,30,,1522568,52,,,0,70,,1522569,52,,,0,30,,1522570,52,,,0,70,,1522571,52,,,0,30,,1522572,52,,,0,70,,1522573,52,,,0,30,,1522574,52,,,0,70,,1522575,52,,,0,30,,1522576,52,,,0,70,,1522577,52,,,0,31,,1522578,52,,,0,70,,1522579,52,,,0,30,,1522580,52,,,0,70,,1522581,52,,,0,30,,1522582,52,,,0,70,,1522583,52,,,0,30,,1522584,52,,,0,70,,1522585,52,,,0,29,,1522586,52,,,0,70,,1522593,52,,,0,100,,1522594,52,,,0,100,,1522595,52,,,0,100,,1522596,52,,,0,100,,1522597,52,,,0,100,,1522598,52,,,0,30,,1522592,52,,,0
8000,'20261010',656,,1549869,52,,,0,70,,1549887,52,,,0,30,,1549870,52,,,0,70,,1549888,52,,,0,30,,1549871,52,,,0,70,,1549889,52,,,0,30,,1549872,52,,,0,70,,1549890,52,,,0,30,,1549873,52,,,0,70,,1549891,52,,,0,30,,1549874,52,,,0,70,,1549892,52,,,0,31,,1549875,52,,,0,70,,1549893,52,,,0,30,,1549876,52,,,0,70,,1549894,52,,,0,30,,1549877,52,,,0,70,,1549895,52,,,0,30,,1549878,52,,,0,70,,1549896,52,,,0,30,,1549879,52,,,0,70,,1549897,52,,,0,30,,1549880,52,,,0,69,,1549898,52,,,0,30,,1549881,52,,,0,70,,1549899,52,,,0,30,,1549882,52,,,0,100,,1549883,52,,,0,100,,1549884,52,,,0,100,,1549885,52,,,0,100,,1549886,52,,,0,100,,1549904,52,,,0
8000,'20261011',656,,1549906,52,,,0,70,,1549924,52,,,0,30,,1549907,52,,,0,70,,1549925,52,,,0,30,,1549908,52,,,0,70,,1549926,52,,,0,30,,1549909,52,,,0,70,,1549927,52,,,0,30,,1549910,52,,,0,70,,1549928,52,,,0,30,,1549911,52,,,0,70,,1549929,52,,,0,31,,1549912,52,,,0,70,,1549930,52,,,0,30,,1549913,52,,,0,70,,1549932,52,,,0,30,,1549914,52,,,0,70,,1549933,52,,,0,30,,1549915,52,,,0,70,,1549934,52,,,0,30,,1549916,52,,,0,70,,1549931,52,,,0,30,,1549917,52,,,0,69,,1549935,52,,,0,30,,1549918,52,,,0,70,,1549936,52,,,0,30,,1549919,52,,,0,100,,1549920,52,,,0,100,,1549921,52,,,0,100,,1549922,52,,,0,100,,1549923,52,,,0,100,,1549942,52,,,0
8000,'20261012',656,,1549943,52,,,0,70,,1549961,52,,,0,30,,1549944,52,,,0,70,,1549962,52,,,0,30,,1549945,52,,,0,70,,1549963,52,,,0,30,,1549946,52,,,0,70,,1549964,52,,,0,30,,1549947,52,,,0,70,,1549965,52,,,0,30,,1549948,52,,,0,70,,1549966,52,,,0,31,,1549949,52,,,0,70,,1549967,52,,,0,30,,1549950,52,,,0,70,,1549969,52,,,0,30,,1549951,52,,,0,70,,1549970,52,,,0,30,,1549952,52,,,0,70,,1549971,52,,,0,30,,1549953,52,,,0,70,,1549968,52,,,0,30,,1549954,52,,,0,69,,1549972,52,,,0,30,,1549955,52,,,0,70,,1549973,52,,,0,30,,1549956,52,,,0,100,,1549957,52,,,0,100,,1549958,52,,,0,100,,1549959,52,,,0,100,,1549960,52,,,0,100,,1549979,52,,,0
8000,'20261013',657,,1575721,52,,,0,70,,1575722,52,,,0,30,,1575723,52,,,0,70,,1575724,52,,,0,25,,1575758,10,,,0,5,,1575725,52,,,0,69,,1575726,52,,,0,30,,1575727,52,,,0,70,,1575728,52,,,0,30,,1575729,52,,,0,70,,1575730,52,,,0,30,,1575731,52,,,0,70,,1575732,52,,,0,30,,1575733,52,,,0,70,,1575734,52,,,0,30,,1575735,52,,,0,70,,1575736,52,,,0,31,,1575737,52,,,0,70,,1575738,52,,,0,30,,1575739,52,,,0,70,,1575740,52,,,0,30,,1575741,52,,,0,70,,1575742,52,,,0,30,,1575743,52,,,0,70,,1575744,52,,,0,29,,1575745,52,,,0,70,,1575752,52,,,0,100,,1575753,52,,,0,100,,1575754,52,,,0,100,,1575755,52,,,0,100,,1575756,52,,,0,100,,1575757,52,,,0,30,,1575751,52,,,0
8000,'20261014',657,,1575759,52,,,0,70,,1575760,52,,,0,30,,1575761,52,,,0,70,,1575762,52,,,0,25,,1575796,10,,,0,5,,1575763,52,,,0,69,,1575764,52,,,0,30,,1575765,52,,,0,70,,1575766,52,,,0,30,,1575767,52,,,0,70,,1575768,52,,,0,30,,1575769,52,,,0,70,,1575770,52,,,0,30,,1575771,52,,,0,70,,1575772,52,,,0,30,,1575773,52,,,0,70,,1575774,52,,,0,31,,1575775,52,,,0,70,,1575776,52,,,0,30,,1575777,52,,,0,70,,1575778,52,,,0,30,,1575779,52,,,0,70,,1575780,52,,,0,30,,1575781,52,,,0,70,,1575782,52,,,0,29,,1575783,52,,,0,70,,1575790,52,,,0,100,,1575791,52,,,0,100,,1575792,52,,,0,100,,1575793,52,,,0,100,,1575794,52,,,0,100,,1575795,52,,,0,30,,1575789,52,,,0
8000,'20261015',657,,1575797,52,,,0,70,,1575798,52,,,0,30,,1575799,52,,,0,70,,1575800,52,,,0,25,,1575834,10,,,0,5,,1575801,52,,,0,69,,1575802,52,,,0,30,,1575803,52,,,0,70,,1575804,52,,,0,30,,1575805,52,,,0,70,,1575806,52,,,0,30,,1575807,52,,,0,70,,1575808,52,,,0,30,,1575809,52,,,0,70,,1575810,52,,,0,30,,1575811,52,,,0,70,,1575812,52,,,0,31,,1575813,52,,,0,70,,1575814,52,,,0,30,,1575815,52,,,0,70,,1575816,52,,,0,30,,1575817,52,,,0,70,,1575818,52,,,0,30,,1575819,52,,,0,70,,1575820,52,,,0,29,,1575821,52,,,0,70,,1575828,52,,,0,100,,1575829,52,,,0,100,,1575830,52,,,0,100,,1575831,52,,,0,100,,1575832,52,,,0,100,,1575833,52,,,0,30,,1575827,52,,,0
8000,'20261016',657,,1575835,52,,,0,70,,1575836,52,,,0,30,,1575837,52,,,0,70,,1575838,52,,,0,25,,1575872,10,,,0,5,,1575839,52,,,0,69,,1575840,52,,,0,30,,1575841,52,,,0,70,,1575842,52,,,0,30,,1575843,52,,,0,70,,1575844,52,,,0,30,,1575845,52,,,0,70,,1575846,52,,,0,30,,1575847,52,,,0,70,,1575848,52,,,0,30,,1575849,52,,,0,70,,1575850,52,,,0,31,,1575851,52,,,0,70,,1575852,52,,,0,30,,1575853,52,,,0,70,,1575854,52,,,0,30,,1575855,52,,,0,70,,1575856,52,,,0,30,,1575857,52,,,0,70,,1575858,52,,,0,29,,1575859,52,,,0,70,,1575866,52,,,0,100,,1575867,52,,,0,100,,1575868,52,,,0,100,,1575869,52,,,0,100,,1575870,52,,,0,100,,1575871,52,,,0,30,,1575865,52,,,0
28000,'20261002',1603,,1580717,13,4,,0,35,,1580718,13,4,,0,9,,1580719,13,4,,0,59,,1580720,13,4,,0,38,,1580721,13,4,,0,67,,1580722,13,4,,0
28000,'20261005',1603,,1580723,13,4,,0,35,,1580724,13,4,,0,9,,1580725,13,4,,0,59,,1580726,13,4,,0,38,,1580727,13,4,,0,67,,1580728,13,4,,0
28000,'20261006',1603,,1527458,13,4,,0,35,,1527457,13,4,,0,9,,1527453,13,4,,0,59,,1527454,13,4,,0,38,,1527455,13,4,,0,67,,1527456,13,4,,0
28000,'20261007',1603,,1527464,13,4,,0,35,,1527463,13,4,,0,9,,1527459,13,4,,0,59,,1527460,13,4,,0,38,,1527461,13,4,,0,67,,1527462,13,4,,0
28000,'20261008',1603,,1527470,13,4,,0,35,,1527469,13,4,,0,9,,1527465,13,4,,0,59,,1527466,13,4,,0,38,,1527467,13,4,,0,67,,1527468,13,4,,0
28000,'20261009',1603,,1527476,13,4,,0,35,,1527475,13,4,,0,9,,1527471,13,4,,0,59,,1527472,13,4,,0,38,,1527473,13,4,,0,67,,1527474,13,4,,0
28000,'20261013',1603,,1580734,13,4,,0,35,,1580733,13,4,,0,9,,1580729,13,4,,0,59,,1580730,13,4,,0,38,,1580731,13,4,,0,67,,1580732,13,4,,0
28000,'20261014',1603,,1580740,13,4,,0,35,,1580739,13,4,,0,9,,1580735,13,4,,0,59,,1580736,13,4,,0,38,,1580737,13,4,,0,67,,1580738,13,4,,0
28000,'20261015',1603,,1580746,13,4,,0,35,,1580745,13,4,,0,9,,1580741,13,4,,0,59,,1580742,13,4,,0,38,,1580743,13,4,,0,67,,1580744,13,4,,0
28000,'20261016',1603,,1580752,13,4,,0,35,,1580751,13,4,,0,9,,1580747,13,4,,0,59,,1580748,13,4,,0,38,,1580749,13,4,,0,67,,1580750,13,4,,0
38000,'20261002',1230,,1581881,28,4,,0,411,,1581882,28,4,,0,108,,1581883,28,4,,0,102,,1581884,28,4,,0
38000,'20261005',1230,,1581885,28,4,,0,411,,1581886,28,4,,0,108,,1581887,28,4,,0,102,,1581888,28,4,,0
38000,'20261006',1230,,1528616,28,4,,0,411,,1528613,28,4,,0,108,,1528614,28,4,,0,102,,1528615,28,4,,0
38000,'20261007',1230,,1528620,28,4,,0,411,,1528617,28,4,,0,108,,1528618,28,4,,0,102,,1528619,28,4,,0
38000,'20261008',1230,,1528624,28,4,,0,411,,1528621,28,4,,0,108,,1528622,28,4,,0,102,,1528623,28,4,,0
38000,'20261009',1230,,1528628,28,4,,0,411,,1528625,28,4,,0,108,,1528626,28,4,,0,102,,1528627,28,4,,0
38000,'20261013',1230,,1581892,28,4,,0,411,,1581889,28,4,,0,108,,1581890,28,4,,0,102,,1581891,28,4,,0
38000,'20261014',1230,,1581896,28,4,,0,411,,1581893,28,4,,0,108,,1581894,28,4,,0,102,,1581895,28,4,,0
38000,'20261015',1230,,1581900,28,4,,0,411,,1581897,28,4,,0,108,,1581898,28,4,,0,102,,1581899,28,4,,0
38000,'20261016',1230,,1581904,28,4,,0,411,,1581901,28,4,,0,108,,1581902,28,4,,0,102,,1581903,28,4,,0
58000,'20261002',1613,,1582624,26,4,,0,41,,1582625,26,4,,0,62,,1582626,26,4,,0,35,,1582627,26,4,,0
58000,'20261005',1613,,1582628,26,4,,0,41,,1582629,26,4,,0,62,,1582630,26,4,,0,35,,1582631,26,4,,0
58000,'20261006',1613,,1529358,26,4,,0,41,,1529357,26,4,,0,62,,1529356,26,4,,0,35,,1529359,26,4,,0
58000,'20261007',1613,,1529362,26,4,,0,41,,1529361,26,4,,0,62,,1529360,26,4,,0,35,,1529363,26,4,,0
58000,'20261008',1613,,1529366,26,4,,0,41,,1529365,26,4,,0,62,,1529364,26,4,,0,35,,1529367,26,4,,0
58000,'20261009',1613,,1529370,26,4,,0,41,,1529369,26,4,,0,62,,1529368,26,4,,0,35,,1529371,26,4,,0
58000,'20261013',1613,,1582634,26,4,,0,41,,1582633,26,4,,0,62,,1582632,26,4,,0,35,,1582635,26,4,,0
58000,'20261014',1613,,1582638,26,4,,0,41,,1582637,26,4,,0,62,,1582636,26,4,,0,35,,1582639,26,4,,0
58000,'20261015',1613,,1582642,26,4,,0,41,,1582641,26,4,,0,62,,1582640,26,4,,0,35,,1582643,26,4,,0
58000,'20261016',1613,,1582646,26,4,,0,41,,1582645,26,4,,0,62,,1582644,26,4,,0,35,,1582647,26,4,,0
98000,'20261002',2605,,1593529,53,,,0
98000,'20261003',2605,,1593530,53,,,0
98000,'20261009',2605,,1540244,53,,,0
98000,'20261010',2605,,1561867,53,,,0
98000,'20261016',2605,,1593531,53,,,0
