3401,'20261006',619,,1600320,19,,,0,34,,1600321,19,,,0,77,,1600322,19,,,0,78,,1600323,19,,,0,22,,1600324,19,,,0,216,,1600325,19,,,0,200,,1600326,19,,,0,200,,1600327,19,,,0,198,,1600328,19,,,0,68,,1600329,19,,,0,29,,1600330,19,,,0,70,,1600331,19,,,0,32,,1600332,19,,,0,115,,1600333,19,,,0,192,,1600334,19,,,0,200,,1600335,19,,,0
3401,'20261007',619,,1600336,19,,,0,34,,1600337,19,,,0,77,,1600338,19,,,0,78,,1600339,19,,,0,22,,1600340,19,,,0,216,,1600341,19,,,0,200,,1600342,19,,,0,200,,1600343,19,,,0,198,,1600344,19,,,0,68,,1600345,19,,,0,29,,1600346,19,,,0,70,,1600347,19,,,0,32,,1600348,19,,,0,115,,1600349,19,,,0,192,,1600350,19,,,0,200,,1600351,19,,,0
3401,'20261008',619,,1600352,19,,,0,34,,1600353,19,,,0,77,,1600354,19,,,0,78,,1600355,19,,,0,22,,1600356,19,,,0,216,,1600357,19,,,0,200,,1600358,19,,,0,200,,1600359,19,,,0,198,,1600360,19,,,0,68,,1600361,19,,,0,29,,1600362,19,,,0,70,,1600363,19,,,0,32,,1600364,19,,,0,115,,1600365,19,,,0,192,,1600366,19,,,0,200,,1600367,19,,,0
3401,'20261009',619,,1600368,19,,,0,34,,1600369,19,,,0,77,,1600370,19,,,0,78,,1600371,19,,,0,22,,1600372,19,,,0,216,,1600373,19,,,0,200,,1600374,19,,,0,200,,1600375,19,,,0,198,,1600376,19,,,0,68,,1600377,19,,,0,29,,1600378,19,,,0,70,,1600379,19,,,0,32,,1600380,19,,,0,115,,1600381,19,,,0,192,,1600382,19,,,0,200,,1600383,19,,,0
3401,'20261010',657,,1544901,19,,,0,202,,1544904,19,,,0,200,,1544902,19,,,0,200,,1544906,19,,,0,200,,1544903,19,,,0,200,,1544907,19,,,0,242,,1544908,19,,,0,201,,1544909,19,,,0,200,,1544905,19,,,0
3401,'20261011',657,,1544910,19,,,0,202,,1544911,19,,,0,200,,1544912,19,,,0,200,,1544913,19,,,0,200,,1544914,19,,,0,200,,1544915,19,,,0,242,,1544916,19,,,0,201,,1544917,19,,,0,200,,1544918,19,,,0
3401,'20261012',657,,1544919,19,,,0,202,,1544920,19,,,0,200,,1544921,19,,,0,200,,1544922,19,,,0,200,,1544923,19,,,0,200,,1544924,19,,,0,242,,1544925,19,,,0,201,,1544926,19,,,0,200,,1544927,19,,,0
3401,'20261013',619,,1568664,19,,,0,34,,1568657,19,,,0,77,,1568658,19,,,0,78,,1568659,19,,,0,22,,1568672,19,,,0,216,,1568665,19,,,0,200,,1568660,19,,,0,200,,1568666,19,,,0,198,,1568670,19,,,0,68,,1568663,19,,,0,29,,1568661,19,,,0,70,,1568662,19,,,0,32,,1568671,19,,,0,115,,1568667,19,,,0,192,,1568668,19,,,0,200,,1568669,19,,,0
3401,'20261014',619,,1568680,19,,,0,34,,1568673,19,,,0,77,,1568674,19,,,0,78,,1568675,19,,,0,22,,1568688,19,,,0,216,,1568681,19,,,0,200,,1568676,19,,,0,200,,1568682,19,,,0,198,,1568686,19,,,0,68,,1568679,19,,,0,29,,1568677,19,,,0,70,,1568678,19,,,0,32,,1568687,19,,,0,115,,1568683,19,,,0,192,,1568684,19,,,0,200,,1568685,19,,,0
3401,'20261015',619,,1568696,19,,,0,34,,1568689,19,,,0,77,,1568690,19,,,0,78,,1568691,19,,,0,22,,1568704,19,,,0,216,,1568697,19,,,0,200,,1568692,19,,,0,200,,1568698,19,,,0,198,,1568702,19,,,0,68,,1568695,19,,,0,29,,1568693,19,,,0,70,,1568694,19,,,0,32,,1568703,19,,,0,115,,1568699,19,,,0,192,,1568700,19,,,0,200,,1568701,19,,,0
3401,'20261016',619,,1568712,19,,,0,34,,1568705,19,,,0,77,,1568706,19,,,0,78,,1568707,19,,,0,22,,1568720,19,,,0,216,,1568713,19,,,0,200,,1568708,19,,,0,200,,1568714,19,,,0,198,,1568718,19,,,0,68,,1568711,19,,,0,29,,1568709,19,,,0,70,,1568710,19,,,0,32,,1568719,19,,,0,115,,1568715,19,,,0,192,,1568716,19,,,0,200,,1568717,19,,,0
3401,'20261017',657,,1600384,19,,,0,202,,1600387,19,,,0,200,,1600385,19,,,0,200,,1600389,19,,,0,200,,1600386,19,,,0,200,,1600390,19,,,0,242,,1600391,19,,,0,201,,1600392,19,,,0,200,,1600388,19,,,0
3401,'20261018',657,,1600393,19,,,0,202,,1600394,19,,,0,200,,1600395,19,,,0,200,,1600396,19,,,0,200,,1600397,19,,,0,200,,1600398,19,,,0,242,,1600399,19,,,0,201,,1600400,19,,,0,200,,1600401,19,,,0
3401,'20261019',619,,1600409,19,,,0,34,,1600402,19,,,0,77,,1600403,19,,,0,78,,1600404,19,,,0,22,,1600417,19,,,0,216,,1600410,19,,,0,200,,1600405,19,,,0,200,,1600411,19,,,0,198,,1600415,19,,,0,68,,1600408,19,,,0,29,,1600406,19,,,0,70,,1600407,19,,,0,32,,1600416,19,,,0,115,,1600412,19,,,0,192,,1600413,19,,,0,200,,1600414,19,,,0
3401,'20261020',619,,1600425,19,,,0,34,,1600418,19,,,0,77,,1600419,19,,,0,78,,1600420,19,,,0,22,,1600433,19,,,0,216,,1600426,19,,,0,200,,1600421,19,,,0,200,,1600427,19,,,0,198,,1600431,19,,,0,68,,1600424,19,,,0,29,,1600422,19,,,0,70,,1600423,19,,,0,32,,1600432,19,,,0,115,,1600428,19,,,0,192,,1600429,19,,,0,200,,1600430,19,,,0
