5400,'20260929',644,,1546094,40,,,1,73,,1546095,40,,,1,36,,1546089,40,,,1,68,,1546096,40,,,1,30,,1546097,40,,,1,66,,1546098,40,,,1,29,,1546099,40,,,1,71,,1546100,40,,,1,31,,1546101,40,,,1,70,,1546102,40,,,1,31,,1546103,40,,,1,69,,1546104,40,,,1,30,,1546105,40,,,1,71,,1546106,40,,,1,28,,1546107,40,,,1,70,,1546108,40,,,1,29,,1546109,40,,,1,72,,1546110,40,,,1,29,,1546111,40,,,1,59,,1546112,40,,,1,16,,1546090,53,,,1,19,,1546113,40,,,1,59,,1546091,53,,,1,16,,1546114,40,,,1,14,,1546092,53,,,1,13,,1546115,40,,,1,11,,1546093,53,,,1,55,,1546116,40,,,1,18,,1546117,40,,,1,28,,1546118,40,,,1,73,,1546119,40,,,1,92,,1546120,40,,,1,105,,1546121,40,,,1,99,,1546122,40,,,1,104,,1546123,40,,,1,103,,1546124,40,,,1,94,,1546125,40,,,1
5400,'20260930',644,,1546131,40,,,1,73,,1546132,40,,,1,36,,1546126,40,,,1,68,,1546133,40,,,1,30,,1546134,40,,,1,66,,1546135,40,,,1,29,,1546136,40,,,1,71,,1546137,40,,,1,31,,1546138,40,,,1,70,,1546139,40,,,1,31,,1546140,40,,,1,69,,1546141,40,,,1,30,,1546142,40,,,1,71,,1546143,40,,,1,28,,1546144,40,,,1,70,,1546145,40,,,1,29,,1546146,40,,,1,72,,1546147,40,,,1,29,,1546148,40,,,1,59,,1546149,40,,,1,16,,1546127,53,,,1,19,,1546150,40,,,1,59,,1546128,53,,,1,16,,1546151,40,,,1,14,,1546129,53,,,1,13,,1546152,40,,,1,11,,1546130,53,,,1,55,,1546153,40,,,1,18,,1546154,40,,,1,28,,1546155,40,,,1,73,,1546156,40,,,1,92,,1546157,40,,,1,105,,1546158,40,,,1,99,,1546159,40,,,1,104,,1546160,40,,,1,103,,1546161,40,,,1,94,,1546162,40,,,1
5400,'20261001',644,,1546168,40,,,1,73,,1546169,40,,,1,36,,1546163,40,,,1,68,,1546170,40,,,1,30,,1546171,40,,,1,66,,1546172,40,,,1,29,,1546173,40,,,1,71,,1546174,40,,,1,31,,1546175,40,,,1,70,,1546176,40,,,1,31,,1546177,40,,,1,69,,1546178,40,,,1,30,,1546179,40,,,1,71,,1546180,40,,,1,28,,1546181,40,,,1,70,,1546182,40,,,1,29,,1546183,40,,,1,72,,1546184,40,,,1,29,,1546185,40,,,1,59,,1546186,40,,,1,16,,1546164,53,,,1,19,,1546187,40,,,1,59,,1546165,53,,,1,16,,1546188,40,,,1,14,,1546166,53,,,1,13,,1546189,40,,,1,11,,1546167,53,,,1,55,,1546190,40,,,1,18,,1546191,40,,,1,28,,1546192,40,,,1,73,,1546193,40,,,1,92,,1546194,40,,,1,105,,1546195,40,,,1,99,,1546196,40,,,1,104,,1546197,40,,,1,103,,1546198,40,,,1,94,,1546199,40,,,1
5400,'20261002',644,,1468881,40,,,1,73,,1468882,40,,,1,36,,1468883,40,,,1,68,,1468884,40,,,1,30,,1468885,40,,,1,66,,1468886,40,,,1,29,,1468887,40,,,1,71,,1468888,40,,,1,31,,1468889,40,,,1,70,,1468890,40,,,1,31,,1468891,40,,,1,69,,1468892,40,,,1,30,,1468893,40,,,1,71,,1468894,40,,,1,28,,1468895,40,,,1,70,,1468896,40,,,1,29,,1468897,40,,,1,72,,1468898,40,,,1,29,,1468899,40,,,1,59,,1468901,40,,,1,16,,1468900,53,,,1,19,,1468903,40,,,1,59,,1468902,53,,,1,16,,1468905,40,,,1,14,,1468904,53,,,1,13,,1468907,40,,,1,11,,1468906,53,,,1,55,,1468908,40,,,1,18,,1468909,40,,,1,28,,1468910,40,,,1,73,,1468911,40,,,1,92,,1468912,40,,,1,105,,1468913,40,,,1,99,,1468914,40,,,1,104,,1468915,40,,,1,103,,1468916,40,,,1,94,,1468917,40,,,1
5400,'20261003',722,,1491870,40,,,1,100,,1491871,40,,,1,101,,1491872,40,,,1,99,,1491891,40,,,1,100,,1491892,40,,,1,101,,1491885,40,,,1,31,,1491873,40,,,1,69,,1491886,40,,,1,30,,1491874,40,,,1,71,,1491887,40,,,1,24,,1491875,40,,,1,75,,1491888,40,,,1,27,,1491876,40,,,1,72,,1491889,40,,,1,32,,1491877,40,,,1,80,,1491890,40,,,1,71,,1491878,40,,,1,21,,1491879,40,,,1,99,,1491880,40,,,1,99,,1491881,40,,,1,100,,1491882,40,,,1,100,,1491883,40,,,1,98,,1491884,40,,,1,102,,1491893,40,,,1,98,,1491894,40,,,1
5400,'20261004',722,,1491895,40,,,1,100,,1491897,40,,,1,101,,1491896,40,,,1,99,,1491916,40,,,1,100,,1491917,40,,,1,101,,1491911,40,,,1,31,,1491900,40,,,1,69,,1491912,40,,,1,30,,1491903,40,,,1,71,,1491899,40,,,1,24,,1491905,40,,,1,75,,1491914,40,,,1,27,,1491910,40,,,1,72,,1491913,40,,,1,32,,1491898,40,,,1,80,,1491915,40,,,1,71,,1491902,40,,,1,21,,1491907,40,,,1,99,,1491904,40,,,1,99,,1491906,40,,,1,100,,1491908,40,,,1,100,,1491909,40,,,1,98,,1491901,40,,,1,102,,1491918,40,,,1,98,,1491919,40,,,1
5400,'20261005',644,,1491920,40,,,1,73,,1491921,40,,,1,36,,1491922,40,,,1,68,,1491923,40,,,1,30,,1491924,40,,,1,66,,1491925,40,,,1,29,,1491926,40,,,1,71,,1491927,40,,,1,31,,1491928,40,,,1,70,,1491929,40,,,1,31,,1491930,40,,,1,69,,1491931,40,,,1,30,,1491932,40,,,1,71,,1491933,40,,,1,28,,1491934,40,,,1,70,,1491935,40,,,1,29,,1491936,40,,,1,72,,1491937,40,,,1,29,,1491938,40,,,1,59,,1491940,40,,,1,16,,1491939,53,,,1,19,,1491942,40,,,1,59,,1491941,53,,,1,16,,1491944,40,,,1,14,,1491943,53,,,1,13,,1491946,40,,,1,11,,1491945,53,,,1,55,,1491947,40,,,1,18,,1491948,40,,,1,28,,1491949,40,,,1,73,,1491950,40,,,1,92,,1491951,40,,,1,105,,1491952,40,,,1,99,,1491953,40,,,1,104,,1491954,40,,,1,103,,1491955,40,,,1,94,,1491956,40,,,1
5400,'20261006',644,,1517194,40,,,1,73,,1517195,40,,,1,36,,1517196,40,,,1,68,,1517197,40,,,1,30,,1517198,40,,,1,66,,1517199,40,,,1,29,,1517200,40,,,1,71,,1517201,40,,,1,31,,1517202,40,,,1,70,,1517203,40,,,1,31,,1517204,40,,,1,69,,1517205,40,,,1,30,,1517206,40,,,1,71,,1517207,40,,,1,28,,1517208,40,,,1,70,,1517209,40,,,1,29,,1517210,40,,,1,72,,1517211,40,,,1,29,,1517212,40,,,1,59,,1517214,40,,,1,16,,1517213,53,,,1,19,,1517216,40,,,1,59,,1517215,53,,,1,16,,1517218,40,,,1,14,,1517217,53,,,1,13,,1517220,40,,,1,11,,1517219,53,,,1,55,,1517221,40,,,1,18,,1517222,40,,,1,28,,1517223,40,,,1,73,,1517224,40,,,1,92,,1517225,40,,,1,105,,1517226,40,,,1,99,,1517227,40,,,1,104,,1517228,40,,,1,103,,1517229,40,,,1,94,,1517230,40,,,1
5400,'20261007',644,,1517231,40,,,1,73,,1517232,40,,,1,36,,1517233,40,,,1,68,,1517234,40,,,1,30,,1517235,40,,,1,66,,1517236,40,,,1,29,,1517237,40,,,1,71,,1517238,40,,,1,31,,1517239,40,,,1,70,,1517240,40,,,1,31,,1517241,40,,,1,69,,1517242,40,,,1,30,,1517243,40,,,1,71,,1517244,40,,,1,28,,1517245,40,,,1,70,,1517246,40,,,1,29,,1517247,40,,,1,72,,1517248,40,,,1,29,,1517249,40,,,1,59,,1517251,40,,,1,16,,1517250,53,,,1,19,,1517253,40,,,1,59,,1517252,53,,,1,16,,1517255,40,,,1,14,,1517254,53,,,1,13,,1517257,40,,,1,11,,1517256,53,,,1,55,,1517258,40,,,1,18,,1517259,40,,,1,28,,1517260,40,,,1,73,,1517261,40,,,1,92,,1517262,40,,,1,105,,1517263,40,,,1,99,,1517264,40,,,1,104,,1517265,40,,,1,103,,1517266,40,,,1,94,,1517267,40,,,1
5400,'20261008',644,,1517268,40,,,1,73,,1517269,40,,,1,36,,1517270,40,,,1,68,,1517271,40,,,1,30,,1517272,40,,,1,66,,1517273,40,,,1,29,,1517274,40,,,1,71,,1517275,40,,,1,31,,1517276,40,,,1,70,,1517277,40,,,1,31,,1517278,40,,,1,69,,1517279,40,,,1,30,,1517280,40,,,1,71,,1517281,40,,,1,28,,1517282,40,,,1,70,,1517283,40,,,1,29,,1517284,40,,,1,72,,1517285,40,,,1,29,,1517286,40,,,1,59,,1517288,40,,,1,16,,1517287,53,,,1,19,,1517290,40,,,1,59,,1517289,53,,,1,16,,1517292,40,,,1,14,,1517291,53,,,1,13,,1517294,40,,,1,11,,1517293,53,,,1,55,,1517295,40,,,1,18,,1517296,40,,,1,28,,1517297,40,,,1,73,,1517298,40,,,1,92,,1517299,40,,,1,105,,1517300,40,,,1,99,,1517301,40,,,1,104,,1517302,40,,,1,103,,1517303,40,,,1,94,,1517304,40,,,1
5400,'20261009',644,,1517305,40,,,1,73,,1517306,40,,,1,36,,1517307,40,,,1,68,,1517308,40,,,1,30,,1517309,40,,,1,66,,1517310,40,,,1,29,,1517311,40,,,1,71,,1517312,40,,,1,31,,1517313,40,,,1,70,,1517314,40,,,1,31,,1517315,40,,,1,69,,1517316,40,,,1,30,,1517317,40,,,1,71,,1517318,40,,,1,28,,1517319,40,,,1,70,,1517320,40,,,1,29,,1517321,40,,,1,72,,1517322,40,,,1,29,,1517323,40,,,1,59,,1517325,40,,,1,16,,1517324,53,,,1,19,,1517327,40,,,1,59,,1517326,53,,,1,16,,1517329,40,,,1,14,,1517328,53,,,1,13,,1517331,40,,,1,11,,1517330,53,,,1,55,,1517332,40,,,1,18,,1517333,40,,,1,28,,1517334,40,,,1,73,,1517335,40,,,1,92,,1517336,40,,,1,105,,1517337,40,,,1,99,,1517338,40,,,1,104,,1517339,40,,,1,103,,1517340,40,,,1,94,,1517341,40,,,1
5400,'20261010',722,,1546200,40,,,1,100,,1546201,40,,,1,101,,1546202,40,,,1,99,,1546221,40,,,1,100,,1546222,40,,,1,101,,1546215,40,,,1,31,,1546203,40,,,1,69,,1546216,40,,,1,30,,1546204,40,,,1,71,,1546217,40,,,1,24,,1546205,40,,,1,75,,1546218,40,,,1,27,,1546206,40,,,1,72,,1546219,40,,,1,32,,1546207,40,,,1,80,,1546220,40,,,1,71,,1546208,40,,,1,21,,1546209,40,,,1,99,,1546210,40,,,1,99,,1546211,40,,,1,100,,1546212,40,,,1,100,,1546213,40,,,1,98,,1546214,40,,,1,102,,1546223,40,,,1,98,,1546224,40,,,1
5400,'20261011',722,,1546225,40,,,1,100,,1546227,40,,,1,101,,1546226,40,,,1,99,,1546246,40,,,1,100,,1546247,40,,,1,101,,1546241,40,,,1,31,,1546230,40,,,1,69,,1546242,40,,,1,30,,1546233,40,,,1,71,,1546229,40,,,1,24,,1546235,40,,,1,75,,1546244,40,,,1,27,,1546240,40,,,1,72,,1546243,40,,,1,32,,1546228,40,,,1,80,,1546245,40,,,1,71,,1546232,40,,,1,21,,1546237,40,,,1,99,,1546234,40,,,1,99,,1546236,40,,,1,100,,1546238,40,,,1,100,,1546239,40,,,1,98,,1546231,40,,,1,102,,1546248,40,,,1,98,,1546249,40,,,1
5400,'20261012',722,,1546250,40,,,1,100,,1546252,40,,,1,101,,1546251,40,,,1,99,,1546271,40,,,1,100,,1546272,40,,,1,101,,1546266,40,,,1,31,,1546255,40,,,1,69,,1546267,40,,,1,30,,1546258,40,,,1,71,,1546254,40,,,1,24,,1546260,40,,,1,75,,1546269,40,,,1,27,,1546265,40,,,1,72,,1546268,40,,,1,32,,1546253,40,,,1,80,,1546270,40,,,1,71,,1546257,40,,,1,21,,1546262,40,,,1,99,,1546259,40,,,1,99,,1546261,40,,,1,100,,1546263,40,,,1,100,,1546264,40,,,1,98,,1546256,40,,,1,102,,1546273,40,,,1,98,,1546274,40,,,1
25400,'20260929',1544,,1552877,32,4,,0,74,,1552878,32,4,,0,37,,1552879,32,4,,0,63,,1552880,32,4,,0,24,,1552881,32,4,,0,69,,1552882,32,4,,0
25400,'20260930',1544,,1552885,32,4,,0,74,,1552886,32,4,,0,37,,1552887,32,4,,0,63,,1552888,32,4,,0,24,,1552889,32,4,,0,69,,1552890,32,4,,0
25400,'20261001',1544,,1552892,32,4,,0,74,,1552893,32,4,,0,37,,1552894,32,4,,0,63,,1552895,32,4,,0,24,,1552896,32,4,,0,69,,1552897,32,4,,0
25400,'20261002',1544,,1475914,32,4,,0,74,,1475915,32,4,,0,37,,1475916,32,4,,0,63,,1475917,32,4,,0,24,,1475918,32,4,,0,69,,1475919,32,4,,0
25400,'20261005',1544,,1498951,32,4,,0,74,,1498952,32,4,,0,37,,1498953,32,4,,0,63,,1498954,32,4,,0,24,,1498955,32,4,,0,69,,1498956,32,4,,0
25400,'20261006',1544,,1526925,32,4,,0,74,,1526926,32,4,,0,37,,1526927,32,4,,0,63,,1526928,32,4,,0,24,,1526929,32,4,,0,69,,1526930,32,4,,0
25400,'20261007',1544,,1526931,32,4,,0,74,,1526932,32,4,,0,37,,1526933,32,4,,0,63,,1526934,32,4,,0,24,,1526935,32,4,,0,69,,1526936,32,4,,0
25400,'20261008',1544,,1526937,32,4,,0,74,,1526938,32,4,,0,37,,1526939,32,4,,0,63,,1526940,32,4,,0,24,,1526941,32,4,,0,69,,1526942,32,4,,0
25400,'20261009',1544,,1526943,32,4,,0,74,,1526944,32,4,,0,37,,1526945,32,4,,0,63,,1526946,32,4,,0,24,,1526947,32,4,,0,69,,1526948,32,4,,0
35400,'20260929',1248,,1553597,29,4,,0,454,,1553598,29,4,,0,56,,1553599,29,4,,0
35400,'20260930',1248,,1553600,29,4,,0,454,,1553601,29,4,,0,56,,1553602,29,4,,0
35400,'20261001',1248,,1553603,29,4,,0,454,,1553604,29,4,,0,56,,1553605,29,4,,0
35400,'20261002',1248,,1476858,29,4,,0,454,,1476860,29,4,,0,56,,1476859,29,4,,0
35400,'20261005',1248,,1499897,29,4,,0,454,,1499899,29,4,,0,56,,1499898,29,4,,0
35400,'20261006',1248,,1528349,29,4,,0,454,,1528351,29,4,,0,56,,1528350,29,4,,0
35400,'20261007',1248,,1528352,29,4,,0,454,,1528354,29,4,,0,56,,1528353,29,4,,0
35400,'20261008',1248,,1528355,29,4,,0,454,,1528357,29,4,,0,56,,1528356,29,4,,0
35400,'20261009',1248,,1528358,29,4,,0,454,,1528360,29,4,,0,56,,1528359,29,4,,0
55400,'20260929',1628,,1553994,27,4,,0,26,,1553995,27,4,,0,65,,1553996,27,4,,0,85,,1553997,27,4,,0
55400,'20260930',1628,,1553998,27,4,,0,26,,1553999,27,4,,0,65,,1554000,27,4,,0,85,,1554001,27,4,,0
55400,'20261001',1628,,1554002,27,4,,0,26,,1554003,27,4,,0,65,,1554004,27,4,,0,85,,1554005,27,4,,0
55400,'20261002',1628,,1477450,27,4,,0,26,,1477448,27,4,,0,65,,1477447,27,4,,0,85,,1477449,27,4,,0
55400,'20261005',1628,,1500423,27,4,,0,26,,1500421,27,4,,0,65,,1500420,27,4,,0,85,,1500422,27,4,,0
55400,'20261006',1628,,1529131,27,4,,0,26,,1529129,27,4,,0,65,,1529128,27,4,,0,85,,1529130,27,4,,0
55400,'20261007',1628,,1529135,27,4,,0,26,,1529133,27,4,,0,65,,1529132,27,4,,0,85,,1529134,27,4,,0
55400,'20261008',1628,,1529139,27,4,,0,26,,1529137,27,4,,0,65,,1529136,27,4,,0,85,,1529138,27,4,,0
55400,'20261009',1628,,1529143,27,4,,0,26,,1529141,27,4,,0,65,,1529140,27,4,,0,85,,1529142,27,4,,0
95400,'20261002',2604,,1485604,49,,,0,130,,1485605,49,,,0
95400,'20261003',2604,,1508563,49,,,0,130,,1508564,49,,,0
95400,'20261009',2604,,1540237,49,,,0,130,,1540238,49,,,0
95400,'20261010',2604,,1561864,49,,,0,130,,1561865,49,,,0
7005500,'20260929',1647,,1561947,24,,,0
7005500,'20260930',1647,,1561949,24,,,0
7005500,'20261001',1647,,1561951,24,,,0
7005500,'20261002',1647,,1485678,24,,,0
7005500,'20261005',1647,,1508663,24,,,0
7005500,'20261006',1647,,1540363,24,,,0
7005500,'20261007',1647,,1540364,24,,,0
7005500,'20261008',1647,,1540365,24,,,0
7005500,'20261009',1647,,1540366,24,,,0
