5501,'20261002',542,,1571059,26,,,0,68,,1571060,26,,,0,25,,1571061,26,,,0,72,,1571062,26,,,0,34,,1571063,26,,,0,77,,1571064,26,,,0,28,,1571065,26,,,0,94,,1571066,26,,,0,100,,1571067,26,,,0,99,,1571068,26,,,0,103,,1571069,26,,,0,95,,1571070,26,,,0,100,,1571071,26,,,0,100,,1571072,26,,,0,78,,1571073,26,,,0,40,,1571074,26,,,0,67,,1571075,26,,,0,28,,1571076,26,,,0,71,,1571077,26,,,0,31,,1571078,26,,,0,83,,1571079,26,,,0,90,,1571080,26,,,0,100,,1571081,26,,,0,102,,1571082,26,,,0,101,,1571083,26,,,0
5501,'20261003',714,,1571084,26,,,0,103,,1571085,26,,,0,99,,1571086,26,,,0,101,,1571087,26,,,0,94,,1571088,26,,,0,104,,1571089,26,,,0,98,,1571090,26,,,0,103,,1571091,26,,,0,99,,1571092,26,,,0,99,,1571093,26,,,0,103,,1571094,26,,,0,107,,1571095,26,,,0,93,,1571096,26,,,0,99,,1571097,26,,,0,103,,1571098,26,,,0,102,,1571099,26,,,0,102,,1571100,26,,,0
5501,'20261004',714,,1571101,26,,,0,103,,1571102,26,,,0,99,,1571103,26,,,0,101,,1571104,26,,,0,94,,1571105,26,,,0,104,,1571106,26,,,0,98,,1571107,26,,,0,103,,1571108,26,,,0,99,,1571109,26,,,0,99,,1571110,26,,,0,103,,1571111,26,,,0,107,,1571112,26,,,0,93,,1571113,26,,,0,99,,1571114,26,,,0,103,,1571115,26,,,0,102,,1571116,26,,,0,102,,1571117,26,,,0
5501,'20261005',542,,1571118,26,,,0,68,,1571119,26,,,0,25,,1571120,26,,,0,72,,1571121,26,,,0,34,,1571122,26,,,0,77,,1571123,26,,,0,28,,1571124,26,,,0,94,,1571125,26,,,0,100,,1571126,26,,,0,99,,1571127,26,,,0,103,,1571128,26,,,0,95,,1571129,26,,,0,100,,1571130,26,,,0,100,,1571131,26,,,0,78,,1571132,26,,,0,40,,1571133,26,,,0,67,,1571134,26,,,0,28,,1571135,26,,,0,71,,1571136,26,,,0,31,,1571137,26,,,0,83,,1571138,26,,,0,90,,1571139,26,,,0,100,,1571140,26,,,0,102,,1571141,26,,,0,101,,1571142,26,,,0
5501,'20261006',542,,1517880,26,,,0,68,,1517881,26,,,0,25,,1517870,26,,,0,72,,1517888,26,,,0,34,,1517866,26,,,0,77,,1517867,26,,,0,28,,1517882,26,,,0,94,,1517868,26,,,0,100,,1517869,26,,,0,99,,1517871,26,,,0,103,,1517884,26,,,0,95,,1517885,26,,,0,100,,1517889,26,,,0,100,,1517890,26,,,0,78,,1517872,26,,,0,40,,1517886,26,,,0,67,,1517873,26,,,0,28,,1517887,26,,,0,71,,1517874,26,,,0,31,,1517875,26,,,0,83,,1517876,26,,,0,90,,1517877,26,,,0,100,,1517878,26,,,0,102,,1517879,26,,,0,101,,1517883,26,,,0
5501,'20261007',542,,1517905,26,,,0,68,,1517906,26,,,0,25,,1517895,26,,,0,72,,1517913,26,,,0,34,,1517891,26,,,0,77,,1517892,26,,,0,28,,1517907,26,,,0,94,,1517893,26,,,0,100,,1517894,26,,,0,99,,1517896,26,,,0,103,,1517909,26,,,0,95,,1517910,26,,,0,100,,1517914,26,,,0,100,,1517915,26,,,0,78,,1517897,26,,,0,40,,1517911,26,,,0,67,,1517898,26,,,0,28,,1517912,26,,,0,71,,1517899,26,,,0,31,,1517900,26,,,0,83,,1517901,26,,,0,90,,1517902,26,,,0,100,,1517903,26,,,0,102,,1517904,26,,,0,101,,1517908,26,,,0
5501,'20261008',542,,1517930,26,,,0,68,,1517931,26,,,0,25,,1517920,26,,,0,72,,1517938,26,,,0,34,,1517916,26,,,0,77,,1517917,26,,,0,28,,1517932,26,,,0,94,,1517918,26,,,0,100,,1517919,26,,,0,99,,1517921,26,,,0,103,,1517934,26,,,0,95,,1517935,26,,,0,100,,1517939,26,,,0,100,,1517940,26,,,0,78,,1517922,26,,,0,40,,1517936,26,,,0,67,,1517923,26,,,0,28,,1517937,26,,,0,71,,1517924,26,,,0,31,,1517925,26,,,0,83,,1517926,26,,,0,90,,1517927,26,,,0,100,,1517928,26,,,0,102,,1517929,26,,,0,101,,1517933,26,,,0
5501,'20261009',542,,1517955,26,,,0,68,,1517956,26,,,0,25,,1517945,26,,,0,72,,1517963,26,,,0,34,,1517941,26,,,0,77,,1517942,26,,,0,28,,1517957,26,,,0,94,,1517943,26,,,0,100,,1517944,26,,,0,99,,1517946,26,,,0,103,,1517959,26,,,0,95,,1517960,26,,,0,100,,1517964,26,,,0,100,,1517965,26,,,0,78,,1517947,26,,,0,40,,1517961,26,,,0,67,,1517948,26,,,0,28,,1517962,26,,,0,71,,1517949,26,,,0,31,,1517950,26,,,0,83,,1517951,26,,,0,90,,1517952,26,,,0,100,,1517953,26,,,0,102,,1517954,26,,,0,101,,1517958,26,,,0
5501,'20261010',714,,1546656,26,,,0,103,,1546657,26,,,0,99,,1546658,26,,,0,101,,1546659,26,,,0,94,,1546660,26,,,0,104,,1546661,26,,,0,98,,1546662,26,,,0,103,,1546663,26,,,0,99,,1546664,26,,,0,99,,1546665,26,,,0,103,,1546666,26,,,0,107,,1546667,26,,,0,93,,1546668,26,,,0,99,,1546669,26,,,0,103,,1546670,26,,,0,102,,1546671,26,,,0,102,,1546672,26,,,0
5501,'20261011',714,,1546675,26,,,0,103,,1546673,26,,,0,99,,1546676,26,,,0,101,,1546677,26,,,0,94,,1546674,26,,,0,104,,1546686,26,,,0,98,,1546681,26,,,0,103,,1546682,26,,,0,99,,1546688,26,,,0,99,,1546683,26,,,0,103,,1546689,26,,,0,107,,1546685,26,,,0,93,,1546680,26,,,0,99,,1546687,26,,,0,103,,1546679,26,,,0,102,,1546684,26,,,0,102,,1546678,26,,,0
5501,'20261012',714,,1546692,26,,,0,103,,1546690,26,,,0,99,,1546693,26,,,0,101,,1546694,26,,,0,94,,1546691,26,,,0,104,,1546703,26,,,0,98,,1546698,26,,,0,103,,1546699,26,,,0,99,,1546705,26,,,0,99,,1546700,26,,,0,103,,1546706,26,,,0,107,,1546702,26,,,0,93,,1546697,26,,,0,99,,1546704,26,,,0,103,,1546696,26,,,0,102,,1546701,26,,,0,102,,1546695,26,,,0
5501,'20261013',542,,1571157,26,,,0,68,,1571158,26,,,0,25,,1571147,26,,,0,72,,1571165,26,,,0,34,,1571143,26,,,0,77,,1571144,26,,,0,28,,1571159,26,,,0,94,,1571145,26,,,0,100,,1571146,26,,,0,99,,1571148,26,,,0,103,,1571161,26,,,0,95,,1571162,26,,,0,100,,1571166,26,,,0,100,,1571167,26,,,0,78,,1571149,26,,,0,40,,1571163,26,,,0,67,,1571150,26,,,0,28,,1571164,26,,,0,71,,1571151,26,,,0,31,,1571152,26,,,0,83,,1571153,26,,,0,90,,1571154,26,,,0,100,,1571155,26,,,0,102,,1571156,26,,,0,101,,1571160,26,,,0
5501,'20261014',542,,1571182,26,,,0,68,,1571183,26,,,0,25,,1571172,26,,,0,72,,1571190,26,,,0,34,,1571168,26,,,0,77,,1571169,26,,,0,28,,1571184,26,,,0,94,,1571170,26,,,0,100,,1571171,26,,,0,99,,1571173,26,,,0,103,,1571186,26,,,0,95,,1571187,26,,,0,100,,1571191,26,,,0,100,,1571192,26,,,0,78,,1571174,26,,,0,40,,1571188,26,,,0,67,,1571175,26,,,0,28,,1571189,26,,,0,71,,1571176,26,,,0,31,,1571177,26,,,0,83,,1571178,26,,,0,90,,1571179,26,,,0,100,,1571180,26,,,0,102,,1571181,26,,,0,101,,1571185,26,,,0
5501,'20261015',542,,1571207,26,,,0,68,,1571208,26,,,0,25,,1571197,26,,,0,72,,1571215,26,,,0,34,,1571193,26,,,0,77,,1571194,26,,,0,28,,1571209,26,,,0,94,,1571195,26,,,0,100,,1571196,26,,,0,99,,1571198,26,,,0,103,,1571211,26,,,0,95,,1571212,26,,,0,100,,1571216,26,,,0,100,,1571217,26,,,0,78,,1571199,26,,,0,40,,1571213,26,,,0,67,,1571200,26,,,0,28,,1571214,26,,,0,71,,1571201,26,,,0,31,,1571202,26,,,0,83,,1571203,26,,,0,90,,1571204,26,,,0,100,,1571205,26,,,0,102,,1571206,26,,,0,101,,1571210,26,,,0
5501,'20261016',542,,1571232,26,,,0,68,,1571233,26,,,0,25,,1571222,26,,,0,72,,1571240,26,,,0,34,,1571218,26,,,0,77,,1571219,26,,,0,28,,1571234,26,,,0,94,,1571220,26,,,0,100,,1571221,26,,,0,99,,1571223,26,,,0,103,,1571236,26,,,0,95,,1571237,26,,,0,100,,1571241,26,,,0,100,,1571242,26,,,0,78,,1571224,26,,,0,40,,1571238,26,,,0,67,,1571225,26,,,0,28,,1571239,26,,,0,71,,1571226,26,,,0,31,,1571227,26,,,0,83,,1571228,26,,,0,90,,1571229,26,,,0,100,,1571230,26,,,0,102,,1571231,26,,,0,101,,1571235,26,,,0
25501,'20261002',645,,1580283,26,,,0,66,,1580284,26,,,0,17,,1580285,26,,,0,13,,1580286,26,,,0
25501,'20261005',645,,1580287,26,,,0,66,,1580288,26,,,0,17,,1580289,26,,,0,13,,1580290,26,,,0
25501,'20261006',645,,1527017,26,,,0,66,,1527018,26,,,0,17,,1527019,26,,,0,13,,1527020,26,,,0
25501,'20261007',645,,1527021,26,,,0,66,,1527022,26,,,0,17,,1527023,26,,,0,13,,1527024,26,,,0
25501,'20261008',645,,1527025,26,,,0,66,,1527026,26,,,0,17,,1527027,26,,,0,13,,1527028,26,,,0
25501,'20261009',645,,1527029,26,,,0,66,,1527030,26,,,0,17,,1527031,26,,,0,13,,1527032,26,,,0
25501,'20261013',645,,1580291,26,,,0,66,,1580292,26,,,0,17,,1580293,26,,,0,13,,1580294,26,,,0
25501,'20261014',645,,1580295,26,,,0,66,,1580296,26,,,0,17,,1580297,26,,,0,13,,1580298,26,,,0
25501,'20261015',645,,1580299,26,,,0,66,,1580300,26,,,0,17,,1580301,26,,,0,13,,1580302,26,,,0
25501,'20261016',645,,1580303,26,,,0,66,,1580304,26,,,0,17,,1580305,26,,,0,13,,1580306,26,,,0
35501,'20261002',656,,1581668,26,,,0,257,,1581669,26,,,0
35501,'20261005',656,,1581670,26,,,0,257,,1581671,26,,,0
35501,'20261006',656,,1528395,26,,,0,257,,1528396,26,,,0
35501,'20261007',656,,1528397,26,,,0,257,,1528398,26,,,0
35501,'20261008',656,,1528399,26,,,0,257,,1528400,26,,,0
35501,'20261009',656,,1528401,26,,,0,257,,1528402,26,,,0
35501,'20261013',656,,1581672,26,,,0,257,,1581673,26,,,0
35501,'20261014',656,,1581674,26,,,0,257,,1581675,26,,,0
35501,'20261015',656,,1581676,26,,,0,257,,1581677,26,,,0
35501,'20261016',656,,1581678,26,,,0,257,,1581679,26,,,0
55501,'20261002',649,,1582450,26,,,0,82,,1582451,26,,,0
55501,'20261005',649,,1582452,26,,,0,82,,1582453,26,,,0
55501,'20261006',649,,1529179,26,,,0,82,,1529178,26,,,0
55501,'20261007',649,,1529181,26,,,0,82,,1529180,26,,,0
55501,'20261008',649,,1529183,26,,,0,82,,1529182,26,,,0
55501,'20261009',649,,1529185,26,,,0,82,,1529184,26,,,0
55501,'20261013',649,,1582455,26,,,0,82,,1582454,26,,,0
55501,'20261014',649,,1582457,26,,,0,82,,1582456,26,,,0
55501,'20261015',649,,1582459,26,,,0,82,,1582458,26,,,0
55501,'20261016',649,,1582461,26,,,0,82,,1582460,26,,,0
7005501,'20261002',853,,1593633,26,,,0
7005501,'20261006',853,,1540371,26,,,0
7005501,'20261007',853,,1540372,26,,,0
7005501,'20261008',853,,1540373,26,,,0
7005501,'20261009',853,,1540374,26,,,0
7005501,'20261013',853,,1593634,26,,,0
7005501,'20261014',853,,1593635,26,,,0
7005501,'20261015',853,,1593636,26,,,0
7005501,'20261016',853,,1593637,26,,,0
