301,'20261006',524,,1594608,15,,,0,30,,1594609,15,,,0,75,,1594631,47,,,0,30,,1594632,47,,,0,46,,1594610,15,,,0,5,,1594611,15,,,0,12,,1594612,15,,,0,10,,1594633,47,,,0,13,,1594613,15,,,0,56,,1594634,47,,,0,12,,1594614,15,,,0,19,,1594635,47,,,0,10,,1594615,15,,,0,58,,1594636,47,,,0,30,,1594637,47,,,0,26,,1594616,15,,,0,74,,1594638,47,,,0,26,,1594617,15,,,0,74,,1594639,47,,,0,28,,1594618,15,,,0,72,,1594640,47,,,0,28,,1594619,15,,,0,73,,1594641,47,,,0,26,,1594620,15,,,0,74,,1594642,47,,,0,25,,1594621,15,,,0,76,,1594643,47,,,0,70,,1594622,15,,,0,31,,1594644,47,,,0,72,,1594623,15,,,0,28,,1594645,47,,,0,26,,1594624,15,,,0,71,,1594646,47,,,0,26,,1594625,15,,,0,73,,1594647,47,,,0,26,,1594626,15,,,0,72,,1594648,47,,,0,28,,1594627,15,,,0,72,,1594649,47,,,0,28,,1594628,15,,,0,72,,1594650,47,,,0,29,,1594629,15,,,0,70,,1594651,47,,,0,30,,1594630,15,,,0
301,'20261007',524,,1594652,15,,,0,30,,1594653,15,,,0,75,,1594675,47,,,0,30,,1594676,47,,,0,46,,1594654,15,,,0,5,,1594655,15,,,0,12,,1594656,15,,,0,10,,1594677,47,,,0,13,,1594657,15,,,0,56,,1594678,47,,,0,12,,1594658,15,,,0,19,,1594679,47,,,0,10,,1594659,15,,,0,58,,1594680,47,,,0,30,,1594681,47,,,0,26,,1594660,15,,,0,74,,1594682,47,,,0,26,,1594661,15,,,0,74,,1594683,47,,,0,28,,1594662,15,,,0,72,,1594684,47,,,0,28,,1594663,15,,,0,73,,1594685,47,,,0,26,,1594664,15,,,0,74,,1594686,47,,,0,25,,1594665,15,,,0,76,,1594687,47,,,0,70,,1594666,15,,,0,31,,1594688,47,,,0,72,,1594667,15,,,0,28,,1594689,47,,,0,26,,1594668,15,,,0,71,,1594690,47,,,0,26,,1594669,15,,,0,73,,1594691,47,,,0,26,,1594670,15,,,0,72,,1594692,47,,,0,28,,1594671,15,,,0,72,,1594693,47,,,0,28,,1594672,15,,,0,72,,1594694,47,,,0,29,,1594673,15,,,0,70,,1594695,47,,,0,30,,1594674,15,,,0
301,'20261008',524,,1594696,15,,,0,30,,1594697,15,,,0,75,,1594719,47,,,0,30,,1594720,47,,,0,46,,1594698,15,,,0,5,,1594699,15,,,0,12,,1594700,15,,,0,10,,1594721,47,,,0,13,,1594701,15,,,0,56,,1594722,47,,,0,12,,1594702,15,,,0,19,,1594723,47,,,0,10,,1594703,15,,,0,58,,1594724,47,,,0,30,,1594725,47,,,0,26,,1594704,15,,,0,74,,1594726,47,,,0,26,,1594705,15,,,0,74,,1594727,47,,,0,28,,1594706,15,,,0,72,,1594728,47,,,0,28,,1594707,15,,,0,73,,1594729,47,,,0,26,,1594708,15,,,0,74,,1594730,47,,,0,25,,1594709,15,,,0,76,,1594731,47,,,0,70,,1594710,15,,,0,31,,1594732,47,,,0,72,,1594711,15,,,0,28,,1594733,47,,,0,26,,1594712,15,,,0,71,,1594734,47,,,0,26,,1594713,15,,,0,73,,1594735,47,,,0,26,,1594714,15,,,0,72,,1594736,47,,,0,28,,1594715,15,,,0,72,,1594737,47,,,0,28,,1594716,15,,,0,72,,1594738,47,,,0,29,,1594717,15,,,0,70,,1594739,47,,,0,30,,1594718,15,,,0
301,'20261009',524,,1594740,15,,,0,30,,1594741,15,,,0,75,,1594763,47,,,0,30,,1594764,47,,,0,46,,1594742,15,,,0,5,,1594743,15,,,0,12,,1594744,15,,,0,10,,1594765,47,,,0,13,,1594745,15,,,0,56,,1594766,47,,,0,12,,1594746,15,,,0,19,,1594767,47,,,0,10,,1594747,15,,,0,58,,1594768,47,,,0,30,,1594769,47,,,0,26,,1594748,15,,,0,74,,1594770,47,,,0,26,,1594749,15,,,0,74,,1594771,47,,,0,28,,1594750,15,,,0,72,,1594772,47,,,0,28,,1594751,15,,,0,73,,1594773,47,,,0,26,,1594752,15,,,0,74,,1594774,47,,,0,25,,1594753,15,,,0,76,,1594775,47,,,0,70,,1594754,15,,,0,31,,1594776,47,,,0,72,,1594755,15,,,0,28,,1594777,47,,,0,26,,1594756,15,,,0,71,,1594778,47,,,0,26,,1594757,15,,,0,73,,1594779,47,,,0,26,,1594758,15,,,0,72,,1594780,47,,,0,28,,1594759,15,,,0,72,,1594781,47,,,0,28,,1594760,15,,,0,72,,1594782,47,,,0,29,,1594761,15,,,0,70,,1594783,47,,,0,30,,1594762,15,,,0
301,'20261010',524,,1541237,15,,,0,31,,1541238,15,,,0,70,,1541223,15,,,0,32,,1541224,15,,,0,71,,1541205,47,,,0,29,,1541225,15,,,0,72,,1541206,47,,,0,28,,1541226,15,,,0,72,,1541207,47,,,0,29,,1541227,15,,,0,71,,1541208,47,,,0,29,,1541228,15,,,0,71,,1541209,47,,,0,29,,1541229,15,,,0,71,,1541210,47,,,0,72,,1541230,15,,,0,29,,1541211,47,,,0,70,,1541231,15,,,0,30,,1541212,47,,,0,27,,1541232,15,,,0,73,,1541213,47,,,0,72,,1541233,15,,,0,28,,1541214,47,,,0,70,,1541234,15,,,0,30,,1541215,47,,,0,70,,1541235,15,,,0,30,,1541216,47,,,0,29,,1541236,15,,,0,70,,1541217,47,,,0,30,,1541239,15,,,0,69,,1541218,47,,,0,31,,1541240,15,,,0,68,,1541219,47,,,0,32,,1541241,15,,,0,68,,1541220,47,,,0,73,,1541242,15,,,0,27,,1541221,47,,,0,31,,1541243,15,,,0,67,,1541222,47,,,0
301,'20261011',524,,1541276,15,,,0,31,,1541277,15,,,0,70,,1541262,15,,,0,32,,1541263,15,,,0,71,,1541244,47,,,0,29,,1541264,15,,,0,72,,1541245,47,,,0,28,,1541265,15,,,0,72,,1541246,47,,,0,29,,1541266,15,,,0,71,,1541247,47,,,0,29,,1541267,15,,,0,71,,1541248,47,,,0,29,,1541268,15,,,0,71,,1541249,47,,,0,72,,1541269,15,,,0,29,,1541250,47,,,0,70,,1541270,15,,,0,30,,1541251,47,,,0,27,,1541271,15,,,0,73,,1541252,47,,,0,72,,1541272,15,,,0,28,,1541253,47,,,0,70,,1541273,15,,,0,30,,1541254,47,,,0,70,,1541274,15,,,0,30,,1541255,47,,,0,29,,1541275,15,,,0,70,,1541256,47,,,0,30,,1541278,15,,,0,69,,1541257,47,,,0,31,,1541279,15,,,0,68,,1541258,47,,,0,32,,1541280,15,,,0,68,,1541259,47,,,0,73,,1541281,15,,,0,27,,1541260,47,,,0,31,,1541282,15,,,0,67,,1541261,47,,,0
301,'20261012',524,,1541315,15,,,0,31,,1541316,15,,,0,70,,1541301,15,,,0,32,,1541302,15,,,0,71,,1541283,47,,,0,29,,1541303,15,,,0,72,,1541284,47,,,0,28,,1541304,15,,,0,72,,1541285,47,,,0,29,,1541305,15,,,0,71,,1541286,47,,,0,29,,1541306,15,,,0,71,,1541287,47,,,0,29,,1541307,15,,,0,71,,1541288,47,,,0,72,,1541308,15,,,0,29,,1541289,47,,,0,70,,1541309,15,,,0,30,,1541290,47,,,0,27,,1541310,15,,,0,73,,1541291,47,,,0,72,,1541311,15,,,0,28,,1541292,47,,,0,70,,1541312,15,,,0,30,,1541293,47,,,0,70,,1541313,15,,,0,30,,1541294,47,,,0,29,,1541314,15,,,0,70,,1541295,47,,,0,30,,1541317,15,,,0,69,,1541296,47,,,0,31,,1541318,15,,,0,68,,1541297,47,,,0,32,,1541319,15,,,0,68,,1541298,47,,,0,73,,1541320,15,,,0,27,,1541299,47,,,0,31,,1541321,15,,,0,67,,1541300,47,,,0
301,'20261013',524,,1563099,15,,,0,30,,1563100,15,,,0,75,,1563078,47,,,0,30,,1563079,47,,,0,46,,1563101,15,,,0,5,,1563121,15,,,0,12,,1563120,15,,,0,10,,1563080,47,,,0,13,,1563102,15,,,0,56,,1563081,47,,,0,12,,1563103,15,,,0,19,,1563082,47,,,0,10,,1563104,15,,,0,58,,1563083,47,,,0,30,,1563084,47,,,0,26,,1563105,15,,,0,74,,1563085,47,,,0,26,,1563106,15,,,0,74,,1563086,47,,,0,28,,1563107,15,,,0,72,,1563087,47,,,0,28,,1563108,15,,,0,73,,1563088,47,,,0,26,,1563109,15,,,0,74,,1563089,47,,,0,25,,1563110,15,,,0,76,,1563090,47,,,0,70,,1563111,15,,,0,31,,1563091,47,,,0,72,,1563112,15,,,0,28,,1563092,47,,,0,26,,1563113,15,,,0,71,,1563093,47,,,0,26,,1563114,15,,,0,73,,1563094,47,,,0,26,,1563115,15,,,0,72,,1563095,47,,,0,28,,1563116,15,,,0,72,,1563096,47,,,0,28,,1563117,15,,,0,72,,1563097,47,,,0,29,,1563118,15,,,0,70,,1563098,47,,,0,30,,1563119,15,,,0
301,'20261014',524,,1563143,15,,,0,30,,1563144,15,,,0,75,,1563122,47,,,0,30,,1563123,47,,,0,46,,1563145,15,,,0,5,,1563165,15,,,0,12,,1563164,15,,,0,10,,1563124,47,,,0,13,,1563146,15,,,0,56,,1563125,47,,,0,12,,1563147,15,,,0,19,,1563126,47,,,0,10,,1563148,15,,,0,58,,1563127,47,,,0,30,,1563128,47,,,0,26,,1563149,15,,,0,74,,1563129,47,,,0,26,,1563150,15,,,0,74,,1563130,47,,,0,28,,1563151,15,,,0,72,,1563131,47,,,0,28,,1563152,15,,,0,73,,1563132,47,,,0,26,,1563153,15,,,0,74,,1563133,47,,,0,25,,1563154,15,,,0,76,,1563134,47,,,0,70,,1563155,15,,,0,31,,1563135,47,,,0,72,,1563156,15,,,0,28,,1563136,47,,,0,26,,1563157,15,,,0,71,,1563137,47,,,0,26,,1563158,15,,,0,73,,1563138,47,,,0,26,,1563159,15,,,0,72,,1563139,47,,,0,28,,1563160,15,,,0,72,,1563140,47,,,0,28,,1563161,15,,,0,72,,1563141,47,,,0,29,,1563162,15,,,0,70,,1563142,47,,,0,30,,1563163,15,,,0
301,'20261015',524,,1563187,15,,,0,30,,1563188,15,,,0,75,,1563166,47,,,0,30,,1563167,47,,,0,46,,1563189,15,,,0,5,,1563209,15,,,0,12,,1563208,15,,,0,10,,1563168,47,,,0,13,,1563190,15,,,0,56,,1563169,47,,,0,12,,1563191,15,,,0,19,,1563170,47,,,0,10,,1563192,15,,,0,58,,1563171,47,,,0,30,,1563172,47,,,0,26,,1563193,15,,,0,74,,1563173,47,,,0,26,,1563194,15,,,0,74,,1563174,47,,,0,28,,1563195,15,,,0,72,,1563175,47,,,0,28,,1563196,15,,,0,73,,1563176,47,,,0,26,,1563197,15,,,0,74,,1563177,47,,,0,25,,1563198,15,,,0,76,,1563178,47,,,0,70,,1563199,15,,,0,31,,1563179,47,,,0,72,,1563200,15,,,0,28,,1563180,47,,,0,26,,1563201,15,,,0,71,,1563181,47,,,0,26,,1563202,15,,,0,73,,1563182,47,,,0,26,,1563203,15,,,0,72,,1563183,47,,,0,28,,1563204,15,,,0,72,,1563184,47,,,0,28,,1563205,15,,,0,72,,1563185,47,,,0,29,,1563206,15,,,0,70,,1563186,47,,,0,30,,1563207,15,,,0
301,'20261016',524,,1563231,15,,,0,30,,1563232,15,,,0,75,,1563210,47,,,0,30,,1563211,47,,,0,46,,1563233,15,,,0,5,,1563253,15,,,0,12,,1563252,15,,,0,10,,1563212,47,,,0,13,,1563234,15,,,0,56,,1563213,47,,,0,12,,1563235,15,,,0,19,,1563214,47,,,0,10,,1563236,15,,,0,58,,1563215,47,,,0,30,,1563216,47,,,0,26,,1563237,15,,,0,74,,1563217,47,,,0,26,,1563238,15,,,0,74,,1563218,47,,,0,28,,1563239,15,,,0,72,,1563219,47,,,0,28,,1563240,15,,,0,73,,1563220,47,,,0,26,,1563241,15,,,0,74,,1563221,47,,,0,25,,1563242,15,,,0,76,,1563222,47,,,0,70,,1563243,15,,,0,31,,1563223,47,,,0,72,,1563244,15,,,0,28,,1563224,47,,,0,26,,1563245,15,,,0,71,,1563225,47,,,0,26,,1563246,15,,,0,73,,1563226,47,,,0,26,,1563247,15,,,0,72,,1563227,47,,,0,28,,1563248,15,,,0,72,,1563228,47,,,0,28,,1563249,15,,,0,72,,1563229,47,,,0,29,,1563250,15,,,0,70,,1563230,47,,,0,30,,1563251,15,,,0
301,'20261017',524,,1594816,15,,,0,31,,1594817,15,,,0,70,,1594802,15,,,0,32,,1594803,15,,,0,71,,1594784,47,,,0,29,,1594804,15,,,0,72,,1594785,47,,,0,28,,1594805,15,,,0,72,,1594786,47,,,0,29,,1594806,15,,,0,71,,1594787,47,,,0,29,,1594807,15,,,0,71,,1594788,47,,,0,29,,1594808,15,,,0,71,,1594789,47,,,0,72,,1594809,15,,,0,29,,1594790,47,,,0,70,,1594810,15,,,0,30,,1594791,47,,,0,27,,1594811,15,,,0,73,,1594792,47,,,0,72,,1594812,15,,,0,28,,1594793,47,,,0,70,,1594813,15,,,0,30,,1594794,47,,,0,70,,1594814,15,,,0,30,,1594795,47,,,0,29,,1594815,15,,,0,70,,1594796,47,,,0,30,,1594818,15,,,0,69,,1594797,47,,,0,31,,1594819,15,,,0,68,,1594798,47,,,0,32,,1594820,15,,,0,68,,1594799,47,,,0,73,,1594821,15,,,0,27,,1594800,47,,,0,31,,1594822,15,,,0,67,,1594801,47,,,0
301,'20261018',524,,1594855,15,,,0,31,,1594856,15,,,0,70,,1594841,15,,,0,32,,1594842,15,,,0,71,,1594823,47,,,0,29,,1594843,15,,,0,72,,1594824,47,,,0,28,,1594844,15,,,0,72,,1594825,47,,,0,29,,1594845,15,,,0,71,,1594826,47,,,0,29,,1594846,15,,,0,71,,1594827,47,,,0,29,,1594847,15,,,0,71,,1594828,47,,,0,72,,1594848,15,,,0,29,,1594829,47,,,0,70,,1594849,15,,,0,30,,1594830,47,,,0,27,,1594850,15,,,0,73,,1594831,47,,,0,72,,1594851,15,,,0,28,,1594832,47,,,0,70,,1594852,15,,,0,30,,1594833,47,,,0,70,,1594853,15,,,0,30,,1594834,47,,,0,29,,1594854,15,,,0,70,,1594835,47,,,0,30,,1594857,15,,,0,69,,1594836,47,,,0,31,,1594858,15,,,0,68,,1594837,47,,,0,32,,1594859,15,,,0,68,,1594838,47,,,0,73,,1594860,15,,,0,27,,1594839,47,,,0,31,,1594861,15,,,0,67,,1594840,47,,,0
301,'20261019',524,,1594883,15,,,0,30,,1594884,15,,,0,75,,1594862,47,,,0,30,,1594863,47,,,0,46,,1594885,15,,,0,5,,1594905,15,,,0,12,,1594904,15,,,0,10,,1594864,47,,,0,13,,1594886,15,,,0,56,,1594865,47,,,0,12,,1594887,15,,,0,19,,1594866,47,,,0,10,,1594888,15,,,0,58,,1594867,47,,,0,30,,1594868,47,,,0,26,,1594889,15,,,0,74,,1594869,47,,,0,26,,1594890,15,,,0,74,,1594870,47,,,0,28,,1594891,15,,,0,72,,1594871,47,,,0,28,,1594892,15,,,0,73,,1594872,47,,,0,26,,1594893,15,,,0,74,,1594873,47,,,0,25,,1594894,15,,,0,76,,1594874,47,,,0,70,,1594895,15,,,0,31,,1594875,47,,,0,72,,1594896,15,,,0,28,,1594876,47,,,0,26,,1594897,15,,,0,71,,1594877,47,,,0,26,,1594898,15,,,0,73,,1594878,47,,,0,26,,1594899,15,,,0,72,,1594879,47,,,0,28,,1594900,15,,,0,72,,1594880,47,,,0,28,,1594901,15,,,0,72,,1594881,47,,,0,29,,1594902,15,,,0,70,,1594882,47,,,0,30,,1594903,15,,,0
301,'20261020',524,,1594927,15,,,0,30,,1594928,15,,,0,75,,1594906,47,,,0,30,,1594907,47,,,0,46,,1594929,15,,,0,5,,1594949,15,,,0,12,,1594948,15,,,0,10,,1594908,47,,,0,13,,1594930,15,,,0,56,,1594909,47,,,0,12,,1594931,15,,,0,19,,1594910,47,,,0,10,,1594932,15,,,0,58,,1594911,47,,,0,30,,1594912,47,,,0,26,,1594933,15,,,0,74,,1594913,47,,,0,26,,1594934,15,,,0,74,,1594914,47,,,0,28,,1594935,15,,,0,72,,1594915,47,,,0,28,,1594936,15,,,0,73,,1594916,47,,,0,26,,1594937,15,,,0,74,,1594917,47,,,0,25,,1594938,15,,,0,76,,1594918,47,,,0,70,,1594939,15,,,0,31,,1594919,47,,,0,72,,1594940,15,,,0,28,,1594920,47,,,0,26,,1594941,15,,,0,71,,1594921,47,,,0,26,,1594942,15,,,0,73,,1594922,47,,,0,26,,1594943,15,,,0,72,,1594923,47,,,0,28,,1594944,15,,,0,72,,1594924,47,,,0,28,,1594945,15,,,0,72,,1594925,47,,,0,29,,1594946,15,,,0,70,,1594926,47,,,0,30,,1594947,15,,,0
