1102,'20261006',618,,1596328,19,,,1,16,,1596329,19,,,1,12,,1596330,19,,,1,8,,1596331,19,,,1,50,,1596332,19,,,1,11,,1596333,19,,,1,8,,1596326,19,,,1,2,,1596334,19,,,1,9,,1596327,19,,,1,2,,1596335,19,,,1,11,,1596336,19,,,1,57,,1596337,19,,,1,13,,1596338,19,,,1,16,,1596339,19,,,1,17,,1596340,19,,,1,71,,1596341,19,,,1,30,,1596342,19,,,1,69,,1596343,19,,,1,30,,1596344,19,,,1,70,,1596345,19,,,1,30,,1596346,19,,,1,71,,1596347,19,,,1,30,,1596348,19,,,1,70,,1596349,19,,,1,30,,1596350,19,,,1,69,,1596351,19,,,1,29,,1596352,19,,,1,54,,1596353,19,,,1,14,,1596354,19,,,1,14,,1596355,19,,,1,15,,1596356,19,,,1,56,,1596357,19,,,1,14,,1596358,19,,,1,17,,1596359,19,,,1,15,,1596360,19,,,1,70,,1596361,19,,,1,31,,1596362,19,,,1,71,,1596363,19,,,1,29,,1596364,19,,,1,69,,1596365,19,,,1,29,,1596366,19,,,1,99,,1596367,19,,,1,99,,1596368,19,,,1,100,,1596369,19,,,1,100,,1596370,19,,,1
1102,'20261007',618,,1596373,19,,,1,16,,1596374,19,,,1,12,,1596375,19,,,1,8,,1596376,19,,,1,50,,1596377,19,,,1,11,,1596378,19,,,1,8,,1596371,19,,,1,2,,1596379,19,,,1,9,,1596372,19,,,1,2,,1596380,19,,,1,11,,1596381,19,,,1,57,,1596382,19,,,1,13,,1596383,19,,,1,16,,1596384,19,,,1,17,,1596385,19,,,1,71,,1596386,19,,,1,30,,1596387,19,,,1,69,,1596388,19,,,1,30,,1596389,19,,,1,70,,1596390,19,,,1,30,,1596391,19,,,1,71,,1596392,19,,,1,30,,1596393,19,,,1,70,,1596394,19,,,1,30,,1596395,19,,,1,69,,1596396,19,,,1,29,,1596397,19,,,1,54,,1596398,19,,,1,14,,1596399,19,,,1,14,,1596400,19,,,1,15,,1596401,19,,,1,56,,1596402,19,,,1,14,,1596403,19,,,1,17,,1596404,19,,,1,15,,1596405,19,,,1,70,,1596406,19,,,1,31,,1596407,19,,,1,71,,1596408,19,,,1,29,,1596409,19,,,1,69,,1596410,19,,,1,29,,1596411,19,,,1,99,,1596412,19,,,1,99,,1596413,19,,,1,100,,1596414,19,,,1,100,,1596415,19,,,1
1102,'20261008',618,,1596418,19,,,1,16,,1596419,19,,,1,12,,1596420,19,,,1,8,,1596421,19,,,1,50,,1596422,19,,,1,11,,1596423,19,,,1,8,,1596416,19,,,1,2,,1596424,19,,,1,9,,1596417,19,,,1,2,,1596425,19,,,1,11,,1596426,19,,,1,57,,1596427,19,,,1,13,,1596428,19,,,1,16,,1596429,19,,,1,17,,1596430,19,,,1,71,,1596431,19,,,1,30,,1596432,19,,,1,69,,1596433,19,,,1,30,,1596434,19,,,1,70,,1596435,19,,,1,30,,1596436,19,,,1,71,,1596437,19,,,1,30,,1596438,19,,,1,70,,1596439,19,,,1,30,,1596440,19,,,1,69,,1596441,19,,,1,29,,1596442,19,,,1,54,,1596443,19,,,1,14,,1596444,19,,,1,14,,1596445,19,,,1,15,,1596446,19,,,1,56,,1596447,19,,,1,14,,1596448,19,,,1,17,,1596449,19,,,1,15,,1596450,19,,,1,70,,1596451,19,,,1,31,,1596452,19,,,1,71,,1596453,19,,,1,29,,1596454,19,,,1,69,,1596455,19,,,1,29,,1596456,19,,,1,99,,1596457,19,,,1,99,,1596458,19,,,1,100,,1596459,19,,,1,100,,1596460,19,,,1
1102,'20261009',618,,1596463,19,,,1,16,,1596464,19,,,1,12,,1596465,19,,,1,8,,1596466,19,,,1,50,,1596467,19,,,1,11,,1596468,19,,,1,8,,1596461,19,,,1,2,,1596469,19,,,1,9,,1596462,19,,,1,2,,1596470,19,,,1,11,,1596471,19,,,1,57,,1596472,19,,,1,13,,1596473,19,,,1,16,,1596474,19,,,1,17,,1596475,19,,,1,71,,1596476,19,,,1,30,,1596477,19,,,1,69,,1596478,19,,,1,30,,1596479,19,,,1,70,,1596480,19,,,1,30,,1596481,19,,,1,71,,1596482,19,,,1,30,,1596483,19,,,1,70,,1596484,19,,,1,30,,1596485,19,,,1,69,,1596486,19,,,1,29,,1596487,19,,,1,54,,1596488,19,,,1,14,,1596489,19,,,1,14,,1596490,19,,,1,15,,1596491,19,,,1,56,,1596492,19,,,1,14,,1596493,19,,,1,17,,1596494,19,,,1,15,,1596495,19,,,1,70,,1596496,19,,,1,31,,1596497,19,,,1,71,,1596498,19,,,1,29,,1596499,19,,,1,69,,1596500,19,,,1,29,,1596501,19,,,1,99,,1596502,19,,,1,99,,1596503,19,,,1,100,,1596504,19,,,1,100,,1596505,19,,,1
1102,'20261010',548,,1542355,19,,,1,100,,1542356,19,,,1,100,,1542357,19,,,1,70,,1542358,19,,,1,30,,1542359,19,,,1,71,,1542360,19,,,1,30,,1542361,19,,,1,70,,1542362,19,,,1,30,,1542363,19,,,1,70,,1542364,19,,,1,30,,1542365,19,,,1,70,,1542366,19,,,1,29,,1542367,19,,,1,72,,1542368,19,,,1,28,,1542369,19,,,1,70,,1542370,19,,,1,29,,1542371,19,,,1,74,,1542372,19,,,1,27,,1542373,19,,,1,72,,1542374,19,,,1,30,,1542375,19,,,1,71,,1542376,19,,,1,30,,1542377,19,,,1,70,,1542383,19,,,1,29,,1542378,19,,,1,70,,1542382,19,,,1,29,,1542379,19,,,1,99,,1542380,19,,,1,101,,1542381,19,,,1,100,,1542354,19,,,1,100,,1542384,19,,,1
1102,'20261011',548,,1542386,19,,,1,100,,1542387,19,,,1,100,,1542388,19,,,1,70,,1542389,19,,,1,30,,1542390,19,,,1,71,,1542391,19,,,1,30,,1542392,19,,,1,70,,1542393,19,,,1,30,,1542394,19,,,1,70,,1542395,19,,,1,30,,1542396,19,,,1,70,,1542397,19,,,1,29,,1542398,19,,,1,72,,1542399,19,,,1,28,,1542400,19,,,1,70,,1542401,19,,,1,29,,1542402,19,,,1,74,,1542403,19,,,1,27,,1542404,19,,,1,72,,1542405,19,,,1,30,,1542406,19,,,1,71,,1542407,19,,,1,30,,1542408,19,,,1,70,,1542409,19,,,1,29,,1542411,19,,,1,70,,1542410,19,,,1,29,,1542412,19,,,1,99,,1542413,19,,,1,101,,1542414,19,,,1,100,,1542415,19,,,1,100,,1542385,19,,,1
1102,'20261012',548,,1542417,19,,,1,100,,1542418,19,,,1,100,,1542419,19,,,1,70,,1542420,19,,,1,30,,1542421,19,,,1,71,,1542422,19,,,1,30,,1542423,19,,,1,70,,1542424,19,,,1,30,,1542425,19,,,1,70,,1542426,19,,,1,30,,1542427,19,,,1,70,,1542428,19,,,1,29,,1542429,19,,,1,72,,1542430,19,,,1,28,,1542431,19,,,1,70,,1542432,19,,,1,29,,1542433,19,,,1,74,,1542434,19,,,1,27,,1542435,19,,,1,72,,1542436,19,,,1,30,,1542437,19,,,1,71,,1542438,19,,,1,30,,1542439,19,,,1,70,,1542440,19,,,1,29,,1542442,19,,,1,70,,1542441,19,,,1,29,,1542443,19,,,1,99,,1542444,19,,,1,101,,1542445,19,,,1,100,,1542446,19,,,1,100,,1542416,19,,,1
1102,'20261013',618,,1564782,19,,,1,16,,1564786,19,,,1,12,,1564791,19,,,1,8,,1564784,19,,,1,50,,1564780,19,,,1,11,,1564783,19,,,1,10,,1564778,19,,,1,11,,1564777,19,,,1,11,,1564779,19,,,1,57,,1564781,19,,,1,13,,1564792,19,,,1,16,,1564785,19,,,1,17,,1564787,19,,,1,71,,1564789,19,,,1,30,,1564788,19,,,1,69,,1564790,19,,,1,30,,1564812,19,,,1,70,,1564797,19,,,1,30,,1564809,19,,,1,71,,1564814,19,,,1,30,,1564796,19,,,1,70,,1564800,19,,,1,30,,1564810,19,,,1,69,,1564811,19,,,1,29,,1564803,19,,,1,54,,1564813,19,,,1,14,,1564806,19,,,1,14,,1564793,19,,,1,15,,1564815,19,,,1,56,,1564794,19,,,1,14,,1564798,19,,,1,17,,1564816,19,,,1,15,,1564795,19,,,1,70,,1564804,19,,,1,31,,1564808,19,,,1,71,,1564799,19,,,1,29,,1564818,19,,,1,69,,1564807,19,,,1,29,,1564801,19,,,1,99,,1564805,19,,,1,99,,1564817,19,,,1,100,,1564802,19,,,1,100,,1564819,19,,,1
1102,'20261014',618,,1564825,19,,,1,16,,1564829,19,,,1,12,,1564834,19,,,1,8,,1564827,19,,,1,50,,1564823,19,,,1,11,,1564826,19,,,1,10,,1564821,19,,,1,11,,1564820,19,,,1,11,,1564822,19,,,1,57,,1564824,19,,,1,13,,1564835,19,,,1,16,,1564828,19,,,1,17,,1564830,19,,,1,71,,1564832,19,,,1,30,,1564831,19,,,1,69,,1564833,19,,,1,30,,1564855,19,,,1,70,,1564840,19,,,1,30,,1564852,19,,,1,71,,1564857,19,,,1,30,,1564839,19,,,1,70,,1564843,19,,,1,30,,1564853,19,,,1,69,,1564854,19,,,1,29,,1564846,19,,,1,54,,1564856,19,,,1,14,,1564849,19,,,1,14,,1564836,19,,,1,15,,1564858,19,,,1,56,,1564837,19,,,1,14,,1564841,19,,,1,17,,1564859,19,,,1,15,,1564838,19,,,1,70,,1564847,19,,,1,31,,1564851,19,,,1,71,,1564842,19,,,1,29,,1564861,19,,,1,69,,1564850,19,,,1,29,,1564844,19,,,1,99,,1564848,19,,,1,99,,1564860,19,,,1,100,,1564845,19,,,1,100,,1564862,19,,,1
1102,'20261015',618,,1564868,19,,,1,16,,1564872,19,,,1,12,,1564877,19,,,1,8,,1564870,19,,,1,50,,1564866,19,,,1,11,,1564869,19,,,1,10,,1564864,19,,,1,11,,1564863,19,,,1,11,,1564865,19,,,1,57,,1564867,19,,,1,13,,1564878,19,,,1,16,,1564871,19,,,1,17,,1564873,19,,,1,71,,1564875,19,,,1,30,,1564874,19,,,1,69,,1564876,19,,,1,30,,1564898,19,,,1,70,,1564883,19,,,1,30,,1564895,19,,,1,71,,1564900,19,,,1,30,,1564882,19,,,1,70,,1564886,19,,,1,30,,1564896,19,,,1,69,,1564897,19,,,1,29,,1564889,19,,,1,54,,1564899,19,,,1,14,,1564892,19,,,1,14,,1564879,19,,,1,15,,1564901,19,,,1,56,,1564880,19,,,1,14,,1564884,19,,,1,17,,1564902,19,,,1,15,,1564881,19,,,1,70,,1564890,19,,,1,31,,1564894,19,,,1,71,,1564885,19,,,1,29,,1564904,19,,,1,69,,1564893,19,,,1,29,,1564887,19,,,1,99,,1564891,19,,,1,99,,1564903,19,,,1,100,,1564888,19,,,1,100,,1564905,19,,,1
1102,'20261016',618,,1564911,19,,,1,16,,1564915,19,,,1,12,,1564920,19,,,1,8,,1564913,19,,,1,50,,1564909,19,,,1,11,,1564912,19,,,1,10,,1564907,19,,,1,11,,1564906,19,,,1,11,,1564908,19,,,1,57,,1564910,19,,,1,13,,1564921,19,,,1,16,,1564914,19,,,1,17,,1564916,19,,,1,71,,1564918,19,,,1,30,,1564917,19,,,1,69,,1564919,19,,,1,30,,1564941,19,,,1,70,,1564926,19,,,1,30,,1564938,19,,,1,71,,1564943,19,,,1,30,,1564925,19,,,1,70,,1564929,19,,,1,30,,1564939,19,,,1,69,,1564940,19,,,1,29,,1564932,19,,,1,54,,1564942,19,,,1,14,,1564935,19,,,1,14,,1564922,19,,,1,15,,1564944,19,,,1,56,,1564923,19,,,1,14,,1564927,19,,,1,17,,1564945,19,,,1,15,,1564924,19,,,1,70,,1564933,19,,,1,31,,1564937,19,,,1,71,,1564928,19,,,1,29,,1564947,19,,,1,69,,1564936,19,,,1,29,,1564930,19,,,1,99,,1564934,19,,,1,99,,1564946,19,,,1,100,,1564931,19,,,1,100,,1564948,19,,,1
1102,'20261017',548,,1596507,19,,,1,100,,1596508,19,,,1,100,,1596509,19,,,1,70,,1596510,19,,,1,30,,1596511,19,,,1,71,,1596512,19,,,1,30,,1596513,19,,,1,70,,1596514,19,,,1,30,,1596515,19,,,1,70,,1596516,19,,,1,30,,1596517,19,,,1,70,,1596518,19,,,1,29,,1596519,19,,,1,72,,1596520,19,,,1,28,,1596521,19,,,1,70,,1596522,19,,,1,29,,1596523,19,,,1,74,,1596524,19,,,1,27,,1596525,19,,,1,72,,1596526,19,,,1,30,,1596527,19,,,1,71,,1596528,19,,,1,30,,1596529,19,,,1,70,,1596535,19,,,1,29,,1596530,19,,,1,70,,1596534,19,,,1,29,,1596531,19,,,1,99,,1596532,19,,,1,101,,1596533,19,,,1,100,,1596506,19,,,1,100,,1596536,19,,,1
1102,'20261018',548,,1596538,19,,,1,100,,1596539,19,,,1,100,,1596540,19,,,1,70,,1596541,19,,,1,30,,1596542,19,,,1,71,,1596543,19,,,1,30,,1596544,19,,,1,70,,1596545,19,,,1,30,,1596546,19,,,1,70,,1596547,19,,,1,30,,1596548,19,,,1,70,,1596549,19,,,1,29,,1596550,19,,,1,72,,1596551,19,,,1,28,,1596552,19,,,1,70,,1596553,19,,,1,29,,1596554,19,,,1,74,,1596555,19,,,1,27,,1596556,19,,,1,72,,1596557,19,,,1,30,,1596558,19,,,1,71,,1596559,19,,,1,30,,1596560,19,,,1,70,,1596561,19,,,1,29,,1596563,19,,,1,70,,1596562,19,,,1,29,,1596564,19,,,1,99,,1596565,19,,,1,101,,1596566,19,,,1,100,,1596567,19,,,1,100,,1596537,19,,,1
1102,'20261019',618,,1596573,19,,,1,16,,1596577,19,,,1,12,,1596582,19,,,1,8,,1596575,19,,,1,50,,1596571,19,,,1,11,,1596574,19,,,1,10,,1596569,19,,,1,11,,1596568,19,,,1,11,,1596570,19,,,1,57,,1596572,19,,,1,13,,1596583,19,,,1,16,,1596576,19,,,1,17,,1596578,19,,,1,71,,1596580,19,,,1,30,,1596579,19,,,1,69,,1596581,19,,,1,30,,1596603,19,,,1,70,,1596588,19,,,1,30,,1596600,19,,,1,71,,1596605,19,,,1,30,,1596587,19,,,1,70,,1596591,19,,,1,30,,1596601,19,,,1,69,,1596602,19,,,1,29,,1596594,19,,,1,54,,1596604,19,,,1,14,,1596597,19,,,1,14,,1596584,19,,,1,15,,1596606,19,,,1,56,,1596585,19,,,1,14,,1596589,19,,,1,17,,1596607,19,,,1,15,,1596586,19,,,1,70,,1596595,19,,,1,31,,1596599,19,,,1,71,,1596590,19,,,1,29,,1596609,19,,,1,69,,1596598,19,,,1,29,,1596592,19,,,1,99,,1596596,19,,,1,99,,1596608,19,,,1,100,,1596593,19,,,1,100,,1596610,19,,,1
1102,'20261020',618,,1596616,19,,,1,16,,1596620,19,,,1,12,,1596625,19,,,1,8,,1596618,19,,,1,50,,1596614,19,,,1,11,,1596617,19,,,1,10,,1596612,19,,,1,11,,1596611,19,,,1,11,,1596613,19,,,1,57,,1596615,19,,,1,13,,1596626,19,,,1,16,,1596619,19,,,1,17,,1596621,19,,,1,71,,1596623,19,,,1,30,,1596622,19,,,1,69,,1596624,19,,,1,30,,1596646,19,,,1,70,,1596631,19,,,1,30,,1596643,19,,,1,71,,1596648,19,,,1,30,,1596630,19,,,1,70,,1596634,19,,,1,30,,1596644,19,,,1,69,,1596645,19,,,1,29,,1596637,19,,,1,54,,1596647,19,,,1,14,,1596640,19,,,1,14,,1596627,19,,,1,15,,1596649,19,,,1,56,,1596628,19,,,1,14,,1596632,19,,,1,17,,1596650,19,,,1,15,,1596629,19,,,1,70,,1596638,19,,,1,31,,1596642,19,,,1,71,,1596633,19,,,1,29,,1596652,19,,,1,69,,1596641,19,,,1,29,,1596635,19,,,1,99,,1596639,19,,,1,99,,1596651,19,,,1,100,,1596636,19,,,1,100,,1596653,19,,,1
