7100,'20261006',623,,1605088,31,,,0,20,,1605089,31,,,0,59,,1605090,31,,,0,16,,1605091,31,,,0,20,,1605092,31,,,0,21,,1605093,31,,,0,63,,1605094,31,,,0,18,,1605095,31,,,0,61,,1605096,31,,,0,25,,1605097,31,,,0,19,,1605098,31,,,0,57,,1605099,31,,,0,20,,1605100,31,,,0,17,,1605101,31,,,0,19,,1605102,31,,,0,65,,1605103,31,,,0,21,,1605104,31,,,0,60,,1605105,31,,,0,20,,1605106,31,,,0,17,,1605107,31,,,0,59,,1605108,31,,,0,22,,1605109,31,,,0,21,,1605110,31,,,0,60,,1605111,31,,,0,20,,1605112,31,,,0,19,,1605113,31,,,0,62,,1605114,31,,,0,19,,1605115,31,,,0,19,,1605116,31,,,0,17,,1605117,31,,,0,60,,1605118,31,,,0,21,,1605119,31,,,0,62,,1605120,31,,,0,25,,1605121,31,,,0,23,,1605122,31,,,0,61,,1605123,31,,,0,21,,1605124,31,,,0,20,,1605125,31,,,0,61,,1605126,31,,,0,30,,1605127,31,,,0,70,,1605128,31,,,0,30,,1605129,31,,,0,70,,1605130,31,,,0,30,,1605131,31,,,0,70,,1605132,31,,,0,30,,1605133,31,,,0,71,,1605134,31,,,0
7100,'20261007',623,,1605135,31,,,0,20,,1605136,31,,,0,59,,1605137,31,,,0,16,,1605138,31,,,0,20,,1605139,31,,,0,21,,1605140,31,,,0,63,,1605141,31,,,0,18,,1605142,31,,,0,61,,1605143,31,,,0,25,,1605144,31,,,0,19,,1605145,31,,,0,57,,1605146,31,,,0,20,,1605147,31,,,0,17,,1605148,31,,,0,19,,1605149,31,,,0,65,,1605150,31,,,0,21,,1605151,31,,,0,60,,1605152,31,,,0,20,,1605153,31,,,0,17,,1605154,31,,,0,59,,1605155,31,,,0,22,,1605156,31,,,0,21,,1605157,31,,,0,60,,1605158,31,,,0,20,,1605159,31,,,0,19,,1605160,31,,,0,62,,1605161,31,,,0,19,,1605162,31,,,0,19,,1605163,31,,,0,17,,1605164,31,,,0,60,,1605165,31,,,0,21,,1605166,31,,,0,62,,1605167,31,,,0,25,,1605168,31,,,0,23,,1605169,31,,,0,61,,1605170,31,,,0,21,,1605171,31,,,0,20,,1605172,31,,,0,61,,1605173,31,,,0,30,,1605174,31,,,0,70,,1605175,31,,,0,30,,1605176,31,,,0,70,,1605177,31,,,0,30,,1605178,31,,,0,70,,1605179,31,,,0,30,,1605180,31,,,0,71,,1605181,31,,,0
7100,'20261008',623,,1605182,31,,,0,20,,1605183,31,,,0,59,,1605184,31,,,0,16,,1605185,31,,,0,20,,1605186,31,,,0,21,,1605187,31,,,0,63,,1605188,31,,,0,18,,1605189,31,,,0,61,,1605190,31,,,0,25,,1605191,31,,,0,19,,1605192,31,,,0,57,,1605193,31,,,0,20,,1605194,31,,,0,17,,1605195,31,,,0,19,,1605196,31,,,0,65,,1605197,31,,,0,21,,1605198,31,,,0,60,,1605199,31,,,0,20,,1605200,31,,,0,17,,1605201,31,,,0,59,,1605202,31,,,0,22,,1605203,31,,,0,21,,1605204,31,,,0,60,,1605205,31,,,0,20,,1605206,31,,,0,19,,1605207,31,,,0,62,,1605208,31,,,0,19,,1605209,31,,,0,19,,1605210,31,,,0,17,,1605211,31,,,0,60,,1605212,31,,,0,21,,1605213,31,,,0,62,,1605214,31,,,0,25,,1605215,31,,,0,23,,1605216,31,,,0,61,,1605217,31,,,0,21,,1605218,31,,,0,20,,1605219,31,,,0,61,,1605220,31,,,0,30,,1605221,31,,,0,70,,1605222,31,,,0,30,,1605223,31,,,0,70,,1605224,31,,,0,30,,1605225,31,,,0,70,,1605226,31,,,0,30,,1605227,31,,,0,71,,1605228,31,,,0
7100,'20261009',623,,1605229,31,,,0,20,,1605230,31,,,0,59,,1605231,31,,,0,16,,1605232,31,,,0,20,,1605233,31,,,0,21,,1605234,31,,,0,63,,1605235,31,,,0,18,,1605236,31,,,0,61,,1605237,31,,,0,25,,1605238,31,,,0,19,,1605239,31,,,0,57,,1605240,31,,,0,20,,1605241,31,,,0,17,,1605242,31,,,0,19,,1605243,31,,,0,65,,1605244,31,,,0,21,,1605245,31,,,0,60,,1605246,31,,,0,20,,1605247,31,,,0,17,,1605248,31,,,0,59,,1605249,31,,,0,22,,1605250,31,,,0,21,,1605251,31,,,0,60,,1605252,31,,,0,20,,1605253,31,,,0,19,,1605254,31,,,0,62,,1605255,31,,,0,19,,1605256,31,,,0,19,,1605257,31,,,0,17,,1605258,31,,,0,60,,1605259,31,,,0,21,,1605260,31,,,0,62,,1605261,31,,,0,25,,1605262,31,,,0,23,,1605263,31,,,0,61,,1605264,31,,,0,21,,1605265,31,,,0,20,,1605266,31,,,0,61,,1605267,31,,,0,30,,1605268,31,,,0,70,,1605269,31,,,0,30,,1605270,31,,,0,70,,1605271,31,,,0,30,,1605272,31,,,0,70,,1605273,31,,,0,30,,1605274,31,,,0,71,,1605275,31,,,0
7100,'20261010',717,,1548342,31,,,0,30,,1548343,31,,,0,70,,1548344,31,,,0,30,,1548345,31,,,0,71,,1548346,31,,,0,28,,1548347,31,,,0,70,,1548348,31,,,0,30,,1548349,31,,,0,69,,1548350,31,,,0,29,,1548351,31,,,0,71,,1548352,31,,,0,30,,1548354,31,,,0,70,,1548355,31,,,0,29,,1548356,31,,,0,73,,1548353,31,,,0,28,,1548357,31,,,0,70,,1548358,31,,,0,28,,1548359,31,,,0,72,,1548360,31,,,0,29,,1548361,31,,,0,71,,1548362,31,,,0,30,,1548363,31,,,0,70,,1548364,31,,,0,30,,1548365,31,,,0,70,,1548366,31,,,0,30,,1548367,31,,,0,70,,1548368,31,,,0,32,,1548369,31,,,0,70,,1548370,31,,,0,29,,1548371,31,,,0,71,,1548372,31,,,0,30,,1548373,31,,,0,70,,1548374,31,,,0
7100,'20261011',717,,1548375,31,,,0,30,,1548376,31,,,0,70,,1548377,31,,,0,30,,1548378,31,,,0,71,,1548379,31,,,0,28,,1548380,31,,,0,70,,1548381,31,,,0,30,,1548383,31,,,0,69,,1548384,31,,,0,29,,1548385,31,,,0,71,,1548382,31,,,0,30,,1548386,31,,,0,70,,1548387,31,,,0,29,,1548388,31,,,0,73,,1548389,31,,,0,28,,1548390,31,,,0,70,,1548391,31,,,0,28,,1548392,31,,,0,72,,1548393,31,,,0,29,,1548394,31,,,0,71,,1548395,31,,,0,30,,1548396,31,,,0,70,,1548397,31,,,0,30,,1548398,31,,,0,70,,1548399,31,,,0,30,,1548400,31,,,0,70,,1548401,31,,,0,32,,1548402,31,,,0,70,,1548403,31,,,0,29,,1548404,31,,,0,71,,1548405,31,,,0,30,,1548406,31,,,0,70,,1548407,31,,,0
7100,'20261012',717,,1548408,31,,,0,30,,1548409,31,,,0,70,,1548410,31,,,0,30,,1548411,31,,,0,71,,1548412,31,,,0,28,,1548413,31,,,0,70,,1548414,31,,,0,30,,1548416,31,,,0,69,,1548417,31,,,0,29,,1548418,31,,,0,71,,1548415,31,,,0,30,,1548419,31,,,0,70,,1548420,31,,,0,29,,1548421,31,,,0,73,,1548422,31,,,0,28,,1548423,31,,,0,70,,1548424,31,,,0,28,,1548425,31,,,0,72,,1548426,31,,,0,29,,1548427,31,,,0,71,,1548428,31,,,0,30,,1548429,31,,,0,70,,1548430,31,,,0,30,,1548431,31,,,0,70,,1548432,31,,,0,30,,1548433,31,,,0,70,,1548434,31,,,0,32,,1548435,31,,,0,70,,1548436,31,,,0,29,,1548437,31,,,0,71,,1548438,31,,,0,30,,1548439,31,,,0,70,,1548440,31,,,0
7100,'20261013',623,,1573571,31,,,0,20,,1573570,31,,,0,59,,1573525,31,,,0,16,,1573526,31,,,0,20,,1573527,31,,,0,21,,1573528,31,,,0,63,,1573529,31,,,0,18,,1573530,31,,,0,61,,1573531,31,,,0,25,,1573532,31,,,0,19,,1573533,31,,,0,57,,1573534,31,,,0,20,,1573535,31,,,0,17,,1573536,31,,,0,19,,1573537,31,,,0,65,,1573538,31,,,0,21,,1573539,31,,,0,60,,1573540,31,,,0,20,,1573541,31,,,0,17,,1573542,31,,,0,59,,1573543,31,,,0,22,,1573544,31,,,0,21,,1573545,31,,,0,60,,1573546,31,,,0,20,,1573547,31,,,0,19,,1573548,31,,,0,62,,1573549,31,,,0,19,,1573550,31,,,0,19,,1573551,31,,,0,17,,1573553,31,,,0,60,,1573554,31,,,0,21,,1573555,31,,,0,62,,1573552,31,,,0,25,,1573556,31,,,0,23,,1573557,31,,,0,61,,1573558,31,,,0,21,,1573559,31,,,0,20,,1573560,31,,,0,61,,1573561,31,,,0,30,,1573562,31,,,0,70,,1573563,31,,,0,30,,1573564,31,,,0,70,,1573565,31,,,0,30,,1573566,31,,,0,70,,1573567,31,,,0,30,,1573568,31,,,0,71,,1573569,31,,,0
7100,'20261014',623,,1573618,31,,,0,20,,1573617,31,,,0,59,,1573572,31,,,0,16,,1573573,31,,,0,20,,1573574,31,,,0,21,,1573575,31,,,0,63,,1573576,31,,,0,18,,1573577,31,,,0,61,,1573578,31,,,0,25,,1573579,31,,,0,19,,1573580,31,,,0,57,,1573581,31,,,0,20,,1573582,31,,,0,17,,1573583,31,,,0,19,,1573584,31,,,0,65,,1573585,31,,,0,21,,1573586,31,,,0,60,,1573587,31,,,0,20,,1573588,31,,,0,17,,1573589,31,,,0,59,,1573590,31,,,0,22,,1573591,31,,,0,21,,1573592,31,,,0,60,,1573593,31,,,0,20,,1573594,31,,,0,19,,1573595,31,,,0,62,,1573596,31,,,0,19,,1573597,31,,,0,19,,1573598,31,,,0,17,,1573600,31,,,0,60,,1573601,31,,,0,21,,1573602,31,,,0,62,,1573599,31,,,0,25,,1573603,31,,,0,23,,1573604,31,,,0,61,,1573605,31,,,0,21,,1573606,31,,,0,20,,1573607,31,,,0,61,,1573608,31,,,0,30,,1573609,31,,,0,70,,1573610,31,,,0,30,,1573611,31,,,0,70,,1573612,31,,,0,30,,1573613,31,,,0,70,,1573614,31,,,0,30,,1573615,31,,,0,71,,1573616,31,,,0
7100,'20261015',623,,1573665,31,,,0,20,,1573664,31,,,0,59,,1573619,31,,,0,16,,1573620,31,,,0,20,,1573621,31,,,0,21,,1573622,31,,,0,63,,1573623,31,,,0,18,,1573624,31,,,0,61,,1573625,31,,,0,25,,1573626,31,,,0,19,,1573627,31,,,0,57,,1573628,31,,,0,20,,1573629,31,,,0,17,,1573630,31,,,0,19,,1573631,31,,,0,65,,1573632,31,,,0,21,,1573633,31,,,0,60,,1573634,31,,,0,20,,1573635,31,,,0,17,,1573636,31,,,0,59,,1573637,31,,,0,22,,1573638,31,,,0,21,,1573639,31,,,0,60,,1573640,31,,,0,20,,1573641,31,,,0,19,,1573642,31,,,0,62,,1573643,31,,,0,19,,1573644,31,,,0,19,,1573645,31,,,0,17,,1573647,31,,,0,60,,1573648,31,,,0,21,,1573649,31,,,0,62,,1573646,31,,,0,25,,1573650,31,,,0,23,,1573651,31,,,0,61,,1573652,31,,,0,21,,1573653,31,,,0,20,,1573654,31,,,0,61,,1573655,31,,,0,30,,1573656,31,,,0,70,,1573657,31,,,0,30,,1573658,31,,,0,70,,1573659,31,,,0,30,,1573660,31,,,0,70,,1573661,31,,,0,30,,1573662,31,,,0,71,,1573663,31,,,0
7100,'20261016',623,,1573712,31,,,0,20,,1573711,31,,,0,59,,1573666,31,,,0,16,,1573667,31,,,0,20,,1573668,31,,,0,21,,1573669,31,,,0,63,,1573670,31,,,0,18,,1573671,31,,,0,61,,1573672,31,,,0,25,,1573673,31,,,0,19,,1573674,31,,,0,57,,1573675,31,,,0,20,,1573676,31,,,0,17,,1573677,31,,,0,19,,1573678,31,,,0,65,,1573679,31,,,0,21,,1573680,31,,,0,60,,1573681,31,,,0,20,,1573682,31,,,0,17,,1573683,31,,,0,59,,1573684,31,,,0,22,,1573685,31,,,0,21,,1573686,31,,,0,60,,1573687,31,,,0,20,,1573688,31,,,0,19,,1573689,31,,,0,62,,1573690,31,,,0,19,,1573691,31,,,0,19,,1573692,31,,,0,17,,1573694,31,,,0,60,,1573695,31,,,0,21,,1573696,31,,,0,62,,1573693,31,,,0,25,,1573697,31,,,0,23,,1573698,31,,,0,61,,1573699,31,,,0,21,,1573700,31,,,0,20,,1573701,31,,,0,61,,1573702,31,,,0,30,,1573703,31,,,0,70,,1573704,31,,,0,30,,1573705,31,,,0,70,,1573706,31,,,0,30,,1573707,31,,,0,70,,1573708,31,,,0,30,,1573709,31,,,0,71,,1573710,31,,,0
7100,'20261017',717,,1605276,31,,,0,30,,1605277,31,,,0,70,,1605278,31,,,0,30,,1605279,31,,,0,71,,1605280,31,,,0,28,,1605281,31,,,0,70,,1605282,31,,,0,30,,1605283,31,,,0,69,,1605284,31,,,0,29,,1605285,31,,,0,71,,1605286,31,,,0,30,,1605288,31,,,0,70,,1605289,31,,,0,29,,1605290,31,,,0,73,,1605287,31,,,0,28,,1605291,31,,,0,70,,1605292,31,,,0,28,,1605293,31,,,0,72,,1605294,31,,,0,29,,1605295,31,,,0,71,,1605296,31,,,0,30,,1605297,31,,,0,70,,1605298,31,,,0,30,,1605299,31,,,0,70,,1605300,31,,,0,30,,1605301,31,,,0,70,,1605302,31,,,0,32,,1605303,31,,,0,70,,1605304,31,,,0,29,,1605305,31,,,0,71,,1605306,31,,,0,30,,1605307,31,,,0,70,,1605308,31,,,0
7100,'20261018',717,,1605309,31,,,0,30,,1605310,31,,,0,70,,1605311,31,,,0,30,,1605312,31,,,0,71,,1605313,31,,,0,28,,1605314,31,,,0,70,,1605315,31,,,0,30,,1605317,31,,,0,69,,1605318,31,,,0,29,,1605319,31,,,0,71,,1605316,31,,,0,30,,1605320,31,,,0,70,,1605321,31,,,0,29,,1605322,31,,,0,73,,1605323,31,,,0,28,,1605324,31,,,0,70,,1605325,31,,,0,28,,1605326,31,,,0,72,,1605327,31,,,0,29,,1605328,31,,,0,71,,1605329,31,,,0,30,,1605330,31,,,0,70,,1605331,31,,,0,30,,1605332,31,,,0,70,,1605333,31,,,0,30,,1605334,31,,,0,70,,1605335,31,,,0,32,,1605336,31,,,0,70,,1605337,31,,,0,29,,1605338,31,,,0,71,,1605339,31,,,0,30,,1605340,31,,,0,70,,1605341,31,,,0
7100,'20261019',623,,1605388,31,,,0,20,,1605387,31,,,0,59,,1605342,31,,,0,16,,1605343,31,,,0,20,,1605344,31,,,0,21,,1605345,31,,,0,63,,1605346,31,,,0,18,,1605347,31,,,0,61,,1605348,31,,,0,25,,1605349,31,,,0,19,,1605350,31,,,0,57,,1605351,31,,,0,20,,1605352,31,,,0,17,,1605353,31,,,0,19,,1605354,31,,,0,65,,1605355,31,,,0,21,,1605356,31,,,0,60,,1605357,31,,,0,20,,1605358,31,,,0,17,,1605359,31,,,0,59,,1605360,31,,,0,22,,1605361,31,,,0,21,,1605362,31,,,0,60,,1605363,31,,,0,20,,1605364,31,,,0,19,,1605365,31,,,0,62,,1605366,31,,,0,19,,1605367,31,,,0,19,,1605368,31,,,0,17,,1605370,31,,,0,60,,1605371,31,,,0,21,,1605372,31,,,0,62,,1605369,31,,,0,25,,1605373,31,,,0,23,,1605374,31,,,0,61,,1605375,31,,,0,21,,1605376,31,,,0,20,,1605377,31,,,0,61,,1605378,31,,,0,30,,1605379,31,,,0,70,,1605380,31,,,0,30,,1605381,31,,,0,70,,1605382,31,,,0,30,,1605383,31,,,0,70,,1605384,31,,,0,30,,1605385,31,,,0,71,,1605386,31,,,0
7100,'20261020',623,,1605435,31,,,0,20,,1605434,31,,,0,59,,1605389,31,,,0,16,,1605390,31,,,0,20,,1605391,31,,,0,21,,1605392,31,,,0,63,,1605393,31,,,0,18,,1605394,31,,,0,61,,1605395,31,,,0,25,,1605396,31,,,0,19,,1605397,31,,,0,57,,1605398,31,,,0,20,,1605399,31,,,0,17,,1605400,31,,,0,19,,1605401,31,,,0,65,,1605402,31,,,0,21,,1605403,31,,,0,60,,1605404,31,,,0,20,,1605405,31,,,0,17,,1605406,31,,,0,59,,1605407,31,,,0,22,,1605408,31,,,0,21,,1605409,31,,,0,60,,1605410,31,,,0,20,,1605411,31,,,0,19,,1605412,31,,,0,62,,1605413,31,,,0,19,,1605414,31,,,0,19,,1605415,31,,,0,17,,1605417,31,,,0,60,,1605418,31,,,0,21,,1605419,31,,,0,62,,1605416,31,,,0,25,,1605420,31,,,0,23,,1605421,31,,,0,61,,1605422,31,,,0,21,,1605423,31,,,0,20,,1605424,31,,,0,61,,1605425,31,,,0,30,,1605426,31,,,0,70,,1605427,31,,,0,30,,1605428,31,,,0,70,,1605429,31,,,0,30,,1605430,31,,,0,70,,1605431,31,,,0,30,,1605432,31,,,0,71,,1605433,31,,,0
8200,'20261006',618,,1608244,17,,,0,38,,1608245,17,,,0,76,,1608246,17,,,0,72,,1608247,17,,,0,33,,1608248,17,,,0,108,,1608249,17,,,0,86,,1608250,17,,,0,100,,1608251,17,,,0,99,,1608252,17,,,0,98,,1608253,17,,,0,93,,1608254,17,,,0,98,,1608255,17,,,0,93,,1608265,17,,,0,28,,1608256,17,,,0,71,,1608257,17,,,0,31,,1608258,17,,,0,100,,1608259,17,,,0,74,,1608260,17,,,0,99,,1608261,17,,,0,102,,1608262,17,,,0,100,,1608263,17,,,0,102,,1608264,17,,,0
8200,'20261007',618,,1608267,17,,,0,38,,1608268,17,,,0,76,,1608269,17,,,0,72,,1608270,17,,,0,33,,1608271,17,,,0,108,,1608272,17,,,0,86,,1608273,17,,,0,100,,1608274,17,,,0,99,,1608275,17,,,0,98,,1608276,17,,,0,93,,1608277,17,,,0,98,,1608278,17,,,0,93,,1608266,17,,,0,28,,1608279,17,,,0,71,,1608280,17,,,0,31,,1608281,17,,,0,100,,1608282,17,,,0,74,,1608283,17,,,0,99,,1608284,17,,,0,102,,1608285,17,,,0,100,,1608286,17,,,0,102,,1608287,17,,,0
8200,'20261008',618,,1608289,17,,,0,38,,1608290,17,,,0,76,,1608291,17,,,0,72,,1608292,17,,,0,33,,1608293,17,,,0,108,,1608294,17,,,0,86,,1608295,17,,,0,100,,1608296,17,,,0,99,,1608297,17,,,0,98,,1608298,17,,,0,93,,1608299,17,,,0,98,,1608300,17,,,0,93,,1608288,17,,,0,28,,1608301,17,,,0,71,,1608302,17,,,0,31,,1608303,17,,,0,100,,1608304,17,,,0,74,,1608305,17,,,0,99,,1608306,17,,,0,102,,1608307,17,,,0,100,,1608308,17,,,0,102,,1608309,17,,,0
8200,'20261009',618,,1608311,17,,,0,38,,1608312,17,,,0,76,,1608313,17,,,0,72,,1608314,17,,,0,33,,1608315,17,,,0,108,,1608316,17,,,0,86,,1608317,17,,,0,100,,1608318,17,,,0,99,,1608319,17,,,0,98,,1608320,17,,,0,93,,1608321,17,,,0,98,,1608322,17,,,0,93,,1608310,17,,,0,28,,1608323,17,,,0,71,,1608324,17,,,0,31,,1608325,17,,,0,100,,1608326,17,,,0,74,,1608327,17,,,0,99,,1608328,17,,,0,102,,1608329,17,,,0,100,,1608330,17,,,0,102,,1608331,17,,,0
8200,'20261010',647,,1550522,17,,,0,100,,1550508,17,,,0,99,,1550512,17,,,0,100,,1550513,17,,,0,100,,1550520,17,,,0,99,,1550514,17,,,0,98,,1550509,17,,,0,100,,1550515,17,,,0,100,,1550521,17,,,0,100,,1550516,17,,,0,100,,1550524,17,,,0,101,,1550510,17,,,0,104,,1550517,17,,,0,100,,1550519,17,,,0,100,,1550523,17,,,0,100,,1550518,17,,,0,170,,1550511,17,,,0
8200,'20261011',647,,1550537,17,,,0,100,,1550538,17,,,0,99,,1550534,17,,,0,100,,1550539,17,,,0,100,,1550533,17,,,0,99,,1550535,17,,,0,98,,1550528,17,,,0,100,,1550525,17,,,0,100,,1550531,17,,,0,100,,1550532,17,,,0,100,,1550541,17,,,0,101,,1550529,17,,,0,104,,1550526,17,,,0,100,,1550536,17,,,0,100,,1550540,17,,,0,100,,1550527,17,,,0,170,,1550530,17,,,0
8200,'20261012',647,,1550554,17,,,0,100,,1550555,17,,,0,99,,1550551,17,,,0,100,,1550556,17,,,0,100,,1550550,17,,,0,99,,1550552,17,,,0,98,,1550545,17,,,0,100,,1550542,17,,,0,100,,1550548,17,,,0,100,,1550549,17,,,0,100,,1550558,17,,,0,101,,1550546,17,,,0,104,,1550543,17,,,0,100,,1550553,17,,,0,100,,1550557,17,,,0,100,,1550544,17,,,0,170,,1550547,17,,,0
8200,'20261013',618,,1576607,17,,,0,38,,1576590,17,,,0,76,,1576611,17,,,0,72,,1576597,17,,,0,33,,1576606,17,,,0,108,,1576598,17,,,0,86,,1576605,17,,,0,100,,1576599,17,,,0,99,,1576591,17,,,0,98,,1576600,17,,,0,93,,1576604,17,,,0,98,,1576601,17,,,0,93,,1576592,17,,,0,28,,1576593,17,,,0,71,,1576594,17,,,0,31,,1576595,17,,,0,100,,1576602,17,,,0,74,,1576603,17,,,0,99,,1576609,17,,,0,102,,1576608,17,,,0,100,,1576610,17,,,0,102,,1576596,17,,,0
8200,'20261014',618,,1576629,17,,,0,38,,1576612,17,,,0,76,,1576633,17,,,0,72,,1576619,17,,,0,33,,1576628,17,,,0,108,,1576620,17,,,0,86,,1576627,17,,,0,100,,1576621,17,,,0,99,,1576613,17,,,0,98,,1576622,17,,,0,93,,1576626,17,,,0,98,,1576623,17,,,0,93,,1576614,17,,,0,28,,1576615,17,,,0,71,,1576616,17,,,0,31,,1576617,17,,,0,100,,1576624,17,,,0,74,,1576625,17,,,0,99,,1576631,17,,,0,102,,1576630,17,,,0,100,,1576632,17,,,0,102,,1576618,17,,,0
8200,'20261015',618,,1576651,17,,,0,38,,1576634,17,,,0,76,,1576655,17,,,0,72,,1576641,17,,,0,33,,1576650,17,,,0,108,,1576642,17,,,0,86,,1576649,17,,,0,100,,1576643,17,,,0,99,,1576635,17,,,0,98,,1576644,17,,,0,93,,1576648,17,,,0,98,,1576645,17,,,0,93,,1576636,17,,,0,28,,1576637,17,,,0,71,,1576638,17,,,0,31,,1576639,17,,,0,100,,1576646,17,,,0,74,,1576647,17,,,0,99,,1576653,17,,,0,102,,1576652,17,,,0,100,,1576654,17,,,0,102,,1576640,17,,,0
8200,'20261016',618,,1576673,17,,,0,38,,1576656,17,,,0,76,,1576677,17,,,0,72,,1576663,17,,,0,33,,1576672,17,,,0,108,,1576664,17,,,0,86,,1576671,17,,,0,100,,1576665,17,,,0,99,,1576657,17,,,0,98,,1576666,17,,,0,93,,1576670,17,,,0,98,,1576667,17,,,0,93,,1576658,17,,,0,28,,1576659,17,,,0,71,,1576660,17,,,0,31,,1576661,17,,,0,100,,1576668,17,,,0,74,,1576669,17,,,0,99,,1576675,17,,,0,102,,1576674,17,,,0,100,,1576676,17,,,0,102,,1576662,17,,,0
8200,'20261017',647,,1608346,17,,,0,100,,1608332,17,,,0,99,,1608336,17,,,0,100,,1608337,17,,,0,100,,1608344,17,,,0,99,,1608338,17,,,0,98,,1608333,17,,,0,100,,1608339,17,,,0,100,,1608345,17,,,0,100,,1608340,17,,,0,100,,1608348,17,,,0,101,,1608334,17,,,0,104,,1608341,17,,,0,100,,1608343,17,,,0,100,,1608347,17,,,0,100,,1608342,17,,,0,170,,1608335,17,,,0
8200,'20261018',647,,1608361,17,,,0,100,,1608362,17,,,0,99,,1608358,17,,,0,100,,1608363,17,,,0,100,,1608357,17,,,0,99,,1608359,17,,,0,98,,1608352,17,,,0,100,,1608349,17,,,0,100,,1608355,17,,,0,100,,1608356,17,,,0,100,,1608365,17,,,0,101,,1608353,17,,,0,104,,1608350,17,,,0,100,,1608360,17,,,0,100,,1608364,17,,,0,100,,1608351,17,,,0,170,,1608354,17,,,0
8200,'20261019',618,,1608383,17,,,0,38,,1608366,17,,,0,76,,1608387,17,,,0,72,,1608373,17,,,0,33,,1608382,17,,,0,108,,1608374,17,,,0,86,,1608381,17,,,0,100,,1608375,17,,,0,99,,1608367,17,,,0,98,,1608376,17,,,0,93,,1608380,17,,,0,98,,1608377,17,,,0,93,,1608368,17,,,0,28,,1608369,17,,,0,71,,1608370,17,,,0,31,,1608371,17,,,0,100,,1608378,17,,,0,74,,1608379,17,,,0,99,,1608385,17,,,0,102,,1608384,17,,,0,100,,1608386,17,,,0,102,,1608372,17,,,0
8200,'20261020',618,,1608405,17,,,0,38,,1608388,17,,,0,76,,1608409,17,,,0,72,,1608395,17,,,0,33,,1608404,17,,,0,108,,1608396,17,,,0,86,,1608403,17,,,0,100,,1608397,17,,,0,99,,1608389,17,,,0,98,,1608398,17,,,0,93,,1608402,17,,,0,98,,1608399,17,,,0,93,,1608390,17,,,0,28,,1608391,17,,,0,71,,1608392,17,,,0,31,,1608393,17,,,0,100,,1608400,17,,,0,74,,1608401,17,,,0,99,,1608407,17,,,0,102,,1608406,17,,,0,100,,1608408,17,,,0,102,,1608394,17,,,0
98200,'20261009',2546,,1625340,21,,,0
98200,'20261010',2546,,1561868,21,,,0
98200,'20261016',2546,,1593534,21,,,0
98200,'20261017',2546,,1625341,21,,,0
1008200,'20261006',755,,1625364,5,,,0
1008200,'20261007',755,,1625365,5,,,0
1008200,'20261008',755,,1625366,5,,,0
1008200,'20261009',755,,1625367,5,,,0
1008200,'20261013',755,,1593564,5,,,0
1008200,'20261014',755,,1593565,5,,,0
1008200,'20261015',755,,1593566,5,,,0
1008200,'20261016',755,,1593567,5,,,0
1008200,'20261019',755,,1625368,5,,,0
1008200,'20261020',755,,1625369,5,,,0
