7601,'20261009',521,,1606830,3,,,1,89,,1606831,3,,,1,29,,1606832,3,,,1,73,,1606833,3,,,1,31,,1606834,3,,,1,75,,1606835,3,,,1,114,,1606836,3,,,1,85,,1606837,3,,,1,99,,1606838,3,,,1,33,,1606839,3,,,1,69,,1606840,3,,,1,34,,1606841,3,,,1,99,,1606842,3,,,1,83,,1606843,3,,,1,79,,1606844,3,,,1,31,,1606845,3,,,1,92,,1606846,3,,,1,83,,1606847,3,,,1,29,,1606848,3,,,1,56,,1606849,3,,,1,34,,1606850,3,,,1,96,,1606851,3,,,1,102,,1606852,3,,,1,106,,1606853,3,,,1,94,,1606854,3,,,1,109,,1606855,3,,,1
7601,'20261010',611,,1634454,3,,,1,29,,1634455,3,,,1,71,,1634456,3,,,1,29,,1634457,3,,,1,68,,1634458,3,,,1,33,,1634459,3,,,1,69,,1634460,3,,,1,92,,1634461,3,,,1,50,,1634462,3,,,1,103,,1634463,3,,,1,70,,1634464,3,,,1,33,,1634465,3,,,1,80,,1634466,3,,,1,67,,1634467,3,,,1,43,,1634468,3,,,1,99,,1634469,3,,,1,80,,1634470,3,,,1,32,,1634471,3,,,1,69,,1634472,3,,,1,73,,1634473,3,,,1,58,,1634474,3,,,1,147,,1634475,3,,,1,108,,1634476,3,,,1,100,,1634477,3,,,1,105,,1634478,3,,,1
7601,'20261011',611,,1634479,3,,,1,29,,1634480,3,,,1,71,,1634481,3,,,1,29,,1634482,3,,,1,68,,1634483,3,,,1,33,,1634484,3,,,1,69,,1634485,3,,,1,92,,1634486,3,,,1,50,,1634487,3,,,1,103,,1634488,3,,,1,70,,1634489,3,,,1,33,,1634490,3,,,1,80,,1634491,3,,,1,67,,1634492,3,,,1,43,,1634493,3,,,1,99,,1634494,3,,,1,80,,1634495,3,,,1,32,,1634496,3,,,1,69,,1634497,3,,,1,73,,1634498,3,,,1,58,,1634499,3,,,1,147,,1634500,3,,,1,108,,1634501,3,,,1,100,,1634502,3,,,1,105,,1634503,3,,,1
7601,'20261012',611,,1634504,3,,,1,29,,1634505,3,,,1,71,,1634506,3,,,1,29,,1634507,3,,,1,68,,1634508,3,,,1,33,,1634509,3,,,1,69,,1634510,3,,,1,92,,1634511,3,,,1,50,,1634512,3,,,1,103,,1634513,3,,,1,70,,1634514,3,,,1,33,,1634515,3,,,1,80,,1634516,3,,,1,67,,1634517,3,,,1,43,,1634518,3,,,1,99,,1634519,3,,,1,80,,1634520,3,,,1,32,,1634521,3,,,1,69,,1634522,3,,,1,73,,1634523,3,,,1,58,,1634524,3,,,1,147,,1634525,3,,,1,108,,1634526,3,,,1,100,,1634527,3,,,1,105,,1634528,3,,,1
7601,'20261013',521,,1575131,3,,,1,89,,1575132,3,,,1,29,,1575133,3,,,1,73,,1575134,3,,,1,31,,1575135,3,,,1,75,,1575136,3,,,1,114,,1575137,3,,,1,85,,1575138,3,,,1,99,,1575139,3,,,1,33,,1575140,3,,,1,69,,1575141,3,,,1,34,,1575142,3,,,1,99,,1575143,3,,,1,83,,1575144,3,,,1,79,,1575145,3,,,1,31,,1575146,3,,,1,92,,1575147,3,,,1,83,,1575148,3,,,1,29,,1575149,3,,,1,56,,1575150,3,,,1,34,,1575151,3,,,1,96,,1575152,3,,,1,102,,1575153,3,,,1,106,,1575154,3,,,1,94,,1575155,3,,,1,109,,1575156,3,,,1
7601,'20261014',521,,1575157,3,,,1,89,,1575158,3,,,1,29,,1575159,3,,,1,73,,1575160,3,,,1,31,,1575161,3,,,1,75,,1575162,3,,,1,114,,1575163,3,,,1,85,,1575164,3,,,1,99,,1575165,3,,,1,33,,1575166,3,,,1,69,,1575167,3,,,1,34,,1575168,3,,,1,99,,1575169,3,,,1,83,,1575170,3,,,1,79,,1575171,3,,,1,31,,1575172,3,,,1,92,,1575173,3,,,1,83,,1575174,3,,,1,29,,1575175,3,,,1,56,,1575176,3,,,1,34,,1575177,3,,,1,96,,1575178,3,,,1,102,,1575179,3,,,1,106,,1575180,3,,,1,94,,1575181,3,,,1,109,,1575182,3,,,1
7601,'20261015',521,,1575183,3,,,1,89,,1575184,3,,,1,29,,1575185,3,,,1,73,,1575186,3,,,1,31,,1575187,3,,,1,75,,1575188,3,,,1,114,,1575189,3,,,1,85,,1575190,3,,,1,99,,1575191,3,,,1,33,,1575192,3,,,1,69,,1575193,3,,,1,34,,1575194,3,,,1,99,,1575195,3,,,1,83,,1575196,3,,,1,79,,1575197,3,,,1,31,,1575198,3,,,1,92,,1575199,3,,,1,83,,1575200,3,,,1,29,,1575201,3,,,1,56,,1575202,3,,,1,34,,1575203,3,,,1,96,,1575204,3,,,1,102,,1575205,3,,,1,106,,1575206,3,,,1,94,,1575207,3,,,1,109,,1575208,3,,,1
7601,'20261016',521,,1575209,3,,,1,89,,1575210,3,,,1,29,,1575211,3,,,1,73,,1575212,3,,,1,31,,1575213,3,,,1,75,,1575214,3,,,1,114,,1575215,3,,,1,85,,1575216,3,,,1,99,,1575217,3,,,1,33,,1575218,3,,,1,69,,1575219,3,,,1,34,,1575220,3,,,1,99,,1575221,3,,,1,83,,1575222,3,,,1,79,,1575223,3,,,1,31,,1575224,3,,,1,92,,1575225,3,,,1,83,,1575226,3,,,1,29,,1575227,3,,,1,56,,1575228,3,,,1,34,,1575229,3,,,1,96,,1575230,3,,,1,102,,1575231,3,,,1,106,,1575232,3,,,1,94,,1575233,3,,,1,109,,1575234,3,,,1
7601,'20261017',611,,1606873,3,,,1,29,,1606874,3,,,1,71,,1606856,3,,,1,29,,1606875,3,,,1,68,,1606857,3,,,1,33,,1606876,3,,,1,69,,1606858,3,,,1,92,,1606859,3,,,1,50,,1606860,3,,,1,103,,1606861,3,,,1,70,,1606877,3,,,1,33,,1606862,3,,,1,80,,1606878,3,,,1,67,,1606863,3,,,1,43,,1606864,3,,,1,99,,1606865,3,,,1,80,,1606879,3,,,1,32,,1606866,3,,,1,69,,1606880,3,,,1,73,,1606867,3,,,1,58,,1606869,3,,,1,147,,1606870,3,,,1,108,,1606871,3,,,1,100,,1606868,3,,,1,105,,1606872,3,,,1
7601,'20261018',611,,1606898,3,,,1,29,,1606899,3,,,1,71,,1606897,3,,,1,29,,1606900,3,,,1,68,,1606881,3,,,1,33,,1606901,3,,,1,69,,1606882,3,,,1,92,,1606883,3,,,1,50,,1606884,3,,,1,103,,1606885,3,,,1,70,,1606902,3,,,1,33,,1606886,3,,,1,80,,1606903,3,,,1,67,,1606887,3,,,1,43,,1606888,3,,,1,99,,1606889,3,,,1,80,,1606904,3,,,1,32,,1606890,3,,,1,69,,1606905,3,,,1,73,,1606891,3,,,1,58,,1606892,3,,,1,147,,1606893,3,,,1,108,,1606894,3,,,1,100,,1606895,3,,,1,105,,1606896,3,,,1
7601,'20261019',521,,1606906,3,,,1,89,,1606907,3,,,1,29,,1606908,3,,,1,73,,1606909,3,,,1,31,,1606910,3,,,1,75,,1606911,3,,,1,114,,1606912,3,,,1,85,,1606913,3,,,1,99,,1606914,3,,,1,33,,1606915,3,,,1,69,,1606916,3,,,1,34,,1606917,3,,,1,99,,1606918,3,,,1,83,,1606919,3,,,1,79,,1606920,3,,,1,31,,1606921,3,,,1,92,,1606922,3,,,1,83,,1606923,3,,,1,29,,1606924,3,,,1,56,,1606925,3,,,1,34,,1606926,3,,,1,96,,1606927,3,,,1,102,,1606928,3,,,1,106,,1606929,3,,,1,94,,1606930,3,,,1,109,,1606931,3,,,1
7601,'20261020',521,,1606932,3,,,1,89,,1606933,3,,,1,29,,1606934,3,,,1,73,,1606935,3,,,1,31,,1606936,3,,,1,75,,1606937,3,,,1,114,,1606938,3,,,1,85,,1606939,3,,,1,99,,1606940,3,,,1,33,,1606941,3,,,1,69,,1606942,3,,,1,34,,1606943,3,,,1,99,,1606944,3,,,1,83,,1606945,3,,,1,79,,1606946,3,,,1,31,,1606947,3,,,1,92,,1606948,3,,,1,83,,1606949,3,,,1,29,,1606950,3,,,1,56,,1606951,3,,,1,34,,1606952,3,,,1,96,,1606953,3,,,1,102,,1606954,3,,,1,106,,1606955,3,,,1,94,,1606956,3,,,1,109,,1606957,3,,,1
7601,'20261021',521,,1634529,3,,,1,89,,1634530,3,,,1,29,,1634531,3,,,1,73,,1634532,3,,,1,31,,1634533,3,,,1,75,,1634534,3,,,1,114,,1634535,3,,,1,85,,1634536,3,,,1,99,,1634537,3,,,1,33,,1634538,3,,,1,69,,1634539,3,,,1,34,,1634540,3,,,1,99,,1634541,3,,,1,83,,1634542,3,,,1,79,,1634543,3,,,1,31,,1634544,3,,,1,92,,1634545,3,,,1,83,,1634546,3,,,1,29,,1634547,3,,,1,56,,1634548,3,,,1,34,,1634549,3,,,1,96,,1634550,3,,,1,102,,1634551,3,,,1,106,,1634552,3,,,1,94,,1634553,3,,,1,109,,1634554,3,,,1
7601,'20261022',521,,1634555,3,,,1,89,,1634556,3,,,1,29,,1634557,3,,,1,73,,1634558,3,,,1,31,,1634559,3,,,1,75,,1634560,3,,,1,114,,1634561,3,,,1,85,,1634562,3,,,1,99,,1634563,3,,,1,33,,1634564,3,,,1,69,,1634565,3,,,1,34,,1634566,3,,,1,99,,1634567,3,,,1,83,,1634568,3,,,1,79,,1634569,3,,,1,31,,1634570,3,,,1,92,,1634571,3,,,1,83,,1634572,3,,,1,29,,1634573,3,,,1,56,,1634574,3,,,1,34,,1634575,3,,,1,96,,1634576,3,,,1,102,,1634577,3,,,1,106,,1634578,3,,,1,94,,1634579,3,,,1,109,,1634580,3,,,1
7601,'20261023',521,,1634581,3,,,1,89,,1634582,3,,,1,29,,1634583,3,,,1,73,,1634584,3,,,1,31,,1634585,3,,,1,75,,1634586,3,,,1,114,,1634587,3,,,1,85,,1634588,3,,,1,99,,1634589,3,,,1,33,,1634590,3,,,1,69,,1634591,3,,,1,34,,1634592,3,,,1,99,,1634593,3,,,1,83,,1634594,3,,,1,79,,1634595,3,,,1,31,,1634596,3,,,1,92,,1634597,3,,,1,83,,1634598,3,,,1,29,,1634599,3,,,1,56,,1634600,3,,,1,34,,1634601,3,,,1,96,,1634602,3,,,1,102,,1634603,3,,,1,106,,1634604,3,,,1,94,,1634605,3,,,1,109,,1634606,3,,,1
8001,'20261009',558,,1607717,3,,,0,69,,1607718,3,,,0,29,,1607719,3,,,0,69,,1607720,3,,,0,30,,1607721,3,,,0,70,,1607722,3,,,0,31,,1607723,3,,,0,72,,1607724,3,,,0,30,,1607725,3,,,0,70,,1607726,3,,,0,30,,1607727,3,,,0,70,,1607728,3,,,0,29,,1607729,3,,,0,70,,1607730,3,,,0,30,,1607731,3,,,0,70,,1607732,3,,,0,30,,1607733,3,,,0,70,,1607734,3,,,0,29,,1607735,3,,,0,70,,1607736,3,,,0,28,,1607737,3,,,0,67,,1607738,3,,,0,33,,1607739,3,,,0,71,,1607740,3,,,0,32,,1607741,3,,,0,72,,1607742,3,,,0,30,,1607743,3,,,0,100,,1607744,3,,,0,100,,1607745,3,,,0,100,,1607746,3,,,0,141,,1607747,3,,,0,30,,1607748,3,,,0
8001,'20261010',600,,1635069,3,,,0,30,,1635070,3,,,0,70,,1635071,3,,,0,30,,1635072,3,,,0,70,,1635073,3,,,0,30,,1635074,3,,,0,70,,1635075,3,,,0,30,,1635076,3,,,0,29,,1635077,3,,,0,70,,1635078,3,,,0,30,,1635079,3,,,0,70,,1635080,3,,,0,29,,1635081,3,,,0,70,,1635082,3,,,0,30,,1635083,3,,,0,70,,1635084,3,,,0,30,,1635085,3,,,0,70,,1635086,3,,,0,30,,1635087,3,,,0,70,,1635088,3,,,0,30,,1635089,3,,,0,70,,1635090,3,,,0,30,,1635091,3,,,0,70,,1635092,3,,,0,31,,1635093,3,,,0,70,,1635094,3,,,0,30,,1635095,3,,,0,70,,1635096,3,,,0,100,,1635097,3,,,0,100,,1635098,3,,,0,101,,1635099,3,,,0,100,,1635100,3,,,0
8001,'20261011',600,,1635105,3,,,0,30,,1635106,3,,,0,70,,1635107,3,,,0,30,,1635108,3,,,0,70,,1635109,3,,,0,30,,1635110,3,,,0,70,,1635111,3,,,0,30,,1635112,3,,,0,29,,1635113,3,,,0,70,,1635114,3,,,0,30,,1635115,3,,,0,70,,1635116,3,,,0,29,,1635117,3,,,0,70,,1635118,3,,,0,30,,1635119,3,,,0,70,,1635120,3,,,0,30,,1635121,3,,,0,70,,1635122,3,,,0,30,,1635123,3,,,0,70,,1635124,3,,,0,30,,1635125,3,,,0,70,,1635126,3,,,0,30,,1635127,3,,,0,70,,1635128,3,,,0,31,,1635129,3,,,0,70,,1635130,3,,,0,30,,1635131,3,,,0,70,,1635132,3,,,0,100,,1635133,3,,,0,100,,1635134,3,,,0,101,,1635135,3,,,0,100,,1635136,3,,,0
8001,'20261012',600,,1635141,3,,,0,30,,1635142,3,,,0,70,,1635143,3,,,0,30,,1635144,3,,,0,70,,1635145,3,,,0,30,,1635146,3,,,0,70,,1635147,3,,,0,30,,1635148,3,,,0,29,,1635149,3,,,0,70,,1635150,3,,,0,30,,1635151,3,,,0,70,,1635152,3,,,0,29,,1635153,3,,,0,70,,1635154,3,,,0,30,,1635155,3,,,0,70,,1635156,3,,,0,30,,1635157,3,,,0,70,,1635158,3,,,0,30,,1635159,3,,,0,70,,1635160,3,,,0,30,,1635161,3,,,0,70,,1635162,3,,,0,30,,1635163,3,,,0,70,,1635164,3,,,0,31,,1635165,3,,,0,70,,1635166,3,,,0,30,,1635167,3,,,0,70,,1635168,3,,,0,100,,1635169,3,,,0,100,,1635170,3,,,0,101,,1635171,3,,,0,100,,1635172,3,,,0
8001,'20261013',558,,1576020,3,,,0,69,,1576021,3,,,0,29,,1576022,3,,,0,69,,1576023,3,,,0,30,,1576024,3,,,0,70,,1576025,3,,,0,31,,1576026,3,,,0,72,,1576027,3,,,0,30,,1576028,3,,,0,70,,1576029,3,,,0,30,,1576030,3,,,0,70,,1576031,3,,,0,29,,1576032,3,,,0,70,,1576033,3,,,0,30,,1576034,3,,,0,70,,1576035,3,,,0,30,,1576036,3,,,0,70,,1576037,3,,,0,29,,1576038,3,,,0,70,,1576039,3,,,0,28,,1576040,3,,,0,67,,1576041,3,,,0,33,,1576042,3,,,0,71,,1576043,3,,,0,32,,1576044,3,,,0,72,,1576045,3,,,0,30,,1576051,3,,,0,100,,1576052,3,,,0,100,,1576053,3,,,0,100,,1576054,3,,,0,141,,1576055,3,,,0,30,,1576050,3,,,0
8001,'20261014',558,,1576057,3,,,0,69,,1576058,3,,,0,29,,1576059,3,,,0,69,,1576060,3,,,0,30,,1576061,3,,,0,70,,1576062,3,,,0,31,,1576063,3,,,0,72,,1576064,3,,,0,30,,1576065,3,,,0,70,,1576066,3,,,0,30,,1576067,3,,,0,70,,1576068,3,,,0,29,,1576069,3,,,0,70,,1576070,3,,,0,30,,1576071,3,,,0,70,,1576072,3,,,0,30,,1576073,3,,,0,70,,1576074,3,,,0,29,,1576075,3,,,0,70,,1576076,3,,,0,28,,1576077,3,,,0,67,,1576078,3,,,0,33,,1576079,3,,,0,71,,1576080,3,,,0,32,,1576081,3,,,0,72,,1576082,3,,,0,30,,1576088,3,,,0,100,,1576089,3,,,0,100,,1576090,3,,,0,100,,1576091,3,,,0,141,,1576092,3,,,0,30,,1576087,3,,,0
8001,'20261015',558,,1576094,3,,,0,69,,1576095,3,,,0,29,,1576096,3,,,0,69,,1576097,3,,,0,30,,1576098,3,,,0,70,,1576099,3,,,0,31,,1576100,3,,,0,72,,1576101,3,,,0,30,,1576102,3,,,0,70,,1576103,3,,,0,30,,1576104,3,,,0,70,,1576105,3,,,0,29,,1576106,3,,,0,70,,1576107,3,,,0,30,,1576108,3,,,0,70,,1576109,3,,,0,30,,1576110,3,,,0,70,,1576111,3,,,0,29,,1576112,3,,,0,70,,1576113,3,,,0,28,,1576114,3,,,0,67,,1576115,3,,,0,33,,1576116,3,,,0,71,,1576117,3,,,0,32,,1576118,3,,,0,72,,1576119,3,,,0,30,,1576125,3,,,0,100,,1576126,3,,,0,100,,1576127,3,,,0,100,,1576128,3,,,0,141,,1576129,3,,,0,30,,1576124,3,,,0
8001,'20261016',558,,1576131,3,,,0,69,,1576132,3,,,0,29,,1576133,3,,,0,69,,1576134,3,,,0,30,,1576135,3,,,0,70,,1576136,3,,,0,31,,1576137,3,,,0,72,,1576138,3,,,0,30,,1576139,3,,,0,70,,1576140,3,,,0,30,,1576141,3,,,0,70,,1576142,3,,,0,29,,1576143,3,,,0,70,,1576144,3,,,0,30,,1576145,3,,,0,70,,1576146,3,,,0,30,,1576147,3,,,0,70,,1576148,3,,,0,29,,1576149,3,,,0,70,,1576150,3,,,0,28,,1576151,3,,,0,67,,1576152,3,,,0,33,,1576153,3,,,0,71,,1576154,3,,,0,32,,1576155,3,,,0,72,,1576156,3,,,0,30,,1576162,3,,,0,100,,1576163,3,,,0,100,,1576164,3,,,0,100,,1576165,3,,,0,141,,1576166,3,,,0,30,,1576161,3,,,0
8001,'20261017',600,,1607785,3,,,0,30,,1607754,3,,,0,70,,1607772,3,,,0,30,,1607755,3,,,0,70,,1607773,3,,,0,30,,1607756,3,,,0,70,,1607774,3,,,0,30,,1607757,3,,,0,29,,1607775,3,,,0,70,,1607758,3,,,0,30,,1607776,3,,,0,70,,1607759,3,,,0,29,,1607777,3,,,0,70,,1607760,3,,,0,30,,1607778,3,,,0,70,,1607761,3,,,0,30,,1607779,3,,,0,70,,1607762,3,,,0,30,,1607780,3,,,0,70,,1607763,3,,,0,30,,1607781,3,,,0,70,,1607764,3,,,0,30,,1607782,3,,,0,70,,1607765,3,,,0,31,,1607783,3,,,0,70,,1607766,3,,,0,30,,1607784,3,,,0,70,,1607767,3,,,0,100,,1607768,3,,,0,100,,1607769,3,,,0,101,,1607770,3,,,0,100,,1607771,3,,,0
8001,'20261018',600,,1607821,3,,,0,30,,1607790,3,,,0,70,,1607808,3,,,0,30,,1607791,3,,,0,70,,1607809,3,,,0,30,,1607792,3,,,0,70,,1607810,3,,,0,30,,1607793,3,,,0,29,,1607811,3,,,0,70,,1607794,3,,,0,30,,1607812,3,,,0,70,,1607795,3,,,0,29,,1607813,3,,,0,70,,1607796,3,,,0,30,,1607814,3,,,0,70,,1607797,3,,,0,30,,1607815,3,,,0,70,,1607798,3,,,0,30,,1607816,3,,,0,70,,1607799,3,,,0,30,,1607817,3,,,0,70,,1607800,3,,,0,30,,1607818,3,,,0,70,,1607801,3,,,0,31,,1607819,3,,,0,70,,1607802,3,,,0,30,,1607820,3,,,0,70,,1607803,3,,,0,100,,1607804,3,,,0,100,,1607805,3,,,0,101,,1607806,3,,,0,100,,1607807,3,,,0
8001,'20261019',558,,1607826,3,,,0,69,,1607827,3,,,0,29,,1607828,3,,,0,69,,1607829,3,,,0,30,,1607830,3,,,0,70,,1607831,3,,,0,31,,1607832,3,,,0,72,,1607833,3,,,0,30,,1607834,3,,,0,70,,1607835,3,,,0,30,,1607836,3,,,0,70,,1607837,3,,,0,29,,1607838,3,,,0,70,,1607839,3,,,0,30,,1607840,3,,,0,70,,1607841,3,,,0,30,,1607842,3,,,0,70,,1607843,3,,,0,29,,1607844,3,,,0,70,,1607845,3,,,0,28,,1607846,3,,,0,67,,1607847,3,,,0,33,,1607848,3,,,0,71,,1607849,3,,,0,32,,1607850,3,,,0,72,,1607851,3,,,0,30,,1607857,3,,,0,100,,1607858,3,,,0,100,,1607859,3,,,0,100,,1607860,3,,,0,141,,1607861,3,,,0,30,,1607856,3,,,0
8001,'20261020',558,,1607863,3,,,0,69,,1607864,3,,,0,29,,1607865,3,,,0,69,,1607866,3,,,0,30,,1607867,3,,,0,70,,1607868,3,,,0,31,,1607869,3,,,0,72,,1607870,3,,,0,30,,1607871,3,,,0,70,,1607872,3,,,0,30,,1607873,3,,,0,70,,1607874,3,,,0,29,,1607875,3,,,0,70,,1607876,3,,,0,30,,1607877,3,,,0,70,,1607878,3,,,0,30,,1607879,3,,,0,70,,1607880,3,,,0,29,,1607881,3,,,0,70,,1607882,3,,,0,28,,1607883,3,,,0,67,,1607884,3,,,0,33,,1607885,3,,,0,71,,1607886,3,,,0,32,,1607887,3,,,0,72,,1607888,3,,,0,30,,1607894,3,,,0,100,,1607895,3,,,0,100,,1607896,3,,,0,100,,1607897,3,,,0,141,,1607898,3,,,0,30,,1607893,3,,,0
8001,'20261021',558,,1635177,3,,,0,69,,1635178,3,,,0,29,,1635179,3,,,0,69,,1635180,3,,,0,30,,1635181,3,,,0,70,,1635182,3,,,0,31,,1635183,3,,,0,72,,1635184,3,,,0,30,,1635185,3,,,0,70,,1635186,3,,,0,30,,1635187,3,,,0,70,,1635188,3,,,0,29,,1635189,3,,,0,70,,1635190,3,,,0,30,,1635191,3,,,0,70,,1635192,3,,,0,30,,1635193,3,,,0,70,,1635194,3,,,0,29,,1635195,3,,,0,70,,1635196,3,,,0,28,,1635197,3,,,0,67,,1635198,3,,,0,33,,1635199,3,,,0,71,,1635200,3,,,0,32,,1635201,3,,,0,72,,1635202,3,,,0,30,,1635208,3,,,0,100,,1635209,3,,,0,100,,1635210,3,,,0,100,,1635211,3,,,0,141,,1635212,3,,,0,30,,1635207,3,,,0
8001,'20261022',558,,1635214,3,,,0,69,,1635215,3,,,0,29,,1635216,3,,,0,69,,1635217,3,,,0,30,,1635218,3,,,0,70,,1635219,3,,,0,31,,1635220,3,,,0,72,,1635221,3,,,0,30,,1635222,3,,,0,70,,1635223,3,,,0,30,,1635224,3,,,0,70,,1635225,3,,,0,29,,1635226,3,,,0,70,,1635227,3,,,0,30,,1635228,3,,,0,70,,1635229,3,,,0,30,,1635230,3,,,0,70,,1635231,3,,,0,29,,1635232,3,,,0,70,,1635233,3,,,0,28,,1635234,3,,,0,67,,1635235,3,,,0,33,,1635236,3,,,0,71,,1635237,3,,,0,32,,1635238,3,,,0,72,,1635239,3,,,0,30,,1635245,3,,,0,100,,1635246,3,,,0,100,,1635247,3,,,0,100,,1635248,3,,,0,141,,1635249,3,,,0,30,,1635244,3,,,0
8001,'20261023',558,,1635251,3,,,0,69,,1635252,3,,,0,29,,1635253,3,,,0,69,,1635254,3,,,0,30,,1635255,3,,,0,70,,1635256,3,,,0,31,,1635257,3,,,0,72,,1635258,3,,,0,30,,1635259,3,,,0,70,,1635260,3,,,0,30,,1635261,3,,,0,70,,1635262,3,,,0,29,,1635263,3,,,0,70,,1635264,3,,,0,30,,1635265,3,,,0,70,,1635266,3,,,0,30,,1635267,3,,,0,70,,1635268,3,,,0,29,,1635269,3,,,0,70,,1635270,3,,,0,28,,1635271,3,,,0,67,,1635272,3,,,0,33,,1635273,3,,,0,71,,1635274,3,,,0,32,,1635275,3,,,0,72,,1635276,3,,,0,30,,1635282,3,,,0,100,,1635283,3,,,0,100,,1635284,3,,,0,100,,1635285,3,,,0,141,,1635286,3,,,0,30,,1635281,3,,,0
