9301,'20261006',548,,1610430,12,0,31 10 1 32 13,0,10,,1610418,12,0,36 13,0,88,,1610431,12,0,31 10 1 32 13,0,55,,1610432,12,0,31 10 1 32 13,0,15,,1610433,12,0,31 10 1 32 13,0,13,,1610419,12,0,36 13,0,20,,1610434,12,0,31 10 1 32 13,0,69,,1610435,12,0,31 10 1 32 13,0,31,,1610436,12,0,31 10 1 32 13,0,10,,1610420,12,0,36 13,0,62,,1610437,12,0,31 10 1 32 13,0,99,,1610438,12,0,31 10 1 32 13,0,9,,1610421,12,0,36 13,0,89,,1610439,12,0,31 10 1 32 13,0,41,,1610422,12,0,36 13,0,59,,1610440,12,0,31 10 1 32 13,0,100,,1610441,12,0,31 10 1 32 13,0,11,,1610423,12,0,36 13,0,88,,1610442,12,0,31 10 1 32 13,0,42,,1610424,12,0,36 13,0,53,,1610443,12,0,31 10 1 32 13,0,24,,1610444,12,0,31 10 1 32 13,0,69,,1610445,12,0,31 10 1 32 13,0,24,,1610425,12,0,36 13,0,13,,1610446,12,0,31 10 1 32 13,0,77,,1610447,12,0,31 10 1 32 13,0,40,,1610426,12,0,36 13,0,59,,1610448,12,0,31 10 1 32 13,0,101,,1610449,12,0,31 10 1 32 13,0,10,,1610427,12,0,36 13,0,90,,1610450,12,0,31 10 1 32 13,0,39,,1610428,12,0,36 13,0,61,,1610451,12,0,31 10 1 32 13,0,100,,1610452,12,0,31 10 1 32 13,0
9301,'20261007',548,,1610465,12,0,31 10 1 32 13,0,10,,1610453,12,0,36 13,0,88,,1610466,12,0,31 10 1 32 13,0,55,,1610467,12,0,31 10 1 32 13,0,15,,1610468,12,0,31 10 1 32 13,0,13,,1610454,12,0,36 13,0,20,,1610469,12,0,31 10 1 32 13,0,69,,1610470,12,0,31 10 1 32 13,0,31,,1610471,12,0,31 10 1 32 13,0,10,,1610455,12,0,36 13,0,62,,1610472,12,0,31 10 1 32 13,0,99,,1610473,12,0,31 10 1 32 13,0,9,,1610456,12,0,36 13,0,89,,1610474,12,0,31 10 1 32 13,0,41,,1610457,12,0,36 13,0,59,,1610475,12,0,31 10 1 32 13,0,100,,1610476,12,0,31 10 1 32 13,0,11,,1610458,12,0,36 13,0,88,,1610477,12,0,31 10 1 32 13,0,42,,1610459,12,0,36 13,0,53,,1610478,12,0,31 10 1 32 13,0,24,,1610479,12,0,31 10 1 32 13,0,69,,1610480,12,0,31 10 1 32 13,0,24,,1610460,12,0,36 13,0,13,,1610481,12,0,31 10 1 32 13,0,77,,1610482,12,0,31 10 1 32 13,0,40,,1610461,12,0,36 13,0,59,,1610483,12,0,31 10 1 32 13,0,101,,1610484,12,0,31 10 1 32 13,0,10,,1610462,12,0,36 13,0,90,,1610485,12,0,31 10 1 32 13,0,39,,1610463,12,0,36 13,0,61,,1610486,12,0,31 10 1 32 13,0,100,,1610487,12,0,31 10 1 32 13,0
9301,'20261008',548,,1610500,12,0,31 10 1 32 13,0,10,,1610488,12,0,36 13,0,88,,1610501,12,0,31 10 1 32 13,0,55,,1610502,12,0,31 10 1 32 13,0,15,,1610503,12,0,31 10 1 32 13,0,13,,1610489,12,0,36 13,0,20,,1610504,12,0,31 10 1 32 13,0,69,,1610505,12,0,31 10 1 32 13,0,31,,1610506,12,0,31 10 1 32 13,0,10,,1610490,12,0,36 13,0,62,,1610507,12,0,31 10 1 32 13,0,99,,1610508,12,0,31 10 1 32 13,0,9,,1610491,12,0,36 13,0,89,,1610509,12,0,31 10 1 32 13,0,41,,1610492,12,0,36 13,0,59,,1610510,12,0,31 10 1 32 13,0,100,,1610511,12,0,31 10 1 32 13,0,11,,1610493,12,0,36 13,0,88,,1610512,12,0,31 10 1 32 13,0,42,,1610494,12,0,36 13,0,53,,1610513,12,0,31 10 1 32 13,0,24,,1610514,12,0,31 10 1 32 13,0,69,,1610515,12,0,31 10 1 32 13,0,24,,1610495,12,0,36 13,0,13,,1610516,12,0,31 10 1 32 13,0,77,,1610517,12,0,31 10 1 32 13,0,40,,1610496,12,0,36 13,0,59,,1610518,12,0,31 10 1 32 13,0,101,,1610519,12,0,31 10 1 32 13,0,10,,1610497,12,0,36 13,0,90,,1610520,12,0,31 10 1 32 13,0,39,,1610498,12,0,36 13,0,61,,1610521,12,0,31 10 1 32 13,0,100,,1610522,12,0,31 10 1 32 13,0
9301,'20261009',548,,1610535,12,0,31 10 1 32 13,0,10,,1610523,12,0,36 13,0,88,,1610536,12,0,31 10 1 32 13,0,55,,1610537,12,0,31 10 1 32 13,0,15,,1610538,12,0,31 10 1 32 13,0,13,,1610524,12,0,36 13,0,20,,1610539,12,0,31 10 1 32 13,0,69,,1610540,12,0,31 10 1 32 13,0,31,,1610541,12,0,31 10 1 32 13,0,10,,1610525,12,0,36 13,0,62,,1610542,12,0,31 10 1 32 13,0,99,,1610543,12,0,31 10 1 32 13,0,9,,1610526,12,0,36 13,0,89,,1610544,12,0,31 10 1 32 13,0,41,,1610527,12,0,36 13,0,59,,1610545,12,0,31 10 1 32 13,0,100,,1610546,12,0,31 10 1 32 13,0,11,,1610528,12,0,36 13,0,88,,1610547,12,0,31 10 1 32 13,0,42,,1610529,12,0,36 13,0,53,,1610548,12,0,31 10 1 32 13,0,24,,1610549,12,0,31 10 1 32 13,0,69,,1610550,12,0,31 10 1 32 13,0,24,,1610530,12,0,36 13,0,13,,1610551,12,0,31 10 1 32 13,0,77,,1610552,12,0,31 10 1 32 13,0,40,,1610531,12,0,36 13,0,59,,1610553,12,0,31 10 1 32 13,0,101,,1610554,12,0,31 10 1 32 13,0,10,,1610532,12,0,36 13,0,90,,1610555,12,0,31 10 1 32 13,0,39,,1610533,12,0,36 13,0,61,,1610556,12,0,31 10 1 32 13,0,100,,1610557,12,0,31 10 1 32 13,0
9301,'20261010',558,,1552053,12,0,36 13,0,60,,1552052,12,0,31 10 1 32 13,0,99,,1552042,12,0,31 10 1 32 13,0,12,,1552054,12,0,36 13,0,88,,1552037,12,0,31 10 1 32 13,0,42,,1552055,12,0,36 13,0,58,,1552051,12,0,31 10 1 32 13,0,100,,1552044,12,0,31 10 1 32 13,0,12,,1552056,12,0,36 13,0,88,,1552046,12,0,31 10 1 32 13,0,42,,1552057,12,0,36 13,0,58,,1552038,12,0,31 10 1 32 13,0,100,,1552047,12,0,31 10 1 32 13,0,12,,1552058,12,0,36 13,0,88,,1552045,12,0,31 10 1 32 13,0,42,,1552059,12,0,36 13,0,58,,1552048,12,0,31 10 1 32 13,0,100,,1552039,12,0,31 10 1 32 13,0,12,,1552060,12,0,36 13,0,89,,1552049,12,0,31 10 1 32 13,0,41,,1552061,12,0,36 13,0,59,,1552043,12,0,31 10 1 32 13,0,99,,1552050,12,0,31 10 1 32 13,0,12,,1552062,12,0,36 13,0,88,,1552040,12,0,31 10 1 32 13,0,41,,1552063,12,0,36 13,0,159,,1552041,12,0,31 10 1 32 13,0
9301,'20261011',558,,1552080,12,0,36 13,0,60,,1552079,12,0,31 10 1 32 13,0,99,,1552076,12,0,31 10 1 32 13,0,12,,1552081,12,0,36 13,0,88,,1552069,12,0,31 10 1 32 13,0,42,,1552082,12,0,36 13,0,58,,1552077,12,0,31 10 1 32 13,0,100,,1552064,12,0,31 10 1 32 13,0,12,,1552083,12,0,36 13,0,88,,1552072,12,0,31 10 1 32 13,0,42,,1552084,12,0,36 13,0,58,,1552065,12,0,31 10 1 32 13,0,100,,1552073,12,0,31 10 1 32 13,0,12,,1552085,12,0,36 13,0,88,,1552070,12,0,31 10 1 32 13,0,42,,1552086,12,0,36 13,0,58,,1552074,12,0,31 10 1 32 13,0,100,,1552066,12,0,31 10 1 32 13,0,12,,1552087,12,0,36 13,0,89,,1552075,12,0,31 10 1 32 13,0,41,,1552088,12,0,36 13,0,59,,1552071,12,0,31 10 1 32 13,0,99,,1552078,12,0,31 10 1 32 13,0,12,,1552089,12,0,36 13,0,88,,1552067,12,0,31 10 1 32 13,0,41,,1552090,12,0,36 13,0,159,,1552068,12,0,31 10 1 32 13,0
9301,'20261012',558,,1552107,12,0,36 13,0,60,,1552106,12,0,31 10 1 32 13,0,99,,1552103,12,0,31 10 1 32 13,0,12,,1552108,12,0,36 13,0,88,,1552096,12,0,31 10 1 32 13,0,42,,1552109,12,0,36 13,0,58,,1552104,12,0,31 10 1 32 13,0,100,,1552091,12,0,31 10 1 32 13,0,12,,1552110,12,0,36 13,0,88,,1552099,12,0,31 10 1 32 13,0,42,,1552111,12,0,36 13,0,58,,1552092,12,0,31 10 1 32 13,0,100,,1552100,12,0,31 10 1 32 13,0,12,,1552112,12,0,36 13,0,88,,1552097,12,0,31 10 1 32 13,0,42,,1552113,12,0,36 13,0,58,,1552101,12,0,31 10 1 32 13,0,100,,1552093,12,0,31 10 1 32 13,0,12,,1552114,12,0,36 13,0,89,,1552102,12,0,31 10 1 32 13,0,41,,1552115,12,0,36 13,0,59,,1552098,12,0,31 10 1 32 13,0,99,,1552105,12,0,31 10 1 32 13,0,12,,1552116,12,0,36 13,0,88,,1552094,12,0,31 10 1 32 13,0,41,,1552117,12,0,36 13,0,159,,1552095,12,0,31 10 1 32 13,0
9301,'20261013',548,,1578818,12,0,31 10 1 32 13,0,10,,1578826,12,0,36 13,0,88,,1578803,12,0,31 10 1 32 13,0,55,,1578825,12,0,31 10 1 32 13,0,15,,1578804,12,0,31 10 1 32 13,0,13,,1578827,12,0,36 13,0,20,,1578805,12,0,31 10 1 32 13,0,69,,1578806,12,0,31 10 1 32 13,0,31,,1578807,12,0,31 10 1 32 13,0,10,,1578828,12,0,36 13,0,62,,1578816,12,0,31 10 1 32 13,0,99,,1578808,12,0,31 10 1 32 13,0,9,,1578829,12,0,36 13,0,89,,1578821,12,0,31 10 1 32 13,0,41,,1578830,12,0,36 13,0,59,,1578809,12,0,31 10 1 32 13,0,100,,1578822,12,0,31 10 1 32 13,0,11,,1578831,12,0,36 13,0,88,,1578810,12,0,31 10 1 32 13,0,42,,1578832,12,0,36 13,0,53,,1578814,12,0,31 10 1 32 13,0,24,,1578823,12,0,31 10 1 32 13,0,69,,1578811,12,0,31 10 1 32 13,0,24,,1578833,12,0,36 13,0,13,,1578824,12,0,31 10 1 32 13,0,77,,1578817,12,0,31 10 1 32 13,0,40,,1578834,12,0,36 13,0,59,,1578815,12,0,31 10 1 32 13,0,101,,1578819,12,0,31 10 1 32 13,0,10,,1578835,12,0,36 13,0,90,,1578812,12,0,31 10 1 32 13,0,39,,1578836,12,0,36 13,0,61,,1578820,12,0,31 10 1 32 13,0,100,,1578813,12,0,31 10 1 32 13,0
9301,'20261014',548,,1578852,12,0,31 10 1 32 13,0,10,,1578860,12,0,36 13,0,88,,1578837,12,0,31 10 1 32 13,0,55,,1578859,12,0,31 10 1 32 13,0,15,,1578838,12,0,31 10 1 32 13,0,13,,1578861,12,0,36 13,0,20,,1578839,12,0,31 10 1 32 13,0,69,,1578840,12,0,31 10 1 32 13,0,31,,1578841,12,0,31 10 1 32 13,0,10,,1578862,12,0,36 13,0,62,,1578850,12,0,31 10 1 32 13,0,99,,1578842,12,0,31 10 1 32 13,0,9,,1578863,12,0,36 13,0,89,,1578855,12,0,31 10 1 32 13,0,41,,1578864,12,0,36 13,0,59,,1578843,12,0,31 10 1 32 13,0,100,,1578856,12,0,31 10 1 32 13,0,11,,1578865,12,0,36 13,0,88,,1578844,12,0,31 10 1 32 13,0,42,,1578866,12,0,36 13,0,53,,1578848,12,0,31 10 1 32 13,0,24,,1578857,12,0,31 10 1 32 13,0,69,,1578845,12,0,31 10 1 32 13,0,24,,1578867,12,0,36 13,0,13,,1578858,12,0,31 10 1 32 13,0,77,,1578851,12,0,31 10 1 32 13,0,40,,1578868,12,0,36 13,0,59,,1578849,12,0,31 10 1 32 13,0,101,,1578853,12,0,31 10 1 32 13,0,10,,1578869,12,0,36 13,0,90,,1578846,12,0,31 10 1 32 13,0,39,,1578870,12,0,36 13,0,61,,1578854,12,0,31 10 1 32 13,0,100,,1578847,12,0,31 10 1 32 13,0
9301,'20261015',548,,1578886,12,0,31 10 1 32 13,0,10,,1578894,12,0,36 13,0,88,,1578871,12,0,31 10 1 32 13,0,55,,1578893,12,0,31 10 1 32 13,0,15,,1578872,12,0,31 10 1 32 13,0,13,,1578895,12,0,36 13,0,20,,1578873,12,0,31 10 1 32 13,0,69,,1578874,12,0,31 10 1 32 13,0,31,,1578875,12,0,31 10 1 32 13,0,10,,1578896,12,0,36 13,0,62,,1578884,12,0,31 10 1 32 13,0,99,,1578876,12,0,31 10 1 32 13,0,9,,1578897,12,0,36 13,0,89,,1578889,12,0,31 10 1 32 13,0,41,,1578898,12,0,36 13,0,59,,1578877,12,0,31 10 1 32 13,0,100,,1578890,12,0,31 10 1 32 13,0,11,,1578899,12,0,36 13,0,88,,1578878,12,0,31 10 1 32 13,0,42,,1578900,12,0,36 13,0,53,,1578882,12,0,31 10 1 32 13,0,24,,1578891,12,0,31 10 1 32 13,0,69,,1578879,12,0,31 10 1 32 13,0,24,,1578901,12,0,36 13,0,13,,1578892,12,0,31 10 1 32 13,0,77,,1578885,12,0,31 10 1 32 13,0,40,,1578902,12,0,36 13,0,59,,1578883,12,0,31 10 1 32 13,0,101,,1578887,12,0,31 10 1 32 13,0,10,,1578903,12,0,36 13,0,90,,1578880,12,0,31 10 1 32 13,0,39,,1578904,12,0,36 13,0,61,,1578888,12,0,31 10 1 32 13,0,100,,1578881,12,0,31 10 1 32 13,0
9301,'20261016',548,,1578920,12,0,31 10 1 32 13,0,10,,1578928,12,0,36 13,0,88,,1578905,12,0,31 10 1 32 13,0,55,,1578927,12,0,31 10 1 32 13,0,15,,1578906,12,0,31 10 1 32 13,0,13,,1578929,12,0,36 13,0,20,,1578907,12,0,31 10 1 32 13,0,69,,1578908,12,0,31 10 1 32 13,0,31,,1578909,12,0,31 10 1 32 13,0,10,,1578930,12,0,36 13,0,62,,1578918,12,0,31 10 1 32 13,0,99,,1578910,12,0,31 10 1 32 13,0,9,,1578931,12,0,36 13,0,89,,1578923,12,0,31 10 1 32 13,0,41,,1578932,12,0,36 13,0,59,,1578911,12,0,31 10 1 32 13,0,100,,1578924,12,0,31 10 1 32 13,0,11,,1578933,12,0,36 13,0,88,,1578912,12,0,31 10 1 32 13,0,42,,1578934,12,0,36 13,0,53,,1578916,12,0,31 10 1 32 13,0,24,,1578925,12,0,31 10 1 32 13,0,69,,1578913,12,0,31 10 1 32 13,0,24,,1578935,12,0,36 13,0,13,,1578926,12,0,31 10 1 32 13,0,77,,1578919,12,0,31 10 1 32 13,0,40,,1578936,12,0,36 13,0,59,,1578917,12,0,31 10 1 32 13,0,101,,1578921,12,0,31 10 1 32 13,0,10,,1578937,12,0,36 13,0,90,,1578914,12,0,31 10 1 32 13,0,39,,1578938,12,0,36 13,0,61,,1578922,12,0,31 10 1 32 13,0,100,,1578915,12,0,31 10 1 32 13,0
9301,'20261017',558,,1610574,12,0,36 13,0,60,,1610573,12,0,31 10 1 32 13,0,99,,1610563,12,0,31 10 1 32 13,0,12,,1610575,12,0,36 13,0,88,,1610558,12,0,31 10 1 32 13,0,42,,1610576,12,0,36 13,0,58,,1610572,12,0,31 10 1 32 13,0,100,,1610565,12,0,31 10 1 32 13,0,12,,1610577,12,0,36 13,0,88,,1610567,12,0,31 10 1 32 13,0,42,,1610578,12,0,36 13,0,58,,1610559,12,0,31 10 1 32 13,0,100,,1610568,12,0,31 10 1 32 13,0,12,,1610579,12,0,36 13,0,88,,1610566,12,0,31 10 1 32 13,0,42,,1610580,12,0,36 13,0,58,,1610569,12,0,31 10 1 32 13,0,100,,1610560,12,0,31 10 1 32 13,0,12,,1610581,12,0,36 13,0,89,,1610570,12,0,31 10 1 32 13,0,41,,1610582,12,0,36 13,0,59,,1610564,12,0,31 10 1 32 13,0,99,,1610571,12,0,31 10 1 32 13,0,12,,1610583,12,0,36 13,0,88,,1610561,12,0,31 10 1 32 13,0,41,,1610584,12,0,36 13,0,159,,1610562,12,0,31 10 1 32 13,0
9301,'20261018',558,,1610601,12,0,36 13,0,60,,1610600,12,0,31 10 1 32 13,0,99,,1610597,12,0,31 10 1 32 13,0,12,,1610602,12,0,36 13,0,88,,1610590,12,0,31 10 1 32 13,0,42,,1610603,12,0,36 13,0,58,,1610598,12,0,31 10 1 32 13,0,100,,1610585,12,0,31 10 1 32 13,0,12,,1610604,12,0,36 13,0,88,,1610593,12,0,31 10 1 32 13,0,42,,1610605,12,0,36 13,0,58,,1610586,12,0,31 10 1 32 13,0,100,,1610594,12,0,31 10 1 32 13,0,12,,1610606,12,0,36 13,0,88,,1610591,12,0,31 10 1 32 13,0,42,,1610607,12,0,36 13,0,58,,1610595,12,0,31 10 1 32 13,0,100,,1610587,12,0,31 10 1 32 13,0,12,,1610608,12,0,36 13,0,89,,1610596,12,0,31 10 1 32 13,0,41,,1610609,12,0,36 13,0,59,,1610592,12,0,31 10 1 32 13,0,99,,1610599,12,0,31 10 1 32 13,0,12,,1610610,12,0,36 13,0,88,,1610588,12,0,31 10 1 32 13,0,41,,1610611,12,0,36 13,0,159,,1610589,12,0,31 10 1 32 13,0
9301,'20261019',548,,1610627,12,0,31 10 1 32 13,0,10,,1610635,12,0,36 13,0,88,,1610612,12,0,31 10 1 32 13,0,55,,1610634,12,0,31 10 1 32 13,0,15,,1610613,12,0,31 10 1 32 13,0,13,,1610636,12,0,36 13,0,20,,1610614,12,0,31 10 1 32 13,0,69,,1610615,12,0,31 10 1 32 13,0,31,,1610616,12,0,31 10 1 32 13,0,10,,1610637,12,0,36 13,0,62,,1610625,12,0,31 10 1 32 13,0,99,,1610617,12,0,31 10 1 32 13,0,9,,1610638,12,0,36 13,0,89,,1610630,12,0,31 10 1 32 13,0,41,,1610639,12,0,36 13,0,59,,1610618,12,0,31 10 1 32 13,0,100,,1610631,12,0,31 10 1 32 13,0,11,,1610640,12,0,36 13,0,88,,1610619,12,0,31 10 1 32 13,0,42,,1610641,12,0,36 13,0,53,,1610623,12,0,31 10 1 32 13,0,24,,1610632,12,0,31 10 1 32 13,0,69,,1610620,12,0,31 10 1 32 13,0,24,,1610642,12,0,36 13,0,13,,1610633,12,0,31 10 1 32 13,0,77,,1610626,12,0,31 10 1 32 13,0,40,,1610643,12,0,36 13,0,59,,1610624,12,0,31 10 1 32 13,0,101,,1610628,12,0,31 10 1 32 13,0,10,,1610644,12,0,36 13,0,90,,1610621,12,0,31 10 1 32 13,0,39,,1610645,12,0,36 13,0,61,,1610629,12,0,31 10 1 32 13,0,100,,1610622,12,0,31 10 1 32 13,0
9301,'20261020',548,,1610661,12,0,31 10 1 32 13,0,10,,1610669,12,0,36 13,0,88,,1610646,12,0,31 10 1 32 13,0,55,,1610668,12,0,31 10 1 32 13,0,15,,1610647,12,0,31 10 1 32 13,0,13,,1610670,12,0,36 13,0,20,,1610648,12,0,31 10 1 32 13,0,69,,1610649,12,0,31 10 1 32 13,0,31,,1610650,12,0,31 10 1 32 13,0,10,,1610671,12,0,36 13,0,62,,1610659,12,0,31 10 1 32 13,0,99,,1610651,12,0,31 10 1 32 13,0,9,,1610672,12,0,36 13,0,89,,1610664,12,0,31 10 1 32 13,0,41,,1610673,12,0,36 13,0,59,,1610652,12,0,31 10 1 32 13,0,100,,1610665,12,0,31 10 1 32 13,0,11,,1610674,12,0,36 13,0,88,,1610653,12,0,31 10 1 32 13,0,42,,1610675,12,0,36 13,0,53,,1610657,12,0,31 10 1 32 13,0,24,,1610666,12,0,31 10 1 32 13,0,69,,1610654,12,0,31 10 1 32 13,0,24,,1610676,12,0,36 13,0,13,,1610667,12,0,31 10 1 32 13,0,77,,1610660,12,0,31 10 1 32 13,0,40,,1610677,12,0,36 13,0,59,,1610658,12,0,31 10 1 32 13,0,101,,1610662,12,0,31 10 1 32 13,0,10,,1610678,12,0,36 13,0,90,,1610655,12,0,31 10 1 32 13,0,39,,1610679,12,0,36 13,0,61,,1610663,12,0,31 10 1 32 13,0,100,,1610656,12,0,31 10 1 32 13,0
28302,'20261006',626,,1612662,5,,,0,25,,1612663,5,,,0,69,,1612664,5,,,0
28302,'20261007',626,,1612665,5,,,0,25,,1612666,5,,,0,69,,1612667,5,,,0
28302,'20261008',626,,1612668,5,,,0,25,,1612669,5,,,0,69,,1612670,5,,,0
28302,'20261009',626,,1612671,5,,,0,25,,1612672,5,,,0,69,,1612673,5,,,0
28302,'20261013',626,,1580923,5,,,0,25,,1580921,5,,,0,69,,1580922,5,,,0
28302,'20261014',626,,1580926,5,,,0,25,,1580924,5,,,0,69,,1580925,5,,,0
28302,'20261015',626,,1580929,5,,,0,25,,1580927,5,,,0,69,,1580928,5,,,0
28302,'20261016',626,,1580932,5,,,0,25,,1580930,5,,,0,69,,1580931,5,,,0
28302,'20261019',626,,1612676,5,,,0,25,,1612674,5,,,0,69,,1612675,5,,,0
28302,'20261020',626,,1612679,5,,,0,25,,1612677,5,,,0,69,,1612678,5,,,0
