38201,'20261002',623,,1582008,22,,,0,12,,1582009,22,,,0,13,,1582010,22,,,0,10,,1582011,22,,,0,68,,1582012,22,,,0,175,,1582007,22,,,0,2,,1582013,22,,,0,200,,1582014,22,,,0
38201,'20261005',623,,1582016,22,,,0,12,,1582017,22,,,0,13,,1582018,22,,,0,10,,1582019,22,,,0,68,,1582020,22,,,0,175,,1582015,22,,,0,2,,1582021,22,,,0,200,,1582022,22,,,0
38201,'20261006',623,,1528748,22,,,0,12,,1528752,22,,,0,13,,1528751,22,,,0,10,,1528749,22,,,0,68,,1528753,22,,,0,177,,1528750,22,,,0,200,,1528747,22,,,0
38201,'20261007',623,,1528755,22,,,0,12,,1528759,22,,,0,13,,1528758,22,,,0,10,,1528756,22,,,0,68,,1528760,22,,,0,177,,1528757,22,,,0,200,,1528754,22,,,0
38201,'20261008',623,,1528762,22,,,0,12,,1528766,22,,,0,13,,1528765,22,,,0,10,,1528763,22,,,0,68,,1528767,22,,,0,177,,1528764,22,,,0,200,,1528761,22,,,0
38201,'20261009',623,,1528769,22,,,0,12,,1528773,22,,,0,13,,1528772,22,,,0,10,,1528770,22,,,0,68,,1528774,22,,,0,177,,1528771,22,,,0,200,,1528768,22,,,0
38201,'20261013',623,,1582024,22,,,0,12,,1582028,22,,,0,13,,1582027,22,,,0,10,,1582025,22,,,0,68,,1582029,22,,,0,177,,1582026,22,,,0,200,,1582023,22,,,0
38201,'20261014',623,,1582031,22,,,0,12,,1582035,22,,,0,13,,1582034,22,,,0,10,,1582032,22,,,0,68,,1582036,22,,,0,177,,1582033,22,,,0,200,,1582030,22,,,0
38201,'20261015',623,,1582038,22,,,0,12,,1582042,22,,,0,13,,1582041,22,,,0,10,,1582039,22,,,0,68,,1582043,22,,,0,177,,1582040,22,,,0,200,,1582037,22,,,0
38201,'20261016',623,,1582045,22,,,0,12,,1582049,22,,,0,13,,1582048,22,,,0,10,,1582046,22,,,0,68,,1582050,22,,,0,177,,1582047,22,,,0,200,,1582044,22,,,0
58201,'20261002',626,,1582732,22,,,0,12,,1582733,22,,,0,21,,1582734,22,,,0,54,,1582735,22,,,0,14,,1582736,22,,,0
58201,'20261005',626,,1582737,22,,,0,12,,1582738,22,,,0,21,,1582739,22,,,0,54,,1582740,22,,,0,14,,1582741,22,,,0
58201,'20261006',626,,1529468,22,,,0,12,,1529466,22,,,0,21,,1529469,22,,,0,54,,1529467,22,,,0,14,,1529470,22,,,0
58201,'20261007',626,,1529473,22,,,0,12,,1529471,22,,,0,21,,1529474,22,,,0,54,,1529472,22,,,0,14,,1529475,22,,,0
58201,'20261008',626,,1529478,22,,,0,12,,1529476,22,,,0,21,,1529479,22,,,0,54,,1529477,22,,,0,14,,1529480,22,,,0
58201,'20261009',626,,1529483,22,,,0,12,,1529481,22,,,0,21,,1529484,22,,,0,54,,1529482,22,,,0,14,,1529485,22,,,0
58201,'20261013',626,,1582744,22,,,0,12,,1582742,22,,,0,21,,1582745,22,,,0,54,,1582743,22,,,0,14,,1582746,22,,,0
58201,'20261014',626,,1582749,22,,,0,12,,1582747,22,,,0,21,,1582750,22,,,0,54,,1582748,22,,,0,14,,1582751,22,,,0
58201,'20261015',626,,1582754,22,,,0,12,,1582752,22,,,0,21,,1582755,22,,,0,54,,1582753,22,,,0,14,,1582756,22,,,0
58201,'20261016',626,,1582759,22,,,0,12,,1582757,22,,,0,21,,1582760,22,,,0,54,,1582758,22,,,0,14,,1582761,22,,,0
