37200,'20261009',1235,,1613564,13,4,,0,407,,1613565,13,4,,0,104,,1613566,13,4,,0,95,,1613567,13,4,,0
37200,'20261013',1235,,1581799,13,4,,0,407,,1581800,13,4,,0,104,,1581801,13,4,,0,95,,1581802,13,4,,0
37200,'20261014',1235,,1581803,13,4,,0,407,,1581804,13,4,,0,104,,1581805,13,4,,0,95,,1581806,13,4,,0
37200,'20261015',1235,,1581807,13,4,,0,407,,1581808,13,4,,0,104,,1581809,13,4,,0,95,,1581810,13,4,,0
37200,'20261016',1235,,1581811,13,4,,0,407,,1581812,13,4,,0,104,,1581813,13,4,,0,95,,1581814,13,4,,0
37200,'20261019',1235,,1613568,13,4,,0,407,,1613569,13,4,,0,104,,1613570,13,4,,0,95,,1613571,13,4,,0
37200,'20261020',1235,,1613572,13,4,,0,407,,1613573,13,4,,0,104,,1613574,13,4,,0,95,,1613575,13,4,,0
37200,'20261021',1235,,1638750,13,4,,0,407,,1638751,13,4,,0,104,,1638752,13,4,,0,95,,1638753,13,4,,0
37200,'20261022',1235,,1638754,13,4,,0,407,,1638755,13,4,,0,104,,1638756,13,4,,0,95,,1638757,13,4,,0
37200,'20261023',1235,,1638758,13,4,,0,407,,1638759,13,4,,0,104,,1638760,13,4,,0,95,,1638761,13,4,,0
57200,'20261009',1603,,1614310,11,4,,0,44,,1614311,11,4,,0,80,,1614312,11,4,,0,23,,1614313,11,4,,0
57200,'20261013',1603,,1582551,11,4,,0,44,,1582548,11,4,,0,80,,1582549,11,4,,0,23,,1582550,11,4,,0
57200,'20261014',1603,,1582555,11,4,,0,44,,1582552,11,4,,0,80,,1582553,11,4,,0,23,,1582554,11,4,,0
57200,'20261015',1603,,1582559,11,4,,0,44,,1582556,11,4,,0,80,,1582557,11,4,,0,23,,1582558,11,4,,0
57200,'20261016',1603,,1582563,11,4,,0,44,,1582560,11,4,,0,80,,1582561,11,4,,0,23,,1582562,11,4,,0
57200,'20261019',1603,,1614317,11,4,,0,44,,1614314,11,4,,0,80,,1614315,11,4,,0,23,,1614316,11,4,,0
57200,'20261020',1603,,1614321,11,4,,0,44,,1614318,11,4,,0,80,,1614319,11,4,,0,23,,1614320,11,4,,0
57200,'20261021',1603,,1639130,11,4,,0,44,,1639127,11,4,,0,80,,1639128,11,4,,0,23,,1639129,11,4,,0
57200,'20261022',1603,,1639134,11,4,,0,44,,1639131,11,4,,0,80,,1639132,11,4,,0,23,,1639133,11,4,,0
57200,'20261023',1603,,1639138,11,4,,0,44,,1639135,11,4,,0,80,,1639136,11,4,,0,23,,1639137,11,4,,0
